<?xml version="1.0" encoding="UTF-8" standalone="no"?>
<svg
   xmlns:dc="http://purl.org/dc/elements/1.1/"
   xmlns:cc="http://creativecommons.org/ns#"
   xmlns:rdf="http://www.w3.org/1999/02/22-rdf-syntax-ns#"
   xmlns:svg="http://www.w3.org/2000/svg"
   xmlns="http://www.w3.org/2000/svg"
   xmlns:sodipodi="http://sodipodi.sourceforge.net/DTD/sodipodi-0.dtd"
   xmlns:inkscape="http://www.inkscape.org/namespaces/inkscape"
   version="1.0"
   width="888.000000pt"
   height="522.000000pt"
   viewBox="0 0 888.000000 522.000000"
   preserveAspectRatio="xMidYMid meet"
   id="svg2"
   inkscape:version="0.48.4 r9939"
   sodipodi:docname="q9.svg">
  <defs
     id="defs588" />
  <sodipodi:namedview
     pagecolor="#ffffff"
     bordercolor="#666666"
     borderopacity="1"
     objecttolerance="10"
     gridtolerance="10"
     guidetolerance="10"
     inkscape:pageopacity="0"
     inkscape:pageshadow="2"
     inkscape:window-width="1600"
     inkscape:window-height="824"
     id="namedview586"
     showgrid="false"
     inkscape:zoom="0.72337165"
     inkscape:cx="220.14109"
     inkscape:cy="358.61866"
     inkscape:window-x="0"
     inkscape:window-y="24"
     inkscape:window-maximized="1"
     inkscape:current-layer="svg2" />
  <metadata
     id="metadata4">
Created by potrace 1.10, written by Peter Selinger 2001-2011
<rdf:RDF>
  <cc:Work
     rdf:about="">
    <dc:format>image/svg+xml</dc:format>
    <dc:type
       rdf:resource="http://purl.org/dc/dcmitype/StillImage" />
  </cc:Work>
</rdf:RDF>
</metadata>
  <g
     transform="translate(0.000000,522.000000) scale(0.100000,-0.100000)"
     fill="#000000"
     stroke="none"
     id="g6">
    <path
       d="M1030 5120 c-74 -4 -322 -8 -550 -9 -228 -1 -416 -4 -418 -6 -5 -5 -4 -2262 0 -2467 2 -75 7 -129 13 -130 6 -2 11 13 13 32 2 19 10 42 18 51 8 9 18 33 21 53 5 32 3 36 -16 36 -14 0 -21 6 -21 19 0 16 8 20 37 23 30 2 38 8 43 28 4 18 15 27 35 31 46 9 128 -2 150 -20 42 -35 101 -69 131 -75 22 -5 38 -19 59 -51 15 -25 32 -45 36 -45 10 0 66 -85 108 -164 l31 -60 -22 -23 c-28 -30 -46 -29 -54 2 -4 15 -13 25 -25 25 -15 0 -17 -5 -13 -30 6 -25 3 -30 -19 -35 -27 -7 -40 -26 -31 -48 3 -8 -2 -20 -11 -27 -16 -13 -21 -80 -6 -80 5 0 12 17 16 37 13 68 74 123 137 123 33 0 41 5 64 40 20 30 33 40 54 40 15 0 37 9 49 19 12 10 43 22 69 26 26 4 54 12 62 19 28 24 62 25 113 4 27 -12 53 -31 58 -42 5 -12 13 -28 18 -36 33 -54 47 -98 38 -126 -10 -32 -114 -144 -134 -144 -6 0 -17 8 -22 18 -10 16 -11 15 -17 -5 -7 -26 -35 -37 -65 -28 -13 4 -27 1 -39 -10 -11 -10 -28 -15 -39 -12 -25 6 -38 -3 -46 -34 -5 -19 5 -48 40 -115 45 -86 47 -93 52 -194 4 -89 1 -115 -16 -169 -12 -35 -21 -70 -21 -78 0 -27 -59 -41 -137 -32 -40 4 -78 11 -84 14 -5 4 -23 2 -38 -4 -33 -14 -81 0 -81 24 0 8 -7 15 -15 15 -16 0 -35 -30 -35 -56 0 -10 -20 -38 -45 -64 -25 -25 -63 -63 -85 -85 -22 -23 -40 -48 -40 -57 0 -8 -7 -21 -15 -28 -19 -16 -19 -44 0 -60 8 -7 15 -17 15 -23 0 -6 10 -21 21 -34 44 -46 44 -193 0 -234 -12 -11 -21 -32 -21 -49 0 -16 -4 -32 -10 -35 -15 -9 -90 14 -90 29 0 25 -65 86 -92 86 -23 0 -27 5 -33 41 -4 22 -13 43 -21 46 -20 8 -17 31 10 77 13 23 31 66 40 97 20 67 10 103 -31 121 -38 17 -43 26 -43 79 0 55 15 71 59 63 19 -4 31 -2 31 4 0 13 -28 42 -40 42 -5 0 -7 14 -3 30 3 18 1 30 -5 30 -6 0 -17 7 -25 15 -21 20 -22 555 -1 600 12 28 12 54 -2 133 -6 28 -3 34 16 39 16 4 20 11 16 27 -3 11 -6 28 -6 37 0 18 -40 33 -52 21 -5 -5 -9 -462 -9 -1017 -1 -952 0 -1010 17 -1022 13 -10 52 -11 159 -7 116 5 152 3 203 -11 50 -14 70 -15 105 -6 25 6 101 11 171 12 101 1 132 -3 151 -15 22 -14 96 -17 597 -22 315 -3 618 -7 673 -9 55 -2 111 -2 125 1 24 5 24 6 6 20 -22 16 -64 18 -85 5 -10 -6 -27 -3 -52 9 -33 17 -37 24 -43 72 -4 29 -14 74 -22 99 -12 36 -13 55 -5 85 7 25 7 53 1 79 -5 22 -10 55 -10 73 0 33 -1 33 -37 30 -37 -3 -38 -2 -41 33 -2 23 2 40 12 49 15 12 24 100 10 100 -3 0 -14 -10 -24 -22 -23 -28 -35 -19 -92 68 -22 35 -49 66 -59 69 -25 8 -69 63 -69 86 0 13 -12 25 -34 34 -18 8 -36 23 -38 33 -4 13 -18 21 -47 26 -46 7 -51 17 -18 39 36 26 5 39 -76 32 -70 -5 -107 5 -107 29 0 9 20 16 57 20 31 4 62 11 68 16 8 6 27 4 54 -7 33 -13 47 -14 61 -5 10 6 21 8 24 5 11 -12 6 -46 -10 -64 -24 -26 -10 -39 26 -26 32 12 86 89 75 107 -3 6 -28 10 -54 10 -31 0 -53 5 -61 15 -12 14 -15 14 -36 0 -38 -25 -54 -19 -54 19 0 57 -13 63 -146 59 -139 -3 -160 4 -124 41 28 31 56 33 65 6 6 -19 8 -18 54 7 l48 27 32 -26 c17 -15 37 -25 44 -22 7 2 22 -4 32 -16 11 -12 31 -20 51 -20 24 0 34 -5 39 -21 6 -17 12 -19 38 -13 50 10 54 17 17 29 -45 15 -48 31 -11 52 34 20 42 53 13 53 -10 0 -22 -4 -28 -9 -5 -5 -19 -12 -31 -15 -18 -6 -20 -4 -16 14 5 20 -12 29 -19 9 -2 -6 -34 -13 -72 -16 -67 -6 -68 -6 -64 18 3 21 9 24 56 27 43 3 52 6 52 21 0 26 -23 32 -84 25 -34 -4 -56 -13 -67 -27 -16 -20 -17 -20 -53 9 -20 16 -36 37 -36 48 0 17 8 18 103 15 85 -3 102 -2 102 11 0 11 -13 15 -54 15 -50 0 -55 2 -61 25 -5 22 -11 25 -53 25 -52 0 -58 11 -24 43 12 11 28 28 35 36 23 29 60 19 108 -29 28 -29 53 -45 68 -45 14 0 31 -9 40 -21 l15 -22 30 30 c18 19 31 43 33 64 2 28 8 35 28 37 49 6 54 11 36 30 -20 23 -21 51 -1 58 21 9 19 22 -6 29 -17 6 -20 13 -17 41 4 36 -8 47 -19 17 -3 -10 -19 -30 -35 -45 -25 -24 -28 -33 -28 -95 0 -37 -4 -74 -8 -81 -12 -19 -55 0 -97 43 -33 32 -41 35 -94 35 -43 0 -71 -7 -107 -26 -74 -38 -81 -50 -79 -138 2 -65 6 -79 29 -107 36 -42 31 -63 -17 -67 -20 -2 -37 -7 -37 -13 0 -5 -15 -26 -33 -46 -18 -21 -40 -55 -50 -75 -15 -34 -20 -38 -54 -38 -21 0 -47 7 -57 15 -11 8 -31 15 -45 15 -14 0 -31 4 -37 8 -34 22 -45 111 -19 146 20 27 21 220 1 258 -8 14 -17 46 -21 70 -4 24 -14 51 -22 60 -14 15 -11 19 38 42 29 15 58 26 65 26 31 0 125 54 146 83 12 18 36 46 54 64 53 53 51 166 -4 216 -11 10 -23 29 -26 42 -3 13 -22 33 -42 46 -31 19 -44 21 -107 16 -85 -8 -181 -39 -185 -61 -4 -19 -88 -33 -111 -19 -9 6 -18 24 -21 41 -3 21 -16 38 -39 54 -20 13 -38 36 -42 52 -9 32 -91 116 -114 116 -22 0 -18 28 5 40 21 12 25 50 12 123 -10 54 -23 42 -26 -25 -1 -31 -8 -64 -15 -72 -21 -25 -63 -19 -104 15 -27 22 -52 33 -85 37 -26 2 -55 11 -64 20 -16 13 -20 13 -45 -3 -16 -10 -32 -24 -36 -32 -5 -7 -25 -13 -47 -13 -34 0 -41 4 -46 25 -3 14 -3 41 0 60 6 32 10 35 41 35 31 0 65 21 65 40 0 4 13 13 29 20 20 8 31 21 35 41 5 26 9 29 45 29 31 0 41 4 46 20 3 11 15 24 25 30 14 8 17 18 13 49 -5 40 7 60 52 87 18 10 18 12 -7 35 -39 36 -97 69 -121 69 -23 0 -54 17 -97 55 -14 12 -46 30 -73 39 -35 13 -49 24 -55 44 -4 15 -6 146 -6 292 1 146 2 502 3 792 1 408 4 529 14 535 6 4 266 9 577 9 311 1 597 3 635 4 39 2 304 0 590 -3 286 -4 526 -3 533 2 26 16 -118 22 -658 26 -300 3 -558 6 -575 8 -16 2 -91 1 -165 -3z m463 -3681 c9 -5 17 -14 17 -18 0 -13 -128 -33 -186 -29 -45 3 -49 5 -52 30 l-3 27 103 0 c57 -1 111 -5 121 -10z m-639 -65 c10 -25 7 -32 -14 -39 -12 -4 -29 -16 -40 -27 -15 -17 -35 -21 -124 -25 -72 -4 -110 -2 -119 6 -11 8 -23 8 -50 -4 -20 -8 -39 -19 -42 -25 -7 -11 -25 -4 -25 9 0 15 80 91 95 91 8 0 15 -9 15 -19 0 -28 20 -31 56 -10 28 17 33 17 44 4 17 -21 53 -19 97 5 21 11 43 20 49 20 6 0 17 7 24 15 16 19 26 19 34 -1z m221 -26 c22 -20 -12 -43 -75 -52 -76 -10 -113 2 -108 37 2 17 12 23 38 28 44 7 132 -1 145 -13z"
       id="path8" />
    <path
       d="M3105 5100 c-3 -5 -3 -15 1 -21 4 -8 -12 -9 -57 -5 -35 3 -77 5 -94 4 -16 -1 -56 -1 -87 0 -149 4 -388 -7 -388 -17 0 -10 99 -21 204 -22 126 -1 184 -12 204 -38 9 -13 28 -36 41 -53 20 -25 26 -46 31 -119 4 -49 9 -91 12 -94 3 -3 9 51 13 119 6 103 11 130 27 151 11 14 27 25 36 25 25 0 114 59 107 70 -8 13 -42 13 -50 0z"
       id="path10" />
    <path
       d="M8680 4975 c0 -20 6 -25 35 -31 20 -3 35 -12 35 -20 0 -8 9 -14 20 -14 23 0 27 25 5 34 -8 3 -20 17 -25 31 -7 19 -17 25 -40 25 -25 0 -30 -4 -30 -25z"
       id="path12" />
    <path
       d="M8810 4873 c0 -15 5 -35 10 -43 7 -11 10 -6 10 22 0 20 -4 40 -10 43 -6 4 -10 -6 -10 -22z"
       id="path48" />
    <path
       d="M8836 4754 c-3 -9 -6 -36 -6 -61 0 -37 3 -44 16 -39 9 3 20 6 25 6 5 0 9 25 9 55 0 47 -3 55 -19 55 -10 0 -22 -7 -25 -16z"
       id="path74" />
    <path
       d="M8812 4379 c-6 -30 -13 -124 -16 -210 -3 -85 -10 -169 -16 -185 -6 -15 -11 -62 -10 -104 1 -119 -11 -922 -17 -1060 -3 -91 -10 -140 -25 -182 -25 -70 -22 -176 5 -206 12 -14 17 -36 17 -86 0 -81 -20 -115 -89 -149 -45 -21 -53 -22 -301 -19 -401 6 -1048 -1 -1168 -13 -81 -7 -137 9 -152 44 -12 28 -96 91 -122 91 -8 0 -42 14 -75 31 -52 26 -72 31 -149 33 -97 3 -133 -4 -209 -40 -27 -13 -63 -27 -79 -30 -16 -4 -45 -23 -66 -44 -20 -20 -45 -40 -56 -44 -10 -4 -109 -7 -219 -5 -446 7 -955 3 -965 -7 -29 -29 -58 -376 -32 -393 5 -3 13 -17 17 -31 4 -13 16 -36 27 -50 20 -27 16 -60 -7 -60 -8 0 -17 9 -20 20 -4 11 -15 20 -27 20 -11 0 -34 11 -50 25 -31 27 -53 28 -53 5 0 -17 47 -46 135 -83 8 -4 24 -13 35 -21 14 -10 27 -11 43 -5 27 10 29 35 2 49 -11 6 -20 19 -20 29 0 10 -7 24 -15 31 -8 7 -15 22 -15 33 0 11 -8 29 -17 40 -15 16 -18 40 -19 149 -1 100 2 131 12 135 8 3 19 22 25 43 10 34 16 39 48 44 20 4 253 4 518 2 504 -4 500 -3 523 -47 9 -16 1 -41 -29 -99 -4 -8 -26 -19 -47 -23 -63 -14 -104 -38 -111 -66 -14 -50 -7 -111 16 -142 l22 -29 -26 -34 c-24 -31 -30 -33 -102 -40 -42 -3 -102 -6 -135 -6 -32 0 -75 -7 -95 -15 -19 -8 -48 -15 -64 -15 -18 0 -32 -7 -39 -19 -5 -11 -24 -22 -40 -26 -56 -12 -74 -69 -52 -165 6 -26 19 -51 32 -60 12 -8 36 -27 55 -43 32 -26 36 -27 159 -28 74 0 128 -4 132 -10 3 -6 -4 -20 -16 -31 -21 -20 -22 -28 -17 -100 4 -61 10 -84 29 -108 12 -16 33 -43 46 -60 13 -16 32 -30 43 -30 11 0 30 -11 43 -25 13 -14 26 -25 29 -25 4 0 45 -18 92 -41 66 -32 85 -46 85 -62 0 -11 5 -46 12 -77 10 -53 10 -60 -15 -112 -14 -30 -33 -61 -42 -68 -9 -7 -23 -29 -30 -48 -14 -31 -17 -33 -47 -27 -18 4 -43 16 -55 27 -20 19 -27 20 -75 10 l-53 -11 -32 36 c-18 20 -38 51 -44 70 -14 43 -87 80 -120 62 -11 -5 -34 -9 -52 -7 l-32 3 -6 105 c-7 120 -20 162 -70 216 -19 22 -41 48 -49 60 -8 12 -37 33 -65 46 -50 25 -50 26 -95 8 -24 -9 -46 -23 -48 -31 -2 -8 -10 -28 -18 -46 -8 -17 -14 -34 -14 -37 0 -16 84 -116 96 -116 25 0 15 -30 -13 -41 -79 -31 -117 -57 -219 -147 -12 -10 -28 -21 -36 -24 -8 -3 -20 -24 -27 -46 -12 -36 -12 -45 3 -75 9 -19 16 -39 16 -45 0 -18 32 -36 73 -41 37 -5 42 -9 42 -31 l0 -25 -205 -5 c-113 -3 -215 -2 -227 2 -13 4 -35 32 -55 68 -30 55 -36 60 -60 56 -14 -3 -31 0 -36 7 -12 15 -14 137 -2 137 31 0 200 217 200 256 0 15 7 51 17 80 15 49 15 55 0 87 -10 21 -17 60 -17 99 0 51 -4 67 -20 81 -11 9 -20 25 -20 35 0 10 -10 28 -23 39 -12 11 -31 33 -42 47 -32 43 -81 86 -98 86 -6 0 -18 6 -26 14 -18 15 -138 29 -146 16 -8 -12 52 -30 101 -30 37 0 45 -4 64 -34 11 -19 36 -43 54 -54 33 -20 44 -32 91 -105 32 -49 50 -219 35 -324 -5 -37 -10 -71 -10 -74 0 -4 -20 -13 -45 -20 -43 -13 -44 -14 -47 -59 -3 -39 -6 -45 -28 -48 -33 -5 -50 -20 -50 -44 0 -10 -6 -20 -12 -22 -7 -2 -30 -9 -51 -15 -20 -7 -79 -12 -130 -10 -50 1 -120 2 -154 3 -58 1 -63 3 -85 36 -13 19 -34 37 -48 40 -16 4 -26 16 -32 38 -6 24 -14 32 -31 32 -32 0 -40 9 -66 75 -13 33 -32 69 -42 80 -22 25 -38 94 -28 120 4 11 8 32 8 46 1 15 7 32 15 38 8 7 17 30 21 52 4 21 11 39 16 39 5 0 15 15 23 33 7 17 30 48 50 66 20 19 36 41 36 48 0 8 12 18 27 24 16 6 35 16 43 24 8 7 47 16 85 20 85 8 115 15 115 25 0 16 -29 18 -111 8 -46 -6 -91 -17 -100 -24 -8 -8 -23 -14 -32 -14 -8 0 -28 -20 -44 -45 -15 -24 -34 -44 -41 -45 -22 0 -61 -53 -62 -83 0 -19 -7 -31 -25 -39 -19 -8 -25 -19 -25 -41 0 -17 -8 -39 -17 -49 -23 -25 -21 -187 2 -204 8 -6 15 -24 15 -40 0 -16 8 -40 18 -54 9 -13 26 -42 37 -65 11 -22 29 -44 40 -50 61 -30 118 -106 96 -128 -6 -6 -11 -25 -11 -41 0 -31 -7 -41 -113 -145 l-45 -44 -235 2 -236 1 -28 -41 c-62 -92 -38 -85 -307 -83 -131 1 -248 -1 -260 -5 -38 -15 55 -21 349 -24 49 -1 571 2 640 3 152 2 724 -1 900 -6 131 -3 294 -1 380 6 83 6 224 13 315 16 91 3 172 6 180 6 8 0 29 0 45 -1 17 -1 149 -2 295 -2 533 -2 1284 -23 1323 -38 28 -11 40 -57 35 -140 -2 -24 2 -45 7 -47 7 -3 10 103 10 304 l0 308 25 31 c34 42 73 46 429 41 229 -2 285 -6 289 -17 2 -7 13 -21 23 -29 18 -15 19 -35 19 -324 0 -267 2 -308 15 -308 13 0 15 41 15 305 0 262 -2 306 -15 311 -8 4 -15 15 -15 25 0 12 -10 23 -25 29 -14 5 -25 13 -25 17 0 5 -10 13 -21 18 l-21 10 -2 640 c-1 496 -4 645 -14 662 -11 20 -10 24 13 39 31 20 177 26 245 9 72 -18 299 -2 374 26 86 32 119 67 123 132 2 29 5 59 6 67 1 8 -11 55 -28 103 l-29 89 18 69 c10 39 20 107 23 152 3 45 12 94 19 109 19 37 18 112 -1 128 -19 16 -19 51 0 76 20 26 20 172 0 248 -15 56 -14 60 3 76 18 17 19 47 25 511 3 272 2 498 -3 503 -4 4 -13 -16 -18 -45z m-2157 -2099 c-3 -5 -13 -10 -21 -10 -8 0 -14 5 -14 10 0 6 9 10 21 10 11 0 17 -4 14 -10z m135 1 c0 -11 -26 -22 -34 -14 -12 12 -5 23 14 23 11 0 20 -4 20 -9z m-354 -96 c-17 -13 -32 -34 -52 -73 -3 -7 1 -21 10 -31 9 -10 18 -31 19 -47 2 -28 0 -29 -50 -32 -48 -3 -56 0 -90 32 l-38 35 34 33 c18 18 37 43 42 56 6 14 29 32 61 47 47 20 55 21 68 8 13 -13 13 -16 -4 -28z m433 19 c12 -10 13 -20 5 -41 -8 -23 -16 -28 -38 -26 -55 4 -87 59 -48 82 20 13 61 5 81 -15z m-331 -94 c-4 -18 -36 -26 -50 -12 -6 6 -4 19 8 37 17 26 18 26 31 9 8 -10 12 -25 11 -34z m475 44 c8 -9 -11 -44 -23 -44 -6 0 -10 8 -10 18 0 27 18 41 33 26z m973 -34 c19 -38 37 -156 30 -193 -3 -18 -1 -58 4 -88 18 -89 14 -854 -4 -963 -8 -49 -20 -94 -26 -100 -7 -7 -105 -12 -293 -14 -155 -2 -316 -5 -357 -8 -43 -3 -87 -1 -103 5 -27 11 -27 11 -21 83 3 40 13 96 21 125 14 49 14 54 -3 87 -11 19 -41 58 -67 86 -40 41 -55 50 -83 50 -46 0 -43 15 11 73 45 49 58 87 30 87 -9 0 -18 -7 -21 -15 -14 -35 -69 -55 -152 -55 -44 0 -84 5 -87 10 -12 19 59 80 132 115 17 8 35 25 39 37 3 13 23 39 43 59 44 44 80 102 88 143 3 17 14 47 25 66 26 49 26 244 1 280 -31 43 -62 120 -56 135 4 11 15 14 39 10 82 -12 107 -13 239 -2 77 7 234 12 350 12 l209 0 12 -25z m-1070 -62 c-3 -13 -6 -29 -6 -35 0 -7 -4 -13 -10 -13 -5 0 -10 16 -10 35 0 26 4 35 16 35 12 0 15 -6 10 -22z m200 -54 c27 -33 23 -164 -5 -164 -5 0 -23 16 -40 35 -26 30 -31 44 -31 89 0 29 3 56 6 59 10 10 57 -3 70 -19z m-491 -24 c-3 -5 -13 -10 -21 -10 -8 0 -12 5 -9 10 3 6 13 10 21 10 8 0 12 -4 9 -10z m180 -9 c38 -5 51 -10 53 -25 2 -10 -3 -23 -13 -28 -13 -8 -15 -19 -9 -64 6 -50 5 -54 -15 -54 -11 0 -21 4 -21 9 0 22 -42 23 -65 1 -34 -32 -69 -24 -73 17 -2 20 -11 37 -23 43 -21 12 -26 40 -6 40 7 0 31 18 52 40 26 27 45 38 55 34 8 -4 37 -10 65 -13z m-658 -13 c26 -33 22 -61 -12 -95 -38 -38 -59 -36 -74 9 -10 28 -8 33 23 64 37 37 48 41 63 22z m127 -17 c20 -22 11 -51 -15 -51 -15 0 -19 7 -19 35 0 39 9 44 34 16z m714 -27 c-5 -28 -28 -29 -28 -1 0 13 3 27 7 31 10 10 25 -10 21 -30z m-428 6 c0 -21 -34 -45 -51 -35 -6 4 -1 16 13 30 29 29 38 30 38 5z m-310 -95 c10 -12 8 -18 -11 -35 -34 -28 -62 -27 -53 3 14 47 41 60 64 32z m94 -66 c32 -25 33 -46 4 -60 -13 -5 -34 -16 -48 -24 -50 -29 -83 -14 -74 33 4 21 17 38 38 51 40 25 48 25 80 0z m776 -19 c0 -16 -4 -30 -10 -30 -11 0 -14 43 -3 53 11 12 13 8 13 -23z m-633 -17 c11 -27 -80 -103 -123 -103 -27 0 -34 -4 -34 -20 0 -15 -7 -20 -27 -20 -16 0 -34 4 -42 9 -11 7 -10 11 7 20 11 6 29 11 40 11 11 0 22 9 25 20 3 14 14 20 31 20 16 0 29 7 33 18 8 21 53 61 71 62 7 0 16 -8 19 -17z m-347 -29 c0 -14 -12 -19 -23 -8 -9 9 4 35 14 28 5 -3 9 -12 9 -20z m600 -9 c0 -16 -35 -21 -44 -6 -8 12 4 21 26 21 10 0 18 -7 18 -15z m-737 -28 c52 -2 70 -8 117 -40 30 -20 60 -37 66 -37 6 0 19 -9 29 -20 10 -11 23 -20 29 -20 6 -1 29 -16 50 -34 l39 -34 -21 -36 c-26 -44 -27 -59 -7 -76 8 -7 15 -21 15 -32 0 -10 11 -29 25 -42 30 -28 32 -42 4 -49 -11 -3 -23 -15 -26 -26 -3 -12 -9 -21 -14 -21 -17 0 -31 -43 -39 -123 -7 -76 -6 -83 17 -120 28 -45 20 -59 -32 -55 -29 3 -30 4 -29 53 2 50 1 51 -70 117 -78 73 -126 95 -126 59 0 -11 15 -34 34 -52 19 -17 40 -44 46 -59 10 -23 19 -30 48 -32 25 -2 37 -8 37 -18 0 -23 -50 -25 -73 -2 -10 10 -31 22 -47 26 -43 11 -133 102 -145 147 -6 21 -15 41 -20 44 -13 8 -13 102 0 107 6 2 14 29 17 61 l6 57 -42 0 c-23 0 -54 -6 -69 -14 -21 -10 -41 -11 -87 -5 -102 15 -128 24 -139 44 -5 11 -18 32 -28 47 -18 28 -25 98 -9 98 4 0 25 13 45 29 24 19 55 32 84 37 26 3 64 11 84 18 20 7 67 11 103 9 36 -2 93 -4 128 -6z m557 -17 c0 -11 -7 -20 -15 -20 -8 0 -15 9 -15 20 0 11 7 20 15 20 8 0 15 -9 15 -20z m313 -50 c31 -36 25 -70 -20 -116 -16 -16 -32 -36 -36 -44 -10 -28 -28 11 -23 52 2 21 0 54 -4 75 -16 67 37 88 83 33z m-465 -32 c-2 -18 -10 -23 -33 -23 -23 0 -31 5 -33 23 -3 19 1 22 33 22 32 0 36 -3 33 -22z m630 -25 c-2 -27 -8 -39 -20 -41 -15 -3 -18 4 -18 37 0 35 3 41 21 41 17 0 20 -5 17 -37z m-523 -13 c6 -10 -53 -45 -62 -37 -6 7 34 47 46 47 6 0 12 -4 16 -10z m465 -42 c-1 -19 -33 -55 -57 -62 -20 -6 -21 -5 -11 34 9 35 14 40 39 40 17 0 29 -5 29 -12z m-569 -295 c-8 -30 -36 -42 -54 -24 -13 13 18 51 44 51 14 0 16 -5 10 -27z m-58 -55 c8 -37 35 -132 42 -150 6 -15 3 -16 -27 -5 -18 7 -36 17 -40 22 -17 22 -6 155 12 155 4 0 10 -10 13 -22z m144 -30 c21 -20 24 -20 62 -4 68 27 79 11 55 -77 -6 -20 -53 -47 -82 -47 -42 0 -82 22 -88 48 -4 15 -13 37 -21 50 -8 13 -11 32 -8 43 6 17 12 19 33 14 15 -4 37 -16 49 -27z m337 -6 c3 -5 3 -25 -1 -45 -4 -27 -15 -43 -48 -66 -24 -17 -45 -41 -47 -53 -5 -35 -28 -34 -28 1 0 20 7 34 20 41 11 6 20 21 20 33 0 47 66 117 84 89z m-130 -18 c3 -9 6 -34 6 -56 0 -35 -6 -45 -47 -83 -32 -29 -57 -44 -75 -45 -22 0 -28 -5 -28 -21 0 -18 -4 -20 -27 -14 -15 3 -32 12 -37 20 -6 7 -28 16 -48 19 -32 6 -38 11 -38 33 0 20 4 24 18 18 9 -4 26 -10 37 -13 11 -3 31 -13 44 -24 29 -22 47 -23 55 -3 3 8 17 20 31 25 14 5 25 16 25 24 0 7 9 20 21 27 15 11 21 26 22 62 2 36 6 47 18 47 9 0 20 -7 23 -16z m-1286 0 c22 -5 44 -24 79 -67 100 -128 97 -119 103 -252 4 -85 10 -127 22 -145 21 -33 25 -242 4 -259 -20 -17 -105 -30 -136 -21 -15 4 -49 24 -75 45 -40 30 -54 36 -80 31 -35 -7 -53 6 -86 62 -11 18 -27 32 -38 32 -22 0 -76 42 -92 72 -18 33 6 86 44 96 40 11 43 9 51 -29 3 -17 17 -44 31 -61 14 -16 25 -34 25 -39 0 -11 97 -59 119 -59 8 0 22 6 30 14 9 7 29 18 46 23 37 12 82 87 65 108 -16 19 -36 9 -50 -26 -16 -38 -37 -49 -94 -49 -59 0 -76 8 -76 34 0 26 26 66 43 66 7 0 21 9 30 21 11 12 25 18 33 15 9 -3 24 -2 34 4 16 9 17 14 4 74 -19 90 -70 201 -99 214 -28 13 -43 66 -25 87 13 16 39 19 88 9z m982 -199 c0 -16 -35 -21 -44 -6 -8 12 4 21 26 21 10 0 18 -7 18 -15z m80 -50 c13 -14 29 -25 37 -25 18 0 16 -17 -3 -24 -41 -16 -104 17 -104 55 0 28 41 25 70 -6z m-1095 -47 c33 -15 32 -46 -1 -58 -14 -6 -42 -24 -62 -40 -43 -35 -57 -37 -72 -10 -16 31 -1 69 39 95 40 28 58 30 96 13z m-1087 -166 c14 -18 16 -61 3 -81 -10 -15 -15 -8 -25 32 -6 24 -11 27 -46 27 -42 0 -54 9 -44 35 6 14 15 16 53 10 25 -3 52 -14 59 -23z m-64 -97 c20 -8 36 -19 36 -23 0 -5 -15 -23 -34 -41 -32 -31 -35 -32 -44 -15 -8 16 -6 94 3 94 1 0 19 -7 39 -15z m-86 -28 c5 -23 -25 -57 -49 -57 -27 0 -31 15 -12 49 20 35 55 39 61 8z"
       id="path142" />
    <path
       d="M5946 1511 c-8 -12 2 -39 26 -73 26 -38 65 -38 79 -1 6 16 17 36 26 45 8 9 12 22 8 27 -8 13 -132 15 -139 2z"
       id="path144" />
    <path
       d="M2987 4326 c-10 -25 -9 -74 2 -80 11 -7 19 56 11 80 -6 17 -7 17 -13 0z"
       id="path164" />
    <path
       d="M2985 4008 c-9 -24 -1 -103 10 -103 14 0 19 95 6 108 -7 7 -12 5 -16 -5z"
       id="path226" />
    <path
       d="M2989 3834 c0 -5 -1 -62 -1 -126 0 -88 -4 -120 -14 -129 -8 -6 -14 -18 -14 -25 0 -8 -12 -17 -27 -20 -16 -4 -37 -14 -48 -24 -11 -9 -28 -20 -37 -23 -10 -4 -18 -11 -18 -17 0 -17 39 -11 60 10 13 13 33 20 60 20 l40 0 1 -242 c0 -237 8 -325 22 -248 11 63 8 472 -4 487 -8 9 -8 25 -1 55 10 46 2 271 -10 284 -5 4 -8 3 -9 -2z"
       id="path278" />
    <path
       d="M2767 3430 c-14 -11 -35 -20 -47 -20 -27 0 -60 -17 -60 -31 0 -14 69 -2 90 16 8 7 27 15 41 19 15 3 29 13 33 21 8 22 -26 19 -57 -5z"
       id="path354" />
    <path
       d="M2395 3401 c-7 -12 12 -24 25 -16 11 7 4 25 -10 25 -5 0 -11 -4 -15 -9z"
       id="path356" />
    <path
       d="M2581 3351 c-23 -15 -3 -29 31 -22 41 8 50 31 11 31 -15 0 -34 -4 -42 -9z"
       id="path362" />
    <path
       d="M2453 3313 c-20 -8 -16 -35 5 -29 9 2 32 7 50 11 18 4 30 11 26 16 -5 9 -60 11 -81 2z"
       id="path364" />
    <path
       d="M2368 3260 c-7 -11 -22 -20 -33 -20 -11 0 -38 -5 -60 -11 -38 -11 -39 -12 -16 -20 29 -11 88 -1 99 16 4 7 22 20 40 29 38 20 40 26 7 26 -14 0 -30 -9 -37 -20z"
       id="path366" />
    <path
       d="M465 3231 c-7 -13 2 -18 50 -26 22 -4 45 -11 50 -15 22 -17 117 -32 127 -22 14 14 2 18 -60 25 -24 3 -51 12 -60 20 -21 18 -99 31 -107 18z"
       id="path368" />
    <path
       d="M2113 3193 c-29 -3 -43 -9 -43 -19 0 -15 35 -17 79 -5 26 7 42 32 19 29 -7 -1 -32 -3 -55 -5z"
       id="path378" />
    <path
       d="M738 3139 c-16 -10 2 -16 67 -23 62 -6 113 8 64 18 -40 9 -120 12 -131 5z"
       id="path400" />
    <path
       d="M1677 3144 c-8 -8 3 -107 14 -118 4 -5 11 3 14 17 7 27 14 30 108 42 69 9 49 29 -22 21 -59 -6 -73 -2 -84 27 -6 17 -19 22 -30 11z"
       id="path402" />
    <path
       d="M1887 3133 c-20 -20 -1 -25 76 -18 112 10 122 25 16 25 -47 0 -89 -3 -92 -7z"
       id="path404" />
    <path
       d="M482 3097 c-20 -24 -23 -62 -9 -117 21 -81 41 -80 33 2 -6 54 -4 68 10 82 10 10 23 14 33 10 39 -16 51 -16 51 -1 0 9 -9 21 -19 27 -27 14 -86 13 -99 -3z"
       id="path408" />
    <path
       d="M961 3101 c-25 -16 41 -22 264 -24 116 -2 216 -6 223 -11 6 -4 12 -13 12 -19 0 -13 35 -48 57 -57 6 -3 26 -27 45 -54 33 -48 58 -68 58 -47 0 5 -11 22 -25 37 -14 15 -25 31 -25 37 0 12 -27 34 -57 47 -12 5 -24 22 -28 39 -3 16 -13 35 -21 42 -17 14 -481 23 -503 10z"
       id="path410" />
    <path
       d="M606 3052 c-2 -4 11 -23 31 -42 20 -19 42 -50 50 -67 7 -18 18 -33 23 -33 16 0 70 -58 70 -75 0 -7 9 -16 20 -20 38 -12 39 -145 1 -145 -10 0 -24 -6 -30 -14 -10 -12 -18 -11 -48 10 -20 13 -42 32 -49 42 -12 16 -13 16 -20 -1 -4 -12 1 -29 15 -47 11 -16 21 -32 21 -35 0 -4 14 -20 31 -37 25 -25 33 -29 40 -17 5 8 9 16 9 19 0 3 10 10 23 15 12 6 23 20 25 33 2 12 7 22 12 22 13 0 23 38 25 93 2 54 -14 79 -121 184 -30 29 -54 56 -54 59 0 7 -57 64 -64 64 -2 0 -7 -4 -10 -8z"
       id="path420" />
    <path
       d="M1654 2846 c-8 -20 26 -65 49 -66 23 0 24 65 1 74 -26 10 -44 7 -50 -8z"
       id="path446" />
    <path
       d="M1728 2765 c-16 -29 -17 -63 -1 -69 27 -11 35 8 21 45 -8 18 -17 29 -20 24z"
       id="path480" />
    <path
       d="M2966 2607 c-7 -101 -3 -137 15 -137 5 0 8 54 7 120 -2 66 -6 120 -9 120 -4 0 -9 -46 -13 -103z"
       id="path490" />
    <path
       d="M1522 2612 c-43 -36 -44 -79 -2 -119 21 -20 30 -37 30 -60 0 -29 3 -33 28 -33 15 1 38 7 52 14 17 10 30 11 42 5 14 -7 20 -6 24 5 9 24 -2 33 -48 40 -25 4 -57 19 -76 35 -28 24 -33 34 -30 62 3 30 7 34 35 37 18 2 49 -6 72 -17 22 -12 54 -21 71 -21 23 0 30 -4 30 -20 0 -13 10 -22 33 -29 87 -27 134 -48 159 -72 25 -23 27 -30 20 -70 -7 -40 -11 -45 -52 -59 -25 -9 -49 -24 -54 -36 -5 -11 -25 -26 -45 -33 -42 -15 -149 -29 -173 -23 -15 4 -46 68 -36 77 1 1 36 7 76 11 40 5 71 14 70 19 -3 12 -111 7 -145 -6 -33 -12 -50 -2 -63 37 -18 53 -64 38 -53 -17 4 -20 13 -28 34 -33 18 -3 29 -12 29 -23 0 -29 44 -83 78 -94 18 -6 49 -8 70 -5 75 12 130 -28 87 -64 -8 -7 -15 -15 -15 -19 0 -5 103 -7 163 -2 27 2 20 17 -13 31 -18 7 -33 22 -36 36 -4 17 -13 24 -30 24 l-23 0 25 28 c14 15 42 32 62 37 27 8 38 17 40 33 2 13 13 27 26 31 38 15 49 36 39 78 -7 28 -14 37 -26 35 -14 -2 -17 6 -17 48 0 28 4 58 9 68 5 9 12 25 15 35 7 23 96 25 96 2 0 -8 3 -15 8 -16 4 0 33 -2 66 -4 38 -2 68 -10 85 -23 14 -10 37 -23 51 -27 29 -9 82 -45 93 -62 12 -19 42 -16 62 7 10 11 24 20 32 20 7 0 13 7 13 15 0 12 -13 15 -57 15 -42 0 -65 6 -83 20 -14 11 -29 20 -34 20 -4 0 -21 11 -38 25 -19 16 -42 25 -63 25 -18 0 -62 9 -97 20 -34 11 -75 20 -89 20 -33 0 -79 -39 -79 -68 0 -27 -52 -62 -92 -62 -15 0 -44 11 -64 25 -20 14 -42 25 -49 25 -7 0 -15 6 -18 14 -3 8 -21 17 -39 21 -18 4 -37 13 -43 20 -5 7 -33 15 -60 18 -44 5 -54 2 -83 -21z"
       id="path496" />
    <path
       d="M184 2499 c-3 -5 6 -9 20 -9 31 0 34 6 6 13 -11 3 -23 1 -26 -4z"
       id="path498" />
    <path
       d="M65 2461 c-9 -30 3 -49 31 -43 19 3 24 11 24 33 0 24 -4 29 -24 29 -15 0 -27 -7 -31 -19z"
       id="path500" />
    <path
       d="M315 2450 c-7 -21 0 -40 16 -40 5 0 9 14 9 30 0 34 -15 40 -25 10z"
       id="path502" />
    <path
       d="M170 2410 c-12 -8 -9 -10 13 -10 16 0 26 4 22 10 -8 12 -16 12 -35 0z"
       id="path504" />
    <path
       d="M2987 2387 c11 -57 21 -74 49 -81 16 -4 34 -16 42 -27 7 -10 20 -19 29 -19 8 0 27 -8 41 -19 20 -14 47 -19 106 -20 96 -2 92 11 -6 20 -55 5 -74 11 -87 27 -9 11 -29 24 -46 28 -16 4 -36 16 -43 26 -7 10 -20 18 -28 18 -8 0 -14 8 -14 18 0 10 -11 28 -25 40 l-24 21 6 -32z"
       id="path506" />
    <path
       d="M2487 2403 c-4 -3 -7 -19 -7 -35 0 -16 -6 -31 -15 -34 -8 -4 -15 -13 -15 -21 0 -11 7 -13 24 -9 14 3 35 2 48 -3 25 -9 58 2 58 20 0 5 -11 14 -25 19 -13 5 -31 23 -40 40 -17 32 -18 33 -28 23z"
       id="path508" />
    <path
       d="M301 2387 c-23 -14 -23 -14 20 -25 36 -9 47 -9 58 3 8 8 12 17 10 20 -13 13 -66 14 -88 2z"
       id="path510" />
    <path
       d="M2132 2350 c-32 -42 -28 -50 26 -50 83 0 130 25 60 32 -23 2 -36 10 -43 26 -13 29 -17 28 -43 -8z"
       id="path512" />
    <path
       d="M2610 2370 c0 -6 14 -13 30 -17 20 -4 36 -16 46 -34 8 -16 21 -29 29 -29 29 0 26 23 -6 56 -24 25 -41 34 -66 34 -18 0 -33 -5 -33 -10z"
       id="path514" />
    <path
       d="M2350 2283 c-14 -10 -54 -23 -89 -28 -78 -13 -95 -35 -26 -35 62 0 79 -11 100 -66 14 -37 15 -51 6 -65 -6 -10 -11 -28 -11 -39 0 -18 -19 -43 -75 -101 -9 -9 -37 -25 -63 -34 -72 -27 -73 -35 -1 -35 61 0 67 2 78 26 6 14 17 24 24 21 22 -7 19 -36 -8 -72 -22 -28 -34 -35 -61 -35 -18 0 -37 -6 -41 -14 -5 -9 -28 -16 -58 -18 -49 -3 -51 -4 -75 -51 -24 -46 -24 -49 -7 -62 11 -7 36 -16 57 -20 65 -11 73 -23 77 -110 3 -57 0 -83 -11 -100 -19 -29 -34 -155 -18 -155 15 0 32 33 32 64 0 14 9 47 19 74 14 34 19 73 19 132 0 79 2 84 28 105 25 20 28 29 26 73 -2 46 1 53 36 88 50 51 69 96 53 130 -12 27 -6 67 15 98 16 24 8 93 -13 117 -26 31 5 92 51 100 11 2 21 10 24 17 6 19 -59 15 -88 -5z"
       id="path516" />
    <path
       d="M2526 2254 c-19 -19 -21 -41 -3 -47 21 -7 37 4 37 28 0 31 -14 39 -34 19z"
       id="path518" />
    <path
       d="M381 2239 l-23 -9 24 -33 c14 -17 28 -43 33 -57 12 -43 64 -148 75 -155 23 -14 34 -61 56 -235 3 -19 7 -81 10 -137 5 -104 16 -126 35 -75 14 34 4 226 -15 279 -7 21 -14 62 -15 92 -1 42 -8 65 -31 100 -18 27 -30 58 -30 78 0 25 -9 41 -37 67 -36 33 -37 35 -20 53 9 11 17 25 17 31 0 14 -45 15 -79 1z"
       id="path520" />
    <path
       d="M179 2224 c-20 -25 -2 -47 32 -40 18 3 42 6 55 6 39 0 27 14 -26 31 -42 14 -51 15 -61 3z"
       id="path522" />
    <path
       d="M4416 2232 c-7 -12 91 -23 169 -20 40 2 57 -2 82 -21 30 -23 31 -26 32 -100 0 -63 4 -79 20 -92 11 -9 23 -28 27 -43 7 -30 170 -206 191 -206 26 0 12 22 -67 102 -44 45 -80 88 -80 95 0 8 -11 24 -25 37 -27 25 -45 95 -45 177 0 40 -4 50 -22 60 -30 16 -273 25 -282 11z"
       id="path524" />
    <path
       d="M2083 2198 c2 -8 21 -13 47 -13 26 0 45 5 48 13 2 8 -11 12 -48 12 -37 0 -50 -4 -47 -12z"
       id="path526" />
    <path
       d="M2447 2204 c-10 -11 3 -24 24 -24 10 0 19 7 19 15 0 15 -31 21 -43 9z"
       id="path528" />
    <path
       d="M3495 2200 c8 -12 411 -12 440 0 12 5 -74 9 -213 9 -153 1 -231 -2 -227 -9z"
       id="path530" />
    <path
       d="M4215 2200 c3 -5 42 -10 86 -10 46 0 79 4 79 10 0 6 -35 10 -86 10 -54 0 -83 -4 -79 -10z"
       id="path532" />
    <path
       d="M1985 2169 c-11 -16 0 -21 31 -13 25 6 26 8 9 15 -28 11 -33 10 -40 -2z"
       id="path534" />
    <path
       d="M2600 2113 c0 -3 7 -14 15 -23 14 -15 12 -19 -15 -43 -30 -27 -32 -57 -4 -57 42 0 73 87 42 118 -13 13 -38 16 -38 5z"
       id="path536" />
    <path
       d="M682 2080 c-36 -8 -85 -48 -76 -61 10 -17 43 -9 49 11 5 16 15 20 56 20 42 0 49 3 49 20 0 22 -19 24 -78 10z"
       id="path538" />
    <path
       d="M2705 2080 c-18 -7 -18 -9 10 -20 16 -6 38 -18 47 -27 19 -17 38 -10 38 16 0 37 -45 52 -95 31z"
       id="path540" />
    <path
       d="M2447 2035 c-7 -50 1 -78 35 -117 19 -21 27 -25 46 -18 31 13 28 25 -12 48 -31 18 -35 26 -41 76 -4 31 -11 56 -15 56 -4 0 -10 -20 -13 -45z"
       id="path542" />
    <path
       d="M2576 1959 c-20 -29 -20 -39 -1 -39 19 0 36 32 26 49 -6 10 -12 7 -25 -10z"
       id="path544" />
    <path
       d="M2030 1875 c0 -18 37 -38 56 -31 8 3 14 15 14 26 0 16 -6 20 -35 20 -24 0 -35 -5 -35 -15z"
       id="path546" />
    <path
       d="M2696 1754 c-3 -9 -6 -22 -6 -30 0 -16 70 -54 100 -54 28 0 25 24 -5 38 -17 8 -25 20 -25 37 0 21 -5 25 -29 25 -17 0 -31 -6 -35 -16z"
       id="path548" />
    <path
       d="M2672 1624 c-12 -8 -22 -21 -22 -29 0 -7 -9 -17 -20 -20 -22 -7 -27 -25 -7 -25 6 0 27 9 45 20 22 14 32 27 32 45 0 30 1 29 -28 9z"
       id="path550" />
    <path
       d="M2407 1523 c-8 -8 -9 -43 -2 -43 4 0 20 7 37 16 24 12 28 18 17 25 -17 10 -43 12 -52 2z"
       id="path552" />
    <path
       d="M1793 1494 c-7 -19 2 -28 22 -21 19 8 19 23 0 31 -9 3 -18 -1 -22 -10z"
       id="path554" />
    <path
       d="M4485 1449 c-16 -5 -43 -20 -59 -33 -37 -31 -30 -69 17 -91 17 -8 40 -20 49 -27 9 -7 20 -9 24 -5 9 9 -35 56 -63 67 -13 6 -23 18 -23 30 0 21 22 25 108 20 40 -2 45 26 6 40 -14 6 -26 10 -27 9 -1 0 -15 -5 -32 -10z"
       id="path556" />
    <path
       d="M2411 1425 c-2 -11 -5 -46 -7 -77 -3 -49 0 -59 16 -68 11 -6 20 -17 20 -24 0 -7 9 -25 20 -39 11 -14 20 -32 20 -39 0 -8 20 -35 43 -59 69 -69 98 -139 58 -139 -19 0 -46 24 -95 84 -16 20 -34 36 -39 36 -5 0 -30 18 -56 39 -28 24 -62 42 -86 46 -22 4 -45 12 -52 17 -7 5 -31 8 -53 7 -36 -3 -44 0 -56 21 -7 14 -13 33 -14 44 0 28 -30 0 -30 -29 0 -12 -9 -34 -20 -48 -11 -14 -20 -31 -20 -39 0 -7 -9 -31 -21 -52 -11 -21 -23 -61 -26 -88 -6 -48 -5 -50 18 -46 18 2 25 12 34 48 l11 45 82 3 c70 2 89 -1 135 -23 30 -14 58 -25 63 -25 5 0 35 -24 67 -53 63 -56 64 -57 54 -156 -6 -56 -28 -91 -57 -91 -25 0 -30 20 -30 120 0 92 -11 119 -36 85 -8 -10 -10 -26 -5 -39 4 -11 8 -79 10 -150 1 -71 5 -136 10 -144 4 -8 4 -35 -1 -60 -6 -34 -5 -49 6 -61 7 -9 16 -38 19 -65 5 -45 2 -52 -24 -77 -16 -15 -29 -30 -29 -33 0 -3 74 -6 165 -6 116 0 165 3 165 11 0 7 -9 26 -20 44 -18 29 -19 43 -13 159 7 136 14 156 58 156 13 0 27 5 30 10 3 6 14 10 23 10 24 0 82 77 82 108 0 17 -4 22 -14 19 -19 -8 -38 16 -30 37 7 19 16 20 31 5 14 -14 33 -3 33 17 0 27 -38 91 -65 108 -14 9 -38 16 -53 15 -15 -1 -35 -1 -44 -1 -17 2 -128 135 -128 154 0 6 -14 26 -31 46 -17 19 -39 54 -49 78 -10 23 -28 47 -39 53 -16 9 -21 24 -24 69 -2 31 -5 48 -6 37z m359 -510 c0 -8 -7 -15 -15 -15 -16 0 -20 12 -8 23 11 12 23 8 23 -8z"
       id="path558" />
    <path
       d="M180 1386 c0 -7 9 -21 20 -31 11 -10 20 -26 20 -35 0 -20 24 -43 33 -33 4 3 7 19 7 35 0 21 -6 31 -25 38 -14 5 -25 14 -25 19 0 5 -7 11 -15 15 -9 3 -15 0 -15 -8z"
       id="path560" />
    <path
       d="M260 1050 c0 -5 -16 -16 -35 -24 -40 -17 -43 -26 -15 -44 11 -7 20 -23 20 -37 0 -21 37 -61 48 -51 2 3 -2 30 -9 61 -10 44 -10 61 -1 76 15 23 15 29 2 29 -5 0 -10 -4 -10 -10z"
       id="path562" />
    <path
       d="M4020 970 c-13 -8 -13 -10 0 -14 8 -3 24 -6 35 -8 13 -2 22 -14 26 -33 l7 -30 1 32 c2 48 -33 76 -69 53z"
       id="path564" />
    <path
       d="M2078 943 c-20 -34 -28 -134 -12 -140 15 -5 24 29 24 89 0 26 5 50 10 53 6 3 10 10 10 16 0 18 -16 9 -32 -18z"
       id="path566" />
    <path
       d="M4316 843 c6 -39 35 -73 60 -73 22 0 17 20 -11 46 -14 13 -25 32 -25 44 0 11 -7 20 -15 20 -13 0 -15 -8 -9 -37z"
       id="path568" />
    <path
       d="M4155 852 c-6 -22 3 -52 16 -52 12 0 12 57 0 65 -5 3 -12 -3 -16 -13z"
       id="path570" />
    <path
       d="M4582 853 c-15 -26 -16 -53 -2 -53 14 0 22 24 18 52 l-3 23 -13 -22z"
       id="path572" />
    <path
       d="M4459 833 c-1 -10 0 -34 1 -53 2 -41 20 -67 20 -29 0 13 3 41 6 62 5 30 4 37 -10 37 -9 0 -16 -8 -17 -17z"
       id="path574" />
    <path
       d="M4250 762 c0 -15 38 -44 49 -37 16 9 13 32 -5 39 -22 9 -44 7 -44 -2z"
       id="path576" />
    <path
       d="M7745 461 c-3 -5 0 -13 6 -16 7 -5 10 -52 8 -139 l-2 -131 23 0 23 0 -2 140 c-1 76 -5 143 -7 147 -7 11 -42 10 -49 -1z"
       id="path578" />
    <path
       d="M8120 45 c-7 -9 -10 -18 -7 -21 10 -11 37 5 37 21 0 19 -14 19 -30 0z"
       id="path580" />
    <path
       d="M7372 38 c6 -18 28 -21 28 -4 0 9 -7 16 -16 16 -9 0 -14 -5 -12 -12z"
       id="path582" />
    <path
       d="M7413 8 c-2 -5 154 -8 348 -8 194 0 350 3 347 6 -9 8 -689 10 -695 2z"
       id="path584" />
  </g>
  <text
     xml:space="preserve"
     style="font-size:28.22148705px;font-style:normal;font-variant:normal;font-weight:normal;font-stretch:normal;text-align:start;line-height:125%;letter-spacing:0px;word-spacing:0px;text-anchor:start;fill:#000000;fill-opacity:1;stroke:none;font-family:Comic Sans MS;-inkscape-font-specification:Comic Sans MS"
     x="60.968346"
     y="45.630508"
     id="text3565"
     sodipodi:linespacing="125%"><tspan
       sodipodi:role="line"
       id="tspan3567"
       x="60.968346"
       y="45.630508">QUAL É O </tspan><tspan
       sodipodi:role="line"
       x="60.968346"
       y="80.907372"
       id="tspan3569">SEGREDO</tspan><tspan
       sodipodi:role="line"
       x="60.968346"
       y="116.18423"
       id="tspan3571">PARA UM</tspan><tspan
       sodipodi:role="line"
       x="60.968346"
       y="151.46107"
       id="tspan3573">CASAMENTO</tspan><tspan
       sodipodi:role="line"
       x="60.968346"
       y="186.73795"
       id="tspan3575">PERFEITO.</tspan></text>
  <text
     xml:space="preserve"
     style="font-size:31.75596237px;font-style:normal;font-variant:normal;font-weight:normal;font-stretch:normal;text-align:start;line-height:125%;letter-spacing:0px;word-spacing:0px;text-anchor:start;fill:#000000;fill-opacity:1;stroke:none;font-family:Comic Sans MS;-inkscape-font-specification:Comic Sans MS"
     x="338.58997"
     y="41.287426"
     id="text3577"
     sodipodi:linespacing="125%"
     transform="scale(1.0352994,0.9659042)"><tspan
       sodipodi:role="line"
       id="tspan3579"
       x="338.58997"
       y="41.287426">CASE COM UM HOMEM QUE</tspan><tspan
       sodipodi:role="line"
       x="338.58997"
       y="80.982376"
       id="tspan3581">NÃO COMA MUITO, NÃO</tspan><tspan
       sodipodi:role="line"
       x="338.58997"
       y="120.67733"
       id="tspan3583">BEBA OU JOGUE, NEM</tspan><tspan
       sodipodi:role="line"
       x="338.58997"
       y="160.37228"
       id="tspan3585">FIQUE NA RUA ATÉ TARDE</tspan><tspan
       sodipodi:role="line"
       x="338.58997"
       y="200.06723"
       id="tspan3587">OU FAÇA BAGUNÇA NA</tspan><tspan
       sodipodi:role="line"
       x="338.58997"
       y="239.76219"
       id="tspan3589">CASA. E TERÁ UM</tspan><tspan
       sodipodi:role="line"
       x="338.58997"
       y="279.45715"
       id="tspan3591">CASAMENTO PERFEITO.</tspan></text>
</svg>
