<?xml version="1.0" encoding="UTF-8" standalone="no"?>
<svg
   xmlns:dc="http://purl.org/dc/elements/1.1/"
   xmlns:cc="http://creativecommons.org/ns#"
   xmlns:rdf="http://www.w3.org/1999/02/22-rdf-syntax-ns#"
   xmlns:svg="http://www.w3.org/2000/svg"
   xmlns="http://www.w3.org/2000/svg"
   xmlns:sodipodi="http://sodipodi.sourceforge.net/DTD/sodipodi-0.dtd"
   xmlns:inkscape="http://www.inkscape.org/namespaces/inkscape"
   version="1.0"
   width="300.000000pt"
   height="269.000000pt"
   viewBox="0 0 300.000000 269.000000"
   preserveAspectRatio="xMidYMid meet"
   id="svg3415"
   inkscape:version="0.48.4 r9939"
   sodipodi:docname="9.svg">
  <defs
     id="defs3789" />
  <sodipodi:namedview
     pagecolor="#ffffff"
     bordercolor="#666666"
     borderopacity="1"
     objecttolerance="10"
     gridtolerance="10"
     guidetolerance="10"
     inkscape:pageopacity="0"
     inkscape:pageshadow="2"
     inkscape:window-width="1315"
     inkscape:window-height="744"
     id="namedview3787"
     showgrid="false"
     inkscape:zoom="1.4037175"
     inkscape:cx="342.04184"
     inkscape:cy="118.50634"
     inkscape:window-x="51"
     inkscape:window-y="24"
     inkscape:window-maximized="1"
     inkscape:current-layer="svg3415" />
  <metadata
     id="metadata3417">
Created by potrace 1.10, written by Peter Selinger 2001-2011
<rdf:RDF>
  <cc:Work
     rdf:about="">
    <dc:format>image/svg+xml</dc:format>
    <dc:type
       rdf:resource="http://purl.org/dc/dcmitype/StillImage" />
  </cc:Work>
</rdf:RDF>
</metadata>
  <g
     transform="translate(0.000000,269.000000) scale(0.100000,-0.100000)"
     fill="#000000"
     stroke="none"
     id="g3419">
    <path
       d="M1665 2620 c-282 -51 -438 -148 -411 -255 10 -38 62 -91 116 -118 l48 -24 -99 -99 c-54 -54 -99 -102 -99 -107 0 -9 82 34 223 119 l87 52 98 -21 c83 -18 129 -21 327 -20 207 1 242 3 345 26 137 30 213 57 277 100 60 41 87 79 87 122 0 91 -128 168 -364 221 -54 12 -139 17 -300 20 -191 3 -241 0 -335 -16z m595 -14 c119 -19 194 -42 273 -84 240 -125 95 -285 -315 -348 -176 -26 -479 -18 -641 17 -47 11 -48 10 -145 -45 -53 -31 -113 -66 -132 -78 -24 -14 -7 8 54 70 l89 90 -60 31 c-103 52 -141 115 -104 174 54 88 259 164 501 187 122 11 371 4 480 -14z"
       id="path3421" />
    <path
       d="M300 2549 c0 -5 5 -7 10 -4 6 3 10 8 10 11 0 2 -4 4 -10 4 -5 0 -10 -5 -10 -11z"
       id="path3471" />
    <path
       d="M815 2544 c-119 -12 -130 -15 -189 -52 -33 -20 -47 -23 -90 -18 -40 5 -57 2 -82 -13 -77 -48 -117 -149 -116 -295 1 -49 6 -94 11 -99 8 -8 11 -2 11 18 0 17 4 25 8 20 10 -11 32 -153 32 -203 0 -38 -17 -75 -30 -67 -5 3 -12 0 -15 -6 -4 -6 2 -13 14 -16 21 -5 21 -10 23 -272 1 -146 0 -291 -1 -323 -3 -61 1 -65 67 -72 25 -3 27 -6 30 -60 2 -31 8 -56 13 -56 6 0 9 18 8 41 l-3 42 92 22 92 22 2 -41 c1 -23 2 -51 2 -64 0 -19 4 -22 24 -17 44 11 102 68 142 139 59 108 122 156 204 156 50 0 53 -16 5 -24 -56 -9 -112 -33 -104 -46 3 -5 14 -10 24 -10 29 0 63 -32 52 -50 -9 -12 -12 -12 -28 0 -31 26 -65 42 -71 34 -4 -4 -2 -8 3 -10 32 -12 75 -46 75 -60 0 -13 -4 -12 -26 5 -28 22 -64 28 -64 11 0 -5 11 -10 23 -10 25 0 57 -28 57 -49 0 -7 -5 -22 -11 -33 -11 -20 -12 -20 -26 13 l-14 34 -14 -31 c-7 -17 -26 -40 -41 -52 -21 -15 -24 -21 -12 -22 9 0 28 14 42 30 l25 30 12 -22 12 -22 18 23 c10 13 26 46 34 74 8 28 25 61 36 73 28 29 19 57 -13 46 -25 -9 -79 0 -63 10 6 3 32 9 58 13 26 4 55 14 64 23 14 14 14 17 -3 29 -35 26 -108 11 -177 -36 -24 -17 -55 -56 -87 -112 -51 -88 -117 -152 -131 -126 -16 28 -13 86 4 105 16 18 17 28 6 108 -11 84 -8 169 6 207 4 10 3 17 -4 17 -6 0 -11 -12 -12 -27 -1 -26 -2 -26 -11 7 -5 19 -16 61 -25 92 -9 32 -20 55 -24 52 -4 -2 -1 -24 7 -47 18 -49 39 -184 49 -308 l7 -87 -52 -11 c-56 -12 -201 -13 -240 -2 -29 9 -30 -2 9 176 59 276 91 335 184 349 24 4 65 20 91 36 l46 30 0 -31 c0 -40 43 -83 99 -100 36 -11 50 -10 84 2 53 18 84 70 67 114 -9 24 -8 26 7 20 10 -3 53 -12 96 -19 56 -9 84 -19 102 -36 35 -33 83 -123 100 -190 9 -30 30 -99 49 -154 l33 -98 -42 -19 c-84 -37 -87 -36 -106 66 -9 50 -22 103 -28 118 -6 16 -12 54 -13 85 -1 41 -2 47 -6 22 l-4 -35 -28 60 c-16 33 -29 52 -29 42 -1 -10 8 -36 20 -58 45 -89 86 -263 95 -404 5 -88 11 -118 23 -111 4 3 4 27 0 53 -16 96 -13 107 29 121 64 22 65 22 77 -43 13 -68 51 -139 68 -128 7 4 26 6 44 4 l33 -3 0 397 0 396 -227 -5 c-283 -5 -263 -4 -263 -15 0 -6 44 -9 103 -9 57 1 108 -1 114 -5 7 -4 14 -4 17 1 6 10 213 8 223 -2 4 -3 8 -159 9 -346 2 -187 5 -344 9 -349 3 -5 -3 -17 -12 -27 -12 -11 -18 -13 -21 -5 -3 8 -8 6 -17 -5 -11 -16 -15 -13 -37 27 -14 24 -29 62 -32 84 -4 22 -9 48 -12 58 -4 11 0 17 10 17 22 0 21 8 -25 155 -58 181 -75 223 -112 277 -40 60 -70 74 -180 89 -87 11 -114 23 -80 36 38 14 101 75 128 124 26 48 27 56 20 128 -10 109 -6 169 11 196 58 89 23 207 -80 264 -54 31 -134 38 -261 25z m181 -25 c3 -5 16 -9 29 -9 13 0 30 -6 37 -13 7 -7 22 -19 33 -26 19 -11 18 -11 -5 -5 -22 6 -23 5 -11 -9 7 -9 14 -33 16 -53 4 -34 15 -61 15 -34 0 7 7 18 15 24 14 10 13 14 -5 34 -20 21 -17 29 6 14 23 -15 40 -114 24 -140 -5 -9 -10 -12 -10 -5 0 6 -13 16 -30 22 -22 7 -30 16 -30 34 0 14 -7 27 -15 31 -8 3 -15 15 -15 27 0 14 5 19 14 16 10 -4 13 -1 9 9 -5 13 -43 35 -63 36 -3 0 -13 4 -23 9 -15 9 -17 6 -13 -18 3 -15 12 -49 20 -75 7 -26 11 -49 8 -52 -3 -4 2 -6 11 -6 8 0 19 9 22 21 8 23 28 21 33 -3 2 -9 -6 -19 -17 -23 -12 -3 -21 -13 -21 -20 0 -8 -13 -21 -29 -29 -26 -14 -30 -14 -45 3 -9 10 -27 19 -40 19 -19 0 -22 -5 -18 -24 5 -26 22 -33 22 -9 0 8 5 15 10 15 6 0 10 -9 10 -20 0 -40 81 -17 108 30 21 36 32 38 32 5 0 -14 5 -25 10 -25 6 0 10 7 10 15 0 8 5 15 10 15 6 0 10 -12 10 -27 1 -16 3 -71 6 -123 3 -52 6 -109 7 -127 1 -54 -51 -141 -108 -181 -46 -32 -54 -34 -105 -28 -30 3 -76 13 -102 21 -61 21 -138 88 -138 121 0 34 -27 41 -51 15 -15 -16 -24 -19 -38 -12 -38 21 -56 67 -41 107 11 29 24 30 50 4 11 -11 26 -20 33 -20 15 0 40 109 36 156 -2 31 8 64 21 64 4 0 7 -7 6 -16 0 -9 5 -19 13 -22 8 -2 11 0 7 6 -8 13 3 42 16 42 5 0 8 -8 6 -17 -2 -12 2 -16 12 -13 8 2 40 5 70 5 63 0 76 18 38 50 -13 11 -17 13 -10 5 6 -8 12 -21 12 -29 0 -10 -3 -12 -8 -6 -4 6 -47 10 -97 10 -87 1 -90 1 -93 24 -2 15 0 21 7 17 6 -4 11 -2 11 3 0 6 -6 11 -12 12 -7 0 -3 5 10 11 18 9 22 17 17 36 -4 17 -2 23 7 19 7 -2 13 -14 12 -26 -1 -22 10 -28 21 -11 3 6 11 10 16 10 6 0 7 -4 4 -10 -3 -5 1 -10 11 -10 16 0 16 -11 -2 -54 -5 -14 -4 -17 4 -12 7 4 12 13 12 21 0 7 9 17 20 20 11 3 20 12 20 18 0 7 7 4 14 -6 13 -17 14 -17 21 0 6 17 7 17 21 -1 8 -11 14 -14 14 -7 0 7 4 10 9 7 5 -3 14 1 21 10 10 11 11 23 2 50 -8 27 -8 34 1 31 7 -2 14 -12 15 -23 2 -10 9 -23 14 -29 7 -7 9 -3 5 12 -2 12 -1 23 5 25 5 2 6 11 3 19 -4 12 -16 15 -41 12 -19 -2 -34 1 -34 7 0 5 -3 9 -7 9 -5 -1 -10 0 -13 1 -16 6 -88 5 -84 -2 3 -4 -6 -8 -20 -8 -24 0 -25 2 -14 20 7 12 24 23 38 26 14 3 34 9 45 13 27 11 154 11 161 0z m-272 -35 c-28 -29 -33 -39 -22 -46 10 -8 9 -9 -3 -5 -29 9 -62 -74 -57 -140 4 -49 3 -54 -9 -38 -13 19 -17 38 -13 64 1 8 -4 17 -11 21 -6 4 -8 13 -4 20 6 9 9 9 16 -1 7 -11 9 -9 9 6 0 37 90 155 117 155 8 0 -3 -16 -23 -36z m-69 -24 c3 -5 1 -10 -4 -10 -6 0 -11 5 -11 10 0 6 2 10 4 10 3 0 8 -4 11 -10z m-114 -43 c-11 -19 -21 -44 -21 -56 0 -11 -4 -21 -10 -21 -23 0 -2 85 27 107 26 20 27 7 4 -30z m92 23 c3 -12 0 -20 -8 -20 -7 0 -15 -7 -19 -15 -3 -8 -1 -15 5 -15 6 0 7 -5 4 -11 -4 -6 -13 -8 -20 -5 -9 3 -12 -1 -10 -13 2 -11 -8 -27 -25 -39 -27 -21 -28 -21 -33 -2 -3 11 -2 22 3 25 4 2 10 18 14 35 3 18 10 29 16 25 6 -3 10 3 10 15 0 16 4 20 16 16 8 -3 13 -2 9 3 -4 8 8 18 26 20 4 1 9 -8 12 -19z m201 -24 c-3 -9 -10 -16 -15 -16 -11 0 -12 43 -2 54 10 10 24 -20 17 -38z m36 5 c0 -22 -4 -43 -10 -46 -6 -4 -10 12 -10 39 0 25 5 46 10 46 6 0 10 -18 10 -39z m170 -15 c-1 -17 -2 -18 -9 -6 -5 8 -12 26 -15 40 -7 24 -6 24 8 6 9 -11 16 -29 16 -40z m-537 32 c-6 -7 -13 -33 -17 -58 -4 -24 -11 -49 -16 -55 -9 -11 -10 -14 -10 -51 0 -23 -3 -25 -26 -20 -20 5 -31 1 -51 -21 -17 -19 -23 -22 -19 -10 3 10 6 25 6 33 0 10 5 12 13 8 9 -6 9 -4 1 7 -11 14 -8 69 4 79 4 3 13 16 20 30 7 14 28 35 45 47 36 24 65 30 50 11z m237 2 c0 -5 -4 -10 -10 -10 -5 0 -10 5 -10 10 0 6 5 10 10 10 6 0 10 -4 10 -10z m290 -79 c0 -8 -3 -11 -7 -7 -8 8 -33 78 -32 91 1 14 38 -67 39 -84z m-269 36 c-16 -16 -20 -5 -8 23 9 22 11 23 14 6 3 -10 0 -23 -6 -29z m41 2 c4 -49 -7 -62 -16 -18 -8 43 -8 59 3 59 5 0 11 -18 13 -41z m107 -9 c-6 -4 -10 -11 -9 -16 1 -5 -3 -10 -8 -12 -5 -1 -10 16 -10 38 l-1 42 20 -23 c13 -15 16 -25 8 -29z m-402 -143 c1 -47 -1 -76 -6 -67 -11 20 -22 117 -14 135 12 32 18 11 20 -68z m93 73 c0 -5 -4 -10 -10 -10 -5 0 -10 5 -10 10 0 6 5 10 10 10 6 0 10 -4 10 -10z m-20 -41 c0 -5 -8 -6 -17 -3 -10 4 -5 -5 12 -19 21 -17 32 -22 37 -14 7 11 12 3 9 -15 0 -4 5 -5 12 -2 14 5 16 -57 3 -112 l-7 -32 -40 20 c-26 12 -39 24 -35 33 2 7 -2 16 -11 19 -8 4 -13 12 -10 20 3 7 0 19 -6 26 -10 10 -6 11 14 6 17 -4 31 -1 38 8 9 11 5 17 -16 31 -28 18 -28 18 -10 -2 9 -11 17 -23 17 -26 0 -14 -15 -7 -27 12 -16 26 4 86 24 69 7 -6 13 -14 13 -19z m-151 -61 c0 -28 -2 -30 -9 -13 -8 19 -9 19 -9 -2 -1 -26 -21 -32 -21 -7 0 21 18 54 30 54 6 0 10 -15 9 -32z m29 -15 c-2 -14 -8 -28 -14 -30 -7 -2 -9 8 -6 27 5 37 25 40 20 3z m-49 -28 c6 3 11 -1 11 -9 0 -20 19 -20 49 0 l23 16 -6 -78 c-9 -122 -16 -154 -35 -154 -12 0 -13 -2 -3 -9 10 -6 11 -13 1 -34 -16 -35 -28 -25 -25 21 1 20 -1 50 -5 66 -5 16 -11 47 -14 69 -4 21 -15 49 -26 60 -10 11 -19 34 -19 50 0 29 1 30 19 13 11 -10 25 -15 30 -11z m123 -109 c-1 -65 1 -77 23 -100 18 -19 34 -26 62 -26 31 -1 47 -9 91 -50 41 -38 52 -55 52 -80 0 -25 -8 -35 -47 -61 -27 -16 -58 -32 -70 -34 -13 -3 -35 -8 -50 -11 -15 -3 -44 -22 -63 -43 -39 -41 -59 -96 -103 -281 -16 -67 -24 -87 -20 -55 9 90 10 369 1 394 -7 19 -6 22 8 17 13 -5 14 -3 7 6 -24 30 -23 63 3 87 52 50 83 151 84 271 0 49 3 61 12 52 7 -7 11 -40 10 -86z m135 -112 c-9 -9 -28 6 -21 18 4 6 10 6 17 -1 6 -6 8 -13 4 -17z m131 -134 c33 -18 133 -41 153 -35 16 5 19 1 19 -29 0 -37 15 -49 23 -18 3 9 5 3 6 -14 2 -62 -84 -103 -152 -71 -57 27 -72 52 -72 118 -1 32 1 59 2 59 2 0 11 -4 21 -10z m272 -586 c0 -8 -4 -12 -10 -9 -5 3 -10 10 -10 16 0 5 5 9 10 9 6 0 10 -7 10 -16z"
       id="path3473" />
    <path
       d="M970 2396 c0 -9 -7 -19 -15 -22 -8 -4 -15 -13 -15 -21 0 -10 6 -13 16 -9 8 3 12 2 9 -4 -3 -6 -1 -10 5 -10 6 0 8 -6 4 -12 -4 -7 -3 -9 1 -5 5 4 8 27 6 50 -3 42 -11 66 -11 33z"
       id="path3475" />
    <path
       d="M1043 2237 c-13 -5 -23 -14 -23 -19 0 -12 18 -10 26 3 3 6 17 8 30 5 28 -7 32 -1 7 12 -11 6 -27 6 -40 -1z"
       id="path3477" />
    <path
       d="M770 2210 c-22 -14 -5 -23 20 -10 12 7 31 10 41 7 10 -3 19 -1 19 4 0 12 -61 11 -80 -1z"
       id="path3479" />
    <path
       d="M1046 2156 c-25 -8 -35 -15 -28 -20 7 -4 17 -4 22 -1 6 3 10 1 10 -5 0 -6 10 -4 25 6 14 9 25 20 25 25 0 11 -4 10 -54 -5z"
       id="path3481" />
    <path
       d="M950 2135 c0 -9 7 -30 16 -47 13 -25 13 -32 3 -39 -22 -13 -3 -22 20 -9 l22 11 -21 26 c-11 14 -20 34 -20 44 0 10 -4 21 -10 24 -5 3 -10 -1 -10 -10z"
       id="path3483" />
    <path
       d="M760 2124 c0 -12 66 -24 88 -16 27 9 10 20 -38 24 -33 2 -50 -1 -50 -8z"
       id="path3485" />
    <path
       d="M556 2044 c-5 -12 -2 -15 9 -10 10 4 19 -3 27 -19 6 -14 15 -25 19 -25 5 0 1 16 -8 35 -18 37 -37 45 -47 19z"
       id="path3487" />
    <path
       d="M800 2029 c0 -5 5 -7 10 -4 6 3 10 8 10 11 0 2 -4 4 -10 4 -5 0 -10 -5 -10 -11z"
       id="path3489" />
    <path
       d="M1100 2030 c0 -5 5 -10 10 -10 6 0 10 5 10 10 0 6 -4 10 -10 10 -5 0 -10 -4 -10 -10z"
       id="path3491" />
    <path
       d="M780 1989 c0 -5 5 -7 10 -4 6 3 10 8 10 11 0 2 -4 4 -10 4 -5 0 -10 -5 -10 -11z"
       id="path3493" />
    <path
       d="M951 1959 c-25 -11 -51 -17 -58 -15 -7 3 -18 -4 -24 -15 -12 -23 -3 -41 10 -20 7 11 15 11 41 2 47 -16 61 -14 95 13 25 20 28 26 16 40 -17 20 -25 19 -80 -5z m63 -8 c6 -10 -37 -31 -64 -31 -31 0 -23 16 13 28 42 13 45 13 51 3z"
       id="path3495" />
    <path
       d="M370 2160 c0 -5 7 -10 16 -10 8 0 12 5 9 10 -3 6 -10 10 -16 10 -5 0 -9 -4 -9 -10z"
       id="path3497" />
    <path
       d="M422 2045 c0 -16 2 -22 5 -12 2 9 2 23 0 30 -3 6 -5 -1 -5 -18z"
       id="path3499" />
    <path
       d="M446 1810 c11 -11 63 -14 207 -10 152 4 105 20 -59 20 -110 0 -155 -3 -148 -10z"
       id="path3501" />
    <path
       d="M302 2390 c0 -14 2 -19 5 -12 2 6 2 18 0 25 -3 6 -5 1 -5 -13z"
       id="path3503" />
    <path
       d="M301 2064 c0 -11 3 -14 6 -6 3 7 2 16 -1 19 -3 4 -6 -2 -5 -13z"
       id="path3505" />
    <path
       d="M2569 1321 c-14 -5 -36 -14 -48 -21 -33 -17 -100 -23 -311 -24 -174 -1 -187 -2 -225 -24 -94 -54 -139 -214 -89 -314 20 -39 54 -68 80 -68 22 0 40 -25 25 -34 -4 -3 -69 -6 -144 -7 -76 -1 -137 -6 -137 -10 0 -14 46 -17 168 -10 l122 6 0 -37 c0 -33 -5 -41 -40 -63 -29 -18 -40 -32 -40 -50 0 -22 34 -65 51 -65 4 0 10 -25 14 -55 7 -63 21 -75 84 -75 50 0 60 -14 20 -30 -36 -16 -38 -53 -1 -58 12 -2 27 -13 33 -25 37 -71 83 -84 154 -42 23 13 45 22 48 18 4 -3 -37 -52 -89 -108 -52 -56 -107 -119 -120 -139 -21 -30 -28 -35 -40 -25 -8 6 -14 8 -14 3 0 -5 -11 -9 -25 -9 -14 0 -25 4 -25 8 0 5 -13 6 -30 2 -20 -4 -30 -3 -30 5 0 7 -6 6 -15 -4 -8 -8 -15 -17 -15 -20 0 -3 42 -6 93 -6 l92 0 28 43 c15 23 64 80 108 127 l81 85 -7 -66 c-8 -74 4 -109 35 -109 12 0 74 54 155 135 l136 135 37 -16 c41 -17 131 -75 132 -85 0 -4 -13 -9 -28 -12 -38 -8 -74 -45 -143 -149 -37 -57 -53 -88 -44 -88 8 0 15 4 15 8 0 14 90 145 123 179 17 19 45 36 64 39 43 8 68 -14 114 -99 20 -37 35 -56 37 -46 6 31 -73 139 -143 195 -57 45 -153 94 -184 94 -8 0 -24 51 -37 120 l-6 35 25 -27 c14 -16 35 -28 47 -28 23 0 24 3 8 31 -11 17 -8 29 23 87 20 37 41 66 46 65 23 -5 93 88 109 145 29 98 25 141 -21 234 -20 40 -21 47 -8 52 13 5 12 11 -6 42 -25 42 -26 45 -6 38 48 -19 -22 91 -71 112 -36 15 -122 17 -165 5z m194 -51 c37 -38 39 -41 22 -54 -18 -13 -17 -15 4 -45 27 -37 20 -38 -66 -16 -60 16 -211 20 -163 5 l25 -8 -25 -1 c-37 -1 -70 10 -70 23 0 6 -13 27 -29 46 l-29 35 37 12 c20 6 54 18 76 27 22 8 71 15 109 16 67 0 69 -1 109 -40z m-652 -38 c45 -29 122 -107 131 -133 3 -8 9 -11 13 -7 11 10 -50 84 -106 128 l-47 37 42 -2 c22 -1 78 -2 124 -3 l83 -2 50 -47 50 -47 -28 -13 -28 -13 30 6 c17 3 34 9 38 13 4 5 -17 31 -48 60 -51 46 -54 51 -32 51 27 0 80 -52 92 -89 4 -13 15 -21 28 -22 12 0 -21 -13 -73 -28 -52 -15 -104 -33 -115 -39 -20 -13 -20 -13 1 -7 15 4 39 -8 84 -42 79 -60 68 -50 174 -166 49 -54 102 -105 117 -113 16 -8 29 -20 29 -26 0 -9 -73 -164 -88 -188 -6 -9 -22 25 -22 46 0 11 7 36 16 53 22 44 20 119 -4 150 -24 33 -67 44 -101 27 -23 -12 -34 -11 -91 8 -87 29 -249 144 -250 178 0 4 26 21 58 38 31 17 46 28 32 25 -16 -4 -9 4 20 20 31 17 37 23 20 20 -21 -4 -31 4 -65 51 -39 55 -91 101 -101 91 -3 -3 3 -10 15 -16 21 -12 111 -117 111 -131 0 -5 -20 -22 -44 -38 l-44 -30 -48 50 c-80 81 -145 102 -204 66 l-32 -19 25 41 c26 45 54 68 95 80 41 13 45 12 93 -18z m641 -195 c45 -62 78 -137 78 -180 0 -37 -23 -97 -38 -97 -4 0 -20 23 -37 51 -33 56 -160 181 -209 206 -17 9 -56 32 -86 51 l-55 35 45 13 c24 7 68 16 97 20 29 3 53 10 53 15 0 17 122 -74 152 -114z m-27 99 c47 -11 52 -16 82 -72 32 -59 49 -125 41 -160 -3 -13 -8 -7 -16 21 -16 55 -103 169 -152 200 -41 26 -54 43 -22 30 9 -4 40 -13 67 -19z m-682 0 c18 -8 46 -26 62 -40 l30 -25 -36 -1 c-39 0 -81 -27 -101 -63 -7 -12 -15 -46 -18 -75 l-5 -54 -29 23 c-53 42 -71 124 -41 194 21 52 75 68 138 41z m410 -86 c36 -27 98 -87 137 -132 39 -46 90 -102 112 -125 22 -24 35 -43 30 -43 -16 0 -93 60 -125 98 -75 88 -166 177 -210 207 -43 29 -47 40 -16 44 3 1 36 -21 72 -49z m-320 -19 c17 -7 30 -27 47 -73 12 -34 34 -79 48 -98 39 -53 130 -140 146 -140 8 0 23 -2 33 -5 10 -3 -1 3 -24 14 -24 11 -43 23 -43 26 0 3 9 1 19 -5 25 -13 78 -13 86 0 4 6 -11 10 -38 10 -32 0 -56 8 -90 31 -51 34 -62 54 -21 39 14 -6 39 -10 56 -10 16 0 54 -7 83 -15 l54 -16 -17 -29 c-9 -17 -23 -30 -30 -30 -7 0 -11 -4 -7 -9 9 -15 -33 -33 -58 -25 -12 3 -30 13 -39 22 -28 23 -21 -2 6 -27 20 -19 32 -22 58 -17 18 3 38 7 44 8 7 1 17 18 23 38 30 102 135 124 157 34 17 -69 -32 -178 -89 -199 -33 -11 -63 3 -61 29 1 9 -4 16 -12 16 -22 0 -17 -25 12 -59 31 -38 40 -38 75 -5 l26 25 7 -52 c4 -29 14 -68 22 -88 l15 -35 -48 -49 c-27 -28 -84 -85 -128 -128 -96 -93 -106 -92 -104 20 1 42 3 67 6 56 3 -11 9 -24 14 -29 13 -14 12 21 -2 45 -9 17 0 32 61 105 39 46 67 84 62 84 -5 0 -36 -26 -68 -58 -71 -69 -159 -122 -202 -122 -25 0 -36 8 -59 43 -16 23 -36 42 -45 42 -32 0 -30 15 6 36 20 11 36 25 36 30 0 13 -45 29 -84 29 -42 0 -56 16 -56 62 0 29 -7 45 -35 72 -19 19 -32 41 -29 48 3 7 23 26 46 41 l40 29 -7 61 c-3 33 -13 73 -21 88 -23 45 -17 78 20 115 35 35 64 42 109 25z m514 -114 c59 -56 111 -121 125 -159 4 -10 -1 -23 -13 -34 -16 -15 -19 -15 -19 -1 0 8 6 18 13 20 8 3 3 13 -15 29 -14 12 -50 52 -79 88 -28 36 -73 87 -98 114 -42 45 -43 47 -12 26 19 -13 63 -50 98 -83z m-359 -31 c73 -49 90 -71 33 -42 -16 9 -39 16 -50 16 -17 0 -39 23 -66 69 -11 19 -2 14 83 -43z"
       id="path3507" />
    <path
       d="M2350 1120 c-13 -9 -13 -10 0 -10 8 0 22 5 30 10 13 9 13 10 0 10 -8 0 -22 -5 -30 -10z"
       id="path3509" />
    <path
       d="M2060 852 c0 -4 19 -13 43 -20 23 -7 48 -16 56 -19 9 -3 11 -1 7 6 -15 23 -106 52 -106 33z"
       id="path3511" />
    <path
       d="M2080 744 c0 -21 4 -33 10 -29 6 3 10 19 10 36 0 16 -4 29 -10 29 -5 0 -10 -16 -10 -36z"
       id="path3513" />
    <path
       d="M2521 744 c-26 -34 -27 -54 -1 -54 28 0 25 -28 -5 -42 -14 -6 -25 -15 -25 -20 0 -15 18 -8 47 16 23 21 26 28 16 43 -6 10 -16 17 -22 16 -17 -4 -13 15 9 37 10 10 15 22 10 25 -4 3 -18 -7 -29 -21z"
       id="path3515" />
    <path
       d="M2100 650 c0 -5 5 -10 10 -10 6 0 10 5 10 10 0 6 -4 10 -10 10 -5 0 -10 -4 -10 -10z"
       id="path3517" />
    <path
       d="M2135 621 c-3 -5 -1 -12 5 -16 5 -3 10 1 10 9 0 18 -6 21 -15 7z"
       id="path3519" />
    <path
       d="M2080 600 c0 -5 5 -10 10 -10 6 0 10 5 10 10 0 6 -4 10 -10 10 -5 0 -10 -4 -10 -10z"
       id="path3521" />
    <path
       d="M390 1087 l0 -52 45 3 c52 5 59 17 14 26 -17 3 -28 10 -24 15 3 5 1 12 -5 16 -5 3 -10 15 -10 26 0 10 -4 19 -10 19 -5 0 -10 -24 -10 -53z"
       id="path3523" />
    <path
       d="M834 1060 c-5 -5 -20 -10 -34 -13 -16 -3 -10 -5 17 -6 23 0 44 3 47 8 8 12 -19 22 -30 11z"
       id="path3525" />
    <path
       d="M1320 1055 c-10 -13 -9 -15 9 -15 11 0 21 4 21 9 0 18 -18 21 -30 6z"
       id="path3527" />
    <path
       d="M1370 1055 c-10 -13 -9 -15 9 -15 11 0 21 4 21 9 0 18 -18 21 -30 6z"
       id="path3529" />
    <path
       d="M535 1050 c-4 -6 10 -10 35 -10 23 0 39 4 36 8 -7 12 -64 14 -71 2z"
       id="path3531" />
    <path
       d="M620 1050 c0 -5 15 -10 33 -9 27 0 29 2 12 9 -28 12 -45 12 -45 0z"
       id="path3533" />
    <path
       d="M1129 1047 c5 -5 19 -7 32 -5 20 3 19 5 -9 9 -20 3 -29 2 -23 -4z"
       id="path3535" />
    <path
       d="M1205 1050 c-19 -8 -19 -9 3 -9 12 -1 22 4 22 9 0 6 -1 10 -2 9 -2 0 -12 -4 -23 -9z"
       id="path3537" />
    <path
       d="M1058 1043 c12 -2 30 -2 40 0 9 3 -1 5 -23 4 -22 0 -30 -2 -17 -4z"
       id="path3539" />
    <path
       d="M84 973 c-12 -2 -30 -13 -40 -25 -18 -19 -19 -42 -19 -329 0 -295 1 -309 20 -328 19 -18 47 -19 823 -23 l803 -5 20 26 c17 21 20 39 19 91 -1 36 -2 82 -1 103 l1 38 95 -3 c52 -2 95 -1 95 2 0 2 -43 48 -95 100 l-96 96 0 107 c0 88 -3 110 -19 129 l-18 23 -784 1 c-430 1 -793 0 -804 -3z m1576 -26 c24 -12 25 -16 28 -135 2 -89 6 -122 15 -122 7 0 48 -36 92 -80 l80 -80 -95 0 -95 0 3 -106 c3 -89 1 -109 -14 -125 -17 -18 -43 -19 -808 -19 l-792 0 -17 29 c-15 26 -17 62 -17 304 0 157 4 287 10 302 5 14 20 30 32 35 13 5 353 9 788 9 597 1 770 -2 790 -12z"
       id="path3541" />
    <path
       d="M2858 829 c-12 -8 -4 -13 15 -10 4 0 7 -3 7 -7 0 -4 12 -8 27 -7 27 0 27 0 30 -78 2 -51 0 -76 -7 -72 -5 3 -10 -1 -10 -9 0 -8 5 -18 10 -21 7 -4 10 -80 9 -208 -1 -120 3 -212 9 -227 8 -18 11 70 11 313 l1 337 -45 -2 c-24 0 -50 -5 -57 -9z"
       id="path3747" />
    <path
       d="M1960 514 c0 -14 -4 -23 -9 -19 -5 3 -12 2 -15 -3 -2 -4 4 -9 15 -9 15 -1 19 5 19 28 0 16 -2 29 -5 29 -3 0 -5 -12 -5 -26z"
       id="path3749" />
    <path
       d="M1770 460 c-9 -6 -10 -10 -3 -10 6 0 15 5 18 10 8 12 4 12 -15 0z"
       id="path3751" />
    <path
       d="M1752 408 c-7 -7 -12 -41 -12 -84 l0 -71 -77 -12 c-106 -16 -225 -42 -220 -48 3 -2 56 5 118 16 62 12 133 21 156 21 l44 0 -4 73 c-2 39 -2 78 1 85 9 26 19 10 25 -39 4 -28 18 -76 33 -107 15 -31 39 -88 54 -126 14 -38 31 -71 37 -73 12 -4 -19 80 -73 197 -19 42 -34 92 -34 112 0 63 -19 85 -48 56z"
       id="path3753" />
    <path
       d="M1326 219 c-10 -53 -7 -88 12 -109 29 -35 112 -67 192 -75 82 -8 90 3 12 16 -75 11 -132 29 -132 40 0 6 37 9 95 8 76 -1 97 -5 104 -18 5 -9 12 -13 16 -10 3 4 -7 30 -23 60 l-28 52 -70 -2 c-92 -3 -96 -11 -6 -11 107 0 87 -18 -25 -23 -54 -2 -109 -7 -122 -12 -17 -6 -22 -5 -17 3 4 7 25 15 47 18 21 4 39 10 39 15 0 12 -37 11 -45 -1 -3 -5 -15 -10 -27 -10 -16 0 -18 3 -9 13 6 8 8 17 4 20 -3 4 -1 13 6 20 9 11 8 17 -3 26 -11 9 -15 5 -20 -20z m264 -93 c10 -13 1 -14 -68 -11 -44 2 -96 -1 -117 -6 -43 -12 -58 -4 -31 17 28 20 199 20 216 0z"
       id="path3755" />
    <path
       d="M1670 140 c-11 -7 1 -10 40 -10 38 0 66 -7 88 -20 22 -13 32 -16 30 -8 -11 35 -122 62 -158 38z"
       id="path3759" />
    <path
       d="M1318 77 l-4 -37 51 1 c41 0 46 2 27 10 -13 5 -28 6 -33 3 -5 -3 -15 9 -23 27 l-13 32 -5 -36z"
       id="path3761" />
    <path
       d="M1740 62 c0 -4 -25 -6 -55 -6 -30 1 -57 -2 -61 -7 -3 -5 41 -9 105 -9 92 0 109 2 105 14 -4 11 -12 13 -30 6 -17 -7 -24 -6 -24 3 0 8 -4 7 -10 -3 -6 -10 -10 -11 -10 -2 0 6 -4 12 -10 12 -5 0 -10 -3 -10 -8z"
       id="path3763" />
    <path
       d="M1855 50 c-3 -5 -1 -10 4 -10 6 0 11 5 11 10 0 6 -2 10 -4 10 -3 0 -8 -4 -11 -10z"
       id="path3765" />
    <path
       d="M2495 50 c-3 -5 1 -10 10 -10 9 0 13 5 10 10 -3 6 -8 10 -10 10 -2 0 -7 -4 -10 -10z"
       id="path3767" />
    <path
       d="M2845 50 c-3 -5 1 -10 10 -10 9 0 13 5 10 10 -3 6 -8 10 -10 10 -2 0 -7 -4 -10 -10z"
       id="path3769" />
    <path
       d="M2945 50 c-3 -5 -1 -10 4 -10 6 0 11 5 11 10 0 6 -2 10 -4 10 -3 0 -8 -4 -11 -10z"
       id="path3771" />
    <path
       d="M2173 43 c9 -2 23 -2 30 0 6 3 -1 5 -18 5 -16 0 -22 -2 -12 -5z"
       id="path3773" />
    <path
       d="M2228 43 c7 -3 16 -2 19 1 4 3 -2 6 -13 5 -11 0 -14 -3 -6 -6z"
       id="path3775" />
    <path
       d="M2328 43 c6 -2 18 -2 25 0 6 3 1 5 -13 5 -14 0 -19 -2 -12 -5z"
       id="path3777" />
    <path
       d="M2383 43 c9 -2 23 -2 30 0 6 3 -1 5 -18 5 -16 0 -22 -2 -12 -5z"
       id="path3779" />
    <path
       d="M2663 43 c9 -2 23 -2 30 0 6 3 -1 5 -18 5 -16 0 -22 -2 -12 -5z"
       id="path3781" />
    <path
       d="M2808 43 c7 -3 16 -2 19 1 4 3 -2 6 -13 5 -11 0 -14 -3 -6 -6z"
       id="path3783" />
    <path
       d="M2888 43 c7 -3 16 -2 19 1 4 3 -2 6 -13 5 -11 0 -14 -3 -6 -6z"
       id="path3785" />
  </g>
  <text
     xml:space="preserve"
     style="font-size:11.30458164px;font-style:normal;font-weight:normal;line-height:125%;letter-spacing:0px;word-spacing:0px;fill:#000000;fill-opacity:1;stroke:none;font-family:Sans"
     x="195.51265"
     y="28.464336"
     id="text3803"
     sodipodi:linespacing="125%"><tspan
       sodipodi:role="line"
       id="tspan3805"
       x="195.51265"
       y="28.464336"
       style="font-weight:bold;text-align:center;text-anchor:middle">Você quer 20,00</tspan><tspan
       sodipodi:role="line"
       x="195.51265"
       y="42.595066"
       id="tspan3807"
       style="font-weight:bold;text-align:center;text-anchor:middle">emprestado?</tspan></text>
  <text
     xml:space="preserve"
     style="font-size:16.19361115px;font-style:normal;font-weight:normal;line-height:125%;letter-spacing:0px;word-spacing:0px;fill:#000000;fill-opacity:1;stroke:none;font-family:Sans"
     x="7.5593982"
     y="189.79376"
     id="text3811"
     sodipodi:linespacing="125%"><tspan
       sodipodi:role="line"
       id="tspan3813"
       x="7.5593982"
       y="189.79376"
       style="font-size:8.09680557px;font-weight:bold">Não vai adiantar. Mesmo juntando</tspan><tspan
       sodipodi:role="line"
       x="7.5593982"
       y="199.91476"
       style="font-size:8.09680557px;font-weight:bold"
       id="tspan3815">isso ao que tenho e depois </tspan><tspan
       sodipodi:role="line"
       x="7.5593982"
       y="210.03578"
       style="font-size:8.09680557px;font-weight:bold"
       id="tspan3817">dobrando o resultado ainda vão</tspan><tspan
       sodipodi:role="line"
       x="7.5593982"
       y="220.15678"
       style="font-size:8.09680557px;font-weight:bold"
       id="tspan3819">faltar R$ 40,00 para pagar minha</tspan><tspan
       sodipodi:role="line"
       x="7.5593982"
       y="230.27779"
       style="font-size:8.09680557px;font-weight:bold"
       id="tspan3821">divida de R$ 200,00.</tspan></text>
</svg>
