<?xml version="1.0" standalone="no"?>
<!DOCTYPE svg PUBLIC "-//W3C//DTD SVG 20010904//EN"
 "http://www.w3.org/TR/2001/REC-SVG-20010904/DTD/svg10.dtd">
<svg version="1.0" xmlns="http://www.w3.org/2000/svg"
 width="900.000000pt" height="537.000000pt" viewBox="0 0 900.000000 537.000000"
 preserveAspectRatio="xMidYMid meet">
<metadata>
Created by potrace 1.10, written by Peter Selinger 2001-2011
</metadata>
<g transform="translate(0.000000,537.000000) scale(0.100000,-0.100000)"
fill="#000000" stroke="none">
<path d="M8731 5293 c-23 -17 -70 -18 -680 -16 -361 1 -730 5 -821 8 -97 4
-229 2 -320 -4 -85 -6 -333 -13 -550 -15 -218 -3 -408 -8 -423 -11 -40 -10
-29 -26 38 -53 64 -26 166 -108 200 -162 12 -19 34 -70 50 -113 24 -66 27 -86
21 -139 -11 -112 -46 -163 -214 -319 -63 -57 -120 -84 -222 -105 -19 -3 -48
-13 -65 -22 -31 -16 -195 -55 -276 -66 -65 -9 -88 -34 -87 -94 1 -78 73 -243
140 -320 16 -19 27 -39 25 -45 -7 -24 -65 -18 -130 12 -157 73 -283 190 -343
317 l-33 71 -173 12 c-95 6 -243 15 -328 20 -150 8 -375 47 -505 87 -27 9 -70
22 -95 29 -96 28 -152 55 -229 109 -131 92 -200 223 -187 350 5 51 15 73 63
145 64 97 116 149 188 189 l50 27 545 1 c300 0 698 4 885 9 187 4 381 9 430 9
93 1 115 7 115 32 0 11 -28 14 -162 15 -90 1 -203 3 -253 5 -49 2 -115 -1
-146 -6 -34 -6 -334 -11 -740 -12 -667 -1 -804 1 -1579 23 -206 6 -739 9
-1185 8 -445 -2 -974 1 -1175 6 -201 5 -390 10 -420 10 l-55 0 2 -800 c2 -846
7 -1586 17 -2205 3 -206 7 -799 10 -1317 2 -518 7 -947 11 -953 3 -5 32 -10
63 -10 49 0 54 2 37 14 -18 13 -18 49 -21 887 -6 1641 -17 2825 -33 3374 -4
149 -5 297 -2 330 l6 60 60 20 c48 16 61 25 63 44 3 21 1 23 -25 17 -15 -3
-44 -9 -64 -12 -35 -6 -37 -5 -44 24 -11 50 6 68 69 75 31 3 60 8 65 11 5 4
13 27 17 51 3 25 10 45 15 45 5 0 9 7 9 15 0 22 -46 29 -88 13 -32 -12 -37
-18 -36 -46 1 -19 -4 -33 -13 -36 -26 -10 -33 4 -33 65 0 58 1 60 35 76 19 9
35 20 35 24 0 4 3 14 6 23 5 13 -2 16 -34 16 -33 0 -42 4 -47 21 -9 27 1 35
48 42 35 5 37 4 37 -20 0 -24 2 -25 40 -20 31 4 49 15 82 51 32 36 48 46 67
44 21 -2 26 -8 23 -29 -3 -35 17 -50 69 -52 38 -1 45 3 78 41 32 36 42 42 76
42 49 0 68 -11 63 -36 -2 -12 -18 -22 -48 -29 -35 -8 -46 -16 -48 -33 -4 -30
-38 -42 -112 -42 -32 0 -62 -4 -65 -10 -12 -19 16 -49 55 -61 36 -11 43 -10
79 14 22 14 42 35 46 47 13 42 125 14 125 -32 0 -6 -10 -22 -21 -35 -20 -20
-20 -23 -5 -29 41 -16 90 5 138 58 27 29 55 68 63 85 7 18 20 33 27 33 7 0 33
14 57 30 35 24 55 30 95 30 58 0 82 -11 73 -33 -6 -15 -64 -37 -99 -37 -26 0
-31 -18 -9 -29 30 -17 103 -13 135 7 16 9 33 32 40 52 l11 35 112 3 c104 2
113 1 125 -18 16 -25 38 -25 89 1 40 20 112 30 125 17 12 -12 -5 -38 -31 -48
-32 -12 -32 -28 -1 -36 34 -8 54 1 106 47 41 37 49 40 95 37 59 -4 75 -29 30
-50 -34 -15 -27 -32 16 -36 30 -3 40 3 75 41 l41 45 274 6 c151 4 317 5 369 2
52 -2 282 -7 510 -11 413 -6 460 -8 460 -23 0 -4 -30 -39 -68 -77 -76 -79
-130 -176 -139 -252 -7 -66 11 -173 40 -236 39 -81 142 -179 240 -226 124 -60
171 -76 312 -109 355 -83 358 -84 700 -102 116 -6 217 -13 225 -15 8 -3 36
-40 63 -84 53 -89 171 -212 232 -242 73 -36 191 -72 370 -111 135 -30 142 -31
149 -20 12 20 -7 41 -52 58 -72 26 -148 90 -228 190 -57 72 -97 198 -79 253 7
22 58 41 110 41 17 0 59 9 95 19 36 11 90 27 120 36 30 9 84 29 120 45 36 15
85 36 109 46 60 25 238 202 271 269 21 44 24 64 25 160 0 101 -2 114 -27 158
-37 66 -93 143 -123 169 -31 27 -32 56 -2 62 85 19 1547 33 1614 16 24 -5 64
-24 90 -40 53 -34 143 -44 143 -16 0 8 -4 18 -10 21 -21 13 -8 25 27 25 44 0
115 -39 165 -91 33 -35 41 -39 87 -39 59 0 75 15 26 24 -37 7 -95 50 -95 71 0
42 72 43 91 1 6 -13 22 -29 36 -35 15 -7 23 -17 20 -26 -5 -12 1 -12 41 1 26
7 48 14 50 14 1 0 2 6 2 14 0 8 -10 17 -22 20 -13 3 -32 13 -43 22 -19 15 -20
16 -1 29 22 17 136 10 178 -11 42 -22 144 -18 206 8 49 20 56 21 80 7 32 -18
40 -60 18 -94 -12 -19 -26 -25 -63 -27 -58 -4 -59 -19 -2 -33 85 -21 105 -99
28 -111 -56 -9 -43 -35 24 -49 21 -4 27 -11 27 -30 0 -22 -4 -25 -42 -27 -24
0 -50 0 -58 1 -8 2 -30 5 -48 8 -29 5 -33 3 -30 -12 5 -28 67 -55 124 -55 58
0 84 -20 84 -63 0 -36 -15 -42 -66 -22 -55 21 -89 17 -89 -10 0 -17 10 -21 63
-29 54 -8 62 -12 62 -30 0 -12 9 -38 20 -59 21 -40 26 -72 11 -82 -11 -6 -38
18 -46 43 -3 11 -30 32 -60 47 -30 16 -57 35 -59 42 -3 7 -12 13 -21 13 -9 0
-34 9 -56 21 -23 11 -44 18 -47 15 -8 -9 7 -21 63 -51 62 -32 132 -99 150
-143 9 -21 25 -37 45 -43 16 -6 30 -14 30 -17 1 -4 3 -281 5 -617 4 -672 9
-875 25 -1070 15 -180 20 -294 26 -558 4 -214 0 -314 -26 -592 -6 -60 -13
-234 -15 -385 -2 -151 -6 -387 -10 -525 -3 -137 -7 -324 -9 -415 -3 -184 -10
-210 -56 -210 -42 0 -63 25 -57 69 3 20 11 91 17 158 11 114 11 126 -9 191
-11 37 -34 94 -51 126 -30 55 -31 63 -26 135 22 288 19 315 -43 441 -26 53
-35 83 -82 275 -23 92 -72 182 -186 345 -25 36 -52 81 -60 100 -8 19 -28 55
-43 80 -16 25 -34 68 -41 95 -36 151 -47 175 -126 272 -90 111 -189 187 -255
197 -26 4 -65 0 -100 -9 -32 -8 -71 -12 -88 -9 -42 9 -113 -20 -147 -59 -56
-63 -81 -77 -143 -77 -60 0 -72 -6 -153 -77 -32 -29 -44 -33 -92 -33 -67 0
-123 -26 -147 -68 -30 -51 -82 -89 -132 -96 -36 -6 -59 -18 -97 -52 -27 -24
-55 -44 -63 -44 -28 0 -56 45 -56 92 0 28 -6 50 -15 58 -28 23 -16 45 51 89
63 42 66 45 60 76 -6 28 -3 35 14 40 13 4 31 0 46 -10 16 -10 35 -14 51 -10
19 4 24 11 21 33 -3 25 -7 27 -67 34 -35 4 -68 12 -72 19 -23 37 34 107 115
141 52 21 80 22 153 3 84 -21 185 -15 224 14 30 23 31 23 98 6 36 -9 73 -20
81 -25 17 -11 48 5 73 37 27 34 115 33 161 -2 42 -32 57 -31 158 6 46 17 111
40 145 50 35 11 71 29 82 40 21 23 41 110 41 181 0 70 -22 114 -96 189 -81 82
-82 99 -7 143 67 40 66 39 73 94 4 39 10 50 40 69 85 54 129 95 152 141 21 44
23 58 21 209 -1 181 -14 226 -75 278 -49 42 -89 35 -147 -25 -26 -28 -67 -87
-90 -130 -43 -80 -63 -97 -108 -88 -10 2 -32 26 -50 53 -50 79 -73 105 -113
131 -37 25 -40 25 -136 14 -55 -6 -130 -20 -168 -33 l-68 -22 -24 28 c-13 16
-24 40 -24 54 0 27 36 93 50 93 5 0 18 16 30 36 17 26 23 52 24 100 1 64 0 67
-36 100 -49 44 -80 44 -175 -1 -41 -19 -77 -35 -80 -35 -4 0 -16 -8 -27 -19
-12 -10 -66 -42 -121 -71 -154 -80 -204 -140 -205 -245 0 -76 15 -114 70 -178
27 -32 50 -65 50 -72 0 -8 11 -31 25 -51 31 -46 31 -51 -1 -108 -38 -68 -27
-86 73 -120 43 -15 92 -32 108 -38 17 -6 64 -23 105 -37 59 -21 80 -34 97 -60
25 -37 29 -84 10 -118 -16 -28 -88 -81 -124 -89 -15 -4 -36 -13 -45 -22 -10
-8 -25 -12 -34 -8 -9 3 -27 -3 -41 -14 -44 -35 -117 0 -178 86 -47 65 -47 100
0 120 19 7 52 14 73 14 43 0 68 20 58 45 -4 12 -14 14 -41 9 -31 -5 -39 -2
-65 26 -34 36 -48 32 -76 -22 -23 -45 -33 -33 -32 45 1 97 -29 164 -105 233
-107 98 -259 107 -391 24 -52 -33 -119 -128 -137 -192 -12 -47 6 -113 53 -188
38 -61 63 -79 173 -123 89 -36 90 -37 88 -69 -1 -18 -5 -47 -8 -65 -4 -18 -2
-48 5 -69 14 -42 85 -124 107 -124 24 0 95 -41 128 -74 17 -17 44 -39 58 -49
37 -25 36 -62 -3 -82 -35 -18 -55 -53 -65 -115 -16 -93 -78 -191 -130 -204
-39 -10 -132 21 -138 45 -3 11 3 50 14 87 37 130 24 157 -69 150 -31 -3 -69
-1 -84 4 -24 8 -28 16 -28 47 0 20 -7 47 -16 60 -16 22 -21 23 -78 16 -98 -12
-108 -10 -139 29 -33 42 -48 43 -131 16 -33 -11 -73 -20 -90 -20 -17 -1 -42
-7 -56 -15 -14 -8 -48 -14 -75 -15 -28 0 -56 -5 -62 -11 -7 -7 -9 -33 -6 -69
7 -69 3 -73 -124 -115 -77 -26 -83 -30 -83 -55 0 -17 14 -44 35 -70 19 -23 35
-50 35 -60 0 -10 -16 -30 -36 -45 -22 -17 -47 -50 -61 -83 -23 -48 -24 -59
-14 -93 6 -21 23 -51 36 -68 14 -16 28 -44 31 -63 3 -18 7 -43 10 -55 2 -12
22 -43 44 -68 46 -53 46 -55 23 -83 -17 -20 -35 -22 -288 -32 -504 -20 -1379
-40 -1505 -34 -82 4 -176 0 -273 -10 -157 -16 -188 -12 -207 23 -8 17 -6 25
11 42 13 13 27 18 37 14 9 -4 43 -11 76 -17 83 -15 123 -1 182 65 75 83 79 92
77 174 l-1 74 37 23 c64 41 84 70 89 130 5 58 -13 100 -58 141 -28 26 -25 66
19 240 18 71 14 93 -21 115 -22 13 -51 20 -85 20 -55 0 -59 3 -96 60 -37 57
-62 63 -232 61 -82 -1 -160 -4 -172 -8 -28 -6 -44 -59 -42 -134 2 -43 -1 -55
-20 -71 -13 -10 -33 -18 -45 -18 -12 0 -31 -6 -41 -14 -18 -13 -18 -20 -7
-157 7 -79 15 -165 18 -191 5 -44 4 -48 -45 -102 -57 -63 -70 -85 -100 -178
l-22 -67 -75 -40 c-62 -33 -86 -41 -129 -41 -30 0 -66 5 -82 11 -37 14 -153
129 -153 152 0 10 13 35 29 55 74 95 58 199 -54 331 -19 24 -35 49 -35 56 0
11 127 286 183 395 18 36 80 49 287 60 96 5 191 14 210 19 19 6 73 15 120 21
230 28 260 36 260 67 0 21 -40 81 -105 158 -65 75 -88 111 -81 124 3 5 39 12
78 16 109 9 229 49 285 94 123 97 142 190 63 314 -33 53 -92 86 -166 95 -57 6
-181 -30 -290 -84 -121 -60 -152 -65 -193 -28 -18 16 -42 54 -54 84 -27 66
-52 82 -122 74 -34 -4 -56 -1 -67 8 -24 18 -40 130 -36 255 3 94 1 104 -19
124 l-22 22 -128 -17 c-138 -19 -168 -33 -154 -70 5 -12 16 -60 25 -106 9 -47
21 -110 27 -141 18 -93 -11 -139 -88 -139 -48 0 -88 -17 -117 -49 -16 -18 -17
-25 -8 -47 20 -42 14 -66 -25 -106 -36 -37 -36 -38 -23 -78 11 -33 11 -45 0
-64 -29 -55 -72 -94 -137 -126 -80 -39 -103 -57 -103 -81 0 -31 35 -42 71 -24
17 9 38 14 46 11 12 -5 8 -15 -21 -46 -39 -44 -42 -50 -24 -68 18 -18 46 -15
84 9 21 12 46 19 66 17 32 -3 33 -5 36 -50 3 -41 7 -49 28 -54 13 -3 35 -3 48
0 65 16 73 -32 20 -120 -20 -32 -50 -86 -68 -119 -50 -93 -105 -175 -119 -176
-7 0 -32 -2 -57 -3 -77 -4 -162 -35 -197 -72 -44 -47 -57 -93 -48 -168 15
-121 11 -177 -16 -236 -33 -71 -117 -193 -216 -315 -43 -53 -92 -119 -110
-147 -30 -48 -142 -174 -267 -303 -98 -101 -142 -157 -180 -230 -20 -38 -53
-98 -74 -132 -30 -48 -42 -79 -51 -140 -6 -43 -18 -111 -26 -152 -13 -65 -13
-82 1 -145 9 -39 22 -86 31 -104 13 -31 13 -35 -4 -54 -10 -11 -34 -29 -55
-39 -20 -10 -46 -31 -57 -47 -24 -34 -55 -173 -48 -217 3 -19 -1 -37 -11 -47
-14 -17 11 -18 517 -18 372 0 530 3 526 11 -13 20 16 64 65 100 27 21 72 63
99 95 27 33 70 77 96 99 32 26 56 58 72 95 17 38 53 84 117 150 51 52 114 123
140 156 39 51 55 64 91 73 24 6 88 33 143 59 54 27 107 51 118 54 10 3 51 29
91 57 64 45 74 57 89 103 11 35 20 102 23 193 l6 140 65 6 c36 3 91 13 123 23
51 16 61 24 102 80 49 69 69 79 144 69 23 -3 66 -1 94 5 31 7 228 14 492 17
242 3 467 9 500 13 33 4 87 4 120 1 68 -7 457 15 566 32 39 6 95 8 123 5 28
-3 112 -2 186 2 l135 8 37 -32 c49 -44 64 -50 132 -58 68 -8 86 -18 86 -53 0
-35 48 -144 78 -177 32 -33 109 -85 178 -117 43 -20 63 -23 160 -21 66 1 129
7 155 16 24 8 58 17 75 21 18 3 40 15 50 26 10 11 30 19 50 19 31 0 34 -3 44
-42 27 -106 54 -171 104 -249 60 -96 112 -140 231 -199 180 -89 320 -95 467
-19 38 20 75 24 93 11 14 -10 91 -141 100 -169 3 -12 23 -36 44 -52 20 -16 78
-76 127 -132 49 -57 105 -119 125 -139 20 -19 50 -55 67 -80 16 -25 51 -65 76
-90 28 -27 46 -53 46 -67 0 -44 17 -46 481 -41 405 4 439 5 458 22 19 17 20
32 21 479 0 254 5 570 10 702 5 132 10 246 10 253 0 6 7 12 15 12 13 0 15 88
15 730 0 701 -1 731 -19 749 -17 17 -19 45 -26 377 -4 198 -4 544 1 769 13
598 11 635 -36 930 -6 33 -10 93 -11 134 -1 117 -14 135 -105 145 -37 5 -55 2
-73 -11z m-8421 -98 c0 -12 -28 -35 -44 -35 -11 0 -6 26 6 38 17 17 38 15 38
-3z m606 -10 c7 -17 -28 -65 -59 -82 -44 -23 -50 11 -11 63 27 35 61 45 70 19z
m6340 -933 c36 -24 20 -74 -51 -158 -37 -43 -40 -52 -40 -106 0 -72 -20 -91
-65 -64 -35 20 -31 21 -75 -14 -25 -20 -49 -30 -71 -30 -26 0 -39 -7 -56 -30
-31 -43 -51 -38 -78 21 -21 45 -23 54 -11 82 7 18 15 42 18 54 6 25 34 53 80
80 97 56 132 79 171 111 54 43 150 73 178 54z m869 -308 c9 -4 25 -24 35 -45
26 -51 26 -132 -1 -212 -20 -58 -20 -63 -4 -90 18 -31 10 -51 -26 -62 -13 -4
-19 -16 -19 -36 0 -32 -11 -36 -56 -19 -22 9 -31 7 -49 -10 -19 -17 -26 -19
-53 -9 -41 14 -66 5 -59 -21 7 -27 -12 -30 -56 -7 -29 15 -41 17 -50 8 -27
-27 -68 -8 -96 47 -26 49 -11 161 23 184 6 4 54 8 107 8 119 0 134 10 186 118
46 95 80 152 92 152 5 0 17 -3 26 -6z m-636 -88 c21 -25 -20 -146 -49 -146 -5
0 -16 -13 -25 -30 -15 -29 -18 -30 -86 -30 -65 0 -73 -2 -100 -29 -43 -43 -41
-91 6 -127 19 -14 35 -34 35 -43 0 -24 29 -61 56 -71 13 -5 24 -14 24 -20 0
-22 -34 -23 -70 -2 -21 12 -64 26 -96 31 -61 10 -219 65 -241 83 -22 18 -15
36 44 114 65 87 210 196 290 218 26 8 75 26 108 40 69 29 88 32 104 12z m-533
-147 c9 -16 -12 -33 -31 -25 -14 5 -15 9 -5 21 15 18 26 19 36 4z m-3530 -65
c51 -25 70 -75 54 -148 -14 -65 -24 -76 -71 -76 -21 0 -59 -7 -84 -15 -33 -12
-50 -13 -64 -5 -17 8 -26 3 -61 -34 -41 -44 -42 -44 -96 -39 -66 7 -84 -5 -84
-57 0 -57 36 -127 103 -203 66 -75 66 -90 -1 -93 -42 -3 -152 -18 -231 -34
-29 -5 -87 -10 -128 -10 -40 0 -99 -7 -131 -15 -31 -8 -97 -17 -145 -21 l-88
-6 -34 -46 c-19 -26 -35 -52 -35 -58 0 -14 -95 -198 -122 -236 -31 -44 -118
-221 -118 -239 0 -26 -25 -42 -48 -30 -46 24 -42 65 14 165 26 44 58 101 72
126 14 25 35 56 46 70 76 90 156 290 156 392 0 55 19 67 75 48 44 -15 83 -3
131 40 43 38 58 38 101 0 46 -41 118 -42 195 -3 60 31 68 39 68 71 0 25 42
103 65 122 20 17 20 136 0 170 -31 55 -16 80 48 80 18 0 48 9 67 20 132 75
180 91 261 86 25 -1 63 -11 85 -22z m3909 -58 c17 -12 18 -18 7 -40 -12 -28
-40 -34 -60 -14 -23 23 -7 68 23 68 6 0 20 -6 30 -14z m-810 -26 c60 -26 103
-67 115 -109 5 -21 8 -77 6 -125 l-4 -87 -47 -31 c-34 -23 -49 -28 -58 -19 -6
6 -28 11 -49 11 -30 0 -42 6 -60 30 -17 23 -30 30 -55 30 -26 0 -36 6 -45 25
-13 28 -33 33 -42 10 -8 -21 -23 -19 -51 10 -21 20 -25 34 -25 82 1 50 6 65
38 113 35 52 41 56 102 72 70 18 113 15 175 -12z m-3640 -50 c10 -8 15 -30 15
-65 0 -29 6 -65 14 -80 13 -24 12 -32 -2 -64 -22 -47 -28 -51 -85 -51 -115 0
-171 87 -137 211 10 34 31 52 75 63 32 8 104 -1 120 -14z m5073 -208 c2 -7 -6
-12 -17 -12 -21 0 -27 11 -14 24 9 9 26 2 31 -12z m-5215 -98 l50 -23 -26 -12
c-38 -17 -91 -4 -105 27 -24 52 -15 53 81 8z m635 -530 c2 -31 -4 -69 -14 -95
-9 -24 -17 -69 -18 -99 -3 -99 -6 -120 -16 -120 -6 0 -10 39 -10 96 0 81 -3
100 -21 125 -31 44 -47 49 -124 38 -56 -8 -72 -7 -91 6 -30 19 -31 58 -4 85
19 19 31 20 158 18 l137 -3 3 -51z m2537 -34 c0 -11 -15 -16 -60 -18 -86 -4
-106 -43 -69 -130 22 -50 54 -319 44 -363 -6 -26 -45 -40 -77 -28 -13 5 -24
20 -28 41 -4 18 -13 42 -20 54 -19 30 -53 178 -67 291 -11 88 -10 95 8 112 48
45 269 78 269 41z m-2342 -18 c22 -19 22 -29 -5 -110 -45 -139 -52 -153 -89
-187 -50 -45 -69 -38 -69 24 0 41 22 199 35 258 9 40 87 50 128 15z m2561 -33
c14 -11 26 -25 26 -29 0 -15 -50 -37 -112 -49 -31 -7 -62 -18 -68 -26 -8 -10
-11 -66 -9 -189 3 -152 2 -178 -13 -192 -15 -15 -17 -15 -31 7 -8 13 -22 83
-31 154 -9 72 -27 161 -38 198 -29 90 -23 98 73 112 41 6 83 16 94 22 31 19
80 15 109 -8z m-2954 -58 c5 -11 10 -31 10 -44 0 -13 9 -32 20 -42 18 -16 20
-31 20 -141 0 -73 -4 -125 -10 -129 -6 -4 -27 4 -47 16 -27 17 -53 23 -107 24
-69 3 -71 3 -74 29 -2 15 1 33 6 39 5 7 8 60 6 120 -2 59 0 107 4 107 9 -1 85
-115 95 -143 1 -5 10 -5 20 -2 14 6 17 20 17 80 0 100 15 132 40 86z m3139
-65 c16 -19 2 -162 -18 -186 -9 -10 -42 -32 -74 -49 -75 -39 -125 -83 -147
-129 -24 -49 -27 -39 -40 145 -11 165 -6 199 32 207 13 3 41 9 63 14 63 15
171 14 184 -2z m-726 -40 c3 -8 9 -41 12 -73 9 -72 -5 -89 -60 -79 -26 5 -44
18 -65 48 -41 57 -39 81 8 101 48 20 98 21 105 3z m-2160 -226 c13 0 34 13 49
30 33 37 67 39 102 4 34 -35 34 -75 -1 -114 -22 -25 -39 -33 -83 -39 -90 -12
-98 -25 -50 -81 65 -76 42 -173 -51 -215 -36 -17 -41 -17 -95 1 -32 11 -61 26
-65 34 -58 117 -59 120 -24 162 14 16 28 47 31 69 5 30 14 43 35 55 27 13 29
19 29 70 0 30 5 64 11 75 10 19 12 19 50 -15 21 -20 49 -36 62 -36z m2130 -1
c100 -27 92 -166 -11 -185 -65 -12 -172 42 -172 87 0 11 19 40 41 64 45 49 69
55 142 34z m847 -29 c69 -13 116 -49 130 -100 11 -42 74 -103 162 -156 80 -50
192 -127 228 -160 19 -17 60 -47 92 -67 50 -31 57 -41 68 -84 18 -67 17 -118
-3 -188 -54 -189 -17 -290 103 -283 l45 3 3 -66 c2 -58 6 -69 32 -94 23 -22
39 -28 74 -28 25 0 52 5 60 13 14 11 16 9 16 -13 0 -44 -64 -88 -182 -125 -57
-17 -118 -32 -135 -32 -45 0 -177 45 -248 84 -67 37 -191 170 -201 215 -3 14
-19 55 -35 91 -17 36 -31 86 -33 112 -3 61 -30 91 -113 129 -59 26 -91 59 -78
79 4 6 23 17 43 26 46 19 92 62 92 86 0 23 -27 35 -49 21 -63 -39 -171 -83
-204 -83 -59 0 -111 21 -151 62 -39 38 -40 41 -21 54 10 8 33 14 49 14 17 0
49 11 71 25 22 13 48 25 57 25 27 0 68 22 68 36 0 35 -79 39 -142 8 -41 -21
-67 -17 -99 15 -62 62 -17 149 87 170 32 6 70 11 85 11 34 0 45 15 28 36 -10
12 -25 14 -69 9 -49 -6 -58 -4 -64 11 -12 32 14 83 57 113 66 45 86 48 177 31z
m1254 -10 c77 -12 101 -27 124 -80 8 -19 27 -50 43 -67 36 -42 44 -82 44 -228
-1 -92 -5 -133 -20 -175 -27 -78 -35 -85 -79 -69 -57 21 -66 2 -31 -66 26 -51
27 -61 19 -111 -5 -30 -13 -55 -18 -55 -5 0 -18 22 -28 49 -10 27 -27 57 -38
67 -19 17 -22 18 -37 2 -16 -15 -15 -20 5 -69 22 -52 29 -98 15 -98 -3 0 -15
8 -25 17 -17 15 -20 15 -35 1 -14 -15 -14 -23 1 -101 19 -96 12 -130 -37 -176
l-26 -24 -18 32 c-22 39 -83 60 -119 40 -53 -28 -65 7 -39 107 17 64 12 99
-18 132 -29 31 -43 28 -94 -19 -67 -61 -79 -53 -75 56 2 50 10 116 18 148 13
52 13 65 -1 120 -21 81 -33 98 -106 147 -33 23 -63 49 -66 57 -7 19 17 40 101
89 34 20 81 55 106 79 72 69 152 126 171 120 11 -4 32 7 55 27 66 59 91 64
208 48z m-4534 -50 c47 -47 0 -119 -114 -175 -63 -31 -69 -36 -60 -60 11 -27
53 -38 80 -20 76 50 145 -43 78 -106 -21 -20 -36 -24 -87 -24 -52 0 -62 -3
-65 -18 -5 -24 24 -55 65 -72 59 -25 39 -96 -37 -135 -82 -42 -191 -15 -176
43 3 11 -5 49 -17 83 l-21 62 27 83 c14 46 35 116 45 155 23 89 60 136 136
174 69 35 118 38 146 10z m2838 -97 c16 -16 41 -36 54 -45 l23 -16 -29 -52
c-24 -45 -27 -58 -21 -94 5 -22 9 -68 10 -101 2 -33 3 -71 4 -84 3 -59 147
-151 236 -151 24 0 41 -7 53 -22 25 -31 44 -50 78 -78 16 -14 33 -31 37 -37
18 -28 -163 -84 -270 -83 -105 1 -230 67 -302 159 -30 39 -63 124 -55 144 2 7
32 37 66 67 76 67 94 106 77 167 -8 29 -24 54 -48 74 -35 29 -36 31 -37 104
l-1 75 47 0 c37 0 53 -6 78 -27z m-226 -10 c79 -72 -95 -204 -215 -162 -52 18
-74 62 -42 85 10 8 33 14 49 14 30 0 128 49 141 70 10 15 46 12 67 -7z m68
-205 c43 -46 12 -110 -72 -148 -54 -24 -82 -25 -135 -1 -46 21 -77 60 -68 84
7 16 35 27 72 27 11 0 47 13 80 30 70 35 96 37 123 8z"/>
<path d="M7712 1738 c2 -12 10 -23 18 -23 22 0 19 39 -3 43 -15 3 -18 -1 -15
-20z"/>
<path d="M7601 1581 c-13 -24 9 -57 33 -48 19 7 21 38 4 55 -17 17 -26 15 -37
-7z"/>
<path d="M7375 5170 c-11 -17 19 -50 46 -50 77 0 113 26 70 50 -25 13 -108 13
-116 0z"/>
<path d="M1370 5132 c-26 -21 -20 -42 11 -42 30 0 79 28 79 45 0 22 -63 19
-90 -3z"/>
<path d="M7720 5140 c-33 -21 55 -69 97 -53 19 7 7 21 -37 43 -45 23 -41 22
-60 10z"/>
<path d="M410 5113 c-30 -6 -52 -22 -44 -34 7 -12 104 -12 104 0 0 5 -3 16 -6
25 -6 16 -10 17 -54 9z"/>
<path d="M8517 5113 c-4 -3 -7 -15 -7 -26 0 -17 -6 -19 -67 -16 -62 4 -68 2
-68 -16 0 -16 13 -23 65 -37 79 -22 92 -19 84 20 -6 27 -3 30 30 36 46 9 54
23 21 36 -31 12 -49 13 -58 3z"/>
<path d="M7274 5085 c11 -8 36 -15 55 -14 l36 0 -45 15 c-57 17 -70 17 -46 -1z"/>
<path d="M1757 5062 c-20 -22 -13 -32 24 -32 26 0 45 22 33 41 -9 15 -40 10
-57 -9z"/>
<path d="M8050 5054 c0 -29 -12 -29 -77 -3 -40 16 -61 3 -44 -28 9 -18 117
-63 150 -63 21 0 24 30 5 45 -18 13 -17 14 13 15 40 0 63 9 63 24 0 17 -44 36
-80 36 -26 0 -30 -4 -30 -26z"/>
<path d="M7580 5055 c0 -19 31 -35 69 -35 38 0 41 22 6 38 -36 17 -75 15 -75
-3z"/>
<path d="M1583 5033 c-27 -15 -43 -32 -43 -44 0 -25 31 -25 88 1 33 15 42 24
42 45 0 33 -29 32 -87 -2z"/>
<path d="M1068 4998 c-53 -33 -58 -43 -28 -53 26 -8 120 25 128 44 5 14 -23
42 -42 40 -6 0 -32 -14 -58 -31z"/>
<path d="M1855 5020 c-32 -12 -50 -39 -37 -52 14 -14 76 -2 92 17 27 33 -7 55
-55 35z"/>
<path d="M8640 4981 c0 -27 16 -33 71 -29 l43 3 -27 18 c-15 10 -41 20 -57 24
-26 5 -30 3 -30 -16z"/>
<path d="M1243 4973 c-24 -8 -43 -19 -43 -24 0 -13 107 -11 115 1 7 11 -12 41
-24 39 -3 0 -25 -7 -48 -16z"/>
<path d="M7855 4980 c-9 -15 4 -30 26 -30 22 0 24 11 7 28 -15 15 -25 15 -33
2z"/>
<path d="M495 4958 c-27 -5 -60 -12 -72 -14 -32 -6 -28 -23 7 -35 17 -6 30
-14 30 -17 0 -11 -96 -62 -115 -62 -10 0 -15 -6 -13 -17 2 -14 15 -19 51 -21
58 -4 97 17 97 52 0 17 12 29 50 50 51 28 55 33 44 60 -7 17 -7 17 -79 4z"/>
<path d="M5762 4948 c-13 -17 -42 -98 -42 -121 0 -20 27 -34 41 -20 8 8 28 85
32 127 2 23 -16 31 -31 14z"/>
<path d="M5475 4939 c-22 -3 -53 -11 -68 -18 -16 -6 -52 -11 -82 -11 -64 0
-70 -10 -60 -94 6 -49 5 -55 -14 -66 -40 -21 -65 -9 -74 35 -19 89 -19 90 -66
93 -33 2 -49 10 -63 28 -41 52 -135 24 -223 -65 -53 -54 -65 -60 -85 -36 -10
12 -10 21 1 46 12 30 11 33 -12 52 -48 39 -183 2 -203 -56 -15 -43 9 -60 88
-61 73 -1 92 -12 82 -50 -5 -22 -12 -26 -45 -26 -27 0 -49 8 -69 25 -38 32
-62 32 -92 0 -36 -38 -130 -56 -130 -25 0 12 33 38 63 49 39 15 24 31 -29 31
-38 0 -45 3 -42 17 2 11 21 22 53 31 56 16 75 28 75 48 0 16 -55 20 -65 4 -3
-5 -23 -10 -43 -10 -20 0 -52 -4 -71 -10 -27 -8 -41 -5 -81 16 -57 30 -109 25
-146 -11 -20 -20 -22 -30 -17 -81 7 -84 16 -116 36 -128 14 -9 22 -6 40 16 26
33 92 78 113 78 14 0 23 -16 40 -74 14 -46 32 -51 115 -36 41 7 81 19 90 26
13 11 24 10 67 -6 89 -34 144 -24 200 37 l32 36 23 -20 c45 -42 82 -53 176
-53 80 0 92 2 101 20 10 19 11 19 43 0 41 -25 73 -25 132 1 l47 21 31 -23 c38
-28 120 -29 194 -1 90 33 44 60 -69 40 -24 -4 -43 -2 -55 7 -17 13 -17 14 1
34 12 13 32 21 50 21 38 0 65 15 51 29 -6 5 -30 11 -55 13 -30 2 -45 8 -45 17
0 16 10 22 79 48 79 30 67 56 -19 42z m-441 -98 c24 -25 14 -50 -23 -57 -16
-4 -40 -17 -52 -30 -12 -13 -31 -24 -40 -24 -18 0 -59 36 -59 51 0 14 53 71
74 80 29 12 77 2 100 -20z m-849 -21 c0 -19 -6 -26 -24 -28 -30 -5 -45 10 -36
38 10 32 60 24 60 -10z"/>
<path d="M1346 4925 c-11 -8 -28 -15 -39 -15 -38 0 -9 -25 32 -28 46 -3 91 18
91 43 0 20 -58 19 -84 0z"/>
<path d="M8225 4930 c-7 -11 33 -49 52 -50 21 0 43 -41 32 -61 -7 -14 -2 -23
26 -44 46 -35 100 -42 150 -19 22 10 60 21 83 24 l44 5 -23 28 c-26 34 -15 47
41 47 34 0 34 0 15 19 -30 28 -175 64 -175 43 0 -6 17 -25 38 -42 l37 -31 -35
-30 c-30 -26 -41 -29 -83 -26 -58 5 -87 29 -87 72 0 28 -5 34 -50 53 -58 25
-57 25 -65 12z"/>
<path d="M1622 4918 c-22 -22 -14 -40 16 -36 33 4 47 48 15 48 -11 0 -24 -5
-31 -12z"/>
<path d="M585 4878 c-50 -13 -59 -27 -36 -53 11 -11 21 -29 23 -40 5 -31 87
-34 114 -4 19 21 19 21 -3 36 -13 9 -23 26 -23 38 0 18 -23 41 -33 34 -1 -1
-20 -6 -42 -11z"/>
<path d="M786 4881 c-39 -8 -44 -28 -11 -41 41 -16 73 -12 85 10 8 15 6 21 -9
30 -21 11 -21 11 -65 1z"/>
<path d="M1010 4846 c-80 -26 -75 -46 9 -46 61 0 89 16 77 45 -6 17 -36 18
-86 1z"/>
<path d="M8140 4825 c0 -17 30 -35 59 -35 26 0 27 18 4 36 -24 18 -63 18 -63
-1z"/>
<path d="M783 4762 c-70 -27 -44 -69 32 -52 50 11 73 33 55 54 -15 19 -32 19
-87 -2z"/>
<path d="M433 4679 c-41 -12 -43 -29 -4 -29 40 0 84 18 76 30 -7 12 -28 12
-72 -1z"/>
<path d="M5695 4670 c-9 -15 3 -47 21 -54 8 -3 24 4 35 15 16 16 18 23 8 35
-13 16 -55 19 -64 4z"/>
<path d="M642 4635 c-45 -20 -40 -49 9 -53 45 -4 97 32 78 54 -15 18 -45 17
-87 -1z"/>
<path d="M868 4604 c-31 -16 -36 -32 -13 -40 24 -10 75 16 75 37 0 23 -24 24
-62 3z"/>
<path d="M270 4599 c-24 -10 -24 -11 -6 -25 35 -25 86 -12 86 23 0 15 -44 16
-80 2z"/>
<path d="M598 4509 c-42 -24 -1 -57 49 -38 16 6 23 15 21 27 -4 20 -45 27 -70
11z"/>
<path d="M392 4399 c-34 -13 -22 -33 22 -37 44 -4 72 13 55 34 -13 16 -43 17
-77 3z"/>
<path d="M548 4319 c-22 -13 -23 -35 -2 -43 24 -9 97 -7 114 4 12 7 12 13 4
27 -13 21 -89 29 -116 12z"/>
<path d="M294 4145 c-11 -28 13 -42 43 -25 36 20 34 34 -5 38 -22 2 -34 -2
-38 -13z"/>
<path d="M1840 3721 c-22 -23 -59 -81 -82 -129 -35 -73 -42 -99 -45 -162 -4
-80 9 -122 39 -128 15 -3 17 8 15 90 -1 69 3 104 16 138 34 85 59 131 88 159
16 16 29 36 29 45 0 31 -23 26 -60 -13z"/>
<path d="M1657 3628 c-45 -46 -70 -131 -71 -249 -1 -73 3 -114 13 -132 30 -56
36 -38 36 97 0 127 1 133 34 209 24 56 31 81 23 89 -7 7 -17 4 -35 -14z"/>
<path d="M3734 3605 c-3 -8 4 -35 16 -60 19 -39 21 -58 18 -144 l-3 -99 -47
-68 c-49 -71 -56 -88 -37 -99 27 -17 72 53 102 160 53 193 51 181 33 229 -19
49 -52 96 -67 96 -5 0 -12 -7 -15 -15z"/>
<path d="M3891 3441 c-9 -6 -12 -19 -7 -42 6 -34 -4 -114 -23 -186 -6 -21 -27
-57 -46 -79 -19 -21 -35 -45 -35 -51 0 -23 36 -14 65 17 15 16 32 27 37 24 14
-9 9 -51 -9 -83 -14 -23 -15 -33 -6 -42 9 -9 17 0 36 37 13 27 40 75 61 107
41 64 44 100 8 105 -18 3 -26 -5 -42 -43 -11 -25 -24 -43 -30 -40 -16 10 -12
62 7 80 16 16 31 80 32 136 1 35 -29 72 -48 60z"/>
<path d="M797 1933 c-13 -12 -7 -50 9 -63 12 -11 18 -10 31 3 14 13 14 21 5
42 -11 24 -31 32 -45 18z"/>
<path d="M830 1809 c-29 -15 -43 -17 -69 -9 -38 11 -161 -18 -191 -45 -24 -22
-33 -19 -67 20 -35 39 -56 43 -107 18 -63 -29 -85 -117 -46 -180 18 -30 24
-33 67 -33 25 0 62 5 80 12 26 10 40 9 69 -1 33 -12 38 -11 73 13 43 30 67 32
118 11 47 -20 66 -19 113 5 56 29 62 71 16 110 -22 18 -20 45 6 62 23 16 18
38 -10 37 -9 0 -33 -9 -52 -20z m-364 -84 c8 -20 -13 -45 -37 -45 -13 0 -19 7
-19 23 0 13 3 27 7 30 12 13 44 7 49 -8z"/>
<path d="M929 1559 c-26 -28 -38 -33 -85 -35 -30 -2 -68 -11 -84 -21 -23 -13
-35 -15 -48 -7 -16 11 -108 4 -159 -11 -13 -4 -31 -1 -45 9 -12 9 -39 16 -59
16 -24 0 -42 7 -55 21 -16 18 -27 20 -71 16 -88 -9 -94 -16 -87 -97 5 -46 3
-79 -5 -99 -26 -61 26 -92 90 -54 26 16 29 16 47 0 27 -24 53 -21 77 9 21 26
22 27 73 14 45 -12 56 -12 85 2 18 9 44 14 58 11 41 -7 179 14 198 31 24 22
54 20 77 -5 15 -17 27 -20 63 -16 24 3 47 11 52 18 5 8 8 44 8 82 -1 37 1 71
5 75 4 4 29 12 54 17 31 7 47 15 47 25 0 12 -16 15 -80 16 -44 0 -90 4 -102 8
-18 7 -29 2 -54 -25z"/>
<path d="M4775 1540 c-11 -17 15 -40 44 -40 35 0 55 15 48 34 -7 18 -82 23
-92 6z"/>
<path d="M4570 1455 c-10 -12 -10 -18 0 -30 17 -21 79 -20 87 1 13 35 -62 60
-87 29z"/>
<path d="M4857 1403 c-13 -12 -7 -31 11 -35 26 -7 42 2 42 23 0 13 -7 19 -23
19 -13 0 -27 -3 -30 -7z"/>
<path d="M3515 1356 c-26 -19 -13 -46 22 -46 47 0 59 14 34 39 -25 25 -31 26
-56 7z"/>
<path d="M5092 1280 c-11 -12 -25 -42 -32 -66 -7 -25 -30 -73 -50 -107 -51
-85 -54 -99 -30 -130 15 -18 33 -27 63 -31 23 -2 104 -12 180 -22 84 -10 165
-14 205 -11 60 6 70 10 99 41 17 19 37 54 43 78 6 24 18 58 26 76 9 18 18 49
21 67 5 32 3 36 -29 49 -73 31 -149 44 -429 73 -39 4 -50 1 -67 -17z m193 -56
c33 -3 80 -12 105 -19 25 -7 62 -16 83 -20 39 -6 43 -15 27 -61 l-10 -29 -110
3 c-111 3 -139 -6 -80 -27 24 -8 30 -16 30 -40 0 -25 -5 -32 -26 -37 -37 -10
-226 5 -242 19 -17 14 -12 44 25 131 32 76 60 99 108 91 17 -3 57 -8 90 -11z"/>
<path d="M3315 1260 c-10 -16 4 -30 29 -30 28 0 36 8 29 26 -6 16 -49 19 -58
4z"/>
<path d="M4105 1195 c-5 -1 -44 -8 -85 -14 -84 -14 -156 -27 -245 -46 -33 -8
-77 -16 -97 -20 -21 -3 -44 -13 -53 -21 -29 -29 -17 -55 55 -122 39 -36 79
-80 90 -98 27 -43 92 -69 152 -60 24 4 67 9 97 12 61 7 59 13 30 -89 -13 -45
-12 -48 9 -70 22 -21 29 -22 185 -19 187 3 384 24 402 44 15 14 40 102 57 190
9 48 8 61 -5 81 -20 31 -78 47 -166 47 -87 0 -108 10 -202 95 -39 35 -86 71
-104 79 -29 14 -92 20 -120 11z m70 -105 c8 -13 -39 -24 -72 -15 -21 5 -24 8
-12 16 19 12 76 12 84 -1z m-234 -19 l24 -20 -24 -17 c-27 -19 -14 -34 30 -34
14 0 36 -11 49 -25 13 -14 33 -25 45 -25 40 0 36 -13 -12 -41 -51 -30 -125
-45 -159 -32 -32 12 -176 151 -172 165 6 17 103 46 154 47 28 1 50 -6 65 -18z
m333 -48 c14 -36 -62 -66 -111 -44 -24 11 -25 13 -8 31 9 10 27 20 39 22 57 8
75 6 80 -9z m333 -95 c-3 -9 -29 -13 -85 -13 -82 0 -82 0 -102 -32 -16 -26
-26 -33 -52 -33 -32 -1 -32 -1 -13 -16 11 -8 20 -23 20 -32 0 -9 9 -18 20 -20
11 -2 34 -10 50 -17 17 -7 39 -16 49 -19 15 -5 17 -9 7 -19 -8 -8 -68 -13
-185 -15 -165 -4 -175 -3 -185 15 -15 29 4 86 42 126 27 29 45 37 112 52 44 9
91 20 105 25 14 5 69 9 123 9 75 1 98 -2 94 -11z m-87 -103 c0 -8 -7 -15 -15
-15 -8 0 -15 7 -15 15 0 8 7 15 15 15 8 0 15 -7 15 -15z"/>
<path d="M480 1183 c-26 -10 -60 -46 -60 -64 0 -10 9 -19 22 -21 12 -2 23 -9
26 -15 3 -9 -12 -13 -51 -13 -70 0 -87 7 -87 34 0 12 -6 31 -14 42 -14 17 -16
18 -31 3 -25 -24 -32 -151 -10 -173 23 -23 32 -20 49 13 23 43 72 48 105 10
43 -49 110 -30 98 29 -5 23 -2 32 10 37 26 9 68 -27 70 -61 0 -16 2 -35 2 -41
1 -16 47 -17 57 -2 9 15 35 135 37 173 1 19 -5 33 -18 42 -18 12 -26 11 -58
-6 l-37 -20 -45 20 c-24 11 -45 20 -47 19 -2 0 -10 -3 -18 -6z"/>
<path d="M5628 890 c-25 -13 -73 -22 -155 -30 -270 -24 -282 -29 -264 -96 6
-22 33 -75 61 -119 27 -43 50 -85 50 -91 0 -26 52 -74 78 -74 15 0 86 16 157
36 72 20 159 41 195 46 82 11 116 24 140 55 17 22 18 27 4 65 -8 22 -30 63
-49 89 -19 27 -35 53 -35 57 0 23 -92 82 -127 82 -10 0 -35 -9 -55 -20z m1
-101 l104 2 -6 -34 c-5 -30 -2 -36 19 -46 29 -13 32 -31 5 -31 -32 0 -51 -11
-51 -30 0 -25 -18 -37 -101 -64 -158 -53 -198 -46 -238 41 -13 26 -34 65 -48
85 -46 68 -12 91 122 82 50 -3 137 -5 194 -5z"/>
<path d="M6185 610 c-60 -27 -115 -49 -121 -50 -6 0 -17 -6 -23 -14 -7 -8 -27
-18 -44 -22 -33 -7 -109 -46 -139 -72 -23 -20 -23 -60 2 -122 12 -31 20 -74
20 -110 0 -69 14 -83 89 -94 24 -4 63 -15 87 -26 23 -11 52 -20 62 -20 25 0
72 -37 72 -56 0 -12 -31 -14 -195 -13 -108 1 -198 -1 -202 -5 -3 -3 140 -5
318 -5 178 1 314 4 302 6 -48 9 -55 54 -11 73 124 50 217 81 263 86 67 8 90
26 80 63 -3 14 -9 83 -13 153 -4 70 -11 131 -17 136 -5 5 -50 23 -100 40 -49
17 -126 46 -170 66 -45 20 -95 35 -115 35 -19 0 -84 -23 -145 -49z m169 -56
c9 -3 16 -12 16 -19 0 -8 19 -12 63 -11 56 1 62 -1 65 -21 2 -14 -4 -26 -18
-33 -25 -14 -17 -30 15 -30 39 0 36 -15 -8 -37 -72 -36 -251 -87 -280 -80 -94
23 -237 82 -237 98 0 4 25 21 55 38 40 23 67 31 103 31 27 0 57 6 68 15 10 8
26 15 34 15 8 0 31 9 50 19 38 22 50 24 74 15z m296 -143 c5 -11 10 -35 10
-55 0 -19 4 -46 9 -59 14 -36 -9 -62 -66 -77 -26 -7 -61 -21 -78 -31 -44 -26
-115 -49 -153 -49 -40 0 -55 29 -42 85 12 53 41 88 81 98 85 21 109 32 150 68
49 43 73 48 89 20z m-615 -72 c5 -5 16 -9 24 -9 8 0 33 -9 55 -19 23 -10 63
-22 89 -26 74 -10 88 -31 85 -118 l-3 -72 -40 1 c-22 1 -92 20 -155 42 -144
52 -160 68 -160 157 0 42 4 65 13 68 15 5 78 -11 92 -24z"/>
<path d="M3928 22 c-60 -8 -160 -11 -238 -9 -74 2 -157 1 -185 -3 -27 -4 211
-8 530 -8 410 0 571 3 550 10 -16 6 -111 12 -210 14 -99 2 -217 5 -262 7 -45
1 -129 -4 -185 -11z"/>
<path d="M7093 19 c-18 -5 -33 -12 -33 -14 0 -3 113 -5 251 -5 196 0 250 3
247 12 -6 16 -415 22 -465 7z"/>
<path d="M7630 15 c-11 -13 5 -15 134 -15 89 0 146 4 146 10 0 18 -47 22 -119
11 -47 -7 -78 -8 -96 -1 -36 14 -50 13 -65 -5z"/>
<path d="M3193 3 c9 -2 25 -2 35 0 9 3 1 5 -18 5 -19 0 -27 -2 -17 -5z"/>
<path d="M4678 3 c12 -2 32 -2 45 0 12 2 2 4 -23 4 -25 0 -35 -2 -22 -4z"/>
<path d="M4888 3 c56 -2 148 -2 205 0 56 1 10 3 -103 3 -113 0 -159 -2 -102
-3z"/>
<path d="M5528 3 c17 -2 47 -2 65 0 17 2 3 4 -33 4 -36 0 -50 -2 -32 -4z"/>
</g>
</svg>
