<?xml version="1.0" encoding="UTF-8" standalone="no"?>
<svg
   xmlns:dc="http://purl.org/dc/elements/1.1/"
   xmlns:cc="http://creativecommons.org/ns#"
   xmlns:rdf="http://www.w3.org/1999/02/22-rdf-syntax-ns#"
   xmlns:svg="http://www.w3.org/2000/svg"
   xmlns="http://www.w3.org/2000/svg"
   xmlns:sodipodi="http://sodipodi.sourceforge.net/DTD/sodipodi-0.dtd"
   xmlns:inkscape="http://www.inkscape.org/namespaces/inkscape"
   version="1.0"
   width="1139.5917"
   height="940.44836"
   viewBox="0 0 911.67334 752.35869"
   preserveAspectRatio="xMidYMid meet"
   id="svg2"
   inkscape:version="0.48.4 r9939"
   sodipodi:docname="cassoura1.svg">
  <defs
     id="defs336" />
  <sodipodi:namedview
     pagecolor="#ffffff"
     bordercolor="#666666"
     borderopacity="1"
     objecttolerance="10"
     gridtolerance="10"
     guidetolerance="10"
     inkscape:pageopacity="0"
     inkscape:pageshadow="2"
     inkscape:window-width="1600"
     inkscape:window-height="824"
     id="namedview334"
     showgrid="false"
     inkscape:zoom="0.42180651"
     inkscape:cx="136.32277"
     inkscape:cy="531.9363"
     inkscape:window-x="0"
     inkscape:window-y="24"
     inkscape:window-maximized="1"
     inkscape:current-layer="svg2"
     fit-margin-top="2"
     fit-margin-left="2"
     fit-margin-right="2"
     fit-margin-bottom="2" />
  <metadata
     id="metadata4">
Created by potrace 1.10, written by Peter Selinger 2001-2011
<rdf:RDF>
  <cc:Work
     rdf:about="">
    <dc:format>image/svg+xml</dc:format>
    <dc:type
       rdf:resource="http://purl.org/dc/dcmitype/StillImage" />
  </cc:Work>
</rdf:RDF>
</metadata>
  <rect
     style="fill:#ffffff;fill-opacity:1;stroke:none"
     id="rect3177"
     width="908.47339"
     height="749.15869"
     x="1.6"
     y="1.5999999" />
  <g
     transform="matrix(0.1,0,0,-0.1,8.2966042,743.17224)"
     id="g6"
     style="fill:#000000;stroke:none">
    <path
       d="m 75,6208 c -2,-7 -6,-94 -9,-193 -2,-99 -9,-270 -15,-380 -11,-211 -7,-513 9,-555 13,-38 19,-445 8,-625 -11,-180 -15,-324 -24,-841 -5,-297 -3,-362 8,-365 7,-3 119,-1 248,3 234,8 531,5 985,-10 266,-8 624,-9 1115,-3 179,2 530,1 780,-3 250,-4 571,-8 713,-10 142,-3 273,0 291,5 20,6 37,19 45,35 6,14 19,143 28,287 13,222 14,296 4,482 -14,258 -8,946 10,1110 8,75 9,179 4,330 -10,264 -10,520 0,632 6,73 5,82 -11,90 -16,8 -1758,9 -1869,1 -51,-3 -1795,12 -2063,18 -204,4 -253,3 -257,-8 z m 925,-53 c 261,-1 642,-5 845,-9 331,-7 445,-4 524,15 44,11 -6,-88 -72,-142 -25,-21 -14,-39 24,-39 19,0 32,6 36,18 4,9 16,29 28,44 l 22,26 33,-39 c 29,-36 36,-39 82,-39 30,0 47,4 43,10 -3,6 -14,10 -23,10 -15,0 -35,28 -89,123 -18,32 -2,40 52,29 31,-7 59,-7 83,0 25,7 239,9 632,5 327,-3 596,-6 598,-6 1,-1 2,-11 2,-24 0,-31 24,-62 39,-52 8,4 11,19 7,39 l -6,31 168,0 c 92,0 173,-4 180,-8 16,-11 15,-71 -1,-105 -16,-32 -15,-275 2,-412 12,-107 13,-427 0,-500 -5,-30 -12,-145 -14,-255 -3,-110 -7,-229 -10,-263 -5,-68 11,-533 23,-690 4,-51 4,-121 1,-155 -4,-34 -13,-147 -19,-252 -6,-104 -17,-201 -23,-215 -12,-24 -14,-24 -137,-23 -69,1 -224,4 -345,8 -121,3 -978,7 -1905,8 l -1685,2 2,265 c 2,364 19,840 33,952 8,56 10,134 6,198 -3,58 -15,247 -26,420 -15,238 -18,333 -10,390 9,74 22,433 20,579 l -1,74 203,-9 c 112,-5 417,-9 678,-9 z"
       id="path8"
       inkscape:connector-curvature="0" />
    <path
       d="m 2986,6134 c -9,-8 -16,-19 -16,-23 0,-4 -22,-31 -50,-61 -27,-29 -48,-55 -47,-57 2,-1 18,-6 35,-9 28,-6 34,-3 49,25 25,43 40,46 70,11 17,-20 34,-30 53,-30 30,0 47,14 31,25 -5,3 -24,30 -41,60 -37,65 -61,82 -84,59 z"
       id="path10"
       inkscape:connector-curvature="0" />
    <path
       d="m 2607,6133 c -4,-3 -7,-30 -7,-59 0,-29 -4,-56 -10,-59 -21,-13 -9,-26 23,-23 26,2 32,7 30,26 -3,29 21,29 42,0 12,-18 19,-21 33,-12 9,6 18,23 20,38 3,20 -1,26 -16,26 -10,0 -33,16 -51,35 -30,34 -50,42 -64,28 z"
       id="path12"
       inkscape:connector-curvature="0" />
    <path
       d="m 2775,6120 c -15,-17 -16,-24 -7,-46 7,-13 12,-38 12,-54 0,-26 4,-30 28,-30 39,0 41,4 29,56 -8,33 -8,51 1,64 9,15 7,19 -11,24 -31,8 -32,8 -52,-14 z"
       id="path14"
       inkscape:connector-curvature="0" />
    <path
       d="m 3171,6130 c -10,-5 -12,-19 -7,-43 4,-19 2,-46 -3,-61 -9,-21 -7,-27 10,-37 12,-6 32,-8 46,-4 21,5 24,10 18,28 -4,12 -10,41 -12,65 -5,44 -28,67 -52,52 z"
       id="path16"
       inkscape:connector-curvature="0" />
    <path
       d="m 3432,6128 c -7,-7 -9,-27 -5,-54 3,-28 1,-49 -6,-58 -19,-22 23,-42 56,-27 20,9 22,14 13,30 -5,11 -10,37 -10,58 0,52 -23,76 -48,51 z"
       id="path18"
       inkscape:connector-curvature="0" />
    <path
       d="m 3685,6129 c -4,-6 -4,-25 -1,-43 4,-19 2,-46 -4,-61 -14,-36 1,-48 49,-41 41,6 48,13 33,28 -7,7 -12,29 -12,51 0,21 -5,47 -10,58 -11,20 -45,26 -55,8 z"
       id="path20"
       inkscape:connector-curvature="0" />
    <path
       d="m 3283,6093 c -14,-46 3,-97 37,-108 32,-10 48,10 27,33 -20,22 -21,36 -5,61 9,15 9,23 -1,35 -23,27 -45,19 -58,-21 z"
       id="path22"
       inkscape:connector-curvature="0" />
    <path
       d="m 3546,6098 c -22,-43 -20,-61 9,-92 19,-21 31,-26 48,-20 29,9 35,16 19,21 -20,8 -34,51 -22,72 7,14 5,23 -9,35 -24,22 -27,21 -45,-16 z"
       id="path24"
       inkscape:connector-curvature="0" />
    <path
       d="m 3776,6083 c -12,-12 -6,-33 9,-33 8,0 15,6 15,14 0,17 -14,28 -24,19 z"
       id="path26"
       inkscape:connector-curvature="0" />
    <path
       d="m 3821,6024 c -19,-21 -20,-28 -10,-35 25,-16 44,-5 47,29 4,39 -7,41 -37,6 z"
       id="path28"
       inkscape:connector-curvature="0" />
    <path
       d="m 1249,5988 c -1,-13 0,-37 1,-55 2,-37 -25,-93 -44,-93 -7,0 -19,7 -26,15 -7,8 -21,15 -31,15 -15,0 -19,-7 -19,-34 0,-18 7,-39 15,-46 17,-14 17,-51 -1,-57 -21,-7 -47,73 -41,127 5,45 4,50 -14,50 -18,0 -20,-6 -17,-94 1,-66 -2,-99 -11,-110 -17,-20 -20,-114 -4,-124 6,-4 15,-42 19,-85 4,-42 9,-77 13,-77 3,0 18,15 33,32 23,27 31,31 45,22 10,-6 21,-24 24,-40 11,-57 -15,-75 -32,-24 -20,57 -38,31 -48,-69 -3,-36 -11,-66 -17,-68 -7,-2 -21,11 -33,30 -17,28 -21,50 -21,119 0,50 -6,103 -15,128 -8,23 -15,71 -15,105 0,36 -6,75 -15,91 -19,36 -20,97 -2,92 6,-3 13,-25 15,-51 6,-96 32,-36 32,74 0,65 -15,78 -33,29 -8,-20 -17,-28 -32,-27 -16,2 -21,-5 -23,-30 -4,-38 -21,-42 -47,-13 -23,25 -47,25 -69,1 -21,-23 -14,-42 24,-64 58,-35 120,-139 120,-205 0,-20 7,-62 15,-92 19,-72 20,-174 1,-189 -8,-7 -20,-34 -27,-62 -7,-27 -19,-49 -26,-49 -7,0 -13,5 -13,10 0,14 -46,60 -60,60 -16,0 -12,-47 5,-54 8,-3 15,-14 15,-24 0,-11 7,-39 16,-63 19,-53 24,-383 6,-401 -5,-5 -32,-12 -59,-15 -59,-5 -111,-26 -185,-75 -102,-67 -114,-112 -47,-177 57,-57 161,-89 305,-94 l 106,-4 22,-51 c 12,-29 28,-58 34,-64 7,-7 12,-18 12,-26 0,-8 14,-41 32,-73 l 31,-60 -26,-27 c -34,-35 -34,-59 -2,-74 18,-8 25,-19 25,-39 0,-15 -4,-30 -9,-33 -5,-3 -18,-24 -30,-46 -23,-44 -30,-163 -11,-175 15,-9 12,-57 -5,-99 -15,-35 -12,-81 6,-92 5,-3 18,0 28,6 17,9 19,14 9,35 -7,17 -8,28 -1,37 21,26 24,75 9,113 -9,21 -16,59 -16,85 0,52 27,117 42,102 5,-5 11,-85 14,-177 2,-102 8,-173 15,-182 16,-18 58,-17 66,3 3,8 -2,33 -12,55 -16,34 -17,44 -5,79 10,30 10,46 2,64 -6,14 -14,69 -18,123 -5,83 -4,100 9,112 19,15 37,7 37,-17 0,-10 7,-28 17,-41 13,-20 14,-29 4,-57 -10,-26 -9,-55 4,-144 8,-61 15,-126 15,-145 0,-24 7,-39 25,-54 23,-17 29,-18 53,-6 15,7 45,17 67,22 31,6 42,14 50,36 8,25 6,31 -14,46 -21,16 -22,23 -17,92 12,178 21,219 45,219 20,0 27,-26 30,-105 1,-22 6,-57 12,-79 13,-46 3,-130 -17,-147 -16,-13 -18,-37 -4,-59 14,-23 88,-16 116,11 13,12 24,28 24,34 0,7 13,31 30,53 17,23 30,53 30,66 0,40 18,40 35,0 20,-48 19,-57 -5,-49 -14,4 -20,2 -20,-8 0,-8 -11,-34 -23,-58 -24,-44 -25,-69 -4,-69 25,0 77,47 93,85 10,22 27,50 37,62 l 20,23 32,-20 c 35,-22 45,-18 45,15 0,14 -11,27 -35,38 -69,33 -106,134 -110,302 -1,59 3,76 23,110 14,21 31,60 38,85 7,25 22,70 32,100 11,30 30,93 41,140 32,131 56,214 64,228 12,18 227,16 329,-3 248,-47 276,-59 285,-122 9,-71 -47,-93 -285,-114 -113,-9 -157,-9 -216,1 -78,13 -96,10 -96,-19 0,-61 102,-77 350,-56 258,23 332,49 374,132 20,40 20,54 0,95 -28,59 -106,104 -229,134 -77,18 -383,45 -430,37 -44,-7 -80,19 -70,52 3,11 10,72 14,135 8,111 10,118 57,205 26,50 58,103 71,119 32,39 28,80 -9,84 -32,4 -58,-22 -100,-100 -16,-31 -38,-58 -47,-61 -12,-3 -20,-18 -25,-46 -3,-22 -10,-41 -14,-41 -5,0 -19,-10 -31,-21 -22,-20 -23,-27 -17,-102 7,-90 19,-116 35,-74 22,58 31,27 25,-90 -3,-87 -9,-121 -19,-129 -8,-6 -15,-20 -15,-31 0,-29 -33,-56 -49,-40 -14,14 -31,-6 -31,-38 0,-12 -5,-26 -11,-32 -15,-15 -24,-119 -10,-127 13,-8 15,-76 3,-76 -5,0 -13,10 -19,22 -9,20 -10,18 -17,-21 -3,-23 -13,-52 -20,-64 -8,-12 -20,-47 -27,-77 -8,-30 -22,-63 -31,-72 -22,-22 -23,-34 -3,-42 17,-6 20,-32 5,-41 -6,-3 -13,2 -17,12 -3,10 -15,26 -26,37 -15,15 -18,27 -13,60 7,41 27,105 52,163 8,17 14,46 14,65 0,19 5,39 10,44 9,9 17,42 52,209 12,61 13,126 3,181 -9,49 9,70 25,30 15,-42 30,-30 30,23 0,28 4,52 9,55 5,3 14,27 20,52 11,43 10,49 -9,69 -19,21 -21,31 -16,86 8,76 35,114 77,105 51,-10 65,41 28,100 -19,31 -20,45 -16,142 11,243 35,359 86,423 25,31 30,46 28,81 -3,55 -23,60 -71,18 -59,-52 -78,-91 -71,-147 6,-54 -15,-128 -37,-128 -10,0 -13,18 -13,72 0,54 -4,76 -18,91 -15,17 -16,23 -6,40 23,37 -15,77 -52,54 -10,-7 -25,-12 -33,-12 -24,0 -28,-17 -11,-56 21,-50 21,-336 0,-414 -16,-61 -19,-128 -6,-148 17,-27 -32,-120 -71,-135 -13,-5 -18,-17 -18,-46 0,-22 5,-43 10,-46 6,-3 10,-32 11,-63 1,-31 5,-68 9,-82 11,-30 6,129 -5,176 -9,39 9,53 35,29 17,-16 19,-15 22,7 2,13 8,22 13,20 6,-1 8,-26 5,-60 -6,-72 -4,-240 5,-356 5,-55 3,-96 -3,-110 -6,-11 -13,-46 -16,-76 -8,-76 -38,-170 -55,-170 -14,0 -13,25 5,175 5,40 3,54 -10,64 -9,8 -18,12 -21,10 -2,-3 -7,-56 -11,-119 -6,-100 -4,-117 10,-129 21,-17 23,-156 3,-180 -7,-9 -19,-38 -26,-66 -15,-62 -28,-80 -47,-64 -20,17 -17,73 6,116 11,21 20,52 20,69 0,19 6,34 15,38 9,3 15,18 15,36 0,20 -5,30 -15,30 -9,0 -15,-9 -15,-24 0,-35 -18,-42 -32,-12 -25,55 -31,27 -25,-108 7,-138 2,-161 -29,-135 -11,9 -14,22 -9,45 8,44 -5,166 -18,161 -14,-4 -36,-93 -37,-145 0,-23 6,-53 14,-65 20,-31 30,-87 16,-87 -21,0 -70,-44 -70,-62 0,-25 -18,-30 -65,-19 -35,8 -37,10 -17,16 25,8 30,40 6,49 -9,3 -30,6 -48,6 -46,0 -56,16 -56,86 0,40 -5,66 -14,73 -10,8 -12,29 -8,79 7,101 -2,112 -89,112 l -69,0 6,27 c 5,18 2,30 -8,37 -8,6 -19,25 -25,41 -11,35 -25,36 -35,3 -5,-20 -6,-18 -7,10 -1,25 -5,32 -22,32 -19,0 -20,-4 -14,-41 5,-27 3,-44 -4,-48 -19,-12 -213,26 -241,47 -58,43 -31,88 79,131 87,35 123,24 135,-41 4,-21 12,-38 18,-38 10,0 7,46 -7,103 -6,23 -4,27 13,27 25,0 32,18 32,85 0,34 5,55 13,58 8,2 12,28 12,78 1,222 6,355 13,367 7,10 15,10 37,2 27,-10 28,-12 22,-73 -3,-34 -2,-73 2,-87 7,-21 9,-15 15,31 5,31 6,73 4,95 -4,45 21,56 32,14 11,-41 -10,-313 -25,-325 -16,-13 -8,-125 9,-125 14,0 35,66 47,152 5,35 13,85 17,111 5,26 6,85 2,130 -4,45 -6,85 -3,90 9,15 41,6 46,-13 8,-32 33,-23 45,17 8,27 8,40 0,50 -12,15 -44,17 -53,3 -4,-6 -10,-8 -15,-5 -12,7 -1,237 15,315 7,36 11,82 8,103 -4,30 -1,43 18,63 12,13 28,24 35,24 7,0 17,28 25,70 11,62 10,75 -4,105 -14,29 -22,35 -47,35 -24,0 -30,-4 -31,-22 z m 601,-400 c 0,-188 6,-221 34,-182 13,17 14,16 21,-5 4,-13 2,-28 -4,-34 -6,-6 -11,-23 -11,-38 0,-35 -5,-38 -61,-32 l -47,5 6,82 c 3,53 10,85 19,91 12,9 14,42 14,159 -1,81 2,152 5,158 17,27 24,-32 24,-204 z m -690,77 c 0,-4 7,-22 16,-40 16,-35 16,-84 -1,-88 -5,-1 -11,12 -13,28 -5,43 -17,51 -46,31 -14,-9 -30,-16 -36,-16 -21,0 -3,116 21,130 11,7 59,-30 59,-45 z m 750,-84 c 0,-17 -4,-32 -9,-35 -11,-7 -24,41 -16,54 12,20 25,9 25,-19 z m 14,-317 c 22,-9 10,-24 -20,-24 -15,0 -24,-6 -24,-15 0,-17 -16,-20 -25,-6 -3,5 7,19 21,30 30,24 27,23 48,15 z m -73,-116 c 14,-25 7,-164 -9,-180 -22,-22 -32,5 -32,87 0,112 14,144 41,93 z M 980,5014 c -9,-23 -13,-25 -20,-14 -11,18 -13,91 -3,117 6,14 10,7 20,-28 10,-35 11,-54 3,-75 z m 920,-545 c 0,-18 -4,-28 -10,-24 -5,3 -10,20 -10,36 0,18 4,28 10,24 6,-3 10,-20 10,-36 z m -730,-213 c 0,-5 6,-2 13,9 31,41 51,-24 22,-69 -14,-21 -14,-24 0,-36 17,-14 20,-65 5,-75 -6,-4 -13,7 -16,24 -4,17 -13,36 -20,42 -8,6 -14,22 -14,34 0,12 -7,28 -15,35 -15,13 -21,61 -8,74 8,8 33,-21 33,-38 z m 530,-269 c 0,-15 -45,-25 -85,-18 -62,10 -58,56 6,70 29,7 37,4 56,-18 12,-14 22,-29 23,-34 z m -91,-83 c 2,-10 12,-25 22,-32 17,-12 19,-27 19,-156 0,-107 -3,-147 -14,-162 -14,-18 -15,-18 -26,11 -7,17 -11,69 -9,120 4,149 1,185 -16,185 -21,0 -30,27 -15,45 16,19 34,14 39,-11 z m 132,-6 c 27,-33 26,-140 -2,-203 -14,-31 -24,-44 -31,-37 -5,5 -12,55 -15,110 -8,144 5,180 48,130 z m -253,-65 c -4,-36 -38,-45 -38,-10 0,27 7,37 27,37 10,0 13,-9 11,-27 z m -73,-25 c 32,-14 45,-56 21,-73 -20,-15 -21,-45 -1,-71 21,-28 19,-78 -5,-99 -24,-22 -56,-13 -45,13 21,48 18,72 -14,99 -25,23 -31,35 -31,70 0,32 5,46 22,57 27,19 21,19 53,4 z"
       id="path30"
       inkscape:connector-curvature="0" />
    <path
       d="m 1639,5983 c -9,-10 -22,-28 -28,-40 -7,-14 -21,-23 -36,-23 -13,0 -27,-5 -30,-10 -4,-7 -12,-7 -23,-1 -11,6 -26,4 -47,-7 -16,-8 -41,-16 -55,-16 -19,-1 -26,-9 -34,-34 -17,-60 19,-62 54,-4 8,15 11,15 20,2 5,-8 10,-32 10,-52 0,-26 6,-40 19,-47 17,-9 20,-5 30,34 8,33 16,45 30,45 10,0 23,12 30,26 15,33 23,26 39,-39 20,-77 25,-133 14,-154 -11,-19 -9,-23 -27,63 -3,14 -11,24 -18,21 -16,-6 -13,-84 6,-144 10,-30 17,-101 20,-186 4,-138 3,-139 -20,-148 -15,-5 -23,-17 -23,-31 0,-13 -9,-43 -20,-67 -33,-71 -25,-126 28,-198 24,-32 24,-34 13,-150 -12,-130 -18,-203 -25,-308 -5,-60 -4,-66 6,-37 7,20 18,32 29,32 23,0 27,22 34,220 5,115 11,172 21,187 16,25 19,89 5,97 -5,4 -12,-7 -16,-23 -3,-16 -13,-35 -20,-41 -12,-10 -16,-8 -24,11 -23,64 -23,87 3,132 21,35 26,57 26,110 0,73 13,92 41,58 25,-30 32,-13 35,79 1,41 7,109 12,150 16,111 15,274 -2,314 -7,18 -17,61 -21,95 -4,33 -15,71 -24,82 -16,20 -17,20 -32,2 z m 57,-353 c -11,-212 -25,-317 -41,-313 -6,2 -11,63 -13,148 -2,115 1,151 13,174 8,17 15,52 15,80 0,27 3,58 7,68 13,34 24,-57 19,-157 z"
       id="path32"
       inkscape:connector-curvature="0" />
    <path
       d="m 2360,5891 -35,-6 3,-51 c 2,-45 -1,-52 -23,-64 -20,-11 -27,-11 -40,0 -18,15 -21,106 -4,112 6,2 -11,3 -38,2 -53,-1 -52,1 -30,-79 19,-71 71,-94 137,-60 26,13 30,21 30,54 0,61 7,71 50,71 32,0 39,-4 50,-29 7,-18 24,-34 41,-40 37,-13 38,-22 2,-15 -30,5 -74,-13 -81,-33 -5,-18 59,-17 83,1 15,10 23,11 37,2 23,-14 52,2 56,33 2,15 -4,24 -22,31 -13,5 -30,18 -35,29 -17,31 -111,53 -181,42 z"
       id="path34"
       inkscape:connector-curvature="0" />
    <path
       d="m 2669,5893 c -42,-6 -62,-34 -49,-68 6,-16 10,-35 9,-44 -3,-36 2,-41 40,-41 50,0 58,12 30,49 -24,33 -19,65 12,82 11,5 17,14 14,20 -6,9 -9,9 -56,2 z"
       id="path36"
       inkscape:connector-curvature="0" />
    <path
       d="m 3935,5890 c -16,-4 -23,-8 -15,-9 8,-1 26,-13 39,-26 27,-29 46,-32 55,-9 8,21 8,20 -10,38 -17,17 -23,18 -69,6 z"
       id="path38"
       inkscape:connector-curvature="0" />
    <path
       d="m 2848,5878 c 21,-28 25,-78 6,-99 -16,-17 -16,-22 -4,-29 19,-12 71,-12 90,0 12,7 12,12 2,22 -23,23 -14,39 20,36 31,-3 33,-1 38,32 5,31 7,33 16,16 14,-24 49,-17 49,9 0,16 -8,21 -40,23 -33,3 -43,-1 -62,-24 l -22,-28 -10,27 c -9,23 -16,27 -52,27 -32,0 -39,-3 -31,-12 z"
       id="path40"
       inkscape:connector-curvature="0" />
    <path
       d="m 3108,5833 c -3,-52 -5,-58 -26,-61 -13,-2 -21,-9 -19,-15 6,-18 191,-19 214,-2 13,10 15,17 7,25 -9,9 -22,8 -53,-1 -46,-14 -69,-3 -57,26 4,12 10,14 25,6 14,-8 22,-7 30,3 14,17 -4,32 -32,28 -9,-2 -20,5 -24,15 -8,22 -23,33 -45,33 -14,0 -18,-11 -20,-57 z"
       id="path42"
       inkscape:connector-curvature="0" />
    <path
       d="m 3248,5860 c 22,-25 29,-28 40,-17 21,22 4,47 -33,47 l -33,0 26,-30 z"
       id="path44"
       inkscape:connector-curvature="0" />
    <path
       d="m 3353,5853 c 21,-36 21,-37 -7,-104 -6,-14 1,-18 41,-21 60,-6 69,-1 47,23 -13,14 -15,31 -12,70 6,55 6,54 -54,62 l -36,5 21,-35 z"
       id="path46"
       inkscape:connector-curvature="0" />
    <path
       d="m 3517,5872 c 3,-9 18,-27 32,-38 22,-19 24,-24 12,-38 -7,-9 -21,-16 -31,-16 -20,0 -43,-23 -33,-33 15,-16 73,-7 85,13 16,25 33,25 51,0 12,-18 28,-20 173,-24 165,-4 194,1 194,34 0,15 -7,20 -28,20 -26,0 -28,3 -24,30 5,32 -13,41 -36,18 -13,-13 -42,5 -42,28 0,14 -35,28 -49,20 -5,-4 -5,-21 -1,-42 11,-47 -3,-87 -28,-81 -9,3 -35,8 -57,12 -69,12 -97,52 -50,73 14,6 25,16 25,22 0,15 -37,12 -54,-5 -18,-19 -45,-19 -60,-1 -6,7 -28,16 -48,19 -31,5 -36,3 -31,-11 z m 408,-72 c 16,-18 15,-50 -2,-50 -19,1 -55,41 -49,55 8,21 29,19 51,-5 z"
       id="path48"
       inkscape:connector-curvature="0" />
    <path
       d="m 1316,5720 c 7,-78 11,-91 22,-74 4,6 17,16 30,23 30,16 28,49 -3,63 -14,6 -25,14 -25,18 0,3 -7,15 -15,26 -15,17 -15,13 -9,-56 z"
       id="path50"
       inkscape:connector-curvature="0" />
    <path
       d="m 1514,5660 c -4,-23 -13,-44 -21,-47 -11,-4 -12,-8 -3,-13 9,-6 9,-13 1,-28 -14,-26 -15,-139 -1,-147 15,-9 12,-76 -5,-105 -8,-14 -14,-36 -15,-49 0,-23 1,-23 18,-8 21,19 42,6 42,-26 0,-10 5,-15 10,-12 6,3 10,46 10,94 0,82 -2,89 -21,94 -20,5 -21,10 -14,79 4,40 14,80 22,89 9,11 13,33 11,65 -4,61 -25,70 -34,14 z"
       id="path52"
       inkscape:connector-curvature="0" />
    <path
       d="m 2330,5664 c -14,-3 -35,-10 -48,-16 -18,-9 -28,-9 -42,0 -11,7 -26,12 -35,12 -28,0 -161,-64 -158,-76 3,-11 71,-34 127,-45 48,-8 50,-8 80,27 30,34 33,35 121,40 104,7 155,20 155,40 0,10 -12,14 -37,14 -21,0 -60,2 -88,4 -27,3 -61,2 -75,0 z"
       id="path54"
       inkscape:connector-curvature="0" />
    <path
       d="m 3265,5629 c -16,-5 -48,-7 -71,-4 -22,3 -48,3 -56,0 -14,-6 -14,-9 -1,-37 13,-24 13,-37 4,-68 -15,-51 -16,-50 32,-50 54,0 58,4 44,40 -12,33 -4,49 16,32 15,-13 27,-6 27,16 0,10 -8,13 -26,9 -21,-4 -25,-1 -22,17 2,17 9,20 33,18 17,-2 34,-10 38,-18 9,-15 43,-19 51,-6 6,10 -16,55 -29,58 -5,1 -23,-2 -40,-7 z"
       id="path56"
       inkscape:connector-curvature="0" />
    <path
       d="m 1388,5623 c -14,-4 -18,-14 -17,-46 1,-48 16,-107 18,-71 1,11 8,29 16,40 15,20 20,70 8,77 -5,2 -16,2 -25,0 z"
       id="path58"
       inkscape:connector-curvature="0" />
    <path
       d="m 2840,5621 c 0,-5 5,-13 11,-17 8,-4 10,-29 6,-69 l -5,-63 52,-4 c 59,-4 135,11 160,31 12,10 16,26 14,54 -2,33 -9,44 -33,58 -33,19 -85,25 -85,9 0,-6 11,-15 24,-19 47,-18 49,-73 4,-101 -42,-25 -52,-15 -58,63 l -5,62 -42,3 c -24,2 -43,-1 -43,-7 z"
       id="path60"
       inkscape:connector-curvature="0" />
    <path
       d="m 1291,5551 c -6,-11 -9,-26 -7,-33 2,-7 7,-26 11,-42 9,-41 23,-21 27,38 3,53 -13,72 -31,37 z"
       id="path62"
       inkscape:connector-curvature="0" />
    <path
       d="m 3281,5514 c -28,-32 -22,-53 13,-47 28,6 37,22 29,52 -7,27 -15,26 -42,-5 z"
       id="path64"
       inkscape:connector-curvature="0" />
    <path
       d="m 1563,5480 c 0,-25 2,-35 4,-22 2,12 2,32 0,45 -2,12 -4,2 -4,-23 z"
       id="path66"
       inkscape:connector-curvature="0" />
    <path
       d="m 1407,5413 c -2,-5 -7,-20 -11,-36 -4,-15 -16,-37 -27,-48 -18,-18 -20,-29 -15,-67 3,-24 6,-55 6,-67 0,-21 3,-22 23,-12 18,8 22,17 19,43 -2,17 2,42 9,55 18,34 29,91 22,117 -5,22 -18,29 -26,15 z"
       id="path68"
       inkscape:connector-curvature="0" />
    <path
       d="m 2783,5353 c -4,-10 -23,-39 -42,-65 -41,-56 -74,-64 -93,-22 -9,20 -9,27 1,33 7,5 11,19 9,32 -2,20 -10,25 -40,27 -37,3 -38,3 -32,-26 4,-17 1,-32 -5,-36 -7,-5 -4,-20 9,-47 l 20,-39 75,0 c 73,0 75,1 75,24 0,19 7,26 31,31 34,8 45,1 51,-30 3,-18 12,-20 106,-23 95,-3 102,-1 102,17 0,11 -6,22 -12,24 -8,4 -7,6 3,6 9,1 23,-9 31,-21 13,-20 18,-21 42,-10 37,16 35,50 -4,63 -16,6 -30,14 -30,18 0,4 -9,17 -20,29 -17,17 -32,22 -75,22 -42,0 -55,-3 -55,-15 0,-9 9,-15 24,-15 48,0 76,-75 32,-86 -47,-11 -78,-1 -97,34 -9,19 -24,41 -33,51 -9,10 -16,23 -16,29 0,19 -50,14 -57,-5 z"
       id="path70"
       inkscape:connector-curvature="0" />
    <path
       d="m 2440,5351 c 0,-5 7,-14 15,-21 23,-19 19,-77 -6,-91 -35,-19 -4,-39 51,-32 l 45,5 0,74 0,74 -52,0 c -29,0 -53,-4 -53,-9 z"
       id="path72"
       inkscape:connector-curvature="0" />
    <path
       d="m 3165,5336 c -13,-19 -14,-29 -6,-45 6,-11 11,-33 11,-50 0,-29 2,-31 40,-31 45,0 47,4 24,49 -16,31 -15,34 5,62 11,15 21,31 21,34 0,3 -18,5 -40,5 -31,0 -43,-5 -55,-24 z"
       id="path74"
       inkscape:connector-curvature="0" />
    <path
       d="m 3301,5339 c -19,-18 -22,-29 -17,-57 9,-60 36,-77 112,-75 76,3 101,14 114,49 11,28 0,56 -31,87 -28,27 -147,24 -178,-4 z m 141,-26 c 26,-24 23,-61 -6,-69 -39,-9 -78,0 -92,21 -32,48 52,89 98,48 z"
       id="path76"
       inkscape:connector-curvature="0" />
    <path
       d="m 3554,5334 c -8,-29 21,-56 70,-64 16,-3 31,-10 33,-17 6,-18 -28,-21 -71,-6 -48,16 -46,17 -46,-6 0,-31 21,-38 98,-33 60,3 74,8 83,24 16,29 -18,72 -58,76 -17,2 -41,14 -54,28 -29,31 -47,31 -55,-2 z"
       id="path78"
       inkscape:connector-curvature="0" />
    <path
       d="m 3640,5350 c 0,-14 37,-31 54,-24 30,12 18,34 -19,34 -19,0 -35,-4 -35,-10 z"
       id="path80"
       inkscape:connector-curvature="0" />
    <path
       d="m 1473,5185 c 0,-33 2,-45 4,-27 2,18 2,45 0,60 -2,15 -4,0 -4,-33 z"
       id="path82"
       inkscape:connector-curvature="0" />
    <path
       d="m 1907,5153 c -9,-8 -9,-56 -1,-77 12,-32 24,-15 24,34 0,46 -7,60 -23,43 z"
       id="path84"
       inkscape:connector-curvature="0" />
    <path
       d="m 1259,5138 c -1,-2 -4,-78 -8,-169 -6,-163 -6,-166 -35,-204 -16,-21 -30,-52 -31,-69 -1,-17 -5,-42 -9,-56 -7,-24 -7,-24 9,-5 14,17 17,18 25,5 13,-21 12,-26 -6,-45 -13,-13 -15,-28 -10,-69 4,-38 2,-58 -8,-72 -12,-16 -15,-16 -20,-4 -11,31 -28,108 -40,180 -7,48 -14,69 -18,58 -14,-36 -37,-20 -40,27 -2,25 -7,46 -13,48 -16,3 -18,-69 -2,-85 8,-8 18,-34 22,-59 4,-24 15,-71 26,-103 10,-33 19,-69 19,-80 0,-40 13,-47 69,-39 l 53,8 4,70 c 8,108 7,187 -1,222 -6,26 -3,33 14,42 12,7 21,19 21,29 0,9 9,31 20,47 24,36 25,51 5,89 -19,35 -19,55 0,80 18,24 19,52 4,112 -8,32 -16,44 -30,44 -11,0 -20,-1 -20,-2 z"
       id="path86"
       inkscape:connector-curvature="0" />
    <path
       d="m 2566,5090 c -40,-7 -55,-33 -33,-58 21,-23 22,-32 2,-32 -21,0 -30,-27 -15,-45 15,-18 146,-20 168,-3 31,26 -1,88 -46,88 -12,0 -22,5 -22,11 0,7 9,9 21,6 28,-7 49,2 49,20 0,12 -9,15 -45,11 -24,-3 -45,-3 -47,1 -2,4 -16,4 -32,1 z m 73,-99 c 20,-13 4,-31 -28,-31 -26,0 -51,16 -51,32 0,11 61,10 79,-1 z"
       id="path88"
       inkscape:connector-curvature="0" />
    <path
       d="m 2768,5093 c -21,-5 -23,-14 -7,-30 5,-5 9,-30 7,-54 -3,-37 -7,-44 -28,-49 -45,-11 -6,-17 95,-16 96,1 100,2 103,24 4,27 -15,29 -57,5 -37,-22 -48,-13 -53,41 -2,28 2,42 14,50 25,16 47,-7 31,-33 -7,-10 -9,-22 -6,-25 13,-13 22,-5 25,22 2,23 8,27 33,27 20,0 31,6 33,18 3,15 -5,17 -65,17 -37,0 -77,2 -88,4 -11,2 -28,2 -37,-1 z"
       id="path90"
       inkscape:connector-curvature="0" />
    <path
       d="m 3080,5093 c -76,-5 -100,-21 -100,-70 0,-56 38,-83 116,-83 50,0 64,3 64,15 0,15 -12,18 -66,15 -24,-1 -33,4 -42,26 -7,14 -10,35 -6,46 5,18 13,19 67,16 56,-3 62,-1 62,17 0,22 -4,23 -95,18 z"
       id="path92"
       inkscape:connector-curvature="0" />
    <path
       d="m 3216,5073 c -26,-14 -28,-19 -23,-54 8,-62 37,-79 127,-76 72,2 75,3 97,36 25,37 20,61 -21,93 -27,22 -138,23 -180,1 z m 152,-55 c 2,-28 -1,-39 -16,-47 -29,-15 -76,1 -86,31 -16,45 -2,59 51,56 47,-3 48,-3 51,-40 z"
       id="path94"
       inkscape:connector-curvature="0" />
    <path
       d="m 3477,5083 c -11,-11 -8,-48 5,-61 9,-9 9,-15 0,-24 -20,-20 -15,-58 7,-58 23,0 36,16 21,25 -5,3 -10,13 -10,21 0,16 47,19 70,4 13,-9 13,-12 -2,-24 -27,-20 -22,-26 20,-26 63,0 82,38 39,78 -14,13 -36,22 -55,22 -18,0 -32,5 -32,11 0,7 11,9 31,5 33,-6 73,9 64,25 -7,10 -148,13 -158,2 z"
       id="path96"
       inkscape:connector-curvature="0" />
    <path
       d="m 1398,4998 c -8,-14 -12,-53 -11,-102 1,-55 -3,-86 -13,-100 -15,-22 -20,-121 -5,-112 18,11 35,-27 35,-78 -1,-28 -9,-77 -18,-108 -16,-53 -21,-59 -62,-77 -51,-23 -64,-45 -41,-69 15,-15 19,-14 41,7 38,36 47,20 46,-82 -1,-51 4,-108 9,-127 6,-19 11,-50 11,-67 0,-29 3,-33 25,-33 25,0 26,1 19,53 -4,28 -11,63 -17,77 -16,40 -16,291 0,297 16,6 30,59 38,148 6,61 4,73 -12,94 -18,22 -19,37 -15,163 4,140 -2,165 -30,116 z"
       id="path98"
       inkscape:connector-curvature="0" />
    <path
       d="m 1505,4968 c 4,-18 9,-64 12,-103 7,-104 23,-105 23,-2 0,83 -13,137 -33,137 -5,0 -6,-14 -2,-32 z"
       id="path100"
       inkscape:connector-curvature="0" />
    <path
       d="m 1677,4795 c -3,-22 -2,-56 2,-75 8,-34 8,-34 15,-10 4,14 3,48 -1,75 l -9,50 -7,-40 z"
       id="path102"
       inkscape:connector-curvature="0" />
    <path
       d="m 1951,4738 c 1,-47 3,-57 9,-38 12,36 12,88 0,95 -6,4 -10,-17 -9,-57 z"
       id="path104"
       inkscape:connector-curvature="0" />
    <path
       d="m 1735,4737 c -9,-45 -3,-90 13,-95 9,-3 12,13 12,57 0,67 -16,90 -25,38 z"
       id="path106"
       inkscape:connector-curvature="0" />
    <path
       d="m 1010,4565 c 0,-30 5,-55 10,-55 6,0 10,25 10,55 0,30 -4,55 -10,55 -5,0 -10,-25 -10,-55 z"
       id="path108"
       inkscape:connector-curvature="0" />
    <path
       d="m 1622,4440 c 0,-19 2,-27 5,-17 2,9 2,25 0,35 -3,9 -5,1 -5,-18 z"
       id="path110"
       inkscape:connector-curvature="0" />
    <path
       d="m 1532,3630 c 0,-19 2,-27 5,-17 2,9 2,25 0,35 -3,9 -5,1 -5,-18 z"
       id="path112"
       inkscape:connector-curvature="0" />
    <path
       d="m 6910,6189 c -107,-4 -490,-7 -850,-7 -1353,1 -1292,2 -1313,-23 -17,-21 -18,-46 -12,-408 18,-1108 20,-1635 5,-1706 -40,-199 -51,-752 -16,-801 12,-16 66,-17 802,-19 545,-1 834,-6 934,-15 113,-10 302,-11 850,-4 388,4 728,8 755,8 28,1 106,-2 175,-5 69,-3 139,-3 155,0 l 30,7 -30,16 c -62,33 -229,40 -742,32 -584,-10 -795,-10 -1133,0 -228,6 -993,19 -1160,20 -127,1 -495,-13 -525,-19 -24,-5 -35,-2 -50,15 -19,21 -20,37 -19,294 0,174 4,283 12,306 6,19 13,80 16,135 3,55 10,146 15,202 6,61 7,112 2,126 -5,13 -6,41 -2,63 3,21 2,156 -2,299 -6,161 -6,281 0,315 6,32 7,118 2,205 -4,83 -8,317 -8,521 -1,313 1,373 14,384 11,9 151,10 612,5 329,-4 726,-6 883,-4 363,5 1610,4 2102,-1 l 377,-4 7,-76 c 4,-50 3,-90 -6,-120 -30,-110 -46,-309 -31,-403 22,-147 28,-702 9,-902 -17,-171 -14,-365 9,-550 11,-95 18,-228 19,-365 1,-118 3,-260 5,-315 4,-95 3,-100 -17,-103 -13,-2 -40,13 -70,38 -27,22 -52,40 -56,40 -3,0 -32,22 -64,49 -32,27 -69,52 -83,55 -14,3 -47,25 -73,48 -47,43 -73,62 -158,119 -52,35 -168,127 -272,218 -128,111 -140,121 -145,121 -3,0 -22,14 -43,30 -21,17 -40,30 -44,30 -3,0 -41,26 -84,58 -92,67 -103,75 -162,103 -25,12 -52,25 -60,30 -8,5 -42,22 -75,39 -101,51 -143,77 -206,124 -79,60 -149,73 -149,30 0,-9 27,-46 60,-82 33,-37 60,-70 60,-74 0,-8 16,-29 76,-97 17,-20 36,-46 43,-58 6,-12 61,-49 122,-82 60,-34 122,-73 137,-87 15,-14 71,-54 124,-90 54,-36 100,-69 103,-74 4,-6 14,-10 23,-10 9,0 64,-41 122,-91 58,-50 146,-118 195,-151 50,-33 104,-72 120,-87 17,-16 52,-43 79,-62 27,-19 69,-48 94,-65 24,-17 53,-45 64,-62 l 19,-30 112,0 c 62,0 138,-5 170,-11 45,-10 61,-10 72,-1 21,18 21,679 0,865 -17,149 -20,437 -5,581 18,187 16,461 -8,886 -6,98 -4,163 6,230 19,135 30,380 17,395 -7,9 -193,13 -720,18 -390,4 -780,8 -865,8 -85,1 -243,-1 -350,-4 z m 320,-1869 c 11,-11 20,-33 20,-48 0,-23 10,-35 58,-68 42,-29 58,-46 60,-67 2,-15 -2,-27 -8,-27 -21,0 -50,21 -50,35 0,8 -4,15 -8,15 -4,0 -21,21 -37,46 -16,26 -40,53 -52,61 -22,14 -31,52 -16,66 9,10 11,9 33,-13 z m 185,-88 c 28,-10 56,-23 63,-29 7,-7 18,-13 23,-13 5,0 9,-7 9,-15 0,-21 -53,-19 -112,3 -47,18 -77,45 -78,70 0,14 5,13 95,-16 z m 318,-276 c 7,-17 -1,-26 -24,-26 -21,0 -33,15 -24,30 9,15 42,12 48,-4 z m 211,-162 c 3,-8 2,-14 -2,-14 -10,0 -32,22 -32,32 0,12 28,-2 34,-18 z m 71,-54 c 27,-30 12,-34 -15,-5 -13,14 -19,25 -13,25 5,0 18,-9 28,-20 z m 440,-341 c 4,-5 18,-14 31,-19 24,-9 34,-40 13,-40 -14,0 -79,50 -79,61 0,13 27,11 35,-2 z"
       id="path114"
       inkscape:connector-curvature="0" />
    <path
       d="m 5467,5954 c -11,-11 19,-45 62,-67 22,-12 58,-39 80,-59 43,-42 51,-45 51,-23 0,28 25,15 80,-40 37,-38 68,-59 95,-66 80,-22 88,-27 82,-57 -5,-23 1,-32 41,-62 73,-53 148,-132 156,-162 3,-15 39,-60 79,-101 90,-93 151,-165 155,-183 7,-27 -21,-13 -62,31 -25,27 -51,45 -64,45 -12,0 -22,-2 -22,-5 0,-2 21,-25 46,-50 l 47,-46 -12,-40 c -12,-39 -14,-41 -46,-35 -18,4 -36,2 -40,-3 -9,-16 -37,-1 -81,45 -22,23 -52,46 -67,49 -20,5 -27,13 -27,31 0,19 -5,24 -25,24 -13,0 -28,-6 -32,-14 -7,-11 -15,-10 -49,8 -51,26 -129,72 -165,97 -15,10 -38,21 -52,24 -14,4 -38,25 -53,46 -15,22 -34,39 -43,37 -25,-3 -59,11 -65,27 -9,24 -36,18 -36,-7 0,-21 38,-68 55,-68 11,0 105,-73 105,-81 0,-4 -8,-9 -17,-13 -10,-3 -24,-9 -32,-12 -9,-5 -11,-1 -7,14 5,15 2,22 -13,27 -10,3 -22,12 -25,20 -3,8 -12,15 -20,15 -7,0 -16,7 -20,15 -3,8 -11,15 -18,15 -25,0 -122,114 -115,134 2,6 20,10 40,8 41,-4 45,2 21,29 -9,10 -14,26 -10,35 9,24 66,12 113,-23 37,-27 153,-123 163,-134 23,-26 147,-109 164,-109 12,-1 37,-14 56,-30 34,-30 60,-38 60,-20 0,6 -4,10 -9,10 -4,0 -48,40 -97,90 -49,49 -124,116 -166,147 -43,32 -78,63 -78,68 0,25 -46,95 -63,95 -15,0 -18,-7 -16,-40 4,-57 -17,-57 -48,0 -24,43 -53,46 -71,8 -11,-24 -15,-26 -33,-15 -17,10 -22,9 -35,-7 -8,-11 -12,-28 -8,-38 4,-12 0,-18 -11,-18 -9,0 -13,5 -9,11 7,12 -22,73 -49,101 -10,10 -15,23 -12,28 3,5 -1,20 -9,32 -20,30 -32,108 -18,108 6,0 17,-7 24,-15 44,-52 97,-105 106,-105 15,0 26,21 15,29 -5,3 -18,21 -28,39 -11,17 -23,32 -28,32 -12,0 -67,42 -67,52 0,17 37,7 70,-20 40,-33 80,-47 80,-28 0,7 -5,17 -11,23 -7,7 -9,19 -5,29 6,14 10,13 31,-10 26,-28 32,-51 15,-61 -15,-10 -12,-35 5,-35 8,0 15,5 15,12 0,9 3,9 12,0 7,-7 22,-12 34,-12 20,0 74,-65 74,-89 0,-18 41,-23 58,-8 9,8 36,17 60,20 56,7 62,14 33,37 -18,13 -29,15 -40,8 -21,-13 -71,6 -71,27 0,8 -6,15 -14,15 -7,0 -40,27 -72,60 -37,37 -67,60 -81,60 -14,0 -23,6 -23,15 0,8 -6,15 -14,15 -7,0 -19,7 -26,15 -10,12 -15,12 -36,-2 -23,-15 -26,-14 -48,6 -24,23 -51,27 -61,11 -4,-6 -21,-8 -41,-4 -48,9 -78,-17 -62,-52 6,-13 16,-24 22,-24 17,-1 61,-38 54,-45 -10,-11 -68,18 -68,33 0,18 -24,10 -28,-9 -1,-8 11,-28 28,-46 28,-29 38,-53 24,-53 -3,0 -27,20 -52,45 -25,25 -48,45 -52,45 -4,0 -10,-17 -14,-37 -4,-30 -2,-41 12,-50 57,-42 123,-100 128,-115 3,-10 11,-18 18,-18 22,0 88,-68 80,-82 -8,-12 -7,-80 2,-108 2,-9 27,-34 56,-55 28,-22 59,-47 67,-56 21,-21 132,-104 151,-112 8,-4 33,-18 55,-32 22,-13 48,-24 58,-25 9,0 17,-4 17,-10 0,-5 12,-13 28,-16 15,-4 52,-18 82,-32 30,-13 82,-31 115,-39 92,-24 153,-59 219,-128 34,-35 73,-67 89,-70 15,-4 27,-10 27,-14 0,-5 24,-21 53,-36 28,-16 66,-40 84,-54 18,-14 45,-36 62,-48 16,-13 32,-35 36,-50 16,-64 142,-179 209,-190 28,-4 44,1 81,26 25,17 57,31 70,31 14,0 29,8 35,20 6,11 18,20 26,20 26,0 114,32 114,41 0,5 16,9 35,9 44,0 46,19 9,73 -32,48 -22,63 14,20 33,-41 75,-48 80,-15 3,18 -5,26 -45,42 -26,11 -59,26 -73,34 -14,8 -47,27 -73,41 -26,14 -50,34 -53,43 -3,9 -12,30 -20,45 -7,16 -14,41 -14,55 0,33 -8,45 -38,61 -19,10 -25,8 -46,-14 -13,-14 -33,-25 -44,-25 -11,0 -24,-5 -27,-10 -12,-20 -26,2 -20,30 8,36 -28,76 -100,111 -83,40 -145,88 -145,113 0,12 -12,39 -27,61 -38,57 -145,172 -192,205 -52,38 -141,130 -141,146 0,7 -6,19 -13,26 -7,7 -30,38 -50,70 -40,60 -78,91 -104,86 -29,-5 -25,-25 17,-72 39,-46 49,-70 32,-80 -16,-10 -53,26 -74,72 -12,26 -42,68 -67,95 -36,38 -52,47 -78,47 -18,0 -33,-4 -33,-10 0,-17 -34,-11 -60,11 -17,14 -21,22 -12,26 17,7 15,23 -4,23 -9,0 -27,9 -41,20 -19,14 -41,20 -80,20 -31,0 -63,6 -77,15 -12,8 -25,12 -29,9 z m -211,-261 c -8,-8 -36,5 -36,17 0,7 6,7 21,0 11,-7 18,-14 15,-17 z m 1119,-421 c -2,-7 2,-20 11,-30 8,-9 27,-32 41,-51 l 27,-34 -24,-19 c -27,-22 -42,-19 -50,9 -5,21 -34,61 -87,123 -18,21 -40,54 -48,74 -9,20 -22,39 -30,42 -12,5 -35,61 -35,87 0,4 45,-36 100,-90 55,-54 98,-104 95,-111 z m -685,-50 c 0,-10 -41,-35 -47,-28 -7,7 20,35 35,36 6,0 12,-3 12,-8 z m 30,-52 c 0,-5 -9,-10 -21,-10 -11,0 -17,5 -14,10 3,6 13,10 21,10 8,0 14,-4 14,-10 z m 842,-156 c 84,-56 103,-82 94,-128 -7,-35 -32,-53 -68,-47 -11,1 -18,-6 -20,-26 -4,-39 -22,-35 -73,16 -41,41 -65,47 -65,15 0,-8 -10,-14 -25,-14 -36,0 -125,91 -125,127 0,47 10,53 68,44 51,-8 102,-41 102,-65 0,-7 17,-20 37,-31 20,-11 43,-26 50,-34 8,-7 17,-10 21,-6 4,4 -11,21 -33,39 -58,45 -105,97 -105,116 0,23 20,40 49,40 14,0 56,-21 93,-46 z m 322,-188 c 8,-14 8,-20 -1,-23 -23,-8 -14,-23 65,-99 l 77,-75 -24,-17 c -26,-18 -111,-26 -111,-11 0,5 5,9 10,9 6,0 10,5 10,10 0,6 -8,5 -20,-2 -11,-7 -20,-21 -20,-31 0,-12 -6,-17 -17,-15 -24,4 -30,38 -7,38 14,0 16,7 11,38 -5,28 -19,49 -57,84 -62,57 -67,88 -15,88 23,0 38,6 42,16 7,20 43,14 57,-10 z m -114,-113 c 0,-7 5,-13 10,-13 6,0 18,-16 27,-35 16,-34 16,-36 -3,-50 -26,-19 -37,-19 -64,5 -50,44 -54,16 -5,-36 19,-20 35,-43 35,-50 0,-16 -36,-19 -45,-4 -4,6 -30,29 -58,52 -47,37 -104,114 -93,125 3,3 19,-2 37,-11 18,-9 33,-16 35,-16 2,0 -4,16 -12,35 -13,33 -13,36 3,42 10,3 26,15 36,25 18,18 19,18 58,-19 21,-20 39,-43 39,-50 z"
       id="path116"
       inkscape:connector-curvature="0" />
    <path
       d="m 5835,5609 c -12,-32 245,-263 268,-240 12,12 -133,146 -204,188 -16,10 -29,20 -29,23 0,4 -6,15 -14,26 -13,16 -15,17 -21,3 z"
       id="path118"
       inkscape:connector-curvature="0" />
    <path
       d="m 5185,5589 c -4,-6 -5,-12 -4,-13 61,-46 79,-56 94,-56 13,0 7,10 -24,40 -43,42 -55,47 -66,29 z"
       id="path120"
       inkscape:connector-curvature="0" />
    <path
       d="m 5920,5391 c 0,-14 42,-55 159,-156 18,-16 24,-17 31,-5 6,10 -10,32 -62,80 -85,79 -128,106 -128,81 z"
       id="path122"
       inkscape:connector-curvature="0" />
    <path
       d="m 4997,4453 c -4,-3 -7,-17 -7,-30 0,-19 5,-23 30,-23 32,0 36,9 20,41 -11,19 -31,25 -43,12 z"
       id="path124"
       inkscape:connector-curvature="0" />
    <path
       d="m 5090,4449 c 0,-7 12,-26 27,-41 l 27,-28 -32,-33 c -38,-39 -41,-56 -9,-59 27,-2 60,1 64,6 2,2 -1,15 -7,30 -5,15 -7,32 -4,37 7,11 50,-13 76,-42 9,-10 27,-20 40,-21 21,-3 23,1 26,42 2,25 7,49 13,55 15,15 10,52 -7,59 -34,13 -59,-35 -32,-62 9,-9 7,-13 -6,-18 -12,-5 -30,5 -59,34 -44,42 -117,68 -117,41 z"
       id="path126"
       inkscape:connector-curvature="0" />
    <path
       d="m 5534,4445 c -4,-9 -13,-13 -24,-10 -25,8 -41,-17 -34,-54 8,-40 30,-40 38,-1 5,26 9,29 23,22 36,-19 60,17 31,46 -16,16 -27,15 -34,-3 z"
       id="path128"
       inkscape:connector-curvature="0" />
    <path
       d="m 5926,4444 c -9,-8 -16,-27 -16,-40 0,-21 3,-23 20,-14 10,6 23,10 27,9 36,-6 46,24 16,47 -23,17 -28,17 -47,-2 z"
       id="path130"
       inkscape:connector-curvature="0" />
    <path
       d="m 4865,4441 c -3,-6 -3,-27 1,-49 3,-23 1,-48 -5,-60 -9,-18 -8,-23 10,-32 30,-17 73,-4 63,18 -4,9 -9,39 -9,65 -2,47 -14,66 -42,67 -6,0 -14,-4 -18,-9 z"
       id="path132"
       inkscape:connector-curvature="0" />
    <path
       d="m 5387,4443 c -2,-5 -3,-39 -3,-78 l 1,-70 44,-3 c 43,-3 44,-3 36,25 -4,15 -8,47 -9,71 -1,43 -15,62 -48,62 -9,0 -19,-3 -21,-7 z"
       id="path134"
       inkscape:connector-curvature="0" />
    <path
       d="m 5797,4439 c -13,-8 -15,-14 -7,-29 16,-30 12,-65 -10,-85 -31,-28 -24,-35 38,-35 l 58,0 -1,66 c 0,53 -4,68 -19,80 -23,16 -35,17 -59,3 z"
       id="path136"
       inkscape:connector-curvature="0" />
    <path
       d="m 6262,4441 c -10,-6 -12,-21 -7,-52 6,-38 3,-47 -15,-64 -34,-31 -55,-10 -55,56 l 0,54 -39,3 c -48,4 -66,-10 -44,-35 9,-10 19,-34 23,-53 13,-62 21,-70 71,-70 63,0 94,23 94,69 0,49 9,58 49,55 53,-4 66,-37 31,-82 -13,-15 -17,-29 -11,-35 14,-14 53,-4 65,18 6,11 12,22 13,24 2,2 12,-4 22,-13 29,-26 61,-13 61,25 0,21 -5,29 -17,29 -10,0 -30,16 -46,34 -25,33 -31,35 -87,35 -32,0 -67,2 -77,5 -10,3 -24,2 -31,-3 z"
       id="path138"
       inkscape:connector-curvature="0" />
    <path
       d="m 5615,4430 c -4,-6 -1,-17 5,-25 7,-8 10,-36 8,-67 l -3,-53 35,0 35,0 1,55 c 1,30 3,64 5,75 3,17 -2,20 -38,23 -22,2 -44,-2 -48,-8 z"
       id="path140"
       inkscape:connector-curvature="0" />
    <path
       d="m 6561,4426 c -14,-17 -3,-136 14,-142 6,-3 24,0 39,5 26,10 26,12 11,40 -18,36 -19,63 -3,79 8,8 5,14 -16,22 -34,12 -31,13 -45,-4 z"
       id="path142"
       inkscape:connector-curvature="0" />
    <path
       d="m 5002,4348 c -7,-7 -12,-16 -12,-21 0,-6 -8,-16 -17,-24 -16,-12 -14,-13 17,-11 28,2 36,8 38,27 5,29 -10,45 -26,29 z"
       id="path144"
       inkscape:connector-curvature="0" />
    <path
       d="m 5933,4353 c -7,-3 -13,-10 -13,-16 0,-6 -7,-19 -17,-29 -15,-17 -14,-18 18,-18 36,0 59,14 59,37 0,15 -30,32 -47,26 z"
       id="path146"
       inkscape:connector-curvature="0" />
    <path
       d="m 6713,4284 c -7,-18 14,-58 59,-116 28,-36 58,-50 58,-28 0,21 30,9 67,-27 21,-20 56,-49 78,-64 22,-15 63,-49 90,-74 28,-26 60,-51 73,-56 12,-5 22,-12 22,-16 0,-5 -20,-33 -45,-63 -25,-30 -45,-58 -45,-62 0,-4 -9,-12 -20,-18 -16,-9 -22,-6 -36,15 -14,22 -15,30 -5,53 11,23 10,29 -8,43 -18,15 -43,17 -159,16 l -137,-2 2,-48 c 5,-79 -28,-113 -61,-65 -18,25 -21,84 -6,93 17,11 1,25 -28,25 -50,0 -56,-11 -42,-71 19,-83 20,-84 88,-84 34,0 66,5 72,11 6,6 14,37 17,68 6,56 6,56 39,56 30,0 34,-3 39,-34 4,-19 2,-43 -4,-54 -20,-38 -14,-52 23,-52 43,0 50,11 51,80 0,57 13,71 45,50 12,-8 13,-13 3,-30 -17,-27 -16,-41 6,-69 15,-20 28,-24 83,-27 62,-3 66,-1 87,26 11,16 21,36 21,45 0,21 29,19 37,-2 16,-42 47,-73 74,-73 34,0 48,19 26,35 -10,7 -17,15 -17,20 0,4 -9,18 -20,32 -12,15 -20,41 -20,62 0,30 -6,40 -38,61 -20,14 -55,43 -78,65 -23,22 -71,66 -108,98 -53,47 -66,64 -64,84 3,24 -2,27 -67,45 -38,11 -77,25 -85,32 -8,8 -25,19 -38,25 -18,10 -23,9 -29,-5 z"
       id="path148"
       inkscape:connector-curvature="0" />
    <path
       d="m 4965,4180 c -14,-22 6,-50 36,-50 33,0 38,19 11,43 -21,19 -38,22 -47,7 z"
       id="path150"
       inkscape:connector-curvature="0" />
    <path
       d="m 5126,4152 c -91,-93 -108,-132 -56,-132 18,0 30,5 30,13 0,14 41,57 54,57 5,0 22,-15 40,-34 25,-28 36,-33 59,-29 29,6 36,27 12,37 -8,3 -24,25 -36,48 -11,24 -31,51 -44,60 -22,16 -23,16 -59,-20 z"
       id="path152"
       inkscape:connector-curvature="0" />
    <path
       d="m 5610,4162 c -35,-17 -51,-50 -42,-85 8,-30 80,-70 113,-63 16,3 44,9 62,12 45,9 67,31 67,69 0,38 -26,65 -63,65 -27,0 -38,-22 -17,-35 32,-20 -8,-85 -52,-85 -49,0 -65,66 -27,114 25,31 10,34 -41,8 z"
       id="path154"
       inkscape:connector-curvature="0" />
    <path
       d="m 4845,4158 c -42,-24 -47,-63 -12,-96 30,-28 131,-51 155,-36 31,20 20,39 -21,37 -20,-1 -49,2 -63,7 -27,11 -29,30 -9,83 8,20 -18,23 -50,5 z"
       id="path156"
       inkscape:connector-curvature="0" />
    <path
       d="m 5340,4125 c 0,-25 -7,-57 -16,-70 l -16,-25 55,0 c 61,0 81,15 51,37 -15,11 -16,17 -8,31 8,11 8,26 2,45 -8,21 -16,27 -39,27 -28,0 -29,-2 -29,-45 z"
       id="path158"
       inkscape:connector-curvature="0" />
    <path
       d="m 5473,4141 c -8,-23 -8,-32 5,-45 13,-13 13,-18 2,-31 -17,-21 0,-34 36,-27 19,3 24,11 24,33 0,15 -5,31 -10,34 -6,4 -8,16 -4,27 4,13 1,24 -7,29 -24,15 -34,10 -46,-20 z"
       id="path160"
       inkscape:connector-curvature="0" />
    <path
       d="m 4854,3892 c -6,-4 -9,-34 -6,-79 l 4,-72 87,4 c 47,2 89,4 93,4 18,2 38,36 38,67 0,43 -30,74 -70,74 -32,0 -40,-14 -15,-24 48,-18 26,-106 -27,-106 -34,0 -40,11 -44,73 -2,39 -7,53 -21,58 -24,10 -26,10 -39,1 z"
       id="path162"
       inkscape:connector-curvature="0" />
    <path
       d="m 5138,3893 c -20,-5 -23,-18 -8,-28 6,-3 10,-26 10,-51 0,-37 -4,-46 -22,-53 -20,-7 -16,-10 25,-16 27,-4 52,-4 57,1 5,5 5,30 0,56 -5,27 -7,54 -4,62 5,12 -26,39 -38,35 -2,-1 -11,-3 -20,-6 z"
       id="path164"
       inkscape:connector-curvature="0" />
    <path
       d="m 5257,3889 c -11,-7 -16,-17 -12,-29 4,-13 -1,-22 -15,-30 -21,-11 -21,-12 -3,-25 10,-7 18,-24 18,-37 0,-30 43,-38 62,-12 18,25 16,31 -12,38 -18,5 -25,13 -25,31 0,20 5,23 27,22 20,-1 28,3 31,17 7,32 -34,46 -71,25 z"
       id="path166"
       inkscape:connector-curvature="0" />
    <path
       d="m 5398,3893 c -23,-6 -23,-8 8,-49 15,-19 34,-49 43,-67 20,-41 52,-47 74,-13 9,14 35,44 57,68 22,24 40,46 40,49 0,13 -31,18 -55,9 -19,-7 -25,-17 -25,-39 0,-21 -6,-32 -21,-36 -26,-8 -41,10 -36,42 3,17 -3,24 -26,33 -16,5 -33,9 -36,9 -3,-1 -14,-3 -23,-6 z"
       id="path168"
       inkscape:connector-curvature="0" />
    <path
       d="m 5682,3870 c -12,-16 -22,-33 -22,-37 -1,-4 -14,-23 -30,-42 -22,-26 -27,-38 -19,-48 7,-7 17,-13 25,-13 15,0 54,52 54,73 0,32 18,25 48,-18 26,-36 37,-45 62,-45 40,0 38,13 -10,83 -22,31 -40,62 -40,67 0,22 -47,9 -68,-20 z"
       id="path170"
       inkscape:connector-curvature="0" />
    <path
       d="m 5886,3875 c -21,-22 -20,-27 7,-53 14,-13 36,-22 55,-22 32,0 36,-6 32,-43 -1,-15 5,-18 32,-15 26,2 34,8 36,27 2,13 -5,36 -17,51 -17,24 -18,30 -6,40 19,16 10,30 -19,30 -33,0 -39,-11 -19,-33 17,-18 17,-19 -12,-15 -22,2 -30,8 -30,23 0,26 -37,32 -59,10 z"
       id="path172"
       inkscape:connector-curvature="0" />
    <path
       d="m 6100,3870 c -17,-32 14,-70 57,-70 27,0 37,-6 51,-30 20,-35 47,-39 56,-7 10,37 -24,71 -72,75 -37,3 -42,6 -42,28 0,30 -34,33 -50,4 z"
       id="path174"
       inkscape:connector-curvature="0" />
    <path
       d="m 6197,3884 c -11,-12 3,-24 29,-24 15,0 24,6 24,15 0,15 -40,21 -53,9 z"
       id="path176"
       inkscape:connector-curvature="0" />
    <path
       d="m 6313,3873 c -50,-34 -20,-121 47,-136 14,-4 32,-2 40,3 11,7 9,11 -12,19 -49,19 -50,94 -1,104 35,6 47,1 63,-27 10,-19 9,-29 -4,-54 -22,-42 -21,-44 16,-40 20,2 38,13 51,30 44,59 -17,117 -123,117 -34,0 -64,-6 -77,-16 z"
       id="path178"
       inkscape:connector-curvature="0" />
    <path
       d="m 5874,3775 c -8,-21 4,-35 30,-35 32,0 39,10 19,32 -19,22 -42,23 -49,3 z"
       id="path180"
       inkscape:connector-curvature="0" />
    <path
       d="m 6084,3777 c -8,-22 3,-37 27,-37 24,0 24,12 -1,35 -17,16 -20,16 -26,2 z"
       id="path182"
       inkscape:connector-curvature="0" />
    <path
       d="m 4830,3613 c 0,-5 7,-17 15,-27 23,-30 18,-62 -12,-85 -24,-17 -26,-22 -13,-31 20,-13 77,-13 85,1 4,5 0,18 -9,28 -22,24 -20,31 8,31 16,0 35,-13 54,-36 44,-53 66,-44 72,28 3,32 11,63 18,70 20,20 14,28 -23,28 l -35,0 7,-45 c 4,-30 2,-45 -5,-45 -7,0 -30,20 -53,45 -33,36 -48,45 -75,45 -19,0 -34,-3 -34,-7 z"
       id="path184"
       inkscape:connector-curvature="0" />
    <path
       d="m 5123,3599 c -62,-39 -57,-96 13,-129 41,-20 51,-21 101,-11 70,14 95,35 91,75 -7,70 -132,110 -205,65 z m 121,-31 c 31,-44 10,-78 -46,-78 -30,0 -48,17 -48,46 0,51 66,73 94,32 z"
       id="path186"
       inkscape:connector-curvature="0" />
    <path
       d="m 5430,3610 c 0,-3 7,-14 15,-24 18,-24 20,-77 3,-94 -10,-10 -10,-15 2,-22 20,-13 71,-12 90,0 13,9 13,12 -3,24 -14,11 -17,25 -15,58 2,23 8,42 13,40 6,-2 9,-16 7,-31 -2,-22 2,-30 20,-34 31,-9 46,8 30,33 -10,17 -10,20 4,20 9,0 23,-8 30,-17 13,-17 15,-17 29,1 8,10 16,24 18,29 2,6 11,8 20,4 12,-5 17,-18 17,-51 0,-39 -3,-45 -26,-50 -14,-4 -24,-12 -21,-19 2,-8 34,-12 98,-13 113,-2 129,1 129,27 0,22 -19,24 -67,7 -28,-10 -36,-10 -49,4 -22,22 -8,40 28,36 19,-2 33,2 36,10 3,10 -6,12 -34,10 -29,-2 -39,1 -42,14 -5,27 32,31 78,7 31,-16 44,-19 53,-10 8,8 9,16 1,29 -10,15 -35,17 -237,17 -125,0 -227,-2 -227,-5 z"
       id="path188"
       inkscape:connector-curvature="0" />
    <path
       d="m 6086,3612 c -4,-6 3,-16 16,-23 12,-6 33,-23 47,-36 26,-24 26,-24 6,-39 -11,-8 -30,-17 -42,-21 -39,-9 -30,-25 20,-37 23,-5 29,-2 39,19 14,31 54,34 63,4 7,-20 12,-20 146,-17 76,3 142,1 147,-4 13,-13 67,7 70,26 6,31 -12,37 -55,20 -57,-23 -72,-15 -69,34 2,22 6,44 10,50 8,14 47,3 69,-20 25,-26 60,-8 48,25 -8,21 -14,22 -107,22 -55,1 -102,-1 -107,-3 -4,-2 0,-13 8,-25 17,-25 20,-78 4,-94 -14,-14 -97,2 -121,24 -21,19 -24,43 -5,43 6,0 22,11 34,24 l 23,24 -23,6 c -35,9 -37,8 -48,-24 -6,-16 -17,-30 -24,-30 -15,0 -41,23 -47,41 -5,15 -94,24 -102,11 z"
       id="path190"
       inkscape:connector-curvature="0" />
    <path
       d="m 5947,3580 c 11,-22 13,-45 8,-80 l -7,-50 47,0 c 44,0 46,1 38,23 -9,27 -10,74 -1,107 7,24 5,25 -47,27 l -53,3 15,-30 z"
       id="path192"
       inkscape:connector-curvature="0" />
    <path
       d="m 6495,3550 c -8,-12 20,-24 35,-15 6,3 8,11 5,16 -8,12 -32,12 -40,-1 z"
       id="path194"
       inkscape:connector-curvature="0" />
    <path
       d="m 119,3039 c -13,-13 -16,-35 -16,-96 0,-53 -6,-96 -18,-127 -16,-42 -17,-70 -12,-274 4,-125 12,-284 18,-354 7,-82 9,-226 4,-410 C 91,1623 87,1288 86,1035 84,770 78,518 71,440 50,216 49,114 65,100 c 17,-14 1400,-15 1575,0 147,12 1144,12 1270,0 275,-26 1248,-36 1272,-12 20,20 19,914 -2,962 -21,48 -22,578 -2,626 18,43 30,632 18,898 -8,167 -6,223 8,330 11,90 13,133 6,140 -15,15 -1350,9 -1405,-6 -22,-6 -116,-10 -210,-10 -93,1 -178,-1 -187,-4 -13,-4 -18,-16 -18,-40 0,-19 -6,-43 -12,-54 -11,-17 -10,-22 1,-29 18,-11 4,-34 -17,-26 -8,3 -19,0 -23,-7 -7,-10 -13,-10 -26,-2 -21,14 -19,65 3,77 8,4 14,17 14,27 0,10 5,22 10,25 6,3 10,13 10,21 0,12 -16,14 -92,12 l -93,-3 -5,-50 c -4,-42 -8,-50 -27,-53 -18,-3 -23,1 -23,20 0,13 7,36 15,52 10,18 12,33 6,39 -12,12 -294,17 -1215,20 -720,3 -781,2 -797,-14 z m 1914,-75 c 15,-109 15,-117 -12,-124 -17,-4 -27,-16 -33,-35 -4,-18 -20,-37 -38,-47 -18,-11 -30,-25 -30,-38 0,-12 -7,-34 -15,-50 -14,-28 -14,-33 5,-72 22,-46 26,-83 9,-94 -6,-3 -9,-20 -6,-38 3,-24 -3,-40 -28,-71 -56,-70 -86,-147 -88,-228 l -2,-72 41,-3 c 56,-4 89,11 108,49 21,41 20,48 -8,83 -14,16 -21,36 -19,47 6,23 12,24 42,2 23,-16 25,-15 48,11 24,28 30,60 13,71 -16,10 -11,25 8,25 10,0 22,12 29,30 8,20 18,30 32,30 12,0 24,7 27,15 8,21 21,19 29,-5 3,-11 12,-20 19,-20 7,0 21,-9 31,-20 16,-18 17,-24 5,-61 -11,-32 -11,-45 -2,-60 13,-20 16,-62 5,-72 -3,-4 -15,0 -25,10 -17,15 -18,15 -18,-5 0,-23 -47,-122 -58,-122 -4,0 -13,4 -20,9 -17,10 -7,75 14,92 8,6 14,17 14,25 0,7 6,33 14,56 8,24 17,67 21,96 6,48 5,53 -10,50 -20,-4 -53,-94 -62,-173 -5,-36 -14,-58 -35,-78 -49,-49 -59,-87 -24,-87 8,0 19,-7 26,-15 10,-12 7,-31 -15,-97 -32,-96 -100,-251 -125,-288 -9,-14 -25,-52 -35,-85 -9,-33 -26,-81 -36,-107 -10,-26 -19,-51 -19,-57 0,-6 -18,-48 -40,-95 -22,-46 -40,-91 -40,-99 0,-9 -4,-18 -9,-21 -4,-3 -18,-36 -31,-73 -12,-37 -29,-75 -36,-84 -8,-8 -14,-19 -14,-24 0,-4 -13,-29 -28,-54 -15,-25 -34,-62 -41,-81 -8,-19 -31,-72 -53,-117 -47,-98 -46,-130 6,-117 17,4 75,6 128,5 l 97,-3 16,39 c 10,21 21,63 25,93 11,74 72,276 97,326 19,36 26,60 54,169 12,47 50,139 89,215 33,64 90,223 90,250 0,10 11,40 24,67 32,63 66,166 66,197 0,15 17,44 40,71 40,46 55,80 25,55 -12,-10 -19,-10 -28,-1 -8,8 -7,18 7,41 15,27 16,31 2,36 -24,9 -19,51 10,90 24,31 26,37 14,59 -18,34 -8,50 31,50 67,-1 98,-45 64,-91 -8,-10 -15,-31 -15,-46 0,-14 -5,-28 -11,-30 -6,-2 -9,-15 -6,-28 l 4,-25 8,23 c 4,12 14,22 21,22 19,0 18,-44 -1,-60 -8,-7 -15,-20 -15,-29 0,-9 -13,-32 -28,-51 -57,-69 -62,-107 -10,-79 22,12 34,4 64,-47 7,-12 16,-15 28,-11 16,6 18,15 12,57 -5,36 -3,58 8,78 16,28 36,155 36,223 0,44 14,79 32,79 7,0 25,-12 40,-27 25,-24 28,-33 28,-97 1,-128 45,-174 179,-188 228,-23 260,-27 277,-36 11,-5 46,-17 79,-27 33,-10 91,-31 130,-47 61,-26 83,-30 185,-33 63,-2 127,-6 142,-10 15,-4 50,-1 79,6 47,12 52,12 67,-7 36,-43 45,-45 105,-25 38,13 73,18 104,15 27,-2 83,-7 125,-10 45,-4 82,-12 89,-20 8,-9 7,-41 -2,-116 -18,-150 -23,-632 -9,-748 13,-100 17,-847 5,-901 -4,-16 -12,-29 -18,-30 -31,-2 -345,3 -447,7 -63,3 -252,8 -419,11 l -304,6 -28,31 c -16,17 -33,45 -38,62 -11,39 1,170 17,186 39,39 -11,69 -81,48 -37,-11 -39,-14 -24,-25 9,-7 17,-15 17,-18 0,-6 -127,-23 -275,-36 -108,-10 -403,-15 -618,-12 -59,1 -149,-2 -200,-8 -176,-20 -754,-18 -792,2 -11,6 -33,13 -50,17 -20,4 -29,12 -27,22 2,13 -8,18 -42,23 -57,9 -103,-2 -116,-26 -11,-19 -1,-32 53,-72 16,-11 17,-20 10,-72 l -8,-58 -83,-43 c -72,-37 -88,-41 -115,-33 -18,5 -116,9 -219,8 -103,0 -193,3 -199,7 -15,9 -6,325 10,367 16,41 24,1595 10,1832 -17,273 -15,399 5,475 10,36 19,89 21,117 1,29 7,58 13,65 8,10 70,11 294,5 678,-19 1448,-13 1508,12 38,15 44,9 53,-55 z m 902,37 c 44,-4 100,-6 125,-5 25,2 276,5 558,8 l 513,4 11,-23 c 8,-18 8,-41 -1,-84 -16,-79 -16,-272 -1,-384 7,-49 10,-91 7,-94 -10,-10 -82,-23 -130,-23 -26,0 -61,7 -78,15 -25,13 -42,14 -107,5 -42,-6 -91,-15 -108,-20 -22,-8 -44,-7 -75,1 -24,7 -109,13 -189,15 -171,3 -268,12 -275,25 -4,5 -16,9 -27,9 -31,0 -85,37 -92,64 -3,13 -10,52 -15,87 -5,36 -19,86 -32,113 -18,39 -20,52 -11,67 16,24 15,50 -2,72 -14,19 -108,47 -156,47 -41,0 -56,30 -40,82 9,31 15,38 28,33 9,-4 53,-10 97,-14 z m -335,-42 c 0,-23 25,-25 34,-2 6,14 9,14 23,-7 l 16,-23 19,24 20,24 -6,-40 c -6,-43 -48,-88 -73,-78 -8,3 -27,-7 -43,-22 -17,-17 -35,-25 -44,-22 -18,7 -21,23 -6,32 13,8 13,45 0,45 -5,0 -27,-16 -49,-35 -50,-46 -71,-46 -71,-1 0,28 6,38 34,55 18,12 40,21 49,21 29,0 65,22 70,42 7,24 27,14 27,-13 z m -367,-44 c 4,8 14,15 23,15 14,0 16,-8 11,-53 l -5,-53 56,-18 c 67,-21 208,-47 272,-50 51,-2 130,-34 130,-52 0,-7 -10,-16 -22,-20 -19,-6 -19,-7 -5,-16 10,-5 17,-20 17,-34 0,-17 8,-27 26,-34 44,-17 59,14 28,58 -14,20 -14,23 2,29 9,3 35,-1 58,-9 l 41,-15 0,-104 -1,-104 -41,-69 c -42,-68 -44,-85 -15,-118 17,-21 117,-54 190,-64 29,-3 55,-11 58,-15 3,-5 22,-9 43,-9 21,0 63,-5 92,-11 30,-6 129,-12 220,-13 136,-2 170,-5 189,-19 14,-9 41,-17 62,-17 32,0 39,-4 44,-25 8,-34 -17,-61 -64,-69 -92,-16 -290,-5 -352,19 -39,16 -248,79 -295,90 -16,4 -84,10 -151,15 -177,11 -207,33 -217,159 -6,65 -40,132 -75,146 -31,12 -277,37 -311,31 -43,-7 -66,6 -88,47 l -16,32 -15,-35 c -13,-33 -15,-34 -28,-15 -8,10 -14,27 -14,37 0,26 -25,22 -45,-8 -13,-20 -19,-23 -31,-13 -18,15 -18,40 0,64 12,17 17,18 41,7 35,-16 48,-2 41,46 -4,28 -1,34 24,47 28,14 29,14 50,-16 15,-20 21,-40 18,-60 -3,-16 0,-33 6,-38 18,-14 174,-23 181,-11 5,8 11,6 18,-5 8,-10 38,-18 88,-24 41,-5 85,-14 97,-20 28,-15 42,-7 42,24 0,44 -73,79 -276,130 -80,20 -109,16 -99,-15 3,-11 2,-28 -4,-37 -9,-17 -10,-17 -16,0 -4,9 -5,26 -2,37 4,15 0,20 -14,20 -12,0 -23,10 -29,26 -16,41 -13,47 20,40 30,-6 31,-5 25,28 -4,20 -2,36 4,40 6,4 11,18 11,31 0,18 -4,23 -15,19 -19,-8 -45,13 -45,36 0,24 21,31 41,13 14,-12 17,-12 22,2 z m 571,-34 c 5,-8 33,-17 134,-47 15,-4 16,-36 0,-52 -8,-8 -5,-21 15,-51 20,-30 29,-61 37,-128 13,-110 24,-138 64,-161 92,-53 177,-68 457,-81 153,-7 192,-11 218,-27 35,-21 40,-48 16,-94 -15,-28 -19,-30 -76,-30 -33,0 -76,7 -96,15 -19,8 -55,15 -78,15 -24,0 -48,6 -54,14 -7,8 -28,17 -49,21 -35,6 -113,29 -157,46 -83,31 -201,59 -253,59 -22,0 -41,8 -58,25 -24,24 -24,25 -8,65 11,27 15,57 11,88 -2,26 -1,56 3,67 18,51 -30,88 -128,98 -88,9 -105,20 -97,60 14,68 79,131 99,98 z m -788,-135 c 8,-21 -57,-121 -67,-104 -14,21 -10,54 9,87 18,32 49,41 58,17 z m 282,-113 c -4,-39 -28,-42 -28,-4 0,21 5,31 16,31 11,0 14,-8 12,-27 z m -298,-184 c 0,-6 -11,-24 -25,-41 -30,-36 -32,-58 -5,-58 24,0 25,-8 3,-32 -20,-22 -33,-23 -33,-3 0,20 -26,19 -34,-2 -5,-11 -10,-13 -17,-6 -10,10 -2,43 11,43 10,0 40,57 40,75 0,7 10,17 23,23 29,14 37,14 37,1 z m 1828,-81 c 9,-9 15,-9 24,0 19,19 56,14 68,-9 12,-21 5,-89 -11,-120 -5,-10 -26,-18 -51,-22 -24,-2 -51,-8 -60,-12 -23,-9 -24,12 -3,51 11,21 14,43 9,77 -6,47 1,58 24,35 z m -906,-18 c 19,-11 51,-20 73,-20 50,0 215,-41 305,-75 19,-8 52,-16 73,-20 47,-8 44,-29 -4,-33 -33,-3 -220,18 -329,36 -101,17 -200,59 -200,85 0,13 30,47 41,47 5,0 23,-9 41,-20 z m 1206,-2 c 18,-23 25,-83 10,-95 -18,-14 -155,-27 -162,-15 -3,5 0,32 6,60 l 13,51 50,4 c 27,2 55,4 61,5 6,1 16,-4 22,-10 z m 14,-149 c 24,-13 23,-36 -1,-49 -27,-14 -138,-11 -181,4 -42,15 -52,43 -18,48 48,8 183,6 200,-3 z m -382,-38 c 0,-14 50,-19 80,-8 64,24 77,-45 24,-125 -33,-52 -65,-71 -96,-59 -42,16 -43,37 -6,118 8,15 6,30 -5,52 -9,17 -11,31 -6,31 5,0 9,-4 9,-9 z m 369,-75 c 13,-8 14,-85 2,-104 -14,-22 -211,5 -211,29 0,5 9,27 19,47 l 19,38 80,-2 c 44,-1 85,-5 91,-8 z m -1979,-40 c 0,-2 -3,-11 -6,-20 -9,-23 -24,-20 -24,4 0,11 7,20 15,20 8,0 15,-2 15,-4 z M 1700,869 c 0,-22 -22,-49 -40,-49 -29,0 -33,17 -10,40 21,21 50,27 50,9 z m -34,-134 c 11,-28 -12,-42 -57,-36 -51,7 -61,25 -22,39 41,15 73,14 79,-3 z m 998,-434 c -2,-29 0,-31 35,-31 29,0 42,-6 59,-29 22,-30 19,-49 -4,-30 -8,7 -28,9 -46,5 -18,-4 -64,-8 -103,-11 -38,-2 -106,-8 -150,-13 -106,-12 -250,-5 -287,14 -23,12 -28,19 -22,36 4,12 16,30 28,39 19,17 22,17 34,2 6,-9 12,-29 12,-45 0,-33 17,-38 22,-5 3,19 9,22 43,22 22,0 45,3 50,6 6,4 24,7 42,7 17,0 45,8 62,16 16,9 47,16 68,16 21,0 61,9 88,19 62,24 70,22 69,-18 z M 914,264 c 16,-7 33,-11 39,-7 6,4 33,8 61,9 51,3 54,1 93,-54 15,-21 15,-24 0,-39 -15,-15 -18,-15 -34,-1 -39,34 -106,39 -148,12 -32,-21 -71,-15 -68,11 1,10 -5,32 -13,47 -26,50 -3,57 70,22 z m 261,7 c 0,-8 -8,-19 -17,-25 -22,-13 -44,5 -34,29 7,20 51,16 51,-4 z m 919,-22 c 13,11 17,9 27,-13 18,-39 0,-54 -44,-38 -46,17 -80,15 -116,-5 -26,-15 -34,-16 -52,-5 -16,10 -40,12 -89,7 -63,-6 -69,-5 -80,14 -14,27 -24,27 -38,-3 -8,-19 -16,-23 -39,-19 -15,2 -38,9 -49,15 -16,8 -28,6 -47,-6 -13,-9 -42,-16 -63,-15 -47,1 -200,-8 -269,-17 -40,-5 -54,-3 -64,10 -19,23 23,66 65,66 17,0 34,3 38,7 4,4 34,13 68,20 51,10 65,10 89,-2 24,-13 34,-13 71,-1 31,10 81,13 183,10 178,-4 175,-4 270,4 77,7 81,7 101,-17 18,-22 24,-23 38,-12 z"
       id="path196"
       inkscape:connector-curvature="0" />
    <path
       d="m 1769,2898 c -9,-7 -35,-42 -59,-78 -40,-60 -43,-70 -50,-155 -7,-91 0,-125 24,-125 16,0 26,44 26,116 0,58 34,135 84,189 28,30 31,58 6,63 -9,1 -22,-3 -31,-10 z"
       id="path198"
       inkscape:connector-curvature="0" />
    <path
       d="m 1489,2703 c -5,-16 -14,-39 -18,-53 -12,-32 -21,-144 -14,-170 6,-22 35,-27 50,-7 6,6 13,49 17,95 4,45 11,93 18,106 14,32 4,56 -22,56 -13,0 -24,-10 -31,-27 z"
       id="path200"
       inkscape:connector-curvature="0" />
    <path
       d="m 2310,2300 c 0,-11 5,-20 10,-20 6,0 10,9 10,20 0,11 -4,20 -10,20 -5,0 -10,-9 -10,-20 z"
       id="path202"
       inkscape:connector-curvature="0" />
    <path
       d="m 3447,1566 c -20,-24 -37,-47 -37,-51 0,-3 -11,-21 -25,-39 -27,-35 -24,-46 10,-46 27,0 41,15 50,53 10,38 35,34 68,-13 27,-38 59,-51 72,-30 7,12 -49,116 -79,148 l -23,23 -36,-45 z"
       id="path204"
       inkscape:connector-curvature="0" />
    <path
       d="m 3896,1569 c -20,-23 -36,-46 -36,-52 0,-5 -12,-20 -26,-34 -30,-28 -27,-47 8,-51 20,-2 28,4 42,31 9,19 16,39 16,45 0,19 31,22 38,4 22,-50 49,-82 69,-82 12,0 25,5 28,10 8,12 -55,128 -83,153 -18,17 -20,16 -56,-24 z"
       id="path206"
       inkscape:connector-curvature="0" />
    <path
       d="m 3113,1583 c -13,-2 -23,-8 -23,-13 0,-5 10,-10 23,-12 31,-4 36,-59 7,-88 -27,-27 -18,-40 30,-40 64,0 68,5 57,56 -13,54 5,81 46,70 19,-4 26,-14 31,-45 3,-22 3,-47 -1,-56 -5,-15 -1,-16 28,-10 19,4 37,9 42,12 8,5 -1,52 -13,68 -5,6 -10,21 -12,35 -2,21 -8,25 -33,23 -62,-5 -81,-5 -120,0 -22,3 -50,3 -62,0 z"
       id="path208"
       inkscape:connector-curvature="0" />
    <path
       d="m 3600,1582 c -13,-5 -13,-39 0,-47 5,-3 21,2 35,11 14,9 29,13 33,10 4,-4 7,-33 7,-64 0,-53 2,-57 25,-60 43,-4 54,10 40,52 -12,37 -6,76 11,76 5,0 12,-7 15,-15 4,-8 15,-15 26,-15 15,0 19,6 16,27 l -3,28 -97,0 c -54,0 -102,-1 -108,-3 z"
       id="path210"
       inkscape:connector-curvature="0" />
    <path
       d="m 2987,1309 c -18,-11 -18,-12 1,-32 11,-12 22,-31 24,-42 3,-16 10,-19 35,-17 25,3 36,-3 54,-27 25,-34 42,-43 64,-35 18,7 20,55 3,72 -9,9 -5,19 17,42 23,24 26,30 12,35 -22,9 -62,2 -60,-10 1,-6 5,-23 8,-38 11,-42 -15,-34 -62,18 -41,45 -63,53 -96,34 z"
       id="path212"
       inkscape:connector-curvature="0" />
    <path
       d="m 3909,1306 c -8,-8 -30,-37 -49,-65 -38,-54 -53,-65 -81,-56 -40,13 -35,80 8,96 38,14 15,31 -37,27 -34,-2 -48,-9 -64,-31 -19,-26 -20,-29 -4,-41 9,-7 18,-27 20,-46 l 3,-34 80,0 80,-1 20,42 c 11,23 25,42 32,43 6,0 23,-20 37,-45 27,-46 53,-56 86,-35 13,8 12,12 -5,29 -27,27 -36,40 -61,87 -24,43 -44,53 -65,30 z"
       id="path214"
       inkscape:connector-curvature="0" />
    <path
       d="m 3243,1303 c -8,-3 -7,-11 3,-31 8,-15 14,-37 14,-50 0,-12 7,-34 16,-47 14,-21 24,-25 68,-25 67,0 96,20 96,65 0,51 9,65 41,65 20,0 33,-8 46,-30 11,-19 25,-30 40,-30 16,0 23,-6 23,-20 0,-23 -4,-24 -28,-9 -12,7 -25,7 -45,0 -41,-16 -29,-37 19,-33 21,1 55,3 74,5 28,2 36,8 45,31 8,23 7,30 -4,34 -8,3 -32,22 -52,43 l -38,39 -84,0 c -46,0 -86,-3 -89,-6 -3,-3 1,-18 9,-35 21,-41 13,-72 -20,-83 -40,-14 -62,10 -53,58 4,20 12,36 17,36 6,0 9,6 7,13 -5,12 -81,20 -105,10 z"
       id="path216"
       inkscape:connector-curvature="0" />
    <path
       d="m 1312,1247 c -12,-14 -29,-81 -42,-162 -4,-27 -15,-84 -25,-125 -10,-41 -20,-93 -24,-115 -5,-32 -11,-41 -29,-43 -29,-4 -38,-27 -22,-56 9,-19 9,-27 -1,-44 -10,-16 -10,-29 -1,-60 7,-22 12,-49 12,-61 0,-29 10,-27 79,19 33,22 72,45 86,50 33,13 25,26 -20,34 -19,4 -37,11 -40,15 -6,10 20,68 71,156 18,33 36,67 40,75 3,8 13,33 22,55 9,22 21,47 28,55 7,8 14,24 16,35 2,16 -3,20 -25,20 -25,0 -31,-7 -49,-50 -11,-27 -27,-64 -34,-82 -8,-17 -14,-37 -14,-44 0,-7 -8,-36 -17,-66 -15,-43 -22,-53 -40,-53 -26,0 -27,2 -14,44 5,17 16,58 24,91 28,111 37,150 58,229 17,65 19,80 8,87 -20,12 -35,11 -47,-4 z"
       id="path218"
       inkscape:connector-curvature="0" />
    <path
       d="m 2968,1193 c -22,-6 -23,-29 -2,-37 25,-10 82,-7 89,4 17,28 -34,47 -87,33 z"
       id="path220"
       inkscape:connector-curvature="0" />
    <path
       d="m 3368,1042 c -24,-15 -27,-22 -25,-67 1,-27 -1,-62 -6,-77 -7,-27 -6,-28 27,-28 18,0 38,6 42,13 11,14 6,177 -4,176 -4,0 -19,-8 -34,-17 z"
       id="path222"
       inkscape:connector-curvature="0" />
    <path
       d="m 2388,1045 c -3,-4 -38,-6 -77,-6 -39,0 -71,-1 -71,-3 0,-2 7,-17 16,-35 9,-18 13,-42 10,-55 -6,-25 -48,-52 -65,-42 -17,11 -25,75 -12,103 7,14 10,26 9,28 -2,1 -24,0 -50,-3 l -46,-4 9,-31 c 5,-18 9,-44 9,-59 0,-41 23,-57 83,-57 69,1 97,25 97,86 0,49 12,59 53,44 31,-12 35,-40 12,-84 -14,-26 -13,-28 11,-37 14,-6 37,-7 51,-4 20,5 23,11 18,28 -4,11 -10,40 -12,64 -4,32 -2,42 9,42 19,0 38,-21 38,-42 0,-10 3,-18 6,-18 12,0 49,24 64,41 17,22 37,14 40,-16 5,-46 -1,-67 -20,-72 -11,-3 -20,-9 -20,-13 0,-10 60,-17 91,-10 23,6 24,10 22,68 l -3,63 38,-7 c 20,-4 44,-13 53,-20 19,-17 29,-9 29,22 l 0,23 -177,-1 c -98,0 -185,3 -194,6 -8,4 -18,4 -21,1 z"
       id="path224"
       inkscape:connector-curvature="0" />
    <path
       d="m 3210,1040 c -25,-4 -59,-5 -77,-2 -18,2 -40,2 -49,-2 -16,-6 -16,-8 1,-25 12,-14 16,-33 13,-68 l -3,-48 38,-3 c 35,-3 37,-2 37,27 0,28 3,31 31,31 25,0 30,4 29,23 -3,38 -1,41 20,22 23,-21 50,-13 50,14 0,17 -30,45 -42,40 -2,-1 -23,-5 -48,-9 z m -12,-41 c -2,-6 -8,-10 -13,-10 -5,0 -11,4 -13,10 -2,6 4,11 13,11 9,0 15,-5 13,-11 z"
       id="path226"
       inkscape:connector-curvature="0" />
    <path
       d="m 1955,1031 c -30,-4 -41,-11 -43,-27 -3,-24 24,-51 58,-56 19,-2 26,-10 28,-30 3,-22 9,-28 27,-28 15,0 29,9 36,21 17,33 -17,74 -65,76 -41,1 -51,7 -42,22 4,6 25,8 53,4 37,-5 45,-3 41,8 -5,16 -35,19 -93,10 z"
       id="path228"
       inkscape:connector-curvature="0" />
    <path
       d="m 2827,1017 c 9,-27 9,-84 -2,-114 -7,-21 -4,-23 23,-23 56,0 60,6 55,69 -6,63 2,77 38,66 16,-5 19,-12 14,-28 -11,-37 -7,-59 16,-83 39,-42 70,-25 49,26 -8,19 -9,34 -2,47 22,40 -19,61 -121,62 -77,1 -78,0 -70,-22 z"
       id="path230"
       inkscape:connector-curvature="0" />
    <path
       d="m 3520,1033 c -54,-21 -70,-97 -27,-126 43,-28 102,-41 126,-27 28,15 21,36 -10,32 -58,-7 -86,22 -73,75 5,18 13,23 39,23 18,0 38,-7 45,-15 7,-8 21,-15 32,-15 15,0 19,6 16,28 -3,26 -5,27 -68,29 -36,1 -72,-1 -80,-4 z"
       id="path232"
       inkscape:connector-curvature="0" />
    <path
       d="m 3717,1034 c -10,-11 3,-24 24,-24 10,0 19,7 19,15 0,15 -31,21 -43,9 z"
       id="path234"
       inkscape:connector-curvature="0" />
    <path
       d="m 3810,1029 c 0,-5 8,-9 19,-9 23,0 34,-45 25,-102 l -7,-39 39,3 c 32,2 39,6 36,23 -1,11 -4,42 -6,69 -2,27 -10,52 -17,57 -17,10 -89,9 -89,-2 z"
       id="path236"
       inkscape:connector-curvature="0" />
    <path
       d="m 3952,1033 c -19,-7 -4,-23 23,-23 12,0 25,-7 29,-15 10,-28 36,-17 36,15 0,28 -2,30 -37,29 -21,0 -44,-3 -51,-6 z"
       id="path238"
       inkscape:connector-curvature="0" />
    <path
       d="m 3948,978 c -7,-19 2,-38 18,-38 8,0 14,10 14,25 0,26 -24,35 -32,13 z"
       id="path240"
       inkscape:connector-curvature="0" />
    <path
       d="m 2685,970 c -3,-6 1,-13 10,-16 19,-8 30,0 20,15 -8,14 -22,14 -30,1 z"
       id="path242"
       inkscape:connector-curvature="0" />
    <path
       d="m 3698,975 c -10,-10 7,-78 23,-88 9,-5 27,-7 41,-4 24,6 25,9 14,39 -6,18 -15,39 -19,46 -8,12 -49,17 -59,7 z"
       id="path244"
       inkscape:connector-curvature="0" />
    <path
       d="m 2715,919 c -4,-12 -2,-26 3,-31 17,-17 42,-1 42,27 0,32 -35,35 -45,4 z"
       id="path246"
       inkscape:connector-curvature="0" />
    <path
       d="m 3998,926 c -37,-28 -9,-62 30,-37 15,9 13,43 -3,47 -5,2 -18,-3 -27,-10 z"
       id="path248"
       inkscape:connector-curvature="0" />
    <path
       d="m 1895,920 c -9,-15 4,-30 26,-30 23,0 26,25 3,34 -21,8 -22,8 -29,-4 z"
       id="path250"
       inkscape:connector-curvature="0" />
    <path
       d="m 3047,763 c -13,-3 -16,-10 -11,-21 4,-10 8,-43 9,-75 1,-32 4,-60 7,-62 9,-9 126,-7 162,3 48,13 57,26 54,77 -3,35 -8,42 -45,63 -33,18 -47,21 -60,13 -17,-10 -16,-11 3,-17 12,-3 30,-21 40,-40 18,-33 18,-33 -6,-59 -47,-50 -80,-24 -80,63 0,43 -3,50 -22,56 -13,3 -25,5 -28,5 -3,-1 -13,-3 -23,-6 z"
       id="path252"
       inkscape:connector-curvature="0" />
    <path
       d="m 3666,763 c -4,-4 -51,-7 -104,-8 l -97,0 0,-58 c 0,-61 -10,-77 -52,-77 -24,0 -26,6 -27,85 -1,39 -2,40 -36,40 -39,0 -39,-2 -22,-82 13,-62 26,-73 84,-73 60,0 87,25 88,82 0,52 9,68 36,68 43,0 57,-59 27,-111 -22,-37 -13,-44 39,-33 41,9 43,11 41,44 -1,19 1,50 3,68 4,26 9,32 29,32 27,0 34,-25 16,-59 -7,-13 -4,-26 9,-49 21,-34 57,-46 125,-40 31,2 41,8 43,23 9,49 68,60 85,16 8,-22 19,-30 45,-35 19,-3 39,-3 44,0 4,3 -8,26 -27,51 -19,25 -42,63 -52,84 -24,56 -56,54 -83,-4 -11,-24 -36,-59 -55,-77 l -35,-34 -22,21 c -19,19 -20,26 -10,48 19,41 15,51 -25,64 -21,7 -43,14 -49,17 -5,2 -14,1 -18,-3 z m 254,-73 c 0,-5 -7,-10 -15,-10 -8,0 -15,5 -15,10 0,6 7,10 15,10 8,0 15,-4 15,-10 z"
       id="path254"
       inkscape:connector-curvature="0" />
    <path
       d="m 2325,489 c -22,-4 -197,-8 -390,-8 -479,0 -458,0 -748,-7 -240,-6 -293,-12 -249,-29 32,-12 1187,-3 1407,11 116,8 247,14 292,14 77,0 112,11 77,24 -23,9 -342,5 -389,-5 z"
       id="path256"
       inkscape:connector-curvature="0" />
    <path
       d="m 2650,2622 c 0,-26 27,-49 41,-35 17,17 6,48 -19,51 -16,3 -22,-2 -22,-16 z"
       id="path258"
       inkscape:connector-curvature="0" />
    <path
       d="m 3770,2055 c 0,-30 25,-34 40,-6 14,28 13,31 -15,31 -20,0 -25,-5 -25,-25 z"
       id="path260"
       inkscape:connector-curvature="0" />
    <path
       d="m 4816,3039 c -49,-5 -95,-14 -103,-21 -11,-9 -13,-44 -8,-202 9,-242 8,-339 -3,-407 -4,-30 -4,-153 0,-274 10,-292 11,-499 1,-795 -4,-135 -4,-393 0,-575 11,-448 11,-487 0,-585 -6,-49 -6,-90 -1,-96 6,-8 126,-12 406,-14 218,-1 480,-2 582,-3 102,-1 538,0 970,1 457,1 798,-2 817,-7 45,-13 1399,-19 1411,-6 5,6 6,58 3,119 -4,60 -4,136 0,168 4,33 3,75 -3,94 -6,23 -6,46 1,67 6,18 11,50 10,72 0,22 3,105 6,185 3,80 8,525 10,990 6,1273 7,1236 -20,1256 -14,11 -61,14 -189,15 -183,1 -235,2 -734,19 -178,7 -450,9 -605,6 -155,-3 -528,-11 -829,-17 -488,-10 -775,-9 -1008,4 -182,11 -633,15 -714,6 z m 3857,-64 187,-8 1,-106 c 1,-58 1,-308 1,-556 l -1,-450 -28,-3 c -15,-2 -42,-10 -60,-18 -17,-7 -40,-14 -51,-14 -11,0 -36,-7 -55,-15 -20,-8 -50,-15 -66,-15 -16,0 -33,-4 -36,-10 -9,-14 -93,-12 -140,4 -22,7 -58,19 -80,27 -26,9 -80,12 -158,11 -93,-2 -122,0 -139,12 -12,9 -39,16 -59,16 -46,0 -71,33 -73,98 -1,39 -7,49 -41,78 -22,19 -45,34 -51,34 -7,0 -27,-15 -46,-32 -19,-18 -51,-46 -71,-61 -32,-24 -37,-33 -37,-69 0,-24 7,-49 16,-59 21,-23 11,-53 -15,-44 -28,9 -147,34 -236,50 -44,8 -116,21 -160,30 -44,9 -116,22 -160,29 -86,14 -125,31 -125,57 0,8 11,38 25,65 28,54 31,86 13,102 -7,5 -53,25 -103,45 -84,32 -155,46 -338,64 -86,9 -165,-37 -233,-133 -39,-57 -207,-261 -229,-279 -7,-5 -19,-24 -28,-42 -13,-25 -15,-37 -6,-56 10,-23 93,-71 165,-97 18,-6 42,-21 54,-32 19,-18 23,-19 38,-4 12,10 22,12 32,6 8,-5 25,-10 38,-10 12,0 48,-9 79,-20 77,-27 180,-27 233,0 39,20 121,116 134,157 9,30 37,37 77,20 45,-19 106,-39 149,-48 19,-4 54,-15 78,-23 70,-26 228,-66 260,-66 38,0 52,-32 28,-59 -9,-10 -16,-23 -16,-29 0,-18 65,-62 93,-62 18,0 41,-15 72,-46 l 46,-45 77,1 c 42,0 142,-1 222,-4 110,-3 153,-1 179,10 47,20 79,18 181,-11 l 89,-25 54,26 c 91,42 151,135 127,194 -15,37 -7,63 18,56 16,-6 79,8 210,46 32,9 45,9 50,1 4,-6 3,-64 -2,-130 -4,-65 -8,-140 -7,-168 7,-386 7,-618 -1,-655 -8,-37 -14,-222 -17,-572 l -1,-58 -537,0 c -377,0 -599,5 -743,15 -160,12 -384,15 -1015,14 -1039,-2 -1241,0 -1401,11 -124,9 -297,7 -334,-5 -31,-10 -41,19 -38,102 l 3,78 85,9 c 83,9 119,10 230,6 30,-1 131,0 223,2 l 169,4 20,-28 c 10,-15 25,-28 31,-28 7,0 20,-14 29,-30 18,-33 26,-33 166,-9 28,4 58,6 65,3 7,-2 62,0 122,5 82,7 113,7 124,-2 10,-9 94,-12 300,-11 247,0 290,2 317,17 26,13 37,14 62,5 25,-10 35,-9 56,5 31,21 104,22 151,3 53,-22 149,-31 450,-40 93,-3 139,-9 160,-20 39,-20 269,-23 282,-3 17,26 74,49 106,43 50,-11 319,-36 327,-31 5,3 32,0 61,-6 30,-6 104,-13 164,-15 61,-2 122,-6 137,-10 22,-4 35,2 70,34 l 42,40 -19,37 c -15,28 -17,39 -8,42 7,3 23,13 35,23 21,17 22,19 7,37 -9,10 -20,29 -24,43 -10,35 -24,50 -46,50 -10,0 -23,9 -29,20 -10,18 -17,20 -60,14 -40,-5 -51,-3 -56,9 -4,10 -27,17 -75,22 -62,6 -71,10 -80,31 -8,22 -12,23 -30,14 -16,-9 -42,-9 -103,0 -96,13 -247,15 -367,5 -82,-7 -86,-7 -112,18 l -27,25 -173,-5 c -163,-4 -236,-11 -352,-33 -27,-6 -95,-16 -150,-24 -55,-9 -119,-21 -142,-27 -33,-10 -49,-10 -81,0 -25,9 -57,11 -85,7 -32,-5 -66,-1 -123,16 -69,20 -100,22 -244,21 -156,0 -165,-2 -178,-22 -15,-23 -46,-28 -58,-10 -4,8 -24,9 -58,4 -84,-12 -271,-5 -404,15 -63,10 -89,10 -108,1 -14,-6 -40,-11 -59,-11 -36,0 -47,-13 -20,-24 8,-3 15,-12 15,-19 0,-8 9,-22 20,-32 23,-21 26,-35 8,-35 -7,0 -25,-6 -40,-14 -16,-9 -37,-12 -52,-8 -14,4 -83,4 -153,0 -223,-11 -470,-9 -498,4 l -27,12 7,570 c 4,314 5,663 3,776 -6,388 -2,684 10,736 8,38 8,61 0,90 -12,40 -16,343 -5,360 7,12 3623,11 3900,-1 z M 6710,2169 c 25,-6 72,-16 105,-22 33,-7 65,-15 70,-18 6,-4 24,-10 42,-14 35,-7 50,-34 35,-62 -6,-10 -13,-40 -18,-68 -4,-29 -20,-70 -38,-97 -17,-26 -41,-62 -53,-80 -12,-18 -32,-51 -44,-73 -12,-22 -30,-46 -40,-53 -11,-7 -26,-26 -34,-43 -12,-21 -23,-29 -43,-29 -30,0 -115,26 -211,64 -36,14 -80,26 -99,26 -39,0 -190,44 -216,63 -15,11 -8,22 74,107 51,52 112,125 137,162 53,79 103,130 135,140 36,10 148,8 198,-3 z m 1118,-215 c 12,-8 22,-22 22,-31 0,-8 14,-34 32,-57 17,-22 33,-43 34,-45 2,-1 21,-4 43,-5 25,-1 49,-10 63,-23 21,-19 31,-21 116,-16 98,6 158,-2 272,-39 56,-17 74,-19 130,-10 92,15 162,30 185,41 11,5 44,17 74,26 61,19 71,13 71,-41 0,-43 -16,-54 -81,-54 -32,0 -60,-4 -63,-9 -4,-5 -25,-12 -49,-16 -23,-4 -51,-14 -62,-21 -11,-8 -30,-14 -43,-14 -12,0 -34,-7 -47,-16 -23,-15 -28,-15 -65,0 -22,9 -53,16 -68,16 -15,1 -38,7 -52,15 -14,8 -36,14 -49,15 -13,0 -47,6 -75,14 -48,14 -94,24 -281,61 -206,42 -201,39 -211,112 -6,48 -5,53 25,82 36,35 47,37 79,15 z m -595,-165 c 45,-9 57,-15 55,-28 -4,-17 -21,-18 -102,-3 -44,8 -65,23 -66,46 0,4 12,6 28,2 15,-3 53,-11 85,-17 z m 472,-69 c 3,-5 -5,-12 -19,-16 -14,-3 -30,-12 -37,-20 -11,-14 -79,-20 -79,-7 0,4 10,17 22,30 16,17 32,23 64,23 24,0 46,-4 49,-10 z m -183,-17 c 25,-23 23,-43 -6,-43 -28,0 -51,24 -42,45 7,20 25,19 48,-2 z m 354,-5 c 8,-13 -49,-68 -71,-68 -18,0 -20,-16 -3,-26 14,-9 -18,-34 -43,-34 -9,0 -36,-16 -59,-35 -22,-19 -58,-38 -78,-41 -89,-18 -132,-3 -132,43 0,24 2,25 45,19 37,-6 52,-3 87,18 24,14 49,34 56,46 7,12 23,20 40,20 18,0 38,11 57,29 34,37 87,52 101,29 z m 122,-37 c 23,-14 9,-53 -26,-72 -39,-20 -61,-46 -62,-72 0,-10 -8,-20 -17,-23 -52,-17 -78,-30 -104,-51 -23,-20 -37,-24 -76,-21 -62,4 -68,26 -16,60 21,14 50,37 66,51 21,20 34,25 55,21 24,-5 37,3 90,55 64,63 68,66 90,52 z m 102,-20 c 17,-33 12,-50 -21,-67 -26,-13 -30,-20 -27,-45 4,-25 0,-33 -21,-44 -14,-7 -43,-29 -65,-49 -28,-26 -48,-36 -72,-36 -62,0 -55,38 13,71 51,25 93,66 93,91 0,19 66,98 81,98 4,0 13,-9 19,-19 z m 108,-33 c 2,-15 -2,-36 -8,-47 -8,-15 -7,-26 2,-41 12,-19 8,-25 -37,-66 -54,-48 -91,-68 -112,-60 -24,9 -14,42 27,89 29,33 40,54 40,78 0,66 81,109 88,47 z m 160,-76 c 3,-10 -4,-13 -24,-10 -15,2 -29,9 -32,16 -3,10 4,13 24,10 15,-2 29,-9 32,-16 z m 52,-35 c 0,-35 -29,-57 -75,-57 -23,0 -45,3 -48,7 -12,11 25,43 49,43 13,0 28,9 34,20 13,24 40,16 40,-13 z M 7474,544 c 9,-3 16,-15 16,-25 0,-16 -8,-19 -54,-19 -30,0 -57,-4 -60,-9 -5,-7 -132,-8 -161,0 -5,1 -17,0 -25,-4 -8,-3 -54,-10 -101,-16 -116,-13 -176,-42 -116,-56 21,-4 212,8 310,21 31,4 53,2 62,-6 19,-15 218,-26 299,-16 104,13 59,26 -94,26 -116,0 -150,3 -150,13 0,27 258,59 299,37 12,-6 21,-19 21,-30 0,-15 8,-19 48,-22 44,-3 47,-5 44,-29 -2,-15 5,-32 18,-44 29,-26 25,-57 -10,-84 -23,-16 -30,-29 -28,-48 3,-25 0,-27 -42,-29 -25,-2 -67,0 -95,3 -46,6 -48,7 -20,14 17,3 49,7 72,8 97,3 36,31 -68,31 -55,0 -109,10 -109,19 0,7 100,28 185,40 28,3 49,11 47,16 -3,11 -42,11 -142,0 -36,-4 -95,-7 -132,-7 -50,1 -68,-2 -72,-13 -7,-19 -50,-19 -65,-1 -7,8 -40,17 -74,20 -34,4 -81,12 -103,17 -31,8 -47,8 -64,-1 -22,-12 -22,-12 9,-31 17,-10 31,-23 31,-28 0,-11 -143,-3 -178,10 -32,12 -18,29 24,29 19,0 34,4 34,8 0,15 -96,43 -125,36 -32,-8 -45,6 -45,53 0,45 41,65 145,70 44,3 94,11 111,19 24,10 39,11 62,3 22,-7 36,-7 51,0 11,6 45,10 76,10 31,-1 61,3 68,10 12,12 75,15 101,5 z m 226,-3 c 0,-13 -20,-18 -47,-13 -36,7 -27,22 12,22 19,0 35,-4 35,-9 z M 5685,513 c 30,-9 55,-21 55,-25 0,-4 -31,-8 -70,-8 -61,0 -70,2 -70,18 0,37 9,38 85,15 z m 857,-5 c 42,-7 83,-19 90,-25 6,-7 17,-13 23,-13 18,-1 88,-67 82,-78 -4,-5 -19,-13 -34,-17 -34,-8 -63,-33 -63,-54 0,-9 -12,-24 -26,-35 -23,-16 -50,-19 -255,-22 -186,-2 -229,-1 -229,10 0,23 23,34 75,35 28,0 59,1 70,1 11,1 78,-4 150,-10 129,-10 130,-10 147,12 12,17 14,25 5,29 -7,4 -78,9 -160,13 -120,5 -154,3 -184,-9 -33,-14 -38,-14 -55,2 -10,9 -16,24 -13,34 3,9 1,20 -5,24 -16,10 -12,50 8,67 9,9 44,21 77,28 33,7 67,16 75,21 17,11 111,5 222,-13 z m 1592,2 c 100,-5 206,-16 236,-25 30,-8 74,-15 97,-15 47,0 65,-14 30,-24 -36,-10 -179,-6 -227,6 -56,13 -280,12 -294,-2 -7,-7 3,-10 30,-10 21,0 45,-4 53,-9 21,-14 -13,-20 -96,-18 -51,2 -76,7 -90,19 -11,10 -34,23 -51,29 -37,13 -41,31 -9,47 23,12 101,21 126,15 8,-2 95,-8 195,-13 z M 6047,447 c 13,-12 14,-21 5,-44 -5,-15 -13,-36 -16,-45 -5,-16 -7,-16 -38,0 -35,17 -90,21 -123,8 -19,-7 -18,-9 10,-31 16,-13 26,-27 23,-30 -9,-9 -118,5 -118,15 0,4 14,13 30,20 36,15 38,25 8,34 -39,10 -76,7 -81,-8 -8,-19 -62,-25 -95,-10 -15,7 -44,15 -64,19 -43,7 -51,30 -15,41 12,4 51,6 87,4 95,-5 98,-4 185,24 90,29 175,30 202,3 z m 753,-37 c 0,-51 -14,-75 -23,-40 -7,28 4,101 14,94 5,-3 9,-27 9,-54 z m 1645,-38 c 22,-6 67,-13 101,-17 33,-4 66,-10 73,-15 21,-12 3,-49 -27,-56 -15,-3 -34,-8 -42,-11 -25,-9 -181,-10 -186,-1 -8,12 39,27 69,21 15,-3 27,-1 27,5 0,12 -80,20 -114,11 -14,-4 -57,-3 -97,1 -40,5 -96,6 -125,3 -33,-4 -71,0 -105,11 -30,8 -70,19 -89,24 -45,11 -41,26 7,32 65,9 466,2 508,-8 z M 5620,310 c 0,-5 -7,-10 -15,-10 -8,0 -15,5 -15,10 0,6 7,10 15,10 8,0 15,-4 15,-10 z m 120,-30 c 0,-5 -9,-10 -19,-10 -11,0 -23,5 -26,10 -4,6 5,10 19,10 14,0 26,-4 26,-10 z"
       id="path262"
       inkscape:connector-curvature="0" />
    <path
       d="m 4916,2891 c -3,-5 5,-16 19,-25 21,-14 25,-24 25,-67 0,-55 11,-66 53,-50 25,10 26,11 12,38 -9,17 -13,41 -9,59 5,28 3,33 -27,43 -39,13 -66,14 -73,2 z"
       id="path264"
       inkscape:connector-curvature="0" />
    <path
       d="m 5034,2889 c -9,-16 2,-22 21,-11 15,8 16,10 1,15 -8,3 -18,2 -22,-4 z"
       id="path266"
       inkscape:connector-curvature="0" />
    <path
       d="m 5670,2887 c 0,-8 9,-22 20,-32 27,-24 25,-41 -7,-70 -32,-27 -22,-49 18,-43 19,2 24,9 24,31 -1,36 21,35 68,-4 48,-40 69,-35 82,18 6,23 13,45 18,49 16,17 6,44 -19,50 -36,9 -51,-8 -35,-42 20,-44 -3,-54 -41,-18 -18,16 -34,32 -36,37 -4,8 -69,37 -83,37 -5,0 -9,-6 -9,-13 z"
       id="path268"
       inkscape:connector-curvature="0" />
    <path
       d="m 5419,2871 c 18,-18 22,-32 20,-68 -4,-53 14,-69 56,-53 22,8 26,15 21,33 -3,12 -6,36 -6,54 0,34 -4,36 -74,49 l -39,7 22,-22 z"
       id="path270"
       inkscape:connector-curvature="0" />
    <path
       d="m 5540,2877 c 14,-6 34,-20 44,-29 27,-25 46,-22 46,6 0,28 -17,36 -73,35 -40,0 -41,-1 -17,-12 z"
       id="path272"
       inkscape:connector-curvature="0" />
    <path
       d="m 6302,2882 c -7,-5 -22,-26 -33,-47 -12,-21 -30,-46 -41,-55 -23,-18 -17,-40 9,-40 9,0 26,11 39,25 13,14 28,25 33,25 5,0 22,-11 37,-25 27,-25 84,-35 84,-14 0,6 -11,25 -25,43 -14,17 -29,36 -34,42 -4,5 -14,20 -20,32 -12,23 -27,27 -49,14 z"
       id="path274"
       inkscape:connector-curvature="0" />
    <path
       d="m 5073,2853 c -18,-38 -16,-43 15,-43 34,1 73,47 51,61 -27,17 -54,9 -66,-18 z"
       id="path276"
       inkscape:connector-curvature="0" />
    <path
       d="m 5171,2871 c -10,-7 -11,-13 -1,-30 8,-17 9,-31 1,-54 -12,-34 -3,-47 35,-47 33,0 41,20 35,80 -5,49 -9,55 -31,58 -14,1 -31,-2 -39,-7 z"
       id="path278"
       inkscape:connector-curvature="0" />
    <path
       d="m 5293,2854 c 3,-18 0,-35 -9,-45 -13,-15 -11,-19 16,-43 34,-28 47,-31 70,-15 13,8 12,12 -7,25 -20,15 -21,16 -5,44 20,34 12,45 -37,55 -33,7 -34,7 -28,-21 z"
       id="path280"
       inkscape:connector-curvature="0" />
    <path
       d="m 5955,2819 c 4,-71 11,-82 51,-77 24,2 29,7 26,28 -1,14 -3,41 -4,60 -2,40 -12,50 -49,50 -27,0 -27,-1 -24,-61 z"
       id="path282"
       inkscape:connector-curvature="0" />
    <path
       d="m 6080,2868 c 0,-8 11,-21 25,-28 31,-17 34,-56 5,-65 -33,-11 -22,-25 19,-25 42,0 51,11 51,59 0,38 -19,59 -62,66 -30,6 -38,4 -38,-7 z"
       id="path284"
       inkscape:connector-curvature="0" />
    <path
       d="m 6564,2855 c -28,-29 -31,-66 -6,-88 27,-24 119,-42 148,-28 37,16 29,28 -20,28 -25,0 -52,5 -60,13 -45,37 10,82 72,60 37,-13 59,-3 49,22 -3,10 -27,15 -82,16 -69,1 -79,-1 -101,-23 z"
       id="path286"
       inkscape:connector-curvature="0" />
    <path
       d="m 6800,2861 c -60,-32 -50,-86 22,-121 50,-24 77,-25 84,-5 4,9 19,15 39,15 39,0 60,22 57,61 -2,26 1,29 28,29 22,0 33,-6 41,-24 10,-21 8,-28 -20,-55 -20,-20 -26,-31 -17,-31 29,0 66,20 66,35 0,19 14,19 30,0 21,-25 54,-18 74,15 22,38 40,29 33,-17 -5,-28 -3,-34 9,-29 9,3 22,6 30,6 10,0 14,13 14,49 0,47 2,50 28,53 44,5 34,33 -13,35 -59,2 -74,-5 -93,-45 -9,-19 -21,-37 -27,-39 -5,-1 -23,15 -39,37 -26,34 -36,40 -70,42 -23,0 -48,0 -56,-1 -39,-6 -80,-5 -130,1 -45,6 -63,4 -90,-11 z m 131,-42 c 7,-14 5,-26 -7,-44 -14,-22 -22,-25 -48,-19 -37,8 -47,20 -44,54 5,41 78,48 99,9 z"
       id="path288"
       inkscape:connector-curvature="0" />
    <path
       d="m 5546,2833 c -9,-10 -7,-53 3,-53 5,0 11,-9 14,-20 6,-24 16,-25 42,-6 19,14 19,15 -8,27 -15,7 -27,20 -27,30 0,20 -14,32 -24,22 z"
       id="path290"
       inkscape:connector-curvature="0" />
    <path
       d="m 4929,2619 c -11,-6 -8,-13 9,-32 26,-28 30,-82 6,-95 -27,-15 -6,-32 37,-32 45,0 58,18 41,53 -6,12 -13,40 -14,62 -3,35 -6,40 -35,46 -17,3 -37,3 -44,-2 z"
       id="path292"
       inkscape:connector-curvature="0" />
    <path
       d="m 5574,2622 c -14,-10 -36,-64 -29,-71 3,-3 10,1 14,8 6,8 19,12 34,9 26,-5 43,14 31,33 -9,15 -40,28 -50,21 z"
       id="path294"
       inkscape:connector-curvature="0" />
    <path
       d="m 5078,2613 c -34,-9 -19,-73 17,-73 35,0 51,62 19,74 -9,3 -16,5 -17,5 -1,-1 -10,-3 -19,-6 z"
       id="path296"
       inkscape:connector-curvature="0" />
    <path
       d="m 5442,2612 c -9,-6 -11,-21 -6,-49 4,-25 1,-49 -6,-63 -15,-28 1,-41 45,-38 l 30,3 -2,63 c -3,81 -23,108 -61,84 z"
       id="path298"
       inkscape:connector-curvature="0" />
    <path
       d="m 5702,2609 c -38,-11 -56,-48 -47,-96 4,-25 13,-34 40,-43 19,-6 39,-9 44,-5 15,8 2,33 -20,40 -25,8 -24,28 4,60 22,26 23,26 60,10 21,-8 42,-13 47,-10 16,10 11,42 -6,49 -22,9 -83,6 -122,-5 z"
       id="path300"
       inkscape:connector-curvature="0" />
    <path
       d="m 5943,2608 c -34,-9 -73,-50 -73,-78 0,-19 34,-51 72,-67 15,-7 49,-9 82,-6 45,5 61,11 76,31 34,43 22,91 -27,110 -43,16 -94,20 -130,10 z m 107,-54 c 7,-18 6,-33 -5,-54 -14,-27 -18,-28 -43,-19 -31,12 -62,38 -62,52 0,23 34,47 67,47 27,0 35,-5 43,-26 z"
       id="path302"
       inkscape:connector-curvature="0" />
    <path
       d="m 6273,2603 c -14,-37 -63,-47 -63,-13 0,13 -7,20 -20,20 -50,0 -32,-73 21,-84 59,-11 77,-39 33,-50 -45,-12 -13,-27 36,-18 50,9 47,0 38,122 -3,39 -33,55 -45,23 z"
       id="path304"
       inkscape:connector-curvature="0" />
    <path
       d="m 5170,2566 c 0,-24 -3,-58 -6,-75 -6,-31 -6,-31 36,-31 l 43,0 -7,46 c -3,26 -6,60 -6,75 0,26 -4,29 -30,29 -29,0 -30,-2 -30,-44 z"
       id="path306"
       inkscape:connector-curvature="0" />
    <path
       d="m 5297,2603 c -2,-5 -7,-25 -11,-46 -9,-50 22,-97 64,-97 39,0 44,13 15,40 -19,17 -22,27 -15,41 15,27 12,56 -6,63 -21,8 -42,8 -47,-1 z"
       id="path308"
       inkscape:connector-curvature="0" />
    <path
       d="m 7428,2585 c -13,-13 -48,-42 -78,-65 -171,-126 -193,-149 -154,-164 10,-4 30,5 53,25 55,47 172,129 208,147 36,17 46,35 38,63 -9,26 -40,24 -67,-6 z"
       id="path310"
       inkscape:connector-curvature="0" />
    <path
       d="m 5786,2521 c -25,-27 -17,-55 16,-59 34,-4 54,27 38,58 -13,25 -32,25 -54,1 z"
       id="path312"
       inkscape:connector-curvature="0" />
    <path
       d="m 7154,2492 c -62,-47 -84,-86 -57,-97 19,-7 27,-1 96,64 93,91 66,114 -39,33 z"
       id="path314"
       inkscape:connector-curvature="0" />
    <path
       d="m 5567,2514 c -11,-11 -8,-52 3,-59 17,-10 41,16 38,39 -3,21 -28,33 -41,20 z"
       id="path316"
       inkscape:connector-curvature="0" />
    <path
       d="m 6143,2503 c -8,-20 31,-55 52,-46 12,4 12,9 3,26 -20,38 -45,47 -55,20 z"
       id="path318"
       inkscape:connector-curvature="0" />
    <path
       d="m 6970,2376 c 0,-23 29,-46 58,-46 15,0 41,-9 57,-20 38,-25 75,-26 75,-2 0,10 -17,24 -43,36 -23,10 -55,25 -71,32 -38,18 -76,18 -76,0 z"
       id="path320"
       inkscape:connector-curvature="0" />
    <path
       d="m 6635,2341 c -10,-33 0,-38 81,-39 87,-1 159,-9 189,-21 64,-26 125,-59 164,-88 49,-37 81,-43 81,-14 0,23 -9,30 -82,70 -31,16 -65,35 -75,41 -58,33 -169,60 -275,67 -70,4 -77,3 -83,-16 z"
       id="path322"
       inkscape:connector-curvature="0" />
    <path
       d="m 6300,1550 c 0,-11 -9,-37 -20,-57 -27,-52 -26,-64 16,-107 l 36,-37 54,21 c 81,33 96,63 34,72 -17,2 -26,10 -28,26 -2,13 -11,26 -20,29 -28,10 -52,35 -52,55 0,10 -4,18 -10,18 -5,0 -10,-9 -10,-20 z"
       id="path324"
       inkscape:connector-curvature="0" />
    <path
       d="m 6390,1280 c -8,-6 -32,-15 -53,-20 -30,-9 -42,-8 -59,5 -34,23 -120,20 -143,-5 -16,-18 -17,-22 -4,-35 17,-17 54,-22 86,-11 34,11 44,-21 42,-132 -1,-80 1,-129 10,-204 2,-16 38,-7 58,15 22,23 34,77 38,167 2,30 7,77 11,105 8,45 12,50 43,56 68,14 83,69 19,69 -18,0 -40,-5 -48,-10 z m -75,-268 c -10,-27 -24,7 -17,43 l 5,30 10,-28 c 5,-15 6,-35 2,-45 z"
       id="path326"
       inkscape:connector-curvature="0" />
    <path
       d="m 6373,888 c -4,-7 -8,-22 -8,-33 0,-14 -9,-21 -30,-25 -25,-4 -30,-10 -31,-36 -1,-42 -11,-54 -45,-54 -39,0 -38,-22 4,-54 42,-32 46,-32 107,-1 70,35 91,86 53,127 -10,11 -18,31 -19,46 -1,15 -3,30 -3,35 -1,11 -19,8 -28,-5 z"
       id="path328"
       inkscape:connector-curvature="0" />
    <path
       d="m 6464,1939 c -3,-6 0,-17 7,-25 18,-17 44,-2 36,20 -7,18 -33,21 -43,5 z"
       id="path330"
       inkscape:connector-curvature="0" />
    <path
       d="m 6477,463 c -9,-2 -15,-9 -12,-14 7,-10 88,-12 124,-2 23,6 23,7 5,14 -21,8 -88,9 -117,2 z"
       id="path332"
       inkscape:connector-curvature="0" />
  </g>
  <rect
     style="fill:#ffffff;fill-opacity:1;stroke:none"
     id="rect3364"
     width="191.77754"
     height="41.57415"
     x="217.06703"
     y="129.61821" />
  <rect
     style="fill:#ffffff;fill-opacity:1;stroke:none"
     id="rect3366"
     width="10.728814"
     height="3.6880295"
     x="240.8716"
     y="127.60657" />
  <rect
     style="fill:#ffffff;fill-opacity:1;stroke:none"
     id="rect3368"
     width="132.76907"
     height="5.6996822"
     x="263.33505"
     y="127.27129" />
  <rect
     style="fill:#ffffff;fill-opacity:1;stroke:none"
     id="rect3370"
     width="122.37553"
     height="87.842155"
     x="271.04639"
     y="170.5218" />
  <rect
     style="fill:#ffffff;fill-opacity:1;stroke:none"
     id="rect3372"
     width="68.060913"
     height="55.990997"
     x="236.51303"
     y="198.34967" />
  <rect
     style="fill:#ffffff;fill-opacity:1;stroke:none"
     id="rect3374"
     width="181.71927"
     height="29.168961"
     x="486.62848"
     y="292.22678" />
  <rect
     style="fill:#ffffff;fill-opacity:1;stroke:none"
     id="rect3376"
     width="106.28231"
     height="16.09322"
     x="484.61682"
     y="327.43069" />
  <rect
     style="fill:#ffffff;fill-opacity:1;stroke:none"
     id="rect3378"
     width="108.96452"
     height="14.416842"
     x="486.29324"
     y="317.70773" />
  <rect
     style="fill:#ffffff;fill-opacity:1;stroke:none"
     id="rect3380"
     width="254.13876"
     height="26.822033"
     x="485.95795"
     y="349.55887" />
  <rect
     style="fill:#ffffff;fill-opacity:1;stroke:none"
     id="rect3382"
     width="197.8125"
     height="22.128178"
     x="482.60519"
     y="378.72784" />
  <rect
     style="fill:#ffffff;fill-opacity:1;stroke:none"
     id="rect3384"
     width="149.19756"
     height="54.649895"
     x="488.64017"
     y="450.81204" />
  <rect
     style="fill:#ffffff;fill-opacity:1;stroke:none"
     id="rect3386"
     width="118.01694"
     height="28.498409"
     x="627.44415"
     y="447.12405" />
  <rect
     style="fill:#ffffff;fill-opacity:1;stroke:none"
     id="rect3388"
     width="126.06356"
     height="130.08687"
     x="286.46906"
     y="567.48792" />
  <rect
     style="fill:#ffffff;fill-opacity:1;stroke:none"
     id="rect3390"
     width="123.38136"
     height="30.845341"
     x="192.59193"
     y="630.51971" />
  <text
     xml:space="preserve"
     style="font-size:27.35533524px;font-style:normal;font-weight:normal;line-height:125%;letter-spacing:0px;word-spacing:0px;fill:#000000;fill-opacity:1;stroke:none;font-family:Sans"
     x="264.91696"
     y="156.12404"
     id="text3324"
     sodipodi:linespacing="125%"><tspan
       sodipodi:role="line"
       id="tspan3326"
       x="264.91696"
       y="156.12404"
       style="font-style:normal;font-variant:normal;font-weight:normal;font-stretch:normal;font-family:Times New Roman;-inkscape-font-specification:Times New Roman">AMARRE</tspan><tspan
       sodipodi:role="line"
       x="264.91696"
       y="190.31821"
       id="tspan3328"
       style="font-style:normal;font-variant:normal;font-weight:normal;font-stretch:normal;font-family:Times New Roman;-inkscape-font-specification:Times New Roman">UM FEIXE</tspan><tspan
       sodipodi:role="line"
       x="264.91696"
       y="224.51237"
       id="tspan3330"
       style="font-style:normal;font-variant:normal;font-weight:normal;font-stretch:normal;font-family:Times New Roman;-inkscape-font-specification:Times New Roman">DE RAMOS</tspan><tspan
       sodipodi:role="line"
       x="264.91696"
       y="258.70654"
       id="tspan3332"
       style="font-style:normal;font-variant:normal;font-weight:normal;font-stretch:normal;font-family:Times New Roman;-inkscape-font-specification:Times New Roman">SECOS</tspan></text>
  <text
     xml:space="preserve"
     style="font-size:28.06203842px;font-style:normal;font-weight:normal;line-height:125%;letter-spacing:0px;word-spacing:0px;fill:#000000;fill-opacity:1;stroke:none;font-family:Sans"
     x="498.31122"
     y="298.67191"
     id="text3338"
     sodipodi:linespacing="125%"><tspan
       sodipodi:role="line"
       id="tspan3340"
       x="498.31122"
       y="298.67191"
       style="font-family:Times New Roman;-inkscape-font-specification:Times New Roman">ENFIE UM</tspan><tspan
       sodipodi:role="line"
       x="498.31122"
       y="333.74945"
       style="font-family:Times New Roman;-inkscape-font-specification:Times New Roman"
       id="tspan3342">CABO</tspan><tspan
       sodipodi:role="line"
       x="498.31122"
       y="368.827"
       style="font-family:Times New Roman;-inkscape-font-specification:Times New Roman"
       id="tspan3344">DE VASSOURA</tspan><tspan
       sodipodi:role="line"
       x="498.31122"
       y="403.90454"
       style="font-family:Times New Roman;-inkscape-font-specification:Times New Roman"
       id="tspan3346">NO FEIXE</tspan></text>
  <text
     xml:space="preserve"
     style="font-size:26.97883797px;font-style:normal;font-variant:normal;font-weight:normal;font-stretch:normal;line-height:125%;letter-spacing:0px;word-spacing:0px;fill:#000000;fill-opacity:1;stroke:none;font-family:Tibetan Machine Uni;-inkscape-font-specification:Tibetan Machine Uni"
     x="247.51089"
     y="575.44104"
     id="text3348"
     sodipodi:linespacing="125%"><tspan
       sodipodi:role="line"
       id="tspan3350"
       x="247.51089"
       y="575.44104"
       style="font-family:Times New Roman;-inkscape-font-specification:Times New Roman">BATA</tspan><tspan
       sodipodi:role="line"
       x="247.51089"
       y="609.16461"
       style="font-family:Times New Roman;-inkscape-font-specification:Times New Roman"
       id="tspan3352">NUMA</tspan><tspan
       sodipodi:role="line"
       x="247.51089"
       y="642.88812"
       style="font-family:Times New Roman;-inkscape-font-specification:Times New Roman"
       id="tspan3354">SUPERFICIE</tspan><tspan
       sodipodi:role="line"
       x="247.51089"
       y="676.61169"
       style="font-family:Times New Roman;-inkscape-font-specification:Times New Roman"
       id="tspan3356">DURA</tspan></text>
  <text
     xml:space="preserve"
     style="font-size:26.02051544px;font-style:normal;font-variant:normal;font-weight:normal;font-stretch:normal;line-height:125%;letter-spacing:0px;word-spacing:0px;fill:#000000;fill-opacity:1;stroke:none;font-family:Tibetan Machine Uni;-inkscape-font-specification:Tibetan Machine Uni"
     x="500.54996"
     y="476.48474"
     id="text3358"
     sodipodi:linespacing="125%"><tspan
       sodipodi:role="line"
       id="tspan3360"
       x="500.54996"
       y="476.48474">PRENDA COM</tspan><tspan
       sodipodi:role="line"
       x="500.54996"
       y="509.01038"
       id="tspan3362">PREGOS</tspan></text>
  <text
     xml:space="preserve"
     style="font-size:44.43859482px;font-style:normal;font-weight:normal;line-height:125%;letter-spacing:0px;word-spacing:0px;fill:#000000;fill-opacity:1;stroke:none;font-family:Sans"
     x="460.8493"
     y="42.825756"
     id="text3324-3"
     sodipodi:linespacing="125%"><tspan
       sodipodi:role="line"
       x="460.8493"
       y="42.825756"
       id="tspan3332-3"
       style="font-style:normal;font-variant:normal;font-weight:bold;font-stretch:normal;text-align:center;text-anchor:middle;font-family:Times New Roman;-inkscape-font-specification:Times New Roman">COMO PREPARAR SUA</tspan><tspan
       sodipodi:role="line"
       x="460.8493"
       y="98.374001"
       style="font-style:normal;font-variant:normal;font-weight:bold;font-stretch:normal;text-align:center;text-anchor:middle;font-family:Times New Roman;-inkscape-font-specification:Times New Roman"
       id="tspan3214">VASSOURA MGICA</tspan></text>
</svg>
