<?xml version="1.0" standalone="no"?>
<!DOCTYPE svg PUBLIC "-//W3C//DTD SVG 20010904//EN"
 "http://www.w3.org/TR/2001/REC-SVG-20010904/DTD/svg10.dtd">
<svg version="1.0" xmlns="http://www.w3.org/2000/svg"
 width="387.000000pt" height="381.000000pt" viewBox="0 0 387.000000 381.000000"
 preserveAspectRatio="xMidYMid meet">
<metadata>
Created by potrace 1.10, written by Peter Selinger 2001-2011
</metadata>
<g transform="translate(0.000000,381.000000) scale(0.100000,-0.100000)"
fill="#000000" stroke="none">
<path d="M1930 3624 c-25 -7 -65 -18 -90 -25 -25 -6 -60 -18 -78 -25 -18 -8
-40 -14 -50 -14 -9 0 -34 -6 -57 -14 -38 -13 -85 -27 -215 -63 -30 -9 -71 -21
-90 -28 -19 -7 -62 -20 -95 -30 -33 -9 -76 -23 -95 -30 -19 -7 -62 -20 -95
-30 -33 -9 -76 -23 -95 -30 -19 -7 -62 -20 -95 -30 -33 -9 -75 -23 -93 -31
-18 -8 -42 -14 -53 -14 -12 0 -33 -6 -47 -14 -15 -8 -47 -22 -72 -31 -25 -9
-52 -20 -60 -25 -20 -10 -25 -101 -10 -194 7 -39 15 -112 20 -162 4 -50 13
-99 20 -110 18 -29 121 -86 145 -80 22 5 62 17 142 41 29 9 76 23 105 32 29 8
74 22 100 30 26 7 69 20 95 28 27 7 63 18 81 24 17 6 47 16 65 22 172 56 178
57 215 15 37 -42 37 -42 -33 -144 -27 -41 -57 -84 -65 -97 -8 -13 -55 -83
-105 -155 -49 -73 -94 -139 -100 -148 -5 -9 -22 -33 -37 -53 -16 -20 -28 -40
-28 -44 0 -4 -13 -24 -30 -45 -16 -21 -30 -42 -30 -48 0 -11 166 -31 358 -42
132 -7 160 -13 182 -41 11 -14 88 -106 146 -173 33 -39 83 -99 112 -134 l52
-63 0 -272 c0 -150 -4 -277 -8 -284 -4 -6 -67 -74 -141 -152 l-133 -141 -248
0 -247 0 -77 80 -76 80 0 166 0 166 60 62 c64 67 73 91 38 101 -25 7 -86 30
-133 50 -16 7 -49 20 -72 29 -24 9 -62 23 -85 32 -24 9 -56 22 -73 29 -158 68
-173 67 -230 -20 -30 -46 -51 -94 -97 -220 -28 -76 -40 -110 -47 -140 -4 -17
-13 -40 -19 -52 -16 -29 -15 -64 2 -148 14 -64 22 -107 56 -290 l11 -60 206
-203 c160 -157 211 -202 231 -202 14 0 51 -6 81 -14 31 -8 92 -22 136 -31 44
-9 107 -23 140 -30 167 -37 172 -38 219 -26 24 6 60 11 79 11 19 0 57 6 83 14
27 8 78 22 114 31 72 19 131 40 172 61 14 8 32 14 39 14 6 0 80 34 164 75 139
68 155 79 197 132 117 147 142 178 147 183 10 8 157 194 174 220 9 13 17 37
17 53 0 27 10 86 46 277 18 97 18 197 0 285 -8 39 -22 106 -30 150 -8 44 -20
107 -26 140 l-11 60 -167 164 c-374 366 -412 405 -412 421 0 9 19 32 42 51 77
63 193 163 201 174 12 15 0 179 -19 249 -37 147 -97 342 -151 491 -40 108 -84
195 -108 210 -16 9 -30 9 -65 -1z"/>
<path d="M3000 3441 c-50 -7 -52 -20 -5 -37 91 -33 84 -24 87 -119 3 -80 5
-87 28 -100 68 -36 277 -71 268 -45 -5 15 -14 21 -78 45 -105 41 -132 58 -145
89 -7 17 -20 47 -29 68 -9 20 -16 40 -16 46 0 16 -41 62 -53 60 -7 0 -32 -4
-57 -7z"/>
<path d="M2825 3343 c-4 -10 -9 -59 -12 -108 -7 -107 3 -125 68 -125 50 0 58
18 36 81 -9 25 -17 53 -17 62 0 8 -9 35 -20 61 -22 48 -43 59 -55 29z"/>
<path d="M3492 3238 c-18 -18 -14 -36 9 -43 28 -9 47 10 33 32 -14 22 -27 26
-42 11z"/>
<path d="M3460 2814 c-41 -20 -88 -42 -105 -49 -44 -20 -156 -45 -197 -45 -66
0 -216 -34 -328 -75 -106 -39 -135 -54 -133 -72 1 -10 18 -63 38 -118 20 -55
40 -113 45 -130 22 -77 44 -127 57 -132 8 -3 24 -1 36 4 68 31 99 43 114 43 9
0 41 7 72 16 31 9 79 22 106 29 100 27 171 46 216 61 26 7 54 14 62 14 35 0
173 75 214 117 39 38 42 46 33 66 -6 12 -18 36 -25 52 -20 45 -70 154 -95 208
-12 26 -25 47 -28 47 -4 0 -41 -16 -82 -36z"/>
</g>
</svg>
