<?xml version="1.0" standalone="no"?>
<!DOCTYPE svg PUBLIC "-//W3C//DTD SVG 20010904//EN"
 "http://www.w3.org/TR/2001/REC-SVG-20010904/DTD/svg10.dtd">
<svg version="1.0" xmlns="http://www.w3.org/2000/svg"
 width="111.000000pt" height="178.000000pt" viewBox="0 0 111.000000 178.000000"
 preserveAspectRatio="xMidYMid meet">
<metadata>
Created by potrace 1.10, written by Peter Selinger 2001-2011
</metadata>
<g transform="translate(0.000000,178.000000) scale(0.100000,-0.100000)"
fill="#000000" stroke="none">
<path d="M30 878 l0 -858 535 0 535 0 0 858 0 857 -535 0 -535 0 0 -857z
m1059 2 l3 -840 -527 0 -527 0 6 832 c4 458 6 836 6 841 0 4 233 7 518 7 l517
0 4 -840z"/>
<path d="M78 1669 c-22 -12 -23 -33 -2 -53 17 -18 44 -21 44 -6 0 6 -3 9 -7 9
-25 -4 -34 3 -31 24 5 35 41 29 48 -8 5 -24 7 -27 13 -12 16 41 -25 70 -65 46z"/>
<path d="M987 1673 c-11 -11 -8 -48 5 -61 7 -7 21 -12 32 -12 10 0 17 3 14 6
-4 3 -8 4 -11 2 -8 -6 -37 25 -37 40 0 12 4 12 23 -4 l22 -19 -20 25 c-11 14
-20 26 -21 28 0 1 -4 -1 -7 -5z"/>
<path d="M1029 1670 c17 -7 22 -16 18 -30 -3 -11 -1 -20 5 -20 5 0 8 12 6 28
-2 21 -9 28 -28 29 l-25 3 24 -10z"/>
<path d="M240 1570 l0 -90 320 0 320 0 0 90 0 90 -320 0 -320 0 0 -90z m630 0
l0 -80 -310 0 -310 0 0 80 0 80 310 0 310 0 0 -80z"/>
<path d="M508 1593 c-42 -17 -49 -32 -18 -40 29 -8 25 -23 -6 -21 -17 2 -31
12 -40 30 -9 18 -22 28 -37 28 -22 -1 -21 -1 3 -15 19 -11 21 -14 8 -15 -23 0
-46 -40 -24 -40 10 0 13 6 9 16 -4 12 -1 15 13 12 10 -2 18 -10 16 -16 -3 -15
74 -16 83 -1 4 6 13 8 21 5 8 -3 17 1 21 9 4 11 9 13 18 5 9 -7 16 -6 25 5 11
13 11 18 -1 29 -23 23 -52 26 -91 9z m47 -23 c-7 -12 -45 -14 -45 -2 0 4 11 9
26 10 14 1 23 -2 19 -8z"/>
<path d="M673 1598 c-27 -13 -29 -30 -7 -49 13 -10 17 -10 26 2 7 11 11 11 15
2 7 -18 28 -16 44 3 11 14 10 19 -10 35 -26 21 -36 22 -68 7z"/>
<path d="M680 1530 c-12 -8 -10 -10 8 -10 13 0 20 4 17 10 -7 12 -6 12 -25 0z"/>
<path d="M573 1523 c9 -2 23 -2 30 0 6 3 -1 5 -18 5 -16 0 -22 -2 -12 -5z"/>
<path d="M280 1335 l0 -85 135 0 135 0 0 85 0 85 -135 0 -135 0 0 -85z m260
40 l0 -35 -125 0 -125 0 0 35 0 35 125 0 125 0 0 -35z m0 -85 l0 -30 -125 0
-125 0 0 30 0 30 125 0 125 0 0 -30z"/>
<path d="M580 1335 l0 -85 135 0 135 0 0 85 0 85 -135 0 -135 0 0 -85z m260
40 l0 -35 -125 0 -125 0 0 35 0 35 125 0 125 0 0 -35z m0 -85 l0 -30 -125 0
-125 0 0 30 0 30 125 0 125 0 0 -30z"/>
<path d="M280 1200 l0 -40 135 0 135 0 0 40 0 40 -135 0 -135 0 0 -40z m260 0
l0 -30 -125 0 -125 0 0 30 0 30 125 0 125 0 0 -30z"/>
<path d="M580 1200 l0 -40 135 0 135 0 0 40 0 40 -135 0 -135 0 0 -40z m260 0
l0 -30 -125 0 -125 0 0 30 0 30 125 0 125 0 0 -30z"/>
<path d="M280 1110 l0 -40 135 0 135 0 0 40 0 40 -135 0 -135 0 0 -40z m260 0
l0 -30 -125 0 -125 0 0 30 0 30 125 0 125 0 0 -30z"/>
<path d="M580 1110 l0 -40 135 0 135 0 0 40 0 40 -135 0 -135 0 0 -40z m260 0
l0 -30 -125 0 -125 0 0 30 0 30 125 0 125 0 0 -30z"/>
<path d="M280 800 l0 -260 135 0 135 0 0 260 0 260 -135 0 -135 0 0 -260z
m260 220 l0 -30 -125 0 -125 0 0 30 0 30 125 0 125 0 0 -30z m0 -85 l0 -35
-125 0 -125 0 0 35 0 35 125 0 125 0 0 -35z m0 -90 l0 -35 -125 0 -125 0 0 35
0 35 125 0 125 0 0 -35z m0 -90 l0 -35 -125 0 -125 0 0 35 0 35 125 0 125 0 0
-35z m0 -90 l0 -35 -125 0 -125 0 0 35 0 35 125 0 125 0 0 -35z m0 -85 l0 -30
-125 0 -125 0 0 30 0 30 125 0 125 0 0 -30z"/>
<path d="M580 800 l0 -260 135 0 135 0 0 260 0 260 -135 0 -135 0 0 -260z
m260 220 l0 -30 -125 0 -125 0 0 30 0 30 125 0 125 0 0 -30z m0 -85 l0 -35
-125 0 -125 0 0 35 0 35 125 0 125 0 0 -35z m0 -90 l0 -35 -125 0 -125 0 0 35
0 35 125 0 125 0 0 -35z m0 -90 l0 -35 -125 0 -125 0 0 35 0 35 125 0 125 0 0
-35z m0 -90 l0 -35 -125 0 -125 0 0 35 0 35 125 0 125 0 0 -35z m0 -85 l0 -30
-125 0 -125 0 0 30 0 30 125 0 125 0 0 -30z"/>
<path d="M280 490 l0 -40 135 0 135 0 0 40 0 40 -135 0 -135 0 0 -40z m260 0
l0 -30 -125 0 -125 0 0 30 0 30 125 0 125 0 0 -30z"/>
<path d="M580 490 l0 -40 135 0 135 0 0 40 0 40 -135 0 -135 0 0 -40z m260 0
l0 -30 -125 0 -125 0 0 30 0 30 125 0 125 0 0 -30z"/>
<path d="M280 400 l0 -40 135 0 135 0 0 40 0 40 -135 0 -135 0 0 -40z m260 0
l0 -30 -125 0 -125 0 0 30 0 30 125 0 125 0 0 -30z"/>
<path d="M580 400 l0 -40 135 0 135 0 0 40 0 40 -135 0 -135 0 0 -40z m260 0
l0 -30 -125 0 -125 0 0 30 0 30 125 0 125 0 0 -30z"/>
<path d="M280 265 l0 -85 135 0 135 0 0 85 0 85 -135 0 -135 0 0 -85z m260 45
l0 -30 -125 0 -125 0 0 30 0 30 125 0 125 0 0 -30z m0 -85 l0 -35 -125 0 -125
0 0 35 0 35 125 0 125 0 0 -35z"/>
<path d="M580 265 l0 -85 135 0 135 0 0 85 0 85 -135 0 -135 0 0 -85z m260 45
l0 -30 -125 0 -125 0 0 30 0 30 125 0 125 0 0 -30z m0 -85 l0 -35 -125 0 -125
0 0 35 0 35 125 0 125 0 0 -35z"/>
<path d="M70 130 c-8 -14 -8 -26 0 -40 14 -26 56 -26 70 -1 13 25 13 27 -6 45
-21 22 -51 20 -64 -4z m41 0 c27 -15 25 -48 -3 -46 -18 1 -23 7 -24 29 -1 30
0 31 27 17z"/>
<path d="M990 135 c-15 -18 -10 -45 13 -59 34 -22 73 27 47 59 -16 19 -44 19
-60 0z m44 -8 c19 -14 13 -47 -9 -47 -16 0 -40 28 -31 37 3 4 13 -2 22 -13 14
-17 14 -16 0 9 -18 29 -11 35 18 14z"/>
</g>
</svg>
