<?xml version="1.0" encoding="UTF-8" standalone="no"?>
<svg
   xmlns:dc="http://purl.org/dc/elements/1.1/"
   xmlns:cc="http://creativecommons.org/ns#"
   xmlns:rdf="http://www.w3.org/1999/02/22-rdf-syntax-ns#"
   xmlns:svg="http://www.w3.org/2000/svg"
   xmlns="http://www.w3.org/2000/svg"
   xmlns:sodipodi="http://sodipodi.sourceforge.net/DTD/sodipodi-0.dtd"
   xmlns:inkscape="http://www.inkscape.org/namespaces/inkscape"
   version="1.0"
   width="262.000000pt"
   height="207.000000pt"
   viewBox="0 0 262.000000 207.000000"
   preserveAspectRatio="xMidYMid meet"
   id="svg3587"
   inkscape:version="0.48.4 r9939"
   sodipodi:docname="8.svg">
  <defs
     id="defs3807" />
  <sodipodi:namedview
     pagecolor="#ffffff"
     bordercolor="#666666"
     borderopacity="1"
     objecttolerance="10"
     gridtolerance="10"
     guidetolerance="10"
     inkscape:pageopacity="0"
     inkscape:pageshadow="2"
     inkscape:window-width="1600"
     inkscape:window-height="824"
     id="namedview3805"
     showgrid="false"
     inkscape:zoom="2.5797442"
     inkscape:cx="175.88623"
     inkscape:cy="164.56811"
     inkscape:window-x="0"
     inkscape:window-y="24"
     inkscape:window-maximized="1"
     inkscape:current-layer="svg3587" />
  <metadata
     id="metadata3589">
Created by potrace 1.10, written by Peter Selinger 2001-2011
<rdf:RDF>
  <cc:Work
     rdf:about="">
    <dc:format>image/svg+xml</dc:format>
    <dc:type
       rdf:resource="http://purl.org/dc/dcmitype/StillImage" />
  </cc:Work>
</rdf:RDF>
</metadata>
  <g
     transform="translate(0.000000,207.000000) scale(0.100000,-0.100000)"
     fill="#000000"
     stroke="none"
     id="g3591">
    <path
       d="m 43,2030 c -3,-8 -10,-28 -16,-44 -15,-40 -14,-121 2,-139 10,-13 9,-21 -5,-42 -11,-17 -17,-43 -15,-71 1,-24 1,-56 1,-71 -5,-115 -3,-140 15,-170 22,-38 81,-55 157,-46 45,5 47,5 61,-28 36,-85 101,-101 394,-95 120,3 225,7 233,10 8,3 34,10 57,16 23,6 56,22 72,36 25,21 42,26 98,28 82,3 167,30 188,59 17,25 20,89 4,118 -8,16 -7,25 5,38 9,10 16,25 16,34 0,9 3,17 8,17 4,0 7,-370 6,-823 0,-487 4,-827 9,-834 13,-18 1243,-18 1254,0 4,7 8,463 8,1015 l 0,1002 -635,-2 -635,-3 3,-44 c 3,-30 0,-41 -7,-37 -6,4 -11,14 -11,21 0,8 -8,27 -17,42 l -18,28 -614,0 c -537,0 -614,-2 -618,-15 z m 1241,-32 c 20,-28 21,-110 2,-146 -14,-28 -11,-82 5,-82 5,0 9,-23 9,-50 0,-41 -5,-56 -25,-76 -25,-25 -32,-44 -16,-44 5,0 14,-14 20,-32 29,-81 -62,-142 -202,-136 -57,2 -70,0 -78,-15 -26,-46 -191,-85 -317,-73 -37,3 -71,6 -77,7 -5,0 -29,-4 -52,-10 -55,-14 -177,2 -236,30 -43,21 -52,32 -71,92 -5,15 -12,17 -43,10 -58,-11 -115,-5 -143,15 -33,25 -54,96 -39,139 6,18 7,52 4,78 -5,29 -3,56 5,75 12,30 -10.024364,45.8978 8.975636,28.8978 19,-17 -7.958157,-12.0662 6.041843,6.9338 8,10 5.228813,-5.9222 4.228813,10.0778 -1,30 -0.451801,35.482 -10.451801,-1.518 C 26.794491,1779.3914 66,1793 62,1840 c -3,23 -6,29 -12,20 -14,-22 -24,74 -11,107 l 11,28 -1.355403,4.2775 c -2,-18 0.5482,10.5006 5.5482,7.5006 3.710805,8.705 9.162606,6.6562 7.807203,-4.7781 -2,17 35,18 603,18 l 604,0 z m 156,12 c 0,-5 -4,-10 -10,-10 -30,0 -58,-119 -41,-173 14,-40 90,-116 147,-145 154,-79 407,-125 568,-104 l 68,9 -6,-36 c -18,-99 -35,-181 -49,-231 -8,-30 -13,-58 -11,-62 8,-13 24,-9 24,6 0,30 59,214 84,264 24,47 29,52 61,52 86,0 200,45 257,102 21,21 39,38 41,38 4,0 -3,-1163 -8,-1168 -2,-3 -7,2 -11,11 -8,21 -90,82 -124,92 -13,4 -30,14 -38,21 -7,8 -22,14 -33,14 -22,0 -24,8 -5,33 9,12 16,14 21,8 10,-18 25,-13 56,18 23,24 29,38 29,74 0,40 -4,48 -37,75 -40,32 -40,30 12,47 8,2 15,9 15,15 0,13 -26,13 -52,-1 -19,-10 -20,-9 -14,12 3,13 9,38 12,54 l 5,30 -23,-37 -24,-37 -21,20 c -16,16 -38,22 -104,26 -82,5 -102,12 -204,67 -16,9 -39,16 -50,16 -17,-1 -15,-5 14,-30 36,-31 37,-60 1,-60 -11,0 -43,-9 -72,-20 -28,-11 -53,-18 -55,-16 -9,9 86,46 116,46 19,0 30,4 26,10 -12,19 -68,10 -111,-17 -42,-27 -74,-76 -59,-91 4,-4 10,-1 12,6 3,7 23,22 45,33 41,21 148,53 154,46 2,-2 -11,-14 -29,-27 -17,-13 -41,-36 -52,-49 -11,-14 -35,-42 -53,-61 -34,-36 -46,-65 -40,-96 2,-14 66,-60 123,-89 6,-3 4,-8 -4,-11 -8,-4 -35,-29 -61,-55 -26,-27 -54,-49 -61,-49 -34,0 -161,-104 -237,-195 -15,-18 -49,-40 -75,-50 -26,-10 -54,-26 -60,-36 -16,-22 -136,-42 -143,-24 -3,7 -4,34 -2,61 l 3,49 58,11 c 32,7 61,15 65,18 3,4 5,60 3,125 -2,77 1,121 8,125 6,4 36,8 66,10 60,3 81,15 72,40 -8,20 -35,21 -56,2 -9,-7 -31,-18 -48,-24 l -33,-11 0,175 c 0,174 0,176 -26,210 -26,34 -26,35 -8,49 14,10 22,11 33,2 10,-9 18,-5 37,18 27,34 27,46 -4,60 -12,5 -24,17 -27,26 -14,43 -89,48 -123,9 -9,-11 -19,-20 -22,-20 -3,0 -4,182 -2,405 l 2,405 45,0 c 25,0 45,-4 45,-10 z m 1130,-124 0,-133 -44,-47 c -55,-57 -111,-82 -218,-96 -46,-7 -84,-13 -86,-14 -1,-2 -13,-29 -27,-62 -27,-66 -33,-55 -10,20 8,26 13,52 10,56 -3,4 -22,4 -42,-1 -84,-19 -331,-5 -433,25 -292,87 -393,223 -267,364 l 20,22 549,0 548,0 z m -1242,-67 c 0,-85 -4,-91 -24,-32 -9,24 -10,43 -3,54 5,10 9,29 9,44 0,14 4,24 9,20 5,-3 9,-42 9,-86 z m 132,-589 c 20,0 30,-38 18,-65 -21,-47 -109,-45 -116,3 -5,37 42,78 76,66 8,-2 18,-4 22,-4 z m 60,-57 c 0,-14 -19,-38 -25,-32 -8,8 5,39 16,39 5,0 9,-3 9,-7 z m -150,-63 c 0,-5 -7,-10 -15,-10 -8,0 -15,5 -15,10 0,6 7,10 15,10 8,0 15,-4 15,-10 z m 53,-24 c 1,-5 -13,-10 -30,-11 -32,-3 -41,4 -26,19 10,9 53,3 56,-8 z m 656,-43 c 19,-13 45,-23 58,-23 14,0 21,-4 18,-10 -8,-12 -45,-13 -45,-1 0,5 -12,11 -27,15 -16,3 -37,18 -47,32 -20,28 -17,27 43,-13 z m -661,-4 c -18,-12 -68,-11 -68,0 0,11 47,19 68,12 11,-3 11,-5 0,-12 z m 11,-189 c -4,-90 -4,-170 -2,-177 3,-7 1,-13 -5,-13 -6,0 -24,-12 -41,-26 l -31,-26 0,199 0,199 38,10 c 20,6 39,8 43,5 3,-3 2,-80 -2,-171 z m 41,0 c 0,-159 -2,-180 -16,-180 -12,0 -15,6 -10,23 3,12 6,93 6,180 0,98 4,157 10,157 6,0 10,-67 10,-180 z m 613,142 c -12,-2 -27,-11 -35,-19 -11,-15 -11,-16 7,-9 67,27 79,29 83,18 2,-8 29,-12 73,-12 63,0 85,-9 59,-25 -18,-11 -11,-64 11,-86 11,-11 18,-27 15,-34 -8,-23 12,-27 24,-5 6,11 14,19 18,17 4,-1 18,8 32,21 32,30 49,28 20,-2 -21,-23 -21,-26 -6,-41 18,-19 20,-31 6,-40 -5,-3 -10,1 -10,9 0,9 -4,16 -10,16 -5,0 -10,-11 -10,-24 0,-32 -61,-86 -100,-87 -17,-1 -36,-2 -42,-3 -7,0 -30,-6 -52,-13 -62,-21 -92,-16 -133,20 -21,17 -60,43 -87,56 -26,14 -51,31 -54,39 -9,25 27,78 103,152 57,54 77,68 92,63 16,-7 16,-8 -4,-11 z m 238,-11 c 11,-13 25,-21 33,-18 9,4 12,0 9,-12 -2,-10 3,-25 12,-34 21,-22 13,-34 -32,-46 -26,-7 -41,-7 -50,1 -18,15 -16,58 3,80 16,16 15,18 -2,25 -11,4 -43,8 -71,8 -38,0 -53,4 -53,14 0,10 15,12 66,9 55,-3 70,-8 85,-27 z m 119,-162 c 0,-51 -46,-100 -64,-70 -3,5 3,11 14,14 24,6 43,53 35,85 -4,15 -2,21 5,17 5,-3 10,-24 10,-46 z m -30,9 c 0,-16 -3,-19 -11,-11 -6,6 -8,16 -5,22 11,17 16,13 16,-11 z M 1600,700 c 0,-5 -5,-10 -11,-10 -5,0 -7,5 -4,10 3,6 8,10 11,10 2,0 4,-4 4,-10 z m 748,-26 c 21,-6 19,-8 -19,-26 -24,-10 -62,-34 -85,-53 -50,-41 -56,-43 -48,-11 8,33 -19,58 -54,50 -21,-5 -25,-4 -15,6 6,7 46,16 88,20 41,4 79,10 82,14 8,8 21,7 51,0 z m -310,-10 c 29,-8 29,-24 -1,-24 -12,0 -40,-9 -62,-20 -21,-11 -40,-18 -42,-16 -5,4 65,66 75,66 4,0 17,-3 30,-6 z m -573,-118 0,-113 -57,-15 -58,-16 0,93 0,93 35,26 35,27 0,-48 c 0,-69 11,-153 21,-153 4,0 5,42 2,94 -3,52 -3,101 0,110 15,39 22,8 22,-98 z m 645,94 c 0,-5 -7,-10 -15,-10 -8,0 -15,5 -15,10 0,6 7,10 15,10 8,0 15,-4 15,-10 z m 294,1 c 3,-4 19,-11 36,-14 46,-10 37,-28 -10,-21 -47,8 -113,-3 -105,-17 4,-6 40,-7 92,-3 l 85,6 34,-38 c 24,-26 34,-47 34,-69 l 0,-32 -85,-11 c -46,-6 -99,-18 -116,-27 -17,-9 -33,-14 -36,-12 -2,3 -1,21 3,41 5,29 15,42 48,61 22,13 60,30 84,37 23,7 42,16 42,20 0,15 -31,8 -95,-21 -64,-29 -95,-51 -95,-68 -1,-31 -18,-33 -86,-11 -59,19 -92,22 -235,22 -154,1 -166,2 -158,18 5,9 26,30 45,45 33,25 45,27 118,28 72,0 81,2 80,18 -1,10 0,16 3,14 2,-3 20,-1 40,5 27,7 38,7 44,-4 15,-23 10,-27 -25,-21 -19,3 -36,1 -40,-6 -5,-7 6,-11 34,-11 38,0 40,-1 34,-25 -8,-33 1,-32 43,5 18,17 40,30 48,30 8,0 15,4 15,10 0,10 87,59 107,60 6,0 14,-4 17,-9 z m -346,-28 c -2,-13 -15,-19 -48,-21 -48,-4 -47,6 3,25 44,16 49,16 45,-4 z m -216,-84 c -17,-16 -32,-32 -32,-35 0,-4 -14,-22 -31,-42 -20,-23 -41,-36 -60,-37 -39,-3 -37,7 12,47 23,18 48,40 57,48 26,25 77,58 82,53 3,-3 -10,-18 -28,-34 z m 376,-84 92,-18 0,-44 c 0,-38 -3,-44 -17,-39 -84,24 -345,33 -478,16 -38,-5 -71,-7 -73,-5 -5,4 32,60 62,93 19,22 24,22 170,19 91,-2 188,-11 244,-22 z m 352,-66 c 0,-57 -1,-60 -22,-53 -39,12 -107,5 -150,-16 -32,-15 -44,-17 -50,-8 -13,20 -21,57 -15,72 6,15 150,56 225,65 8,1 12,-17 12,-60 z m -834,9 c -3,-7 -8,-20 -12,-28 -3,-10 -19,-15 -50,-15 -24,0 -44,2 -44,4 0,3 10,15 22,28 24,25 95,34 84,11 z m 523,-58 c 63,-12 58,-9 63,-35 5,-28 -30,-32 -49,-5 -14,20 -21,22 -67,16 -28,-4 -71,-9 -96,-12 -25,-2 -56,-13 -70,-23 -22,-15 -40,-17 -142,-13 -105,4 -118,6 -118,23 0,9 -12,27 -26,38 l -26,20 104,4 c 147,6 364,-1 427,-13 z m -516,-29 21,-21 -29,-30 c -16,-16 -32,-30 -37,-30 -14,0 -9,27 7,40 8,7 15,16 15,21 0,18 -21,8 -60,-27 -44,-40 -68,-39 -30,1 35,37 15,43 -23,7 -18,-18 -36,-32 -40,-32 -16,0 -6,23 18,42 14,11 22,24 19,29 -4,6 -11,6 -19,-1 -23,-19 -88,-50 -94,-45 -9,9 38,49 72,62 49,19 155,10 180,-16 z m 800,5 c 27,-6 27,-7 27,-86 0,-75 -1,-80 -27,-97 -33,-22 -116,-23 -153,-3 -34,19 -91,13 -108,-12 -20,-28 -34,-9 -22,32 13,45 6,49 -30,15 -42,-40 -51,-22 -10,20 37,38 30,44 -25,18 -19,-9 -38,-14 -41,-10 -11,10 25,45 49,49 11,2 22,9 25,17 4,11 -2,12 -24,6 -44,-11 -56,-11 -61,1 -5,14 40,34 75,34 17,0 37,-11 55,-30 29,-30 60,-41 52,-17 -7,20 141,79 180,71 6,-1 22,-5 38,-8 z m -426,-48 c -1,-15 5,-23 20,-27 20,-5 20,-8 7,-26 -14,-18 -16,-18 -47,-3 -17,8 -43,20 -57,26 -25,10 -24,10 20,30 58,26 60,26 57,0 z m -634,-20 c 3,-10 9,-10 26,0 28,16 31,15 31,-8 0,-23 29,-27 48,-8 9,9 12,8 12,-5 0,-22 12,-21 43,3 32,25 34,25 33,-2 -1,-28 28,-26 60,3 17,16 36,19 122,19 56,0 102,-4 102,-8 0,-13 -84,-32 -94,-21 -15,14 -59,11 -84,-7 -26,-18 -28,-36 -7,-54 8,-7 15,-16 15,-20 0,-16 -121,-35 -220,-35 -93,1 -110,4 -149,25 -25,14 -46,30 -48,36 -2,7 22,16 62,24 36,7 65,16 65,20 0,5 -26,11 -57,15 -71,8 -83,12 -83,25 0,15 117,13 123,-2 z m 500,-58 c -6,-43 -41,-63 -104,-58 l -42,3 27,32 c 15,18 45,38 67,44 21,7 39,17 39,23 0,6 3,6 9,1 4,-6 6,-26 4,-45 z m -553,20 c 0,-5 -11,-10 -24,-10 -13,0 -31,-3 -40,-6 -11,-4 -16,-1 -16,10 0,12 10,16 40,16 22,0 40,-4 40,-10 z m 427,-5 c 1,-5 -8,-23 -21,-40 l -24,-30 -13,29 c -12,25 -11,30 6,42 21,16 46,15 52,-1 z m 202,6 c 10,-6 5,-13 -19,-25 -41,-20 -40,-20 -40,2 0,32 28,42 59,23 z m 60,-47 c 12,-15 21,-35 21,-46 0,-16 -5,-18 -37,-12 -41,7 -83,29 -83,43 0,8 57,40 72,41 4,0 16,-12 27,-26 z m 60,-6 c -7,-14 -7,-23 2,-34 9,-11 8,-14 -4,-14 -8,0 -17,8 -20,18 -2,9 -8,24 -11,32 -4,11 1,15 19,16 21,2 23,-1 14,-18 z M 1480,84 c 63,-15 89,-16 160,-7 47,6 104,18 128,26 38,13 44,13 55,0 7,-8 22,-26 35,-39 12,-14 22,-26 22,-27 0,-1 -118,-1 -262,0 l -263,3 -3,57 -3,58 28,-27 c 20,-19 51,-33 103,-44 z m 539,25 c 43,-32 95,-40 158,-23 51,13 56,13 68,-3 13,-17 15,-17 37,5 14,12 27,22 31,22 15,0 6,-38 -13,-55 -17,-16 -39,-17 -196,-16 -181,2 -213,8 -243,45 -12,14 -9,16 25,16 22,1 53,7 69,15 17,7 31,14 33,14 2,1 15,-8 31,-20 z m 404,-17 c 40,-11 114,-5 123,9 3,5 11,9 18,9 9,0 11,-10 7,-35 l -6,-36 -128,-2 c -70,-1 -127,0 -127,1 0,2 9,15 20,29 11,14 17,30 13,36 -6,10 0,9 80,-11 z"
       id="path3593"
       inkscape:connector-curvature="0"
       sodipodi:nodetypes="csccccccccsscccccsscccscccccsccscccsssscccccccccccccsccccccccccsccsscccccccscsssccccscccsccscccccccccccscssccsccccccccccscscccccccccccccssccccccsccsscccccccscccccccsccscsscccsssssssssscccccscscsccsccccscccccccsscsssccccscscscccccssscccccccccccccccccssccsscccssscssscssccccccccccsccscscccccccssscsssssscccccccsccsccccssccccccccccccsccsscccccccsccccscccsccccccscccscsccssccsccccccscccscccscscccscccccccsccccccccccccscccccccccccccssscccsscccsccccscsccccccsccsscsssccccccccsccscscccsscccccccccsccccccccccscccccccccscccsscc" />
    <path
       d="M2056 935 c-11 -8 -16 -21 -13 -30 5 -12 -1 -15 -32 -15 -22 0 -44 -6 -51 -15 -19 -23 -3 -63 33 -85 34 -21 87 -27 87 -10 0 6 -9 10 -20 10 -29 0 -76 26 -84 46 -9 24 2 34 37 34 37 0 47 6 65 39 17 29 4 45 -22 26z"
       id="path3743" />
    <path
       d="M2112 920 c-16 -26 -15 -30 7 -30 20 0 35 25 25 41 -8 14 -18 11 -32 -11z"
       id="path3745" />
    <path
       d="M2139 794 c-1 -5 -2 -16 -3 -24 -1 -12 -14 -15 -59 -14 -48 1 -55 -1 -46 -13 7 -8 18 -12 26 -9 9 4 13 0 11 -12 -2 -12 5 -18 27 -20 l30 -2 -25 21 -25 22 27 -7 c15 -3 30 -2 33 5 4 6 18 8 31 5 13 -4 24 -4 24 -2 0 10 -50 59 -51 50z"
       id="path3747" />
    <path
       d="M2370 188 c0 -19 18 -43 25 -36 9 9 -4 48 -16 48 -5 0 -9 -6 -9 -12z"
       id="path3749" />
    <path
       d="M148 1353 c-3 -4 -1 -51 3 -103 4 -52 4 -99 1 -104 -21 -36 20 -245 63 -323 26 -48 37 -59 66 -65 19 -4 67 -20 108 -37 l74 -30 53 46 c30 26 54 52 54 59 0 6 -28 19 -62 29 -72 19 -112 41 -102 56 3 5 1 15 -4 22 -5 7 -15 34 -21 61 -24 99 -72 235 -84 239 -6 2 -36 -4 -65 -14 -61 -21 -58 -24 -66 73 -3 43 -1 68 6 70 6 2 4 9 -5 16 -8 7 -17 9 -19 5z m163 -217 c11 -25 20 -62 22 -82 2 -37 1 -38 -43 -47 -25 -5 -47 -11 -49 -13 -3 -3 23 -124 35 -162 3 -10 11 -9 36 4 54 28 60 38 48 86 -15 68 -10 78 10 18 29 -86 27 -92 -36 -128 -31 -18 -58 -31 -61 -29 -2 2 -19 57 -38 123 -18 65 -41 141 -49 168 -22 68 -21 70 27 88 67 25 76 23 98 -26z m-83 -259 c28 -74 28 -82 -3 -31 -13 22 -33 82 -45 132 -27 122 -25 149 4 42 12 -47 32 -111 44 -143z m108 116 c-13 -13 -76 -31 -81 -22 -3 4 9 13 27 18 41 11 64 13 54 4z m4 -33 c0 -5 -6 -10 -14 -10 -8 0 -21 -3 -30 -6 -9 -3 -16 -1 -16 4 0 9 9 13 53 21 4 0 7 -3 7 -9z m0 -30 c0 -5 -4 -10 -10 -10 -5 0 -10 5 -10 10 0 6 5 10 10 10 6 0 10 -4 10 -10z m-30 -9 c0 -5 -9 -11 -20 -14 -22 -6 -28 8 -7 16 19 8 27 8 27 -2z m40 -32 c0 -15 -4 -19 -16 -15 -9 3 -22 6 -30 6 -9 0 -12 5 -9 10 4 6 10 8 15 5 5 -3 11 -1 15 5 11 17 25 11 25 -11z m-40 -29 c0 -5 -5 -10 -11 -10 -5 0 -7 5 -4 10 3 6 8 10 11 10 2 0 4 -4 4 -10z m120 -40 c0 -6 -11 -16 -25 -22 -14 -6 -25 -15 -25 -20 0 -15 16 -9 43 16 24 23 67 26 67 6 0 -13 -29 -32 -39 -26 -13 8 -41 -4 -41 -17 0 -7 4 -7 12 1 14 14 32 16 23 3 -3 -5 -1 -12 4 -15 5 -3 21 7 34 24 24 28 57 41 57 22 0 -8 -44 -51 -67 -65 -6 -4 -47 5 -91 19 l-80 27 51 28 c56 30 77 35 77 19z"
       id="path3751" />
    <path
       d="M240 1133 c-19 -8 -37 -16 -39 -18 -2 -2 5 -25 15 -50 16 -44 19 -46 48 -41 48 10 55 24 39 79 -16 52 -14 51 -63 30z m44 -29 c12 -30 6 -53 -15 -59 -24 -8 -23 -9 -37 32 -9 27 -8 32 6 36 32 9 40 7 46 -9z"
       id="path3753" />
    <path
       d="M1117 1260 c-4 -14 -14 -20 -32 -20 -44 0 -89 -35 -130 -102 -22 -35 -42 -64 -47 -66 -4 -2 -8 -8 -8 -14 0 -10 -54 -129 -87 -190 -22 -42 -53 -138 -53 -164 0 -27 26 -44 69 -44 22 0 39 -9 59 -31 47 -53 77 -31 167 126 59 104 111 213 131 278 9 29 21 56 25 62 18 19 8 61 -22 98 -17 20 -27 42 -24 47 8 13 -12 40 -30 40 -7 0 -15 -9 -18 -20z m30 -26 c-9 -9 -28 6 -21 18 4 6 10 6 17 -1 6 -6 8 -13 4 -17z m16 -42 c21 -22 27 -38 27 -73 l0 -44 -25 31 c-28 36 -99 59 -146 49 -38 -9 -37 6 3 39 45 37 104 36 141 -2z m-95 -71 c3 -10 -2 -12 -21 -7 -20 5 -27 2 -32 -15 -5 -16 -12 -19 -35 -14 -24 5 -29 2 -40 -27 -7 -18 -14 -28 -17 -21 -2 6 7 30 21 52 18 28 34 41 53 43 49 6 66 3 71 -11z m73 -20 c32 -33 36 -56 15 -105 -12 -29 -18 -33 -40 -29 -20 4 -26 1 -26 -12 0 -9 -9 -19 -20 -22 -11 -3 -20 -10 -20 -17 0 -19 -52 -36 -85 -27 -23 6 -30 13 -29 32 1 13 -4 27 -10 31 -6 4 -7 10 -3 14 4 4 15 0 25 -9 15 -15 15 -19 2 -27 -8 -5 -11 -13 -6 -17 5 -4 11 -2 13 5 3 6 12 12 21 12 23 1 52 24 52 42 0 26 14 29 27 6 11 -21 12 -22 13 -3 0 15 7 20 30 21 38 1 39 2 33 41 -6 40 -23 34 -23 -8 0 -28 -9 -37 -23 -22 -4 3 -2 12 4 19 7 8 6 14 -2 20 -7 4 -19 -1 -28 -12 -9 -10 -32 -21 -51 -22 -34 -4 -65 -20 -56 -29 2 -3 14 0 25 7 17 9 22 8 27 -5 8 -19 -13 -45 -24 -30 -4 6 -18 16 -31 23 -20 12 -26 11 -39 -2 -14 -13 -14 -21 -5 -46 6 -17 8 -30 3 -30 -4 0 -21 -3 -38 -6 l-31 -6 35 65 c23 43 40 64 48 61 9 -3 18 6 24 25 12 33 21 38 40 19 13 -13 42 6 42 28 0 9 11 14 30 14 22 0 28 4 24 15 -10 26 26 17 57 -14z m-16 -161 c3 -6 -2 -22 -13 -38 -10 -15 -25 -42 -33 -59 -14 -34 -29 -43 -29 -19 0 7 -7 19 -15 26 -22 18 -18 30 10 30 16 0 25 6 25 15 0 8 7 15 15 15 8 0 15 9 15 20 0 21 15 27 25 10z m-138 -80 c18 -10 39 -32 47 -48 14 -26 13 -31 -15 -75 -16 -26 -29 -51 -29 -56 0 -5 -14 -21 -32 -36 l-32 -27 -26 31 c-21 24 -34 31 -64 31 -60 0 -62 35 -11 163 16 40 110 49 162 17z"
       id="path3755" />
    <path
       d="M830 775 c-15 -18 -6 -61 14 -68 21 -8 56 4 56 19 0 10 -9 12 -31 7 -31 -6 -31 -5 -24 26 7 34 4 38 -15 16z"
       id="path3757" />
    <path
       d="M921 728 c-10 -26 3 -58 23 -58 7 0 21 9 31 20 19 21 8 29 -12 9 -17 -17 -34 -1 -27 27 8 30 -4 32 -15 2z"
       id="path3759" />
    <path
       d="M527 1227 c-40 -35 -45 -48 -23 -66 12 -10 8 -18 -22 -47 -24 -23 -33 -37 -24 -41 19 -7 14 -22 -15 -48 -16 -13 -24 -27 -20 -31 4 -4 24 9 45 30 33 34 35 39 20 49 -14 9 -11 15 25 47 l41 37 -23 13 -24 12 38 33 c21 17 34 34 29 37 -5 3 -26 -8 -47 -25z"
       id="path3761" />
    <path
       d="M618 1116 c-35 -19 -51 -46 -28 -46 21 0 9 -20 -21 -35 -22 -12 -28 -20 -20 -28 7 -9 -2 -17 -35 -31 -30 -12 -42 -22 -36 -28 14 -14 112 40 105 58 -3 8 6 18 21 25 30 14 34 34 9 44 -15 5 -11 10 20 26 21 11 35 24 32 29 -4 6 -7 10 -8 9 -1 -1 -19 -11 -39 -23z"
       id="path3763" />
    <path
       d="M670 1012 c0 -5 -16 -16 -36 -25 -28 -14 -33 -21 -25 -31 8 -10 0 -18 -39 -37 -27 -13 -49 -27 -50 -31 0 -14 32 -8 58 11 15 10 37 22 50 25 24 8 30 32 10 39 -7 2 4 11 25 20 37 16 50 37 22 37 -8 0 -15 -4 -15 -8z"
       id="path3765" />
    <path
       d="M236 704 c-14 -10 -16 -17 -8 -27 14 -17 4 -57 -14 -57 -8 0 -14 -4 -14 -10 0 -16 52 -12 71 6 14 12 16 21 9 35 -7 12 -7 20 0 24 15 9 12 23 -8 34 -12 6 -23 5 -36 -5z m34 -18 c0 -3 -4 -8 -10 -11 -5 -3 -10 -1 -10 4 0 6 5 11 10 11 6 0 10 -2 10 -4z m-19 -59 c-8 -8 -11 -7 -11 4 0 20 13 34 18 19 3 -7 -1 -17 -7 -23z"
       id="path3767" />
    <path
       d="M538 686 c-31 -11 -36 -27 -14 -45 19 -16 8 -61 -15 -61 -20 0 -39 -35 -39 -71 0 -30 16 -14 24 22 4 22 10 30 21 25 8 -3 27 5 41 18 22 19 25 26 16 43 -8 15 -8 25 3 40 20 28 0 43 -37 29z m19 -22 c-3 -3 -12 -4 -19 -1 -8 3 -5 6 6 6 11 1 17 -2 13 -5z"
       id="path3769" />
    <path
       d="M653 645 c-15 -11 -15 -15 -4 -29 7 -9 11 -25 8 -35 -3 -11 0 -22 7 -25 6 -2 1 -5 -11 -5 -34 -1 -38 -21 -4 -21 33 0 45 13 47 50 1 14 5 35 9 46 8 26 -25 39 -52 19z m27 -21 c0 -8 -5 -12 -10 -9 -6 4 -8 11 -5 16 9 14 15 11 15 -7z"
       id="path3771" />
    <path
       d="M130 633 c1 -15 50 -65 61 -61 5 2 -3 18 -19 36 -28 31 -42 40 -42 25z"
       id="path3773" />
    <path
       d="M400 581 c0 -33 22 -81 37 -81 10 0 13 5 8 18 -4 9 -11 32 -17 50 -10 35 -28 44 -28 13z"
       id="path3775" />
    <path
       d="M231 525 c-17 -31 -47 -73 -67 -94 -49 -55 -42 -75 76 -193 72 -73 112 -105 161 -127 79 -38 97 -39 105 -5 6 23 11 26 38 21 17 -3 39 -8 48 -12 13 -5 24 9 53 69 l36 75 72 22 c40 12 99 28 132 34 50 10 60 15 57 31 -14 97 -30 185 -33 188 -4 4 -91 -21 -194 -56 -33 -11 -87 -24 -120 -30 -33 -6 -62 -12 -64 -14 -2 -2 6 -15 18 -30 35 -45 27 -57 -21 -31 -24 13 -54 32 -68 42 -38 31 -110 109 -110 120 -1 19 -18 37 -29 30 -9 -5 -9 -10 -1 -20 8 -9 8 -20 2 -31 -8 -15 -11 -14 -26 7 -9 13 -16 29 -16 36 0 31 -21 18 -49 -32z m66 -37 c13 -15 13 -18 2 -22 -8 -2 -31 -10 -51 -16 -46 -14 -65 -35 -49 -54 9 -10 8 -16 -4 -26 -21 -18 -19 -25 17 -59 41 -38 51 -31 12 10 -24 25 -26 31 -14 39 21 14 35 6 32 -17 -6 -39 160 -176 231 -190 23 -5 26 -9 21 -27 -9 -28 -8 -28 -37 -21 -70 18 -307 227 -307 270 0 8 18 35 41 61 23 26 48 63 57 81 16 33 16 33 25 11 4 -12 15 -30 24 -40z m68 -8 c11 -17 37 -42 57 -57 32 -22 37 -30 33 -54 -5 -29 7 -39 21 -18 3 6 0 15 -7 20 -8 5 -9 9 -4 9 6 0 19 -6 30 -14 27 -18 126 -46 164 -46 l30 0 -34 -69 c-19 -37 -39 -80 -44 -94 l-10 -26 -82 29 c-113 40 -189 87 -189 118 0 18 -4 22 -19 17 -13 -4 -25 2 -38 21 l-20 27 34 60 c18 32 36 70 39 83 8 31 15 30 39 -6z m528 -2 c3 -18 8 -41 12 -50 5 -13 2 -18 -9 -18 -9 0 -16 7 -16 15 0 18 -17 20 -23 3 -4 -10 -7 -10 -18 0 -18 17 -70 15 -97 -4 -20 -14 -22 -14 -22 0 0 9 -5 16 -11 16 -7 0 -8 -7 -4 -17 4 -10 8 -27 10 -38 2 -27 19 -25 23 3 4 30 27 23 28 -9 0 -13 1 -30 2 -36 3 -22 82 -13 82 8 0 6 -9 5 -21 -1 -11 -7 -23 -9 -26 -6 -3 3 2 8 11 12 26 10 18 34 -14 41 -17 3 -29 11 -27 17 6 18 33 18 51 1 9 -10 23 -14 31 -11 9 3 12 0 9 -8 -3 -8 -1 -17 5 -20 6 -4 8 -13 4 -21 -6 -17 13 -20 23 -4 3 6 0 15 -7 20 -7 4 -10 11 -7 14 4 4 17 -2 29 -14 27 -25 25 -28 -32 -40 -24 -5 -77 -18 -116 -29 -71 -19 -104 -12 -43 9 39 14 38 25 -5 39 -35 11 -44 23 -26 34 11 7 2 46 -10 46 -5 0 -9 5 -9 10 0 6 8 10 18 10 9 0 53 13 97 29 44 16 85 30 91 30 6 1 14 -14 17 -31z m-621 -68 c-18 -32 -29 -34 -46 -7 -13 21 5 37 41 37 22 0 22 -1 5 -30z m354 11 c-25 -27 -17 -55 16 -59 15 -2 32 -11 40 -19 11 -15 11 -16 -5 -10 -10 4 -32 7 -47 7 -25 0 -32 7 -48 43 l-19 42 26 6 c49 12 56 11 37 -10z m48 -17 c9 -23 8 -24 -19 -24 -27 0 -32 9 -13 28 16 16 25 15 32 -4z m136 -23 c0 -12 -20 -25 -27 -18 -7 7 6 27 18 27 5 0 9 -4 9 -9z"
       id="path3777" />
    <path
       d="M346 427 c-11 -8 -16 -19 -12 -26 6 -9 11 -9 21 -1 8 7 19 8 26 4 15 -9 -27 -33 -58 -34 -12 0 -25 -4 -28 -10 -3 -5 0 -10 7 -10 8 0 18 -13 24 -29 7 -16 24 -34 42 -42 23 -10 30 -19 26 -31 -6 -19 28 -34 48 -22 69 41 105 92 78 109 -5 3 -10 -2 -10 -12 0 -29 -20 -43 -64 -43 -66 0 -132 53 -96 75 6 3 10 0 10 -7 0 -12 39 30 40 43 0 4 -8 16 -17 28 -16 19 -20 20 -37 8z m104 -177 c-19 -13 -30 -13 -30 0 0 6 10 10 23 10 18 0 19 -2 7 -10z"
       id="path3779" />
    <path
       d="M410 378 c0 -6 -10 -22 -22 -35 -32 -35 -17 -36 20 -2 35 33 41 49 17 49 -8 0 -15 -5 -15 -12z"
       id="path3781" />
    <path
       d="M414 324 c-18 -15 -18 -15 8 -10 15 3 28 1 30 -5 2 -5 11 -7 21 -4 9 4 14 11 11 16 -3 5 -10 7 -15 3 -5 -3 -16 -1 -23 5 -9 8 -18 6 -32 -5z"
       id="path3783" />
    <path
       d="M550 320 c0 -5 5 -10 11 -10 8 0 8 -5 -1 -15 -10 -12 -10 -15 1 -15 11 -1 10 -4 -2 -13 -9 -7 -19 -22 -23 -34 -6 -19 -11 -21 -31 -13 -13 5 -27 6 -29 1 -8 -12 4 -21 26 -21 10 0 18 -4 18 -10 0 -5 7 -7 15 -4 8 4 15 1 15 -5 0 -22 21 -11 31 17 6 15 22 37 37 48 23 19 25 24 13 38 -10 12 -17 14 -25 6 -13 -13 -29 -13 -21 0 7 12 -12 40 -26 40 -5 0 -9 -4 -9 -10z m29 -89 c-8 -17 -18 -31 -22 -31 -10 0 1 39 16 58 17 21 20 5 6 -27z"
       id="path3785" />
    <path
       d="M833 479 c-29 -10 -29 -26 -2 -34 25 -8 32 -3 27 23 -2 16 -7 18 -25 11z"
       id="path3787" />
    <path
       d="M565 537 c-28 -45 -28 -47 -13 -47 7 0 23 18 35 40 26 49 7 55 -22 7z"
       id="path3789" />
    <path
       d="M100 532 c0 -12 58 -27 67 -18 9 9 2 13 -34 21 -20 4 -33 3 -33 -3z"
       id="path3791" />
    <path
       d="M1165 471 c-3 -6 -11 -8 -17 -5 -7 5 -9 0 -6 -14 4 -13 2 -19 -6 -16 -7 2 -12 -10 -13 -32 -1 -20 -9 -44 -18 -54 -15 -16 -14 -18 10 -22 21 -4 28 0 41 28 9 18 13 38 9 44 -4 6 -1 25 5 41 12 29 9 51 -5 30z m-24 -98 c-12 -20 -14 -14 -5 12 4 9 9 14 11 11 3 -2 0 -13 -6 -23z"
       id="path3793" />
    <path
       d="M1018 413 c-35 -4 -48 -15 -30 -27 11 -7 102 16 102 26 0 4 -8 7 -17 6 -10 -1 -35 -3 -55 -5z"
       id="path3795" />
    <path
       d="M980 311 c0 -12 84 -30 89 -18 5 12 1 14 -46 22 -28 4 -43 3 -43 -4z"
       id="path3797" />
    <path
       d="M822 277 c-6 -7 -7 -19 -3 -26 9 -13 -14 -71 -28 -71 -4 0 -12 5 -18 11 -8 8 -13 8 -18 -1 -4 -7 5 -16 24 -23 19 -7 29 -17 27 -24 -9 -23 14 -14 24 10 6 12 14 29 19 37 5 8 14 27 20 42 7 19 15 26 26 22 18 -7 20 7 3 24 -16 16 -63 15 -76 -1z m38 -27 c-6 -11 -13 -20 -15 -20 -3 0 -5 9 -5 20 0 11 7 20 15 20 13 0 14 -4 5 -20z m-26 -54 c-3 -9 -10 -16 -15 -16 -6 0 -5 9 1 21 13 24 24 20 14 -5z"
       id="path3799" />
    <path
       d="M1103 278 c-14 -20 -46 -118 -40 -124 3 -3 21 2 40 11 31 14 35 21 34 51 -1 21 5 39 13 44 17 10 13 15 -16 24 -13 4 -25 1 -31 -6z m27 -28 c0 -5 -4 -10 -10 -10 -5 0 -10 5 -10 10 0 6 5 10 10 10 6 0 10 -4 10 -10z m-17 -37 c8 -7 -11 -33 -23 -33 -5 0 -6 9 -3 20 5 20 15 25 26 13z"
       id="path3801" />
    <path
       d="M945 230 c-3 -5 8 -18 23 -29 33 -23 49 -29 54 -19 5 10 -71 58 -77 48z"
       id="path3803" />
  </g>
  <text
     xml:space="preserve"
     style="font-size:9.33285809px;font-style:normal;font-variant:normal;font-weight:bold;font-stretch:normal;text-align:center;line-height:125%;letter-spacing:0px;word-spacing:0px;text-anchor:middle;fill:#000000;fill-opacity:1;stroke:none;font-family:Comic Sans MS;-inkscape-font-specification:Sans Bold"
     x="68.581009"
     y="17.8993"
     id="text3809"
     sodipodi:linespacing="125%"
     transform="scale(0.97959372,1.0208314)"><tspan
       sodipodi:role="line"
       id="tspan3811"
       x="68.581009"
       y="17.8993">NA FARMÁCIA COMPRO</tspan><tspan
       sodipodi:role="line"
       x="68.581009"
       y="29.565372"
       id="tspan3813">UM TELEFONE CELULAR,</tspan><tspan
       sodipodi:role="line"
       x="68.581009"
       y="41.231445"
       id="tspan3815">REFRIGERANTE MAIS</tspan><tspan
       sodipodi:role="line"
       x="70.60434"
       y="52.897518"
       id="tspan3817">BARATO E SACO </tspan><tspan
       sodipodi:role="line"
       x="68.581009"
       y="64.563591"
       id="tspan3819">DINHEIRO!</tspan></text>
  <text
     xml:space="preserve"
     style="font-size:10.68955898px;font-style:normal;font-variant:normal;font-weight:bold;font-stretch:normal;text-align:center;line-height:125%;letter-spacing:0px;word-spacing:0px;text-anchor:middle;fill:#000000;fill-opacity:1;stroke:none;font-family:Comic Sans MS;-inkscape-font-specification:Sans Bold"
     x="202.38995"
     y="18.643341"
     id="text3821"
     sodipodi:linespacing="125%"><tspan
       sodipodi:role="line"
       id="tspan3823"
       x="202.38995"
       y="18.643341">O RESTO COMPRO</tspan><tspan
       sodipodi:role="line"
       x="202.38995"
       y="32.005291"
       id="tspan3825">PELA INTERNET</tspan></text>
</svg>
