<?xml version="1.0" encoding="UTF-8" standalone="no"?>
<svg
   xmlns:dc="http://purl.org/dc/elements/1.1/"
   xmlns:cc="http://creativecommons.org/ns#"
   xmlns:rdf="http://www.w3.org/1999/02/22-rdf-syntax-ns#"
   xmlns:svg="http://www.w3.org/2000/svg"
   xmlns="http://www.w3.org/2000/svg"
   xmlns:sodipodi="http://sodipodi.sourceforge.net/DTD/sodipodi-0.dtd"
   xmlns:inkscape="http://www.inkscape.org/namespaces/inkscape"
   version="1.0"
   width="900.000000pt"
   height="180.000000pt"
   viewBox="0 0 900.000000 180.000000"
   preserveAspectRatio="xMidYMid meet"
   id="svg3073"
   inkscape:version="0.48.4 r9939"
   sodipodi:docname="vWRVgjBhrL.svg">
  <defs
     id="defs3181" />
  <sodipodi:namedview
     pagecolor="#ffffff"
     bordercolor="#666666"
     borderopacity="1"
     objecttolerance="10"
     gridtolerance="10"
     guidetolerance="10"
     inkscape:pageopacity="0"
     inkscape:pageshadow="2"
     inkscape:window-width="1600"
     inkscape:window-height="824"
     id="namedview3179"
     showgrid="false"
     inkscape:zoom="0.816"
     inkscape:cx="638.11543"
     inkscape:cy="202.97433"
     inkscape:window-x="0"
     inkscape:window-y="24"
     inkscape:window-maximized="1"
     inkscape:current-layer="svg3073" />
  <metadata
     id="metadata3075">
Created by potrace 1.10, written by Peter Selinger 2001-2011
<rdf:RDF>
  <cc:Work
     rdf:about="">
    <dc:format>image/svg+xml</dc:format>
    <dc:type
       rdf:resource="http://purl.org/dc/dcmitype/StillImage" />
  </cc:Work>
</rdf:RDF>
</metadata>
  <g
     transform="translate(0.000000,180.000000) scale(0.100000,-0.100000)"
     fill="#000000"
     stroke="none"
     id="g3077">
    <path
       d="M113 1573 c-3 -8 -1 -30 5 -47 7 -19 11 -115 12 -243 0 -117 3 -219 6 -228 9 -22 21 -19 29 8 6 21 18 266 19 392 l0 61 52 0 c29 0 64 6 78 13 20 11 45 12 138 2 62 -7 120 -12 128 -11 65 3 92 1 104 -9 10 -9 21 -9 42 0 18 7 113 12 254 14 234 2 302 8 321 31 8 10 6 14 -13 18 -12 3 -281 7 -596 10 -515 4 -574 3 -579 -11z"
       id="path3079" />
    <path
       d="M1339 1573 c-7 -8 -3 -25 10 -54 12 -25 18 -51 15 -65 -4 -17 -2 -24 8 -24 12 0 15 -20 15 -95 1 -77 -1 -94 -12 -85 -18 15 -24 -7 -15 -55 7 -39 8 -39 9 -7 0 17 5 32 10 32 5 0 9 -15 9 -32 -1 -18 2 -51 6 -73 8 -49 -5 -75 -28 -56 -13 11 -16 11 -16 -2 0 -9 5 -19 10 -22 6 -3 10 -21 10 -40 0 -19 7 -59 15 -90 16 -63 12 -85 -14 -78 -16 4 -19 -6 -25 -83 l-7 -87 30 -28 c32 -29 36 -50 25 -121 -8 -48 -24 -39 -24 13 0 28 -4 39 -15 39 -8 0 -15 -8 -16 -17 -4 -70 -7 -100 -10 -113 -3 -13 38 -15 322 -18 256 -2 328 0 331 10 3 7 1 81 -4 163 -5 83 -8 158 -7 168 2 21 4 279 3 327 -1 44 6 400 9 460 l2 44 -318 1 c-232 0 -321 -3 -328 -12z m211 -63 c0 -29 19 -34 41 -11 11 12 31 21 44 21 25 0 33 -14 15 -25 -14 -8 -13 -225 0 -225 17 0 23 29 24 117 1 97 20 118 24 26 2 -47 7 -63 17 -63 12 0 15 17 14 84 0 47 2 90 6 96 15 24 27 -9 30 -80 2 -39 6 -74 9 -78 11 -10 24 18 19 39 -7 27 6 91 18 84 5 -4 9 -26 9 -51 0 -24 3 -44 8 -44 4 0 22 13 40 30 l32 29 14 -32 c10 -24 10 -36 2 -46 -6 -8 -11 -55 -11 -112 0 -119 -19 -140 -23 -26 -2 56 -6 77 -16 77 -26 0 -39 -27 -28 -59 6 -16 8 -61 6 -100 l-4 -72 52 7 51 7 -8 -39 c-4 -21 -8 -39 -8 -39 -12 -3 -87 -60 -87 -66 0 -5 -9 -9 -21 -9 -12 0 -33 -13 -47 -28 -15 -16 -40 -32 -55 -36 -16 -4 -27 -12 -24 -19 6 -18 33 -20 50 -2 9 8 23 15 33 15 15 0 16 -8 10 -67 -4 -37 -8 -69 -10 -70 -2 -2 -15 1 -30 7 -24 9 -28 7 -36 -16 -6 -14 -10 -30 -10 -35 0 -6 -5 -9 -12 -7 -19 7 -29 58 -23 116 5 55 -5 68 -27 32 -7 -11 -18 -20 -25 -20 -18 0 -63 -41 -63 -57 0 -19 8 -16 42 13 43 35 54 21 42 -53 -7 -46 -14 -60 -33 -70 -24 -11 -47 -41 -38 -49 7 -7 108 43 130 65 6 6 19 11 28 11 10 0 25 8 35 18 10 9 27 17 38 17 20 0 21 5 18 95 -3 78 -1 98 12 109 21 18 25 6 28 -94 3 -87 5 -89 66 -70 19 6 22 4 22 -19 0 -30 -37 -86 -57 -86 -7 0 -21 -9 -30 -20 -10 -11 -22 -20 -28 -20 -6 0 -30 -9 -53 -20 -22 -11 -45 -20 -51 -20 -5 0 -16 -8 -23 -17 -8 -11 -29 -19 -52 -21 -25 -1 -52 -13 -76 -32 -45 -36 -86 -40 -95 -9 -4 13 -1 27 9 38 12 13 16 38 16 93 0 89 -5 108 -31 108 -26 0 -24 22 10 81 26 46 28 56 23 122 -5 75 -16 101 -39 93 -21 -8 -15 22 11 57 22 29 25 42 25 125 0 90 -1 93 -22 90 -13 -2 -24 -13 -27 -28 -4 -14 -6 27 -6 90 0 63 3 95 6 71 3 -25 10 -46 17 -48 13 -5 43 57 43 88 0 29 19 71 30 64 5 -3 10 -15 10 -25z m370 -597 c0 -21 -3 -24 -9 -14 -5 8 -7 20 -4 28 8 21 13 15 13 -14z m-70 -328 c14 -17 2 -95 -15 -98 -10 -2 -24 81 -17 102 5 15 17 14 32 -4z m-72 -64 c3 -33 3 -34 -29 -27 -43 8 -44 10 -22 40 25 35 47 29 51 -13z"
       id="path3081" />
    <path
       d="M1585 1415 c-5 -11 -14 -24 -22 -28 -19 -12 -19 -197 1 -197 19 0 26 48 19 126 -4 48 -3 68 6 74 7 4 11 16 9 26 -5 18 -5 18 -13 -1z"
       id="path3083" />
    <path
       d="M1764 1183 c0 -73 -12 -149 -21 -139 -3 3 -8 43 -12 88 -3 47 -10 82 -16 81 -12 -3 -19 -223 -7 -223 5 0 17 9 26 19 10 11 29 22 42 25 33 9 45 42 26 78 -8 17 -12 49 -10 81 2 40 0 52 -12 55 -13 2 -16 -9 -16 -65z"
       id="path3085" />
    <path
       d="M1640 1095 c0 -69 -25 -145 -47 -145 -8 0 -13 14 -13 39 0 67 -17 55 -23 -16 -7 -71 3 -100 22 -64 7 12 16 21 22 21 6 0 23 9 37 21 25 19 26 25 27 115 0 69 -3 94 -12 94 -9 0 -13 -20 -13 -65z"
       id="path3087" />
    <path
       d="M7831 1503 c-9 -7 -30 -13 -46 -13 -17 0 -41 -7 -54 -16 -12 -9 -52 -19 -87 -22 -36 -2 -67 -9 -70 -13 -3 -5 -18 -9 -34 -9 -16 0 -35 -7 -44 -15 -8 -9 -32 -23 -53 -31 -21 -9 -55 -32 -76 -52 -21 -21 -51 -49 -65 -63 -15 -14 -39 -33 -53 -43 -15 -9 -42 -49 -62 -89 l-36 -72 6 -117 c5 -105 8 -118 25 -124 28 -9 31 -1 35 74 3 84 8 126 15 138 3 5 9 33 13 62 6 42 11 53 28 56 12 3 36 8 52 11 103 21 195 26 425 21 140 -2 270 -8 288 -11 28 -6 32 -5 32 15 0 12 5 30 10 41 15 28 -15 37 -41 13 -19 -17 -43 -19 -263 -22 -132 -2 -265 -1 -293 3 l-53 6 28 35 c15 20 40 38 55 41 16 3 31 12 34 19 5 15 47 29 113 39 25 4 78 18 118 31 70 24 82 25 290 21 154 -3 242 -9 302 -21 47 -10 96 -19 110 -20 14 -1 35 -8 47 -14 12 -7 34 -12 50 -12 16 0 33 -8 39 -18 7 -10 30 -24 53 -30 33 -11 41 -17 41 -37 0 -33 -26 -45 -102 -46 -69 -2 -114 -13 -88 -22 8 -3 53 -8 100 -11 47 -2 110 -13 140 -23 l55 -18 1 -60 c1 -33 5 -68 9 -78 4 -9 2 -23 -4 -31 -8 -10 -9 -16 -1 -21 18 -11 11 -69 -10 -88 -16 -13 -18 -22 -11 -35 7 -12 5 -22 -7 -35 -14 -16 -14 -19 1 -35 16 -15 20 -15 45 -2 15 9 28 26 30 40 2 14 9 31 14 37 6 8 8 31 4 56 -5 33 -3 47 9 57 17 14 20 46 5 55 -5 3 -10 21 -10 39 0 42 -26 105 -45 113 -18 6 -19 33 -4 67 10 22 8 29 -15 57 -15 17 -33 44 -42 60 -10 21 -22 29 -40 29 -14 0 -45 13 -69 29 -43 29 -54 32 -165 52 -36 6 -77 17 -92 25 -14 8 -50 14 -80 14 -30 0 -58 4 -64 10 -15 15 -424 18 -443 3z"
       id="path3089" />
    <path
       d="M745 1447 c-11 -7 -24 -18 -28 -24 -10 -15 -37 -17 -37 -3 0 16 -27 12 -61 -9 -18 -11 -26 -21 -20 -26 6 -3 74 -6 151 -6 l141 0 -2 -62 c0 -34 -4 -109 -9 -167 -10 -125 -2 -193 22 -198 15 -3 17 11 22 105 4 84 8 280 6 313 0 3 -16 14 -35 24 -19 11 -35 23 -35 28 0 4 -11 8 -25 8 -14 0 -28 7 -31 15 -7 18 -31 19 -59 2z"
       id="path3091" />
    <path
       d="M489 1373 c-21 -5 -39 -45 -29 -64 5 -8 7 -57 7 -109 -2 -91 -3 -95 -25 -98 -13 -2 -25 -9 -27 -15 -3 -7 -6 -151 -8 -322 -2 -170 -6 -319 -8 -330 -4 -19 1 -20 76 -20 79 0 80 0 77 25 -2 14 -5 127 -7 253 -2 125 -6 231 -8 235 -3 4 -2 27 2 52 4 25 8 125 10 223 l3 177 -24 -1 c-12 -1 -30 -3 -39 -6z m4 -429 c9 -10 -4 -34 -19 -34 -8 0 -14 6 -14 13 0 22 19 35 33 21z"
       id="path3093" />
    <path
       d="M8124 1265 c-13 -32 87 -101 119 -83 13 7 23 6 33 -3 11 -9 18 -9 32 4 9 8 26 17 37 19 32 7 -63 32 -113 29 -34 -1 -47 3 -68 24 -29 29 -33 30 -40 10z"
       id="path3095" />
    <path
       d="M954 1208 c-11 -18 11 -27 35 -14 l24 13 -27 5 c-15 3 -29 1 -32 -4z"
       id="path3097" />
    <path
       d="M1040 1191 c0 -9 57 -40 113 -61 22 -8 33 -7 48 4 19 13 15 16 -58 40 -84 28 -103 31 -103 17z"
       id="path3099" />
    <path
       d="M8184 1109 c-7 -11 3 -396 11 -409 10 -16 63 -22 86 -9 19 10 20 13 8 23 -19 14 -49 73 -49 96 0 10 7 20 15 24 20 7 19 65 -1 87 -15 16 -15 20 0 41 20 28 20 52 2 68 -8 6 -16 25 -18 42 -3 32 -41 58 -54 37z"
       id="path3111" />
    <path
       d="M212 1087 c-22 -23 -22 -28 -21 -328 1 -167 0 -313 -2 -324 -5 -25 15 -29 98 -20 62 6 79 25 23 25 -16 0 -32 5 -36 11 -4 6 -7 152 -6 323 0 346 -4 369 -56 313z"
       id="path3113" />
    <path
       d="M8392 1082 c-3 -8 -2 -54 1 -102 6 -73 4 -92 -9 -104 -8 -9 -19 -16 -24 -16 -7 0 -17 -36 -23 -91 -2 -14 -7 -31 -11 -37 -4 -7 -3 -12 3 -12 6 0 19 -9 30 -21 13 -14 31 -21 58 -21 21 0 80 1 132 1 82 1 96 -1 113 -19 10 -11 25 -20 33 -20 24 0 17 -17 -9 -24 -13 -3 -42 -21 -64 -39 -48 -41 -144 -59 -170 -33 -13 13 -11 18 12 39 21 19 24 27 14 33 -7 5 -141 7 -298 5 -157 -2 -328 -5 -380 -5 -77 -1 -95 -4 -95 -16 0 -12 16 -15 85 -15 47 -1 90 -3 95 -4 13 -5 92 -11 125 -10 14 0 77 2 140 2 63 1 120 5 125 8 16 9 114 4 125 -7 7 -7 6 -16 -2 -27 -11 -13 -43 -17 -193 -24 -131 -5 -168 -9 -135 -14 25 -4 63 -6 85 -3 46 5 146 -16 146 -31 -1 -11 -93 -26 -156 -25 -22 0 -66 -5 -99 -11 -57 -10 -73 -9 -239 19 -67 12 -46 27 46 33 160 11 125 35 -58 41 -63 2 -86 -2 -105 -15 -13 -9 -32 -17 -42 -17 -24 0 -95 65 -102 94 -4 18 -11 22 -30 19 -13 -3 -27 0 -30 6 -5 7 -20 4 -46 -9 -62 -32 -207 -25 -167 8 15 13 70 16 111 6 26 -6 27 -5 17 14 -13 24 -5 69 15 92 18 21 26 135 12 187 l-11 44 -19 -31 c-16 -28 -17 -39 -8 -89 10 -56 6 -91 -10 -91 -4 0 -19 9 -33 20 -34 27 -44 25 -61 -8 -13 -25 -20 -28 -47 -24 -30 4 -31 3 -25 -21 5 -20 1 -29 -15 -37 -19 -11 -19 -13 -5 -29 24 -27 20 -31 -29 -31 -32 0 -50 6 -64 21 -27 29 -37 6 -12 -30 29 -40 86 -81 113 -81 23 0 86 -28 111 -49 7 -5 35 -12 62 -14 68 -7 156 -28 180 -44 12 -8 49 -13 94 -13 56 0 79 -4 93 -17 15 -13 34 -17 82 -15 47 2 66 -1 76 -12 19 -23 236 -23 269 0 16 12 37 15 72 12 39 -4 55 -1 74 13 17 14 40 19 92 19 38 0 73 4 79 9 5 5 43 19 84 31 41 12 89 29 107 38 39 20 133 108 133 125 0 18 -21 37 -41 37 -10 0 -20 11 -23 25 -7 29 -35 38 -116 39 l-55 1 3 75 c3 61 7 78 23 89 27 19 24 41 -6 41 -22 0 -24 4 -27 58 -3 53 -5 57 -28 57 -19 0 -26 6 -30 29 -5 28 -7 30 -59 30 -36 1 -55 -3 -59 -12z m79 -75 c10 -55 14 -271 5 -286 -10 -15 -48 -14 -70 2 -16 12 -17 16 -5 35 11 17 11 26 2 41 -8 13 -9 21 0 30 6 6 12 51 14 101 5 142 34 183 54 77z"
       id="path3115" />
    <path
       d="M7576 992 c-5 -14 -13 -18 -26 -15 -19 5 -20 0 -20 -114 l0 -119 30 -29 c17 -16 30 -37 30 -47 0 -21 22 -23 49 -6 14 8 30 8 66 -1 40 -10 54 -9 91 5 32 12 47 14 57 6 10 -9 17 -8 25 0 9 9 15 9 24 0 19 -19 28 -14 28 13 0 14 -4 25 -8 25 -16 0 -29 45 -24 82 3 31 0 39 -22 53 -39 26 -60 5 -52 -52 4 -34 2 -46 -13 -60 -10 -10 -24 -28 -30 -40 -8 -15 -21 -23 -38 -23 l-25 0 8 78 c13 132 13 137 -19 140 -35 4 -41 -12 -28 -79 9 -53 9 -55 -22 -86 -42 -44 -51 -42 -43 11 4 25 7 73 7 108 1 34 4 69 9 78 15 27 -3 85 -27 88 -14 2 -23 -3 -27 -16z"
       id="path3117" />
    <path
       d="M790 932 c-14 -9 -32 -25 -40 -35 -8 -10 -26 -23 -40 -30 -16 -9 -24 -20 -22 -33 6 -34 1 -277 -7 -344 -5 -36 -6 -68 -4 -72 2 -5 37 -8 77 -8 80 0 147 23 126 44 -8 8 -13 7 -20 -4 -7 -12 -10 -11 -17 5 -9 22 -11 372 -3 445 6 51 -8 61 -50 32z m-20 -228 c0 -24 -4 -34 -12 -32 -24 8 -22 68 2 68 5 0 10 -16 10 -36z"
       id="path3119" />
    <path
       d="M1145 918 c-3 -7 -4 -112 -4 -233 1 -121 0 -231 -2 -245 -4 -23 -1 -25 40 -25 l43 0 -1 245 c-1 216 -4 247 -18 258 -9 6 -25 12 -35 12 -10 0 -21 -6 -23 -12z"
       id="path3121" />
    <path
       d="M7464 909 c-3 -6 -1 -16 5 -22 8 -8 11 -5 11 11 0 24 -5 28 -16 11z"
       id="path3123" />
    <path
       d="M8666 889 c-9 -45 -7 -132 3 -147 10 -17 21 41 21 121 0 61 -14 77 -24 26z"
       id="path3125" />
    <path
       d="M2298 883 c-6 -8 -6 -18 0 -30 9 -16 28 -18 189 -18 98 -1 1123 -2 2278 -4 2049 -2 2100 -1 2103 17 2 10 -3 24 -11 30 -20 17 -4545 22 -4559 5z"
       id="path3127" />
    <path
       d="M147 883 c-11 -10 -8 -53 3 -53 6 0 10 14 10 30 0 31 -2 35 -13 23z"
       id="path3129" />
    <path
       d="M7977 884 c-6 -7 -2 -77 9 -150 4 -27 8 -31 26 -26 15 4 27 -2 42 -20 22 -26 96 -48 96 -28 0 5 -13 10 -30 10 l-29 0 4 93 c2 50 5 99 7 107 2 12 -10 16 -57 18 -34 2 -64 0 -68 -4z"
       id="path3131" />
    <path
       d="M7463 707 c-3 -5 -1 -13 3 -17 11 -11 76 2 81 15 4 12 -77 13 -84 2z"
       id="path3133" />
    <path
       d="M7980 677 c0 -19 10 -27 26 -20 11 4 12 9 3 19 -15 18 -29 18 -29 1z"
       id="path3135" />
    <path
       d="M148 624 c-5 -4 -8 -16 -8 -28 0 -14 3 -17 11 -9 6 6 9 19 7 28 -1 9 -6 13 -10 9z"
       id="path3137" />
    <path
       d="M910 565 c0 -8 9 -15 20 -15 11 0 20 7 20 15 0 8 -9 15 -20 15 -11 0 -20 -7 -20 -15z"
       id="path3139" />
    <path
       d="M137 524 c-4 -4 -7 -29 -7 -56 0 -41 3 -48 20 -48 18 0 19 5 14 48 -7 49 -16 67 -27 56z"
       id="path3141" />
    <path
       d="M943 488 c-17 -20 -20 -61 -5 -66 9 -3 13 3 10 19 -3 23 0 24 65 29 37 3 68 10 70 15 3 16 -128 18 -140 3z"
       id="path3143" />
  </g>
  <text
     xml:space="preserve"
     style="font-size:35.20000076px;font-style:normal;font-variant:normal;font-weight:bold;font-stretch:normal;text-align:center;line-height:125%;letter-spacing:0px;word-spacing:0px;text-anchor:middle;fill:#000000;fill-opacity:1;stroke:none;font-family:Impact;-inkscape-font-specification:Sans Bold"
     x="467.09872"
     y="69.108101"
     id="text3183"
     sodipodi:linespacing="125%"><tspan
       sodipodi:role="line"
       id="tspan3185"
       x="467.09872"
       y="69.108101"
       style="font-style:normal;font-variant:normal;font-weight:bold;font-stretch:normal;font-family:Arial;-inkscape-font-specification:Arial Bold">600 km</tspan></text>
  <text
     xml:space="preserve"
     style="font-size:27.25863075px;font-style:normal;font-variant:normal;font-weight:bold;font-stretch:normal;text-align:center;line-height:125%;letter-spacing:0px;word-spacing:0px;text-anchor:middle;fill:#000000;fill-opacity:1;stroke:none;font-family:Arial;-inkscape-font-specification:Arial Bold"
     x="89.279846"
     y="171.26823"
     id="text3187"
     sodipodi:linespacing="125%"><tspan
       sodipodi:role="line"
       id="tspan3189"
       x="89.279846"
       y="171.26823">São Camilo</tspan></text>
  <text
     xml:space="preserve"
     style="font-size:27.11472702px;font-style:normal;font-variant:normal;font-weight:bold;font-stretch:normal;text-align:center;line-height:125%;letter-spacing:0px;word-spacing:0px;text-anchor:middle;fill:#000000;fill-opacity:1;stroke:none;font-family:Arial;-inkscape-font-specification:Arial Bold"
     x="814.32379"
     y="170.51471"
     id="text3191"
     sodipodi:linespacing="125%"><tspan
       sodipodi:role="line"
       id="tspan3193"
       x="814.32379"
       y="170.51471">Palmares</tspan></text>
</svg>
