<?xml version="1.0" encoding="UTF-8" standalone="no"?>
<!-- Created with Inkscape (http://www.inkscape.org/) -->

<svg
   xmlns:dc="http://purl.org/dc/elements/1.1/"
   xmlns:cc="http://creativecommons.org/ns#"
   xmlns:rdf="http://www.w3.org/1999/02/22-rdf-syntax-ns#"
   xmlns:svg="http://www.w3.org/2000/svg"
   xmlns="http://www.w3.org/2000/svg"
   xmlns:sodipodi="http://sodipodi.sourceforge.net/DTD/sodipodi-0.dtd"
   xmlns:inkscape="http://www.inkscape.org/namespaces/inkscape"
   id="svg2"
   version="1.1"
   inkscape:version="0.48.4 r9939"
   width="183"
   height="115"
   sodipodi:docname="piso.png">
  <metadata
     id="metadata8">
    <rdf:RDF>
      <cc:Work
         rdf:about="">
        <dc:format>image/svg+xml</dc:format>
        <dc:type
           rdf:resource="http://purl.org/dc/dcmitype/StillImage" />
        <dc:title></dc:title>
      </cc:Work>
    </rdf:RDF>
  </metadata>
  <defs
     id="defs6" />
  <sodipodi:namedview
     pagecolor="#ffffff"
     bordercolor="#666666"
     borderopacity="1"
     objecttolerance="10"
     gridtolerance="10"
     guidetolerance="10"
     inkscape:pageopacity="0"
     inkscape:pageshadow="2"
     inkscape:window-width="1600"
     inkscape:window-height="824"
     id="namedview4"
     showgrid="false"
     inkscape:zoom="4"
     inkscape:cx="86.790704"
     inkscape:cy="51.934885"
     inkscape:window-x="0"
     inkscape:window-y="24"
     inkscape:window-maximized="1"
     inkscape:current-layer="svg2" />
  <g
     id="g2987"
     transform="translate(-4.1631786e-8,-2.1927971)"
     style="fill:#000000">
    <path
       style="fill:#000000;fill-opacity:1"
       d="m 5,58 0,-52 87,0 87,0 0,52 0,52 -87,0 -87,0 0,-52 z M 178,41 178,7 109.5,7 41,7 l 0,34 0,34 68.5,0 68.5,0 0,-34 z"
       id="path3003"
       inkscape:connector-curvature="0" />
    <path
       style="fill:#000000;fill-opacity:1"
       d="m 5,58 0,-52 87,0 87,0 0,52 0,52 -87,0 -87,0 0,-52 z M 40,92.5 40,76 23,76 6,76 6,92.5 6,109 l 17,0 17,0 0,-16.5 z m 34,0 0,-16.5 -16.5,0 -16.5,0 0,16.5 0,16.5 16.5,0 16.5,0 0,-16.5 z m 35,0 0,-16.5 -17,0 -17,0 0,16.5 0,16.5 17,0 17,0 0,-16.5 z m 34,0 0,-16.5 -16.5,0 -16.5,0 0,16.5 0,16.5 16.5,0 16.5,0 0,-16.5 z m 35,0 0,-16.5 -17,0 -17,0 0,16.5 0,16.5 17,0 17,0 0,-16.5 z M 40,58 40,41 23,41 6,41 6,58 6,75 23,75 40,75 40,58 z M 178,41 178,7 109.5,7 41,7 l 0,34 0,34 68.5,0 68.5,0 0,-34 z M 40,23.5 40,7 23,7 6,7 6,23.5 6,40 l 17,0 17,0 0,-16.5 z"
       id="path3001"
       inkscape:connector-curvature="0" />
    <path
       style="fill:#000000;fill-opacity:1"
       d="m 5,58 0,-52 87,0 87,0 0,52 0,52 -87,0 -87,0 0,-52 z M 40,92.5 40,76 23,76 6,76 6,92.5 6,109 l 17,0 17,0 0,-16.5 z m 34,0 0,-16.5 -16.5,0 -16.5,0 0,16.5 0,16.5 16.5,0 16.5,0 0,-16.5 z m 35,0 0,-16.5 -17,0 -17,0 0,16.5 0,16.5 17,0 17,0 0,-16.5 z m 34,0 0,-16.5 -16.5,0 -16.5,0 0,16.5 0,16.5 16.5,0 16.5,0 0,-16.5 z m 35,0 0,-16.5 -17,0 -17,0 0,16.5 0,16.5 17,0 17,0 0,-16.5 z M 40,58 40,41 23,41 6,41 6,58 6,75 23,75 40,75 40,58 z M 178,41 178,7 109.5,7 41,7 l 0,34 0,34 68.5,0 68.5,0 0,-34 z M 40,23.5 40,7 23,7 6,7 6,23.5 6,40 l 17,0 17,0 0,-16.5 z"
       id="path2999"
       inkscape:connector-curvature="0" />
    <path
       style="fill:#000000;fill-opacity:1"
       d="m 5,58 0,-52 87,0 87,0 0,52 0,52 -87,0 -87,0 0,-52 z M 40,92.5 40,76 23,76 6,76 6,92.5 6,109 l 17,0 17,0 0,-16.5 z m 34,0 0,-16.5 -16.5,0 -16.5,0 0,16.5 0,16.5 16.5,0 16.5,0 0,-16.5 z m 35,0 0,-16.5 -17,0 -17,0 0,16.5 0,16.5 17,0 17,0 0,-16.5 z m 34,0 0,-16.5 -16.5,0 -16.5,0 0,16.5 0,16.5 16.5,0 16.5,0 0,-16.5 z m 35,0 0,-16.5 -17,0 -17,0 0,16.5 0,16.5 17,0 17,0 0,-16.5 z M 40,58 40,41 23,41 6,41 6,58 6,75 23,75 40,75 40,58 z M 178,41 178,7 109.5,7 41,7 l 0,34 0,34 68.5,0 68.5,0 0,-34 z M 40,23.5 40,7 23,7 6,7 6,23.5 6,40 l 17,0 17,0 0,-16.5 z"
       id="path2997"
       inkscape:connector-curvature="0" />
    <path
       style="fill:#000000;fill-opacity:1"
       d="m 5,58 0,-52 87,0 87,0 0,52 0,52 -87,0 -87,0 0,-52 z M 40,92.5 40,76 23,76 6,76 6,92.5 6,109 l 17,0 17,0 0,-16.5 z m 34,0 0,-16.5 -16.5,0 -16.5,0 0,16.5 0,16.5 16.5,0 16.5,0 0,-16.5 z m 35,0 0,-16.5 -17,0 -17,0 0,16.5 0,16.5 17,0 17,0 0,-16.5 z m 34,0 0,-16.5 -16.5,0 -16.5,0 0,16.5 0,16.5 16.5,0 16.5,0 0,-16.5 z m 35,0 0,-16.5 -17,0 -17,0 0,16.5 0,16.5 17,0 17,0 0,-16.5 z M 40,58 40,41 23,41 6,41 6,58 6,75 23,75 40,75 40,58 z M 178,41 178,7 109.5,7 41,7 l 0,34 0,34 68.5,0 68.5,0 0,-34 z M 40,23.5 40,7 23,7 6,7 6,23.5 6,40 l 17,0 17,0 0,-16.5 z"
       id="path2995"
       inkscape:connector-curvature="0" />
    <path
       style="fill:#000000;fill-opacity:1"
       d="m 5,58 0,-52 87,0 87,0 0,52 0,52 -87,0 -87,0 0,-52 z M 40,92.5 40,76 23,76 6,76 6,92.5 6,109 l 17,0 17,0 0,-16.5 z m 34,0 0,-16.5 -16.5,0 -16.5,0 0,16.5 0,16.5 16.5,0 16.5,0 0,-16.5 z m 35,0 0,-16.5 -17,0 -17,0 0,16.5 0,16.5 17,0 17,0 0,-16.5 z m 34,0 0,-16.5 -16.5,0 -16.5,0 0,16.5 0,16.5 16.5,0 16.5,0 0,-16.5 z m 35,0 0,-16.5 -17,0 -17,0 0,16.5 0,16.5 17,0 17,0 0,-16.5 z M 40,58 40,41 23,41 6,41 6,58 6,75 23,75 40,75 40,58 z M 178,41 178,7 109.5,7 41,7 l 0,34 0,34 68.5,0 68.5,0 0,-34 z M 40,23.5 40,7 23,7 6,7 6,23.5 6,40 l 17,0 17,0 0,-16.5 z"
       id="path2993"
       inkscape:connector-curvature="0" />
    <path
       style="fill:#000000;fill-opacity:1"
       d="m 5,58 0,-52 87,0 87,0 0,52 0,52 -87,0 -87,0 0,-52 z M 40,92.5 40,76 23,76 6,76 6,92.5 6,109 l 17,0 17,0 0,-16.5 z m 34,0 0,-16.5 -16.5,0 -16.5,0 0,16.5 0,16.5 16.5,0 16.5,0 0,-16.5 z m 35,0 0,-16.5 -17,0 -17,0 0,16.5 0,16.5 17,0 17,0 0,-16.5 z m 34,0 0,-16.5 -16.5,0 -16.5,0 0,16.5 0,16.5 16.5,0 16.5,0 0,-16.5 z m 35,0 0,-16.5 -17,0 -17,0 0,16.5 0,16.5 17,0 17,0 0,-16.5 z M 40,58 40,41 23,41 6,41 6,58 6,75 23,75 40,75 40,58 z M 178,41 178,7 109.5,7 41,7 l 0,34 0,34 68.5,0 68.5,0 0,-34 z M 40,23.5 40,7 23,7 6,7 6,23.5 6,40 l 17,0 17,0 0,-16.5 z"
       id="path2991"
       inkscape:connector-curvature="0" />
    <path
       style="fill:#000000;fill-opacity:1"
       d="m 5,58 0,-52 87,0 87,0 0,52 0,52 -87,0 -87,0 0,-52 z M 40,92.5 40,76 23,76 6,76 6,92.5 6,109 l 17,0 17,0 0,-16.5 z m 34,0 0,-16.5 -16.5,0 -16.5,0 0,16.5 0,16.5 16.5,0 16.5,0 0,-16.5 z m 35,0 0,-16.5 -17,0 -17,0 0,16.5 0,16.5 17,0 17,0 0,-16.5 z m 34,0 0,-16.5 -16.5,0 -16.5,0 0,16.5 0,16.5 16.5,0 16.5,0 0,-16.5 z m 35,0 0,-16.5 -17,0 -17,0 0,16.5 0,16.5 17,0 17,0 0,-16.5 z M 40,58 40,41 23,41 6,41 6,58 6,75 23,75 40,75 40,58 z M 178,41 178,7 109.5,7 41,7 l 0,34 0,34 68.5,0 68.5,0 0,-34 z M 40,23.5 40,7 23,7 6,7 6,23.5 6,40 l 17,0 17,0 0,-16.5 z"
       id="path2989"
       inkscape:connector-curvature="0" />
  </g>
  <path
     style="fill:#999999;fill-opacity:1;stroke:none"
     d="m 6.0110973,21.280671 0,-16.375 16.8749997,0 16.875,0 0,16.375 0,16.375 -16.875,0 -16.8749997,0 0,-16.375 z"
     id="path3037"
     inkscape:connector-curvature="0" />
  <path
     style="fill:#999999;fill-opacity:1;stroke:none"
     d="m 6.0110973,55.780671 0,-16.875 16.8749997,0 16.875,0 0,16.875 0,16.875 -16.875,0 -16.8749997,0 0,-16.875 z"
     id="path3039"
     inkscape:connector-curvature="0" />
  <path
     style="fill:#999999;fill-opacity:1;stroke:none"
     d="m 6.0110973,90.280671 0,-16.375 16.8749997,0 16.875,0 0,16.375 0,16.374999 -16.875,0 -16.8749997,0 0,-16.374999 z"
     id="path3041"
     inkscape:connector-curvature="0" />
  <path
     style="fill:#999999;fill-opacity:1;stroke:none"
     d="m 41.011097,90.280671 0,-16.375 16.375,0 16.375,0 0,16.375 0,16.374999 -16.375,0 -16.375,0 0,-16.374999 z"
     id="path3043"
     inkscape:connector-curvature="0" />
  <path
     style="fill:#999999;fill-opacity:1;stroke:none"
     d="m 75.011097,90.280671 0,-16.375 16.875,0 16.875003,0 0,16.375 0,16.374999 -16.875003,0 -16.875,0 0,-16.374999 z"
     id="path3045"
     inkscape:connector-curvature="0" />
  <path
     style="fill:#999999;fill-opacity:1;stroke:none"
     d="m 110.0111,90.280671 0,-16.375 16.375,0 16.375,0 0,16.375 0,16.374999 -16.375,0 -16.375,0 0,-16.374999 z"
     id="path3047"
     inkscape:connector-curvature="0" />
  <path
     style="fill:#999999;fill-opacity:1;stroke:none"
     d="m 144.0111,90.280671 0,-16.375 16.875,0 16.875,0 0,16.375 0,16.374999 -16.875,0 -16.875,0 0,-16.374999 z"
     id="path3049"
     inkscape:connector-curvature="0" />
</svg>
