<?xml version="1.0" standalone="no"?>
<!DOCTYPE svg PUBLIC "-//W3C//DTD SVG 20010904//EN"
 "http://www.w3.org/TR/2001/REC-SVG-20010904/DTD/svg10.dtd">
<svg version="1.0" xmlns="http://www.w3.org/2000/svg"
 width="900.000000pt" height="720.000000pt" viewBox="0 0 900.000000 720.000000"
 preserveAspectRatio="xMidYMid meet">
<metadata>
Created by potrace 1.10, written by Peter Selinger 2001-2011
</metadata>
<g transform="translate(0.000000,720.000000) scale(0.100000,-0.100000)"
fill="#000000" stroke="none">
<path d="M4813 6812 c-13 -2 -23 -4 -24 -5 0 -1 -3 -30 -5 -64 -5 -58 -4 -63
20 -78 57 -38 101 7 88 89 -6 42 -11 51 -32 56 -14 3 -35 4 -47 2z"/>
<path d="M7327 6782 c-20 -22 -23 -71 -4 -73 6 -1 17 -2 22 -4 6 -1 18 -3 28
-3 10 -1 15 -7 11 -13 -3 -6 -19 -9 -35 -7 -41 6 -57 -15 -27 -36 28 -20 52
-20 83 0 34 22 38 41 13 75 -17 22 -19 32 -10 41 23 23 13 38 -26 38 -25 0
-45 -7 -55 -18z"/>
<path d="M4812 6547 c-12 -13 -22 -33 -22 -44 0 -11 -20 -62 -45 -112 -25 -50
-45 -95 -45 -100 0 -5 -7 -14 -15 -21 -8 -7 -15 -20 -15 -30 0 -18 -113 -254
-134 -280 -7 -8 -25 -44 -41 -80 -47 -108 -97 -212 -126 -261 -15 -25 -30 -55
-33 -67 -4 -12 -24 -52 -44 -89 -20 -37 -53 -106 -72 -153 -19 -47 -53 -121
-76 -165 -23 -44 -44 -90 -48 -101 -14 -44 -95 -175 -121 -196 -23 -18 -26
-26 -20 -52 10 -40 10 -139 3 -516 -3 -168 -6 -312 -6 -320 1 -8 2 -255 4
-548 2 -468 1 -534 -13 -539 -8 -3 -51 2 -96 11 -45 9 -102 18 -127 19 -40 2
-45 0 -48 -22 -2 -13 0 -27 5 -32 5 -5 65 -14 133 -21 69 -6 130 -15 136 -20
15 -11 15 -268 0 -269 -6 -1 -60 -2 -121 -2 l-110 -2 0 -25 0 -25 120 0 120 0
3 -68 c2 -37 -1 -83 -7 -102 -11 -40 -4 -75 14 -75 34 0 168 -131 151 -147 -4
-4 -55 -15 -114 -25 -195 -32 -252 -45 -272 -63 -18 -16 -19 -20 -6 -33 12
-13 23 -13 68 -3 56 13 165 34 258 52 30 5 65 17 77 25 12 7 28 14 36 14 14 0
284 -269 302 -301 22 -39 257 -278 285 -289 43 -18 38 -45 -15 -82 -48 -34
-54 -48 -30 -68 20 -17 52 -4 98 41 l39 39 1284 -1 c706 0 1288 2 1294 6 5 3
10 15 10 25 0 10 17 32 38 48 46 38 265 258 272 275 10 25 277 277 294 277 9
0 27 -5 39 -12 22 -12 80 -28 192 -53 72 -16 243 -60 305 -79 49 -15 70 -7 70
25 0 22 -19 31 -115 52 -71 16 -88 19 -205 38 -36 6 -78 17 -95 24 -16 7 -57
19 -90 26 -33 6 -64 15 -68 19 -4 4 10 19 32 33 22 14 57 47 78 72 21 26 50
53 65 61 35 18 44 53 24 92 -19 37 -22 145 -3 160 8 7 55 7 146 0 145 -10 175
-7 185 19 13 33 -12 38 -177 38 l-162 0 -1 115 c-1 104 8 170 25 170 81 2 205
13 231 20 19 6 51 10 71 10 43 0 64 20 54 51 -6 19 -12 21 -49 15 -22 -4 -86
-13 -141 -20 -55 -8 -113 -19 -129 -26 -50 -19 -56 -9 -56 85 l0 85 215 0 215
0 0 34 c0 19 -6 36 -12 38 -7 2 -92 1 -188 -2 -195 -6 -206 -5 -216 18 -11 27
-1 1648 10 1674 6 12 -1 26 -21 45 -37 36 -95 134 -173 298 -83 172 -209 425
-303 609 -43 82 -77 154 -77 162 0 7 -7 19 -15 28 -21 20 -145 267 -145 288 0
9 -4 19 -9 23 -20 12 -101 190 -101 221 0 23 -7 38 -26 53 -33 26 -39 26 -64
1 -13 -13 -20 -33 -20 -57 0 -37 -85 -223 -102 -223 -4 0 -8 -9 -8 -20 0 -16
-104 -233 -140 -290 -5 -8 -41 -80 -80 -160 -39 -80 -85 -172 -103 -205 -56
-103 -64 -117 -112 -220 -26 -55 -61 -129 -77 -165 -17 -36 -49 -101 -72 -145
-22 -44 -53 -106 -69 -137 -15 -31 -36 -59 -46 -63 -10 -3 -23 -17 -29 -30
l-12 -25 -349 0 c-348 0 -350 0 -362 21 -6 12 -22 31 -35 43 -13 12 -36 44
-50 71 -15 28 -35 67 -46 87 -11 20 -28 40 -39 43 -10 4 -19 11 -19 17 0 5
-14 40 -31 76 -17 37 -35 78 -41 92 -16 42 -80 178 -130 274 -26 50 -82 161
-124 246 -93 190 -158 319 -195 387 -16 29 -29 63 -29 77 0 15 -4 26 -9 26 -5
0 -14 14 -20 32 -6 17 -28 61 -49 97 -20 36 -46 91 -57 121 -23 64 -48 75 -83
37z m92 -207 c21 -50 42 -93 47 -96 5 -3 9 -12 9 -21 0 -14 36 -95 93 -208 11
-22 28 -49 38 -60 10 -11 21 -33 25 -50 6 -24 203 -423 251 -510 22 -38 53
-111 53 -123 0 -7 21 -53 48 -104 26 -51 60 -121 75 -156 19 -42 36 -66 52
-72 24 -9 65 -85 65 -120 0 -32 12 -50 41 -65 42 -22 816 -22 858 0 30 15 41
33 41 68 0 12 16 49 34 82 54 97 173 337 195 391 10 28 50 109 87 180 100 192
187 365 208 415 11 24 26 51 33 59 15 19 73 131 73 143 0 4 10 24 23 45 12 20
37 73 56 117 18 44 40 97 48 118 9 20 22 37 29 37 7 0 20 -21 30 -47 10 -27
28 -65 41 -85 13 -21 23 -45 23 -53 0 -9 30 -73 67 -143 37 -70 108 -207 157
-306 103 -202 177 -344 224 -430 18 -32 32 -65 32 -72 0 -15 38 -95 87 -184
16 -30 33 -65 37 -77 4 -12 27 -56 52 -96 24 -41 44 -84 44 -96 0 -12 7 -32
15 -44 12 -19 14 -76 11 -377 -3 -234 -8 -356 -15 -358 -21 -7 -24 -71 -6 -99
17 -25 18 -58 16 -397 -2 -240 -6 -375 -13 -383 -6 -8 -7 -26 -3 -45 4 -18 8
-82 9 -143 l1 -110 -105 -13 c-58 -7 -125 -17 -150 -22 -60 -14 -188 -29 -340
-40 -136 -11 -181 -23 -161 -43 18 -18 324 -14 431 6 47 8 108 18 135 22 28 3
72 13 99 21 27 8 60 14 73 14 l24 0 -3 -132 -3 -133 -735 -7 c-701 -6 -963
-12 -982 -24 -4 -3 -8 -12 -8 -20 0 -12 109 -14 828 -10 455 2 843 5 862 7
l35 4 3 -74 c2 -42 -2 -79 -8 -85 -5 -5 -10 -22 -10 -36 0 -20 -23 -50 -90
-120 l-89 -92 -82 7 c-44 4 -93 13 -108 21 -14 8 -36 14 -47 14 -12 0 -38 7
-57 15 -20 8 -49 15 -65 15 -15 0 -32 4 -38 9 -9 9 -83 26 -182 41 -65 10 -73
16 -33 25 36 8 55 36 45 68 -9 28 -22 37 -56 37 -36 0 -64 -40 -49 -69 8 -14
8 -22 1 -26 -13 -8 -88 4 -95 15 -3 4 -26 11 -52 15 -27 4 -55 11 -64 16 -9 4
-41 13 -70 18 -30 6 -81 17 -114 25 -33 9 -87 22 -120 30 -33 8 -80 20 -104
26 -24 6 -53 17 -65 25 -36 26 -166 17 -166 -11 0 -8 10 -14 23 -14 25 -1 162
-35 192 -49 11 -5 40 -15 65 -21 25 -6 70 -18 100 -27 83 -23 168 -42 235 -54
33 -6 69 -14 80 -19 11 -5 43 -14 70 -19 28 -5 77 -17 110 -26 95 -26 175 -45
241 -59 34 -7 67 -17 74 -21 13 -8 106 -23 203 -32 62 -5 72 -19 39 -50 -81
-78 -236 -220 -248 -226 -8 -4 -14 -15 -14 -23 0 -20 -236 -256 -276 -277 -18
-9 -34 -14 -36 -11 -5 4 -2406 7 -2425 3 -4 -2 -30 1 -57 6 -44 7 -57 16 -135
95 -124 127 -161 167 -161 178 0 5 -64 73 -141 150 -89 88 -140 146 -136 155
4 10 32 16 101 20 52 3 101 9 108 14 7 4 47 14 88 21 41 7 102 17 135 22 33 6
74 15 91 21 18 5 54 14 80 19 155 27 180 32 194 38 14 5 61 14 240 42 41 6 81
15 90 20 8 4 40 11 70 15 30 4 60 11 65 15 6 4 34 11 64 15 l54 7 -7 -33 c-3
-19 -2 -39 2 -45 21 -31 88 -25 102 10 8 23 -4 56 -27 69 -24 15 -3 27 46 27
56 0 98 26 88 53 -8 21 -46 22 -95 2 -61 -26 -109 -36 -362 -74 -31 -5 -66
-12 -79 -16 -12 -4 -57 -13 -99 -21 -43 -7 -111 -20 -152 -29 -41 -9 -102 -22
-135 -28 -33 -7 -70 -18 -82 -25 -12 -6 -41 -12 -65 -12 -24 0 -90 -9 -148
-21 -100 -20 -146 -29 -288 -62 -35 -8 -68 -20 -72 -27 -5 -9 -19 -11 -43 -6
-29 5 -53 25 -122 101 -47 52 -85 103 -85 113 0 10 -5 23 -11 29 -5 5 -9 38
-7 74 l3 64 390 -3 c362 -2 1136 -17 1338 -26 l87 -3 0 29 c0 16 -6 30 -12 33
-7 2 -233 6 -503 9 -269 3 -642 10 -828 16 -234 8 -355 8 -394 1 -81 -16 -83
-13 -83 136 0 136 5 146 58 124 15 -6 56 -15 92 -20 36 -6 94 -15 130 -22 92
-16 395 -18 411 -2 7 7 9 16 5 20 -3 4 -71 13 -149 19 -188 17 -315 33 -351
44 -16 6 -58 10 -93 10 -100 0 -103 4 -103 113 0 66 4 99 15 113 16 22 20 90
5 99 -15 9 -13 746 1 779 9 19 9 36 0 68 -7 28 -11 162 -11 392 0 291 3 352
15 369 8 12 15 30 15 40 0 15 34 86 89 183 5 10 20 41 32 69 12 27 31 65 44
85 12 19 31 62 43 95 11 33 79 177 150 320 71 143 143 289 161 325 17 36 45
89 61 119 17 30 30 58 30 64 0 5 13 32 30 58 16 27 33 61 36 76 4 16 24 65 46
111 21 46 38 87 38 91 0 13 22 30 34 25 7 -3 29 -45 50 -94z"/>
<path d="M4808 5707 c-23 -18 -32 -61 -18 -87 9 -17 19 -21 53 -18 35 3 43 7
51 31 20 57 -40 109 -86 74z"/>
<path d="M7363 5707 c-30 -13 -48 -59 -34 -85 32 -61 130 -25 113 40 -8 31
-53 57 -79 45z"/>
<path d="M4814 4862 c-33 -26 -37 -55 -13 -85 25 -33 58 -34 87 -4 27 29 28
47 1 81 -24 30 -45 33 -75 8z"/>
<path d="M7362 4859 c-12 -5 -27 -20 -33 -33 -29 -63 69 -109 108 -50 15 23
15 29 2 52 -17 30 -46 42 -77 31z"/>
<path d="M5797 4643 c-28 -7 -16 -38 16 -41 33 -4 33 -3 5 -51 -22 -39 -20
-71 6 -71 15 0 76 114 76 142 0 22 -57 33 -103 21z"/>
<path d="M6332 4633 c-17 -7 -42 -57 -42 -86 0 -49 67 -85 109 -58 7 5 16 31
19 59 4 41 1 53 -17 71 -20 20 -42 25 -69 14z m48 -83 c0 -11 -7 -20 -15 -20
-8 0 -15 9 -15 20 0 11 7 20 15 20 8 0 15 -9 15 -20z"/>
<path d="M5185 4234 c-27 -7 -68 -21 -90 -31 -54 -24 -212 -131 -219 -149 -3
-9 -20 -14 -45 -14 -35 0 -42 -4 -47 -25 -10 -38 3 -68 40 -95 19 -14 70 -52
113 -85 43 -33 114 -78 158 -100 72 -35 89 -40 174 -43 61 -3 107 0 135 9 46
15 149 73 167 95 6 8 19 14 28 14 10 0 52 35 94 78 71 70 77 80 71 107 -9 41
-12 45 -37 45 -13 0 -40 18 -66 45 -24 25 -51 45 -60 45 -9 0 -40 18 -70 40
-29 22 -71 44 -94 50 -23 6 -52 15 -65 20 -31 14 -126 10 -187 -6z m55 -71 c3
-128 0 -395 -4 -402 -16 -25 -254 105 -328 180 -30 30 -15 89 22 89 10 0 39
15 63 34 51 39 203 116 230 116 9 0 17 -8 17 -17z m207 -19 c30 -16 74 -45 98
-66 24 -21 52 -38 63 -38 54 0 70 -76 27 -123 -14 -15 -35 -27 -45 -27 -11 0
-20 -5 -20 -10 0 -6 -8 -14 -17 -17 -10 -4 -40 -23 -68 -43 -75 -55 -174 -87
-176 -57 0 9 0 317 1 406 0 21 71 8 137 -25z"/>
<path d="M6850 4231 c-30 -10 -66 -23 -80 -31 -42 -21 -171 -123 -181 -141 -6
-12 -24 -19 -56 -21 -44 -3 -47 -5 -56 -37 -7 -28 -5 -37 14 -57 12 -13 31
-24 41 -24 11 0 51 -31 91 -68 72 -68 162 -128 226 -150 43 -15 187 -16 232
-1 94 30 212 106 329 212 48 44 52 50 46 81 -6 33 -21 46 -53 46 -8 0 -36 20
-61 45 -25 25 -50 45 -55 45 -5 0 -26 13 -46 28 -66 51 -195 93 -283 91 -29 0
-78 -9 -108 -18z m90 -266 c0 -165 -3 -215 -12 -215 -58 1 -201 87 -283 170
-44 45 -48 52 -39 77 5 15 18 29 29 31 11 2 34 16 50 31 57 53 183 119 228
120 l27 1 0 -215z m168 189 c31 -15 94 -50 138 -78 l82 -51 3 -48 c5 -59 0
-64 -136 -144 -99 -58 -172 -90 -182 -80 -4 4 -7 343 -4 415 1 19 37 14 99
-14z"/>
<path d="M4806 3175 c-24 -18 -27 -82 -5 -96 7 -5 30 -8 49 -7 28 2 37 8 44
31 21 59 -41 109 -88 72z"/>
<path d="M5666 3164 c-9 -8 -16 -25 -16 -37 1 -67 87 -84 119 -24 12 23 12 29
-3 52 -19 29 -75 35 -100 9z"/>
<path d="M6503 3172 c-18 -11 -26 -58 -14 -80 15 -28 58 -36 87 -17 28 18 33
65 8 89 -16 17 -61 21 -81 8z"/>
<path d="M7341 3167 c-11 -14 -15 -38 -13 -69 1 -10 14 -24 30 -32 24 -12 31
-12 55 0 22 12 27 21 27 54 0 29 -5 42 -19 50 -27 14 -66 13 -80 -3z"/>
<path d="M6099 3125 c-58 -32 -109 -136 -109 -225 0 -74 26 -147 54 -154 14
-3 26 -16 30 -29 8 -35 73 -53 121 -33 19 8 35 22 35 31 0 9 13 21 29 26 50
18 74 142 46 244 -15 56 -25 72 -67 110 -54 49 -90 57 -139 30z m67 -209 c6
-26 -1 -46 -16 -46 -12 0 -19 26 -13 49 7 28 21 27 29 -3z"/>
<path d="M4758 2743 c-16 -2 -28 -10 -28 -17 0 -26 26 -36 95 -37 38 0 93 -4
120 -9 28 -5 88 -16 135 -24 47 -9 123 -20 170 -26 47 -6 114 -15 150 -21 36
-5 115 -14 175 -19 61 -5 148 -16 195 -23 76 -13 86 -13 97 1 9 11 9 19 2 28
-10 13 -14 13 -209 38 -192 24 -339 44 -410 55 -36 6 -83 11 -104 11 -27 0
-47 7 -64 23 -22 20 -33 22 -160 23 -75 1 -149 0 -164 -3z"/>
<path d="M7095 2743 c-11 -3 -26 -14 -33 -24 -10 -14 -26 -19 -60 -19 -26 0
-76 -5 -112 -11 -87 -13 -280 -39 -355 -48 -85 -9 -102 -23 -69 -55 10 -11 21
-13 32 -7 9 5 51 12 92 15 41 4 109 11 150 16 41 6 111 15 155 20 71 10 116
17 300 50 28 5 85 9 127 9 68 1 79 4 89 22 9 17 8 23 -2 30 -15 9 -279 10
-314 2z"/>
<path d="M4800 2330 c-24 -24 -25 -38 -4 -68 22 -31 79 -31 88 1 11 40 6 66
-13 77 -29 15 -49 12 -71 -10z"/>
<path d="M6510 2333 c-19 -8 -39 -34 -40 -50 -1 -39 80 -69 108 -41 20 20 14
65 -10 82 -24 17 -33 18 -58 9z"/>
<path d="M5672 2001 c-8 -4 -12 -19 -10 -32 2 -20 25 -35 124 -84 142 -70 230
-95 336 -95 122 0 204 23 365 101 91 45 107 59 98 87 -10 35 -40 31 -114 -15
-124 -75 -199 -96 -346 -96 -94 0 -171 11 -212 31 -10 5 -36 18 -58 28 -22 10
-62 34 -90 52 -51 33 -70 38 -93 23z"/>
<path d="M3968 6543 c-26 -30 -28 -61 -6 -88 26 -33 61 -32 87 2 32 39 4 103
-44 103 -12 0 -29 -8 -37 -17z"/>
<path d="M5666 6538 c-22 -32 -20 -55 9 -84 29 -29 57 -25 87 10 23 27 22 38
-3 70 -26 33 -71 35 -93 4z"/>
<path d="M6500 6538 c-11 -12 -20 -32 -20 -44 0 -23 42 -64 66 -64 24 0 54 39
54 68 0 57 -61 81 -100 40z"/>
<path d="M8186 6538 c-9 -12 -16 -29 -16 -38 0 -31 30 -60 62 -60 35 0 57 23
57 60 0 37 -22 60 -57 60 -21 0 -36 -7 -46 -22z"/>
<path d="M1365 5858 c-29 -16 -31 -22 -30 -79 0 -44 4 -55 27 -72 l26 -20 36
22 c36 23 49 62 26 76 -6 3 -7 17 -4 30 5 19 0 27 -25 39 -35 19 -31 18 -56 4z"/>
<path d="M2897 5852 c-9 -10 -17 -30 -17 -45 0 -22 6 -27 35 -33 47 -9 44 -24
-5 -24 -47 0 -53 -19 -15 -44 32 -21 41 -20 76 5 29 20 38 56 20 75 -5 5 -11
25 -13 44 -3 31 -7 35 -34 38 -20 2 -36 -3 -47 -16z"/>
<path d="M5672 5697 c-41 -44 -19 -101 38 -99 33 1 70 26 70 48 0 20 -50 74
-69 74 -10 0 -27 -10 -39 -23z"/>
<path d="M6499 5691 c-16 -16 -29 -36 -29 -44 0 -23 38 -50 70 -50 61 0 80 54
35 98 -31 32 -40 31 -76 -4z"/>
<path d="M8190 5700 c-22 -22 -26 -51 -10 -81 16 -30 83 -27 99 5 14 26 8 57
-15 81 -21 21 -50 19 -74 -5z"/>
<path d="M3966 5695 c-20 -15 -28 -76 -12 -92 13 -14 87 -8 96 7 16 25 11 59
-10 80 -24 24 -48 25 -74 5z"/>
<path d="M852 5614 c-44 -31 -12 -95 38 -79 21 7 36 46 25 64 -14 24 -42 30
-63 15z"/>
<path d="M1373 5618 c-6 -7 -32 -58 -58 -113 -26 -55 -67 -141 -91 -191 -24
-50 -44 -95 -44 -100 0 -7 -181 -374 -218 -439 -6 -11 -28 -56 -49 -100 -21
-44 -46 -87 -55 -97 -17 -17 -18 -57 -19 -535 -1 -285 -1 -549 0 -588 2 -89
-6 -102 -46 -81 -33 17 -102 24 -121 12 -18 -11 -15 -34 6 -45 10 -5 43 -11
73 -12 87 -3 90 -7 87 -102 l-3 -82 -65 0 c-51 0 -65 -3 -68 -16 -5 -27 19
-38 68 -29 64 12 74 0 67 -75 -6 -60 6 -95 31 -95 14 0 62 -58 62 -75 0 -8
-19 -15 -52 -18 -29 -3 -80 -12 -113 -19 -51 -11 -61 -17 -63 -37 -6 -42 10
-44 119 -10 155 48 161 48 195 5 16 -20 32 -36 36 -36 8 0 282 -277 286 -289
2 -5 -7 -16 -19 -24 -13 -10 -19 -22 -16 -31 9 -22 34 -20 47 4 11 20 21 20
810 20 l799 0 12 23 c6 12 42 51 79 87 38 36 94 89 124 118 31 29 61 62 66 72
6 11 16 20 23 20 8 0 26 13 42 30 32 34 46 36 78 16 30 -19 140 -45 207 -48
49 -3 55 -1 55 17 0 18 -8 20 -79 23 -54 2 -83 7 -90 17 -6 8 -29 15 -51 17
-61 5 -59 30 8 93 l55 52 -6 71 c-6 85 -4 86 88 73 71 -10 99 1 86 34 -5 15
-18 17 -89 14 l-82 -4 -3 83 c-2 52 1 89 8 98 8 8 39 14 88 16 69 3 77 5 77
23 0 19 -6 20 -86 18 l-87 -3 -5 33 c-8 52 6 60 95 52 67 -6 79 -5 84 9 13 34
-15 48 -80 41 -105 -12 -99 -46 -88 502 5 257 10 483 11 502 1 19 -5 41 -13
50 -18 21 -79 131 -112 201 -13 30 -29 63 -35 73 -6 10 -20 37 -32 60 -12 23
-27 48 -33 54 -7 7 -20 34 -30 60 -10 27 -21 53 -25 58 -18 25 -99 188 -99
199 0 8 -18 47 -40 87 -63 119 -98 192 -104 220 -11 51 -76 44 -76 -8 0 -14
-13 -47 -29 -73 -16 -27 -39 -70 -51 -97 -12 -26 -36 -77 -52 -113 -17 -36
-44 -94 -60 -130 -17 -36 -34 -73 -40 -83 -5 -10 -19 -37 -31 -60 -12 -23 -27
-48 -33 -54 -7 -7 -20 -34 -30 -60 -10 -27 -29 -66 -42 -88 -14 -21 -42 -76
-63 -121 -21 -44 -50 -95 -64 -113 l-27 -31 -212 0 c-189 0 -213 2 -226 18
-25 29 -75 114 -94 162 -28 70 -33 80 -81 165 -25 44 -54 100 -65 125 -11 25
-27 59 -36 75 -9 17 -25 48 -36 70 -11 22 -24 48 -29 57 -5 10 -9 23 -9 30 0
7 -36 85 -80 174 -44 89 -80 167 -80 172 0 6 -9 16 -19 22 -25 13 -26 13 -38
-2z m35 -101 c6 -6 14 -26 18 -42 4 -17 10 -34 14 -40 19 -24 80 -152 80 -167
0 -18 91 -207 173 -360 20 -37 41 -75 46 -85 6 -10 27 -54 47 -98 21 -44 48
-97 61 -117 13 -21 23 -47 23 -57 0 -11 10 -29 22 -41 21 -19 34 -20 273 -20
211 0 254 2 273 16 12 8 22 24 22 34 0 11 16 48 35 82 19 35 47 88 61 118 32
67 36 76 76 148 53 97 188 367 188 376 0 5 17 45 39 90 21 44 41 91 45 102 4
12 15 29 26 39 19 17 20 17 25 -1 4 -11 28 -64 55 -119 27 -55 54 -118 61
-140 7 -22 29 -68 51 -103 21 -34 38 -65 38 -68 0 -9 42 -99 49 -104 4 -3 42
-75 85 -160 43 -85 86 -168 96 -185 36 -59 53 -126 46 -190 -3 -33 -6 -286 -6
-562 l-1 -503 -22 -4 c-12 -2 -71 -9 -132 -16 -60 -6 -148 -18 -195 -27 -47
-8 -119 -19 -160 -24 -41 -4 -115 -15 -165 -24 -49 -9 -128 -20 -175 -25 -47
-5 -101 -14 -120 -20 -19 -5 -48 -11 -65 -12 -19 -2 -31 -9 -33 -20 -3 -15 4
-18 50 -18 29 0 69 5 88 11 19 6 64 12 100 14 91 5 325 33 390 47 30 6 84 15
120 19 145 19 217 32 245 46 17 9 40 14 50 12 18 -4 20 -13 20 -86 l0 -83
-510 -5 c-280 -4 -514 -10 -519 -15 -6 -6 -4 -15 3 -24 10 -12 8 -16 -8 -21
-28 -9 -26 -23 4 -37 l24 -11 -24 -29 c-14 -16 -25 -34 -25 -39 0 -20 39 -47
59 -42 21 5 26 18 22 61 -2 30 20 37 61 18 47 -21 204 -64 318 -86 25 -5 70
-16 100 -25 79 -25 165 -45 245 -58 52 -9 71 -16 73 -29 4 -22 -32 -58 -58
-58 -11 0 -23 -8 -27 -17 -8 -23 -99 -117 -186 -193 l-68 -60 -492 4 c-271 3
-501 4 -512 4 -11 0 -120 -2 -243 -4 -205 -4 -226 -3 -267 15 -48 21 -213 184
-229 227 -7 15 -18 24 -32 24 -20 0 -84 62 -84 81 0 4 28 10 63 12 82 7 175
22 218 35 45 14 123 32 184 42 99 15 221 41 265 56 62 19 90 18 90 -4 0 -23
19 -42 42 -42 22 0 41 35 33 60 -5 17 -1 21 24 26 22 5 31 12 31 26 0 18 -4
20 -47 13 -27 -4 -55 -11 -63 -15 -8 -4 -49 -11 -90 -14 -76 -7 -174 -26 -265
-51 -89 -25 -98 -24 -107 11 -10 40 -42 50 -68 21 -22 -23 -25 -33 -10 -42 6
-3 10 -12 10 -20 0 -13 -12 -16 -160 -35 -47 -6 -104 -20 -126 -32 -46 -22
-51 -21 -105 27 -48 43 -69 78 -75 127 -8 66 1 72 82 59 41 -6 257 -10 525
-10 251 -1 464 -3 472 -7 25 -9 32 18 9 36 l-21 17 25 11 c27 13 29 21 11 46
-10 13 -31 19 -83 23 -38 2 -81 9 -95 14 -14 6 -66 14 -115 19 -82 8 -135 16
-269 40 -53 9 -198 29 -405 57 -69 9 -128 21 -132 27 -12 17 -8 77 6 119 8 20
10 40 5 43 -5 3 -9 219 -9 490 0 423 2 492 16 537 10 29 23 59 29 67 7 8 34
58 60 110 26 52 60 120 75 150 66 128 82 160 130 257 27 56 50 108 50 115 0 7
17 49 39 93 44 93 67 143 75 168 6 20 19 22 34 4z m-481 -2208 c12 -12 117
-32 250 -48 39 -5 87 -14 105 -20 18 -5 125 -19 238 -31 113 -11 224 -25 248
-30 23 -6 65 -10 93 -10 57 0 89 -13 89 -37 0 -13 -13 -15 -102 -9 -57 3 -290
9 -518 12 -228 3 -420 7 -427 9 -19 6 -14 175 6 175 4 0 12 -5 18 -11z m2501
-228 c10 -65 -9 -113 -65 -173 -57 -59 -70 -65 -101 -49 -34 18 -108 39 -157
45 -27 4 -69 12 -92 18 -39 11 -42 14 -41 45 1 19 -3 38 -9 44 -17 17 -47 6
-61 -24 -15 -30 -42 -35 -83 -14 -14 8 -44 17 -68 21 -23 3 -50 10 -59 15 -14
7 -149 33 -226 44 -10 1 -25 11 -32 22 -13 20 -11 20 424 17 252 -2 459 1 487
6 68 13 79 11 83 -17z"/>
<path d="M1356 5078 c-21 -29 -20 -41 2 -61 24 -22 45 -21 66 2 22 24 12 67
-17 75 -33 9 -35 8 -51 -16z"/>
<path d="M2906 5074 c-18 -17 -18 -20 -10 -51 8 -30 50 -36 75 -10 23 25 23
27 3 55 -18 26 -46 28 -68 6z"/>
<path d="M1363 4583 c-16 -6 -17 -55 -1 -71 28 -28 78 -7 78 33 0 37 -36 55
-77 38z"/>
<path d="M2912 4582 c-7 -5 -14 -21 -15 -37 -1 -22 4 -32 25 -44 26 -15 29
-15 50 7 21 21 22 24 8 50 -16 28 -45 38 -68 24z"/>
<path d="M1850 4410 c0 -13 9 -24 25 -30 29 -11 30 -17 10 -44 -19 -25 -19
-62 0 -69 18 -8 55 38 55 69 0 13 7 27 16 32 9 5 14 18 12 33 -3 22 -8 24 -60
27 -53 3 -58 1 -58 -18z"/>
<path d="M2381 4394 c-21 -26 -28 -79 -13 -100 13 -21 52 -34 77 -28 31 8 45
32 45 78 0 70 -69 101 -109 50z m66 -50 c8 -20 -13 -42 -27 -28 -12 12 -3 44
11 44 5 0 12 -7 16 -16z"/>
<path d="M1595 4191 c-72 -28 -85 -34 -85 -41 0 -4 -10 -10 -22 -14 -13 -3
-35 -17 -50 -31 -15 -14 -39 -30 -53 -35 -18 -7 -25 -17 -25 -35 0 -33 84
-113 165 -156 52 -28 70 -33 135 -33 90 -1 136 20 224 101 76 70 75 86 -11
155 -104 83 -119 91 -192 94 -36 2 -75 0 -86 -5z m40 -175 c0 -65 -3 -119 -6
-122 -19 -12 -189 98 -189 122 0 36 145 130 185 120 6 -2 10 -52 10 -120z
m131 98 c47 -25 104 -78 104 -97 0 -14 -77 -80 -122 -104 -63 -34 -68 -27 -68
101 0 62 3 116 7 119 11 12 29 8 79 -19z"/>
<path d="M2604 4191 c-35 -15 -129 -78 -144 -96 -7 -9 -27 -23 -42 -31 -24
-13 -29 -21 -26 -47 2 -22 9 -33 25 -37 12 -3 31 -17 43 -32 29 -38 127 -95
176 -103 88 -14 205 29 289 107 17 15 33 28 38 28 4 0 7 17 7 38 0 34 -5 42
-47 74 -96 72 -159 100 -231 104 -37 2 -76 0 -88 -5z m54 -183 c-3 -112 -3
-113 -26 -110 -22 2 -133 80 -148 103 -19 31 38 91 125 130 49 22 52 14 49
-123z m185 77 c82 -52 74 -83 -41 -153 -89 -54 -92 -51 -92 82 0 83 3 116 13
119 17 6 65 -13 120 -48z"/>
<path d="M1360 3548 c-25 -27 -25 -40 -2 -61 23 -21 46 -22 66 -1 21 21 20 40
-4 64 -25 25 -34 25 -60 -2z"/>
<path d="M1877 3553 c-10 -9 -8 -55 2 -71 4 -8 18 -12 31 -10 56 8 58 88 2 88
-16 0 -32 -3 -35 -7z"/>
<path d="M2382 3536 c-14 -31 9 -66 43 -66 27 0 40 28 31 66 -9 34 -58 34 -74
0z"/>
<path d="M2905 3540 c-15 -17 -16 -24 -7 -45 16 -35 63 -35 82 0 12 22 11 27
-5 45 -23 25 -47 25 -70 0z"/>
<path d="M2122 3496 c-36 -34 -37 -35 -37 -114 0 -71 3 -83 28 -115 35 -46 70
-56 104 -30 47 34 65 80 61 156 -3 64 -6 71 -40 103 -46 43 -69 43 -116 0z"/>
<path d="M1873 2784 c-11 -28 11 -49 52 -50 30 0 40 -5 46 -22 6 -15 20 -23
49 -28 22 -4 43 -11 46 -15 3 -5 47 -9 99 -9 52 0 96 4 99 9 3 4 23 11 45 15
43 7 66 40 40 58 -24 15 -135 4 -158 -16 -20 -18 -24 -18 -71 9 -14 8 -51 15
-82 15 -47 0 -61 4 -82 25 -29 28 -73 33 -83 9z"/>
<path d="M2403 2793 c-32 -6 -48 -29 -33 -48 29 -35 107 -4 84 33 -12 18 -20
21 -51 15z"/>
<path d="M1882 5618 c-19 -19 -15 -66 6 -77 48 -26 90 31 51 70 -22 22 -40 24
-57 7z"/>
<path d="M2404 5620 c-26 -10 -34 -29 -23 -57 8 -23 50 -40 68 -28 15 9 14 68
-1 83 -14 14 -15 14 -44 2z"/>
<path d="M3427 5612 c-22 -24 -21 -34 3 -59 24 -27 57 -20 73 15 10 21 8 27
-12 43 -29 24 -43 24 -64 1z"/>
<path d="M1887 5088 c-17 -9 -22 -43 -11 -72 10 -26 63 -21 73 7 17 44 -24 87
-62 65z"/>
<path d="M3426 5084 c-21 -21 -20 -47 2 -67 24 -22 34 -21 60 3 19 18 20 24
11 43 -21 40 -47 47 -73 21z"/>
<path d="M835 5066 c-30 -45 20 -91 64 -59 23 16 28 52 9 71 -20 20 -56 14
-73 -12z"/>
<path d="M2379 5069 c-17 -34 3 -69 40 -69 33 0 47 25 37 66 -8 32 -60 34 -77
3z"/>
<path d="M3812 4894 c-36 -25 -44 -49 -32 -94 17 -64 80 -76 110 -20 17 32 12
88 -10 110 -24 24 -38 25 -68 4z m46 -66 c-2 -13 -7 -23 -13 -23 -5 0 -11 10
-13 23 -2 15 2 22 13 22 11 0 15 -7 13 -22z"/>
<path d="M3592 4605 c-38 -40 -41 -78 -5 -83 12 -2 25 -12 28 -23 9 -27 34
-24 45 6 13 35 -1 129 -20 133 -8 1 -30 -13 -48 -33z"/>
<path d="M8392 4600 c-36 -44 -39 -73 -7 -78 11 -3 24 -10 28 -18 11 -18 41
-18 57 1 12 14 11 23 -7 108 -8 38 -32 34 -71 -13z"/>
<path d="M699 4614 c-22 -6 -40 -50 -34 -80 3 -13 7 -35 10 -48 9 -46 76 -42
95 5 11 25 9 103 -2 114 -7 7 -54 13 -69 9z m39 -66 c-2 -13 -7 -23 -13 -23
-5 0 -11 10 -13 23 -2 15 2 22 13 22 11 0 15 -7 13 -22z"/>
<path d="M3547 3692 c-27 -29 -21 -45 12 -37 24 5 29 2 34 -16 6 -21 7 -21 32
-5 40 26 65 13 62 -32 -2 -34 1 -37 26 -40 l27 -3 0 65 c0 53 -3 67 -19 75
-13 7 -24 6 -37 -4 -25 -19 -48 -19 -64 0 -17 20 -53 19 -73 -3z"/>
<path d="M3537 3593 c-4 -3 -7 -12 -7 -20 0 -15 85 -19 95 -4 12 20 -70 43
-88 24z"/>
<path d="M8362 3364 c-34 -24 -28 -44 13 -44 25 0 35 -5 35 -15 0 -9 -16 -23
-35 -32 -39 -19 -45 -37 -16 -53 46 -24 103 2 72 33 -17 17 -13 34 9 40 27 7
25 38 -3 65 -28 26 -45 27 -75 6z"/>
<path d="M8503 3361 c-27 -22 -29 -34 -8 -51 8 -7 15 -27 15 -46 0 -36 10 -47
34 -38 23 9 22 105 -1 133 -18 20 -18 20 -40 2z"/>
<path d="M577 3042 c-21 -23 -22 -48 -2 -56 9 -3 15 -18 15 -40 0 -38 10 -49
34 -40 12 5 16 21 16 68 0 81 -26 109 -63 68z"/>
<path d="M680 3024 c-30 -79 18 -158 70 -116 25 21 35 77 21 115 -9 22 -17 27
-46 27 -29 0 -37 -5 -45 -26z m60 -50 c0 -45 -24 -42 -28 4 -2 24 1 32 12 32
12 0 16 -10 16 -36z"/>
<path d="M3500 2941 c0 -10 7 -21 15 -25 8 -3 15 -15 15 -26 0 -11 5 -20 10
-20 6 0 10 -5 10 -11 0 -8 -12 -10 -36 -6 -32 5 -35 4 -28 -16 9 -29 24 -37
54 -30 42 10 50 23 50 77 0 61 -12 76 -57 76 -26 0 -33 -4 -33 -19z"/>
<path d="M1153 2504 c-4 -10 1 -22 10 -29 11 -8 17 -26 17 -49 0 -24 5 -39 16
-43 27 -10 34 11 28 75 -7 60 -8 62 -36 62 -17 0 -31 -6 -35 -16z"/>
<path d="M3428 2496 c-10 -7 -18 -23 -18 -34 0 -26 41 -55 64 -46 25 10 31 51
11 74 -21 23 -33 24 -57 6z"/>
<path d="M835 2487 c-25 -19 -13 -63 19 -71 34 -8 55 2 63 32 6 27 -16 52 -47
52 -9 0 -24 -6 -35 -13z"/>
<path d="M1418 2340 c-22 -25 -23 -36 -3 -44 10 -3 15 -19 15 -46 0 -36 2 -40
25 -40 33 0 37 12 28 85 -7 49 -12 61 -28 63 -11 1 -28 -7 -37 -18z"/>
<path d="M1526 2339 c-14 -21 -14 -24 1 -42 11 -12 16 -31 14 -53 -2 -31 0
-34 24 -34 26 0 26 0 23 73 -3 65 -5 72 -25 75 -13 2 -27 -5 -37 -19z"/>
<path d="M2886 2338 c-20 -29 -6 -42 28 -27 31 14 44 6 26 -16 -17 -20 -7 -29
24 -21 29 7 41 37 26 66 -16 29 -83 28 -104 -2z"/>
<path d="M2887 2255 c-10 -7 -17 -22 -15 -32 6 -31 128 -30 128 1 0 15 -21 26
-51 26 -10 0 -19 5 -19 10 0 14 -22 12 -43 -5z"/>
<path d="M8337 2162 c-20 -22 -22 -42 -4 -42 12 0 57 -43 57 -55 0 -3 -13 -4
-30 0 -26 6 -30 4 -30 -14 0 -18 6 -21 43 -21 57 0 87 28 68 63 -7 13 -11 27
-10 33 2 5 0 19 -5 32 -9 28 -65 31 -89 4z"/>
<path d="M2143 1753 c-13 -34 2 -48 52 -50 28 -1 56 -2 63 -2 10 -1 12 -34 10
-148 l-3 -148 -40 3 c-66 4 -87 -5 -83 -36 l3 -27 152 -2 153 -2 6 24 c10 38
-3 47 -65 43 l-56 -3 0 150 0 150 57 -3 c55 -4 57 -3 64 23 3 14 3 29 -1 33
-3 4 -74 7 -157 7 -110 1 -152 -3 -155 -12z"/>
<path d="M4533 1531 c-29 -24 -29 -38 -2 -46 17 -6 20 -12 15 -37 -8 -39 9
-62 35 -48 15 9 18 18 13 58 -11 100 -18 109 -61 73z"/>
<path d="M8200 1493 c-55 -21 -32 -103 29 -103 36 0 51 17 51 57 0 43 -35 63
-80 46z"/>
<path d="M3952 1478 c-18 -18 -14 -56 8 -78 23 -23 29 -24 64 -10 30 11 42 49
26 79 -8 16 -20 21 -48 21 -21 0 -43 -5 -50 -12z"/>
<path d="M7407 1322 c-10 -10 -17 -24 -17 -30 0 -15 33 -15 47 -1 9 9 14 5 19
-15 8 -31 38 -35 54 -6 27 50 -64 95 -103 52z"/>
<path d="M4811 1251 c-9 -6 -12 -18 -7 -37 4 -16 10 -46 13 -66 4 -31 9 -38
28 -38 30 0 36 17 28 82 -7 64 -26 82 -62 59z"/>
<path d="M4914 1245 c-4 -9 -2 -33 4 -53 6 -20 14 -49 17 -64 3 -16 12 -28 20
-28 19 0 27 33 23 101 -3 51 -5 54 -31 57 -18 2 -29 -2 -33 -13z"/>
<path d="M7395 1226 c-34 -25 -12 -46 48 -46 73 0 96 23 44 45 -45 19 -68 19
-92 1z"/>
<path d="M6070 1095 c-10 -12 -9 -16 5 -21 19 -8 40 9 31 25 -10 15 -21 14
-36 -4z"/>
<path d="M6072 938 c7 -19 38 -22 38 -4 0 10 -9 16 -21 16 -12 0 -19 -5 -17
-12z"/>
<path d="M5869 533 c-24 -28 -2 -43 60 -43 l60 0 3 -137 c2 -76 0 -145 -4
-154 -6 -13 -18 -15 -55 -12 -52 5 -81 -12 -69 -42 5 -13 28 -15 158 -13 l153
3 0 25 c0 23 -3 25 -50 25 -27 0 -55 3 -60 7 -6 4 -10 63 -10 150 l0 143 63 3
c62 3 63 3 60 30 l-3 27 -148 1 c-110 0 -150 -3 -158 -13z"/>
<path d="M6291 531 c-16 -31 -1 -41 60 -41 32 0 59 -4 60 -10 4 -56 1 -279 -5
-288 -4 -8 -23 -9 -53 -5 -37 5 -48 3 -59 -11 -29 -40 -11 -46 152 -46 129 0
156 3 160 15 11 29 -17 48 -62 42 -23 -2 -48 -1 -54 3 -10 6 -17 179 -11 288
1 8 20 12 61 12 46 0 62 4 67 16 12 32 -15 39 -163 40 -124 1 -146 -1 -153
-15z"/>
</g>
</svg>
