<?xml version="1.0" encoding="UTF-8" standalone="no"?>
<svg
   xmlns:dc="http://purl.org/dc/elements/1.1/"
   xmlns:cc="http://creativecommons.org/ns#"
   xmlns:rdf="http://www.w3.org/1999/02/22-rdf-syntax-ns#"
   xmlns:svg="http://www.w3.org/2000/svg"
   xmlns="http://www.w3.org/2000/svg"
   xmlns:sodipodi="http://sodipodi.sourceforge.net/DTD/sodipodi-0.dtd"
   xmlns:inkscape="http://www.inkscape.org/namespaces/inkscape"
   version="1.0"
   width="900.000000pt"
   height="474.000000pt"
   viewBox="0 0 900.000000 474.000000"
   preserveAspectRatio="xMidYMid meet"
   id="svg3567"
   inkscape:version="0.48.4 r9939"
   sodipodi:docname="9a.svg">
  <defs
     id="defs3603" />
  <sodipodi:namedview
     pagecolor="#ffffff"
     bordercolor="#666666"
     borderopacity="1"
     objecttolerance="10"
     gridtolerance="10"
     guidetolerance="10"
     inkscape:pageopacity="0"
     inkscape:pageshadow="2"
     inkscape:window-width="1600"
     inkscape:window-height="824"
     id="namedview3601"
     showgrid="false"
     inkscape:zoom="1.1265971"
     inkscape:cx="594.53327"
     inkscape:cy="344.22688"
     inkscape:window-x="0"
     inkscape:window-y="24"
     inkscape:window-maximized="1"
     inkscape:current-layer="svg3567" />
  <metadata
     id="metadata3569">
Created by potrace 1.10, written by Peter Selinger 2001-2011
<rdf:RDF>
  <cc:Work
     rdf:about="">
    <dc:format>image/svg+xml</dc:format>
    <dc:type
       rdf:resource="http://purl.org/dc/dcmitype/StillImage" />
  </cc:Work>
</rdf:RDF>
</metadata>
  <g
     transform="translate(0.000000,474.000000) scale(0.100000,-0.100000)"
     fill="#000000"
     stroke="none"
     id="g3571">
    <path
       d="M284 4669 c-3 -6 -5 -732 -3 -1612 3 -1565 2 -1603 -16 -1640 -19 -39 -19 -39 0 -53 19 -14 20 -25 16 -225 -2 -154 0 -213 9 -224 10 -13 255 -14 1877 -14 1259 0 1872 3 1885 10 18 10 19 43 19 1642 -1 2212 0 2110 -14 2119 -20 13 -3765 10 -3773 -3z m481 -243 l0 -200 -208 1 c-114 0 -210 2 -212 5 -3 3 -7 289 -5 370 0 23 21 26 235 24 l190 -1 0 -199z m456 192 c1 -7 1 -78 0 -158 -2 -110 2 -151 13 -172 13 -24 12 -28 -9 -48 -13 -12 -34 -21 -47 -21 -13 1 -96 3 -186 5 -89 2 -165 5 -168 9 -8 8 -8 372 0 386 11 17 396 15 397 -1z m458 -1 c8 -10 8 -30 0 -73 -13 -67 -5 -233 11 -265 9 -15 8 -24 -1 -35 -18 -22 -401 -21 -419 1 -10 13 -10 21 -1 43 9 19 12 72 10 172 -2 80 0 151 4 158 12 18 380 17 396 -1z m456 -3 c10 -10 13 -23 9 -33 -5 -9 -10 -66 -12 -126 -3 -81 0 -122 12 -155 24 -70 23 -70 -209 -70 -231 0 -222 -4 -203 83 7 32 9 99 5 178 -4 70 -3 129 0 133 4 3 91 6 194 6 160 0 190 -2 204 -16z m457 -124 c-2 -75 1 -156 7 -182 19 -81 25 -78 -204 -78 -170 0 -205 2 -215 15 -10 12 -10 21 -1 41 17 38 24 181 12 253 -8 47 -7 68 1 78 8 11 53 13 207 11 l196 -3 -3 -135z m455 128 c4 -7 6 -80 4 -163 -2 -120 1 -154 12 -170 11 -14 12 -25 6 -37 -9 -16 -29 -18 -214 -18 -183 0 -205 2 -214 17 -6 12 -5 24 2 38 8 13 12 77 13 175 1 85 2 158 3 163 0 4 86 7 190 7 141 0 192 -3 198 -12z m462 -2 c8 -10 8 -27 0 -67 -13 -62 -7 -245 9 -261 6 -6 18 -8 27 -4 14 5 16 26 14 167 -1 91 2 164 8 170 6 6 92 8 209 7 l199 -3 2 -154 c0 -85 4 -167 7 -183 12 -58 13 -58 -213 -58 -146 0 -210 3 -219 12 -9 9 -17 9 -34 0 -16 -9 -80 -12 -218 -10 l-194 3 2 181 c1 100 2 189 2 198 0 14 22 16 194 16 152 0 196 -3 205 -14z m521 -353 c0 -20 -3 -24 -11 -16 -7 7 -9 19 -6 27 10 24 17 19 17 -11z m-2850 -101 c0 -10 -9 -42 -20 -72 -12 -30 -39 -111 -62 -180 -41 -125 -74 -183 -89 -158 -5 8 -42 15 -100 18 l-91 5 0 188 c0 104 3 191 7 195 4 4 61 6 128 5 75 -2 139 2 167 10 51 15 60 13 60 -11z m-415 -193 l0 -194 -185 -5 c-108 -3 -196 -1 -212 5 l-28 9 -2 168 c-1 92 -2 176 -2 185 -1 25 25 28 237 27 l192 -2 0 -193z m929 170 c6 -5 4 -19 -4 -36 -10 -20 -14 -72 -14 -178 l-1 -150 -200 0 -200 0 2 40 c2 22 0 74 -4 115 l-6 75 -14 -45 c-8 -25 -15 -73 -17 -108 -3 -63 -23 -102 -53 -102 -21 0 -15 -14 14 -30 l26 -15 -1 -194 c0 -106 -4 -197 -9 -201 -10 -9 -222 -19 -228 -11 -2 4 23 85 56 181 32 96 59 182 59 191 0 9 9 28 20 42 11 14 20 35 20 48 0 27 16 83 36 122 8 16 14 39 14 52 0 12 7 28 15 35 8 7 15 19 15 26 0 8 9 22 20 31 15 13 20 30 20 63 0 25 4 50 9 56 12 12 412 6 425 -7z m2280 5 c4 -9 0 -27 -9 -40 -8 -13 -15 -28 -15 -35 0 -6 -6 -25 -13 -42 -20 -46 -38 -98 -46 -132 -4 -17 -13 -40 -19 -52 -7 -12 -12 -31 -12 -42 0 -11 -9 -26 -20 -34 -14 -10 -20 -25 -19 -48 1 -34 -119 -401 -137 -419 -15 -15 -114 0 -122 19 -4 9 -5 99 -2 201 l5 185 105 5 c109 6 130 12 130 35 0 19 -27 25 -140 28 l-95 2 -2 153 c-2 164 -11 198 -42 167 -13 -13 -16 -42 -16 -168 l0 -152 -190 -5 c-104 -3 -193 -3 -196 0 -4 3 -9 89 -11 192 l-4 188 394 0 c217 -1 397 2 400 5 13 13 70 4 76 -11z m-1820 -3 c3 -5 -1 -28 -10 -52 -12 -34 -15 -75 -12 -179 l3 -135 -200 0 -200 0 3 115 c2 63 -1 144 -7 179 -6 35 -8 68 -5 72 7 12 421 11 428 0z m448 -26 c-2 -16 -4 -100 -6 -185 l-2 -155 -200 0 -199 0 0 140 c-1 87 -6 154 -14 177 -7 21 -10 42 -6 48 4 7 80 9 218 8 l212 -3 -3 -30z m459 5 c-2 -14 -5 -97 -6 -185 l-3 -160 -198 0 -199 0 0 150 c0 106 -4 157 -13 173 -11 18 -11 26 -1 38 10 12 47 14 218 12 l206 -3 -4 -25z m973 -240 c-6 -86 -9 -100 -20 -86 -11 16 -14 14 -30 -19 -12 -25 -14 -43 -8 -58 9 -22 3 -401 -6 -410 -9 -8 -169 -14 -180 -7 -7 4 8 63 45 173 30 92 55 172 55 179 0 7 7 27 16 43 15 28 21 47 40 130 4 17 14 39 24 50 10 11 21 36 25 55 10 49 25 74 36 63 5 -5 6 -53 3 -113z m-3011 -164 c3 -7 -12 -65 -33 -127 -21 -63 -51 -153 -65 -201 -23 -76 -30 -89 -52 -94 -56 -14 -58 -5 -56 211 1 139 5 200 13 205 7 4 31 5 53 3 23 -3 58 0 77 5 49 14 57 14 63 -2z m-261 -14 c5 -5 7 -96 6 -202 l-3 -194 -190 -2 c-104 0 -195 3 -202 8 -7 6 -16 7 -22 4 -15 -10 -16 10 -13 200 l3 180 26 10 c33 11 383 8 395 -4z m905 5 c5 -3 8 -94 8 -204 l-1 -198 -193 0 c-106 0 -195 4 -198 8 -6 11 -6 384 0 395 5 7 371 7 384 -1z m466 -194 c0 -105 -3 -194 -6 -199 -3 -5 -92 -9 -198 -9 l-193 0 1 200 0 200 184 5 c101 3 190 2 198 -1 11 -5 14 -44 14 -196z m875 194 l44 -2 0 -193 c0 -107 -3 -196 -7 -200 -11 -12 -385 -9 -386 3 -5 52 -3 382 2 390 6 9 203 10 347 2z m487 -1 c12 -4 13 -382 1 -393 -4 -4 -92 -8 -196 -8 l-190 -1 0 201 c0 111 2 204 4 206 5 5 366 0 381 -5z m-903 -193 c0 -106 -1 -197 -1 -201 -1 -5 -89 -8 -197 -8 -160 1 -197 4 -204 16 -6 8 -7 22 -3 30 4 8 8 89 9 180 0 91 2 168 3 173 0 4 89 6 198 5 l196 -3 -1 -192z m-1826 -266 c4 -4 7 -35 6 -70 -1 -34 2 -78 7 -99 10 -44 -11 -179 -35 -215 -15 -23 -20 -24 -57 -17 -23 5 -100 9 -172 9 -72 0 -136 4 -142 8 -7 5 -17 5 -23 2 -5 -3 -10 -3 -10 2 0 4 -1 91 -1 193 l-1 185 23 6 c35 8 396 5 405 -4z m114 1 c0 -17 -29 -100 -40 -113 -4 -5 -11 -25 -15 -42 -7 -35 -19 -43 -28 -19 -6 15 1 149 9 174 2 6 19 12 39 12 21 0 35 -5 35 -12z m332 7 c10 -4 13 -45 11 -196 -1 -105 -4 -194 -8 -197 -3 -3 -74 -6 -158 -7 -97 -1 -163 -5 -181 -13 -32 -14 -50 -2 -42 28 10 35 30 87 42 112 8 14 14 35 14 45 0 10 6 27 14 38 7 11 16 34 18 50 5 27 14 56 39 123 8 21 13 22 123 22 63 0 120 -2 128 -5z m471 -5 c3 -3 0 -32 -5 -65 -5 -33 -8 -116 -5 -185 3 -69 3 -129 1 -135 -4 -10 -379 -13 -390 -3 -9 9 -9 388 0 391 15 5 394 2 399 -3z m454 -3 c8 -5 9 -16 2 -40 -6 -17 -9 -100 -7 -184 2 -83 0 -155 -4 -159 -8 -8 -388 -12 -389 -4 -2 14 -4 392 -2 394 7 6 390 0 400 -7z m456 -185 c0 -106 -3 -195 -6 -199 -13 -12 -380 -9 -392 4 -9 8 -10 27 -3 70 10 57 5 247 -8 290 -8 28 -6 28 220 28 l190 0 -1 -193z m457 189 c7 -1 2 -382 -5 -389 -10 -10 -385 -7 -388 3 -2 6 -2 69 1 140 2 72 0 153 -5 182 -6 29 -6 56 -1 61 6 6 374 10 398 3z m460 0 c3 0 3 -55 1 -122 -2 -77 1 -125 8 -132 18 -18 32 42 34 148 1 57 6 103 12 107 15 11 103 9 110 -2 3 -5 0 -22 -8 -37 -16 -32 -35 -85 -46 -128 -4 -17 -13 -40 -19 -52 -7 -12 -12 -30 -12 -41 0 -11 -6 -25 -13 -31 -8 -6 -19 -28 -25 -49 -20 -65 -39 -75 -113 -62 -36 7 -121 10 -194 9 l-130 -4 -5 195 c-3 107 -4 198 -3 201 2 4 383 5 403 0z m468 -176 c1 -99 0 -191 -3 -204 -6 -23 -7 -23 -94 -16 -54 4 -118 2 -165 -5 -43 -6 -80 -9 -84 -6 -5 6 17 76 81 261 14 39 28 83 32 100 12 53 19 56 129 53 l101 -3 3 -180z m-2934 -272 c93 -2 171 -5 173 -7 7 -6 6 -386 0 -392 -7 -7 -385 -7 -396 0 -14 9 -24 336 -11 371 13 35 30 47 50 38 8 -4 91 -9 184 -10z m2767 1 c80 0 151 -4 158 -8 15 -10 16 -382 0 -392 -14 -8 -389 -8 -411 1 -9 4 -28 -1 -42 -11 l-26 -17 20 -35 c12 -19 18 -42 14 -51 -12 -31 -21 -217 -13 -276 9 -68 5 -74 -56 -75 -22 0 -58 -5 -80 -10 -42 -10 -60 1 -49 30 4 8 31 89 62 180 30 91 63 181 72 200 10 19 18 47 18 62 0 15 14 49 31 76 17 27 31 56 31 64 0 9 9 51 21 94 11 44 24 94 29 112 11 44 39 75 59 65 9 -4 82 -8 162 -9z m-3091 -13 c0 -20 -109 -352 -125 -381 -10 -17 -21 -24 -37 -22 -13 2 -54 5 -93 6 -38 2 -82 7 -97 11 l-27 7 -3 176 c-2 98 -2 182 0 188 6 22 60 29 219 29 133 0 163 -2 163 -14z m948 5 c9 -10 8 -387 -1 -393 -9 -6 -377 -6 -383 0 -10 9 -6 390 4 396 13 8 372 5 380 -3z m451 5 c11 -7 14 -48 14 -200 0 -105 -3 -194 -6 -197 -6 -7 -373 -7 -384 -1 -5 3 -8 92 -7 199 l1 193 179 5 c98 3 181 7 184 8 3 1 11 -2 19 -7z m929 -6 c6 -5 5 -386 -1 -391 -6 -6 -374 -7 -384 -1 -9 6 -10 378 -1 393 6 8 378 8 386 -1z m467 4 c5 -6 -78 -280 -96 -311 -5 -10 -9 -27 -9 -37 0 -11 -10 -32 -23 -47 -22 -25 -25 -26 -61 -14 -22 7 -72 11 -124 8 l-87 -3 -3 195 c-1 107 -1 199 2 205 4 11 390 14 401 4z m-922 -197 c0 -105 -2 -194 -4 -197 -3 -2 -90 -5 -194 -6 -219 -2 -219 -2 -203 79 5 26 7 106 4 178 -4 72 -3 134 1 137 4 4 94 6 202 5 l194 -3 0 -193z m-1816 -78 c-3 -70 -9 -120 -17 -129 -14 -17 -65 -20 -75 -5 -5 8 32 137 70 248 3 7 10 10 16 6 7 -4 9 -43 6 -120z m-19 -177 c9 -7 12 -61 12 -207 l0 -198 -97 -5 c-54 -3 -107 -7 -118 -9 -17 -2 -20 2 -19 27 2 30 25 105 44 137 6 10 10 26 10 36 0 10 7 27 15 38 8 10 15 30 15 44 0 14 7 36 15 50 8 14 14 34 15 44 0 33 39 67 69 59 14 -3 32 -10 39 -16z m2612 -12 c0 -13 -4 -27 -10 -30 -5 -3 -10 -16 -10 -29 0 -12 -7 -31 -15 -42 -8 -10 -15 -27 -15 -36 0 -10 -6 -32 -14 -50 -19 -45 -35 -94 -50 -151 -8 -27 -18 -53 -25 -60 -14 -14 -103 -10 -116 6 -6 8 -8 84 -5 207 l5 195 85 -3 c59 -3 96 1 120 11 41 18 50 14 50 -18z m-2805 -17 c-4 -24 -14 -55 -21 -70 -8 -15 -14 -32 -14 -38 0 -7 -6 -26 -14 -43 -8 -18 -28 -78 -45 -134 -19 -60 -38 -104 -48 -107 -11 -5 -14 -14 -9 -41 5 -26 0 -51 -19 -97 -15 -35 -33 -85 -40 -112 -8 -26 -16 -51 -20 -54 -3 -3 -4 55 -3 129 3 117 5 134 19 131 9 -1 22 5 29 13 16 19 -3 45 -33 45 -18 0 -19 4 -13 61 3 34 6 122 6 195 0 126 1 134 19 134 11 0 23 4 26 10 3 5 25 7 48 4 23 -3 56 -1 72 5 61 19 68 16 60 -31z m410 16 c55 -3 128 -1 162 4 34 5 67 5 74 2 7 -5 11 -69 11 -201 l0 -194 -202 0 -202 0 0 187 c-1 195 6 227 41 213 9 -4 61 -9 116 -11z m495 -3 c41 0 100 4 130 9 33 4 59 4 65 -2 6 -5 10 -79 10 -181 0 -95 4 -180 8 -189 15 -29 -20 -33 -217 -28 l-189 5 2 189 c0 110 5 194 11 201 7 8 24 10 57 4 27 -4 82 -8 123 -8z m651 3 c10 -12 13 -60 14 -182 0 -92 3 -176 5 -187 5 -19 -1 -20 -200 -23 l-205 -2 1 197 0 198 135 -3 c74 -2 154 1 179 6 25 6 48 10 51 11 4 1 13 -6 20 -15z m751 1 c91 0 170 -3 174 -7 3 -4 6 -82 5 -173 -2 -118 1 -171 10 -181 6 -8 9 -18 5 -22 -4 -4 -94 -9 -199 -12 -224 -6 -231 -4 -215 63 6 23 8 103 5 178 -5 142 1 177 31 163 10 -5 92 -8 184 -9z m987 3 c62 7 99 8 107 1 8 -7 12 -67 12 -204 0 -166 -3 -194 -16 -197 -8 -2 -102 -1 -209 2 l-195 5 0 194 c0 123 4 196 11 200 5 4 52 2 102 -3 63 -6 123 -6 188 2z m-1264 -183 c0 -99 2 -187 5 -195 4 -13 -23 -15 -205 -15 l-210 0 4 25 c2 14 4 99 4 190 0 91 4 167 8 170 4 3 95 5 201 5 l192 0 1 -180z m-1910 -275 l83 0 0 -203 c1 -111 -2 -207 -6 -214 -5 -7 -52 -10 -137 -9 -71 0 -156 -2 -187 -7 -55 -7 -58 -6 -64 17 -4 16 4 48 19 88 27 67 87 246 87 258 0 4 7 24 16 45 15 37 16 37 61 31 25 -3 83 -6 128 -6z m2522 -5 c3 -9 -11 -65 -31 -124 -20 -59 -36 -115 -36 -125 0 -9 -8 -24 -18 -34 -9 -9 -23 -35 -29 -57 -25 -83 -17 -80 -237 -80 -229 0 -223 -3 -205 107 6 35 9 119 7 188 l-3 125 199 0 199 0 1 -132 c1 -89 5 -136 13 -144 21 -21 32 31 34 154 2 61 7 118 12 125 14 18 86 16 94 -3z m291 -1 c18 -4 22 -9 16 -22 -5 -9 -9 -94 -9 -189 0 -94 -3 -174 -6 -178 -4 -3 -67 -8 -140 -10 -74 -2 -145 -5 -159 -7 -21 -2 -25 1 -24 22 1 14 17 68 36 120 20 52 46 131 58 175 13 44 27 85 33 92 8 12 133 10 195 -3z m-2275 -202 c1 -121 -2 -206 -7 -210 -14 -8 -379 -9 -391 -1 -7 5 -12 362 -5 417 0 1 90 1 201 0 l200 -3 2 -203z m453 200 c8 -5 9 -22 3 -57 -11 -72 -11 -188 2 -261 18 -102 24 -99 -200 -99 -105 1 -194 4 -197 8 -5 5 -9 379 -4 415 0 6 386 1 396 -6z m462 0 c10 -7 10 -15 2 -36 -13 -36 -13 -250 1 -299 8 -30 7 -43 -4 -60 -14 -21 -20 -22 -203 -21 -185 0 -189 1 -200 23 -8 15 -8 37 -1 74 5 29 7 111 4 184 -3 72 -3 134 1 137 9 9 385 7 400 -2z m454 -137 c-2 -81 1 -161 7 -189 9 -39 9 -53 -2 -70 -14 -20 -21 -21 -206 -20 -216 0 -216 0 -206 69 14 105 16 206 7 270 -9 53 -9 71 1 77 7 4 100 7 207 5 l195 -2 -3 -140z m1386 -51 c2 -146 -1 -193 -10 -201 -8 -5 -92 -7 -208 -4 l-195 6 -5 188 c-3 115 -1 192 5 198 5 5 90 8 210 7 l200 -3 3 -191z m-623 -260 c77 -1 142 -3 145 -3 8 -1 5 -389 -2 -397 -4 -3 -92 -6 -195 -6 l-188 0 -6 163 c-5 150 -4 165 13 181 10 9 18 26 18 37 0 24 36 44 60 34 8 -4 78 -7 155 -9z m623 -194 c1 -122 -1 -197 -8 -204 -11 -11 -382 -12 -400 -1 -10 6 -15 387 -6 396 2 2 96 4 208 4 l203 -1 3 -194z m-3210 125 c10 -9 2 -318 -8 -329 -10 -10 -372 -12 -389 -2 -6 4 -15 4 -21 1 -5 -3 -10 -3 -10 2 0 4 -2 81 -4 170 l-3 162 26 3 c49 6 402 0 409 -7z m492 3 c14 0 114 1 224 2 125 1 202 -2 209 -9 7 -7 6 -20 -3 -42 -13 -32 -19 -150 -11 -237 3 -23 2 -45 -2 -48 -8 -8 -386 -8 -394 0 -4 4 -6 64 -5 134 2 90 -2 134 -11 150 -13 22 -14 22 -28 6 -10 -13 -14 -51 -15 -151 0 -73 -3 -136 -7 -139 -8 -8 -386 -8 -394 0 -4 3 -7 66 -8 139 -1 72 -5 144 -10 159 -6 23 -4 29 13 35 12 5 110 6 219 5 109 -2 209 -4 223 -4z m892 -6 c6 -6 3 -30 -8 -62 -14 -42 -16 -72 -11 -155 5 -72 3 -106 -4 -111 -15 -9 -373 -9 -388 0 -8 5 -10 33 -5 95 4 54 2 114 -5 157 -10 57 -10 70 2 79 17 13 406 10 419 -3z m450 0 c6 -6 5 -34 -3 -77 -7 -42 -9 -102 -5 -156 5 -62 3 -90 -5 -95 -16 -9 -373 -9 -389 1 -9 6 -11 28 -7 84 6 71 -2 163 -19 218 -5 17 -1 25 14 30 30 11 402 7 414 -5z m460 0 c7 -7 6 -22 -2 -46 -7 -22 -10 -82 -9 -156 2 -65 0 -122 -3 -126 -4 -3 -93 -7 -197 -8 -155 -1 -192 2 -196 13 -3 8 -3 53 0 100 6 77 0 132 -20 198 -6 18 -2 25 13 30 30 12 403 6 414 -5z m436 -377 c7 -3 10 -9 7 -15 -8 -13 -382 -14 -390 0 -3 6 -4 13 -2 18 5 7 362 5 385 -3z m-2738 -10 c0 -10 -353 -20 -378 -10 -7 3 -10 9 -7 15 9 14 385 9 385 -5z m464 6 c11 -17 -27 -21 -204 -21 -98 0 -185 3 -194 6 -44 17 14 24 194 24 109 0 201 -4 204 -9z m449 -6 c-4 -16 -385 -13 -391 3 -3 10 38 12 195 10 126 -2 197 -7 196 -13z m461 6 c11 -17 -27 -21 -209 -21 -167 0 -207 5 -188 24 10 10 391 7 397 -3z m456 -6 c0 -6 -68 -11 -177 -13 -182 -3 -223 1 -223 18 0 7 71 9 200 8 125 -2 200 -7 200 -13z m458 3 c-4 -10 -52 -14 -189 -16 -186 -3 -215 0 -204 18 10 16 398 13 393 -2z m926 3 c11 -17 -27 -21 -214 -21 -172 0 -212 5 -193 24 10 10 401 7 407 -3z"
       id="path3573" />
    <path
       d="M4977 4673 c-4 -3 -7 -851 -7 -1884 l0 -1879 23 -5 c12 -3 868 -4 1902 -3 l1880 3 3 1888 2 1887 -1898 0 c-1044 0 -1902 -3 -1905 -7z m45 -510 c-1 -251 -4 -459 -7 -461 -3 -3 -5 205 -5 463 0 258 3 465 7 462 3 -4 5 -213 5 -464z m454 277 c1 -102 0 -192 -2 -200 -3 -13 -33 -15 -199 -14 -107 0 -198 4 -202 8 -8 8 -13 375 -6 389 3 4 95 6 206 5 l202 -3 1 -185z m455 178 c3 -65 -1 -381 -5 -386 -8 -7 -385 -7 -392 1 -9 9 -9 371 0 386 11 17 396 16 397 -1z m450 0 c0 -7 1 -85 2 -173 1 -88 5 -167 9 -175 19 -38 -3 -42 -202 -44 -105 -1 -194 2 -196 6 -8 13 -8 374 0 387 11 17 386 15 387 -1z m468 -6 c6 -12 6 -34 -1 -63 -6 -26 -7 -85 -3 -144 3 -55 7 -116 8 -135 l2 -35 -206 -3 c-179 -2 -208 0 -220 14 -10 13 -10 19 0 36 9 15 12 63 10 172 -1 84 1 157 5 164 5 9 61 12 201 12 177 0 195 -2 204 -18z m453 -137 c-3 -95 0 -161 7 -179 6 -16 9 -37 6 -47 -6 -18 -20 -19 -210 -19 -181 0 -205 2 -214 17 -6 11 -5 26 1 42 5 15 8 91 7 171 -2 80 1 151 5 158 6 9 57 12 204 10 l197 -3 -3 -150z m455 -15 c1 -91 3 -178 5 -195 l3 -30 -201 -3 c-175 -2 -203 0 -215 14 -10 12 -10 20 -1 35 18 28 26 193 14 259 -17 93 -22 91 201 88 l192 -3 2 -165z m459 159 c8 -13 8 -378 1 -386 -8 -8 -397 -9 -410 -1 -8 5 -7 17 1 46 15 48 16 251 2 287 -7 18 -7 33 0 46 10 18 23 19 205 19 133 0 196 -4 201 -11z m460 0 c8 -14 8 -378 0 -386 -3 -3 -95 -6 -203 -6 l-198 0 -3 188 c-1 104 0 195 2 202 7 17 391 19 402 2z m64 -9 c1 -5 1 -86 1 -180 0 -233 1 -216 -12 -203 -9 9 -15 261 -9 386 0 11 20 8 20 -3z m-2457 -445 c4 -8 -2 -58 -12 -112 -10 -54 -24 -138 -31 -187 -13 -87 -31 -123 -53 -109 -7 4 -54 10 -105 13 l-94 5 0 187 c0 103 3 191 6 196 3 6 42 8 88 5 46 -3 101 0 123 5 58 14 72 14 78 -3z m1774 -3 c84 1 155 -1 159 -4 8 -9 7 -364 -1 -378 -7 -11 -371 -15 -398 -4 -12 4 -13 22 -9 94 2 49 2 97 -2 107 -7 17 -8 17 -22 -1 -9 -14 -14 -47 -14 -106 0 -62 -4 -92 -16 -108 -13 -18 -13 -26 -3 -38 9 -11 11 -67 10 -212 -1 -108 -5 -200 -9 -204 -4 -3 -32 -8 -62 -10 l-55 -3 4 69 c1 38 9 90 17 115 8 25 14 64 14 86 1 22 8 67 16 100 9 33 17 83 19 110 5 111 38 263 60 280 8 5 15 30 17 55 4 55 29 72 86 59 20 -5 105 -8 189 -7z m-2582 -193 l0 -194 -205 0 -205 0 -1 190 c0 105 3 192 7 195 4 3 96 4 206 4 l198 -2 0 -193z m452 188 c4 -4 7 -296 3 -380 0 -4 -91 -6 -202 -5 l-201 3 0 187 c1 102 3 190 6 195 6 9 385 9 394 0z m2750 0 c7 -8 6 -364 -2 -377 -4 -6 -83 -10 -206 -10 l-199 0 0 193 c0 107 2 196 4 198 7 6 396 2 403 -4z m65 -199 c-2 -104 -7 -188 -12 -188 -12 0 -17 372 -6 388 18 25 21 -11 18 -200z m-1064 193 c11 -6 11 -17 2 -50 -15 -57 -41 -204 -47 -266 -3 -27 -12 -58 -20 -67 -11 -12 -13 -28 -9 -52 4 -20 0 -62 -8 -98 -8 -35 -17 -93 -21 -131 -4 -37 -11 -70 -16 -73 -5 -3 -9 -27 -9 -53 0 -27 -6 -53 -12 -59 -8 -6 -43 -8 -93 -4 l-80 7 0 198 c0 125 3 201 10 205 5 3 42 5 80 3 77 -3 125 10 125 34 0 19 -26 24 -130 27 l-85 3 0 150 c0 105 -4 157 -13 173 -26 46 -14 51 135 55 76 1 147 4 158 5 11 1 26 -2 33 -7z m-824 -48 c-5 -27 -9 -111 -9 -188 l0 -140 -205 0 -205 0 4 112 c3 115 -4 193 -19 193 -18 0 -30 -78 -30 -189 0 -92 -3 -118 -16 -133 -14 -15 -15 -20 -3 -34 10 -12 13 -62 11 -216 -1 -111 -3 -202 -4 -203 -2 -2 -34 -4 -73 -6 l-70 -4 1 40 c0 22 5 60 12 85 14 57 33 170 39 235 3 28 12 57 20 66 10 12 12 28 8 52 -4 19 0 72 8 118 9 46 18 111 22 144 3 33 8 72 11 88 l6 27 250 0 251 0 -9 -47z m457 12 c-1 -16 -4 -100 -6 -185 l-2 -155 -197 -3 c-152 -2 -197 0 -201 10 -2 7 -5 93 -8 191 l-4 177 211 -2 211 -3 -4 -30z m-1105 -400 c3 -8 -1 -56 -11 -107 -9 -51 -21 -131 -27 -178 -6 -47 -17 -97 -24 -112 -13 -25 -16 -26 -76 -21 -35 3 -67 9 -72 14 -10 9 -11 387 -1 397 4 4 34 5 68 4 34 -2 73 1 87 7 36 14 50 13 56 -4z m-741 -9 c8 -3 13 -349 6 -394 -1 -10 -387 -9 -397 1 -5 4 -9 94 -9 199 -1 171 1 191 16 197 17 6 365 4 384 -3z m2748 -5 c9 -9 12 -375 4 -389 -3 -4 -95 -7 -204 -7 l-198 0 3 145 c2 80 -1 166 -6 192 -14 73 -13 73 205 70 103 -2 192 -7 196 -11z m464 6 c6 -7 6 -385 -1 -395 -3 -5 -94 -8 -203 -8 l-198 1 -3 195 c-1 107 -1 199 2 205 3 10 393 12 403 2z m-2747 -9 c3 -92 0 -380 -4 -386 -6 -10 -381 -10 -391 0 -5 5 -10 346 -6 391 1 4 91 7 201 7 153 0 200 -3 200 -12z m914 -186 c1 -119 -3 -196 -9 -200 -15 -10 -385 -10 -391 0 -4 6 -7 327 -4 391 0 4 91 6 202 5 l202 -3 0 -193z m458 1 c0 -105 -2 -195 -5 -200 -7 -10 -382 -12 -392 -1 -5 5 -8 261 -5 391 0 4 91 6 201 5 l201 -3 0 -192z m1440 12 c3 -185 -1 -241 -15 -218 -6 9 -10 250 -7 391 0 6 4 12 10 12 5 0 10 -76 12 -185z m-3720 -465 c0 -336 -3 -614 -6 -617 -3 -4 -6 274 -6 617 0 343 3 621 6 617 3 -3 6 -281 6 -617z m453 -4 l0 -199 -198 -1 c-123 -1 -201 3 -205 9 -9 15 -9 379 0 385 4 3 97 6 205 5 l198 0 0 -199z m455 195 c7 -2 3 -381 -4 -388 -8 -8 -384 -8 -392 0 -10 10 -10 387 0 390 9 3 385 1 396 -2z m210 -8 c-1 -10 -7 -36 -15 -58 -8 -22 -15 -56 -15 -75 0 -20 -7 -62 -15 -93 -8 -32 -15 -78 -15 -102 0 -32 -6 -51 -20 -65 -24 -24 -30 -24 -55 -6 -18 13 -20 29 -20 210 0 121 4 198 10 200 6 3 40 5 78 5 58 1 67 -1 67 -16z m242 -182 c-1 -107 -5 -197 -9 -201 -4 -5 -55 -10 -113 -11 l-105 -4 1 25 c1 14 9 66 19 115 9 50 21 122 25 162 14 119 9 114 102 111 l80 -3 0 -194z m464 187 c8 -6 9 -23 2 -60 -6 -29 -8 -112 -5 -185 4 -94 2 -134 -6 -140 -7 -5 -97 -8 -202 -8 l-190 1 -5 195 c-3 107 -2 196 2 199 11 8 391 6 404 -2z m454 3 c7 -1 4 -377 -3 -388 -5 -9 -384 -9 -393 -1 -10 11 -9 388 1 391 9 3 384 2 395 -2z m224 -48 c-3 -32 -11 -74 -16 -93 -6 -19 -14 -66 -18 -105 -4 -38 -13 -91 -20 -117 -11 -47 -12 -48 -51 -48 -58 0 -67 21 -59 150 3 58 3 139 -1 180 -5 52 -3 77 5 82 6 4 46 8 89 8 l77 0 -6 -57z m232 47 c7 -7 7 -34 2 -78 -5 -37 -7 -123 -6 -192 l3 -125 -95 -6 c-52 -4 -99 -3 -104 1 -5 5 -3 36 4 72 16 85 40 224 46 273 3 22 7 46 9 53 5 15 126 17 141 2z m464 1 c7 -1 3 -382 -4 -389 -9 -8 -385 -6 -394 2 -4 4 -6 76 -4 159 2 86 -1 167 -7 186 -7 21 -7 37 -2 41 8 4 394 6 411 1z m460 0 c9 -2 1 -384 -9 -390 -5 -3 -96 -5 -203 -5 l-193 2 -3 188 c-1 104 -1 193 2 199 2 7 71 10 202 9 110 -1 201 -2 204 -3z m61 -196 c0 -108 -2 -200 -5 -203 -14 -14 -17 18 -17 197 -1 172 4 222 18 208 2 -3 4 -94 4 -202z m-2691 -250 c13 -15 13 -13 -31 -264 -5 -30 -9 -68 -9 -85 0 -59 3 -58 -245 -58 -125 1 -229 3 -232 6 -7 7 -7 385 -1 392 8 7 385 7 397 -1 7 -3 8 -42 5 -98 -3 -51 -1 -121 4 -157 l8 -65 14 45 c7 25 14 97 16 160 2 96 5 116 20 127 23 17 39 16 54 -2z m-585 -9 c7 -2 10 -71 9 -197 -1 -107 -2 -196 -3 -199 -1 -6 -377 -4 -394 3 -10 4 -13 48 -13 197 1 172 3 194 18 199 17 6 365 3 383 -3z m915 -9 c3 -9 3 -101 0 -204 l-5 -188 -95 3 c-52 2 -115 -1 -140 -7 -28 -6 -49 -6 -54 -1 -11 11 37 332 59 406 2 8 39 11 116 9 91 -2 114 -6 119 -18z m449 14 c22 -14 23 -390 1 -399 -8 -4 -99 -6 -202 -4 l-187 3 -3 183 c-2 101 -2 190 0 199 3 14 27 17 185 20 100 1 184 3 187 5 3 1 11 -2 19 -7z m469 -6 c3 -3 6 -80 7 -172 1 -93 5 -175 8 -183 17 -39 -3 -43 -203 -42 -106 1 -197 5 -202 10 -7 7 -11 195 -8 374 0 9 7 18 17 20 26 5 375 -1 381 -7z m155 -15 c-2 -22 -35 -255 -48 -336 -3 -17 -11 -38 -18 -48 -12 -17 -14 -17 -36 1 -21 17 -22 22 -12 61 7 23 13 107 15 186 2 79 7 149 11 155 4 7 24 11 48 9 38 -3 42 -5 40 -28z m297 13 c3 -3 5 -92 5 -199 l0 -194 -90 0 c-49 0 -106 -4 -126 -9 -69 -16 -71 -4 -29 224 11 61 20 124 20 141 0 50 13 55 120 48 52 -4 97 -9 100 -11z m464 -3 c11 -11 10 -370 -2 -382 -10 -10 -380 -13 -390 -4 -10 11 -6 388 5 394 16 10 376 3 387 -8z m463 6 c10 -9 4 -379 -6 -389 -6 -6 -88 -9 -203 -9 l-193 0 -3 192 c-1 110 2 197 7 204 9 11 387 14 398 2z m64 -13 c8 -35 -6 -398 -14 -385 -5 6 -8 92 -8 190 0 226 0 212 10 212 5 0 10 -8 12 -17z m-3719 -594 c-1 -122 -4 -224 -7 -227 -3 -3 -5 100 -5 228 0 128 3 230 6 227 4 -4 6 -106 6 -228z m1233 155 l120 -2 5 -193 c3 -107 2 -197 -1 -202 -3 -4 -88 -8 -190 -9 -177 -2 -184 -1 -182 17 1 11 6 49 12 85 5 36 17 112 25 170 19 130 31 154 66 144 14 -4 79 -8 145 -10z m1390 -3 l110 -6 1 -175 c1 -96 3 -184 5 -195 4 -19 -3 -20 -156 -26 -88 -4 -169 -8 -180 -10 -25 -5 -32 29 -15 84 6 21 15 70 21 110 31 236 34 244 78 232 14 -4 76 -10 136 -14z m-2269 -5 c58 7 88 6 92 -1 4 -5 7 -97 7 -203 l0 -192 -205 2 -205 3 0 188 c-1 103 2 191 5 196 10 15 30 16 125 7 59 -6 128 -6 181 0z m287 -2 c46 -4 121 -1 170 5 78 11 92 10 113 -4 16 -10 23 -22 20 -33 -10 -32 -36 -247 -36 -298 0 -29 -5 -56 -12 -61 -8 -6 -88 -7 -202 -4 l-188 6 0 188 c0 192 6 225 39 212 8 -3 51 -8 96 -11z m1643 2 c16 -13 21 -12 36 1 37 33 65 -11 33 -53 -8 -10 -15 -29 -15 -41 0 -29 -10 -54 -20 -48 -6 4 -11 -36 -25 -208 -5 -54 -19 -67 -58 -56 -18 5 -105 9 -194 9 -89 0 -163 3 -165 8 -2 4 -1 93 2 197 l5 190 120 -3 c66 -1 145 2 175 7 80 12 84 12 106 -3z m781 -1 c84 4 123 2 128 -5 4 -6 7 -95 7 -198 l0 -187 -209 0 c-203 0 -208 1 -204 20 3 11 5 98 6 193 1 125 5 176 13 181 7 4 41 4 75 -1 34 -5 117 -7 184 -3z m378 0 c72 0 142 3 156 7 16 5 32 3 43 -5 14 -10 16 -36 17 -201 1 -177 0 -190 -17 -195 -11 -3 -103 -5 -206 -3 l-188 3 0 189 c0 103 3 195 6 204 5 12 13 14 33 9 14 -4 85 -8 156 -8z m276 -190 c2 -158 -1 -200 -11 -200 -10 0 -12 42 -11 193 1 171 5 222 16 210 2 -2 5 -93 6 -203z m-1901 186 c3 0 6 -79 6 -173 0 -95 2 -182 5 -193 4 -19 -1 -20 -205 -20 l-209 0 2 190 c1 104 4 192 6 195 3 5 375 6 395 1z m-1817 -880 c1 -270 -1 -491 -5 -491 -5 0 -8 224 -8 497 0 273 3 494 6 491 3 -3 6 -227 7 -497z m877 393 c0 -25 -6 -76 -14 -113 -8 -36 -20 -95 -26 -131 -25 -140 -23 -135 -50 -132 -14 2 -78 5 -144 7 -65 2 -123 8 -128 13 -6 6 -10 88 -11 199 l0 188 164 5 c90 3 174 7 187 8 20 2 22 -2 22 -44z m463 33 c17 -2 18 -17 20 -204 1 -111 -2 -205 -6 -209 -11 -11 -380 -12 -394 -1 -8 6 -18 5 -26 -2 -8 -6 -17 -8 -20 -4 -12 11 -7 76 9 118 8 22 21 96 30 165 8 69 16 130 18 135 3 9 297 10 369 2z m934 -24 c-3 -21 -11 -78 -17 -128 -6 -49 -16 -97 -21 -106 -5 -10 -9 -42 -9 -71 0 -93 -4 -95 -185 -93 -85 1 -158 5 -162 9 -4 3 -6 97 -5 209 l1 202 173 5 c95 3 186 7 202 8 27 2 28 1 23 -35z m312 27 l147 0 -1 -195 c0 -107 -4 -197 -8 -201 -3 -4 -73 -6 -154 -5 -81 1 -161 -3 -178 -7 -21 -7 -38 -5 -58 5 -25 12 -28 18 -22 41 10 37 24 140 34 242 10 109 22 134 63 126 17 -3 96 -6 177 -6z m-2134 -194 c0 -107 -3 -197 -5 -200 -8 -8 -390 -10 -398 -2 -7 8 -12 375 -5 389 2 4 95 7 207 7 l202 0 -1 -194z m1372 186 c9 -5 9 -19 3 -47 -13 -55 -12 -213 1 -275 9 -41 8 -55 -4 -73 -14 -21 -19 -22 -205 -22 -105 1 -194 4 -198 8 -5 5 -8 358 -4 415 0 6 396 1 407 -6z m1365 3 c10 -4 13 -44 11 -191 -1 -103 -6 -191 -11 -196 -10 -10 -374 -14 -390 -4 -5 3 -7 68 -4 153 2 85 0 163 -6 185 -7 25 -7 39 1 47 11 11 371 16 399 6z m460 0 c10 -4 13 -44 11 -192 -2 -103 -7 -191 -12 -196 -5 -5 -95 -10 -200 -11 -151 -1 -192 2 -196 12 -3 8 -5 99 -5 203 l0 189 194 0 c107 0 200 -2 208 -5z m69 -194 c-1 -182 -3 -212 -16 -199 -4 4 -9 348 -6 391 1 5 6 7 12 5 8 -3 11 -62 10 -197z m-3266 -455 c1 -116 -3 -200 -9 -203 -13 -8 -386 -7 -394 2 -9 9 -10 389 -1 395 4 3 96 5 205 4 l199 -1 0 -197z m352 170 c-2 -31 -2 -31 53 -34 73 -4 79 -4 306 -2 120 1 200 -2 206 -8 7 -7 6 -22 -2 -46 -7 -22 -10 -82 -9 -156 2 -65 0 -122 -4 -126 -8 -8 -376 -9 -384 0 -3 3 -6 66 -7 140 -1 139 -11 175 -38 147 -9 -8 -13 -54 -14 -147 -1 -74 -4 -137 -7 -141 -8 -7 -386 -7 -394 1 -9 9 -9 396 0 398 4 2 72 4 152 4 l145 1 -3 -31z m1928 -170 c0 -109 -4 -200 -9 -203 -5 -3 -92 -6 -195 -6 l-186 0 0 162 c0 157 -1 163 -22 181 -13 10 -23 29 -23 42 l0 24 217 -1 218 -2 0 -197z m465 195 c10 -2 2 -383 -8 -393 -11 -11 -378 -15 -389 -4 -9 9 -10 395 -1 398 7 3 384 1 398 -1z m456 -4 c8 -7 7 -387 0 -395 -3 -2 -94 -5 -203 -5 l-198 1 -3 193 c-1 106 -1 198 2 204 4 11 392 13 402 2z m65 1 c8 -28 -2 -398 -11 -398 -9 0 -19 370 -11 398 2 6 7 12 11 12 4 0 9 -6 11 -12z m-1883 -62 c2 -3 -1 -40 -8 -83 -7 -48 -9 -108 -5 -159 5 -60 3 -84 -6 -89 -13 -9 -387 -10 -396 -2 -2 3 -6 68 -7 144 -1 76 -5 148 -10 160 -7 18 -4 24 12 30 23 9 411 7 420 -1z m446 -161 c-1 -91 -4 -168 -7 -171 -7 -7 -386 -9 -393 -2 -2 3 -6 68 -7 144 -2 76 -7 149 -11 161 -12 35 11 38 226 36 l193 -3 -1 -165z m-1834 -230 c0 -16 -392 -13 -398 3 -3 10 38 12 197 10 126 -2 201 -7 201 -13z m458 3 c-4 -10 -51 -14 -184 -16 -183 -3 -229 1 -219 18 10 16 408 13 403 -2z m450 0 c-4 -10 -51 -13 -193 -13 -142 0 -189 3 -192 13 -4 9 39 12 192 12 153 0 196 -3 193 -12z m467 2 c10 -17 -36 -21 -219 -18 -133 2 -180 6 -184 16 -5 15 393 18 403 2z m460 0 c10 -17 -36 -21 -219 -18 -133 2 -180 6 -184 16 -5 15 393 18 403 2z m448 -5 c-4 -16 -385 -13 -391 3 -3 10 38 12 195 10 126 -2 197 -7 196 -13z m460 0 c-3 -10 -366 -20 -391 -10 -7 3 -10 9 -7 15 9 14 401 9 398 -5z m462 5 c10 -17 -36 -21 -219 -18 -133 2 -180 6 -184 16 -5 15 393 18 403 2z"
       id="path3575" />
    <path
       d="M1674 458 c-35 -47 -42 -98 -14 -98 22 0 72 59 68 82 -3 26 -39 37 -54 16z"
       id="path3577" />
    <path
       d="M1965 450 c-13 -15 -14 -23 -5 -39 21 -41 69 -16 55 29 -8 27 -31 31 -50 10z"
       id="path3579" />
    <path
       d="M1426 443 c-4 -9 -4 -76 0 -148 6 -116 5 -133 -10 -148 -26 -25 -51 -21 -84 14 -35 38 -62 34 -62 -9 0 -18 10 -38 30 -57 24 -23 38 -28 75 -27 52 0 80 19 100 67 15 33 24 293 11 313 -11 18 -53 15 -60 -5z"
       id="path3581" />
    <path
       d="M1847 453 c-4 -3 -7 -88 -7 -188 0 -187 6 -216 39 -195 17 10 25 357 9 378 -11 13 -31 16 -41 5z"
       id="path3583" />
    <path
       d="M6037 448 c-14 -11 -16 -38 -18 -192 -2 -182 1 -195 38 -196 20 0 28 23 28 80 l0 55 72 3 c47 2 75 8 83 17 7 8 18 15 24 15 18 0 56 74 55 106 -1 42 -30 86 -70 106 -41 22 -186 25 -212 6z m203 -78 c27 -27 25 -62 -4 -89 -20 -19 -33 -22 -87 -19 l-64 3 -3 49 c-5 73 -2 76 73 76 52 0 69 -4 85 -20z"
       id="path3585" />
    <path
       d="M6811 442 c-6 -11 -5 -34 2 -65 12 -56 6 -65 -27 -43 -34 22 -62 20 -97 -5 -76 -54 -81 -173 -9 -236 22 -20 34 -22 105 -19 l80 2 6 180 c3 109 2 184 -4 192 -14 18 -45 15 -56 -6z m-17 -173 c20 -16 26 -29 26 -58 0 -48 -17 -70 -60 -77 -48 -8 -80 22 -80 76 0 30 6 43 26 59 15 12 34 21 44 21 10 0 29 -9 44 -21z"
       id="path3587" />
    <path
       d="M1557 343 c-4 -3 -7 -49 -7 -102 0 -110 17 -151 68 -169 25 -8 38 -7 66 8 30 15 37 15 47 4 12 -15 49 -19 49 -6 5 146 3 255 -4 262 -16 16 -43 12 -50 -7 -4 -10 -4 -45 -1 -78 8 -77 -4 -111 -44 -120 -17 -3 -39 -1 -52 5 -21 12 -21 17 -16 96 3 47 4 91 0 99 -5 15 -44 21 -56 8z"
       id="path3589" />
    <path
       d="M1967 344 c-4 -4 -7 -67 -7 -140 0 -105 3 -133 14 -137 30 -12 37 19 34 149 -3 107 -6 129 -18 132 -9 1 -19 0 -23 -4z"
       id="path3591" />
    <path
       d="M2095 317 c-23 -20 -36 -38 -31 -45 10 -17 41 -15 56 3 14 17 105 21 115 5 9 -15 -36 -37 -89 -44 -27 -3 -58 -14 -68 -23 -26 -23 -24 -92 3 -122 20 -21 28 -23 78 -17 69 8 69 8 108 0 l32 -6 -5 93 c-7 124 -9 134 -42 164 -41 39 -107 35 -157 -8z m145 -132 c0 -28 -38 -55 -79 -55 -52 0 -70 21 -42 49 26 26 121 31 121 6z"
       id="path3593" />
    <path
       d="M6407 332 c-41 -25 -71 -93 -64 -150 4 -37 12 -53 41 -79 31 -29 43 -33 88 -33 42 1 59 6 81 25 44 39 35 46 -51 39 -66 -6 -80 -4 -92 11 -22 27 5 37 87 32 42 -2 76 0 83 7 16 16 12 63 -9 97 -39 65 -106 85 -164 51z m113 -60 c13 -11 20 -24 16 -30 -8 -14 -132 -17 -140 -4 -3 5 4 19 15 30 25 27 78 29 109 4z"
       id="path3595" />
    <path
       d="M6943 343 c-10 -3 -13 -40 -13 -133 0 -134 8 -158 44 -144 15 6 17 20 15 102 -2 83 0 96 16 108 10 8 29 14 41 14 23 0 41 31 29 50 -9 14 -62 12 -68 -2 -3 -10 -9 -10 -26 0 -11 6 -22 12 -23 11 -2 0 -9 -3 -15 -6z"
       id="path3597" />
    <path
       d="M7141 318 c-40 -39 -51 -66 -51 -119 0 -81 47 -128 128 -129 46 0 57 4 89 33 32 30 37 41 41 90 4 48 1 63 -18 90 -51 74 -134 89 -189 35z m122 -48 c33 -26 41 -63 22 -99 -28 -55 -111 -50 -135 9 -12 28 -11 36 5 66 25 47 67 56 108 24z"
       id="path3599" />
  </g>
  <path
     style="fill:#999999;fill-opacity:1;stroke:#000000;stroke-width:0.88762873;stroke-miterlimit:4;stroke-opacity:1;stroke-dasharray:none"
     d="m 124.0509,179.27123 c 0,-0.52557 3.19547,-11.02927 7.10103,-23.34157 3.90557,-12.31229 7.10103,-22.73704 7.10103,-23.16611 0,-0.42907 0.93923,-2.27006 2.08717,-4.0911 1.14795,-1.82103 2.36404,-5.16374 2.70244,-7.42825 0.33839,-2.2645 1.73966,-7.0577 3.11393,-10.65154 1.37426,-3.59385 2.76505,-7.992 3.09064,-9.77368 0.32559,-1.781679 1.18056,-3.727894 1.89993,-4.324922 0.71938,-0.597028 1.30795,-1.580823 1.30795,-2.186211 0,-0.605387 1.1983,-2.608567 2.66289,-4.451511 1.88609,-2.373329 2.66289,-4.318571 2.66289,-6.668315 0,-1.82463 0.25595,-4.597297 0.56879,-6.161482 l 0.5688,-2.843975 25.39434,0.292042 c 13.96689,0.160623 25.843,0.583891 26.39135,0.940595 0.73029,0.475059 0.67463,2.018482 -0.20805,5.769587 -0.79259,3.36827 -1.20978,10.969308 -1.2189,22.207882 l -0.0139,17.08686 -24.63169,-0.002 -24.6317,-0.002 -0.24446,-11.75908 c -0.13445,-6.4675 -0.55165,-13.157099 -0.9271,-14.865785 l -0.68265,-3.1067 -1.47889,5.325772 c -0.81339,2.929175 -1.91681,8.920673 -2.45204,13.314433 -1.06723,8.76096 -3.01565,13.16143 -6.02089,13.59807 -2.87872,0.41826 -2.37645,2.53193 1.1435,4.81206 l 3.09571,2.00533 0.005,18.19639 c 0.006,22.19005 -0.61267,29.89057 -2.45713,30.59835 -2.75611,1.05762 -25.9297,1.66253 -25.9297,0.67686 z"
     id="path4199"
     inkscape:connector-curvature="0"
     transform="scale(0.8,0.8)" />
  <path
     style="fill:#999999;fill-opacity:1;stroke:#000000;stroke-width:0.88762873;stroke-miterlimit:4;stroke-opacity:1;stroke-dasharray:none"
     d="m 164.65992,178.41058 -4.21624,-0.33245 0,-24.26414 0,-24.26415 9.80095,-0.64026 c 5.39051,-0.35214 16.11469,-0.35305 23.8315,-0.002 l 14.03056,0.63824 0.57829,13.36056 c 0.31805,7.34831 0.57828,18.48968 0.57828,24.75861 l 0,11.39805 -20.19355,-0.16 c -11.10645,-0.088 -22.09086,-0.3096 -24.40979,-0.49245 z"
     id="path4201"
     inkscape:connector-curvature="0"
     transform="scale(0.8,0.8)" />
  <path
     style="fill:#999999;fill-opacity:1;stroke:#000000;stroke-width:0.88762873;stroke-miterlimit:4;stroke-opacity:1;stroke-dasharray:none"
     d="m 217.45961,154.53557 0.23613,-24.73594 23.68752,-0.2363 23.68752,-0.2363 0.55844,3.78682 c 0.77837,5.27821 0.1582,43.87025 -0.71905,44.7453 -0.39463,0.39364 -11.28558,0.87246 -24.20211,1.06403 l -23.48459,0.34832 0.23614,-24.73593 z"
     id="path4203"
     inkscape:connector-curvature="0"
     transform="scale(0.8,0.8)" />
  <path
     style="fill:#999999;fill-opacity:1;stroke:#000000;stroke-width:0.88762873;stroke-miterlimit:4;stroke-opacity:1;stroke-dasharray:none"
     d="m 278.05449,178.27134 -3.55051,-0.53976 0.32907,-23.52216 c 0.18099,-12.93719 0.51329,-23.72188 0.73844,-23.96598 0.22515,-0.24409 11.06147,-0.44381 24.08071,-0.44381 l 23.67136,0 0.23596,24.06946 0.23595,24.06947 -3.34265,0.55246 c -4.15868,0.68734 -37.57083,0.51422 -42.39833,-0.21968 z"
     id="path4205"
     inkscape:connector-curvature="0"
     transform="scale(0.8,0.8)" />
  <path
     style="fill:#999999;fill-opacity:1;stroke:#000000;stroke-width:0.88762873;stroke-miterlimit:4;stroke-opacity:1;stroke-dasharray:none"
     d="m 278.07386,234.19196 -3.53115,-0.53977 -0.089,-21.30309 c -0.049,-11.7167 -0.38946,-22.1468 -0.75664,-23.17801 -0.534,-1.49971 -0.2536,-1.98578 1.40112,-2.42886 1.1378,-0.30466 12.58812,-0.55939 25.44517,-0.56605 l 23.37644,-0.0121 -0.29809,23.55528 c -0.24991,19.74687 -0.51337,23.69125 -1.62954,24.3962 -1.43925,0.909 -38.05471,0.9727 -43.91826,0.0764 z"
     id="path4207"
     inkscape:connector-curvature="0"
     transform="scale(0.8,0.8)" />
  <path
     style="fill:#999999;fill-opacity:1;stroke:#000000;stroke-width:0.88762873;stroke-miterlimit:4;stroke-opacity:1;stroke-dasharray:none"
     d="m 217.83816,219.67204 c -0.31944,-8.42138 -0.58203,-19.40578 -0.58352,-24.40979 l -0.003,-9.09819 21.08119,0.0658 c 23.36539,0.0729 29.27413,0.61549 28.70715,2.63604 -0.19947,0.71087 -0.59891,11.07256 -0.88763,23.02598 l -0.52494,21.73348 -3.55052,0.62799 c -1.95278,0.34539 -12.57474,0.65101 -23.60435,0.67914 l -20.05384,0.0512 -0.58082,-15.3116 z"
     id="path4209"
     inkscape:connector-curvature="0"
     transform="scale(0.8,0.8)" />
  <path
     style="fill:#999999;fill-opacity:1;stroke:#000000;stroke-width:0.88762873;stroke-miterlimit:4;stroke-opacity:1;stroke-dasharray:none"
     d="m 161.98266,234.369 c -1.45669,-0.37975 -1.55098,-2.0854 -1.33144,-24.08491 l 0.23628,-23.67622 24.40979,0 24.40979,0 -0.25255,3.1067 c -0.1389,1.70869 -0.32093,12.35049 -0.40452,23.64845 l -0.15197,20.54175 -3.9356,0.53943 c -4.46878,0.61252 -40.58419,0.54933 -42.97978,-0.0752 z"
     id="path4211"
     inkscape:connector-curvature="0"
     transform="scale(0.8,0.8)" />
  <path
     style="fill:#999999;fill-opacity:1;stroke:#000000;stroke-width:0.88762873;stroke-miterlimit:4;stroke-opacity:1;stroke-dasharray:none"
     d="m 171.68607,291.9875 -11.39215,-0.24819 0.29679,-23.86686 c 0.16323,-13.12676 0.61295,-24.1825 0.99938,-24.56831 0.73118,-0.73 45.75911,-0.76653 46.48793,-0.0377 0.45203,0.45203 0.57669,47.65462 0.12705,48.10426 -0.47087,0.47087 -24.55009,0.87757 -36.519,0.61681 l 0,0 z"
     id="path4213"
     inkscape:connector-curvature="0"
     transform="scale(0.8,0.8)" />
  <path
     style="fill:#999999;fill-opacity:1;stroke:#000000;stroke-width:0.88762873;stroke-miterlimit:4;stroke-opacity:1;stroke-dasharray:none"
     d="m 229.58767,291.9888 -11.22447,-0.24689 -0.60159,-5.31736 c -0.6978,-6.16779 -0.8003,-41.68226 -0.12225,-42.36031 0.66781,-0.66781 43.20184,-2.13112 45.49347,-1.56513 1.49154,0.36839 2.07248,1.35614 2.49905,4.249 0.63071,4.27724 0.23263,43.77629 -0.448,44.45316 -0.61501,0.6116 -22.04233,1.08566 -35.59621,0.78753 z"
     id="path4215"
     inkscape:connector-curvature="0"
     transform="scale(0.8,0.8)" />
  <path
     style="fill:#999999;fill-opacity:1;stroke:#000000;stroke-width:0.88762873;stroke-miterlimit:4;stroke-opacity:1;stroke-dasharray:none"
     d="m 102.42145,289.3509 c -0.29333,-1.34254 -0.77206,-11.22851 -1.06384,-21.96881 -0.48433,-17.82755 -0.38894,-19.79834 1.09556,-22.63454 1.88434,-3.60009 -1.13519,-3.36754 29.26041,-2.25346 l 19.64567,0.72006 0.54789,3.99729 c 0.71913,5.24665 0.70687,35.18412 -0.0166,40.46222 l -0.56446,4.11822 -24.18567,0 -24.18566,0 -0.53332,-2.44098 z"
     id="path4217"
     inkscape:connector-curvature="0"
     transform="scale(0.8,0.8)" />
  <path
     style="fill:#999999;fill-opacity:1;stroke:#000000;stroke-width:0.88762873;stroke-miterlimit:4;stroke-opacity:1;stroke-dasharray:none"
     d="m 217.05392,98.066902 c -0.23586,-12.326944 -0.25427,-22.612342 -0.0409,-22.85644 0.59802,-0.68415 50.60519,-0.525371 51.29292,0.162861 0.33343,0.333672 -0.0329,3.155221 -0.8141,6.270111 -1.0493,4.183969 -1.42034,9.996304 -1.42034,22.249766 l 0,16.58633 -24.29437,0 -24.29437,0 -0.42884,-22.412628 z"
     id="path4221"
     inkscape:connector-curvature="0"
     transform="scale(0.8,0.8)" />
  <path
     style="fill:#999999;fill-opacity:1;stroke:#000000;stroke-width:0.88762873;stroke-miterlimit:4;stroke-opacity:1;stroke-dasharray:none"
     d="m 274.68848,103.39267 c -0.29088,-9.397765 -1.00773,-19.393106 -1.59301,-22.211865 -0.58528,-2.818759 -0.77428,-5.415073 -0.42001,-5.769587 0.81604,-0.816603 50.73184,-0.855417 51.54791,-0.04008 0.33277,0.332468 0.31228,10.617867 -0.0455,22.85644 l -0.65057,22.251952 -24.15497,0 -24.15496,0 -0.52886,-17.08686 z"
     id="path4223"
     inkscape:connector-curvature="0"
     transform="scale(0.8,0.8)" />
  <path
     style="fill:#999999;fill-opacity:1;stroke:#000000;stroke-width:0.88762873;stroke-miterlimit:4;stroke-opacity:1;stroke-dasharray:none"
     d="m 332.30998,102.06746 c -0.33656,-10.126635 -1.06538,-19.925563 -1.6196,-21.775393 -0.77334,-2.581161 -0.75638,-3.614732 0.0729,-4.444373 0.79759,-0.797929 7.55853,-1.081047 25.81573,-1.081047 13.60433,0 24.92387,0.199717 25.15454,0.443815 0.23067,0.244098 0.20666,10.529496 -0.0533,22.85644 l -0.47274,22.412628 -24.14278,0 -24.14279,0 -0.61193,-18.41207 z"
     id="path4225"
     inkscape:connector-curvature="0"
     transform="scale(0.8,0.8)" />
  <path
     style="fill:#999999;fill-opacity:1;stroke:#000000;stroke-width:0.88762873;stroke-miterlimit:4;stroke-opacity:1;stroke-dasharray:none"
     d="m 448.2573,178.62731 -2.88479,-1.25384 0,-17.21769 c 0,-9.46973 0.25333,-20.21452 0.56295,-23.87732 l 0.56294,-6.65963 11.88545,-0.53724 c 12.17496,-0.55032 16.47143,-1.64605 16.98883,-4.33269 0.52434,-2.72269 -3.3464,-3.69543 -16.30104,-4.09656 l -12.48591,-0.38661 -0.92866,-19.19903 c -0.95232,-19.688291 -1.35901,-22.305723 -3.46576,-22.305723 -3.14463,0 -3.86449,3.657423 -4.47808,22.751703 l -0.60058,18.68977 -21.3894,0.56217 c -11.76416,0.30919 -22.24526,0.33616 -23.29133,0.0599 -2.58917,-0.68374 -2.79084,-2.17363 -3.51567,-25.97332 l -0.62521,-20.528387 43.40852,-0.02405 c 23.87468,-0.01323 47.14804,-0.385753 51.71857,-0.827833 11.73758,-1.135307 14.70032,0.527817 11.5043,6.457917 -0.5747,1.066346 -3.96886,10.49979 -7.54258,20.963213 -3.57372,10.46342 -7.22422,19.85009 -8.11223,20.85927 -0.88802,1.00918 -2.10757,4.43119 -2.71012,7.60447 -1.22168,6.43395 -9.50687,33.09881 -13.58315,43.71571 l -2.64119,6.87912 -4.59553,-0.0347 c -2.52754,-0.0191 -5.89369,-0.59902 -7.48033,-1.28864 z"
     id="path4227"
     inkscape:connector-curvature="0"
     transform="scale(0.8,0.8)" />
  <path
     style="fill:#999999;fill-opacity:1;stroke:#000000;stroke-width:0.88762873;stroke-miterlimit:4;stroke-opacity:1;stroke-dasharray:none"
     d="m 389.4519,154.41962 0,-24.83691 3.74307,-0.59854 c 2.05868,-0.3292 12.6127,-0.32049 23.45336,0.0194 19.01642,0.59615 19.72792,0.68354 20.21079,2.48226 0.85633,3.18986 0.54814,44.3905 -0.34258,45.7995 -0.70211,1.11063 -4.63717,1.38172 -23.95239,1.6501 l -23.11225,0.32114 0,-24.83691 z"
     id="path4229"
     inkscape:connector-curvature="0"
     transform="scale(0.8,0.8)" />
  <path
     style="fill:#999999;fill-opacity:1;stroke:#000000;stroke-width:0.88762873;stroke-miterlimit:4;stroke-opacity:1;stroke-dasharray:none"
     d="m 429.83901,235.8371 c -2.92918,-0.36343 -13.21458,-0.70414 -22.85644,-0.75713 l -17.53067,-0.0963 -0.004,-14.42397 c -0.002,-7.93318 -0.26296,-18.91759 -0.57943,-24.40979 l -0.5754,-9.98582 24.98923,0 24.98922,0 0.0885,13.98015 c 0.0897,14.18064 0.53201,17.96346 2.13059,18.22382 1.96182,0.31952 3.24937,-5.33851 4.03475,-17.73045 0.45428,-7.16764 1.25105,-13.45625 1.7706,-13.9747 1.0766,-1.07431 11.06103,-1.23708 12.10084,-0.19727 0.37653,0.37652 -0.0332,2.55973 -0.91057,4.85157 -0.87735,2.29184 -3.50211,9.83699 -5.83281,16.76702 -2.3307,6.93002 -4.89708,13.60647 -5.70306,14.83655 -0.80598,1.23008 -1.46542,2.47609 -1.46542,2.76891 0,0.29282 -0.83695,2.47796 -1.8599,4.85587 -1.39286,3.23779 -2.54059,4.56074 -4.5706,5.26841 -1.49088,0.51972 -2.75095,0.88623 -2.80015,0.81445 -0.0492,-0.0718 -2.48605,-0.42785 -5.41522,-0.79129 z"
     id="path4231"
     inkscape:connector-curvature="0"
     transform="scale(0.8,0.8)" />
  <path
     style="fill:#999999;fill-opacity:1;stroke:#000000;stroke-width:0.88762873;stroke-miterlimit:4;stroke-opacity:1;stroke-dasharray:none"
     d="m 336.8599,178.44051 -4.21624,-0.36238 0,-24.27284 0,-24.27284 7.76675,-0.31022 c 4.27172,-0.17063 15.15626,-0.11051 24.18789,0.13359 l 16.42113,0.44381 -0.28999,23.96009 c -0.1595,13.17805 -0.49156,24.16245 -0.73793,24.40979 -0.54543,0.54758 -37.23175,0.77808 -43.13161,0.271 z"
     id="path4233"
     inkscape:connector-curvature="0"
     transform="scale(0.8,0.8)" />
  <path
     style="fill:#999999;fill-opacity:1;stroke:#000000;stroke-width:0.88762873;stroke-miterlimit:4;stroke-opacity:1;stroke-dasharray:none"
     d="m 335.19676,234.38047 -2.32886,-0.38074 -0.41963,-23.25212 c -0.2308,-12.78866 -0.2486,-23.45183 -0.0395,-23.69593 0.20904,-0.24409 11.10332,-0.57241 24.20952,-0.72958 l 23.82944,-0.28578 0.63064,4.20537 c 0.65289,4.35379 -0.31254,43.06892 -1.09358,43.85432 -0.54612,0.54917 -41.57496,0.80976 -44.78798,0.28446 z"
     id="path4235"
     inkscape:connector-curvature="0"
     transform="scale(0.8,0.8)" />
  <path
     style="fill:#999999;fill-opacity:1;stroke:#000000;stroke-width:0.88762873;stroke-miterlimit:4;stroke-opacity:1;stroke-dasharray:none"
     d="m 275.69624,290.68234 c -1.18548,-0.96283 -1.31141,-4.11752 -0.95245,-23.85969 l 0.41366,-22.75016 4.01339,-0.5501 c 5.22722,-0.71647 27.91601,-0.69784 37.2736,0.0306 l 7.32293,0.57006 -0.008,19.17436 c -0.004,10.5459 -0.2596,21.27139 -0.56746,23.83441 l -0.55973,4.66006 -22.78506,0 c -16.9077,0 -23.13744,-0.28621 -24.15117,-1.10954 z"
     id="path4237"
     inkscape:connector-curvature="0"
     transform="scale(0.8,0.8)" />
  <path
     style="fill:#999999;fill-opacity:1;stroke:#000000;stroke-width:0.88762873;stroke-miterlimit:4;stroke-opacity:1;stroke-dasharray:none"
     d="m 104.9835,236.78577 c -0.81658,-1.32126 -0.0871,-4.13874 3.45423,-13.34131 4.2538,-11.05399 4.92074,-12.95335 7.63618,-21.7469 4.47252,-14.48361 4.70108,-14.93226 8.05366,-15.80867 3.58587,-0.93741 26.13289,-0.44126 27.16794,0.59782 0.94012,0.9438 0.93218,46.35924 -0.008,47.29857 -0.39819,0.39771 -8.58656,1.00785 -18.19639,1.35585 -16.7637,0.60708 -21.43312,0.99739 -25.5828,2.13843 -1.04334,0.28689 -2.17939,0.0647 -2.52454,-0.49379 l -2e-5,0 z"
     id="path4239"
     inkscape:connector-curvature="0"
     transform="scale(0.8,0.8)" />
  <path
     style="fill:#999999;fill-opacity:1;stroke:#000000;stroke-width:0.88762873;stroke-miterlimit:4;stroke-opacity:1;stroke-dasharray:none"
     d="m 333.20312,289.79471 c -0.70127,-2.61679 -0.71993,-43.59615 -0.0207,-45.41838 0.47173,-1.22929 3.31637,-1.40234 22.85644,-1.39044 12.27471,0.007 22.76817,0.30705 23.31878,0.66572 1.08545,0.70706 1.80186,19.58358 1.43121,37.71063 l -0.21326,10.42964 -23.41863,0 -23.41864,0 -0.53522,-1.99717 z"
     id="path4241"
     inkscape:connector-curvature="0"
     transform="scale(0.8,0.8)" />
  <path
     style="fill:#999999;fill-opacity:1;stroke:#000000;stroke-width:0.88762873;stroke-miterlimit:4;stroke-opacity:1;stroke-dasharray:none"
     d="m 416.52458,293.56713 c -1.46459,-0.37267 -8.15509,-0.72484 -14.86778,-0.78261 l -12.2049,-0.10502 0,-24.3574 c 0,-13.39657 0.31215,-24.55033 0.69367,-24.78612 1.35546,-0.83772 34.54302,-1.68504 41.27831,-1.05389 5.8973,0.55262 6.8476,0.87454 6.8476,2.31969 0,1.8906 -6.95469,24.85648 -10.1979,33.67566 -1.16696,3.17328 -2.34545,6.83725 -2.61887,8.14216 -0.49797,2.37652 -4.57712,7.9276 -5.68043,7.73014 -0.32275,-0.0578 -1.78512,-0.40993 -3.2497,-0.78261 z"
     id="path4243"
     inkscape:connector-curvature="0"
     transform="scale(0.8,0.8)" />
  <path
     style="fill:#999999;fill-opacity:1;stroke:#000000;stroke-width:0.88762873;stroke-miterlimit:4;stroke-opacity:1;stroke-dasharray:none"
     d="m 395.22149,350.87155 c -0.4882,-0.18749 -1.98607,-0.58316 -3.32861,-0.87926 l -2.44098,-0.53837 0,-24.77121 0,-24.77121 12.64871,-0.41668 c 6.95679,-0.22918 13.94687,-0.70342 15.5335,-1.05386 2.76408,-0.61051 2.8848,-0.52372 2.8848,2.07407 0,1.49119 -0.35416,2.93013 -0.78701,3.19764 -0.43285,0.26752 -1.06155,1.98869 -1.3971,3.82481 -0.33556,1.83613 -1.17184,4.21108 -1.8584,5.27767 -0.68657,1.06658 -1.62187,3.46318 -2.07845,5.32577 -1.49728,6.10797 -9.37415,29.2334 -10.62454,31.19222 -0.72892,1.1419 -6.7596,2.22677 -8.55192,1.53841 z"
     id="path4245"
     inkscape:connector-curvature="0"
     transform="scale(0.8,0.8)" />
  <path
     style="fill:#999999;fill-opacity:1;stroke:#000000;stroke-width:0.88762873;stroke-miterlimit:4;stroke-opacity:1;stroke-dasharray:none"
     d="m 333.44284,348.6037 c -1.25654,-0.73456 -1.37888,-3.36102 -1.06338,-22.82944 0.19609,-12.09967 0.55242,-22.93537 0.79186,-24.07934 0.41079,-1.96265 0.72104,-2.05183 5.50152,-1.58132 2.7864,0.27424 13.2968,0.75281 23.35645,1.06348 l 18.29028,0.56486 0.55514,20.98811 c 0.30533,11.54346 0.79699,22.02403 1.09257,23.29016 l 0.53743,2.30205 -8.7313,0.57815 c -12.85871,0.85145 -38.69164,0.6614 -40.33057,-0.29671 z"
     id="path4247"
     inkscape:connector-curvature="0"
     transform="scale(0.8,0.8)" />
  <path
     style="fill:#999999;fill-opacity:1;stroke:#000000;stroke-width:0.88762873;stroke-miterlimit:4;stroke-opacity:1;stroke-dasharray:none"
     d="m 274.43021,326.6313 c 0.33936,-12.08284 0.80152,-22.60558 1.02703,-23.38385 0.34326,-1.18465 2.68362,-1.50934 14.37425,-1.99421 7.68033,-0.31854 18.41852,-0.58049 23.86264,-0.58212 l 9.89841,-0.003 0.35487,23.30026 c 0.19517,12.81514 0.21094,23.59983 0.035,23.96597 -0.1759,0.36615 -11.53594,0.66573 -25.24453,0.66573 l -24.9247,0 0.61701,-21.96882 z"
     id="path4249"
     inkscape:connector-curvature="0"
     transform="scale(0.8,0.8)" />
  <path
     style="fill:#999999;fill-opacity:1;stroke:#000000;stroke-width:0.88762873;stroke-miterlimit:4;stroke-opacity:1;stroke-dasharray:none"
     d="m 162.36541,348.85143 -2.07261,-0.39456 0.29735,-23.48367 c 0.22076,-17.43501 0.58028,-23.65833 1.39582,-24.1618 0.60415,-0.37298 4.39877,-0.32973 8.43247,0.0961 7.08161,0.7476 31.2263,0.24413 33.69339,-0.70258 0.66443,-0.25496 1.87447,0.0445 2.689,0.66555 1.27712,0.97372 1.59065,4.30545 2.27796,24.20747 0.57144,16.54687 0.52192,23.26291 -0.17498,23.73048 -1.02129,0.68521 -42.96134,0.72396 -46.5384,0.043 l 0,0 z"
     id="path4251"
     inkscape:connector-curvature="0"
     transform="scale(0.8,0.8)" />
  <path
     style="fill:#999999;fill-opacity:1;stroke:#000000;stroke-width:0.88762873;stroke-miterlimit:4;stroke-opacity:1;stroke-dasharray:none"
     d="m 217.25111,325.44124 -8.2e-4,-24.32926 14.35418,0.3026 c 7.8948,0.16643 18.15392,-0.14553 22.79804,-0.69324 7.36452,-0.86854 8.62162,-0.8181 9.83452,0.39465 1.14419,1.14404 1.52481,5.33311 2.14756,23.63602 0.46914,13.78794 0.43946,22.56298 -0.0781,23.0805 -0.45922,0.45923 -11.68438,1.08314 -24.94478,1.38647 l -24.10983,0.55151 -8.1e-4,-24.32925 z"
     id="path4253"
     inkscape:connector-curvature="0"
     transform="scale(0.8,0.8)" />
  <path
     style="fill:#999999;fill-opacity:1;stroke:#000000;stroke-width:0.88762873;stroke-miterlimit:4;stroke-opacity:1;stroke-dasharray:none"
     d="m 219.37256,408.99924 c -1.03054,-0.42869 -2.03987,-1.31216 -2.24298,-1.96326 -0.2031,-0.65109 -0.22437,-11.86864 -0.0473,-24.92788 l 0.322,-23.74407 23.22407,0.0121 c 12.77323,0.007 24.09144,0.24477 25.15158,0.52913 1.68465,0.45186 1.85241,0.92565 1.33144,3.7603 -0.82636,4.49634 -0.7492,32.35751 0.1061,38.30704 0.5383,3.74453 0.39993,5.29809 -0.59296,6.65722 -1.22757,1.68037 -2.44487,1.78265 -23.3367,1.96085 -12.12287,0.1034 -22.88474,-0.16275 -23.91527,-0.59145 z"
     id="path4255"
     inkscape:connector-curvature="0"
     transform="scale(0.8,0.8)" />
  <path
     style="fill:#999999;fill-opacity:1;stroke:#000000;stroke-width:0.88762873;stroke-miterlimit:4;stroke-opacity:1;stroke-dasharray:none"
     d="m 161.99703,409.23463 c -1.43322,-0.37454 -1.55335,-2.34836 -1.55335,-25.52283 l 0,-25.11689 4.21624,-0.49513 c 6.84744,-0.80413 42.72025,0.4272 44.12858,1.5147 1.04117,0.80398 1.09701,2.3265 0.32856,8.95728 -0.86577,7.47054 -0.64527,17.87591 0.7002,33.04142 0.56451,6.36296 0.5504,6.41959 -1.82558,7.32293 -2.33392,0.88736 -42.73793,1.14959 -45.99465,0.29852 z"
     id="path4257"
     inkscape:connector-curvature="0"
     transform="scale(0.8,0.8)" />
  <path
     style="fill:#999999;fill-opacity:1;stroke:#000000;stroke-width:0.88762873;stroke-miterlimit:4;stroke-opacity:1;stroke-dasharray:none"
     d="m 102.94495,325.74368 c 0.20458,-12.57105 0.69612,-23.58159 1.0923,-24.46789 0.64111,-1.4342 1.36643,-1.53183 6.59457,-0.88763 3.23083,0.3981 13.70517,0.63271 23.2763,0.52135 l 17.40207,-0.20246 0.57242,6.77169 c 0.31483,3.72444 0.57241,14.50038 0.57241,23.94654 l 0,17.17484 -24.94101,0 -24.94102,0 0.37196,-22.85644 z"
     id="path4259"
     inkscape:connector-curvature="0"
     transform="scale(0.8,0.8)" />
  <path
     style="fill:#999999;fill-opacity:1;stroke:#000000;stroke-width:0.88762873;stroke-miterlimit:4;stroke-opacity:1;stroke-dasharray:none"
     d="m 67.637443,350.12385 c -0.819581,-2.1358 2.402539,-12.8568 8.461058,-28.1526 0.870163,-2.19688 1.993668,-5.59206 2.496677,-7.54484 1.089439,-4.22943 3.407808,-10.7934 4.746353,-13.43829 2.56775,-5.07374 10.623881,-4.06677 11.730484,1.46624 0.316124,1.58062 0.57477,12.7529 0.57477,24.82729 l 0,21.95343 -9.985823,0.59083 c -5.492203,0.32496 -11.678811,0.8259 -13.748018,1.11321 -2.878125,0.39963 -3.882815,0.20805 -4.275501,-0.81527 z"
     id="path4261"
     inkscape:connector-curvature="0"
     transform="scale(0.8,0.8)" />
  <path
     style="fill:#999999;fill-opacity:1;stroke:#000000;stroke-width:0.88762873;stroke-miterlimit:4;stroke-opacity:1;stroke-dasharray:none"
     d="m 86.426172,293.72811 c -0.933704,-1.51077 7.953852,-31.22798 9.339382,-31.22798 0.958127,0 0.917314,19.31037 -0.05331,25.22277 -0.417708,2.5444 -1.391482,4.85717 -2.335812,5.54768 -1.786995,1.30668 -6.244119,1.60009 -6.950261,0.45753 l 2e-6,0 z"
     id="path4263"
     inkscape:connector-curvature="0"
     transform="scale(0.8,0.8)" />
  <path
     style="fill:#999999;fill-opacity:1;stroke:#000000;stroke-width:0.88762873;stroke-miterlimit:4;stroke-opacity:1;stroke-dasharray:none"
     d="m 47.700219,410.2727 c -1.339428,-1.61391 -0.848956,-3.37101 9.124613,-32.68871 3.628303,-10.66553 7.148095,-19.73253 7.82176,-20.14888 0.673665,-0.41635 2.831529,-0.58434 4.795252,-0.37332 1.963724,0.21103 8.663178,0.63058 14.887674,0.93234 l 11.317267,0.54866 0,21.53364 c 0,11.8435 -0.248476,23.34646 -0.552168,25.56214 l -0.552168,4.02851 -14.759428,0.53475 c -8.117685,0.29411 -18.401648,0.73828 -22.85325,0.98705 -6.599012,0.36876 -8.303575,0.19956 -9.229552,-0.91618 z"
     id="path4265"
     inkscape:connector-curvature="0"
     transform="scale(0.8,0.8)" />
  <path
     style="fill:#999999;fill-opacity:1;stroke:#000000;stroke-width:0.88762873;stroke-miterlimit:4;stroke-opacity:1;stroke-dasharray:none"
     d="m 103.31754,406.51789 c -0.3026,-1.83073 -0.55458,-13.41429 -0.55996,-25.74123 l -0.01,-22.41263 24.90504,0 24.90503,0 -0.27334,24.6317 c -0.15033,13.54743 -0.59648,25.13099 -0.99144,25.74123 -0.54451,0.84132 -6.36357,1.10954 -24.07174,1.10954 l -23.35364,0 -0.55018,-3.32861 z"
     id="path4267"
     inkscape:connector-curvature="0"
     transform="scale(0.8,0.8)" />
  <path
     style="fill:#999999;fill-opacity:1;stroke:#000000;stroke-width:0.88762873;stroke-miterlimit:4;stroke-opacity:1;stroke-dasharray:none"
     d="m 275.83542,408.68752 c -1.88206,-0.96077 -2.18191,-1.66651 -1.97438,-4.64697 0.13459,-1.93278 0.32663,-12.70111 0.42676,-23.92961 0.11268,-12.63587 0.5268,-20.66397 1.08674,-21.06759 0.49758,-0.35868 11.54486,-0.65825 24.54952,-0.66573 l 23.64482,-0.0136 0.40104,21.96881 c 0.22057,12.08285 0.70058,22.65006 1.06669,23.48269 0.45821,1.04209 -0.0382,2.21774 -1.59289,3.77242 l -2.25854,2.25855 -21.56534,-0.0131 c -15.71531,-0.01 -22.16732,-0.32038 -23.78442,-1.14589 z"
     id="path4269"
     inkscape:connector-curvature="0"
     transform="scale(0.8,0.8)" />
  <path
     style="fill:#999999;fill-opacity:1;stroke:#000000;stroke-width:0.88762873;stroke-miterlimit:4;stroke-opacity:1;stroke-dasharray:none"
     d="m 333.53129,408.68752 c -1.86452,-0.95181 -2.18884,-1.69429 -2.02988,-4.64697 0.10405,-1.93278 0.45671,-13.00069 0.78369,-24.59534 l 0.5945,-21.08118 24.29182,0 24.29182,0 0.10502,14.86778 c 0.11101,15.71551 0.56998,19.82875 2.27586,20.39617 2.05526,0.68364 3.11348,-3.65849 3.9108,-16.04686 1.21963,-18.95009 1.42222,-20.00193 3.97577,-20.64283 1.19406,-0.29969 3.56641,-0.28312 5.27189,0.0368 4.08326,0.76602 4.04378,1.55086 -0.89346,17.7613 -2.19689,7.21302 -3.99433,13.53497 -3.99433,14.04879 0,0.51382 -1.15189,2.76664 -2.55975,5.00626 -1.40786,2.23962 -3.25044,6.2083 -4.09463,8.81929 -2.27492,7.03613 -3.07616,7.23848 -28.60036,7.22265 -15.34574,-0.01 -21.7156,-0.32239 -23.32876,-1.14589 z"
     id="path4271"
     inkscape:connector-curvature="0"
     transform="scale(0.8,0.8)" />
  <path
     style="fill:#999999;fill-opacity:1;stroke:#000000;stroke-width:0.88762873;stroke-miterlimit:4;stroke-opacity:1;stroke-dasharray:none"
     d="m 780.04768,175.85157 c 0,-2.14315 0.81359,-7.83507 1.80798,-12.64871 0.9944,-4.81365 2.5917,-14.06359 3.54957,-20.55543 0.95787,-6.49183 2.34116,-12.96278 3.07397,-14.37988 0.78292,-1.514 1.32155,-4.88257 1.30609,-8.16832 -0.0145,-3.07547 1.26516,-14.67886 2.84361,-25.785312 l 2.86991,-20.193554 30.98981,0 30.98981,0 -0.64282,1.997164 c -0.35354,1.098441 -0.84539,11.483697 -1.09299,23.078348 l -0.45019,21.081184 -25.18426,0 -25.18426,0 0.0795,-16.64304 c 0.0769,-16.101717 -0.61972,-21.524998 -2.76505,-21.524998 -1.90511,0 -2.83743,5.30155 -3.66828,20.859278 -0.56297,10.54169 -1.30896,17.04556 -2.19275,19.11729 -1.02358,2.39943 -1.11841,3.72145 -0.40211,5.60547 0.57499,1.51235 0.93737,11.8348 0.93737,26.70135 l 0,24.23587 -3.32861,0.55018 c -1.83073,0.3026 -5.62534,0.55458 -8.43247,0.55995 l -5.10386,0.01 0,-3.89661 z"
     id="path4273"
     inkscape:connector-curvature="0"
     transform="scale(0.8,0.8)" />
  <path
     style="fill:#999999;fill-opacity:1;stroke:#000000;stroke-width:0.88762873;stroke-miterlimit:4;stroke-opacity:1;stroke-dasharray:none"
     d="m 807.78607,178.23413 -1.99716,-0.38467 0,-23.83359 0,-23.8336 5.99149,-0.64452 c 5.86649,-0.63108 42.78358,0.16283 43.55746,0.93672 0.21583,0.21583 0.0402,10.87466 -0.39038,23.68629 l -0.7828,23.29388 -2.21908,0.61448 c -2.3847,0.66034 -40.84173,0.80404 -44.15953,0.16501 z"
     id="path4275"
     inkscape:connector-curvature="0"
     transform="scale(0.8,0.8)" />
  <path
     style="fill:#999999;fill-opacity:1;stroke:#000000;stroke-width:0.88762873;stroke-miterlimit:4;stroke-opacity:1;stroke-dasharray:none"
     d="m 863.98669,119.48343 c -0.26977,-0.43649 -0.7031,-8.52501 -0.96296,-17.97448 -0.25986,-9.449471 -0.65574,-19.477595 -0.87973,-22.284721 l -0.40726,-5.103865 12.71588,0 c 6.99373,0 18.77791,0.262384 26.18705,0.583076 11.72849,0.507648 13.42023,0.76601 13.07734,1.997165 -0.2166,0.777748 -0.66776,10.90062 -1.00256,22.495271 l -0.60873,21.081184 -23.81427,0 c -13.09785,0 -24.03499,-0.35713 -24.30476,-0.79363 z"
     id="path4277"
     inkscape:connector-curvature="0"
     transform="scale(0.8,0.8)" />
  <path
     style="fill:#999999;fill-opacity:1;stroke:#000000;stroke-width:0.88762873;stroke-miterlimit:4;stroke-opacity:1;stroke-dasharray:none"
     d="m 864.44325,178.07331 c -1.0182,-0.675 -1.33922,-5.34693 -1.66949,-24.29662 l -0.4089,-23.46093 4.77619,-0.57349 c 6.1466,-0.73804 22.43846,-0.73949 35.21811,-0.003 l 10.02645,0.57772 -0.26253,23.31173 c -0.1444,12.82145 -0.59476,23.64392 -1.0008,24.04994 -1.04815,1.04807 -45.13117,1.4209 -46.67903,0.39478 z"
     id="path4279"
     inkscape:connector-curvature="0"
     transform="scale(0.8,0.8)" />
  <path
     style="fill:#999999;fill-opacity:1;stroke:#000000;stroke-width:0.88762873;stroke-miterlimit:4;stroke-opacity:1;stroke-dasharray:none"
     d="m 923.17781,179.12176 -1.99716,-0.38467 0,-22.01803 c 0,-12.10992 0.24147,-23.22542 0.53661,-24.70112 l 0.53662,-2.68309 10.33684,-0.37194 c 10.92739,-0.39319 15.21879,-1.62233 15.21879,-4.35896 0,-2.59899 -2.52696,-3.26701 -14.90347,-3.9398 l -11.72539,-0.6374 -0.0749,-14.74263 c -0.0412,-8.108443 -0.4529,-17.139222 -0.91489,-20.068397 -1.54242,-9.779504 -1.57598,-9.594623 1.87204,-10.313301 5.3332,-1.11161 35.8386,-1.853576 37.22331,-0.905362 1.08485,0.742881 0.92415,2.58566 -1.10759,12.701026 -1.3071,6.507637 -3.01639,16.026114 -3.79841,21.152174 -0.78202,5.12605 -2.19665,11.03031 -3.14361,13.12056 -1.14908,2.53638 -1.54299,4.75335 -1.18431,6.6653 0.56542,3.01394 -4.05415,33.85263 -5.72073,38.1897 -0.52811,1.37431 -0.96019,4.04449 -0.96019,5.93371 0,1.88922 -0.38955,4.45953 -0.86566,5.7118 -0.84836,2.23135 -1.03019,2.27444 -9.0982,2.15598 -4.52789,-0.0665 -9.13126,-0.29399 -10.2297,-0.50555 z"
     id="path4281"
     inkscape:connector-curvature="0"
     transform="scale(0.8,0.8)" />
  <path
     style="fill:#999999;fill-opacity:1;stroke:#000000;stroke-width:0.88762873;stroke-miterlimit:4;stroke-opacity:1;stroke-dasharray:none"
     d="m 863.16161,230.66295 c -0.7229,-5.27418 -0.71887,-36.99176 0.005,-41.37276 l 0.55019,-3.3286 17.50251,0 c 9.62638,0 20.55852,0.25832 24.29365,0.57406 l 6.79114,0.57406 0,22.44088 c 0,19.2173 -0.20037,22.64125 -1.39485,23.83573 -1.19593,1.19594 -4.65965,1.39485 -24.28914,1.39485 l -22.89429,0 -0.56447,-4.11822 z"
     id="path4283"
     inkscape:connector-curvature="0"
     transform="scale(0.8,0.8)" />
  <path
     style="fill:#999999;fill-opacity:1;stroke:#000000;stroke-width:0.88762873;stroke-miterlimit:4;stroke-opacity:1;stroke-dasharray:none"
     d="m 805.60499,214.1438 c -0.2454,-11.35055 -0.26609,-22.0892 -0.046,-23.86366 0.3625,-2.92217 0.70596,-3.27685 3.64366,-3.76265 4.27735,-0.70734 36.62679,-0.56388 42.29911,0.18758 4.08202,0.54078 4.41755,0.76602 4.18154,2.80703 -0.14113,1.22049 -0.41154,11.56415 -0.60092,22.98591 -0.26463,15.9609 -0.61609,20.93915 -1.51865,21.51141 -0.64589,0.40951 -11.60044,0.75068 -24.34346,0.75815 l -23.16911,0.0136 -0.4462,-20.63737 z"
     id="path4285"
     inkscape:connector-curvature="0"
     transform="scale(0.8,0.8)" />
  <path
     style="fill:#999999;fill-opacity:1;stroke:#000000;stroke-width:0.88762873;stroke-miterlimit:4;stroke-opacity:1;stroke-dasharray:none"
     d="m 808.7635,291.87021 -2.79499,-0.37989 -0.59623,-12.59916 c -0.32793,-6.92955 -0.4682,-17.58163 -0.31171,-23.67131 l 0.28453,-11.07213 3.55051,-0.57439 c 6.26479,-1.0135 42.53657,-1.74437 43.86656,-0.8839 2.58205,1.67052 3.36727,44.11088 0.89039,48.12473 -0.5998,0.97201 -4.94142,1.24104 -21.42316,1.3275 -11.369,0.0596 -21.92865,-0.0625 -23.4659,-0.27145 z"
     id="path4287"
     inkscape:connector-curvature="0"
     transform="scale(0.8,0.8)" />
  <path
     style="fill:#999999;fill-opacity:1;stroke:#000000;stroke-width:0.88762873;stroke-miterlimit:4;stroke-opacity:1;stroke-dasharray:none"
     d="m 761.41228,289.27678 c 0.008,-7.30858 6.03227,-44.85125 7.41953,-46.23851 0.56963,-0.56963 25.06121,-0.34961 26.59489,0.23892 1.33944,0.51398 1.48592,2.96722 1.48592,24.88502 l 0,24.31483 -11.76108,0.006 c -6.46859,0.003 -14.45725,0.26094 -17.75257,0.57217 l -5.9915,0.56586 0.005,-4.34459 0,0 z"
     id="path4289"
     inkscape:connector-curvature="0"
     transform="scale(0.8,0.8)" />
  <path
     style="fill:#999999;fill-opacity:1;stroke:#000000;stroke-width:0.88762873;stroke-miterlimit:4;stroke-opacity:1;stroke-dasharray:none"
     d="m 770.28376,234.49125 c 0,-5.54313 7.09649,-47.09227 8.15826,-47.76564 0.63901,-0.40526 5.05631,-0.74296 9.81622,-0.75043 l 8.65438,-0.0136 -0.0121,22.41262 c -0.007,12.32695 -0.25039,23.30151 -0.54162,24.38792 -0.62414,2.32837 -1.95851,2.60369 -16.0893,3.31977 l -9.98582,0.50604 0,-2.09669 z"
     id="path4291"
     inkscape:connector-curvature="0"
     transform="scale(0.8,0.8)" />
  <path
     style="fill:#999999;fill-opacity:1;stroke:#000000;stroke-width:0.88762873;stroke-miterlimit:4;stroke-opacity:1;stroke-dasharray:none"
     d="m 871.02962,291.69954 -7.10103,-0.55395 -0.57762,-7.54484 c -1.05065,-13.72344 -0.8559,-38.59854 0.31133,-39.76577 1.13251,-1.13251 38.85733,-1.56293 45.18928,-0.51558 l 3.20444,0.53003 0.60779,20.54138 c 0.33428,11.29776 0.82358,21.78376 1.08733,23.30222 0.36877,2.12312 0.10329,2.92193 -1.14934,3.45821 -2.06716,0.885 -32.16699,1.28199 -41.57218,0.5483 z"
     id="path4293"
     inkscape:connector-curvature="0"
     transform="scale(0.8,0.8)" />
  <path
     style="fill:#999999;fill-opacity:1;stroke:#000000;stroke-width:0.88762873;stroke-miterlimit:4;stroke-opacity:1;stroke-dasharray:none"
     d="m 897.65848,350.13459 c -5.37015,-0.34291 -14.82401,-0.67428 -21.00858,-0.73639 -6.18457,-0.0621 -11.87649,-0.35538 -12.64871,-0.65171 -1.61328,-0.61907 -1.82309,-9.18645 -0.8183,-33.41301 l 0.57982,-13.98016 13.90893,0 c 7.64992,0 18.16213,-0.42806 23.36047,-0.95124 8.38557,-0.84395 9.73895,-0.78145 11.99997,0.55416 2.40092,1.41826 2.68443,1.41629 4.89783,-0.034 4.77351,-3.12772 6.46857,0.33698 3.25074,6.64446 -0.97639,1.91389 -1.77526,4.46576 -1.77526,5.67083 0,1.20506 -0.66295,2.85397 -1.47321,3.66424 -1.10089,1.10089 -1.84722,5.0988 -2.95304,15.81881 -1.59956,15.5063 -2.49722,18.42669 -5.5908,18.18869 -1.08127,-0.0832 -6.3597,-0.4318 -11.72986,-0.7747 z"
     id="path4295"
     inkscape:connector-curvature="0"
     transform="scale(0.8,0.8)" />
  <path
     style="fill:#999999;fill-opacity:1;stroke:#000000;stroke-width:0.88762873;stroke-miterlimit:4;stroke-opacity:1;stroke-dasharray:none"
     d="m 804.90128,342.7708 c 0,-3.58297 0.26301,-14.36765 0.58447,-23.96598 l 0.58447,-17.4515 24.14692,0 24.14693,0 0.54012,4.66005 c 0.29707,2.56303 0.58421,13.04815 0.6381,23.30026 l 0.098,18.6402 -11.38934,0.56453 c -6.26413,0.31049 -17.6804,0.61006 -25.36949,0.66572 l -13.98015,0.10119 0,-6.51447 z"
     id="path4297"
     inkscape:connector-curvature="0"
     transform="scale(0.8,0.8)" />
  <path
     style="fill:#999999;fill-opacity:1;stroke:#000000;stroke-width:0.88762873;stroke-miterlimit:4;stroke-opacity:1;stroke-dasharray:none"
     d="m 756.30361,349.56271 c -3.87331,-0.30771 -4.66005,-0.65765 -4.66005,-2.07278 0,-4.23863 5.67123,-39.94459 6.97549,-43.91754 l 1.45698,-4.43814 7.98866,0.19245 c 4.39376,0.10585 12.68199,0.44483 18.41829,0.75329 l 10.42964,0.56083 0,23.82603 c 0,13.10431 -0.29957,24.00288 -0.66572,24.21904 -0.97468,0.57542 -34.47933,1.3109 -39.94329,0.87682 l 0,0 z"
     id="path4299"
     inkscape:connector-curvature="0"
     transform="scale(0.8,0.8)" />
  <path
     style="fill:#999999;fill-opacity:1;stroke:#000000;stroke-width:0.88762873;stroke-miterlimit:4;stroke-opacity:1;stroke-dasharray:none"
     d="m 767.4902,410.10511 c -0.19093,-0.19093 -6.03141,-0.4566 -12.97885,-0.59038 l -12.63171,-0.24323 0,-3.43827 c 0,-1.89104 0.82144,-6.65554 1.82543,-10.58776 1.00398,-3.93223 2.7475,-13.69767 3.87448,-21.70098 1.12699,-8.00332 2.30749,-14.80992 2.62335,-15.12577 0.31586,-0.31586 10.59658,-0.55961 22.84606,-0.54167 16.34842,0.024 22.44704,0.31622 22.9308,1.09895 1.00622,1.6281 1.83636,29.24875 1.20875,40.21797 -0.33188,5.8005 -0.94766,9.84212 -1.52572,10.01398 -1.51389,0.45008 -27.78312,1.28663 -28.17259,0.89716 l 0,0 z"
     id="path4301"
     inkscape:connector-curvature="0"
     transform="scale(0.8,0.8)" />
  <path
     style="fill:#999999;fill-opacity:1;stroke:#000000;stroke-width:0.88762873;stroke-miterlimit:4;stroke-opacity:1;stroke-dasharray:none"
     d="m 816.35622,409.93423 -10.29196,-0.34416 -0.58464,-14.1818 c -0.32155,-7.8 -0.32198,-19.37141 -9.6e-4,-25.71426 l 0.58367,-11.53245 21.04249,0 c 11.57337,0 22.9382,0.25984 25.25517,0.57741 l 4.21268,0.57742 -0.56562,3.19501 c -1.37144,7.7468 -1.60251,22.85171 -0.50464,32.98861 1.5781,14.57109 2.08011,14.1046 -15.59278,14.48953 -7.2938,0.15886 -17.89283,0.13397 -23.55341,-0.0553 l 0,0 z"
     id="path4303"
     inkscape:connector-curvature="0"
     transform="scale(0.8,0.8)" />
  <path
     style="fill:#999999;fill-opacity:1;stroke:#000000;stroke-width:0.88762873;stroke-miterlimit:4;stroke-opacity:1;stroke-dasharray:none"
     d="m 872.39799,409.75284 c -7.99405,-0.5262 -8.42491,-0.65875 -9.00971,-2.7717 -0.3378,-1.22049 -0.65399,-12.64773 -0.70265,-25.39387 l -0.0885,-23.17481 24.06424,-0.64853 c 13.23533,-0.35669 24.36199,-0.31328 24.7259,0.0965 0.64692,0.72839 -2.40455,23.89747 -4.30668,32.69962 -0.5275,2.44098 -1.19881,7.14682 -1.49181,10.45742 -0.72367,8.17686 -1.73596,8.79618 -14.8341,9.07556 -5.47864,0.11686 -13.73916,-0.0362 -18.35671,-0.34015 l 0,0 z"
     id="path4305"
     inkscape:connector-curvature="0"
     transform="scale(0.8,0.8)" />
  <path
     style="fill:#999999;fill-opacity:1;stroke:#000000;stroke-width:0.88762873;stroke-miterlimit:4;stroke-opacity:1;stroke-dasharray:none"
     d="m 924.96088,236.83474 c -4.38952,-0.88203 -4.66786,-2.49514 -4.66786,-27.0523 0,-12.55565 0.30817,-23.01892 0.68483,-23.2517 0.37665,-0.23279 5.02341,-0.71387 10.32613,-1.06908 l 9.6413,-0.64583 -0.63768,5.23293 c -0.35073,2.87811 -1.22257,8.02896 -1.93743,11.44633 -0.71485,3.41737 -1.86932,10.2419 -2.56548,15.16562 -1.45397,10.28348 -2.85771,17.21874 -3.78821,18.7158 -0.78617,1.26487 -4.35115,2.00167 -7.0556,1.45823 l 0,0 z"
     id="path4307"
     inkscape:connector-curvature="0"
     transform="scale(0.8,0.8)" />
  <path
     style="fill:#999999;fill-opacity:1;stroke:#000000;stroke-width:0.88762873;stroke-miterlimit:4;stroke-opacity:1;stroke-dasharray:none"
     d="m 918.84141,291.99375 c -1.2422,-1.2422 -2.04556,-2.81357 -1.78525,-3.49193 0.97744,-2.54718 2.25573,-15.57129 2.82995,-28.83374 0.72876,-16.83147 1.02492,-17.7904 5.4888,-17.77229 6.39839,0.0259 6.29653,-0.76642 2.98753,23.23819 -2.64497,19.18759 -4.93968,29.11831 -6.72841,29.11831 -0.29374,0 -1.55042,-1.01634 -2.79262,-2.25854 z"
     id="path4309"
     inkscape:connector-curvature="0"
     transform="scale(0.8,0.8)" />
</svg>
