<?xml version="1.0" encoding="UTF-8" standalone="no"?>
<svg
   xmlns:dc="http://purl.org/dc/elements/1.1/"
   xmlns:cc="http://creativecommons.org/ns#"
   xmlns:rdf="http://www.w3.org/1999/02/22-rdf-syntax-ns#"
   xmlns:svg="http://www.w3.org/2000/svg"
   xmlns="http://www.w3.org/2000/svg"
   xmlns:sodipodi="http://sodipodi.sourceforge.net/DTD/sodipodi-0.dtd"
   xmlns:inkscape="http://www.inkscape.org/namespaces/inkscape"
   version="1.0"
   width="858.000000pt"
   height="591.000000pt"
   viewBox="0 0 858.000000 591.000000"
   preserveAspectRatio="xMidYMid meet"
   id="svg2"
   inkscape:version="0.48.4 r9939"
   sodipodi:docname="q9b.svg">
  <defs
     id="defs270" />
  <sodipodi:namedview
     pagecolor="#ffffff"
     bordercolor="#666666"
     borderopacity="1"
     objecttolerance="10"
     gridtolerance="10"
     guidetolerance="10"
     inkscape:pageopacity="0"
     inkscape:pageshadow="2"
     inkscape:window-width="1600"
     inkscape:window-height="824"
     id="namedview268"
     showgrid="false"
     inkscape:zoom="0.63891709"
     inkscape:cx="578.66341"
     inkscape:cy="603.02239"
     inkscape:window-x="0"
     inkscape:window-y="24"
     inkscape:window-maximized="1"
     inkscape:current-layer="svg2" />
  <metadata
     id="metadata4">
Created by potrace 1.10, written by Peter Selinger 2001-2011
<rdf:RDF>
  <cc:Work
     rdf:about="">
    <dc:format>image/svg+xml</dc:format>
    <dc:type
       rdf:resource="http://purl.org/dc/dcmitype/StillImage" />
  </cc:Work>
</rdf:RDF>
</metadata>
  <g
     transform="translate(0.000000,591.000000) scale(0.100000,-0.100000)"
     fill="#000000"
     stroke="none"
     id="g6">
    <path
       d="M128 5692 c-40 -3 -51 -8 -69 -33 -20 -28 -21 -34 -9 -72 18 -62 18 -60 6 -82 -12 -21 -12 -23 -21 -1259 -5 -624 -3 -722 9 -742 19 -28 20 -57 6 -224 -11 -134 -6 -265 11 -286 8 -10 10 -52 11 -209 0 -699 1 -676 -22 -697 -20 -19 -20 -26 -17 -226 2 -114 9 -221 15 -238 7 -22 7 -85 0 -200 -8 -143 -7 -178 6 -229 8 -33 17 -112 19 -176 2 -64 7 -121 11 -128 9 -14 58 -14 145 1 64 11 72 10 91 -7 17 -15 24 -16 45 -7 14 6 38 9 54 6 17 -4 43 -2 59 4 18 6 60 6 118 1 86 -9 288 -11 2404 -24 1488 -10 3703 -17 4000 -14 327 4 648 3 675 -2 19 -4 20 3 25 248 l5 251 31 38 c22 27 42 41 70 47 21 4 172 7 335 5 317 -3 320 -4 340 -55 10 -28 29 -30 29 -4 0 11 -17 33 -37 48 l-36 28 -169 -4 -168 -3 -10 27 c-6 16 -10 169 -10 396 0 341 -5 412 -25 348 -4 -11 -18 -24 -32 -30 -39 -14 -149 -11 -190 7 -52 22 -133 115 -133 153 0 37 48 122 72 129 10 2 18 8 18 12 0 35 72 53 89 23 7 -14 0 -27 -39 -64 -55 -52 -67 -84 -54 -138 8 -30 14 -37 39 -39 17 -2 38 -11 47 -19 12 -10 26 -13 45 -8 21 5 24 8 12 16 -7 5 -21 9 -30 9 -9 0 -19 7 -23 15 -3 8 -12 15 -21 15 -36 0 -40 84 -4 95 10 3 21 14 24 23 7 21 44 49 77 57 16 4 31 0 47 -14 13 -12 28 -21 33 -21 5 0 13 -11 18 -25 26 -68 30 -17 28 338 -3 316 -5 362 -18 358 -61 -15 -60 -16 -60 27 0 47 14 61 39 38 10 -9 23 -16 29 -16 9 0 12 280 12 1157 0 762 -3 1154 -10 1147 -6 -6 -12 -335 -17 -897 -4 -621 -10 -890 -17 -895 -6 -3 -38 -5 -71 -3 -42 2 -72 -3 -105 -17 -128 -56 -167 -79 -187 -109 -9 -16 -26 -36 -37 -45 -18 -15 -19 -19 -6 -28 8 -5 27 -10 41 -10 23 0 28 -6 33 -35 10 -49 -19 -97 -39 -65 -3 6 -18 10 -32 10 -23 0 -25 -3 -19 -34 5 -24 3 -35 -8 -39 -8 -3 -20 -18 -28 -33 -7 -16 -25 -31 -41 -35 -37 -10 -60 23 -51 72 11 61 29 79 79 79 45 0 45 0 45 35 0 39 -14 46 -30 15 -7 -12 -21 -20 -38 -20 -35 -1 -72 -34 -100 -90 -18 -37 -19 -46 -8 -60 7 -8 16 -23 19 -32 3 -9 24 -29 47 -43 48 -30 52 -61 15 -101 -14 -15 -25 -33 -25 -39 0 -20 -47 -27 -144 -20 -76 6 -94 11 -108 29 -15 18 -26 21 -88 19 -70 -2 -74 -4 -119 -45 -44 -41 -46 -46 -51 -108 -8 -89 3 -121 57 -174 46 -45 47 -46 112 -46 45 0 74 5 90 16 15 11 26 13 33 6 17 -17 11 -83 -9 -111 -28 -38 -30 -129 -3 -181 11 -21 20 -52 20 -68 0 -16 8 -40 18 -53 11 -15 16 -32 12 -44 -12 -41 -34 -75 -57 -90 -12 -9 -23 -22 -23 -30 0 -8 -4 -15 -9 -15 -28 0 -33 -146 -5 -157 20 -7 17 -33 -6 -68 -11 -16 -20 -37 -20 -45 0 -9 -17 -36 -39 -62 -31 -38 -39 -58 -45 -103 -3 -32 -11 -66 -17 -77 -19 -36 -27 -182 -19 -356 4 -94 12 -178 18 -185 5 -6 12 -36 14 -65 3 -34 11 -57 23 -66 9 -7 16 -21 14 -32 -6 -29 -81 -32 -109 -4 -18 18 -21 32 -19 86 1 35 -1 67 -4 71 -4 3 -134 8 -289 10 -156 2 -353 7 -438 12 -85 4 -256 6 -378 4 -228 -4 -252 -1 -252 34 0 31 -53 124 -84 148 -36 27 -47 65 -50 170 -1 43 2 50 19 53 11 2 29 18 40 35 11 18 32 38 47 44 14 8 29 25 33 40 4 16 12 34 18 42 20 23 32 150 25 255 -6 88 -10 107 -45 174 -22 43 -48 79 -60 85 -13 6 -23 16 -23 23 0 39 -118 101 -201 106 -72 4 -77 -18 -7 -27 62 -9 94 -23 126 -58 13 -14 37 -31 53 -37 21 -9 30 -21 35 -49 4 -20 15 -41 24 -48 9 -7 27 -34 38 -62 25 -57 38 -215 25 -296 l-8 -50 -44 0 c-51 0 -61 -15 -32 -44 27 -27 27 -41 -1 -41 -12 0 -33 -14 -48 -32 -28 -33 -50 -32 -50 3 0 10 -7 19 -15 19 -12 0 -14 -8 -9 -40 7 -44 -6 -70 -37 -70 -21 0 -39 27 -40 62 -1 19 -3 18 -11 -9 -15 -46 -76 -68 -138 -49 l-45 13 -5 67 c-3 36 -9 66 -15 66 -6 0 -11 -35 -13 -81 -3 -76 -4 -80 -25 -77 -14 2 -28 16 -39 38 -13 29 -18 32 -23 17 -11 -27 -39 -20 -74 21 -18 20 -47 42 -65 48 -24 8 -32 17 -34 40 -2 16 -12 38 -22 49 -10 11 -21 37 -25 57 -4 20 -16 44 -26 54 -26 23 -28 144 -3 165 18 15 58 98 68 143 9 35 45 86 63 86 7 0 17 8 22 19 6 10 25 24 43 32 18 7 37 19 41 26 4 7 23 13 42 13 41 0 85 16 85 30 0 14 -98 2 -127 -16 -12 -8 -34 -14 -48 -14 -18 0 -28 -7 -35 -25 -5 -14 -13 -25 -18 -25 -5 0 -30 -21 -55 -46 -33 -33 -47 -54 -47 -73 0 -16 -8 -36 -19 -45 -10 -9 -21 -31 -25 -48 -3 -17 -13 -36 -22 -43 -12 -8 -17 -35 -21 -97 -5 -74 -3 -92 16 -134 52 -115 70 -141 132 -193 35 -30 65 -63 67 -72 2 -10 -4 -34 -14 -54 -13 -27 -14 -38 -5 -49 17 -21 -12 -74 -45 -82 -29 -8 -53 -56 -62 -129 l-7 -50 -265 -5 c-146 -3 -271 -9 -278 -14 -8 -4 -85 -11 -172 -15 -87 -3 -162 -9 -165 -13 -4 -4 -8 -36 -9 -72 -1 -37 -8 -72 -14 -78 -14 -14 -197 -13 -476 2 -128 7 -174 13 -193 26 -26 16 -26 17 -20 120 6 112 17 144 48 144 11 0 35 16 55 35 19 19 43 35 52 35 31 0 62 29 62 59 0 15 9 36 20 46 24 22 28 106 6 124 -8 7 -18 27 -21 44 -4 18 -14 40 -22 49 -21 23 -99 47 -147 45 l-40 -2 -23 65 c-13 36 -32 72 -43 80 -10 8 -22 32 -25 52 -4 20 -13 39 -20 42 -7 2 -16 25 -19 50 -5 31 -12 46 -22 46 -12 0 -14 15 -12 83 2 45 -1 89 -5 98 -11 23 13 31 108 34 72 2 86 6 128 35 71 48 59 67 -23 34 -26 -11 -54 -14 -80 -10 -22 3 -57 9 -78 12 -33 5 -39 2 -61 -27 -22 -29 -25 -46 -29 -141 -3 -63 0 -113 5 -120 6 -7 13 -26 17 -42 4 -16 16 -41 27 -54 19 -25 26 -82 10 -82 -5 0 -11 5 -13 12 -10 28 -164 101 -198 94 -66 -13 -65 -13 -68 27 -2 24 2 45 11 55 8 10 18 28 22 42 4 14 16 39 26 57 20 32 31 166 15 191 -14 23 -34 0 -40 -46 -9 -80 -18 -122 -27 -128 -5 -3 -9 -14 -9 -25 0 -26 -33 -89 -59 -113 -12 -11 -21 -25 -21 -31 0 -7 -9 -24 -20 -38 -11 -14 -20 -39 -20 -55 0 -48 -17 -82 -40 -82 -11 0 -20 4 -20 10 0 5 -10 20 -22 33 -94 100 -96 103 -107 177 -9 54 -9 76 0 86 7 8 8 21 3 31 -4 10 -8 36 -8 58 -1 33 -4 40 -21 40 -14 0 -21 9 -25 30 -9 47 7 81 43 92 25 7 32 14 32 33 0 20 -6 26 -28 28 -21 3 -27 7 -22 21 9 30 -24 48 -94 49 -35 1 -69 6 -76 12 -8 7 -22 6 -44 -1 -39 -14 -55 -2 -46 32 4 17 17 28 41 35 34 11 35 11 41 -18 5 -24 10 -29 27 -24 12 4 47 9 78 12 78 9 113 44 110 110 -1 36 4 53 25 81 22 29 31 34 54 29 16 -3 31 -1 34 3 17 28 115 68 180 75 43 4 74 12 81 21 6 8 18 15 26 15 8 0 19 5 25 11 6 6 26 9 44 7 25 -2 35 -9 37 -23 2 -11 13 -30 24 -41 19 -22 19 -22 -7 -81 -17 -37 -38 -66 -55 -76 -41 -25 -156 -32 -207 -13 -39 14 -44 14 -59 -1 -15 -16 -15 -18 9 -37 l25 -21 -24 -30 c-29 -37 -31 -55 -4 -55 11 0 36 -7 55 -14 32 -14 35 -19 35 -55 0 -88 32 -112 108 -79 54 22 76 68 66 133 -5 36 -2 49 15 71 12 15 21 38 21 51 0 14 17 46 37 71 21 26 38 48 39 50 5 10 33 -14 38 -34 4 -13 19 -32 34 -41 15 -10 30 -22 34 -27 10 -15 98 32 107 57 5 13 12 53 16 89 7 63 6 67 -18 83 -25 16 -36 50 -41 130 -1 22 -5 48 -10 57 -14 29 15 73 51 76 24 2 37 -4 62 -30 33 -36 37 -48 20 -65 -7 -7 -8 -17 -2 -27 8 -15 11 -14 31 4 25 24 25 23 12 71 -15 53 -39 70 -111 75 -76 6 -79 8 -79 43 0 15 -6 35 -12 44 -11 14 -19 15 -52 6 -59 -16 -126 -3 -157 31 -39 42 -117 61 -230 58 -84 -3 -95 -5 -104 -24 -30 -61 -62 -69 -104 -26 -15 15 -57 51 -94 80 -61 49 -69 52 -121 52 l-55 0 -26 -53 c-30 -64 -32 -98 -6 -121 11 -10 22 -28 25 -42 4 -13 20 -31 37 -40 l31 -16 -43 -46 c-24 -25 -52 -52 -61 -60 -41 -31 0 -82 66 -82 37 0 48 -5 80 -40 22 -24 46 -40 59 -40 12 0 32 -7 45 -15 19 -14 20 -19 10 -38 -24 -43 -62 -102 -79 -122 -10 -11 -19 -33 -21 -50 -4 -36 -25 -42 -79 -25 -21 7 -46 9 -56 5 -10 -4 -28 -7 -39 -6 -20 2 -103 -60 -130 -97 -7 -9 -9 -42 -6 -83 4 -65 3 -69 -26 -98 -18 -19 -41 -31 -56 -31 -21 0 -28 -6 -33 -30 -9 -46 -29 -52 -150 -42 -114 10 -140 24 -129 67 19 69 17 130 -8 267 -15 79 -32 151 -37 161 -12 22 5 55 34 66 12 5 54 14 92 21 39 7 77 18 85 25 8 6 29 17 47 24 17 7 38 20 46 29 27 32 87 152 88 179 2 29 -52 142 -80 166 -25 23 -114 67 -133 67 -17 0 -95 -28 -155 -55 -17 -8 -41 -15 -52 -15 -12 0 -39 -12 -60 -26 -51 -33 -91 -30 -109 9 -18 36 -8 93 18 107 28 15 80 128 80 172 0 36 -26 78 -49 78 -5 0 -12 9 -16 19 -3 11 -16 23 -28 27 -53 15 -86 37 -91 59 -3 13 -14 26 -24 29 -9 4 -44 31 -76 61 -66 61 -100 70 -132 34 -26 -28 -26 -149 -1 -177 26 -28 22 -88 -8 -117 -13 -14 -34 -25 -45 -25 -27 0 -112 21 -125 30 -9 8 -55 13 -82 11 -7 -1 -13 -5 -13 -11 0 -14 -46 -79 -75 -106 -30 -28 -45 -30 -85 -9 -35 18 -50 43 -50 84 0 29 -5 35 -112 152 -27 30 -62 36 -118 20 -38 -11 -61 -84 -67 -215 -3 -72 -10 -117 -19 -132 -18 -27 -10 -130 13 -180 17 -37 85 -89 134 -101 32 -9 34 -12 37 -56 4 -55 27 -77 83 -77 34 0 39 -3 49 -36 16 -47 4 -238 -15 -254 -8 -6 -17 -25 -20 -41 -4 -16 -14 -33 -24 -38 -29 -16 -65 -190 -54 -260 8 -46 77 -152 143 -219 46 -46 52 -56 47 -85 -13 -81 -36 -166 -55 -207 -12 -25 -22 -56 -22 -70 0 -14 -9 -51 -20 -83 -11 -31 -20 -63 -20 -70 0 -8 -8 -21 -19 -31 -11 -10 -21 -37 -24 -66 -3 -27 -13 -63 -22 -80 -9 -17 -20 -56 -26 -88 -6 -31 -17 -64 -24 -72 -7 -8 -17 -32 -20 -54 -9 -44 -46 -115 -75 -141 -34 -31 -294 -44 -337 -17 -9 5 -14 126 -18 417 -5 327 -9 421 -21 467 -15 52 -15 60 2 110 17 48 18 98 18 578 1 289 0 626 -1 748 -2 215 -3 224 -23 229 -11 3 -20 10 -20 15 0 18 33 73 37 61 8 -23 38 -13 66 22 31 39 42 42 69 18 17 -16 20 -16 36 1 13 12 17 34 17 83 0 71 11 86 42 58 44 -38 82 -65 93 -65 7 0 32 16 56 35 42 34 43 35 54 15 16 -30 67 -27 82 5 7 15 20 25 32 25 50 0 65 11 59 40 -4 24 2 35 47 78 55 53 82 64 120 50 42 -15 51 -4 44 52 -9 70 2 80 87 80 37 0 71 5 74 10 9 15 -4 50 -20 50 -17 0 -28 31 -19 54 5 13 14 16 33 11 14 -3 54 -7 89 -9 67 -2 77 7 41 37 -17 15 -18 21 -8 34 12 13 15 13 30 -6 18 -22 82 -30 94 -11 13 21 56 9 93 -25 22 -19 57 -43 78 -52 21 -10 51 -26 65 -36 14 -9 51 -22 82 -28 31 -5 73 -17 92 -25 57 -23 196 -22 172 2 -9 10 -80 24 -121 24 -22 0 -47 7 -56 15 -9 8 -39 18 -66 21 -27 3 -60 14 -74 24 -14 10 -41 21 -60 25 -40 9 -90 43 -90 62 0 7 -15 19 -32 26 -68 29 -187 152 -188 195 0 6 -7 12 -15 12 -21 0 -63 68 -70 115 -4 22 -15 60 -25 85 -12 29 -19 71 -19 115 -1 76 18 224 30 240 4 6 13 42 20 80 9 55 19 79 45 109 19 22 34 44 34 49 0 5 11 22 25 39 14 16 25 35 25 42 0 29 185 166 224 166 6 0 29 17 49 37 33 31 48 38 110 47 63 10 72 14 75 34 2 12 -3 24 -10 27 -25 8 -222 15 -593 20 -347 5 -426 6 -615 2 -41 -1 -131 1 -200 3 -69 3 -146 4 -172 2z m882 -1188 c0 -9 -7 -14 -17 -12 -25 5 -28 28 -4 28 12 0 21 -6 21 -16z m80 -124 c0 -24 -26 -38 -42 -22 -16 16 -2 42 22 42 13 0 20 -7 20 -20z m-89 -53 c-13 -13 -26 -3 -16 12 3 6 11 8 17 5 6 -4 6 -10 -1 -17z m-270 -40 c-13 -13 -26 -3 -16 12 3 6 11 8 17 5 6 -4 6 -10 -1 -17z m-238 -82 c-4 -15 -36 -12 -41 3 -3 9 3 13 19 10 13 -1 23 -7 22 -13z m397 -5 c10 -5 23 -23 28 -40 7 -20 18 -30 31 -30 30 0 35 -19 6 -26 -34 -9 -53 1 -67 33 -7 15 -24 38 -38 50 l-25 22 23 1 c13 0 32 -4 42 -10z m-230 -77 c0 -7 -9 -13 -20 -13 -21 0 -25 15 -13 46 6 16 7 16 20 -2 7 -10 13 -24 13 -31z m-170 -38 c0 -8 -5 -15 -10 -15 -6 0 -20 -11 -32 -25 -29 -33 -38 -32 -38 8 0 42 5 47 47 47 23 0 33 -5 33 -15z m130 -69 c0 -14 -5 -28 -10 -31 -13 -8 -24 20 -16 40 9 24 26 17 26 -9z m-87 -94 c7 -36 12 -42 33 -42 15 0 24 -6 24 -15 0 -25 -39 -17 -70 15 -28 29 -39 68 -23 84 14 14 28 -2 36 -42z m-110 -107 c-4 -15 -36 -12 -41 3 -3 9 3 13 19 10 13 -1 23 -7 22 -13z m848 -90 c19 -8 45 -28 59 -45 55 -69 112 -118 149 -131 55 -19 99 -119 71 -159 -9 -13 -12 -13 -24 3 -16 21 -39 22 -56 2 -17 -21 -37 -19 -45 4 -5 16 -13 18 -53 14 -26 -3 -51 -9 -56 -14 -16 -14 -48 -10 -68 8 -22 20 -22 32 -3 69 20 40 19 81 -5 119 -20 32 -29 112 -16 133 9 15 7 15 47 -3z m-657 -215 c25 -44 46 -84 46 -88 0 -5 14 -37 32 -71 l31 -61 72 0 c92 0 107 -11 112 -81 6 -66 -12 -111 -62 -159 -30 -29 -37 -32 -45 -20 -16 25 -11 47 12 54 19 4 20 8 10 18 -11 11 -16 10 -26 -4 -7 -10 -21 -18 -30 -18 -9 0 -16 -7 -16 -15 0 -8 -9 -20 -20 -27 -11 -7 -20 -18 -20 -24 0 -16 -24 -24 -40 -14 -9 6 -6 17 16 44 16 20 35 36 42 36 8 0 12 6 9 13 -6 19 -128 13 -142 -7 -14 -19 -72 -21 -109 -5 -47 22 -56 80 -42 279 7 102 12 128 27 143 10 10 19 30 19 46 0 35 6 41 45 41 30 0 36 -6 79 -80z m7214 17 c2 -44 0 -59 -12 -63 -9 -3 -16 -11 -16 -18 0 -6 -4 -17 -9 -25 -11 -16 -51 -6 -51 14 0 8 -10 21 -22 29 -18 13 -19 18 -8 31 7 8 17 15 23 15 17 0 47 32 47 51 0 17 17 29 35 25 6 -1 11 -28 13 -59z m162 18 c20 -24 4 -45 -35 -45 -30 0 -35 3 -35 24 0 35 46 49 70 21z m-6908 -143 c24 -12 62 -22 84 -22 39 0 53 -7 118 -61 17 -15 50 -37 74 -49 23 -12 42 -27 42 -33 0 -5 18 -26 39 -46 22 -20 43 -49 46 -63 4 -15 13 -32 21 -39 37 -30 -8 -99 -65 -99 -33 0 -43 8 -58 43 -7 15 -17 27 -23 27 -5 0 -10 -12 -10 -27 0 -16 -10 -40 -23 -55 -21 -25 -43 -33 -192 -69 -22 -6 -49 -16 -60 -23 -11 -7 -46 -16 -77 -20 -34 -5 -61 -13 -66 -22 -5 -8 -34 -21 -65 -28 l-57 -13 -30 44 -30 44 23 10 c12 6 31 27 42 47 16 30 26 37 50 37 27 0 31 -4 35 -35 6 -41 36 -51 76 -26 32 22 34 66 2 66 -43 0 -79 66 -47 86 6 3 20 27 31 51 12 27 28 48 41 51 l21 5 -22 8 c-13 5 -25 23 -32 50 -7 26 -18 43 -31 46 -16 5 -19 14 -19 68 0 41 4 65 13 69 24 11 105 -1 149 -22z m6816 -4 c2 -12 -6 -20 -27 -25 -17 -5 -39 -22 -53 -43 -37 -54 -135 -68 -115 -16 4 10 19 16 42 16 25 0 38 5 42 18 4 9 18 29 32 44 29 31 74 34 79 6z m122 -58 c22 -11 40 -27 40 -35 0 -35 -83 -46 -145 -21 -19 8 -35 19 -35 23 1 25 35 45 93 52 4 1 26 -8 47 -19z m-5590 -25 c13 -14 29 -25 36 -25 6 0 28 -20 49 -45 25 -31 60 -57 108 -81 40 -19 81 -43 92 -53 11 -10 40 -21 64 -24 49 -6 61 -18 61 -64 0 -26 -9 -39 -52 -76 -89 -75 -149 -100 -220 -91 -60 8 -81 29 -45 45 14 6 28 20 30 31 3 11 10 17 16 13 17 -10 51 4 51 21 0 19 -48 18 -88 -2 -17 -8 -42 -16 -54 -16 -50 -3 -114 3 -128 12 -12 8 -12 11 1 27 9 10 19 26 22 36 4 10 17 17 31 17 14 0 32 8 42 17 10 10 34 18 60 18 25 1 47 5 50 8 11 11 -7 27 -30 27 -32 0 -140 60 -164 90 -32 42 -34 69 -5 106 30 41 42 42 73 9z m-960 -30 c13 -16 6 -35 -15 -35 -18 0 -28 17 -21 35 7 19 20 19 36 0z m1470 -55 c8 -10 28 -21 44 -24 15 -4 40 -15 55 -25 14 -10 45 -30 69 -45 23 -14 42 -31 42 -36 0 -6 8 -10 18 -10 17 -1 72 -64 72 -84 -1 -16 -175 -96 -210 -96 -16 0 -38 -8 -48 -17 -23 -24 -98 -57 -110 -49 -5 3 -15 -1 -22 -9 -8 -10 -30 -15 -61 -15 -38 0 -52 -4 -61 -20 -9 -14 -24 -20 -50 -20 -52 0 -51 26 1 35 26 4 41 13 44 24 3 13 30 26 89 45 46 14 87 26 91 26 4 0 16 9 27 20 14 14 33 20 65 20 38 0 45 3 45 19 0 16 -8 20 -42 23 l-43 3 0 45 c0 33 -4 45 -15 45 -12 0 -15 -13 -15 -57 -1 -63 -6 -74 -31 -64 -13 5 -15 9 -6 18 7 7 12 29 12 50 0 30 -6 42 -30 60 -18 13 -30 31 -30 45 0 31 26 30 34 -2 4 -16 13 -25 26 -25 16 0 20 7 20 35 0 40 -20 55 -72 55 -45 0 -63 18 -42 41 21 23 111 15 134 -11z m4790 -10 c0 -24 -7 -35 -35 -51 -19 -11 -37 -30 -41 -42 -3 -12 -15 -30 -25 -40 -11 -10 -19 -27 -19 -37 0 -23 -22 -26 -39 -7 -8 10 -5 25 11 58 12 24 21 56 20 70 -3 35 18 59 58 69 63 15 70 13 70 -20z m-5761 -54 c25 -16 49 -35 53 -40 4 -6 8 -50 8 -98 0 -85 0 -86 -32 -112 -18 -14 -41 -33 -50 -42 -21 -20 -52 -14 -56 11 -7 46 -12 51 -30 29 -9 -12 -38 -32 -65 -44 -28 -14 -55 -37 -67 -57 -15 -26 -26 -33 -49 -33 -16 0 -33 5 -36 10 -11 18 -35 11 -35 -10 0 -26 23 -72 45 -90 9 -8 13 -20 9 -32 -3 -10 1 -29 10 -42 8 -13 14 -37 14 -53 -1 -16 5 -45 11 -65 17 -52 19 -215 3 -260 -16 -46 -48 -58 -149 -58 -84 0 -97 12 -65 57 27 39 42 118 34 183 -7 53 -8 55 -39 58 -37 4 -49 -12 -59 -77 -7 -45 -23 -52 -52 -23 -14 14 -21 41 -25 98 -7 75 -39 198 -58 219 -5 5 -9 21 -9 35 0 14 -4 30 -9 35 -10 12 -41 103 -41 122 0 17 61 17 79 1 11 -11 15 -9 25 6 24 40 44 53 96 59 29 4 60 13 70 22 9 8 22 15 29 15 26 0 61 49 61 84 0 30 6 39 38 60 20 13 57 27 82 30 24 4 50 11 56 17 44 36 138 29 203 -15z m5906 24 c0 -18 -33 -26 -47 -12 -6 6 -7 15 -3 22 10 16 50 8 50 -10z m-4647 -32 c7 -7 12 -22 12 -35 0 -18 -6 -23 -24 -23 -30 0 -50 23 -41 50 7 22 34 27 53 8z m4564 -52 c5 -6 0 -18 -11 -26 -10 -9 -23 -26 -30 -38 -6 -12 -17 -22 -23 -22 -6 0 -19 -7 -28 -15 -9 -9 -25 -12 -39 -8 -20 5 -22 8 -9 17 8 6 20 28 27 49 18 54 37 69 75 61 17 -3 34 -12 38 -18z m76 -43 c-2 -10 -13 -19 -25 -21 -13 -2 -23 -12 -25 -24 -2 -12 -9 -23 -15 -26 -17 -5 -17 35 0 45 8 4 16 16 20 26 3 9 16 17 27 17 15 0 20 -5 18 -17z m-638 -43 c13 -21 76 -30 205 -30 148 0 189 -13 254 -82 19 -21 43 -38 52 -38 22 0 37 -20 45 -57 5 -25 2 -31 -16 -36 -19 -5 -21 -10 -16 -32 11 -42 45 -82 76 -88 61 -13 44 -47 -65 -127 -78 -58 -103 -99 -104 -174 -1 -61 1 -66 44 -122 25 -31 45 -61 45 -66 0 -5 -15 -24 -34 -43 -40 -40 -106 -61 -145 -47 -14 6 -38 13 -53 16 -16 4 -28 13 -28 21 0 7 -18 29 -40 47 -23 18 -50 50 -61 72 -12 21 -32 49 -45 61 -17 16 -28 40 -34 76 -4 30 -13 67 -19 82 -15 40 -14 108 4 150 8 20 15 48 15 62 0 18 14 40 41 67 48 48 42 68 -16 51 -24 -8 -57 -8 -100 -2 -41 6 -74 5 -90 -1 -43 -16 -70 -12 -96 18 -14 15 -31 45 -38 68 -11 34 -11 46 3 77 8 20 25 41 38 46 13 5 32 19 43 31 17 19 27 22 74 17 30 -3 57 -11 61 -17z m-6539 -70 c21 -12 26 -46 7 -52 -21 -7 -70 4 -75 18 -14 37 25 57 68 34z m2573 -32 c11 -31 -15 -92 -47 -109 -23 -13 -40 -56 -28 -76 9 -17 13 -13 36 32 13 25 67 32 84 11 7 -8 11 -35 9 -62 -3 -42 -7 -49 -37 -66 -36 -20 -51 -14 -51 24 0 18 -47 48 -75 48 -10 0 -15 10 -15 30 0 19 -10 40 -30 60 -33 34 -35 42 -20 71 7 12 21 19 40 19 20 0 38 9 52 25 30 34 69 31 82 -7z m4621 -28 c8 -13 -20 -24 -41 -16 -20 8 -9 26 16 26 10 0 22 -5 25 -10z m-6690 -72 c9 -24 21 -69 26 -102 6 -32 20 -79 33 -105 29 -56 44 -125 52 -236 7 -82 6 -86 -29 -157 -19 -40 -41 -92 -48 -115 -11 -41 -34 -70 -98 -125 -37 -33 -41 -77 -11 -115 16 -21 20 -41 20 -112 0 -85 -1 -87 -40 -141 -22 -30 -46 -67 -52 -82 -27 -61 -88 -14 -88 66 0 35 1 36 39 36 41 0 56 16 40 41 -16 26 -9 72 16 105 20 26 22 34 11 43 -20 17 -44 3 -51 -30 -5 -20 -16 -34 -32 -40 -18 -7 -23 -14 -18 -27 4 -9 9 -21 11 -27 2 -5 -5 -21 -16 -35 l-20 -25 -19 22 c-17 20 -17 27 -6 76 22 94 36 126 63 146 34 25 25 43 -44 89 -27 17 -62 43 -78 57 -15 14 -32 25 -38 25 -16 0 -78 52 -78 65 0 7 -10 25 -22 40 -14 18 -22 44 -24 79 -2 28 -4 67 -6 86 -3 31 0 35 19 32 27 -4 41 18 19 30 -22 12 -20 37 6 65 20 21 21 28 11 64 -10 38 -9 42 18 70 34 35 35 44 9 66 -27 24 -26 31 18 81 30 36 46 45 86 53 27 5 57 16 66 24 9 8 27 15 41 15 13 0 40 8 59 19 20 10 57 19 86 20 l52 1 17 -42z m6763 30 c-3 -7 -13 -13 -23 -13 -10 0 -20 6 -22 13 -3 7 5 12 22 12 17 0 25 -5 23 -12z m92 -49 c0 -12 -33 -20 -43 -10 -5 5 -6 22 -3 38 l8 28 19 -25 c10 -14 19 -28 19 -31z m-5090 -274 c0 -32 -2 -35 -30 -35 -35 0 -34 -2 -14 38 21 44 44 42 44 -3z m-631 -139 c13 -16 -1 -66 -19 -66 -25 0 -70 32 -70 50 0 18 7 21 66 29 6 0 17 -5 23 -13z m89 -14 c4 -14 -34 -16 -42 -3 -6 10 13 21 28 17 6 -1 12 -8 14 -14z m58 -48 c-5 -13 -10 -14 -18 -6 -6 6 -8 18 -4 28 5 13 10 14 18 6 6 -6 8 -18 4 -28z m-36 -76 c0 -15 -51 -8 -57 8 -9 24 18 36 39 17 10 -9 18 -20 18 -25z m-215 -3 c22 -8 51 -15 65 -15 45 0 71 -12 68 -29 -3 -17 -68 -28 -185 -30 -104 -2 -120 17 -51 62 48 31 49 31 103 12z m-847 -17 c7 -7 12 -20 12 -30 0 -14 -8 -18 -35 -18 -38 0 -44 13 -18 42 19 21 25 22 41 6z m1079 -64 c3 -8 17 -20 30 -25 30 -11 25 -33 -8 -37 -36 -6 -50 -21 -43 -48 7 -27 -7 -32 -25 -10 -9 11 -9 19 1 35 11 18 10 26 -4 51 -16 28 -16 30 0 40 25 14 42 12 49 -6z m4942 -46 c1 -21 -27 -24 -35 -4 -3 8 0 25 7 37 12 23 12 23 20 4 4 -11 8 -28 8 -37z m-5059 17 c27 -32 -15 -58 -64 -39 -19 7 -21 40 -3 47 24 10 55 7 67 -8z m-364 -67 c-20 -14 -66 -9 -73 8 -3 8 0 27 6 41 l12 25 33 -33 c21 -22 29 -37 22 -41z m-628 -38 c-2 -8 -11 -16 -21 -18 -13 -3 -17 3 -17 26 0 16 3 32 7 36 10 10 34 -25 31 -44z m232 43 c-8 -3 -23 -10 -32 -15 -13 -6 -18 -5 -18 7 0 10 10 15 33 14 17 0 25 -3 17 -6z m1345 -309 c48 -17 84 -38 106 -60 18 -19 40 -34 49 -34 9 0 27 -11 40 -25 21 -22 23 -34 22 -95 0 -39 -4 -75 -7 -80 -4 -6 -21 -8 -41 -4 -32 6 -35 4 -51 -32 -16 -38 -30 -185 -36 -399 -3 -87 -4 -90 -33 -107 -18 -12 -39 -16 -56 -12 -15 3 -42 1 -61 -4 -32 -9 -38 -7 -66 22 l-32 33 3 134 c3 148 -16 350 -36 389 -8 14 -17 57 -21 96 -7 72 0 100 32 132 7 7 13 19 13 25 0 16 49 45 78 46 13 1 57 -11 97 -25z m4260 -343 c6 -28 -2 -81 -13 -81 -12 0 -42 34 -42 47 0 17 29 63 40 63 5 0 11 -13 15 -29z m-2025 -38 c12 -21 23 -51 24 -68 1 -26 -2 -30 -24 -28 -45 3 -84 16 -123 40 -31 20 -37 28 -31 46 12 39 25 47 79 47 51 0 54 -2 75 -37z m-2032 -20 c-2 -30 -8 -38 -32 -46 -21 -7 -30 -6 -37 4 -17 28 -9 50 24 64 46 20 49 19 45 -22z m2000 -118 c12 -10 11 -18 -2 -43 -9 -17 -16 -42 -16 -55 0 -38 -19 -47 -96 -47 -128 0 -147 21 -98 105 21 37 32 46 67 53 51 11 127 4 145 -13z"
       id="path8" />
    <path
       d="M1040 3305 c0 -12 7 -15 25 -13 14 2 26 8 26 13 0 6 -12 11 -26 13 -18 2 -25 -1 -25 -13z"
       id="path10" />
    <path
       d="M1100 3162 c-28 -9 -100 -94 -100 -117 0 -38 26 -57 68 -49 55 11 132 68 132 99 0 2 -19 -3 -42 -11 -47 -16 -88 -12 -88 11 0 7 9 16 19 20 25 8 42 28 33 41 -4 6 -14 9 -22 6z"
       id="path12" />
    <path
       d="M824 2899 c-3 -6 -2 -15 4 -21 15 -15 56 -5 60 15 3 13 -3 17 -27 17 -16 0 -33 -5 -37 -11z"
       id="path14" />
    <path
       d="M1393 2803 c-29 -3 -46 -10 -53 -23 -14 -26 -1 -31 68 -25 64 5 93 13 104 29 17 25 -6 29 -119 19z"
       id="path16" />
    <path
       d="M7494 2795 c-4 -8 -12 -15 -19 -15 -25 0 -27 -20 -5 -50 24 -34 53 -39 72 -12 7 10 25 22 41 26 15 3 27 13 27 22 0 12 -7 14 -32 9 -18 -4 -40 -12 -50 -18 -21 -14 -36 -1 -20 15 15 15 16 38 2 38 -6 0 -13 -7 -16 -15z"
       id="path18" />
    <path
       d="M7536 2181 c-15 -16 -15 -20 -1 -31 17 -14 65 -6 65 12 0 10 -29 37 -41 38 -3 0 -13 -8 -23 -19z"
       id="path20" />
    <path
       d="M1047 2294 c-10 -11 4 -54 30 -92 37 -56 29 -125 -18 -141 -24 -8 -35 -6 -68 16 -23 15 -46 42 -57 64 -18 42 -37 47 -42 11 -4 -25 33 -92 51 -92 6 0 29 -20 51 -44 33 -35 45 -42 62 -35 12 4 24 20 28 35 4 14 17 35 29 44 19 16 22 27 20 81 -2 36 -8 69 -17 78 -7 9 -17 27 -21 41 -10 33 -33 49 -48 34z"
       id="path22" />
    <path
       d="M2726 5622 c-8 -14 41 -52 69 -52 12 0 32 -11 44 -24 13 -13 39 -27 58 -31 35 -6 139 -81 157 -113 5 -9 22 -27 38 -40 16 -14 37 -41 48 -61 10 -21 33 -53 51 -72 32 -32 78 -112 79 -134 0 -6 14 -19 30 -29 30 -17 31 -17 61 8 17 14 35 26 40 26 5 0 26 15 46 34 21 18 50 36 65 40 15 3 33 13 42 21 8 8 26 15 41 15 14 0 45 8 68 19 23 10 67 24 97 31 30 7 105 25 167 41 61 15 140 31 175 34 35 3 105 13 156 22 66 11 114 13 160 8 37 -4 101 -9 142 -11 154 -7 391 -44 415 -64 7 -6 42 -18 77 -27 34 -9 68 -22 73 -29 6 -7 29 -18 53 -24 24 -6 57 -25 77 -45 24 -25 43 -35 65 -35 20 0 30 -5 30 -15 0 -8 14 -21 30 -30 17 -9 30 -20 30 -25 0 -6 7 -10 15 -10 8 0 15 4 15 9 0 15 -57 71 -73 71 -9 0 -34 18 -57 40 -23 22 -50 40 -60 40 -9 0 -23 7 -30 15 -7 8 -30 20 -51 27 -22 6 -39 15 -39 19 0 11 -57 28 -78 22 -11 -2 -27 3 -37 13 -17 18 -18 51 -3 169 3 17 -5 21 -55 29 -68 11 -82 3 -72 -43 7 -34 25 -40 45 -16 7 8 18 15 25 15 17 0 30 -57 17 -73 -13 -16 -148 -15 -164 1 -6 6 -11 35 -10 63 1 55 -20 105 -31 74 -8 -20 -41 -19 -62 1 -15 15 -17 15 -28 0 -10 -14 -17 -14 -45 -4 -42 16 -53 1 -46 -57 5 -38 4 -41 -29 -59 -31 -16 -39 -17 -72 -5 -20 8 -46 26 -57 41 -11 16 -25 28 -33 28 -17 0 -28 31 -15 44 7 7 20 6 43 -5 90 -44 110 -50 118 -37 15 23 3 33 -37 33 l-39 0 -3 46 -3 46 497 -3 498 -4 13 -32 c12 -29 12 -34 -3 -45 -12 -9 -15 -19 -9 -40 l8 -28 16 35 c9 20 31 54 48 75 l33 39 67 -16 c97 -24 142 -30 154 -22 13 8 313 6 334 -2 20 -8 37 -57 30 -86 -10 -39 12 -50 81 -39 32 5 77 14 98 20 33 8 42 7 52 -7 10 -14 40 -16 214 -18 217 -2 219 -2 206 51 -6 24 -8 24 -102 23 -82 -2 -97 -4 -105 -21 -10 -17 -12 -18 -36 -1 -40 25 -263 33 -286 9 -21 -21 -50 -12 -67 20 -11 20 -11 27 0 40 10 12 43 15 189 15 97 0 214 3 261 6 47 3 96 5 110 5 14 -1 54 -3 90 -5 36 -1 76 1 89 6 14 5 37 5 55 -1 47 -15 221 -21 650 -22 366 -1 390 -3 407 -20 27 -27 31 -24 27 23 l-3 42 -1200 1 c-944 0 -1205 3 -1222 13 -14 8 -65 13 -130 14 -123 1 -1064 0 -1553 -2 -179 -1 -530 1 -781 6 -321 5 -458 4 -463 -4z m1611 -92 c2 -30 4 -66 5 -80 3 -27 -17 -36 -56 -26 -20 5 -22 11 -21 58 3 74 19 110 48 106 19 -3 22 -9 24 -58z m335 -80 c16 -25 19 -25 48 0 29 25 43 14 38 -31 -3 -29 -7 -34 -32 -37 -60 -7 -104 26 -91 69 8 24 22 24 37 -1z"
       id="path24" />
    <path
       d="M5101 5506 c-16 -19 5 -63 33 -72 36 -12 88 -5 108 13 17 16 21 16 46 1 25 -15 58 -22 90 -19 7 1 12 15 12 36 0 35 0 35 -44 35 -24 0 -64 3 -89 6 -41 6 -48 4 -70 -20 l-25 -27 -10 31 c-12 32 -32 39 -51 16z"
       id="path26" />
    <path
       d="M5573 5499 c-6 -6 -7 -24 -4 -41 l6 -31 145 2 c80 1 149 6 155 10 5 5 19 5 30 0 11 -4 53 -8 93 -8 69 -1 72 0 72 22 0 13 -5 28 -12 35 -15 15 -64 16 -73 2 -4 -7 -11 -7 -18 -2 -7 5 -33 13 -58 16 -41 6 -50 4 -74 -19 -35 -31 -43 -31 -55 1 -8 21 -15 25 -38 20 -44 -9 -115 -11 -137 -3 -12 4 -26 2 -32 -4z"
       id="path28" />
    <path
       d="M6907 5493 c-4 -3 -7 -19 -7 -35 0 -28 1 -29 58 -28 31 0 73 -1 92 -3 34 -2 35 -1 38 36 3 40 1 43 -27 25 -15 -9 -25 -9 -46 0 -28 13 -97 16 -108 5z"
       id="path30" />
    <path
       d="M7231 5355 c-24 -21 -31 -23 -40 -11 -11 13 -17 12 -49 -1 -56 -23 -72 -41 -72 -83 0 -25 7 -43 23 -58 22 -21 22 -21 77 -2 30 11 68 19 83 20 15 0 30 7 33 15 10 25 34 17 34 -10 0 -27 18 -32 50 -15 11 6 64 11 118 11 54 0 103 3 109 7 6 4 16 24 21 46 6 21 19 47 28 57 18 20 12 53 -9 47 -6 -3 -14 -18 -17 -34 -5 -25 -10 -29 -35 -27 -39 3 -91 -22 -98 -47 -8 -30 -34 -24 -42 10 -7 33 -1 50 21 50 8 0 14 10 14 25 0 19 -5 25 -22 25 -28 0 -42 -10 -51 -32 -3 -9 -19 -24 -36 -32 -30 -16 -30 -15 -56 18 -35 46 -49 50 -84 21z m-33 -47 c23 -23 12 -46 -33 -73 -25 -14 -50 -23 -55 -20 -6 3 -10 23 -10 45 0 36 2 39 38 48 20 5 39 10 43 11 3 1 10 -4 17 -11z"
       id="path36" />
    <path
       d="M5370 5319 c0 -8 9 -25 18 -37 16 -21 29 -24 98 -28 104 -5 97 -5 192 2 76 6 84 8 94 30 15 33 -1 51 -30 33 -15 -10 -27 -10 -44 -2 -14 6 -31 7 -39 2 -16 -8 -154 -4 -241 7 -37 5 -48 3 -48 -7z"
       id="path38" />
    <path
       d="M5862 5299 c-13 -20 -6 -29 19 -29 10 0 26 -11 35 -25 25 -38 58 -42 95 -11 31 27 63 34 74 16 4 -6 15 -6 30 0 14 5 38 7 54 4 22 -5 29 -2 33 14 12 45 -1 49 -170 49 -140 0 -161 -3 -170 -18z"
       id="path40" />
    <path
       d="M6528 5314 c-4 -3 -58 -7 -122 -8 -114 -2 -150 -12 -124 -33 21 -17 84 -31 99 -23 7 5 16 7 19 5 3 -2 42 -6 85 -9 59 -5 84 -2 101 8 17 12 36 13 85 6 35 -4 91 -7 124 -6 53 1 61 4 74 28 9 15 13 30 9 33 -4 4 -59 2 -123 -4 -75 -7 -124 -7 -141 -1 -28 11 -77 13 -86 4z"
       id="path42" />
    <path
       d="M7016 5119 c-14 -17 -26 -40 -26 -52 0 -12 -9 -35 -20 -52 -26 -39 -26 -81 -1 -95 15 -7 23 -6 35 6 9 8 16 20 16 25 0 15 47 21 71 9 20 -11 25 -10 44 14 16 19 30 26 57 26 37 0 57 13 38 25 -21 13 -11 55 15 65 22 9 34 38 20 52 -3 2 -25 -5 -50 -16 -34 -16 -48 -29 -56 -54 -11 -34 -60 -68 -85 -58 -22 8 -17 61 6 77 19 13 20 16 5 37 -22 30 -38 28 -69 -9z"
       id="path46" />
    <path
       d="M7555 5122 c-6 -4 -18 -19 -28 -34 -23 -36 -51 -35 -79 2 -16 22 -30 30 -53 30 -35 0 -75 -24 -75 -45 0 -8 -11 -25 -25 -38 -31 -28 -25 -62 9 -52 84 24 343 28 384 6 17 -9 31 -10 50 -2 15 5 38 11 52 13 22 3 25 7 22 39 -1 23 3 41 13 49 26 21 6 30 -69 30 -76 0 -90 -7 -98 -45 -5 -30 -30 -24 -39 9 -11 40 -39 57 -64 38z m240 -57 c0 -13 -8 -21 -23 -23 -26 -4 -42 25 -21 39 22 14 44 6 44 -16z"
       id="path50" />
    <path
       d="M5450 5004 c0 -9 7 -28 15 -42 8 -15 19 -40 25 -55 14 -38 34 -24 27 19 -6 33 -44 94 -59 94 -4 0 -8 -7 -8 -16z"
       id="path72" />
    <path
       d="M7203 4903 c-40 -5 -42 -18 -6 -35 17 -8 30 -25 35 -45 8 -30 24 -50 34 -41 5 6 25 110 22 114 -7 7 -56 11 -85 7z"
       id="path78" />
    <path
       d="M7528 4903 c-51 -4 -57 -6 -63 -31 -10 -40 -24 -52 -61 -52 -19 0 -34 -4 -34 -10 0 -5 11 -10 24 -10 14 0 37 -5 52 -10 21 -8 31 -7 44 5 21 19 50 19 78 -1 19 -13 26 -13 38 -3 14 12 14 15 -5 30 -28 23 -26 43 6 58 22 10 24 14 12 22 -7 5 -18 8 -24 7 -5 -1 -35 -3 -67 -5z"
       id="path80" />
    <path
       d="M5540 4715 c0 -70 4 -115 10 -115 11 0 12 9 16 120 2 81 -2 110 -17 110 -5 0 -9 -51 -9 -115z"
       id="path82" />
    <path
       d="M5490 4501 c0 -10 -7 -24 -15 -31 -8 -7 -17 -27 -21 -46 -3 -19 -12 -34 -19 -34 -7 0 -15 -12 -18 -27 -7 -38 -1 -40 17 -6 8 16 22 35 30 42 9 8 16 23 16 35 0 12 7 31 15 42 17 22 19 44 5 44 -5 0 -10 -8 -10 -19z"
       id="path128" />
    <path
       d="M3037 4329 c-14 -10 -35 -19 -46 -19 -12 0 -24 -7 -27 -15 -7 -16 -104 -68 -168 -90 -23 -8 -70 -17 -105 -21 -50 -5 -65 -11 -68 -25 -5 -17 -16 -19 -97 -19 -98 0 -171 -14 -160 -32 16 -26 316 15 386 53 10 5 26 9 35 9 35 0 109 34 143 65 19 18 47 35 62 39 15 3 33 12 41 20 7 8 22 15 32 17 10 2 20 9 22 15 7 21 -25 23 -50 3z"
       id="path136" />
    <path
       d="M5372 4308 c-14 -14 -16 -38 -2 -38 13 0 32 38 22 44 -5 3 -14 0 -20 -6z"
       id="path138" />
    <path
       d="M3140 4251 c0 -19 14 -47 38 -78 20 -26 45 -60 54 -75 10 -14 27 -30 39 -33 12 -4 40 -25 63 -46 22 -22 50 -39 62 -39 12 0 32 -9 46 -19 13 -11 38 -23 54 -27 16 -4 38 -13 49 -20 11 -7 47 -16 80 -20 33 -4 80 -15 105 -24 25 -10 72 -21 105 -25 33 -4 75 -13 94 -21 46 -19 313 -19 351 1 14 7 59 17 100 21 41 3 88 13 104 21 27 14 48 17 137 21 19 1 44 9 55 18 17 14 10 15 -88 10 -58 -3 -115 -9 -125 -15 -10 -6 -58 -14 -108 -20 -49 -5 -109 -16 -131 -25 -55 -20 -216 -16 -263 7 -17 9 -64 19 -104 23 -39 4 -85 13 -102 20 -16 6 -65 15 -108 19 -60 6 -80 12 -87 26 -6 11 -27 20 -55 24 -24 4 -50 13 -56 21 -6 8 -22 14 -34 14 -23 0 -78 39 -103 72 -7 10 -19 18 -26 18 -14 0 -66 69 -66 87 0 6 -7 14 -15 17 -9 3 -23 22 -31 41 -17 43 -34 45 -34 6z"
       id="path140" />
    <path
       d="M5337 4253 c-10 -9 -9 -23 2 -23 5 0 11 7 15 15 5 15 -5 20 -17 8z"
       id="path144" />
    <path
       d="M5274 4205 c-4 -8 -12 -15 -19 -15 -6 0 -20 -9 -31 -21 -10 -11 -33 -27 -51 -34 -18 -8 -33 -19 -33 -24 0 -6 -13 -11 -30 -11 -16 0 -37 -9 -47 -19 -10 -11 -31 -23 -48 -27 -16 -4 -38 -15 -48 -25 -10 -11 -32 -19 -49 -19 -17 0 -45 -9 -62 -19 -17 -10 -50 -22 -73 -26 -39 -6 -73 -29 -61 -40 8 -8 116 22 140 39 12 9 39 16 59 16 20 0 42 6 48 14 7 8 27 17 46 20 19 4 39 15 45 26 6 11 26 22 44 26 19 3 37 12 40 19 2 7 20 15 38 19 30 5 138 92 138 110 0 13 -41 5 -46 -9z"
       id="path152" />
    <path
       d="M2283 4088 c-12 -6 -27 -24 -34 -40 -6 -16 -20 -33 -30 -39 -11 -5 -19 -16 -19 -23 0 -7 -17 -33 -39 -57 -21 -24 -41 -54 -45 -66 -4 -12 -22 -35 -40 -51 -19 -16 -36 -43 -39 -61 -4 -18 -17 -45 -29 -61 -13 -15 -28 -36 -35 -46 -10 -17 -13 -17 -22 -4 -15 21 -13 65 4 106 8 20 20 66 26 102 6 37 18 82 25 101 8 18 14 46 14 62 0 24 -7 31 -37 44 -33 14 -38 14 -52 0 -17 -17 -11 -25 39 -56 12 -7 12 -10 2 -17 -12 -8 -23 -61 -52 -237 -5 -27 -9 -71 -9 -96 -1 -32 -7 -51 -20 -63 -11 -10 -23 -31 -26 -47 -4 -16 -11 -31 -16 -34 -21 -13 -8 -35 20 -35 32 0 54 26 68 79 5 21 19 37 42 49 22 10 39 29 45 48 6 17 19 39 29 48 9 10 17 22 17 28 0 6 18 32 40 58 25 29 40 58 40 74 0 16 7 29 18 33 22 8 72 63 72 78 0 7 9 24 20 38 11 14 20 32 20 41 0 9 8 16 19 16 21 0 45 23 34 33 -9 9 -24 8 -50 -5z"
       id="path154" />
    <path
       d="M4757 4094 c-8 -8 1 -24 14 -24 5 0 9 7 9 15 0 15 -12 20 -23 9z"
       id="path156" />
    <path
       d="M3473 2853 c-7 -2 -13 -11 -13 -18 0 -7 -16 -16 -35 -19 -22 -5 -35 -13 -35 -23 0 -12 6 -14 28 -9 57 14 57 14 60 -36 2 -32 8 -48 17 -48 13 0 17 12 31 93 9 52 -13 77 -53 60z"
       id="path160" />
    <path
       d="M3530 2551 c0 -12 -19 -36 -45 -58 -25 -20 -45 -41 -45 -46 0 -4 -10 -21 -22 -37 -29 -39 -33 -130 -6 -130 15 0 18 9 18 55 0 51 2 55 28 61 49 10 52 13 52 43 0 22 8 35 26 47 19 13 24 24 22 47 -3 34 -28 50 -28 18z"
       id="path162" />
    <path
       d="M8057 2330 c-3 -11 -19 -25 -37 -31 -37 -13 -30 -24 23 -32 l37 -6 0 45 c0 45 -14 60 -23 24z"
       id="path164" />
    <path
       d="M5238 2176 c-13 -29 -5 -56 17 -56 11 0 15 11 15 40 0 45 -15 52 -32 16z"
       id="path166" />
    <path
       d="M5312 2127 c-14 -16 -6 -27 20 -27 13 0 18 6 16 17 -4 22 -22 27 -36 10z"
       id="path168" />
    <path
       d="M4978 1778 c-3 -7 -2 -23 0 -36 l5 -23 17 28 c12 19 14 30 6 35 -16 11 -24 10 -28 -4z"
       id="path170" />
    <path
       d="M5064 1677 c-2 -7 0 -31 5 -52 l9 -40 1 53 c1 51 -4 65 -15 39z"
       id="path172" />
    <path
       d="M4980 1633 c0 -41 14 -36 25 10 6 21 4 27 -9 27 -12 0 -16 -10 -16 -37z"
       id="path174" />
    <path
       d="M5340 1610 c-8 -5 -23 -10 -33 -10 -10 0 -25 -6 -33 -14 -7 -8 -19 -16 -26 -19 -9 -3 -10 -8 -3 -15 7 -8 28 -6 73 6 53 14 62 20 62 39 0 24 -15 29 -40 13z"
       id="path176" />
    <path
       d="M8524 1070 c0 -151 2 -213 3 -137 2 75 2 199 0 275 -1 75 -3 13 -3 -138z"
       id="path178" />
    <path
       d="M8087 1183 c-15 -14 -6 -28 19 -29 39 -3 64 -31 64 -74 0 -20 -5 -41 -12 -48 -9 -9 -9 -15 0 -24 7 -7 12 -8 12 -2 0 6 9 21 20 34 30 35 27 90 -8 123 -27 26 -79 37 -95 20z"
       id="path180" />
    <path
       d="M8053 895 c-26 -29 -14 -35 73 -35 75 0 85 2 82 17 -2 13 -15 17 -53 18 -28 1 -59 5 -70 8 -12 4 -25 1 -32 -8z"
       id="path182" />
    <path
       d="M7700 762 c0 -10 16 -32 35 -49 l35 -31 339 3 340 4 30 27 c17 15 31 33 31 41 0 21 -12 15 -41 -19 l-27 -33 -333 0 c-325 0 -335 1 -355 21 -11 11 -23 28 -27 37 -9 23 -27 22 -27 -1z"
       id="path184" />
    <path
       d="M4370 553 c-8 -3 -18 -11 -22 -17 -10 -15 -10 -266 0 -267 4 0 38 -2 76 -3 64 -3 71 -1 93 22 17 18 23 35 21 56 -4 43 -22 39 -26 -5 -3 -32 -7 -38 -34 -43 -67 -13 -98 -8 -108 20 -7 18 -6 33 3 52 12 25 17 27 70 24 55 -2 57 -1 57 23 0 27 -26 35 -47 14 -7 -7 -22 -7 -44 -2 -31 9 -34 12 -34 49 l0 39 48 3 c27 2 47 -1 47 -7 0 -12 40 -51 52 -51 17 0 7 32 -12 37 -11 3 -20 14 -20 24 0 10 -9 23 -19 29 -21 11 -76 12 -101 3z"
       id="path186" />
    <path
       d="M4673 552 l-62 -3 -5 -62 c-9 -100 -4 -218 8 -214 6 2 10 20 8 41 -3 30 2 41 28 66 l32 30 -26 11 c-32 15 -39 35 -23 67 11 24 19 27 68 30 l56 3 6 -37 c7 -41 -5 -64 -34 -64 -31 0 -32 -20 -1 -31 30 -10 42 -38 42 -96 0 -15 5 -23 13 -20 6 2 11 13 9 23 -1 10 -3 62 -3 114 -2 136 -11 147 -116 142z"
       id="path188" />
    <path
       d="M4953 553 c-7 -2 -13 -11 -13 -19 0 -10 14 -14 55 -14 40 0 55 4 55 14 0 19 -66 32 -97 19z"
       id="path190" />
    <path
       d="M5903 552 l-63 -3 0 -39 c0 -46 12 -52 26 -12 9 25 14 27 64 27 41 0 55 4 55 14 0 17 -3 18 -82 13z"
       id="path192" />
    <path
       d="M5160 511 c0 -23 5 -41 10 -41 6 0 10 15 10 34 0 19 -4 38 -10 41 -6 4 -10 -10 -10 -34z"
       id="path194" />
    <path
       d="M6316 541 c-3 -5 13 -11 37 -13 47 -5 52 -4 42 11 -8 13 -72 15 -79 2z"
       id="path196" />
    <path
       d="M5307 518 c-21 -16 -27 -28 -27 -58 0 -21 5 -42 10 -45 6 -3 10 -2 10 3 0 5 11 14 25 20 21 10 25 19 25 51 0 49 -8 55 -43 29z"
       id="path198" />
    <path
       d="M5456 525 c-9 -25 -7 -93 3 -99 18 -11 28 77 12 102 -7 11 -10 10 -15 -3z"
       id="path200" />
    <path
       d="M5540 405 c0 -117 2 -135 16 -135 13 0 15 10 13 53 -4 97 -1 117 21 117 11 0 20 -6 20 -14 0 -8 9 -24 20 -37 l19 -24 1 38 c0 26 -4 37 -15 37 -8 0 -22 15 -31 33 -19 37 -44 67 -56 67 -4 0 -8 -61 -8 -135z"
       id="path202" />
    <path
       d="M6404 508 c-8 -13 22 -38 48 -38 21 0 22 4 8 31 -12 21 -45 26 -56 7z"
       id="path204" />
    <path
       d="M4893 495 c-3 -9 -3 -18 -1 -21 9 -9 38 8 38 22 0 19 -29 18 -37 -1z"
       id="path206" />
    <path
       d="M5050 506 c0 -19 25 -66 34 -63 10 4 11 25 1 55 -4 10 -35 18 -35 8z"
       id="path208" />
    <path
       d="M7076 494 c-10 -27 -7 -154 5 -154 18 0 42 70 29 85 -6 8 -11 24 -10 37 3 35 1 48 -9 48 -5 0 -12 -7 -15 -16z"
       id="path210" />
    <path
       d="M7277 496 c-6 -16 2 -28 14 -20 12 7 11 34 0 34 -5 0 -11 -6 -14 -14z"
       id="path212" />
    <path
       d="M6650 480 c0 -11 5 -20 10 -20 6 0 10 9 10 20 0 11 -4 20 -10 20 -5 0 -10 -9 -10 -20z"
       id="path214" />
    <path
       d="M4860 406 c0 -30 5 -58 11 -62 6 -3 17 -22 25 -40 8 -19 22 -34 32 -35 9 -1 37 -2 62 -4 62 -4 78 2 96 37 18 36 12 67 -11 48 -7 -6 -15 -21 -17 -33 -6 -41 -130 -39 -143 2 -3 11 -12 22 -20 25 -11 4 -15 21 -15 61 0 30 -4 55 -10 55 -5 0 -10 -24 -10 -54z"
       id="path216" />
    <path
       d="M6474 400 c1 -33 4 -60 9 -60 4 0 7 27 7 60 0 33 -4 60 -8 60 -5 0 -8 -27 -8 -60z"
       id="path218" />
    <path
       d="M7380 450 c0 -5 16 -10 36 -10 35 0 36 0 33 -40 -3 -39 13 -71 28 -56 15 14 9 96 -7 106 -20 13 -90 13 -90 0z"
       id="path220" />
    <path
       d="M7590 445 c0 -10 10 -15 34 -15 34 0 35 -1 41 -47 11 -78 18 -82 28 -14 9 57 8 65 -8 77 -26 20 -95 18 -95 -1z"
       id="path222" />
    <path
       d="M7800 451 c0 -5 17 -11 38 -13 32 -3 37 -7 40 -30 5 -43 24 -33 20 10 -3 37 -3 37 -50 40 -27 2 -48 -1 -48 -7z"
       id="path224" />
    <path
       d="M7237 432 c-21 -23 -21 -41 -2 -66 8 -11 15 -28 15 -38 0 -10 5 -18 10 -18 6 0 10 30 10 70 0 73 -6 82 -33 52z"
       id="path226" />
    <path
       d="M5190 421 c0 -10 7 -38 15 -62 9 -24 14 -52 11 -62 -6 -23 33 -45 45 -26 17 27 10 75 -15 98 -13 13 -27 34 -30 47 -7 28 -26 32 -26 5z"
       id="path228" />
    <path
       d="M5835 421 c-7 -22 3 -71 15 -71 4 0 13 14 20 30 10 24 10 33 0 45 -17 20 -27 19 -35 -4z"
       id="path230" />
    <path
       d="M5946 419 c-15 -9 -16 -13 -5 -20 23 -15 39 -10 39 11 0 23 -7 24 -34 9z"
       id="path232" />
    <path
       d="M6569 355 c-6 -83 -4 -95 9 -79 5 5 6 43 2 84 l-6 75 -5 -80z"
       id="path234" />
    <path
       d="M6656 398 c-7 -36 -3 -128 6 -128 4 0 8 16 8 36 0 27 5 37 20 41 26 7 25 23 -5 51 l-24 23 -5 -23z"
       id="path236" />
    <path
       d="M7550 401 c-15 -28 -12 -51 5 -51 8 0 15 6 15 13 0 6 3 22 6 35 8 27 -11 30 -26 3z"
       id="path238" />
    <path
       d="M5377 384 c-4 -4 -7 -32 -7 -61 l0 -54 33 3 c30 3 32 5 29 38 -4 35 -42 87 -55 74z"
       id="path240" />
    <path
       d="M5670 347 c0 -8 7 -28 16 -46 12 -24 22 -31 38 -29 16 2 20 9 17 28 -1 14 -7 33 -12 43 -11 20 -59 23 -59 4z"
       id="path242" />
    <path
       d="M7324 315 c-8 -32 1 -55 21 -55 11 0 15 11 15 40 0 46 -25 57 -36 15z"
       id="path244" />
    <path
       d="M6740 302 c0 -22 5 -32 16 -32 11 0 14 6 9 23 -12 38 -25 43 -25 9z"
       id="path246" />
    <path
       d="M7767 306 c-5 -15 -6 -31 -3 -34 8 -8 18 25 14 45 -3 13 -6 10 -11 -11z"
       id="path248" />
    <path
       d="M6410 294 l-45 -23 48 -1 c44 0 47 2 47 25 0 14 -1 24 -2 24 -2 -1 -23 -12 -48 -25z"
       id="path250" />
    <path
       d="M5833 294 c-8 -22 11 -37 37 -29 20 6 21 8 4 26 -21 23 -33 24 -41 3z"
       id="path252" />
    <path
       d="M7544 296 c-9 -24 12 -44 28 -28 10 9 8 16 -5 29 -15 15 -17 15 -23 -1z"
       id="path254" />
    <path
       d="M6286 291 c-10 -16 23 -33 50 -27 15 4 23 11 18 15 -15 13 -62 22 -68 12z"
       id="path256" />
    <path
       d="M7847 294 c-13 -13 -7 -24 14 -24 11 0 19 5 17 12 -5 14 -22 21 -31 12z"
       id="path258" />
    <path
       d="M5915 281 c-16 -7 -14 -9 16 -12 43 -5 61 -1 53 12 -6 11 -41 11 -69 0z"
       id="path260" />
    <path
       d="M7410 280 c0 -5 11 -10 25 -10 14 0 25 5 25 10 0 6 -11 10 -25 10 -14 0 -25 -4 -25 -10z"
       id="path262" />
    <path
       d="M7627 283 c-10 -9 -9 -53 1 -53 14 0 32 23 32 42 0 18 -20 25 -33 11z"
       id="path264" />
    <path
       d="M7510 201 c0 -9 33 -21 58 -21 6 0 12 7 12 15 0 10 -11 15 -35 15 -19 0 -35 -4 -35 -9z"
       id="path266" />
  </g>
  <text
     xml:space="preserve"
     style="font-size:28.6149826px;font-style:normal;font-variant:normal;font-weight:normal;font-stretch:normal;text-align:start;line-height:125%;letter-spacing:0px;word-spacing:0px;text-anchor:start;fill:#000000;fill-opacity:1;stroke:none;font-family:Comic Sans MS;-inkscape-font-specification:Comic Sans MS"
     x="217.25545"
     y="66.213722"
     id="text3247"
     sodipodi:linespacing="125%"><tspan
       sodipodi:role="line"
       id="tspan3249"
       x="217.25545"
       y="66.213722"
       style="text-align:center;text-anchor:middle">EM</tspan><tspan
       sodipodi:role="line"
       x="217.25545"
       y="101.98245"
       id="tspan3251"
       style="text-align:center;text-anchor:middle">OUTRAS</tspan><tspan
       sodipodi:role="line"
       x="217.25545"
       y="137.75117"
       id="tspan3253"
       style="text-align:center;text-anchor:middle">PALAVRAS.</tspan></text>
  <text
     xml:space="preserve"
     style="font-size:28.10853195px;font-style:normal;font-variant:normal;font-weight:normal;font-stretch:normal;text-align:start;line-height:125%;letter-spacing:0px;word-spacing:0px;text-anchor:start;fill:#000000;fill-opacity:1;stroke:none;font-family:Comic Sans MS;-inkscape-font-specification:Comic Sans MS"
     x="378.37216"
     y="96.854408"
     id="text3255"
     sodipodi:linespacing="125%"
     transform="scale(1.1187611,0.89384588)"><tspan
       sodipodi:role="line"
       id="tspan3257"
       x="378.37216"
       y="96.854408"
       style="text-align:center;text-anchor:middle">CASE</tspan><tspan
       sodipodi:role="line"
       x="382.57196"
       y="131.99007"
       id="tspan3261"
       style="text-align:center;text-anchor:middle">COM UM </tspan><tspan
       sodipodi:role="line"
       x="378.37216"
       y="167.12573"
       style="text-align:center;text-anchor:middle"
       id="tspan3267">HOMEM</tspan><tspan
       sodipodi:role="line"
       x="378.37216"
       y="202.2614"
       id="tspan3263"
       style="text-align:center;text-anchor:middle">MORTO.</tspan></text>
</svg>
