<?xml version="1.0" encoding="UTF-8" standalone="no"?>
<svg
   xmlns:dc="http://purl.org/dc/elements/1.1/"
   xmlns:cc="http://creativecommons.org/ns#"
   xmlns:rdf="http://www.w3.org/1999/02/22-rdf-syntax-ns#"
   xmlns:svg="http://www.w3.org/2000/svg"
   xmlns="http://www.w3.org/2000/svg"
   xmlns:sodipodi="http://sodipodi.sourceforge.net/DTD/sodipodi-0.dtd"
   xmlns:inkscape="http://www.inkscape.org/namespaces/inkscape"
   version="1.0"
   width="900.000000pt"
   height="249.000000pt"
   viewBox="0 0 900.000000 249.000000"
   preserveAspectRatio="xMidYMid meet"
   id="svg2"
   inkscape:version="0.48.4 r9939"
   sodipodi:docname="1.svg">
  <defs
     id="defs146" />
  <sodipodi:namedview
     pagecolor="#ffffff"
     bordercolor="#666666"
     borderopacity="1"
     objecttolerance="10"
     gridtolerance="10"
     guidetolerance="10"
     inkscape:pageopacity="0"
     inkscape:pageshadow="2"
     inkscape:window-width="1600"
     inkscape:window-height="824"
     id="namedview144"
     showgrid="false"
     inkscape:zoom="0.816"
     inkscape:cx="556.93056"
     inkscape:cy="24.701024"
     inkscape:window-x="0"
     inkscape:window-y="24"
     inkscape:window-maximized="1"
     inkscape:current-layer="svg2" />
  <metadata
     id="metadata4">
Created by potrace 1.10, written by Peter Selinger 2001-2011
<rdf:RDF>
  <cc:Work
     rdf:about="">
    <dc:format>image/svg+xml</dc:format>
    <dc:type
       rdf:resource="http://purl.org/dc/dcmitype/StillImage" />
  </cc:Work>
</rdf:RDF>
</metadata>
  <g
     transform="translate(0.000000,249.000000) scale(0.100000,-0.100000)"
     fill="#000000"
     stroke="none"
     id="g6">
    <path
       d="M79 2387 c-1 -7 -1 -15 0 -20 5 -28 0 -1977 -4 -1990 -4 -8 -2 -18 4 -21 19 -12 8832 -9 8844 3 7 7 6 16 -4 28 -8 10 -13 32 -11 48 5 44 4 66 -2 104 -3 19 -1 39 4 46 7 8 7 35 1 76 -5 40 -5 68 1 76 5 7 7 26 3 42 -13 59 -14 95 -4 107 7 9 7 25 -1 53 -7 29 -8 53 -1 78 7 23 7 42 1 54 -14 25 -12 73 2 87 10 10 10 17 0 32 -15 25 -15 73 0 88 10 10 10 17 0 32 -16 25 -16 102 0 118 10 10 10 17 0 32 -14 23 -16 72 -3 85 6 6 6 37 2 75 -5 38 -5 70 1 77 6 7 5 27 -2 52 -8 31 -8 51 1 81 8 26 9 44 2 52 -11 15 -11 52 1 86 4 13 3 28 -2 35 -12 15 -7 104 7 121 8 10 7 17 -4 26 -19 16 -19 74 0 90 14 11 14 15 0 29 -16 19 -14 74 4 95 8 10 8 16 -2 25 -20 16 -8837 15 -8838 -2z m146 -72 c0 -39 -1 -40 -37 -43 -53 -4 -77 11 -70 45 7 37 19 44 67 41 40 -3 40 -3 40 -43z m120 0 c0 -39 -1 -40 -39 -43 -46 -4 -54 5 -48 53 4 35 5 36 46 33 41 -3 41 -3 41 -43z m120 0 c0 -40 0 -40 -40 -40 -36 0 -40 2 -43 28 -6 47 4 59 45 55 37 -3 38 -4 38 -43z m150 0 l0 -40 -55 0 c-53 0 -55 1 -58 28 -6 51 3 58 60 55 l53 -3 0 -40z m133 13 c4 -32 22 -38 22 -8 0 26 32 42 78 38 36 -3 37 -4 37 -43 0 -38 -2 -40 -33 -43 -19 -2 -47 1 -64 7 -22 8 -35 8 -44 0 -7 -6 -30 -9 -51 -7 -33 3 -38 6 -41 31 -6 49 3 58 50 55 39 -3 43 -6 46 -30z m287 -13 l0 -40 -55 0 c-53 0 -55 1 -58 28 -6 51 3 58 60 55 l53 -3 0 -40z m120 0 c0 -39 -1 -40 -39 -43 -46 -4 -54 5 -48 53 4 35 5 36 46 33 41 -3 41 -3 41 -43z m150 0 l0 -40 -55 0 c-53 0 -55 1 -58 28 -6 51 3 58 60 55 l53 -3 0 -40z m120 0 c0 -40 0 -40 -40 -40 -36 0 -40 2 -43 28 -6 47 4 59 45 55 37 -3 38 -4 38 -43z m133 12 c4 -30 27 -33 27 -3 0 25 29 38 78 34 38 -3 42 -6 45 -31 2 -16 8 -26 15 -24 7 2 11 11 9 20 -4 22 32 39 76 35 36 -3 37 -4 37 -43 0 -38 -2 -40 -33 -43 -19 -2 -48 1 -65 7 -21 8 -34 8 -41 1 -13 -13 -77 -13 -112 0 -18 7 -30 7 -40 0 -7 -6 -30 -10 -51 -8 -33 3 -38 6 -41 31 -6 49 3 58 50 55 39 -3 43 -6 46 -31z m437 -12 l0 -40 -55 0 -55 0 -3 43 -3 43 58 -3 58 -3 0 -40z m120 0 c0 -39 -1 -40 -39 -43 -46 -4 -54 5 -48 53 4 35 5 36 46 33 41 -3 41 -3 41 -43z m120 0 c0 -40 0 -40 -40 -40 -36 0 -40 2 -43 28 -6 47 4 59 45 55 37 -3 38 -4 38 -43z m150 0 l0 -40 -55 0 c-53 0 -55 1 -58 28 -6 51 3 58 60 55 l53 -3 0 -40z m133 12 c2 -16 8 -26 15 -24 7 2 11 11 9 20 -4 22 32 39 76 35 36 -3 37 -4 37 -43 0 -38 -2 -40 -33 -43 -19 -2 -47 1 -64 7 -22 8 -35 8 -44 0 -7 -6 -30 -9 -51 -7 -33 3 -38 6 -41 31 -6 49 3 58 50 55 39 -3 43 -6 46 -31z m257 -12 c0 -40 0 -40 -42 -43 l-43 -3 0 39 c0 48 5 54 50 50 34 -3 35 -4 35 -43z m150 0 l0 -40 -55 0 c-53 0 -55 1 -58 28 -6 51 3 58 60 55 l53 -3 0 -40z m120 0 c0 -40 0 -40 -40 -40 -36 0 -40 2 -43 28 -6 47 4 59 45 55 37 -3 38 -4 38 -43z m150 0 l0 -40 -55 0 c-53 0 -55 1 -58 28 -6 51 3 58 60 55 l53 -3 0 -40z m132 33 c4 -7 6 -21 4 -32 -2 -11 2 -17 11 -14 7 3 13 13 13 22 0 24 29 38 73 34 36 -3 37 -4 37 -43 l0 -40 -45 1 c-25 1 -54 2 -65 2 -11 1 -42 0 -70 -1 -48 -2 -50 -1 -53 26 -2 16 -1 35 2 43 7 18 82 19 93 2z m288 -33 l0 -40 -55 0 c-53 0 -55 1 -58 28 -6 51 3 58 60 55 l53 -3 0 -40z m120 0 c0 -40 0 -40 -42 -43 l-43 -3 0 39 c0 48 5 54 50 50 34 -3 35 -4 35 -43z m120 0 c0 -40 0 -40 -40 -40 -36 0 -40 2 -43 28 -6 47 4 59 45 55 37 -3 38 -4 38 -43z m150 0 l0 -40 -55 0 c-53 0 -55 1 -58 28 -6 51 3 58 60 55 l53 -3 0 -40z m134 31 c6 -8 10 -19 9 -26 -2 -7 3 -15 11 -18 10 -3 12 1 8 17 -7 28 21 43 76 39 38 -3 42 -6 45 -31 4 -30 27 -33 27 -3 0 24 29 38 73 34 36 -3 37 -4 37 -43 0 -38 -2 -40 -33 -43 -19 -2 -47 1 -64 7 -23 8 -35 8 -45 0 -8 -7 -32 -9 -66 -5 -28 4 -56 6 -62 6 -5 -1 -32 -2 -60 -3 -48 -2 -50 -1 -53 26 -2 16 -1 35 2 43 7 18 80 19 95 0z m406 -31 c0 -40 0 -40 -42 -43 l-43 -3 0 46 0 46 43 -3 c42 -3 42 -3 42 -43z m120 0 c0 -40 0 -40 -40 -40 -36 0 -40 2 -43 28 -6 47 4 59 45 55 37 -3 38 -4 38 -43z m150 0 l0 -40 -55 0 c-53 0 -55 1 -58 28 -6 51 3 58 60 55 l53 -3 0 -40z m134 31 c6 -8 10 -19 9 -26 -2 -7 3 -15 10 -17 7 -3 12 3 12 14 0 30 20 43 66 43 40 0 58 -11 59 -35 0 -15 20 -12 20 3 0 21 31 34 73 30 36 -3 37 -4 37 -43 l0 -40 -45 1 c-25 1 -54 2 -65 2 -11 0 -46 0 -77 0 -32 1 -66 1 -75 1 -10 0 -40 -1 -68 -2 -48 -2 -50 -1 -53 26 -2 16 -1 35 2 43 7 18 80 19 95 0z m406 -31 c0 -40 0 -40 -42 -43 l-43 -3 0 46 0 46 43 -3 c42 -3 42 -3 42 -43z m150 0 l0 -40 -55 0 c-53 0 -55 1 -58 28 -6 51 3 58 60 55 l53 -3 0 -40z m120 0 c0 -40 0 -40 -40 -40 -36 0 -40 2 -43 28 -6 47 4 59 45 55 37 -3 38 -4 38 -43z m135 35 c12 -7 16 -17 13 -31 -4 -16 -2 -20 8 -17 8 3 13 11 11 18 -5 24 20 40 63 40 43 0 68 -16 63 -40 -2 -7 3 -15 10 -17 7 -3 12 5 12 21 0 28 26 40 76 34 27 -3 29 -6 29 -43 l0 -40 -45 1 c-25 1 -54 2 -65 2 -26 0 -134 0 -160 0 -11 0 -40 -1 -65 -2 -42 -1 -45 1 -48 27 -2 16 -1 35 2 43 6 16 68 19 96 4z m435 -35 l0 -40 -55 0 c-53 0 -55 1 -58 28 -6 51 3 58 60 55 l53 -3 0 -40z m120 0 c0 -40 0 -40 -42 -43 l-43 -3 0 39 c0 48 5 54 50 50 34 -3 35 -4 35 -43z m120 0 c0 -40 0 -40 -40 -40 -36 0 -40 2 -43 28 -6 47 4 59 45 55 37 -3 38 -4 38 -43z m135 35 c8 -5 15 -16 15 -24 0 -19 20 -21 20 -3 1 26 18 37 59 37 44 0 69 -16 64 -40 -2 -7 3 -15 10 -17 7 -3 12 3 12 15 0 29 24 44 67 40 37 -3 38 -4 38 -43 l0 -40 -125 2 c-69 1 -134 2 -145 1 -113 -4 -110 -5 -113 25 -5 46 4 57 45 57 21 0 45 -5 53 -10z m405 -35 c0 -40 0 -40 -40 -40 -36 0 -40 2 -43 28 -6 47 4 59 45 55 37 -3 38 -4 38 -43z m150 0 l0 -40 -55 0 c-53 0 -55 1 -58 28 -6 51 3 58 60 55 l53 -3 0 -40z m120 0 c0 -40 0 -40 -40 -40 -36 0 -40 2 -43 28 -6 47 4 59 45 55 37 -3 38 -4 38 -43z m150 0 l0 -40 -55 0 c-53 0 -55 1 -58 28 -6 51 3 58 60 55 l53 -3 0 -40z m135 35 c8 -5 15 -16 15 -24 0 -9 5 -16 10 -15 6 0 9 6 7 13 -4 22 25 37 65 34 37 -3 38 -4 38 -43 l0 -40 -50 2 c-27 1 -59 2 -70 1 -111 -4 -110 -5 -113 25 -5 46 4 57 45 57 21 0 45 -5 53 -10z m285 -35 l0 -40 -55 0 c-53 0 -55 1 -58 28 -6 51 3 58 60 55 l53 -3 0 -40z m120 0 c0 -40 0 -40 -40 -40 -36 0 -40 2 -43 28 -6 47 4 59 45 55 37 -3 38 -4 38 -43z m150 0 l0 -40 -55 0 c-53 0 -55 1 -58 28 -6 51 3 58 60 55 l53 -3 0 -40z m120 0 c0 -40 0 -40 -40 -40 -36 0 -40 2 -43 28 -6 47 4 59 45 55 37 -3 38 -4 38 -43z m135 35 c8 -5 15 -16 15 -24 0 -9 5 -16 10 -16 6 0 10 7 10 15 0 25 21 36 61 33 38 -3 39 -4 39 -43 l0 -40 -50 2 c-27 1 -59 2 -70 1 -111 -4 -110 -5 -113 25 -5 46 4 57 45 57 21 0 45 -5 53 -10z m285 -35 l0 -40 -55 0 c-53 0 -55 1 -58 28 -6 51 3 58 60 55 l53 -3 0 -40z m120 0 c0 -40 0 -40 -40 -40 -36 0 -40 2 -43 28 -6 47 4 59 45 55 37 -3 38 -4 38 -43z m120 0 c0 -40 0 -40 -40 -40 -36 0 -40 2 -43 28 -6 47 4 59 45 55 37 -3 38 -4 38 -43z m-8640 -120 c0 -39 -1 -40 -37 -43 -51 -4 -75 11 -76 47 -1 34 11 40 73 38 40 -2 40 -2 40 -42z m120 0 c0 -40 0 -40 -42 -43 -24 -2 -44 0 -44 5 -12 77 -8 85 43 81 43 -3 43 -3 43 -43z m123 -3 l3 -43 -43 3 c-39 3 -43 6 -46 31 -6 47 4 59 45 55 37 -3 38 -4 41 -46z m147 3 l0 -40 -55 0 c-53 0 -55 1 -58 28 -6 51 3 58 60 55 l53 -3 0 -40z m160 36 c11 1 40 2 65 3 l45 1 0 -40 c0 -40 0 -40 -42 -43 -23 -2 -52 2 -63 8 -16 8 -25 8 -35 0 -7 -6 -31 -10 -52 -8 -33 3 -38 6 -41 31 -6 51 3 60 56 53 26 -3 56 -5 67 -5z m260 -36 l0 -40 -56 -3 -57 -3 -4 36 c-5 47 7 56 67 53 l50 -3 0 -40z m120 0 c0 -40 0 -40 -42 -43 -25 -2 -43 1 -44 7 -1 6 -1 22 -1 36 0 14 0 30 1 36 1 6 19 9 44 7 42 -3 42 -3 42 -43z m150 0 l0 -40 -55 0 c-53 0 -55 1 -58 28 -6 51 3 58 60 55 l53 -3 0 -40z m120 0 c0 -40 0 -40 -40 -40 -36 0 -40 2 -43 28 -6 47 4 59 45 55 37 -3 38 -4 38 -43z m150 35 c6 0 34 2 62 6 34 4 58 2 66 -5 10 -8 22 -8 45 0 17 6 45 9 64 7 31 -3 33 -5 33 -43 0 -40 0 -40 -42 -43 -23 -2 -52 2 -63 8 -16 9 -25 8 -36 -1 -9 -8 -32 -9 -67 -5 -28 4 -56 6 -62 6 -5 -1 -32 -2 -60 -3 -48 -2 -50 -1 -53 26 -6 51 3 60 56 53 26 -3 52 -6 57 -6z m420 -35 l0 -40 -57 -3 c-35 -2 -58 1 -59 8 -7 73 1 82 64 78 l52 -3 0 -40z m120 0 l0 -40 -45 0 c-43 0 -45 1 -47 30 -3 50 3 56 49 53 43 -3 43 -3 43 -43z m123 -3 l3 -43 -43 3 c-39 3 -43 6 -46 31 -6 47 4 59 45 55 37 -3 38 -4 41 -46z m147 3 l0 -40 -55 0 c-53 0 -55 1 -58 28 -6 51 3 58 60 55 l53 -3 0 -40z m131 35 c7 -7 20 -7 41 1 17 6 46 9 65 7 31 -3 33 -5 33 -43 0 -38 -2 -40 -33 -43 -19 -2 -47 1 -64 7 -22 8 -35 8 -44 0 -7 -6 -30 -9 -51 -7 -33 3 -38 6 -41 31 -5 46 4 57 46 57 21 0 43 -5 48 -10z m259 -35 c0 -40 0 -40 -41 -43 -41 -3 -42 -2 -46 31 -6 52 -1 58 46 55 41 -3 41 -3 41 -43z m150 0 l0 -40 -55 0 c-53 0 -55 1 -58 28 -6 51 3 58 60 55 l53 -3 0 -40z m123 -3 l3 -43 -43 3 c-39 3 -43 6 -46 31 -6 47 4 59 45 55 37 -3 38 -4 41 -46z m147 3 l0 -40 -55 0 c-53 0 -55 1 -58 28 -6 51 3 58 60 55 l53 -3 0 -40z m160 36 c11 1 40 2 65 3 l45 1 0 -40 0 -40 -45 1 c-25 1 -54 2 -65 2 -11 1 -42 0 -70 -1 -48 -2 -50 -1 -53 26 -6 51 3 60 56 53 26 -3 56 -5 67 -5z m260 -36 l0 -40 -57 -3 -58 -3 0 39 c0 21 3 42 7 46 4 4 30 6 58 4 l50 -3 0 -40z m120 0 c0 -40 0 -40 -42 -43 -25 -2 -43 1 -44 7 -1 6 -1 22 -1 36 0 14 0 30 1 36 1 6 19 9 44 7 42 -3 42 -3 42 -43z m123 -3 l3 -43 -43 3 c-39 3 -43 6 -46 31 -6 47 4 59 45 55 37 -3 38 -4 41 -46z m147 3 l0 -40 -55 0 c-53 0 -55 1 -58 28 -6 51 3 58 60 55 l53 -3 0 -40z m160 37 c11 1 45 1 75 0 30 0 64 0 75 0 11 0 40 1 65 2 l45 1 0 -40 c0 -38 -2 -40 -33 -43 -19 -2 -47 1 -64 7 -23 8 -35 8 -45 0 -8 -7 -32 -9 -66 -5 -28 4 -56 6 -62 6 -5 -1 -32 -2 -60 -3 -48 -2 -50 -1 -53 26 -6 51 3 60 56 53 26 -3 56 -5 67 -4z m380 -37 c0 -40 0 -40 -41 -43 -41 -3 -42 -2 -46 31 -6 52 -1 58 46 55 41 -3 41 -3 41 -43z m123 -3 l3 -43 -43 3 c-39 3 -43 6 -46 31 -6 47 4 59 45 55 37 -3 38 -4 41 -46z m150 0 l3 -43 -58 3 c-55 3 -58 4 -61 31 -6 51 3 58 60 55 l53 -3 3 -43z m417 3 l0 -40 -45 1 c-25 1 -54 2 -65 2 -11 0 -45 0 -75 0 -30 -1 -64 -1 -75 0 -11 1 -42 0 -70 -1 -48 -2 -50 -1 -53 26 -6 55 -8 54 195 53 l188 -1 0 -40z m120 0 c0 -40 0 -40 -42 -43 l-43 -3 0 46 0 46 43 -3 c42 -3 42 -3 42 -43z m150 0 l0 -40 -55 0 c-53 0 -55 1 -58 28 -6 51 3 58 60 55 l53 -3 0 -40z m123 -3 l3 -43 -43 3 c-39 3 -43 6 -46 31 -6 47 4 59 45 55 37 -3 38 -4 41 -46z m157 38 c6 1 66 2 135 3 l125 2 0 -40 0 -40 -50 2 c-59 3 -46 3 -205 0 l-125 -2 -3 28 c-6 53 3 60 61 53 28 -4 57 -6 62 -6z m410 -35 l0 -40 -57 -3 -58 -3 0 39 c0 21 3 42 7 46 4 4 30 6 58 4 l50 -3 0 -40z m120 0 c0 -40 0 -40 -42 -43 l-43 -3 0 46 0 46 43 -3 c42 -3 42 -3 42 -43z m125 -1 l0 -45 -42 3 c-39 3 -43 6 -46 31 -6 46 4 57 48 57 l40 0 0 -46z m155 36 c6 1 66 2 135 3 l125 2 0 -40 0 -40 -125 2 c-69 1 -134 2 -145 1 -113 -4 -110 -5 -113 25 -6 53 3 60 61 53 28 -4 57 -6 62 -6z m380 -35 c0 -40 0 -40 -42 -43 l-43 -3 0 39 c0 48 5 54 50 50 34 -3 35 -4 35 -43z m150 0 l0 -40 -55 0 c-53 0 -55 1 -58 28 -6 51 3 58 60 55 l53 -3 0 -40z m123 -3 l3 -43 -43 3 c-39 3 -43 6 -46 31 -6 47 4 59 45 55 37 -3 38 -4 41 -46z m150 0 l3 -43 -58 3 c-55 3 -58 4 -61 31 -6 51 3 58 60 55 l53 -3 3 -43z m267 3 l0 -40 -50 2 c-27 1 -59 2 -70 1 -111 -4 -110 -5 -113 25 -6 53 -3 55 120 53 l113 -1 0 -40z m150 0 l0 -40 -57 -3 -58 -3 0 39 c0 21 3 42 7 46 4 4 30 6 58 4 l50 -3 0 -40z m120 0 c0 -40 0 -40 -42 -43 l-43 -3 0 46 0 46 43 -3 c42 -3 42 -3 42 -43z m150 0 l0 -40 -55 0 c-53 0 -55 1 -58 28 -6 51 3 58 60 55 l53 -3 0 -40z m125 -1 l0 -45 -42 3 c-39 3 -43 6 -46 31 -6 46 4 57 48 57 l40 0 0 -46z m265 1 l0 -40 -115 0 -115 0 -3 28 c-6 53 -3 55 120 53 l113 -1 0 -40z m150 0 l0 -40 -55 0 c-53 0 -55 1 -58 28 -6 51 3 58 60 55 l53 -3 0 -40z m120 0 c0 -40 0 -40 -42 -43 l-43 -3 0 39 c0 48 5 54 50 50 34 -3 35 -4 35 -43z m120 0 c0 -40 0 -40 -40 -40 -36 0 -40 2 -43 28 -6 47 4 59 45 55 37 -3 38 -4 38 -43z m-8647 -84 c9 -5 12 -25 10 -57 -3 -49 -3 -49 -40 -52 -58 -5 -73 8 -69 60 1 23 8 46 14 50 16 10 69 10 85 -1z m127 -51 l0 -55 -42 -3 c-47 -3 -46 -4 -43 63 3 53 6 57 48 53 l37 -3 0 -55z m120 0 l0 -55 -40 0 -40 0 -3 44 c-5 63 2 73 45 69 l38 -3 0 -55z m150 0 l0 -55 -55 0 -55 0 -3 44 c-5 67 0 72 60 69 l53 -3 0 -55z m133 12 c4 -51 27 -53 27 -3 0 39 21 53 73 49 l37 -3 0 -55 0 -55 -33 -3 c-19 -2 -47 1 -64 7 -22 8 -35 8 -44 0 -7 -6 -30 -9 -51 -7 -37 3 -38 4 -41 47 -5 65 1 73 50 69 43 -3 43 -3 46 -46z m280 39 c9 -5 12 -25 10 -57 l-3 -49 -57 -3 -58 -3 0 54 c0 29 3 57 7 60 9 10 85 8 101 -2z m127 -51 l0 -55 -42 -3 c-47 -3 -46 -4 -43 63 3 53 6 57 48 53 l37 -3 0 -55z m150 0 l0 -55 -55 0 -55 0 -3 44 c-5 67 0 72 60 69 l53 -3 0 -55z m120 0 l0 -55 -40 0 -40 0 -3 44 c-5 63 2 73 45 69 l38 -3 0 -55z m133 13 c2 -29 8 -43 18 -43 10 0 14 12 14 40 0 44 17 54 81 48 l34 -3 0 -55 0 -55 -38 -3 c-22 -2 -53 1 -69 7 -22 8 -35 8 -44 0 -7 -6 -30 -9 -51 -7 -37 3 -38 4 -41 47 -5 65 1 73 50 69 43 -3 43 -3 46 -45z m280 38 c9 -5 12 -25 10 -57 -3 -43 -6 -49 -27 -52 -13 -2 -38 -1 -56 2 -31 6 -32 8 -31 52 2 27 8 49 17 55 18 11 70 11 87 0z m150 0 c9 -5 12 -25 10 -57 l-3 -49 -57 -3 -58 -3 0 54 c0 29 3 57 7 60 9 10 85 8 101 -2z m127 -51 l0 -55 -42 -3 c-47 -3 -46 -4 -43 63 3 53 6 57 48 53 l37 -3 0 -55z m120 0 l0 -55 -40 0 -40 0 -3 44 c-5 63 2 73 45 69 l38 -3 0 -55z m150 0 l0 -55 -55 0 -55 0 -3 44 c-5 67 0 72 60 69 l53 -3 0 -55z m133 12 c4 -51 27 -53 27 -3 0 39 21 53 73 49 l37 -3 0 -55 0 -55 -33 -3 c-19 -2 -47 1 -64 7 -22 8 -35 8 -44 0 -7 -6 -30 -9 -51 -7 -37 3 -38 4 -41 47 -5 65 1 73 50 69 43 -3 43 -3 46 -46z m257 -12 l0 -55 -42 -3 -43 -3 0 54 c0 29 3 57 7 61 4 4 23 6 43 4 l35 -3 0 -55z m150 0 l0 -55 -55 0 -55 0 -3 44 c-5 67 0 72 60 69 l53 -3 0 -55z m120 0 l0 -55 -40 0 -40 0 -3 44 c-5 63 2 73 45 69 l38 -3 0 -55z m150 0 l0 -55 -55 0 -55 0 -3 44 c-5 67 0 72 60 69 l53 -3 0 -55z m133 12 c4 -51 27 -53 28 -3 0 40 20 53 72 49 l37 -3 0 -55 0 -55 -45 1 c-25 1 -54 2 -65 2 -11 1 -42 0 -70 -1 l-50 -2 -3 44 c-5 65 1 73 50 69 43 -3 43 -3 46 -46z m287 -12 l0 -55 -55 0 -55 0 -3 44 c-5 67 0 72 60 69 l53 -3 0 -55z m120 0 l0 -55 -42 -3 -43 -3 0 54 c0 29 3 57 7 61 4 4 23 6 43 4 l35 -3 0 -55z m120 0 l0 -55 -40 0 -40 0 -3 44 c-5 63 2 73 45 69 l38 -3 0 -55z m150 0 l0 -55 -55 0 -55 0 -3 44 c-5 67 0 72 60 69 l53 -3 0 -55z m131 48 c4 -7 8 -25 8 -42 1 -43 26 -46 26 -3 0 45 18 59 72 55 l43 -3 3 -43 c4 -51 27 -53 28 -3 0 40 20 53 72 49 l37 -3 0 -55 0 -55 -33 -3 c-19 -2 -47 1 -64 7 -23 8 -35 8 -45 0 -8 -7 -32 -9 -66 -5 -28 4 -56 6 -62 6 -5 -1 -32 -2 -60 -3 l-50 -2 -3 44 c-2 24 -1 50 2 57 7 17 82 19 92 2z m409 -48 l0 -55 -42 -3 -43 -3 0 54 c0 29 3 57 7 61 4 4 23 6 43 4 l35 -3 0 -55z m123 -3 l3 -58 -43 3 -43 3 -3 44 c-5 63 2 73 45 69 l38 -3 3 -58z m147 3 l0 -55 -55 0 -55 0 -3 44 c-5 67 0 72 60 69 l53 -3 0 -55z m132 48 c4 -7 8 -26 8 -43 0 -20 5 -30 15 -30 10 0 15 10 15 32 0 44 15 55 66 51 l44 -3 3 -42 c2 -31 8 -43 19 -43 12 0 14 8 11 36 -5 43 14 57 70 52 l37 -3 0 -55 0 -55 -45 1 c-25 1 -54 2 -65 2 -11 0 -46 0 -77 0 -32 1 -66 1 -75 1 -10 0 -40 -1 -68 -2 l-50 -2 -3 44 c-2 24 -1 50 2 57 7 18 82 19 93 2z m408 -48 l0 -55 -42 -3 -43 -3 0 54 c0 29 3 57 7 61 4 4 23 6 43 4 l35 -3 0 -55z m150 0 l0 -55 -55 0 -55 0 -3 44 c-5 67 0 72 60 69 l53 -3 0 -55z m123 -3 l3 -58 -43 3 -43 3 -3 44 c-5 63 2 73 45 69 l38 -3 3 -58z m131 49 c7 -8 11 -27 9 -43 -2 -20 1 -28 12 -28 10 0 15 10 16 30 1 46 11 55 59 55 48 0 58 -9 59 -54 1 -43 26 -46 26 -3 0 44 19 59 67 55 l38 -3 0 -55 0 -55 -50 2 c-27 1 -58 2 -67 2 -10 0 -44 0 -75 -1 -32 0 -67 0 -78 0 -11 0 -40 -1 -65 -2 l-45 -1 -3 44 c-2 24 -1 50 2 57 7 19 80 18 95 0z m436 -46 l0 -55 -55 0 -55 0 -3 44 c-5 67 0 72 60 69 l53 -3 0 -55z m120 0 l0 -55 -42 -3 -43 -3 0 54 c0 29 3 57 7 61 4 4 23 6 43 4 l35 -3 0 -55z m123 -3 l3 -58 -43 3 -43 3 -3 44 c-5 63 2 73 45 69 l38 -3 3 -58z m132 53 c9 -6 14 -21 12 -45 -3 -27 0 -35 13 -35 13 0 16 8 14 33 -4 46 6 57 56 57 48 0 60 -10 60 -55 0 -20 5 -30 15 -30 10 0 15 10 15 32 0 43 15 55 61 51 l39 -3 0 -55 0 -55 -50 2 c-27 1 -58 2 -67 2 -10 0 -44 0 -75 -1 -32 0 -67 0 -78 0 -11 0 -40 -1 -65 -2 l-45 -1 -3 44 c-2 24 -1 50 2 57 6 16 73 19 96 4z m405 -50 l0 -55 -40 0 -40 0 -3 44 c-5 63 2 73 45 69 l38 -3 0 -55z m150 0 l0 -55 -55 0 -55 0 -3 44 c-5 67 0 72 60 69 l53 -3 0 -55z m123 -3 l3 -58 -43 3 -43 3 -3 44 c-5 63 2 73 45 69 l38 -3 3 -58z m147 3 l0 -55 -55 0 -55 0 -3 44 c-5 67 0 72 60 69 l53 -3 0 -55z m135 50 c10 -6 14 -21 11 -46 -2 -27 1 -35 11 -32 7 3 13 19 13 36 0 42 15 54 61 50 l39 -3 0 -55 0 -55 -50 2 c-27 1 -59 2 -70 1 -11 0 -40 -1 -65 -2 l-45 -1 -3 44 c-2 24 -1 50 2 57 6 16 73 19 96 4z m285 -50 l0 -55 -55 0 -55 0 -3 44 c-5 67 0 72 60 69 l53 -3 0 -55z m120 0 l0 -55 -42 -3 -43 -3 0 54 c0 29 3 57 7 61 4 4 23 6 43 4 l35 -3 0 -55z m150 0 l0 -55 -55 0 -55 0 -3 44 c-5 67 0 72 60 69 l53 -3 0 -55z m120 0 l0 -55 -40 0 -40 0 -3 44 c-5 63 2 73 45 69 l38 -3 0 -55z m132 52 c6 -4 13 -23 15 -41 5 -52 26 -51 30 1 l3 43 45 0 45 0 0 -55 0 -55 -50 2 c-27 1 -59 2 -70 1 -11 0 -40 -1 -65 -2 l-45 -1 -3 44 c-2 24 -1 50 2 57 6 15 72 19 93 6z m288 -52 l0 -55 -55 0 -55 0 -3 44 c-5 67 0 72 60 69 l53 -3 0 -55z m120 0 l0 -55 -40 0 -40 0 -3 44 c-5 63 2 73 45 69 l38 -3 0 -55z m120 0 l0 -55 -40 0 -40 0 -3 44 c-5 63 2 73 45 69 l38 -3 0 -55z m-8637 -122 c2 -16 7 -28 12 -28 5 0 10 12 12 28 3 25 6 27 48 27 42 0 44 -1 51 -35 5 -20 3 -40 -3 -47 -14 -18 -68 -16 -88 2 -29 26 -45 -6 -45 -89 0 -70 0 -71 -27 -74 -19 -2 -36 5 -53 22 -32 32 -32 56 0 86 31 29 31 33 1 49 -18 10 -23 20 -21 43 3 38 20 49 70 46 35 -3 40 -6 43 -30z m245 -5 c8 -46 -6 -63 -48 -63 -50 0 -60 21 -39 88 2 7 20 12 42 12 38 0 40 -2 45 -37z m148 -3 c10 -47 -4 -60 -61 -60 -66 0 -76 17 -54 88 3 9 20 12 56 10 51 -3 52 -4 59 -38z m265 24 c14 -48 17 -49 26 -16 8 31 10 32 64 32 40 0 56 -4 59 -15 15 -48 18 -50 24 -20 6 28 9 30 51 30 42 0 44 -1 51 -35 10 -48 -5 -63 -55 -56 -50 7 -59 7 -119 0 -36 -5 -52 -2 -66 10 -14 12 -20 13 -30 3 -15 -15 -220 -19 -238 -5 -11 9 -11 32 2 74 5 18 225 16 231 -2z m425 -24 c10 -47 -4 -60 -61 -60 -66 0 -76 17 -54 88 3 9 20 12 56 10 51 -3 52 -4 59 -38z m122 3 c5 -47 -6 -63 -48 -63 -50 0 -60 21 -39 88 2 7 20 12 43 12 37 0 39 -1 44 -37z m124 26 c9 -9 19 -9 41 0 16 7 47 11 68 9 36 -3 39 -6 42 -36 2 -18 -2 -40 -9 -48 -25 -31 -122 -7 -117 29 2 11 -3 22 -11 25 -10 3 -12 -1 -8 -17 4 -15 -1 -28 -14 -39 -18 -16 -18 -17 2 -50 27 -47 18 -89 -24 -108 -24 -10 -27 -13 -12 -14 11 0 28 -7 39 -15 14 -10 24 -11 38 -4 10 6 40 9 66 7 46 -3 47 -3 50 -40 5 -54 -12 -78 -52 -78 -36 0 -71 30 -71 61 0 24 -20 25 -21 2 -2 -37 -16 -62 -36 -69 -19 -6 -18 -8 12 -21 21 -8 45 -11 64 -7 71 17 106 6 106 -31 0 -14 5 -25 10 -25 6 0 10 11 10 24 0 29 45 48 87 37 25 -7 28 -12 28 -47 0 -37 -2 -39 -33 -42 -19 -2 -47 1 -64 7 -23 8 -35 8 -45 0 -9 -8 -34 -10 -74 -5 -33 3 -81 1 -106 -5 -34 -7 -48 -7 -53 1 -6 10 -7 498 -2 508 5 8 80 0 89 -9z m291 -27 c4 -42 -12 -62 -52 -62 -43 1 -66 21 -66 58 0 35 13 41 75 39 38 -2 40 -4 43 -35z m136 32 c10 -4 16 -18 16 -40 0 -40 -24 -57 -78 -52 -34 3 -37 6 -40 36 -5 52 3 62 47 62 22 0 46 -3 55 -6z m134 -37 c2 -21 -2 -45 -8 -52 -8 -10 -8 -19 -1 -34 13 -23 15 -107 3 -115 -4 -2 -23 -1 -42 3 -31 6 -35 11 -38 40 -6 55 5 81 33 81 14 0 25 5 25 10 0 6 -11 10 -25 10 -26 0 -41 22 -39 55 1 11 2 26 3 33 1 9 14 12 44 10 41 -3 42 -4 45 -41z m117 -22 c0 -33 5 -69 11 -80 16 -28 2 -57 -40 -90 -20 -15 -36 -34 -36 -41 0 -8 -4 -14 -8 -14 -9 0 -13 269 -5 283 3 4 21 7 41 5 l37 -3 0 -60z m150 53 c20 -58 8 -81 -48 -93 -17 -3 -31 -15 -37 -30 -5 -14 -13 -25 -18 -25 -10 0 -15 137 -6 151 8 14 104 11 109 -3z m277 -26 c14 -54 2 -59 -120 -59 -59 0 -113 4 -119 9 -11 9 -11 32 2 74 2 8 40 11 116 10 l113 -1 8 -33z m113 -12 c0 -44 -1 -45 -33 -48 -40 -4 -62 12 -62 43 0 47 10 56 54 53 l41 -3 0 -45z m152 -37 c1 -46 -2 -83 -6 -83 -5 0 -18 15 -29 34 -14 24 -29 35 -49 38 -24 3 -28 8 -31 36 -6 56 2 63 60 60 l53 -3 2 -82z m121 44 c2 -21 -1 -44 -6 -50 -5 -7 -6 -21 -1 -32 9 -24 12 -119 3 -128 -4 -3 -27 8 -51 26 -40 29 -44 34 -38 62 4 16 6 56 6 88 -1 32 1 62 5 68 3 5 22 9 42 7 35 -3 37 -5 40 -41z m147 -7 l0 -45 -55 0 -55 0 -3 33 c-6 56 2 63 60 60 l53 -3 0 -45z m131 40 c7 -7 20 -7 41 1 17 6 46 9 65 7 29 -3 33 -7 36 -36 2 -18 -2 -40 -9 -48 -24 -29 -112 -6 -107 27 2 10 -1 17 -7 16 -5 -1 -9 -7 -7 -13 5 -21 -35 -45 -70 -42 -29 3 -33 7 -36 36 -2 19 -1 40 2 48 6 16 77 19 92 4z m292 -31 c4 -46 -14 -61 -70 -57 -41 3 -43 5 -46 36 -6 56 2 63 60 60 53 -3 53 -3 56 -39z m120 -2 c2 -21 -2 -45 -8 -52 -8 -10 -8 -19 0 -35 6 -11 10 -40 8 -63 -3 -42 -3 -42 -43 -42 -38 0 -40 2 -43 34 -6 55 5 81 33 81 34 0 32 18 -2 22 -24 2 -29 8 -31 36 -5 53 3 64 45 60 36 -3 38 -5 41 -41z m120 0 c2 -21 -2 -45 -8 -52 -8 -10 -8 -19 0 -35 6 -11 10 -40 8 -63 -3 -42 -3 -42 -43 -42 -40 0 -40 0 -43 42 -2 23 2 52 8 64 9 15 9 24 1 32 -12 12 -15 80 -4 91 4 4 23 6 43 4 33 -3 35 -5 38 -41z m147 -7 l0 -45 -43 -3 c-53 -4 -72 10 -72 53 0 42 6 46 65 43 l50 -3 0 -45z m133 38 c9 -9 18 -9 37 0 32 15 97 16 111 2 8 -8 19 -8 38 0 108 41 163 -43 61 -92 -25 -12 -45 -26 -45 -30 0 -4 -6 -8 -12 -8 -7 0 -26 -16 -41 -35 -15 -19 -34 -35 -41 -35 -8 0 -19 -7 -27 -16 -8 -10 -21 -13 -37 -9 -29 7 -52 -10 -52 -39 0 -22 -66 -76 -94 -76 -8 0 -20 -9 -26 -20 -6 -12 -21 -20 -35 -20 -16 0 -32 -11 -47 -30 -12 -16 -27 -30 -34 -30 -7 0 -28 -13 -46 -30 -33 -31 -75 -40 -83 -17 -2 6 -1 28 3 47 6 28 13 36 37 40 21 4 26 8 17 14 -7 4 -16 5 -19 2 -3 -3 -12 -1 -20 5 -15 13 -18 118 -3 120 6 1 21 1 35 1 14 0 30 0 36 -1 8 -1 10 -23 7 -71 -4 -47 -1 -73 7 -80 22 -18 33 9 28 74 -3 35 -2 66 3 69 5 3 31 7 59 8 49 4 50 3 60 -28 l11 -33 9 33 c7 23 17 33 34 35 l24 4 -24 12 c-27 13 -38 71 -19 106 14 26 60 26 83 0 13 -16 22 -18 35 -11 21 11 47 40 41 45 -41 32 -52 35 -75 20 -12 -9 -38 -14 -56 -12 -29 3 -33 7 -36 36 -2 19 -1 40 2 48 7 17 77 19 94 2z m410 -60 c2 -38 0 -68 -3 -68 -3 0 -14 8 -24 18 -11 9 -31 25 -45 35 -17 12 -26 27 -26 46 0 37 7 42 55 39 l40 -3 3 -67z m118 7 c0 -33 4 -80 9 -104 l8 -44 16 44 c16 42 19 44 60 47 51 4 61 -6 61 -60 0 -50 -8 -68 -34 -69 -20 -1 -20 -2 -1 -6 31 -8 45 -23 46 -52 1 -24 1 -24 10 7 5 17 13 32 17 33 4 0 18 2 32 4 14 1 37 -4 53 -12 20 -10 32 -11 46 -3 27 14 98 13 108 -2 9 -16 4 -67 -8 -90 -15 -27 -82 -24 -101 4 l-15 22 -17 -27 c-26 -39 -13 -49 50 -41 35 4 65 2 84 -6 23 -9 37 -10 58 -1 16 7 39 8 57 3 27 -8 30 -13 30 -48 l0 -39 -103 -2 c-100 -2 -104 -1 -135 26 -18 16 -41 31 -52 35 -11 3 -25 16 -30 28 -6 13 -20 24 -33 26 -12 2 -27 12 -32 23 -6 10 -18 19 -26 19 -18 0 -94 60 -94 74 0 18 -42 55 -56 49 -7 -3 -31 8 -53 23 l-39 29 0 79 c-1 44 1 84 4 88 3 5 22 8 42 6 l37 -3 1 -60z m149 15 l0 -45 -55 0 -55 0 -3 33 c-6 56 2 63 60 60 l53 -3 0 -45z m155 40 c8 0 36 3 63 6 31 4 53 2 62 -6 12 -10 21 -10 44 0 16 6 44 10 62 8 30 -3 34 -7 37 -36 6 -58 -36 -79 -96 -48 -24 12 -30 12 -47 0 -25 -18 -75 -18 -103 1 -19 14 -24 14 -46 0 -14 -9 -39 -15 -58 -13 -29 3 -33 7 -36 36 -6 57 2 65 56 58 26 -3 54 -6 62 -6z m388 -33 c2 -21 -2 -45 -8 -52 -8 -10 -8 -19 0 -35 6 -11 10 -40 8 -63 -3 -42 -3 -42 -43 -42 -40 0 -40 0 -43 42 -2 23 2 52 8 64 9 15 9 24 1 32 -12 12 -15 80 -4 91 4 4 23 6 43 4 33 -3 35 -5 38 -41z m147 -7 l0 -45 -55 0 -55 0 -3 33 c-6 56 2 63 60 60 l53 -3 0 -45z m120 0 c0 -42 -2 -45 -27 -48 -16 -2 -28 -8 -28 -14 0 -6 9 -8 20 -5 27 7 42 -22 38 -76 -3 -42 -3 -42 -43 -42 -38 0 -40 2 -43 33 -2 19 1 48 7 65 8 21 8 34 1 41 -11 11 -14 79 -3 90 4 4 23 6 43 4 34 -3 35 -4 35 -48z m158 41 c18 0 114 1 145 0 9 0 40 1 67 2 50 2 50 2 53 -31 2 -18 -2 -40 -9 -48 -15 -19 -59 -18 -87 2 -20 14 -24 14 -44 0 -29 -20 -77 -20 -106 -1 -19 14 -24 14 -46 0 -14 -9 -39 -15 -58 -13 -29 3 -33 7 -36 36 -6 57 2 65 56 58 26 -3 55 -6 65 -5z m415 -32 c4 -46 -14 -61 -70 -57 -41 3 -43 5 -46 36 -6 56 2 63 60 60 53 -3 53 -3 56 -39z m120 -39 c5 -137 4 -144 -16 -160 -10 -9 -17 -21 -14 -28 6 -20 -32 -91 -49 -92 -27 0 -51 -35 -44 -63 4 -14 2 -28 -5 -32 -6 -4 -15 -17 -20 -30 -11 -29 -66 -44 -86 -23 -11 11 -12 24 -6 54 7 36 11 39 47 45 41 5 34 15 -15 21 -23 3 -25 8 -28 61 -3 63 -6 60 68 57 45 -2 64 -14 55 -37 -2 -7 0 -15 5 -18 6 -4 10 5 10 19 0 14 4 27 9 30 5 3 7 32 4 64 -4 37 -1 67 7 81 8 17 9 26 1 34 -12 12 -15 80 -4 91 4 4 23 6 43 4 l35 -3 3 -75z m119 10 c1 -36 5 -86 9 -112 5 -43 4 -48 -14 -48 -13 0 -21 9 -25 28 -3 16 -16 33 -29 39 -21 9 -24 18 -26 78 -1 37 1 72 4 77 3 5 22 8 42 6 l37 -3 2 -65z m135 59 c15 -8 26 -8 43 1 14 8 40 10 66 6 24 -3 51 -6 59 -6 8 1 38 2 65 3 l50 2 0 -45 c0 -44 -1 -45 -33 -48 -19 -2 -44 4 -58 13 -22 14 -27 14 -46 0 -42 -29 -122 -12 -116 24 2 10 -1 18 -7 19 -5 1 -9 -7 -7 -17 3 -22 -43 -44 -84 -39 -25 3 -29 8 -32 36 -2 19 -1 40 2 48 6 17 68 19 98 3z m406 -32 c2 -21 -1 -44 -7 -51 -8 -9 -8 -22 0 -44 6 -17 9 -45 7 -64 -3 -31 -5 -33 -43 -33 -40 0 -40 0 -43 42 -2 23 2 52 8 64 9 15 9 24 1 32 -12 12 -15 80 -4 91 4 4 23 6 43 4 33 -3 35 -5 38 -41z m147 -7 l0 -45 -55 0 -55 0 -3 33 c-6 56 2 63 60 60 l53 -3 0 -45z m123 7 c2 -21 -2 -45 -8 -52 -8 -10 -8 -19 0 -35 6 -11 10 -40 8 -63 -3 -42 -3 -42 -43 -42 -38 0 -40 2 -43 33 -2 19 1 48 7 65 8 21 8 34 1 41 -11 11 -14 79 -3 90 4 4 23 6 43 4 33 -3 35 -5 38 -41z m147 -7 l0 -45 -43 -3 c-53 -4 -72 10 -72 53 0 42 6 46 65 43 l50 -3 0 -45z m155 40 c8 1 38 2 65 3 l50 2 0 -45 c0 -44 -1 -45 -33 -48 -19 -2 -44 4 -58 13 -22 14 -27 14 -46 0 -23 -16 -55 -19 -82 -9 -17 6 -23 74 -9 88 5 4 28 5 53 2 25 -3 52 -6 60 -6z m268 -31 c4 -46 -14 -61 -70 -57 -41 3 -43 5 -46 36 -6 56 2 63 60 60 53 -3 53 -3 56 -39z m120 -2 c2 -21 -1 -44 -7 -51 -8 -9 -8 -22 0 -44 6 -17 9 -45 7 -64 -3 -31 -5 -33 -43 -33 -40 0 -40 0 -43 42 -2 23 2 52 8 64 9 15 9 24 1 32 -12 12 -15 80 -4 91 4 4 23 6 43 4 33 -3 35 -5 38 -41z m147 -7 l0 -45 -55 0 -55 0 -3 33 c-6 56 2 63 60 60 l53 -3 0 -45z m123 7 c2 -21 -2 -45 -8 -52 -8 -10 -8 -19 0 -35 6 -11 10 -40 8 -63 -3 -42 -3 -42 -43 -42 -38 0 -40 2 -43 33 -2 19 1 48 7 65 8 21 8 34 1 41 -11 11 -14 79 -3 90 4 4 23 6 43 4 33 -3 35 -5 38 -41z m134 32 c15 -8 26 -8 43 1 12 6 37 10 56 8 33 -3 34 -4 34 -48 0 -44 -1 -45 -33 -48 -18 -2 -43 3 -56 11 -19 13 -26 13 -47 1 -30 -17 -71 -18 -87 -2 -13 13 -17 70 -5 81 10 11 72 8 95 -4z m283 -39 l0 -45 -55 0 -55 0 -3 33 c-6 56 2 63 60 60 l53 -3 0 -45z m123 7 c2 -21 -2 -45 -8 -52 -8 -10 -8 -19 0 -35 6 -11 10 -40 8 -63 -3 -42 -3 -42 -43 -42 -40 0 -40 0 -43 42 -2 23 2 52 8 64 9 15 9 24 1 32 -12 12 -15 80 -4 91 4 4 23 6 43 4 33 -3 35 -5 38 -41z m117 -7 c0 -42 -2 -45 -27 -48 -35 -4 -37 -22 -3 -22 28 0 39 -26 33 -81 -3 -32 -5 -34 -43 -34 -40 0 -40 0 -43 42 -2 23 2 52 8 64 9 15 9 24 1 32 -12 12 -15 80 -4 91 4 4 23 6 43 4 34 -3 35 -4 35 -48z m-3396 -75 c28 6 30 4 36 -28 4 -19 5 -45 3 -58 -3 -22 -8 -24 -58 -24 l-55 0 -3 36 c-2 19 2 48 8 63 8 23 13 26 25 16 8 -7 26 -9 44 -5z m-3772 -14 c16 -21 16 -74 1 -89 -19 -19 -76 -14 -98 8 -26 26 -25 48 1 76 25 27 78 29 96 5z m135 2 c20 -18 24 -73 6 -91 -30 -30 -108 2 -108 45 0 24 40 63 63 63 11 0 29 -7 39 -17z m153 -3 c8 -7 15 -27 15 -46 0 -40 -24 -57 -78 -52 -34 3 -37 6 -40 37 -2 19 -1 44 2 57 5 20 11 23 46 20 22 -2 47 -9 55 -16z m1211 -5 c3 -12 4 -37 2 -56 l-3 -34 -55 0 -55 0 -3 37 c-5 59 10 76 63 76 38 -1 46 -5 51 -23z m129 -5 c23 -44 3 -84 -44 -88 -38 -4 -51 9 -51 51 0 44 17 67 50 67 23 0 33 -7 45 -30z m129 14 c19 -18 21 -75 4 -92 -17 -17 -64 -15 -82 3 -27 27 -28 51 -4 79 26 29 59 33 82 10z m154 -7 c17 -13 15 -72 -2 -86 -8 -7 -34 -11 -58 -9 -41 3 -43 5 -46 37 -2 19 -1 44 2 57 6 22 10 24 49 18 23 -4 48 -11 55 -17z m398 -2 c3 -12 4 -37 2 -56 -3 -33 -4 -34 -52 -37 -54 -4 -66 5 -66 51 0 49 13 62 64 63 40 1 47 -2 52 -21z m942 -8 c15 -25 15 -30 2 -55 -13 -22 -23 -27 -55 -27 -39 0 -40 1 -43 37 -2 20 2 47 8 58 17 31 66 24 88 -13z m148 2 c12 -25 13 -34 2 -57 -10 -21 -21 -28 -50 -30 -33 -3 -40 1 -57 29 -19 32 -19 32 1 59 29 40 83 39 104 -1z m128 15 c19 -18 21 -75 4 -92 -13 -13 -57 -16 -74 -4 -6 4 -16 17 -23 29 -10 19 -8 28 11 53 24 33 58 39 82 14z m533 -11 l23 -28 23 27 c30 37 81 35 105 -5 15 -25 15 -30 2 -55 -12 -20 -24 -28 -53 -30 -32 -3 -39 1 -56 29 l-19 31 -13 -23 c-16 -32 -28 -39 -65 -39 -34 0 -44 13 -44 56 0 66 55 87 97 37z m283 8 c15 -28 12 -77 -4 -90 -23 -19 -67 -9 -89 20 -19 27 -19 27 4 58 27 37 72 43 89 12z m151 -2 c11 -18 11 -70 0 -87 -5 -9 -25 -12 -57 -10 -48 3 -49 4 -52 37 -2 19 -1 44 2 57 5 20 11 23 52 20 26 -1 50 -9 55 -17z m379 -9 c19 -27 20 -31 6 -58 -11 -22 -25 -31 -52 -35 -51 -9 -67 7 -61 55 7 49 22 68 58 68 19 0 34 -9 49 -30z m147 3 l23 -28 23 28 c42 50 97 29 97 -37 0 -43 -10 -56 -45 -56 -26 0 -39 7 -56 31 l-21 30 -19 -31 c-17 -27 -24 -31 -57 -28 -29 2 -40 9 -50 30 -11 23 -10 32 3 58 21 41 69 42 102 3z m409 -9 c3 -17 4 -42 2 -55 -3 -22 -8 -24 -58 -24 -50 0 -55 2 -58 24 -2 13 -1 38 2 55 6 31 8 32 56 32 48 0 50 -1 56 -32z m270 12 c3 -13 4 -38 2 -57 -3 -32 -5 -34 -46 -37 -53 -4 -72 10 -72 52 0 43 10 54 50 59 19 2 41 5 47 5 7 1 15 -9 19 -22z m132 -6 c19 -25 21 -34 11 -53 -16 -30 -28 -37 -65 -37 -34 0 -44 13 -44 56 0 68 59 88 98 34z m132 11 c11 -22 13 -61 4 -85 -6 -17 -59 -22 -81 -8 -22 14 -26 59 -8 86 21 32 69 36 85 7z m152 -5 c10 -15 10 -68 -1 -84 -5 -9 -25 -12 -57 -10 -48 3 -49 4 -52 37 -2 19 -1 44 2 57 6 22 10 23 54 17 26 -3 50 -11 54 -17z m274 -12 c3 -17 4 -42 2 -55 -3 -22 -8 -24 -58 -24 -50 0 -55 2 -58 24 -2 13 -1 38 2 55 6 31 8 32 56 32 48 0 50 -1 56 -32z m252 11 c26 -30 27 -38 6 -70 -13 -19 -25 -25 -54 -25 -41 0 -50 11 -50 60 0 59 59 80 98 35z m132 6 c11 -22 13 -61 4 -85 -7 -19 -67 -22 -82 -3 -35 44 -12 107 39 107 18 0 32 -7 39 -19z m151 -2 c11 -18 11 -70 0 -87 -5 -9 -25 -12 -57 -10 -48 3 -49 4 -52 37 -2 19 -1 44 2 56 5 20 12 22 52 21 27 -2 49 -8 55 -17z m-5843 -58 c-3 -35 -4 -36 -43 -36 -40 0 -40 0 -43 42 -3 41 -2 42 30 45 45 5 60 -8 56 -51z m1734 33 c54 -38 49 -76 -10 -79 -27 -1 -37 9 -46 47 -6 26 1 58 12 58 3 0 23 -12 44 -26z m-4167 -29 c0 -39 -1 -40 -36 -43 -35 -3 -37 -2 -41 31 -6 51 0 58 41 55 35 -3 36 -4 36 -43z m123 3 c-3 -43 -3 -43 -43 -43 -36 0 -40 2 -43 28 -6 46 4 57 48 57 l41 0 -3 -42z m147 -3 l0 -40 -55 0 c-53 0 -55 1 -58 28 -6 51 3 58 60 55 l53 -3 0 -40z m131 35 c7 -7 20 -7 41 1 17 6 46 9 65 7 28 -3 33 -7 36 -31 5 -38 -14 -57 -53 -57 -24 0 -39 7 -53 25 -25 31 -28 31 -36 -1 -6 -23 -11 -25 -49 -22 -38 3 -42 6 -45 31 -5 46 4 57 46 57 21 0 43 -5 48 -10z m292 -26 c4 -41 -16 -56 -70 -52 -39 3 -43 6 -49 33 -9 50 -2 56 60 53 55 -3 56 -4 59 -34z m117 -9 c0 -40 0 -40 -39 -40 -35 0 -40 3 -47 28 -12 46 -2 58 45 55 41 -3 41 -3 41 -43z m150 0 l0 -40 -55 0 -55 0 -3 43 -3 43 58 -3 58 -3 0 -40z m115 2 c0 -24 -2 -46 -5 -49 -3 -3 -20 -2 -38 1 -26 5 -33 12 -35 35 -5 44 4 56 43 56 35 0 35 0 35 -43z m968 1 l-3 -43 -52 -3 c-30 -2 -53 1 -53 7 0 18 70 81 90 81 19 0 21 -5 18 -42z m130 6 c4 -39 -16 -56 -60 -52 -28 3 -33 7 -36 31 -6 49 3 58 50 55 40 -3 43 -5 46 -34z m140 0 c4 -39 -16 -56 -60 -52 -23 2 -37 11 -48 31 -14 26 -14 29 5 43 12 9 36 14 60 12 37 -3 40 -6 43 -34z m227 -1 c19 -20 34 -41 32 -47 -3 -10 -83 -9 -99 1 -5 2 -8 22 -8 44 0 32 3 39 20 39 10 0 35 -17 55 -37z m1543 -5 l-3 -43 -45 0 c-37 0 -45 3 -48 20 -2 22 50 65 81 65 15 0 18 -7 15 -42z m-4211 -79 c13 -13 6 -107 -8 -123 -4 -5 -1 -15 6 -23 8 -8 13 -30 12 -51 -2 -34 -4 -37 -36 -40 -61 -6 -81 4 -81 42 0 28 5 36 31 46 l31 13 -26 21 c-18 14 -28 34 -31 62 -4 35 -2 43 18 52 30 14 70 15 84 1z m131 -47 c4 -62 -6 -78 -45 -77 -26 2 -28 5 -33 54 -7 65 1 80 43 78 31 -2 32 -3 35 -55z m117 -7 c0 -59 0 -59 -32 -66 -18 -3 -36 -2 -42 4 -12 12 -15 109 -5 120 4 3 23 5 43 4 l36 -2 0 -60z m150 0 l0 -60 -52 -3 c-48 -3 -53 -1 -58 21 -4 13 -5 39 -3 58 3 31 6 35 43 40 69 11 70 10 70 -56z m127 48 c14 -13 20 -13 47 2 23 11 40 13 64 7 29 -7 32 -12 35 -51 4 -52 -10 -71 -54 -71 -37 0 -64 29 -64 67 0 13 -4 23 -10 23 -5 0 -10 -15 -10 -33 0 -18 -5 -38 -12 -45 -18 -18 -75 -15 -82 4 -11 29 -7 102 7 107 25 9 63 4 79 -10z m286 1 c18 -5 15 -79 -4 -99 -11 -11 -30 -15 -58 -13 -41 3 -41 3 -46 50 -8 66 0 77 52 71 24 -2 49 -6 56 -9z m130 -42 c4 -66 -7 -82 -51 -73 -30 6 -32 10 -38 56 -8 58 2 71 52 70 34 0 34 0 37 -53z m150 13 c2 -21 1 -49 -3 -62 -5 -22 -10 -24 -58 -21 l-52 3 -3 49 c-2 27 -1 54 1 60 3 6 27 11 58 10 l54 0 3 -39z m107 -25 l0 -65 -30 4 c-38 4 -45 15 -45 72 0 55 4 59 44 56 l31 -3 0 -64z m703 57 c19 -22 -1 -75 -37 -101 -26 -20 -38 -23 -48 -15 -16 14 -17 101 -1 117 16 16 73 15 86 -1z m267 -52 l0 -60 -49 -3 c-58 -4 -66 4 -66 70 0 52 2 54 68 53 l47 0 0 -60z m129 46 c10 -8 23 -7 48 3 23 10 45 12 64 7 26 -6 29 -12 32 -50 4 -52 -10 -71 -53 -71 -35 0 -65 32 -65 70 0 11 -4 20 -10 20 -5 0 -10 -15 -10 -33 0 -18 -5 -38 -12 -45 -18 -18 -75 -15 -82 4 -11 28 -7 102 7 107 18 7 67 0 81 -12z m261 -46 l0 -60 -40 0 -40 0 -3 49 c-4 68 0 76 45 73 l38 -2 0 -60z m150 0 l0 -60 -49 -3 c-32 -2 -52 1 -57 10 -9 14 -12 101 -4 110 3 3 29 5 58 4 l52 -1 0 -60z m273 -22 c3 -79 -8 -109 -23 -64 -3 11 -14 23 -24 26 -45 14 -98 106 -68 118 6 3 35 5 62 4 l50 -2 3 -82z m535 78 c4 -1 7 -27 5 -58 l-3 -58 -40 0 -40 0 -3 54 c-2 30 1 57 7 60 9 6 31 6 74 2z m608 -1 c60 20 89 3 89 -53 0 -51 -13 -67 -56 -67 -33 0 -63 31 -65 67 0 11 -5 6 -11 -12 -6 -16 -15 -36 -21 -42 -14 -19 -77 -16 -99 4 -17 15 -20 15 -42 -6 -14 -13 -29 -19 -39 -15 -26 10 -20 20 21 39 20 10 48 31 62 47 29 33 76 50 104 35 13 -6 31 -5 57 3z m204 -55 l0 -60 -40 0 -40 0 -3 49 c-4 69 1 78 45 74 l38 -3 0 -60z m100 53 c24 -11 26 -16 23 -62 -3 -48 -5 -51 -35 -57 -42 -8 -53 5 -53 66 0 69 11 78 65 53z m708 3 c10 -1 9 -93 -2 -109 -5 -8 -22 -12 -42 -10 -34 3 -34 4 -37 57 -2 30 1 57 7 60 9 6 34 6 74 2z m150 0 c8 -1 10 -83 1 -105 -4 -12 -20 -16 -54 -16 -34 0 -50 4 -54 16 -9 24 -7 89 3 100 8 7 52 9 104 5z m120 0 c4 -1 7 -27 5 -58 -3 -58 -3 -58 -37 -61 -41 -4 -51 8 -51 64 0 57 9 62 83 55z m791 -18 c22 -44 29 -90 15 -99 -20 -12 -63 -12 -71 0 -10 14 -10 110 -1 119 15 16 43 5 57 -20z m156 13 c17 -10 30 -11 43 -4 11 5 40 7 66 4 49 -6 50 -6 126 -3 l50 2 3 -34 c6 -61 -4 -81 -43 -81 -38 0 -65 28 -65 67 0 13 -4 23 -10 23 -5 0 -10 -10 -10 -23 0 -64 -82 -94 -116 -42 -9 14 -14 31 -11 40 4 8 2 17 -3 20 -6 4 -10 -5 -10 -20 0 -14 -8 -37 -17 -52 -16 -24 -16 -26 2 -39 11 -8 26 -11 35 -8 28 13 85 12 107 -2 18 -11 26 -11 50 1 19 10 39 12 58 6 27 -7 30 -12 30 -47 l0 -39 -140 -2 -140 -2 -22 27 c-12 15 -22 39 -23 53 0 15 -12 38 -30 55 -22 21 -30 39 -30 65 0 20 3 39 7 42 11 12 67 7 93 -7z m398 0 c14 -8 16 -84 3 -104 -5 -8 -22 -12 -42 -10 -34 3 -34 4 -37 57 -2 30 1 57 7 60 13 9 54 7 69 -3z m155 5 c8 -1 10 -83 1 -105 -4 -12 -20 -16 -54 -16 -34 0 -50 4 -54 16 -10 25 -7 102 4 106 8 2 68 2 103 -1z m120 0 c4 -1 7 -27 5 -58 -3 -58 -3 -58 -37 -61 -42 -4 -51 8 -51 70 0 54 4 57 83 49z m577 -41 c10 -60 4 -68 -53 -72 -65 -4 -79 9 -70 65 3 23 10 44 14 47 5 3 30 3 56 0 46 -5 48 -7 53 -40z m118 -12 c2 -32 -1 -58 -5 -59 -79 -8 -97 4 -87 59 9 60 11 61 51 59 l38 -2 3 -57z m145 53 c11 -1 8 -109 -3 -113 -5 -1 -32 -1 -60 0 l-50 4 0 53 c0 29 4 55 10 57 8 2 68 2 103 -1z m123 -3 c3 -5 8 -29 11 -53 3 -35 1 -45 -14 -52 -16 -7 -26 -8 -70 -4 -13 1 -19 101 -7 113 9 10 74 7 80 -4z m186 -1 c13 6 34 9 48 7 14 -1 28 -3 33 -3 4 -1 7 -25 7 -55 l0 -54 -120 -1 c-133 0 -136 2 -122 69 6 28 13 36 37 40 17 3 45 2 62 -4 22 -6 41 -6 55 1z m238 -37 c9 -60 3 -68 -52 -72 -27 -1 -55 0 -61 4 -14 8 -11 99 3 108 5 3 31 3 57 0 46 -5 48 -7 53 -40z m118 -11 l3 -57 -37 -4 c-49 -6 -66 13 -58 60 9 60 11 61 51 59 l38 -2 3 -56z m120 -8 c-3 -49 -6 -56 -25 -59 -30 -4 -30 -20 -1 -24 18 -2 24 -12 29 -40 8 -48 2 -56 -46 -60 l-40 -3 -2 120 c-1 66 2 122 7 125 6 3 26 4 45 2 l36 -4 -3 -57z m-7020 13 c3 -47 -16 -74 -53 -74 -22 0 -54 22 -56 38 0 4 -2 20 -4 37 -5 37 8 46 65 43 l45 -3 3 -41z m147 -14 l0 -55 -55 0 -55 0 -3 58 -3 58 58 -3 58 -3 0 -55z m245 0 c0 -27 -5 -52 -12 -56 -22 -14 -66 -14 -71 0 -10 26 55 122 74 110 5 -3 9 -27 9 -54z m791 4 c16 -27 20 -41 12 -52 -10 -17 -50 -21 -71 -8 -12 7 -17 97 -6 109 12 11 42 -12 65 -49z m295 44 c11 -17 5 -80 -9 -96 -6 -8 -25 -12 -46 -10 -35 3 -36 4 -39 47 -2 24 -1 50 2 57 7 18 82 19 92 2z m142 -30 c4 -51 -12 -78 -47 -78 -34 0 -58 25 -62 65 -5 46 7 56 59 53 46 -3 47 -4 50 -40z m150 -4 c4 -55 -17 -76 -72 -72 l-41 3 -3 58 -3 58 58 -3 58 -3 3 -41z m1620 4 c4 -51 -12 -78 -47 -78 -35 0 -57 24 -64 72 -7 43 0 48 63 45 44 -2 45 -3 48 -39z m542 32 c8 0 32 2 52 6 21 3 49 3 62 0 22 -5 24 -10 19 -48 -7 -55 -18 -68 -58 -68 -38 0 -55 17 -58 56 -3 34 -27 45 -27 12 0 -54 -64 -90 -98 -56 -13 13 -17 90 -5 102 5 4 28 5 53 2 25 -3 52 -6 60 -6z m268 -38 c4 -51 -10 -72 -48 -72 -33 0 -49 17 -60 65 -10 43 6 56 65 52 40 -2 40 -2 43 -45z m1350 -9 l-3 -58 -45 -3 c-33 -3 -47 1 -57 14 -14 19 -18 86 -6 97 3 4 31 7 60 7 l54 0 -3 -57z m272 17 c11 -68 5 -73 -70 -66 -53 5 -70 3 -80 -9 -10 -12 -10 -18 -1 -29 7 -8 14 -31 17 -50 5 -43 -15 -58 -66 -47 -33 6 -35 10 -38 49 -3 40 -2 43 27 48 32 7 33 24 1 24 -10 0 -21 7 -24 16 -8 20 -8 89 0 97 3 3 56 5 117 4 l112 -2 5 -35z m-2921 -41 c26 -24 31 -33 20 -40 -16 -10 -51 -2 -61 15 -10 14 -10 56 0 56 4 0 22 -14 41 -31z m1571 0 c0 -11 -5 -29 -10 -39 -7 -13 -7 -21 0 -25 5 -3 10 -26 10 -51 l0 -44 -44 0 c-25 0 -47 4 -50 9 -10 16 15 69 40 86 14 9 22 20 19 25 -7 11 15 60 27 60 4 0 8 -9 8 -21z m-5975 -109 l0 -45 -40 0 c-37 0 -40 2 -42 30 -3 55 5 66 45 63 37 -3 37 -3 37 -48z m123 -3 l3 -48 -43 3 c-41 3 -43 5 -46 36 -5 53 3 64 45 60 38 -3 38 -3 41 -51z m150 0 l3 -48 -58 3 -58 3 -3 39 c-4 48 8 57 68 54 l45 -3 3 -48z m126 38 c16 -12 23 -11 52 3 26 12 41 13 62 6 23 -8 27 -15 27 -49 l0 -40 -115 0 -115 0 -3 33 c-2 19 -1 40 2 48 7 18 65 18 90 -1z m271 5 c23 -9 26 -15 23 -47 l-3 -38 -57 -3 c-42 -2 -58 1 -59 10 -1 7 -2 22 -3 33 -3 51 36 69 99 45z m140 -40 l0 -45 -45 0 c-44 0 -45 0 -47 35 -2 47 13 62 56 58 36 -3 36 -4 36 -48z m150 0 l0 -45 -55 0 -55 0 -3 33 c-5 54 1 61 60 59 l53 -2 0 -45z m115 -1 l0 -50 -37 3 c-35 3 -38 6 -41 36 -5 50 3 62 43 62 l35 0 0 -51z m575 41 c8 -13 -12 -75 -28 -88 -7 -6 -30 -7 -52 -3 -40 6 -40 7 -36 46 1 22 5 43 8 48 7 11 101 8 108 -3z m240 -40 l0 -45 -42 -3 -43 -3 0 44 c0 53 5 59 50 55 34 -3 35 -4 35 -48z m150 0 l0 -45 -55 0 -55 0 -3 39 c-4 47 5 54 67 52 l46 -1 0 -45z m129 35 c16 -12 23 -11 52 3 26 12 41 13 62 6 23 -8 27 -15 27 -49 l0 -40 -115 0 -115 0 -3 33 c-2 19 -1 40 2 48 7 18 65 18 90 -1z m261 -35 l0 -45 -42 -3 c-30 -2 -43 1 -44 10 -1 7 -2 22 -3 33 -3 40 13 56 52 53 37 -3 37 -3 37 -48z m150 0 l0 -45 -55 0 -55 0 -3 33 c-5 54 1 61 60 59 l53 -2 0 -45z m123 -3 l3 -48 -43 3 c-41 3 -43 5 -46 36 -5 53 3 64 45 60 38 -3 38 -3 41 -51z m115 0 c33 -37 24 -49 -34 -45 -42 3 -44 5 -47 36 -5 52 3 65 30 51 13 -7 35 -26 51 -42z m161 38 c16 -12 22 -12 47 1 21 10 38 12 62 6 29 -8 32 -12 32 -48 l0 -39 -95 -1 c-52 -1 -99 -2 -105 -4 -24 -6 -33 2 -38 38 -2 20 0 43 6 50 13 16 67 15 91 -3z m284 -1 c9 -2 12 -17 10 -41 l-3 -38 -55 0 -55 0 -3 33 c-5 54 1 61 50 55 24 -2 49 -6 56 -9z m132 -24 c9 -52 3 -60 -46 -60 -46 0 -48 2 -44 55 3 42 7 46 48 43 34 -3 37 -6 42 -38z m420 29 c14 0 42 2 64 5 25 3 46 0 59 -9 17 -12 24 -12 50 1 19 10 41 14 64 9 33 -6 34 -7 31 -48 l-3 -42 -190 0 -190 0 -3 33 c-6 56 2 65 51 58 23 -4 53 -7 67 -7z m385 -39 l0 -45 -39 -3 c-44 -4 -56 8 -51 50 5 42 14 49 53 46 37 -3 37 -3 37 -48z m126 8 c8 -50 -1 -60 -47 -56 -36 3 -39 5 -42 36 -5 53 3 64 45 60 35 -3 38 -6 44 -40z m146 25 c5 -10 7 -27 7 -38 -1 -11 -2 -26 -3 -33 -1 -9 -17 -12 -58 -10 l-58 3 -3 39 c-4 46 7 56 65 56 31 0 44 -5 50 -17z m538 -33 l0 -45 -40 0 c-38 0 -40 2 -43 33 -5 52 2 61 45 59 l38 -2 0 -45z m150 -1 l0 -44 -55 0 -55 0 -3 33 c-5 54 1 59 60 57 l53 -2 0 -44z m123 -2 l3 -48 -43 3 c-41 3 -43 5 -46 36 -5 52 2 61 45 59 38 -2 38 -2 41 -50z m130 38 c18 -13 26 -14 44 -4 26 14 82 13 109 -2 14 -7 25 -5 43 6 18 12 33 14 58 7 30 -8 33 -11 33 -48 l0 -39 -45 1 c-25 1 -54 2 -65 2 -26 0 -134 0 -160 0 -11 0 -40 -1 -65 -2 l-45 -1 0 40 c0 33 4 40 25 46 38 11 44 10 68 -6z m680 2 c6 -7 10 -28 9 -47 -2 -34 -3 -35 -49 -38 l-48 -3 0 44 c0 24 3 47 7 50 11 12 70 8 81 -6z m537 -37 l0 -45 -40 0 c-38 0 -40 2 -43 33 -5 52 2 61 45 59 l38 -2 0 -45z m150 -1 l0 -44 -55 0 -55 0 -3 33 c-5 54 1 59 60 57 l53 -2 0 -44z m120 1 l0 -45 -40 0 c-38 0 -40 2 -43 33 -5 52 2 61 45 59 l38 -2 0 -45z m150 0 l0 -45 -55 0 -55 0 0 40 c0 39 1 40 40 46 67 10 70 8 70 -41z m-5275 -5 l0 -45 -45 0 c-32 0 -45 4 -45 14 0 23 50 76 71 76 16 0 19 -7 19 -45z m5548 -4 c-3 -35 -4 -36 -43 -36 -38 0 -40 2 -43 34 -4 40 6 48 53 43 35 -4 36 -6 33 -41z m120 39 c32 0 33 -1 30 -37 l-3 -38 -57 -3 -58 -3 0 39 c0 45 7 55 35 48 11 -3 35 -6 53 -6z m147 -35 c0 -40 0 -40 -42 -43 l-43 -3 0 39 c0 48 5 54 50 50 34 -3 35 -4 35 -43z m150 0 l0 -40 -55 0 c-53 0 -55 1 -58 28 -6 47 2 54 60 53 l53 -1 0 -40z m120 34 c9 -7 11 -27 6 -71 -1 -5 -21 -8 -46 -8 l-45 0 0 38 c0 21 3 41 6 45 9 8 67 6 79 -4z m155 -2 c3 0 21 3 42 7 59 13 80 1 76 -42 l-3 -37 -115 0 -115 0 -3 37 c-3 31 0 37 20 41 19 4 50 2 98 -6z m238 3 c32 0 33 -1 30 -37 l-3 -38 -57 -3 -58 -3 0 39 c0 45 7 55 35 48 11 -3 35 -6 53 -6z m140 -38 l3 -42 -40 0 c-41 0 -41 0 -41 38 0 47 4 52 44 49 29 -2 31 -5 34 -45z m-4728 -2 l0 -40 -55 0 c-60 0 -67 8 -32 34 12 9 31 23 42 31 34 24 45 18 45 -25z m930 -28 c0 -9 -13 -12 -42 -10 -36 3 -44 7 -46 26 -7 49 5 56 48 25 22 -15 40 -34 40 -41z m1563 37 c22 -39 22 -49 -2 -49 -27 0 -40 21 -34 53 7 35 14 34 36 -4z m-4883 -84 l85 0 0 -55 0 -55 -90 0 c-49 -1 -101 -4 -114 -9 -30 -10 -41 5 -41 61 0 64 7 75 44 66 17 -4 69 -8 116 -8z m346 3 c12 -19 12 -107 0 -117 -14 -10 -86 -2 -87 10 0 5 -1 27 -1 49 0 22 1 44 1 49 1 6 16 12 34 14 17 2 35 5 39 5 4 1 10 -3 14 -10z m1389 -7 c11 1 40 2 65 3 l45 1 0 -55 0 -55 -45 1 c-25 1 -54 2 -65 3 -11 1 -38 -2 -60 -7 -60 -13 -65 -8 -65 58 0 66 5 71 65 58 22 -5 49 -8 60 -7z m387 -42 c8 -66 -1 -79 -50 -72 -20 3 -39 7 -41 9 -3 3 -4 66 -2 101 1 10 50 22 76 18 6 -1 13 -26 17 -56z m2382 52 c9 -15 -24 -71 -43 -71 -9 0 -22 -13 -28 -31 -12 -31 -13 -31 -55 -24 -24 5 -79 9 -123 11 -84 2 -92 2 -165 0 l-45 -1 0 55 0 55 45 -1 c25 -1 54 -2 65 -2 27 -1 135 0 160 0 126 4 119 5 126 -27 6 -28 7 -28 8 -4 2 38 39 66 55 40z m1396 -1 c10 -6 15 -27 16 -60 1 -59 -13 -72 -66 -61 -35 7 -35 7 -35 61 0 59 -4 54 65 69 3 0 12 -4 20 -9z m1349 -6 c5 -4 5 -104 0 -109 -2 -2 -22 -5 -44 -7 l-40 -3 -3 54 c-4 76 0 83 45 75 21 -4 40 -8 42 -10z m-8645 -54 l1 -55 -34 -3 c-66 -7 -78 2 -77 55 0 27 5 51 11 56 5 4 30 6 54 5 l45 -3 0 -55z m124 3 l-3 -58 -37 -3 c-21 -2 -38 0 -39 5 0 4 -1 28 -3 53 -2 25 -1 48 1 53 2 4 22 7 44 7 l40 0 -3 -57z m122 -4 l0 -60 -42 3 -43 3 -3 58 -3 57 46 0 45 0 0 -61z m145 1 l0 -55 -55 0 -55 0 -3 44 c-5 67 0 72 60 69 l53 -3 0 -55z m150 51 c6 0 35 1 65 2 l55 2 0 -55 0 -55 -115 0 -115 0 -3 44 c-5 67 1 74 56 67 26 -3 52 -5 57 -5z m270 -51 l0 -55 -57 -3 c-36 -2 -58 1 -59 8 0 5 -1 28 -1 50 0 22 1 45 1 50 1 7 23 10 59 8 l57 -3 0 -55z m120 0 l0 -55 -45 0 -45 0 -1 50 c0 28 1 54 4 58 2 4 23 7 45 5 l42 -3 0 -55z m150 0 l0 -55 -55 0 -55 0 -3 44 c-5 67 0 72 60 69 l53 -3 0 -55z m115 -1 l0 -60 -37 3 c-37 3 -38 4 -41 47 -5 61 2 71 43 71 l35 0 0 -61z m425 1 c0 -50 -2 -55 -24 -58 -13 -2 -38 -1 -55 2 -31 6 -32 8 -32 56 0 55 5 59 71 57 l40 -2 0 -55z m270 0 l0 -55 -42 -3 c-25 -2 -43 1 -44 7 0 6 -1 29 -1 51 0 22 1 45 1 51 1 6 19 9 44 7 l42 -3 0 -55z m123 -3 l3 -58 -43 3 -43 3 -3 58 -3 58 43 -3 43 -3 3 -58z m147 3 l0 -55 -55 0 -55 0 -3 44 c-5 67 0 72 60 69 l53 -3 0 -55z m150 51 c6 0 35 1 65 2 l55 2 0 -55 0 -55 -115 0 -115 0 -3 44 c-5 67 1 74 56 67 26 -3 52 -5 57 -5z m240 -51 l0 -55 -42 -3 c-25 -2 -43 1 -44 7 0 6 -1 29 -1 51 0 22 1 45 1 51 1 6 19 9 44 7 l42 -3 0 -55z m150 0 l0 -55 -55 0 -55 0 -3 44 c-5 67 0 72 60 69 l53 -3 0 -55z m123 3 l-3 -58 -40 0 -40 0 -3 44 c-5 62 1 71 48 71 l41 0 -3 -57z m137 -3 l0 -55 -50 0 -50 0 -3 44 c-5 66 1 73 55 69 l48 -3 0 -55z m430 0 l0 -55 -55 0 -55 0 -3 44 c-5 67 0 72 60 69 l53 -3 0 -55z m246 53 c7 -82 3 -108 -16 -111 -37 -4 -50 21 -46 90 1 20 60 40 62 21z m149 -53 l0 -61 -57 3 -58 3 -3 44 c-5 66 0 71 63 71 l55 0 0 -60z m305 52 c11 0 40 1 65 2 l45 1 0 -55 0 -55 -45 1 c-25 1 -54 2 -65 2 -11 1 -76 0 -145 -1 l-125 -2 -3 44 c-5 71 -8 69 130 65 68 -2 132 -3 143 -2z m230 -52 l0 -55 -42 -3 c-25 -2 -43 1 -44 7 0 6 -1 29 -1 51 0 22 1 45 1 51 1 6 19 9 44 7 l42 -3 0 -55z m125 -1 l0 -60 -42 3 c-43 3 -43 3 -46 47 -5 62 1 71 48 71 l40 0 0 -61z m145 1 l0 -55 -55 0 -55 0 -3 44 c-5 67 0 72 60 69 l53 -3 0 -55z m242 33 c25 -17 32 -64 11 -80 -7 -6 -58 -9 -113 -9 l-100 1 -3 44 c-5 73 -4 74 95 66 49 -4 97 -14 110 -22z m178 -33 l0 -55 -54 0 -55 0 -1 50 c-1 28 0 54 3 58 2 4 27 7 55 5 l52 -3 0 -55z m120 0 l0 -55 -42 -3 -43 -3 0 54 c0 29 3 57 7 61 4 4 23 6 43 4 l35 -3 0 -55z m150 0 l0 -55 -55 0 -55 0 -3 44 c-5 67 0 72 60 69 l53 -3 0 -55z m120 0 l0 -55 -40 0 -40 0 -3 44 c-5 63 2 73 45 69 l38 -3 0 -55z m573 -6 c-3 -48 -4 -49 -37 -52 -53 -5 -56 10 -14 66 21 28 41 48 46 43 4 -4 7 -30 5 -57z m117 6 l0 -55 -44 0 -45 0 -1 50 c-1 28 0 54 3 58 2 4 23 7 45 5 l42 -3 0 -55z m127 50 c2 -5 1 -33 -1 -60 l-3 -51 -42 3 -41 3 -3 58 -3 57 45 0 c24 0 46 -4 48 -10z m123 -35 c24 -64 16 -77 -42 -73 l-48 3 -3 44 c-4 60 2 71 41 71 31 0 36 -4 52 -45z m290 -15 l0 -55 -65 0 c-36 0 -75 -4 -87 -8 -13 -5 -31 -4 -43 3 -22 12 -64 96 -55 110 3 5 60 8 128 7 l122 -2 0 -55z m120 0 l0 -55 -40 0 -40 0 -3 44 c-5 63 2 73 45 69 l38 -3 0 -55z m150 0 l0 -55 -55 0 -55 0 -3 44 c-5 67 0 72 60 69 l53 -3 0 -55z m120 0 l0 -55 -40 0 -40 0 -3 44 c-5 63 2 73 45 69 l38 -3 0 -55z m150 0 l0 -55 -55 0 -55 0 -3 44 c-5 67 0 72 60 69 l53 -3 0 -55z m270 0 l0 -55 -40 0 -40 0 -3 44 c-5 63 2 73 45 69 l38 -3 0 -55z m150 0 l0 -55 -55 0 -55 0 -3 44 c-5 67 0 72 60 69 l53 -3 0 -55z m120 0 l0 -55 -42 -3 -43 -3 0 61 0 61 43 -3 42 -3 0 -55z m150 0 l0 -55 -55 0 -55 0 -3 44 c-5 67 0 72 60 69 l53 -3 0 -55z m126 50 c0 -5 1 -28 1 -50 0 -22 -1 -45 -1 -51 -1 -6 -19 -9 -43 -7 -43 3 -43 3 -46 47 -2 24 -1 50 2 57 6 16 86 20 87 4z m264 -50 l0 -55 -115 0 -115 0 -3 44 c-5 70 -6 69 120 67 l113 -1 0 -55z m150 0 l0 -55 -55 0 -55 0 -3 44 c-5 67 0 72 60 69 l53 -3 0 -55z m115 0 l0 -60 -40 0 -40 0 0 60 0 60 40 0 40 0 0 -60z m-7121 -92 c40 1 79 -2 86 -8 8 -7 21 -7 43 1 17 6 45 9 64 7 31 -3 33 -5 33 -43 0 -38 -2 -40 -33 -43 -19 -2 -47 1 -64 7 -23 8 -35 8 -45 0 -9 -8 -34 -10 -74 -5 -33 3 -81 1 -106 -5 -52 -11 -63 -4 -63 43 0 50 9 59 49 51 20 -5 69 -7 110 -5z m349 0 c16 -16 15 -73 0 -86 -8 -6 -30 -7 -53 -3 -39 6 -40 7 -40 46 0 38 2 40 35 46 19 4 37 7 41 8 3 0 10 -4 17 -11z m1402 -2 l95 -1 0 -40 0 -40 -95 -1 c-52 -1 -99 -2 -105 -4 -28 -7 -35 2 -35 44 0 43 13 60 35 48 5 -3 52 -6 105 -6z m2653 0 c3 -7 -6 -29 -20 -49 l-25 -36 -157 2 -156 2 0 40 0 40 152 0 c83 0 155 3 159 8 12 12 41 8 47 -7z m767 0 l65 -1 0 -40 0 -40 -64 -3 c-67 -3 -94 10 -111 53 -10 25 8 48 29 39 9 -4 45 -8 81 -8z m731 4 c13 -7 19 -21 19 -45 0 -42 -22 -56 -70 -46 -33 6 -35 9 -35 46 0 36 3 40 30 46 17 4 31 7 33 8 2 0 12 -4 23 -9z m1347 -6 c7 -5 8 -64 2 -73 -3 -5 -23 -11 -45 -13 -40 -3 -40 -3 -43 36 -5 59 2 68 45 60 21 -4 40 -8 41 -10z m-8643 -39 c0 -38 -2 -40 -34 -43 -61 -6 -81 4 -81 42 0 40 9 46 70 43 l45 -2 0 -40z m123 3 c-3 -43 -3 -43 -43 -43 -36 0 -40 2 -43 28 -6 46 4 57 48 57 l41 0 -3 -42z m122 -3 l0 -45 -45 0 -45 0 0 45 0 45 45 0 45 0 0 -45z m148 -3 l3 -43 -58 3 c-55 3 -58 4 -61 31 -6 51 3 58 60 55 l53 -3 3 -43z m267 3 l0 -40 -115 0 -115 0 -3 28 c-6 53 -3 55 120 53 l113 -1 0 -40z m150 0 l0 -40 -60 0 c-60 0 -60 0 -62 30 -3 52 2 56 64 53 l58 -3 0 -40z m123 3 l-3 -43 -45 0 c-42 0 -45 2 -48 28 -6 48 3 57 53 57 l46 0 -3 -42z m147 -3 l0 -40 -55 0 c-53 0 -55 1 -58 28 -6 51 3 58 60 55 l53 -3 0 -40z m115 -1 l0 -45 -37 3 c-33 3 -38 7 -41 31 -5 45 4 57 43 57 35 0 35 0 35 -46z m698 -1 l3 -43 -45 0 c-25 0 -46 5 -47 10 -1 6 -1 21 -1 35 0 14 0 30 1 36 1 6 19 9 44 7 42 -3 42 -3 45 -45z m122 2 l0 -45 -45 0 -45 0 0 38 c0 48 4 52 52 52 l38 0 0 -45z m150 0 l0 -46 -57 3 c-55 3 -58 4 -61 31 -6 49 3 57 63 57 l55 0 0 -45z m265 0 l0 -40 -115 0 -115 0 -3 28 c-6 53 -3 55 120 53 l113 -1 0 -40z m125 0 l0 -45 -44 0 c-52 0 -59 12 -47 83 0 4 21 7 46 7 l45 0 0 -45z m145 0 l0 -40 -55 0 c-53 0 -55 1 -58 28 -6 51 3 58 60 55 l53 -3 0 -40z m125 -1 l0 -45 -42 3 c-39 3 -43 6 -46 31 -6 46 4 57 48 57 l40 0 0 -46z m135 1 l0 -40 -50 0 c-47 0 -50 1 -53 28 -6 50 3 58 55 55 l48 -3 0 -40z m430 0 l0 -40 -55 0 c-53 0 -55 1 -58 28 -6 51 3 58 60 55 l53 -3 0 -40z m133 22 c2 -10 1 -29 -2 -43 -6 -21 -12 -24 -51 -24 -25 0 -45 5 -46 10 -1 6 -1 21 -1 35 0 14 0 30 1 36 1 6 20 9 48 7 37 -2 49 -7 51 -21z m56 -29 c7 -40 -6 -57 -29 -38 -18 15 -20 77 -2 83 17 6 24 -3 31 -45z m64 22 c1 -14 -2 -31 -7 -39 -14 -22 -31 -3 -31 35 0 28 4 35 18 32 10 -2 18 -14 20 -28z m142 -15 l0 -45 -60 0 c-63 0 -64 1 -60 50 3 38 7 40 66 40 l54 0 0 -45z m415 0 l0 -40 -190 0 -190 0 -3 28 c-6 54 -8 54 195 53 l188 -1 0 -40z m123 3 c-3 -43 -3 -43 -45 -46 -24 -2 -44 0 -44 5 -12 76 -8 83 46 83 l46 0 -3 -42z m123 32 c1 -5 1 -21 1 -35 0 -14 0 -29 -1 -35 -1 -5 -21 -10 -46 -10 l-45 0 0 45 0 45 45 0 c25 0 45 -4 46 -10z m149 -35 l0 -46 -57 3 c-55 3 -58 4 -61 31 -6 49 3 57 63 57 l55 0 0 -45z m230 28 c0 -7 -4 -13 -9 -13 -5 0 -11 -12 -13 -27 l-3 -28 -85 0 -85 0 -3 28 c-6 52 -1 55 102 54 73 0 96 -4 96 -14z m185 -28 l0 -40 -65 -2 c-36 -1 -74 -3 -85 -5 -30 -5 -32 38 -4 68 21 22 30 25 89 22 l65 -3 0 -40z m120 0 c0 -40 0 -40 -42 -43 l-43 -3 0 46 0 46 43 -3 c42 -3 42 -3 42 -43z m150 0 l0 -40 -55 0 c-53 0 -55 1 -58 28 -6 51 3 58 60 55 l53 -3 0 -40z m125 -1 l0 -45 -42 3 c-39 3 -43 6 -46 31 -6 46 4 57 48 57 l40 0 0 -46z m565 1 l0 -40 -60 0 -60 0 2 29 c4 53 9 57 65 54 l53 -3 0 -40z m125 0 l0 -45 -44 0 c-52 0 -59 12 -47 83 0 4 21 7 46 7 l45 0 0 -45z m121 35 c1 -5 1 -21 1 -35 0 -14 0 -29 -1 -35 -1 -5 -21 -10 -46 -10 l-45 0 0 45 0 45 45 0 c25 0 45 -4 46 -10z m145 4 c46 -6 52 -10 66 -40 9 -19 13 -36 9 -37 -3 -2 -46 -3 -96 -3 l-90 1 -3 28 c-7 58 5 64 114 51z m389 -39 c0 -40 0 -40 -42 -43 l-43 -3 0 39 c0 48 5 54 50 50 34 -3 35 -4 35 -43z m150 0 l0 -40 -55 0 c-53 0 -55 1 -58 28 -6 51 3 58 60 55 l53 -3 0 -40z m125 -1 l0 -45 -42 3 c-39 3 -43 6 -46 31 -6 46 4 57 48 57 l40 0 0 -46z m150 1 l0 -46 -57 3 c-55 3 -58 4 -61 31 -6 49 3 57 63 57 l55 0 0 -45z m265 0 c0 -40 0 -40 -40 -40 -36 0 -40 2 -43 28 -6 47 4 59 45 55 37 -3 38 -4 38 -43z m150 0 l0 -40 -57 -3 -58 -3 0 46 0 46 58 -3 57 -3 0 -40z m123 -2 l3 -43 -45 0 c-25 0 -46 5 -47 10 -1 6 -1 21 -1 35 0 14 0 30 1 36 1 6 19 9 44 7 42 -3 42 -3 45 -45z m150 -1 l3 -43 -58 3 c-55 3 -58 4 -61 31 -6 51 3 58 60 55 l53 -3 3 -43z m123 38 c1 -5 1 -21 1 -35 0 -14 0 -30 -1 -36 -1 -6 -19 -9 -43 -7 -43 3 -43 3 -46 46 l-3 42 45 0 c25 0 46 -4 47 -10z m264 -35 l0 -40 -115 0 -115 0 -3 28 c-6 53 -3 55 120 53 l113 -1 0 -40z m150 0 l0 -40 -57 -3 -58 -3 0 46 0 46 58 -3 57 -3 0 -40z m115 0 l0 -45 -40 0 -40 0 0 45 0 45 40 0 40 0 0 -45z m-7121 -77 c40 1 79 -2 86 -8 8 -7 21 -7 43 1 17 6 45 9 64 7 31 -3 33 -5 33 -43 0 -34 -4 -41 -27 -49 -38 -13 -88 9 -88 40 0 13 -4 24 -10 24 -5 0 -10 -10 -10 -23 0 -13 -5 -28 -12 -35 -16 -16 -67 -15 -98 2 -21 12 -27 12 -45 -2 l-22 -16 20 -34 20 -33 27 26 c38 36 90 32 104 -7 26 -75 -47 -118 -104 -63 l-28 27 -13 -23 c-6 -13 -18 -28 -26 -33 -23 -13 36 -46 60 -34 26 13 90 17 105 5 15 -12 16 -71 2 -98 -24 -43 -115 -10 -115 42 0 28 -20 23 -22 -5 -1 -14 -9 -36 -18 -49 -15 -23 -14 -25 8 -40 18 -11 28 -12 43 -4 27 15 85 19 101 5 16 -13 16 -78 0 -99 -27 -36 -118 -1 -113 43 0 7 -3 14 -9 16 -5 1 -11 -7 -11 -18 -1 -10 -9 -31 -18 -46 -17 -25 -17 -27 2 -45 14 -12 18 -26 15 -40 -4 -16 -2 -20 8 -17 8 3 13 14 11 25 -5 36 92 60 117 29 7 -8 11 -30 9 -48 -3 -30 -6 -33 -41 -36 -22 -2 -53 1 -69 7 -22 8 -35 8 -44 0 -7 -6 -30 -9 -51 -7 l-38 3 -1 315 c-1 173 0 323 3 333 4 15 11 16 41 10 20 -4 70 -7 111 -5z m349 -1 c11 -13 10 -76 -2 -95 -3 -6 3 -37 14 -69 11 -31 20 -61 20 -66 0 -4 -26 -7 -57 -5 l-58 3 -3 48 c-2 27 2 55 8 62 8 10 8 20 -2 37 -7 13 -13 37 -13 53 0 26 4 31 35 36 19 4 38 7 41 8 4 0 11 -5 17 -12z m1402 -1 l95 -1 0 -40 c0 -34 -4 -41 -27 -49 -20 -7 -36 -6 -59 5 -28 13 -35 13 -63 0 l-31 -15 28 -27 c15 -15 27 -36 27 -47 0 -32 -32 -61 -70 -64 l-35 -3 -2 120 c-1 117 5 143 31 127 6 -3 53 -6 106 -6z m465 -22 c8 -20 14 -49 13 -64 -1 -15 6 -39 15 -53 21 -33 22 -56 1 -86 -12 -17 -13 -26 -5 -34 14 -14 14 -65 0 -104 -9 -26 -15 -30 -41 -28 -39 3 -50 23 -46 83 3 43 5 47 33 52 20 4 26 8 18 13 -7 5 -17 6 -22 3 -21 -13 -29 26 -29 129 0 61 2 113 5 118 12 20 44 5 58 -29z m1259 29 c4 -5 38 -8 74 -8 l67 0 3 -33 c6 -58 -26 -75 -95 -50 -28 10 -36 10 -49 -4 -14 -14 -14 -18 1 -48 l17 -32 28 27 c37 35 80 32 94 -7 25 -72 -39 -116 -94 -63 l-27 26 -16 -24 c-16 -24 -73 -42 -101 -31 -24 9 -28 74 -6 102 11 13 20 35 20 48 0 12 5 26 10 29 6 3 10 15 10 25 0 10 10 26 22 34 25 18 31 19 42 9z m2427 -3 c23 -13 26 -72 4 -90 -11 -9 -12 -17 -4 -33 16 -29 13 -96 -5 -116 -15 -16 -14 -19 8 -29 15 -6 46 -9 75 -5 76 9 84 -3 65 -94 -6 -31 -68 -33 -86 -3 -7 11 -18 20 -24 20 -6 0 -19 -9 -29 -20 -23 -26 -71 -26 -85 -1 -14 27 -13 84 2 99 7 7 20 12 31 12 10 0 15 5 12 10 -3 6 -14 10 -25 10 -49 0 -37 127 13 131 7 1 1 4 -13 8 -22 6 -25 12 -25 51 0 42 2 45 30 51 17 4 31 7 33 8 2 0 12 -4 23 -9z m1349 -7 c8 -7 -1 -77 -12 -90 -7 -9 -7 -17 1 -27 7 -8 11 -36 9 -63 -3 -41 -6 -48 -25 -51 -13 -2 -23 -7 -23 -12 0 -5 10 -10 23 -12 18 -2 23 -10 25 -42 6 -67 -4 -86 -43 -86 -24 0 -35 5 -38 18 -7 22 -6 364 0 375 4 7 73 -1 83 -10z m-8648 -43 c-1 -25 -2 -58 -1 -75 2 -37 2 -70 0 -110 -1 -44 -3 -147 -2 -170 2 -74 -1 -120 -8 -133 -6 -11 -3 -21 10 -31 14 -13 17 -23 11 -51 -7 -31 -11 -35 -44 -38 -21 -2 -45 1 -55 7 -26 13 -22 60 7 83 l23 19 -22 23 c-20 22 -38 96 -23 96 4 0 16 7 26 15 19 15 19 15 -3 39 -12 13 -24 39 -27 59 -3 31 -1 36 26 47 l30 12 -30 28 c-37 34 -38 63 -4 96 24 25 24 27 7 40 -10 7 -21 14 -25 14 -13 0 -9 68 5 74 6 3 32 4 57 3 l45 -2 -3 -45z m123 0 c0 -45 0 -45 -37 -48 -21 -2 -39 0 -40 5 -14 75 -6 95 39 91 38 -3 38 -3 38 -48z m123 3 l-3 -48 -40 0 c-38 0 -40 2 -43 33 -5 52 3 62 48 62 l41 0 -3 -47z m150 0 l-3 -48 -55 0 -55 0 -3 33 c-5 55 1 62 63 62 l56 0 -3 -47z m270 3 c2 -24 -2 -42 -10 -47 -19 -13 -60 -10 -87 5 -21 12 -28 12 -47 -1 -13 -8 -38 -13 -56 -11 -29 3 -33 7 -36 36 -6 59 -4 60 120 58 l113 -1 3 -39z m150 4 c4 -42 -16 -60 -70 -60 -39 0 -54 16 -52 55 1 11 2 26 3 33 1 9 17 12 59 10 l57 -3 3 -35z m120 -7 c-3 -46 -4 -48 -36 -51 -43 -4 -61 11 -60 51 1 45 4 47 54 47 l45 0 -3 -47z m147 -3 l0 -45 -55 0 -55 0 -3 33 c-6 56 2 63 60 60 l53 -3 0 -45z m112 -72 l-2 -122 -25 0 c-39 0 -50 12 -50 55 0 53 14 79 40 72 11 -3 20 -1 20 5 0 6 -12 12 -27 14 -24 2 -29 8 -31 36 -5 50 3 62 42 62 l35 0 -2 -122z m698 72 l0 -45 -40 0 c-38 0 -40 2 -45 35 -9 53 -3 61 44 58 l41 -3 0 -45z m123 3 c-3 -44 -5 -48 -33 -53 -21 -4 -26 -8 -17 -14 7 -4 16 -5 19 -2 15 15 33 -20 33 -65 0 -50 -10 -63 -45 -63 -11 0 -26 3 -33 8 -15 9 -16 80 -1 108 8 14 8 23 0 31 -6 6 -11 30 -11 54 l0 43 46 0 45 0 -3 -47z m150 0 l-3 -48 -55 0 -55 0 -3 33 c-5 55 1 62 63 62 l56 0 -3 -47z m270 3 c2 -24 -2 -42 -10 -47 -20 -13 -71 -10 -92 6 -16 12 -21 12 -41 -1 -13 -9 -39 -14 -57 -12 -29 3 -33 7 -36 36 -6 59 -4 60 120 58 l113 -1 3 -39z m117 -6 c0 -45 0 -45 -37 -48 -39 -3 -55 13 -52 53 1 11 2 26 3 33 1 9 14 12 44 10 l42 -3 0 -45z m150 0 l0 -45 -55 0 -55 0 -3 48 -3 48 58 -3 58 -3 0 -45z m123 3 l-3 -48 -40 0 -40 0 -3 48 -3 47 46 0 46 0 -3 -47z m140 0 c3 -41 2 -42 -31 -48 -56 -11 -72 -4 -75 34 -5 54 2 62 55 59 l48 -3 3 -42z m430 4 c3 -33 0 -38 -24 -48 -15 -5 -42 -9 -58 -7 -27 3 -31 7 -34 36 -6 56 2 63 60 60 l53 -3 3 -38z m120 -4 l-3 -48 -40 0 c-38 0 -40 2 -45 35 -9 53 -3 60 47 60 l44 0 -3 -47z m270 0 l-3 -48 -44 -3 c-52 -4 -58 1 -67 56 l-7 42 62 0 62 0 -3 -47z m420 3 c5 -56 -36 -73 -97 -42 -25 13 -31 13 -50 -1 -16 -10 -33 -13 -59 -8 -38 6 -57 7 -132 3 -44 -3 -45 -2 -48 30 -6 60 -10 59 195 58 l188 -1 3 -39z m117 -6 c0 -45 0 -45 -37 -48 -47 -4 -58 14 -49 86 1 9 14 12 44 10 l42 -3 0 -45z m123 3 l-3 -48 -40 0 c-38 0 -40 2 -43 33 -5 52 3 62 48 62 l41 0 -3 -47z m150 0 c-3 -46 -4 -48 -37 -51 -63 -6 -81 4 -81 47 0 21 3 41 7 44 3 4 31 7 60 7 l54 0 -3 -47z m169 33 c3 -3 0 -13 -8 -22 -7 -9 -18 -26 -24 -38 -8 -17 -20 -21 -55 -21 -44 0 -45 1 -48 33 -6 59 1 65 69 59 33 -3 63 -8 66 -11z m368 -36 l0 -45 -40 0 -40 0 -3 48 -3 48 43 -3 43 -3 0 -45z m150 0 l0 -45 -55 0 -55 0 -3 33 c-6 56 2 63 60 60 l53 -3 0 -45z m123 3 l-3 -48 -40 0 c-38 0 -40 2 -43 33 -5 52 3 62 48 62 l41 0 -3 -47z m307 37 c3 -5 1 -11 -5 -15 -5 -3 -10 -13 -10 -22 0 -9 -10 -30 -23 -47 -12 -17 -33 -52 -45 -78 -21 -43 -50 -65 -78 -60 -6 1 -17 -5 -24 -13 -10 -12 -10 -15 3 -15 22 0 28 -25 12 -47 -8 -10 -15 -24 -15 -32 0 -8 -10 -25 -22 -38 -12 -13 -27 -38 -33 -55 -5 -17 -16 -33 -22 -36 -18 -5 -28 27 -16 47 5 9 8 46 5 84 l-4 67 31 6 c32 7 33 24 1 24 -29 0 -41 60 -20 101 13 24 75 27 84 4 8 -21 30 -19 51 5 17 19 18 22 2 37 -14 15 -22 15 -50 5 -67 -24 -97 -11 -97 43 0 18 2 34 5 37 9 8 264 7 270 -2z m110 -40 c0 -45 0 -45 -38 -48 -48 -4 -56 15 -27 63 16 26 28 35 44 33 18 -3 21 -10 21 -48z m153 3 c3 -38 0 -43 -21 -48 -13 -4 -39 -5 -58 -3 -30 3 -35 7 -39 38 -9 56 -4 61 59 58 l56 -3 3 -42z m120 0 c-3 -46 -4 -48 -37 -51 -41 -4 -52 6 -56 49 -3 46 0 49 51 49 l45 0 -3 -47z m124 35 c2 -7 2 -29 -2 -48 -5 -33 -7 -35 -45 -35 l-40 0 -3 48 -3 47 44 0 c27 0 46 -5 49 -12z m265 -31 c7 -22 11 -43 7 -48 -7 -13 -71 -11 -96 2 -16 8 -30 8 -59 -1 -20 -7 -49 -10 -63 -6 -22 5 -26 12 -26 45 0 21 3 40 6 44 3 3 54 5 112 4 l107 -2 12 -38z m150 -22 c0 -33 4 -79 8 -102 7 -39 6 -43 -14 -43 -11 0 -21 4 -21 9 0 12 -36 87 -66 139 -14 23 -22 47 -19 53 4 5 30 9 58 7 l52 -3 2 -60z m118 15 l0 -45 -40 0 -40 0 -3 48 -3 48 43 -3 43 -3 0 -45z m150 0 l0 -45 -55 0 -55 0 -3 33 c-6 56 2 63 60 60 l53 -3 0 -45z m123 3 l-3 -48 -40 0 c-38 0 -40 2 -43 33 -5 52 3 62 48 62 l41 0 -3 -47z m150 0 c-3 -47 -3 -48 -40 -51 -54 -5 -78 12 -78 52 0 18 3 36 7 39 3 4 31 7 60 7 l54 0 -3 -47z m267 -3 c0 -44 -1 -45 -34 -48 -39 -4 -51 9 -51 54 0 40 7 46 50 42 34 -3 35 -4 35 -48z m153 3 c3 -38 0 -43 -21 -48 -13 -4 -39 -5 -58 -3 -33 3 -34 4 -37 51 l-3 48 58 -3 58 -3 3 -42z m117 -3 l0 -45 -40 0 c-38 0 -40 2 -45 35 -9 53 -3 61 44 58 l41 -3 0 -45z m150 0 l0 -45 -55 0 -55 0 -3 33 c-6 56 2 63 60 60 l53 -3 0 -45z m127 38 c2 -7 2 -29 -2 -48 -5 -33 -7 -35 -45 -35 -38 0 -40 2 -43 33 -2 19 -1 40 2 48 7 18 82 19 88 2z m263 -38 c0 -42 -2 -45 -29 -48 -15 -2 -41 2 -56 8 -22 9 -36 9 -63 -1 -19 -6 -46 -9 -60 -5 -23 5 -27 12 -27 45 0 21 2 40 6 43 3 3 55 5 117 4 l112 -1 0 -45z m150 0 l0 -45 -55 0 -55 0 -3 48 -3 48 58 -3 58 -3 0 -45z m115 -1 l0 -50 -37 3 c-38 3 -38 3 -41 51 l-3 47 40 0 41 0 0 -51z m-8398 -82 c5 -10 8 -36 6 -60 -3 -41 -4 -42 -40 -45 -35 -3 -38 -1 -40 25 -1 33 1 74 6 88 6 17 57 10 68 -8z m119 6 c6 -6 9 -32 7 -59 l-3 -49 -40 0 c-40 0 -40 0 -43 42 -2 23 1 50 7 60 10 20 54 24 72 6z m697 -63 c-3 -44 -4 -45 -41 -48 -33 -3 -38 0 -48 25 -16 44 0 87 36 94 41 8 57 -14 53 -71z m962 4 c0 -24 -4 -45 -8 -48 -12 -7 -71 36 -78 57 -9 29 5 56 34 59 36 5 52 -16 52 -68z m658 -4 l-3 -45 -40 0 -40 0 0 55 c0 53 1 55 30 61 41 8 57 -14 53 -71z m260 66 c16 -10 16 -103 0 -112 -7 -5 -22 -8 -33 -8 -11 0 -26 3 -33 8 -14 8 -16 80 -3 105 9 17 47 21 69 7z m702 -55 c0 -50 -11 -63 -51 -59 l-34 3 0 55 c0 53 1 55 30 61 38 7 55 -12 55 -60z m270 -7 c0 -50 -19 -71 -50 -54 -22 12 -33 33 -44 87 -7 31 -6 32 31 35 48 4 63 -13 63 -68z m531 55 c11 -18 11 -80 0 -97 -5 -8 -22 -12 -42 -10 -33 3 -34 4 -37 51 -2 27 1 54 7 61 13 16 60 13 72 -5z m124 -49 l0 -55 -40 0 c-40 0 -40 0 -43 42 -5 62 9 82 50 74 32 -7 33 -8 33 -61z m265 50 c16 -30 2 -86 -27 -105 -34 -23 -53 -5 -53 49 0 56 9 66 62 75 4 0 12 -8 18 -19z m1112 -4 c9 -13 10 -68 2 -90 -8 -21 -77 -22 -94 -1 -7 8 -18 15 -25 15 -7 0 -15 -7 -19 -15 -3 -8 -13 -15 -22 -15 -31 0 5 78 37 80 3 0 18 11 32 24 26 24 74 26 89 2z m270 1 c5 -10 8 -36 6 -60 -3 -42 -3 -42 -43 -42 l-40 0 -3 48 c-2 27 1 54 7 61 14 17 62 12 73 -7z m119 6 c6 -6 9 -32 7 -59 l-3 -49 -40 0 c-40 0 -40 0 -43 42 -2 23 1 50 7 60 10 20 54 24 72 6z m540 -4 c11 -18 11 -90 -1 -109 -5 -8 -5 -19 0 -25 5 -6 10 -49 11 -95 2 -72 0 -85 -14 -88 -13 -3 -17 4 -17 27 0 17 -4 31 -10 31 -13 0 -50 88 -50 119 0 14 -2 40 -6 58 -3 17 -1 47 5 66 10 30 15 34 42 32 17 -1 35 -8 40 -16z m961 -2 c5 -10 8 -34 6 -55 -3 -36 -4 -37 -43 -37 l-40 0 -3 43 c-2 24 1 49 7 56 14 17 62 12 73 -7z m154 -12 c3 -12 4 -36 2 -51 -3 -28 -5 -29 -58 -29 l-55 0 -3 37 c-5 59 8 74 62 70 38 -3 47 -8 52 -27z m119 -30 l0 -50 -40 0 c-39 0 -40 1 -43 37 -5 56 10 77 50 69 32 -7 33 -8 33 -56z m533 1 l3 -57 -38 3 c-37 3 -38 4 -41 46 -4 52 7 68 45 67 27 -2 28 -4 31 -59z m-8122 30 c3 -13 4 -38 2 -57 -3 -33 -4 -34 -52 -37 -55 -4 -66 5 -66 55 0 55 8 63 61 63 43 0 49 -3 55 -24z m126 -1 c6 -14 15 -25 19 -25 5 0 16 11 25 25 21 32 78 35 94 6 14 -26 13 -74 -2 -89 -22 -22 -76 -15 -94 13 -20 31 -27 31 -39 3 -7 -16 -20 -24 -44 -26 -39 -4 -51 9 -51 55 0 51 9 63 46 63 27 0 37 -5 46 -25z m282 9 c18 -18 21 -56 6 -85 -8 -14 -21 -19 -55 -19 -24 0 -47 5 -51 11 -8 13 -8 85 1 99 10 16 82 12 99 -6z m282 -8 c3 -13 4 -38 2 -57 -3 -33 -4 -34 -52 -37 -55 -4 -66 5 -66 55 0 55 8 63 61 63 43 0 49 -3 55 -24z m538 -8 c6 -18 6 -38 0 -55 -13 -38 -63 -44 -93 -12 -27 29 -26 47 1 76 31 33 79 28 92 -9z m542 8 c3 -13 4 -38 2 -57 -3 -33 -4 -34 -52 -37 -55 -4 -66 5 -66 55 0 55 8 63 61 63 43 0 49 -3 55 -24z m132 -8 c20 -42 -2 -82 -47 -86 -39 -4 -51 9 -51 55 0 53 9 64 49 61 28 -2 39 -9 49 -30z m130 20 c16 -16 16 -80 0 -96 -17 -17 -68 -15 -90 5 -38 34 -8 103 46 103 18 0 37 -5 44 -12z m278 -12 c3 -13 4 -38 2 -57 -3 -33 -4 -34 -52 -37 -55 -4 -66 5 -66 55 0 55 8 63 61 63 43 0 49 -3 55 -24z m245 14 c27 -15 24 -27 -13 -64 -41 -40 -64 -50 -72 -30 -8 20 -8 68 0 88 7 18 55 21 85 6z m293 -22 c24 -69 -38 -115 -90 -67 -30 28 -30 46 -2 76 31 33 79 28 92 -9z m140 16 c21 -20 20 -68 0 -89 -11 -11 -30 -15 -58 -13 -39 3 -41 5 -44 37 -6 64 4 81 47 81 23 0 46 -7 55 -16z m532 -9 l17 -26 27 26 c36 34 84 34 107 -1 l17 -26 22 26 c28 32 78 36 94 7 14 -26 13 -74 -2 -89 -21 -21 -65 -14 -91 14 l-24 25 -17 -25 c-21 -33 -74 -36 -101 -6 -10 11 -23 20 -29 20 -6 0 -17 -9 -24 -20 -8 -14 -23 -20 -46 -20 -37 0 -46 12 -46 60 0 48 9 60 46 60 25 0 38 -7 50 -25z m679 -35 l0 -55 -49 -3 c-56 -4 -66 5 -66 59 0 47 16 60 70 57 l45 -3 0 -55z m539 44 c9 -23 7 -77 -3 -92 -5 -8 -22 -12 -42 -10 -31 3 -34 6 -37 37 -6 61 4 81 42 81 22 0 36 -6 40 -16z m150 0 c3 -9 6 -28 6 -44 0 -52 -8 -60 -60 -60 -52 0 -60 8 -60 60 0 52 8 60 60 60 34 0 50 -4 54 -16z m122 -8 c3 -13 4 -38 2 -57 -3 -31 -6 -34 -37 -37 -39 -4 -51 9 -51 55 0 51 9 63 46 63 27 0 35 -5 40 -24z m564 5 c15 -28 12 -77 -4 -90 -8 -7 -34 -11 -58 -9 l-43 3 -3 44 c-5 63 1 71 52 71 35 0 48 -5 56 -19z m384 -7 l22 -26 17 26 c14 21 25 26 58 26 26 0 42 -5 45 -15 4 -8 14 -15 23 -15 26 0 61 -38 61 -65 0 -28 -21 -33 -40 -10 -7 8 -17 15 -22 15 -5 0 -16 -7 -24 -15 -26 -25 -79 -19 -102 12 l-19 26 -18 -26 c-14 -21 -25 -27 -55 -27 -25 0 -40 5 -44 16 -10 26 -7 79 6 92 21 21 67 14 92 -14z m550 10 c3 -9 6 -28 6 -44 0 -52 -8 -60 -60 -60 -52 0 -60 8 -60 60 0 52 8 60 60 60 34 0 50 -4 54 -16z m122 -8 c3 -13 4 -38 2 -57 -3 -31 -6 -34 -37 -37 -39 -4 -51 9 -51 55 0 51 9 63 46 63 27 0 35 -5 40 -24z m150 0 c3 -13 4 -38 2 -57 -3 -33 -5 -34 -48 -37 -50 -4 -70 13 -70 59 0 39 24 59 71 59 32 0 40 -4 45 -24z m268 8 c3 -9 6 -26 6 -39 0 -42 -10 -55 -45 -55 -39 0 -51 22 -40 76 5 31 9 34 39 34 22 0 36 -6 40 -16z m150 -15 c5 -14 6 -38 2 -53 -6 -26 -9 -27 -59 -24 -49 3 -52 5 -55 32 -2 15 -1 39 3 53 5 22 10 24 53 21 40 -3 48 -7 56 -29z m526 6 l27 -26 17 26 c12 19 25 25 51 25 38 0 50 -20 43 -76 -3 -26 -7 -29 -42 -32 -32 -3 -43 1 -58 20 l-17 23 -16 -22 c-12 -17 -26 -23 -54 -23 -42 0 -51 11 -51 59 0 55 55 69 100 26z m278 13 c14 -14 16 -67 3 -86 -5 -9 -25 -12 -57 -10 -46 3 -49 5 -52 32 -2 15 -1 39 2 52 6 21 12 24 49 24 24 0 48 -5 55 -12z m-5416 -120 c1 -42 -1 -87 -7 -115 -4 -18 -12 -23 -40 -23 -50 0 -53 -18 -3 -22 42 -3 43 -4 46 -42 6 -72 -2 -84 -54 -82 -26 2 -49 8 -54 16 -5 8 -8 56 -8 107 l0 93 35 30 c18 16 38 30 43 30 5 0 12 9 15 20 10 31 25 24 27 -12z m-1105 -41 c19 -17 21 -29 21 -120 0 -56 -4 -109 -9 -120 -7 -12 -7 -23 1 -32 6 -7 10 -31 8 -52 -3 -37 -4 -38 -45 -41 -30 -2 -43 1 -44 10 -1 7 -2 22 -3 33 -2 33 13 55 39 55 14 0 25 5 25 10 0 6 -11 10 -25 10 -29 0 -38 25 -33 86 2 31 7 39 28 44 25 6 25 6 3 12 -24 6 -43 43 -43 84 0 14 -4 22 -10 19 -5 -3 -10 -18 -10 -33 0 -42 -13 -53 -63 -58 -42 -4 -47 -2 -52 19 -4 13 -5 41 -3 63 3 38 4 39 45 42 23 2 52 -2 64 -8 17 -10 24 -9 37 4 17 16 21 15 69 -27z m-1749 -19 c4 -61 -8 -84 -45 -83 -26 2 -28 5 -33 54 -7 66 2 83 43 79 30 -3 32 -5 35 -50z m120 0 c4 -60 -9 -84 -43 -83 -34 2 -45 19 -45 76 0 55 5 61 50 57 34 -3 35 -4 38 -50z m150 8 c2 -22 1 -50 -2 -63 -6 -20 -12 -23 -55 -23 -55 0 -61 7 -61 75 0 49 5 52 70 51 45 -1 45 -1 48 -40z m126 29 c16 -12 23 -11 52 3 52 24 88 8 92 -40 4 -50 -12 -78 -45 -78 -34 0 -73 36 -73 67 0 13 -4 23 -10 23 -5 0 -10 -12 -10 -26 0 -44 -17 -64 -54 -64 -22 0 -36 6 -40 16 -8 21 -8 99 1 107 11 12 67 7 87 -8z m287 -1 c5 -3 9 -23 9 -44 0 -52 -21 -72 -74 -68 l-41 3 -3 49 c-5 73 0 80 54 72 25 -3 50 -8 55 -12z m127 -36 c4 -67 -9 -87 -50 -79 -31 6 -33 10 -38 54 -8 63 2 79 48 75 36 -3 37 -4 40 -50z m150 8 c6 -70 -2 -84 -54 -88 -35 -2 -48 1 -55 14 -10 18 -12 101 -4 110 3 3 29 5 58 4 l52 -1 3 -39z m111 -82 l0 -125 -37 3 c-37 3 -37 3 -37 48 0 42 2 45 28 48 15 2 27 8 27 14 0 6 -9 8 -20 5 -26 -7 -40 19 -40 76 0 52 4 57 46 57 l33 0 0 -126z m405 116 c22 -8 26 -16 26 -49 0 -97 -104 -95 -116 2 -3 31 -1 37 24 45 36 14 36 14 66 2z m414 -52 c2 -34 -1 -58 -7 -58 -5 0 -26 20 -46 45 -46 55 -42 78 12 73 l38 -3 3 -57z m150 10 c4 -68 -7 -83 -60 -79 -51 3 -58 11 -58 73 0 52 5 56 70 54 l45 -1 3 -47z m123 36 c14 -18 13 -67 -2 -96 -13 -23 -74 -25 -83 -2 -8 21 -8 99 1 107 13 13 71 7 84 -9z m130 6 c21 -12 26 -68 9 -101 -26 -47 -110 -4 -110 56 0 45 54 69 101 45z m137 -42 c4 -67 -9 -87 -50 -79 -31 6 -33 9 -36 55 -4 69 1 78 45 74 38 -3 38 -3 41 -50z m145 -18 c-1 -36 -2 -74 -3 -85 0 -11 -18 -38 -40 -59 -51 -49 -72 -44 -68 16 3 43 3 43 48 49 33 4 40 7 27 13 -9 5 -26 6 -37 3 -13 -3 -24 1 -30 13 -11 20 -14 103 -4 112 3 4 29 5 57 4 l52 -1 -2 -65z m124 54 c7 -19 -46 -98 -70 -102 -14 -3 -17 5 -17 51 0 29 3 57 7 60 13 14 74 7 80 -9z m274 0 c14 -18 13 -67 -2 -96 -13 -23 -74 -25 -83 -2 -8 21 -8 99 1 107 13 13 71 7 84 -9z m142 -1 c13 -8 7 -81 -9 -97 -19 -20 -58 -21 -74 -1 -6 8 -16 30 -20 50 -7 30 -5 38 14 50 19 14 64 13 89 -2z m145 1 c14 -4 16 -72 3 -92 -11 -18 -92 -26 -103 -9 -9 14 -11 101 -2 109 5 6 76 0 102 -8z m130 -28 c6 -67 -4 -86 -42 -86 -39 0 -46 12 -46 74 0 52 5 58 50 54 33 -3 35 -5 38 -42z m270 -20 c4 -82 -11 -91 -37 -22 -23 62 -19 89 13 84 18 -3 21 -11 24 -62z m152 53 c14 0 43 2 65 5 54 8 75 -12 65 -63 -9 -53 -17 -61 -54 -61 -35 0 -58 19 -75 60 -8 22 -10 22 -10 5 -2 -37 -29 -65 -65 -65 -22 0 -36 6 -40 16 -8 22 -7 99 1 108 5 4 26 5 48 1 22 -3 51 -6 65 -6z m251 1 c21 -12 26 -68 9 -101 -26 -48 -107 -5 -108 57 -1 45 52 68 99 44z m137 -42 c4 -67 -9 -87 -50 -79 -31 6 -33 9 -36 55 -4 69 1 78 45 74 38 -3 38 -3 41 -50z m120 8 c5 -62 -4 -83 -38 -88 -38 -6 -50 12 -50 75 0 53 5 59 50 55 33 -3 35 -5 38 -42z m150 -15 c4 -64 -6 -76 -56 -73 -45 4 -62 24 -62 72 0 48 14 59 69 57 l46 -2 3 -54z m82 39 c0 -11 -4 -20 -10 -20 -5 0 -10 -9 -10 -19 0 -28 -11 -52 -21 -45 -10 6 -12 87 -2 97 15 15 43 7 43 -13z m187 9 c18 -10 20 -18 16 -48 -3 -20 -10 -44 -15 -53 -11 -23 -65 -24 -90 -1 -18 16 -20 15 -41 -5 -20 -21 -20 -23 -5 -39 14 -14 22 -15 43 -5 37 17 80 15 96 -4 15 -18 14 -57 -3 -90 -14 -29 -74 -31 -89 -3 -14 26 -34 24 -58 -7 l-21 -27 21 -15 c18 -12 28 -13 54 -4 17 7 43 12 57 12 25 0 61 -30 56 -46 -2 -5 1 -9 7 -9 5 0 8 7 7 16 -3 17 37 39 72 39 32 0 48 -22 44 -62 -3 -29 -7 -33 -37 -36 -18 -2 -46 2 -62 8 -23 10 -32 10 -44 0 -9 -8 -31 -10 -62 -6 -59 7 -67 7 -125 0 -60 -7 -65 2 -50 94 18 111 24 131 38 143 8 6 14 29 14 50 0 22 9 51 22 71 20 30 27 33 78 36 30 1 65 -3 77 -9z m146 -6 c13 -8 7 -81 -9 -97 -38 -38 -85 -9 -97 60 -5 26 -2 33 16 42 20 10 70 7 90 -5z m125 -27 c6 -67 -4 -86 -42 -86 -39 0 -46 12 -46 74 0 52 5 58 50 54 33 -3 35 -5 38 -42z m150 0 c6 -72 -1 -83 -55 -82 -27 0 -51 5 -55 11 -9 11 -11 99 -3 107 3 3 29 4 58 4 l52 -1 3 -39z m120 -13 c2 -29 -2 -61 -7 -72 -8 -14 -7 -22 5 -32 12 -10 14 -24 10 -58 -3 -25 -7 -75 -9 -111 l-2 -65 -40 0 -40 0 0 120 0 120 28 3 c15 2 27 8 27 14 0 6 -9 8 -20 5 -26 -7 -40 19 -40 76 0 53 5 59 50 55 35 -3 35 -3 38 -55z m274 46 c16 -8 30 -8 59 1 20 7 49 10 63 6 23 -6 26 -12 26 -47 0 -55 -15 -79 -49 -79 -34 0 -74 39 -65 63 3 10 1 17 -5 17 -6 0 -11 -8 -11 -18 0 -36 -29 -62 -70 -62 -21 0 -42 5 -45 11 -12 18 5 78 27 99 25 23 40 25 70 9z m272 1 c22 -8 26 -16 26 -48 0 -57 -17 -74 -70 -70 l-45 3 -3 49 c-2 27 -1 55 2 62 6 16 53 18 90 4z m144 -42 c4 -67 -9 -87 -50 -79 -31 6 -33 9 -36 55 -4 69 1 78 45 74 38 -3 38 -3 41 -50z m117 -13 c0 -59 0 -59 -33 -66 -40 -8 -52 9 -52 74 0 53 5 59 50 55 l35 -3 0 -60z m134 50 c25 -12 31 -12 47 0 23 17 64 19 98 4 19 -9 32 -9 56 1 25 10 35 10 56 0 21 -12 24 -20 24 -67 l0 -53 -34 0 c-26 0 -39 7 -54 28 -10 15 -17 33 -15 40 3 6 0 12 -6 12 -6 0 -11 -8 -11 -18 0 -34 -29 -62 -65 -62 -35 0 -57 23 -59 62 -1 10 -5 17 -11 16 -5 -2 -8 -9 -7 -17 2 -7 -7 -24 -19 -37 -28 -30 -74 -32 -89 -5 -14 27 -13 98 3 104 24 10 58 7 86 -8z m559 -29 c6 -70 -3 -86 -48 -86 -53 0 -51 -18 3 -22 41 -3 42 -4 45 -41 2 -22 -1 -53 -7 -69 -8 -22 -8 -35 0 -44 6 -7 9 -30 7 -51 l-3 -38 -55 0 -55 0 0 70 c0 39 -4 87 -9 108 -6 25 -5 42 2 49 7 7 9 35 5 74 -8 86 -5 91 59 90 l53 -1 3 -39z m120 0 c6 -67 -4 -86 -42 -86 -39 0 -46 12 -46 74 0 52 5 58 50 54 33 -3 35 -5 38 -42z m150 0 c2 -22 1 -49 -2 -62 -5 -20 -11 -23 -52 -20 -54 3 -65 16 -62 71 3 38 5 40 43 46 64 10 70 8 73 -35z m-3473 -18 c6 -47 21 -90 73 -208 16 -36 18 -108 3 -123 -4 -4 -30 -7 -57 -5 l-49 3 -3 43 c-3 37 0 44 18 49 l21 6 -21 19 c-18 17 -21 30 -20 86 1 37 -1 86 -5 109 -9 48 -2 73 19 73 10 0 16 -17 21 -52z m3892 41 c13 -13 6 -77 -10 -96 -5 -7 -29 -13 -53 -13 -32 0 -44 4 -47 18 -25 91 -20 102 47 102 29 0 57 -5 63 -11z m121 -36 c5 -62 -9 -82 -50 -74 -29 6 -34 12 -42 48 -13 62 -4 75 46 71 43 -3 43 -3 46 -45z m150 8 c2 -19 1 -44 -2 -57 -6 -21 -12 -24 -55 -24 -35 0 -51 4 -55 16 -8 22 -8 89 1 98 4 4 30 6 58 4 49 -3 50 -4 53 -37z m129 23 c3 -8 2 -34 -3 -57 -8 -36 -13 -42 -42 -48 -26 -5 -35 -3 -42 12 -11 20 -13 92 -3 102 14 14 84 7 90 -9z m261 -23 c6 -62 -4 -81 -43 -81 -24 0 -39 6 -47 20 -7 11 -18 20 -24 20 -6 0 -19 -9 -29 -20 -20 -22 -67 -27 -82 -7 -15 18 -23 83 -11 95 5 5 58 9 121 8 l112 -1 3 -34z m148 27 c11 -17 5 -80 -8 -95 -6 -7 -30 -13 -54 -13 -47 0 -43 -4 -59 73 -7 37 5 47 60 47 32 0 57 -5 61 -12z m122 -35 c4 -53 -9 -79 -40 -78 -36 2 -45 11 -52 54 -9 60 -1 73 48 69 41 -3 41 -3 44 -45z m-6504 -144 c15 -25 16 -32 5 -46 -9 -10 -14 -41 -14 -82 l0 -66 -40 0 c-39 0 -40 1 -43 38 -2 21 1 44 6 50 5 7 6 21 1 32 -9 24 -11 117 -3 139 5 14 11 12 38 -10 17 -15 39 -40 50 -55z m810 -9 c-4 -25 -11 -53 -16 -63 -6 -12 -6 -23 2 -32 6 -7 10 -31 8 -52 -3 -37 -4 -38 -43 -38 l-40 0 -1 65 c-1 36 -5 78 -10 94 -6 27 -3 34 37 68 40 35 45 37 57 21 8 -12 10 -32 6 -63z m-2709 10 c0 -45 0 -45 -35 -45 -35 0 -35 0 -38 48 l-3 48 38 -3 c38 -3 38 -3 38 -48z m120 0 l0 -45 -40 0 c-38 0 -40 2 -43 33 -5 53 3 64 45 60 38 -3 38 -3 38 -48z m150 0 c0 -44 -1 -45 -34 -48 -63 -6 -81 4 -81 47 0 21 3 41 7 45 4 4 30 6 58 4 l50 -3 0 -45z m126 34 c16 -14 20 -14 48 0 61 32 101 16 101 -41 0 -28 -4 -33 -33 -38 -18 -4 -45 -1 -61 5 -22 8 -37 8 -57 0 -15 -6 -40 -10 -55 -8 -25 3 -29 8 -32 36 -2 19 -1 40 2 48 7 19 65 18 87 -2z m280 6 c13 -7 19 -21 19 -44 0 -33 -1 -34 -50 -41 -27 -4 -54 -4 -60 0 -11 7 -14 78 -3 88 10 11 72 8 94 -3z m134 -40 c0 -44 -1 -45 -33 -48 -42 -4 -59 10 -56 47 3 44 12 52 52 49 37 -3 37 -3 37 -48z m150 0 l0 -45 -55 0 -55 0 -3 33 c-6 56 2 63 60 60 l53 -3 0 -45z m519 40 c22 -8 26 -16 26 -49 0 -41 -25 -71 -61 -71 -47 0 -77 98 -36 118 28 14 40 14 71 2z m165 -5 c15 -9 14 -68 -2 -89 -16 -22 -88 -31 -99 -13 -10 15 -10 101 -1 110 8 8 87 2 102 -8z m396 -34 c0 -25 -5 -46 -12 -48 -15 -5 -93 65 -93 84 0 11 12 13 53 11 l52 -3 0 -44z m124 35 c7 -8 11 -30 9 -48 -3 -32 -4 -33 -48 -33 -44 0 -45 1 -48 33 -2 19 -1 40 2 48 7 19 70 18 85 0z m140 0 c7 -8 11 -30 9 -48 -3 -31 -6 -33 -43 -36 -49 -3 -60 4 -68 44 -5 26 -2 33 16 42 32 15 73 14 86 -2z m126 -36 l0 -45 -40 0 c-38 0 -40 2 -43 33 -5 53 3 64 45 60 38 -3 38 -3 38 -48z m543 38 c16 -16 15 -79 -2 -100 -18 -24 -63 -23 -76 1 -11 22 -13 71 -4 95 7 19 64 22 82 4z m133 2 c14 -8 19 -21 19 -50 0 -96 -94 -93 -112 3 -9 45 45 72 93 47z m159 -5 c14 -9 12 -81 -2 -92 -7 -6 -32 -13 -54 -17 -33 -5 -43 -3 -48 10 -8 21 -8 99 0 107 8 8 89 1 104 -8z m128 -28 c2 -22 -1 -53 -7 -69 -8 -22 -8 -35 0 -44 6 -7 9 -30 7 -51 -3 -37 -4 -38 -43 -38 l-40 0 0 45 c0 42 2 45 28 48 33 4 36 22 3 22 -28 0 -36 16 -36 74 0 52 5 58 50 54 33 -3 35 -5 38 -41z m120 -9 c2 -26 -2 -57 -8 -68 -8 -16 -8 -25 0 -35 6 -7 10 -31 8 -52 -3 -37 -4 -38 -43 -38 -39 0 -40 1 -43 38 -2 21 2 44 8 51 7 10 7 22 0 40 -12 31 -13 99 -3 110 4 4 23 6 43 4 34 -3 35 -4 38 -50z m302 41 c14 0 43 3 66 6 41 7 68 -9 69 -41 0 -8 5 -14 10 -13 6 0 9 8 7 18 -4 28 61 51 102 35 11 -4 16 -19 16 -44 0 -35 -3 -39 -30 -45 -16 -4 -46 -1 -65 5 -19 6 -40 8 -46 5 -13 -9 -226 -13 -239 -5 -12 8 -16 62 -6 79 6 9 21 11 50 7 22 -4 52 -7 66 -7z m385 -39 l0 -45 -40 0 c-38 0 -40 2 -43 33 -5 53 3 64 45 60 38 -3 38 -3 38 -48z m120 0 l0 -45 -40 0 c-38 0 -40 2 -43 33 -5 53 3 64 45 60 38 -3 38 -3 38 -48z m153 21 c2 -12 1 -34 -2 -47 -5 -20 -13 -24 -45 -24 -58 0 -71 8 -71 44 0 44 17 57 70 54 39 -3 45 -6 48 -27z m410 17 c17 -17 15 -84 -4 -102 -36 -37 -84 -8 -96 57 -4 21 0 31 16 42 25 18 68 19 84 3z m130 -31 c2 -22 -1 -53 -7 -69 -8 -22 -8 -35 0 -44 6 -7 9 -30 7 -51 -3 -37 -4 -38 -43 -38 l-40 0 0 45 c0 42 2 45 28 48 33 4 36 22 3 22 -28 0 -36 16 -36 74 0 52 5 58 50 54 33 -3 35 -5 38 -41z m150 9 c2 -16 1 -43 -2 -61 -6 -30 -8 -31 -55 -31 -42 0 -51 3 -55 20 -7 27 -8 91 -1 98 3 3 29 5 58 4 50 -1 52 -2 55 -30z m392 24 c15 -8 18 -17 13 -43 -7 -37 -18 -47 -55 -47 -39 0 -58 10 -58 31 0 10 -7 19 -15 19 -8 0 -15 -9 -15 -20 0 -20 -40 -38 -59 -26 -16 10 22 66 49 72 14 3 34 9 45 14 28 12 73 12 95 0z m138 -2 c7 -7 12 -27 12 -45 0 -27 -5 -34 -26 -39 -33 -9 -79 7 -79 26 0 8 -4 20 -8 27 -18 29 75 57 101 31z m143 2 c13 -8 19 -21 19 -45 0 -39 -19 -49 -81 -43 -30 3 -34 6 -37 36 -2 19 -1 40 2 48 6 17 68 19 97 4z m134 -40 l0 -45 -40 0 c-38 0 -40 2 -43 33 -5 53 3 64 45 60 38 -3 38 -3 38 -48z m120 0 l0 -45 -40 0 c-38 0 -40 2 -43 33 -5 53 3 64 45 60 38 -3 38 -3 38 -48z m134 34 c15 -11 19 -20 13 -26 -6 -6 -8 -16 -6 -23 8 -20 -23 -36 -63 -33 -35 3 -38 6 -41 36 -2 18 2 40 9 48 15 19 59 18 88 -2z m145 3 c14 -11 16 -19 9 -47 -9 -34 -11 -35 -59 -35 -46 0 -49 2 -55 30 -3 19 0 36 9 48 18 20 70 23 96 4z m141 -37 l0 -45 -44 0 c-43 0 -45 2 -54 35 -11 42 11 62 63 58 34 -3 35 -4 35 -48z m393 6 c5 -61 -4 -86 -33 -86 -34 0 -32 -18 3 -22 25 -3 27 -6 27 -48 l0 -45 -40 0 c-39 0 -40 1 -43 38 -2 21 2 44 8 51 7 10 7 22 0 40 -12 31 -13 99 -3 110 4 4 23 6 43 4 33 -3 35 -5 38 -42z m150 0 c2 -22 1 -50 -3 -63 -5 -21 -9 -23 -48 -17 -56 9 -67 19 -67 65 0 45 17 58 75 56 39 -2 40 -3 43 -41z m128 29 c24 -16 22 -53 -4 -93 -13 -19 -21 -23 -46 -18 -16 4 -34 12 -38 19 -12 19 -9 82 4 95 16 16 59 15 84 -3z m132 3 c15 -15 16 -72 2 -99 -15 -27 -66 -26 -81 2 -18 34 -18 82 0 96 21 16 64 16 79 1z m150 0 c13 -13 16 -76 4 -94 -4 -6 -28 -14 -54 -17 -36 -5 -47 -3 -52 9 -8 21 -8 99 1 107 11 12 88 8 101 -5z m130 -31 c2 -22 -1 -53 -7 -69 -8 -22 -8 -35 0 -44 6 -7 9 -30 7 -51 -3 -37 -4 -38 -43 -38 -39 0 -40 1 -43 38 -2 21 2 45 8 52 8 10 8 19 1 34 -12 22 -15 104 -4 115 4 4 23 6 43 4 33 -3 35 -5 38 -41z m150 9 c2 -16 1 -43 -2 -61 -6 -30 -8 -31 -55 -31 -42 0 -51 3 -55 20 -8 30 -7 91 1 100 4 4 30 6 58 4 47 -3 50 -5 53 -32z m120 -10 c5 -61 -4 -86 -33 -86 -34 0 -32 -18 3 -22 25 -3 27 -6 27 -48 l0 -45 -40 0 c-39 0 -40 1 -43 38 -2 21 2 44 8 51 7 10 7 22 0 40 -12 31 -13 99 -3 110 4 4 23 6 43 4 33 -3 35 -5 38 -42z m126 33 c21 -10 24 -16 19 -43 -14 -69 -60 -97 -97 -60 -19 18 -21 85 -4 102 15 15 50 15 82 1z m144 -36 c4 -56 -11 -83 -47 -83 -30 0 -46 22 -54 75 -6 37 16 56 63 52 34 -2 35 -4 38 -44z m140 35 c14 -14 16 -77 3 -97 -11 -16 -93 -22 -103 -7 -10 14 -10 100 -1 109 11 12 88 8 101 -5z m130 -31 c2 -22 -1 -53 -7 -69 -8 -22 -8 -35 0 -44 6 -7 9 -30 7 -51 -3 -37 -4 -38 -43 -38 -39 0 -40 1 -43 38 -2 21 2 45 8 52 8 10 8 19 1 34 -12 22 -15 104 -4 115 4 4 23 6 43 4 33 -3 35 -5 38 -41z m120 -4 c4 -56 -10 -80 -47 -81 -32 -1 -41 15 -41 79 0 45 6 51 50 47 33 -3 35 -5 38 -45z m-1941 3 c15 -32 13 -66 -4 -66 -25 1 -39 34 -34 88 2 23 21 12 38 -22z m-4624 -65 c13 -22 26 -31 50 -33 31 -3 32 -4 32 -53 l0 -50 -55 0 -55 0 -1 83 c-1 45 1 82 5 82 4 0 14 -13 24 -29z m623 -53 l-1 -83 -55 0 -55 0 0 50 c0 49 1 50 33 53 24 2 36 11 47 33 9 16 19 29 24 29 5 0 8 -37 7 -82z m-2578 -32 l-3 -51 -45 0 -45 0 0 50 c0 49 0 50 35 55 55 9 61 4 58 -54z m120 49 c9 -9 4 -87 -6 -97 -5 -5 -25 -8 -43 -6 -33 3 -34 4 -37 52 -2 32 1 52 9 57 14 8 67 4 77 -6z m150 -49 l-3 -51 -55 0 -55 0 -3 52 -3 52 48 3 c72 5 74 2 71 -56z m173 52 c110 2 115 -2 101 -68 l-8 -35 -54 2 c-70 2 -66 2 -125 0 l-50 -2 -3 49 c-3 48 10 72 31 59 6 -3 54 -5 108 -5z m362 3 c4 -1 7 -25 5 -53 l-3 -53 -39 -3 c-45 -4 -56 7 -56 60 0 49 14 57 93 49z m150 0 c4 -1 7 -25 5 -53 l-3 -53 -55 0 -55 0 -3 49 c-2 27 1 52 6 55 8 5 58 6 105 2z m120 0 c4 -1 7 -25 5 -53 l-3 -53 -40 0 -40 0 -3 49 c-4 61 1 65 81 57z m1348 -8 c6 -6 9 -30 7 -54 l-3 -44 -42 -3 c-24 -2 -43 -2 -44 0 -9 46 -7 88 4 100 16 16 62 17 78 1z m1772 8 c4 -1 7 -25 5 -53 l-3 -53 -42 -3 c-24 -2 -43 -2 -44 0 -19 98 -4 118 84 109z m127 -11 c6 -11 7 -37 4 -60 -7 -41 -7 -41 -48 -38 -41 3 -41 3 -44 47 -4 61 2 71 42 71 25 0 38 -6 46 -20z m154 -49 c-11 -52 -11 -52 -66 -49 l-53 3 0 50 0 50 45 5 c55 7 83 -16 74 -59z m935 55 c23 -12 31 -13 47 -2 22 15 72 13 103 -3 16 -9 26 -8 45 4 26 18 73 12 92 -11 6 -8 8 -29 5 -51 l-6 -38 -190 0 -190 0 0 50 c0 44 3 50 25 56 37 10 39 10 69 -5z m552 -3 c6 -6 9 -30 7 -54 l-3 -44 -42 -3 c-24 -2 -43 0 -44 5 0 4 -2 23 -5 42 -3 22 1 40 11 50 16 18 60 20 76 4z m125 -8 c7 -10 12 -32 9 -49 -2 -17 -4 -35 -4 -39 -1 -5 -20 -7 -43 -5 -43 3 -43 3 -46 46 -2 24 1 49 7 56 15 17 62 12 77 -9z m-5397 1 c7 -9 8 -27 3 -52 -8 -39 -8 -39 -61 -42 -59 -3 -71 5 -71 50 0 50 8 58 65 58 32 0 57 -5 64 -14z m1471 2 c15 -10 26 -10 53 0 77 28 112 7 98 -58 -8 -38 -3 -37 -116 -32 -11 1 -42 0 -70 -1 l-50 -2 -3 39 c-2 21 -1 44 2 52 7 17 59 18 86 2z m1923 -8 c3 -10 2 -34 -2 -52 -7 -35 -2 -34 -116 -30 -11 1 -76 0 -145 -1 l-125 -2 -5 35 c-11 70 -19 68 195 68 179 0 193 -1 198 -18z m1766 2 c5 -10 6 -33 2 -52 -7 -35 -7 -35 -61 -35 -54 0 -54 0 -61 35 -11 53 3 70 61 70 37 0 52 -4 59 -18z m367 6 c26 -9 38 -9 58 1 15 9 37 11 58 7 18 -4 47 -7 63 -7 84 3 99 1 111 -11 9 -9 10 -24 5 -48 l-7 -35 -189 0 -189 0 -7 35 c-13 61 26 84 97 58z m409 -48 l0 -45 -42 -3 c-36 -3 -43 0 -43 15 0 10 -3 27 -6 39 -9 32 18 53 58 45 31 -6 33 -9 33 -51z m-5136 36 c7 -8 11 -30 9 -48 -3 -37 -23 -45 -84 -33 -30 5 -34 9 -34 39 0 24 6 36 23 44 32 15 73 14 86 -2z m142 4 c13 -8 19 -21 19 -45 0 -39 -19 -49 -81 -43 -30 3 -34 6 -37 36 -2 19 -1 40 2 48 6 17 68 19 97 4z m1214 -40 l0 -45 -55 0 -55 0 -3 33 c-6 56 2 63 60 60 l53 -3 0 -45z m129 31 c9 -10 16 -23 14 -29 -2 -5 2 -10 7 -11 6 0 9 8 7 18 -5 33 83 56 107 27 7 -8 11 -30 9 -48 -3 -29 -7 -33 -36 -36 -19 -2 -47 1 -64 7 -22 8 -35 8 -44 0 -7 -6 -30 -9 -51 -7 -35 3 -38 6 -41 36 -2 19 -1 40 2 48 8 21 70 18 90 -5z m285 5 c7 -8 11 -30 9 -48 -3 -33 -3 -33 -58 -33 l-55 0 -3 33 c-2 19 -1 40 2 48 7 19 90 19 105 0z m1896 -36 l0 -45 -55 0 -55 0 -3 33 c-6 56 2 63 60 60 l53 -3 0 -45z m1890 0 l0 -45 -55 0 c-55 0 -55 0 -58 33 -5 48 12 64 67 60 l46 -3 0 -45z m133 35 c19 -14 24 -14 46 0 14 9 39 15 58 13 32 -3 33 -4 33 -48 l0 -45 -50 2 c-27 1 -57 2 -65 2 -8 0 -37 -1 -65 -2 -50 -2 -50 -2 -53 31 -2 18 2 40 9 48 15 18 59 18 87 -1z m281 1 c7 -8 11 -30 9 -48 -3 -33 -3 -33 -58 -33 l-55 0 -3 33 c-2 19 -1 40 2 48 7 19 90 19 105 0z m276 -36 l0 -45 -55 0 -55 0 -3 33 c-6 56 2 63 60 60 l53 -3 0 -45z m254 36 c21 -12 28 -12 47 1 13 8 38 13 56 11 32 -3 33 -4 33 -48 0 -45 0 -45 -38 -48 -21 -2 -45 2 -53 9 -11 9 -21 9 -43 -1 -16 -6 -44 -10 -62 -8 -30 3 -34 7 -37 36 -2 18 2 40 9 48 14 18 56 18 88 0z m286 -36 l0 -45 -55 0 -55 0 -3 33 c-6 56 2 63 60 60 l53 -3 0 -45z m240 0 l0 -45 -40 0 c-38 0 -40 2 -43 33 -5 53 3 64 45 60 38 -3 38 -3 38 -48z m-8637 -119 c4 -38 -9 -51 -51 -51 -43 0 -63 15 -62 45 2 35 20 46 70 43 38 -3 40 -5 43 -37z m117 -6 c0 -38 -2 -40 -34 -43 -40 -4 -54 7 -56 45 -3 40 2 44 48 41 42 -3 42 -3 42 -43z m123 3 c-3 -43 -3 -43 -43 -43 -36 0 -40 2 -43 28 -6 46 4 57 48 57 l41 0 -3 -42z m147 -3 l0 -40 -55 0 c-53 0 -55 1 -58 28 -6 51 3 58 60 55 l53 -3 0 -40z m150 36 c6 0 35 1 65 2 l55 2 0 -40 c0 -38 -2 -40 -33 -43 -19 -2 -47 1 -64 7 -22 8 -35 8 -44 0 -7 -6 -30 -9 -51 -7 -33 3 -38 6 -41 31 -6 51 3 60 56 53 26 -3 52 -5 57 -5z m273 -33 c3 -32 0 -38 -21 -43 -13 -4 -39 -5 -58 -3 -32 3 -34 5 -37 46 l-3 43 58 -3 58 -3 3 -37z m117 -3 c0 -38 -2 -40 -33 -43 -52 -5 -60 8 -53 81 1 5 20 7 44 5 42 -3 42 -3 42 -43z m150 0 l0 -40 -55 0 c-53 0 -55 1 -58 28 -6 51 3 58 60 55 l53 -3 0 -40z m120 0 c0 -40 0 -40 -40 -40 -36 0 -40 2 -43 28 -6 47 4 59 45 55 37 -3 38 -4 38 -43z m131 35 c8 -8 19 -8 38 0 35 13 99 13 112 0 7 -7 20 -7 41 1 17 6 46 9 65 7 29 -3 33 -7 36 -37 4 -39 -9 -51 -53 -51 -37 0 -60 14 -60 36 0 10 -6 19 -13 22 -7 2 -12 -6 -12 -21 0 -28 -16 -37 -63 -37 -39 0 -62 14 -62 36 0 10 -6 19 -14 22 -10 3 -12 -1 -9 -16 8 -29 -14 -44 -59 -40 -33 3 -38 6 -41 31 -5 46 4 57 46 57 21 0 43 -5 48 -10z m442 -32 c3 -32 0 -38 -21 -43 -13 -4 -39 -5 -58 -3 -29 3 -35 8 -40 33 -9 50 -2 56 60 53 l56 -3 3 -37z m117 -3 c0 -38 -2 -40 -34 -43 -40 -4 -54 7 -56 45 -3 40 2 44 48 41 42 -3 42 -3 42 -43z m120 0 c0 -40 0 -40 -40 -40 -36 0 -40 2 -43 28 -6 47 4 59 45 55 37 -3 38 -4 38 -43z m150 0 l0 -40 -55 0 c-53 0 -55 1 -58 28 -6 51 3 58 60 55 l53 -3 0 -40z m131 35 c7 -7 20 -7 41 1 17 6 46 9 65 7 31 -3 33 -5 33 -43 0 -39 -1 -40 -37 -43 -44 -4 -80 13 -76 35 2 9 -3 18 -11 21 -10 3 -12 -1 -9 -16 8 -29 -14 -44 -59 -40 -33 3 -38 6 -41 31 -5 46 4 57 46 57 21 0 43 -5 48 -10z m259 -35 c0 -40 0 -40 -40 -40 l-40 0 -3 43 -3 43 43 -3 c43 -3 43 -3 43 -43z m150 0 l0 -40 -55 0 c-53 0 -55 1 -58 28 -6 51 3 58 60 55 l53 -3 0 -40z m123 3 c-3 -43 -3 -43 -43 -43 -36 0 -40 2 -43 28 -6 46 4 57 48 57 l41 0 -3 -42z m147 -3 l0 -40 -55 0 c-53 0 -55 1 -58 28 -6 51 3 58 60 55 l53 -3 0 -40z m160 36 c11 1 40 2 65 3 l45 1 0 -40 c0 -39 -1 -40 -37 -43 -43 -4 -73 10 -73 32 0 9 -4 16 -10 16 -5 0 -10 -7 -10 -15 0 -25 -21 -36 -61 -33 -34 3 -39 6 -42 31 -6 51 3 60 56 53 26 -3 56 -5 67 -5z m263 -33 c3 -32 0 -38 -21 -43 -13 -4 -39 -5 -58 -3 -29 3 -34 7 -37 31 -6 51 3 58 60 55 l53 -3 3 -37z m117 -3 c0 -40 0 -40 -40 -40 l-40 0 -3 43 -3 43 43 -3 c43 -3 43 -3 43 -43z m120 0 c0 -40 0 -40 -40 -40 -36 0 -40 2 -43 28 -6 47 4 59 45 55 37 -3 38 -4 38 -43z m150 0 l0 -40 -55 0 c-53 0 -55 1 -58 28 -6 51 3 58 60 55 l53 -3 0 -40z m150 35 c6 0 34 2 62 6 34 4 58 2 66 -5 10 -8 22 -8 45 0 17 6 45 9 64 7 31 -3 33 -5 33 -43 0 -39 -1 -40 -37 -43 -44 -4 -80 13 -76 35 2 9 -3 18 -10 21 -9 3 -13 -2 -11 -14 2 -11 0 -25 -4 -31 -10 -16 -81 -17 -109 -2 -15 8 -26 8 -43 -1 -12 -6 -37 -10 -56 -8 -29 3 -34 7 -37 31 -6 51 3 60 56 53 26 -3 52 -6 57 -6z m390 -35 c0 -40 0 -40 -40 -40 l-40 0 -3 43 -3 43 43 -3 c43 -3 43 -3 43 -43z m123 3 c-3 -43 -3 -43 -43 -43 -36 0 -40 2 -43 28 -6 46 4 57 48 57 l41 0 -3 -42z m147 -3 l0 -40 -55 0 c-53 0 -55 1 -58 28 -6 51 3 58 60 55 l53 -3 0 -40z m160 37 c11 1 45 1 75 0 30 0 64 0 75 0 11 0 40 1 65 2 l45 1 0 -40 c0 -39 -1 -40 -37 -43 -43 -4 -80 13 -76 33 2 7 -1 13 -7 12 -5 -1 -9 -6 -7 -11 10 -31 -75 -49 -120 -25 -15 8 -26 8 -43 -1 -12 -6 -37 -10 -56 -8 -29 3 -34 7 -37 31 -6 51 3 60 56 53 26 -3 56 -5 67 -4z m380 -37 c0 -40 0 -40 -40 -40 -40 0 -40 0 -43 43 l-3 43 43 -3 43 -3 0 -40z m150 0 l0 -40 -55 0 c-53 0 -55 1 -58 28 -6 51 3 58 60 55 l53 -3 0 -40z m123 3 c-3 -43 -3 -43 -43 -43 -36 0 -40 2 -43 28 -6 46 4 57 48 57 l41 0 -3 -42z m307 34 c11 0 40 1 65 2 l45 1 0 -40 c0 -38 -2 -40 -34 -43 -18 -2 -47 2 -63 9 -22 9 -32 9 -41 0 -6 -6 -29 -11 -52 -11 -23 0 -46 5 -52 11 -9 9 -19 9 -41 0 -16 -7 -45 -11 -63 -9 -29 3 -34 7 -37 31 -6 54 -4 55 130 51 68 -2 132 -3 143 -2z m260 -37 l0 -40 -55 0 -55 0 -3 43 -3 43 58 -3 58 -3 0 -40z m120 0 c0 -40 0 -40 -40 -40 -40 0 -40 0 -43 43 l-3 43 43 -3 43 -3 0 -40z m123 3 c-3 -43 -3 -43 -43 -43 -36 0 -40 2 -43 28 -6 46 4 57 48 57 l41 0 -3 -42z m157 32 c6 1 66 2 135 3 l125 2 0 -40 0 -40 -50 2 c-76 3 -77 3 -128 -3 -31 -4 -53 -2 -62 6 -12 10 -21 10 -44 0 -16 -6 -44 -10 -62 -8 -29 3 -34 7 -37 31 -6 53 3 60 61 53 28 -4 57 -6 62 -6z m380 -35 c0 -40 0 -40 -40 -40 -40 0 -40 0 -43 43 l-3 43 43 -3 43 -3 0 -40z m150 0 l0 -40 -55 0 c-53 0 -55 1 -58 28 -6 51 3 58 60 55 l53 -3 0 -40z m123 3 c-3 -43 -3 -43 -43 -43 -36 0 -40 2 -43 28 -6 46 4 57 48 57 l41 0 -3 -42z m147 -3 l0 -40 -55 0 c-53 0 -55 1 -58 28 -6 51 3 58 60 55 l53 -3 0 -40z m160 35 c6 1 33 2 60 3 l50 2 0 -40 c0 -39 -1 -40 -38 -43 -21 -2 -45 2 -53 9 -11 9 -21 9 -43 -1 -16 -6 -44 -10 -62 -8 -29 3 -34 7 -37 31 -6 53 3 60 61 53 28 -4 57 -6 62 -6z m260 -35 l0 -40 -55 0 c-53 0 -55 1 -58 28 -6 51 3 58 60 55 l53 -3 0 -40z m120 0 c0 -40 0 -40 -40 -40 -40 0 -40 0 -43 43 l-3 43 43 -3 43 -3 0 -40z m150 0 l0 -40 -55 0 c-53 0 -55 1 -58 28 -6 51 3 58 60 55 l53 -3 0 -40z m123 3 c-3 -43 -3 -43 -43 -43 -36 0 -40 2 -43 28 -6 46 4 57 48 57 l41 0 -3 -42z m157 32 c6 1 33 2 60 3 l50 2 0 -40 c0 -39 -1 -40 -38 -43 -21 -2 -45 2 -53 9 -11 9 -21 9 -43 -1 -16 -6 -44 -10 -62 -8 -29 3 -34 7 -37 31 -6 53 3 60 61 53 28 -4 57 -6 62 -6z m260 -35 l0 -40 -55 0 c-53 0 -55 1 -58 28 -6 51 3 58 60 55 l53 -3 0 -40z m120 0 c0 -40 0 -40 -40 -40 -40 0 -40 0 -43 43 l-3 43 43 -3 43 -3 0 -40z m120 0 c0 -40 0 -40 -40 -40 -36 0 -40 2 -43 28 -6 47 4 59 45 55 37 -3 38 -4 38 -43z"
       id="path8" />
    <path
       d="M1710 2195 c0 -8 5 -15 10 -15 6 0 10 7 10 15 0 8 -4 15 -10 15 -5 0 -10 -7 -10 -15z"
       id="path10" />
    <path
       d="M3800 1860 c0 -5 7 -10 15 -10 8 0 15 5 15 10 0 6 -7 10 -15 10 -8 0 -15 -4 -15 -10z"
       id="path12" />
    <path
       d="M4283 1879 c-14 -14 -6 -39 12 -39 7 0 18 7 26 16 10 13 10 17 -2 25 -18 11 -23 11 -36 -2z"
       id="path14" />
    <path
       d="M4960 1655 c0 -8 5 -15 10 -15 6 0 10 7 10 15 0 8 -4 15 -10 15 -5 0 -10 -7 -10 -15z"
       id="path16" />
    <path
       d="M4960 1925 c0 -8 5 -15 10 -15 6 0 10 7 10 15 0 8 -4 15 -10 15 -5 0 -10 -7 -10 -15z"
       id="path18" />
    <path
       d="M5300 1860 c0 -5 7 -10 15 -10 8 0 15 5 15 10 0 6 -7 10 -15 10 -8 0 -15 -4 -15 -10z"
       id="path20" />
    <path
       d="M5770 1925 c0 -8 5 -15 10 -15 6 0 10 7 10 15 0 8 -4 15 -10 15 -5 0 -10 -7 -10 -15z"
       id="path22" />
    <path
       d="M5917 1934 c-8 -8 1 -24 14 -24 5 0 9 7 9 15 0 15 -12 20 -23 9z"
       id="path24" />
    <path
       d="M6730 1925 c0 -8 5 -15 10 -15 6 0 10 7 10 15 0 8 -4 15 -10 15 -5 0 -10 -7 -10 -15z"
       id="path26" />
    <path
       d="M6920 1860 c0 -5 7 -10 15 -10 8 0 15 5 15 10 0 6 -7 10 -15 10 -8 0 -15 -4 -15 -10z"
       id="path28" />
    <path
       d="M7190 1860 c0 -5 7 -10 15 -10 8 0 15 5 15 10 0 6 -7 10 -15 10 -8 0 -15 -4 -15 -10z"
       id="path30" />
    <path
       d="M7880 1860 c0 -5 7 -10 15 -10 8 0 15 5 15 10 0 6 -7 10 -15 10 -8 0 -15 -4 -15 -10z"
       id="path32" />
    <path
       d="M8150 1860 c0 -5 7 -10 15 -10 8 0 15 5 15 10 0 6 -7 10 -15 10 -8 0 -15 -4 -15 -10z"
       id="path34" />
    <path
       d="M8690 1860 c0 -5 7 -10 15 -10 8 0 15 5 15 10 0 6 -7 10 -15 10 -8 0 -15 -4 -15 -10z"
       id="path36" />
    <path
       d="M5772 1511 c2 -7 7 -12 11 -12 12 1 9 15 -3 20 -7 2 -11 -2 -8 -8z"
       id="path38" />
    <path
       d="M5915 1511 c-6 -11 9 -23 19 -14 9 9 7 23 -3 23 -6 0 -12 -4 -16 -9z"
       id="path40" />
    <path
       d="M1564 1386 c-8 -21 3 -49 16 -41 5 3 10 15 10 25 0 25 -18 36 -26 16z"
       id="path42" />
    <path
       d="M3334 1386 c-8 -21 3 -49 16 -41 5 3 10 15 10 25 0 25 -18 36 -26 16z"
       id="path44" />
    <path
       d="M5770 1370 c0 -21 4 -30 13 -27 6 2 12 14 12 27 0 13 -6 25 -12 28 -9 2 -13 -7 -13 -28z"
       id="path46" />
    <path
       d="M5914 1386 c-8 -21 3 -49 16 -41 5 3 10 15 10 25 0 25 -18 36 -26 16z"
       id="path48" />
    <path
       d="M750 1370 c0 -16 5 -30 10 -30 6 0 10 14 10 30 0 17 -4 30 -10 30 -5 0 -10 -13 -10 -30z"
       id="path50" />
    <path
       d="M2520 1370 c0 -16 5 -30 10 -30 6 0 10 14 10 30 0 17 -4 30 -10 30 -5 0 -10 -13 -10 -30z"
       id="path52" />
    <path
       d="M4144 1386 c-8 -21 3 -49 16 -41 5 3 10 15 10 25 0 25 -18 36 -26 16z"
       id="path54" />
    <path
       d="M4297 1394 c-4 -4 -7 -18 -7 -31 0 -28 23 -27 28 1 4 20 -11 40 -21 30z"
       id="path56" />
    <path
       d="M6730 1376 c0 -8 5 -18 10 -21 6 -3 10 3 10 14 0 12 -4 21 -10 21 -5 0 -10 -6 -10 -14z"
       id="path58" />
    <path
       d="M8350 1370 c0 -11 7 -20 15 -20 8 0 15 9 15 20 0 11 -7 20 -15 20 -8 0 -15 -9 -15 -20z"
       id="path60" />
    <path
       d="M1710 1235 c0 -8 5 -15 10 -15 6 0 10 7 10 15 0 8 -4 15 -10 15 -5 0 -10 -7 -10 -15z"
       id="path62" />
    <path
       d="M4960 545 c0 -8 5 -15 10 -15 6 0 10 7 10 15 0 8 -4 15 -10 15 -5 0 -10 -7 -10 -15z"
       id="path64" />
    <path
       d="M7050 610 c0 -5 11 -10 25 -10 14 0 25 5 25 10 0 6 -11 10 -25 10 -14 0 -25 -4 -25 -10z"
       id="path66" />
    <path
       d="M3800 610 c0 -5 7 -10 15 -10 8 0 15 5 15 10 0 6 -7 10 -15 10 -8 0 -15 -4 -15 -10z"
       id="path68" />
    <path
       d="M7880 610 c0 -5 7 -10 15 -10 8 0 15 5 15 10 0 6 -7 10 -15 10 -8 0 -15 -4 -15 -10z"
       id="path70" />
    <path
       d="M8690 610 c0 -5 7 -10 15 -10 8 0 15 5 15 10 0 6 -7 10 -15 10 -8 0 -15 -4 -15 -10z"
       id="path72" />
    <path
       d="M7540 545 c0 -9 5 -15 11 -13 6 2 11 8 11 13 0 5 -5 11 -11 13 -6 2 -11 -4 -11 -13z"
       id="path74" />
    <path
       d="M750 425 c0 -8 5 -15 10 -15 6 0 10 7 10 15 0 8 -4 15 -10 15 -5 0 -10 -7 -10 -15z"
       id="path76" />
    <path
       d="M4146 432 c-3 -6 -1 -14 5 -17 15 -10 25 3 12 16 -7 7 -13 7 -17 1z"
       id="path78" />
    <path
       d="M4957 434 c-8 -8 1 -24 14 -24 5 0 9 7 9 15 0 15 -12 20 -23 9z"
       id="path80" />
    <path
       d="M5775 429 c-10 -15 3 -25 16 -12 7 7 7 13 1 17 -6 3 -14 1 -17 -5z"
       id="path82" />
    <path
       d="M5916 432 c-3 -6 -1 -14 5 -17 15 -10 25 3 12 16 -7 7 -13 7 -17 1z"
       id="path84" />
    <path
       d="M6730 425 c0 -8 5 -15 10 -15 6 0 10 7 10 15 0 8 -4 15 -10 15 -5 0 -10 -7 -10 -15z"
       id="path86" />
    <path
       d="M7540 425 c0 -9 5 -15 11 -13 6 2 11 8 11 13 0 5 -5 11 -11 13 -6 2 -11 -4 -11 -13z"
       id="path88" />
  </g>
  <rect
     style="fill:#4d4d4d;stroke:#000000;stroke-width:1;stroke-miterlimit:4;stroke-opacity:1;stroke-dasharray:none"
     id="rect4610"
     width="151.34804"
     height="151.96078"
     x="29.411764"
     y="79.632355"
     transform="scale(0.8,0.8)" />
  <path
     style="fill:#4d4d4d;stroke:#000000;stroke-width:0.80000001px;stroke-linecap:butt;stroke-linejoin:miter;stroke-opacity:1"
     d="m 201.38678,93.500288 0,61.698532 31.88913,29.8094 53.03301,0 35.70196,-34.31547 0,-49.22018 -37.78168,-39.51479 -46.10059,0 z"
     id="path4614"
     inkscape:connector-curvature="0" />
  <path
     style="fill:#4d4d4d;stroke:#000000;stroke-width:1px;stroke-linecap:butt;stroke-linejoin:miter;stroke-opacity:1;fill-opacity:1"
     d="m 469.23814,134.04003 33.79555,99.22025 102.25318,0.86655 33.79555,-99.65353 -84.48887,-60.658666 z"
     id="path4618"
     inkscape:connector-curvature="0"
     transform="scale(0.8,0.8)" />
  <path
     style="fill:#4d4d4d;stroke:#000000;stroke-width:1px;stroke-linecap:butt;stroke-linejoin:miter;stroke-opacity:1;fill-opacity:1"
     d="m 795.92841,88.11275 -90.12146,145.14753 168.11117,0 z"
     id="path4620"
     inkscape:connector-curvature="0"
     transform="scale(0.8,0.8)" />
  <path
     style="fill:#4d4d4d;stroke:#000000;stroke-width:1px;stroke-linecap:butt;stroke-linejoin:miter;stroke-opacity:1;fill-opacity:1"
     d="m 942.80904,115.84243 0,81.8892 153.81306,0 0,-80.58937 z"
     id="path4622"
     inkscape:connector-curvature="0"
     transform="scale(0.8,0.8)" />
  <text
     xml:space="preserve"
     style="font-size:25.8046093px;font-style:normal;font-variant:normal;font-weight:bold;font-stretch:normal;text-align:center;line-height:125%;letter-spacing:0px;word-spacing:0px;text-anchor:middle;fill:#000000;fill-opacity:1;stroke:none;font-family:Impact;-inkscape-font-specification:Sans Bold"
     x="82.935837"
     y="237.32892"
     id="text4624"
     sodipodi:linespacing="125%"><tspan
       sodipodi:role="line"
       id="tspan4626"
       x="82.935837"
       y="237.32892"
       style="font-style:normal;font-variant:normal;font-weight:bold;font-stretch:normal;font-family:Arial;-inkscape-font-specification:Arial Bold">Figura 1</tspan></text>
  <text
     xml:space="preserve"
     style="font-size:25.8046093px;font-style:normal;font-variant:normal;font-weight:bold;font-stretch:normal;text-align:center;line-height:125%;letter-spacing:0px;word-spacing:0px;text-anchor:middle;fill:#000000;fill-opacity:1;stroke:none;font-family:Impact;-inkscape-font-specification:Sans Bold"
     x="258.16736"
     y="237.32834"
     id="text4624-0"
     sodipodi:linespacing="125%"><tspan
       sodipodi:role="line"
       x="258.16736"
       y="237.32834"
       style="font-style:normal;font-variant:normal;font-weight:bold;font-stretch:normal;font-family:Arial;-inkscape-font-specification:Arial Bold"
       id="tspan4667">Figura 2</tspan></text>
  <text
     xml:space="preserve"
     style="font-size:25.8046093px;font-style:normal;font-variant:normal;font-weight:bold;font-stretch:normal;text-align:center;line-height:125%;letter-spacing:0px;word-spacing:0px;text-anchor:middle;fill:#000000;fill-opacity:1;stroke:none;font-family:Impact;-inkscape-font-specification:Sans Bold"
     x="443.96344"
     y="237.83292"
     id="text4624-6"
     sodipodi:linespacing="125%"><tspan
       sodipodi:role="line"
       x="443.96344"
       y="237.83292"
       style="font-style:normal;font-variant:normal;font-weight:bold;font-stretch:normal;font-family:Arial;-inkscape-font-specification:Arial Bold"
       id="tspan4671">Figura 3</tspan></text>
  <text
     xml:space="preserve"
     style="font-size:25.8046093px;font-style:normal;font-variant:normal;font-weight:bold;font-stretch:normal;text-align:center;line-height:125%;letter-spacing:0px;word-spacing:0px;text-anchor:middle;fill:#000000;fill-opacity:1;stroke:none;font-family:Impact;-inkscape-font-specification:Sans Bold"
     x="635.6026"
     y="238.43411"
     id="text4624-5"
     sodipodi:linespacing="125%"><tspan
       sodipodi:role="line"
       id="tspan4626-8"
       x="635.6026"
       y="238.43411"
       style="font-style:normal;font-variant:normal;font-weight:bold;font-stretch:normal;font-family:Arial;-inkscape-font-specification:Arial Bold">Figura 4</tspan></text>
  <text
     xml:space="preserve"
     style="font-size:25.8046093px;font-style:normal;font-variant:normal;font-weight:bold;font-stretch:normal;text-align:center;line-height:125%;letter-spacing:0px;word-spacing:0px;text-anchor:middle;fill:#000000;fill-opacity:1;stroke:none;font-family:Impact;-inkscape-font-specification:Sans Bold"
     x="818.11646"
     y="238.04535"
     id="text4624-5-6"
     sodipodi:linespacing="125%"><tspan
       sodipodi:role="line"
       id="tspan4626-8-2"
       x="818.11646"
       y="238.04535"
       style="font-style:normal;font-variant:normal;font-weight:bold;font-stretch:normal;font-family:Arial;-inkscape-font-specification:Arial Bold">Figura 5</tspan></text>
</svg>
