<?xml version="1.0" standalone="no"?>
<!DOCTYPE svg PUBLIC "-//W3C//DTD SVG 20010904//EN"
 "http://www.w3.org/TR/2001/REC-SVG-20010904/DTD/svg10.dtd">
<svg version="1.0" xmlns="http://www.w3.org/2000/svg"
 width="900.000000pt" height="1746.000000pt" viewBox="0 0 900.000000 1746.000000"
 preserveAspectRatio="xMidYMid meet">
<metadata>
Created by potrace 1.10, written by Peter Selinger 2001-2011
</metadata>
<g transform="translate(0.000000,1746.000000) scale(0.100000,-0.100000)"
fill="#000000" stroke="none">
<path d="M4072 15311 c-292 -147 -535 -270 -538 -273 -3 -4 4 -24 16 -47 27
-55 33 -54 190 11 14 6 61 17 104 24 112 18 154 6 226 -66 62 -62 69 -83 92
-285 16 -138 24 -3023 9 -3115 -6 -36 -13 -99 -15 -140 -5 -89 -22 -134 -68
-176 -65 -61 -153 -91 -310 -104 -186 -17 -178 -14 -178 -65 0 -24 4 -46 9
-49 5 -4 379 -6 832 -6 655 0 824 2 831 12 12 20 9 74 -4 86 -7 5 -73 15 -146
21 -78 6 -145 17 -162 26 -16 8 -37 15 -47 15 -26 0 -123 70 -123 88 0 8 -6
23 -14 31 -8 9 -22 50 -32 91 -16 70 -18 209 -21 2100 -1 1114 -5 2040 -8
2058 -6 31 -7 32 -58 31 -47 -1 -100 -25 -585 -268z"/>
<path d="M1072 8569 c-42 -12 -92 -80 -92 -125 0 -43 33 -98 74 -124 l33 -20
3344 0 3344 0 40 34 c40 34 40 34 40 106 0 68 -2 73 -30 97 -16 13 -40 29 -53
34 -32 12 -6656 10 -6700 -2z"/>
<path d="M2702 6026 c-17 -7 -37 -17 -44 -24 -7 -7 -19 -12 -27 -12 -8 0 -96
-40 -196 -89 -163 -81 -329 -162 -666 -325 -64 -31 -122 -62 -128 -70 -14 -17
-2 -53 27 -80 21 -18 22 -18 65 3 24 11 50 21 58 21 8 0 23 7 33 15 11 8 32
15 47 15 15 0 40 5 56 11 41 16 132 14 173 -4 43 -19 97 -67 118 -104 50 -93
53 -198 49 -1913 -2 -1187 -6 -1595 -15 -1625 -6 -22 -14 -53 -17 -68 -3 -16
-27 -50 -54 -77 -64 -64 -116 -79 -316 -94 l-160 -11 -3 -62 -3 -63 840 0 839
0 4 45 c6 77 -2 86 -74 86 -107 0 -247 14 -260 27 -7 7 -26 12 -43 12 -24 0
-41 11 -76 48 -68 70 -85 111 -88 216 -2 49 -7 100 -12 113 -5 14 -9 843 -9
2012 0 1532 -3 1990 -12 1999 -15 15 -62 14 -106 -2z"/>
<path d="M5540 5928 c-6 -13 -22 -43 -35 -67 -14 -24 -25 -48 -25 -52 0 -5
-13 -31 -30 -59 -16 -28 -30 -57 -30 -64 0 -8 -7 -19 -15 -26 -8 -7 -15 -18
-15 -26 0 -7 -13 -36 -30 -64 -16 -28 -30 -56 -30 -62 0 -7 -60 -134 -134
-282 -440 -892 -489 -994 -482 -1011 6 -16 50 -22 218 -30 70 -3 139 -10 153
-15 15 -6 56 -10 92 -10 36 0 86 -6 112 -14 25 -8 82 -22 126 -32 44 -9 112
-28 150 -41 39 -14 79 -27 90 -30 42 -11 238 -113 265 -138 9 -8 20 -15 24
-15 5 0 25 -13 46 -30 21 -16 41 -30 45 -30 21 0 222 -191 302 -287 69 -83
146 -202 187 -288 61 -130 64 -139 70 -170 3 -16 12 -64 21 -105 9 -41 21 -97
27 -125 18 -91 -2 -293 -46 -445 -22 -75 -100 -231 -131 -260 -14 -13 -25 -28
-25 -33 0 -12 -69 -86 -137 -147 -122 -110 -290 -193 -428 -212 -38 -6 -78
-14 -87 -19 -28 -14 -173 -10 -241 7 -114 28 -190 56 -237 85 -8 5 -24 14 -35
19 -11 6 -33 19 -50 30 -16 11 -39 24 -50 29 -11 5 -37 21 -58 35 -21 14 -44
26 -51 26 -8 0 -19 7 -26 15 -7 8 -17 15 -23 15 -6 0 -18 6 -26 14 -9 7 -47
21 -85 31 -133 32 -250 -3 -320 -97 -35 -46 -38 -56 -39 -118 -1 -100 42 -186
138 -272 41 -36 148 -98 171 -98 7 0 25 -6 41 -14 123 -62 677 -60 861 3 68
23 98 33 127 41 53 15 120 41 129 51 6 5 18 9 27 9 10 0 45 17 79 37 34 21 78
47 98 58 20 12 53 30 72 40 47 27 97 65 204 155 112 94 141 123 199 196 26 33
60 75 76 94 17 19 31 41 31 48 0 7 12 30 27 49 27 35 58 90 103 183 12 25 26
53 31 62 29 58 67 194 75 268 3 25 10 56 17 69 17 34 16 433 -1 531 -18 99
-42 190 -59 217 -7 12 -13 29 -13 38 0 27 -93 207 -155 300 -74 111 -279 324
-400 416 -49 38 -94 73 -100 77 -5 4 -17 11 -25 15 -25 13 -57 32 -71 44 -12
9 -93 54 -166 91 -40 21 -132 62 -139 62 -4 0 -25 8 -48 19 -44 20 -93 38
-141 51 -113 33 -217 59 -258 65 -26 4 -50 11 -53 16 -3 5 -22 9 -43 9 -97 0
-123 21 -97 75 59 122 174 361 200 415 17 36 41 82 54 103 l22 37 665 0 665 0
51 108 c28 59 76 158 105 220 30 62 54 117 54 124 0 6 7 19 15 28 9 10 17 30
18 46 l2 29 -793 3 -792 2 -10 -22z"/>
</g>
</svg>
