<?xml version="1.0" standalone="no"?>
<!DOCTYPE svg PUBLIC "-//W3C//DTD SVG 20010904//EN"
 "http://www.w3.org/TR/2001/REC-SVG-20010904/DTD/svg10.dtd">
<svg version="1.0" xmlns="http://www.w3.org/2000/svg"
 width="900.000000pt" height="1746.000000pt" viewBox="0 0 900.000000 1746.000000"
 preserveAspectRatio="xMidYMid meet">
<metadata>
Created by potrace 1.10, written by Peter Selinger 2001-2011
</metadata>
<g transform="translate(0.000000,1746.000000) scale(0.100000,-0.100000)"
fill="#000000" stroke="none">
<path d="M4459 15585 c-3 -2 -61 -9 -129 -15 -207 -18 -386 -77 -555 -183
-145 -91 -328 -279 -425 -437 -19 -30 -53 -85 -77 -122 -24 -37 -43 -72 -43
-77 0 -11 -8 -30 -55 -135 -29 -64 -51 -135 -65 -208 -5 -27 -12 -53 -16 -60
-4 -7 -11 -46 -16 -88 -26 -250 -28 -294 -18 -397 18 -189 26 -247 37 -273 6
-14 13 -46 17 -72 4 -26 11 -50 17 -53 5 -4 9 -17 9 -31 0 -13 4 -32 9 -42 5
-9 28 -55 50 -102 49 -100 53 -108 107 -180 59 -79 261 -271 314 -298 25 -13
77 -41 115 -62 39 -21 78 -39 88 -39 11 -1 33 -7 50 -15 60 -27 123 -37 262
-42 174 -7 271 4 440 51 107 30 321 126 455 205 36 22 71 39 78 39 15 1 16
-33 2 -60 -6 -10 -15 -38 -20 -61 -12 -62 -38 -149 -51 -178 -6 -14 -17 -38
-24 -55 -6 -16 -20 -47 -29 -68 -9 -21 -16 -43 -16 -49 0 -18 -151 -316 -166
-329 -8 -6 -14 -15 -14 -20 0 -4 -13 -27 -29 -51 -15 -24 -49 -74 -75 -113
-94 -143 -184 -250 -336 -404 -137 -138 -150 -149 -254 -223 -89 -63 -323
-184 -377 -195 -18 -3 -56 -15 -84 -26 -81 -31 -194 -51 -425 -75 l-65 -7 0
-60 0 -60 155 1 c164 1 339 16 411 35 24 6 62 13 84 16 22 2 49 8 60 13 11 5
38 14 60 19 22 5 92 30 157 54 176 69 351 167 514 288 54 41 118 86 142 102
39 25 147 122 281 250 129 124 333 380 416 519 5 10 34 55 63 101 28 47 52 88
52 92 0 4 26 60 58 124 32 64 67 142 77 172 9 30 21 62 26 71 5 10 13 34 18
55 6 21 20 65 31 98 25 69 48 156 60 235 5 30 16 96 25 145 33 185 46 552 24
675 -5 30 -14 92 -19 138 -5 45 -13 88 -17 95 -4 6 -10 32 -14 57 -4 25 -11
59 -17 75 -6 17 -18 55 -27 85 -45 150 -129 326 -222 468 -35 52 -63 98 -63
101 0 4 -8 14 -17 22 -10 9 -31 33 -48 54 -41 53 -203 214 -245 245 -18 14
-41 32 -49 41 -9 9 -23 19 -31 23 -8 3 -37 20 -65 36 -48 30 -65 38 -130 65
-16 7 -47 20 -68 29 -21 9 -47 16 -58 16 -11 0 -36 7 -56 15 -21 9 -77 18
-126 20 -48 3 -96 9 -106 15 -10 5 -20 7 -22 5z m11 -235 c133 -17 228 -68
346 -185 51 -49 112 -121 136 -160 51 -81 127 -235 139 -280 4 -16 17 -57 29
-90 11 -33 24 -80 27 -105 3 -25 9 -49 13 -55 5 -5 11 -32 15 -60 4 -27 12
-61 18 -75 5 -14 13 -61 18 -105 4 -44 13 -125 19 -180 13 -109 5 -492 -10
-510 -5 -6 -11 -51 -13 -100 -8 -137 -28 -245 -46 -245 -4 0 -32 -18 -62 -41
-106 -79 -283 -157 -434 -191 -90 -20 -337 -17 -399 5 -178 64 -339 212 -422
388 -12 26 -27 50 -33 53 -6 4 -11 16 -11 26 0 11 -6 34 -14 52 -14 32 -31 77
-56 148 -15 44 -38 151 -46 210 -3 25 -9 59 -15 76 -27 88 -29 668 -1 720 5
11 12 43 16 72 6 50 12 67 42 139 8 17 14 36 14 42 0 11 29 66 61 116 10 17
23 39 28 50 5 12 49 59 99 106 62 59 110 95 158 119 38 18 82 39 97 46 16 8
54 14 85 14 31 0 64 5 72 10 8 6 26 8 40 4 14 -3 54 -9 90 -14z"/>
<path d="M1072 8569 c-42 -12 -92 -80 -92 -125 0 -43 33 -98 74 -124 l33 -20
3388 0 3388 0 33 20 c38 24 74 80 74 117 0 38 -27 87 -63 114 l-32 24 -3385 2
c-2103 1 -3397 -2 -3418 -8z"/>
<path d="M2702 6026 c-17 -7 -37 -17 -44 -24 -7 -7 -19 -12 -27 -12 -8 0 -96
-40 -196 -89 -163 -81 -329 -162 -666 -325 -64 -31 -122 -62 -128 -70 -14 -17
-2 -53 27 -80 21 -18 22 -18 65 3 24 11 50 21 58 21 8 0 23 7 33 15 11 8 32
15 47 15 15 0 40 5 56 11 41 16 132 14 173 -4 43 -19 97 -67 118 -104 50 -93
53 -198 49 -1913 -2 -1187 -6 -1595 -15 -1625 -6 -22 -14 -53 -17 -68 -3 -16
-27 -50 -54 -77 -64 -64 -116 -79 -316 -94 l-160 -11 -3 -62 -3 -63 840 0 839
0 4 45 c6 77 -2 86 -74 86 -107 0 -247 14 -260 27 -7 7 -26 12 -43 12 -24 0
-41 11 -76 48 -68 70 -85 111 -88 216 -2 49 -7 100 -12 113 -5 14 -9 843 -9
2012 0 1532 -3 1990 -12 1999 -15 15 -62 14 -106 -2z"/>
<path d="M5740 6030 c-14 -4 -56 -9 -95 -10 -76 -1 -128 -10 -220 -35 -33 -9
-74 -20 -90 -24 -68 -18 -216 -100 -310 -172 -146 -112 -257 -244 -340 -404
-14 -27 -29 -57 -34 -65 -21 -36 -57 -130 -71 -188 -4 -18 -12 -38 -18 -45 -5
-7 -13 -34 -17 -62 -4 -27 -10 -54 -15 -60 -4 -5 -10 -32 -14 -60 -3 -27 -8
-69 -12 -93 l-6 -43 62 3 63 3 36 90 c20 50 46 106 58 125 12 20 28 47 35 61
45 86 200 257 276 304 10 6 35 22 57 36 61 38 143 74 220 97 65 20 238 45 295
44 64 -2 208 -25 232 -38 15 -8 34 -14 43 -14 18 0 104 -46 181 -96 116 -77
279 -267 320 -374 3 -8 10 -24 16 -35 6 -11 15 -33 19 -50 4 -16 17 -61 29
-100 26 -89 39 -370 20 -455 -6 -30 -15 -80 -20 -110 -10 -67 -28 -135 -45
-175 -7 -16 -16 -43 -20 -60 -3 -16 -31 -80 -61 -141 -30 -61 -54 -116 -54
-121 0 -14 -45 -98 -86 -160 -19 -28 -34 -54 -34 -58 0 -4 -12 -24 -27 -44
-32 -41 -49 -67 -63 -96 -19 -38 -289 -398 -316 -420 -6 -5 -15 -17 -20 -27
-5 -9 -72 -85 -149 -168 -77 -84 -142 -157 -144 -164 -2 -6 -99 -107 -215
-224 -116 -117 -234 -236 -262 -265 -28 -28 -97 -96 -155 -149 -57 -54 -175
-164 -261 -245 l-158 -147 0 -63 0 -63 1317 2 1316 3 22 60 c12 33 26 71 32
85 6 14 20 52 31 85 32 94 43 125 74 204 15 40 28 81 28 90 0 9 6 25 13 36 7
11 21 45 31 75 10 30 22 64 27 75 14 33 40 109 42 125 2 11 -11 16 -55 18
l-57 3 -33 -47 c-67 -94 -164 -188 -230 -220 -108 -54 -153 -66 -308 -84 -104
-12 -1530 -13 -1530 -1 0 5 48 59 108 119 59 60 125 129 147 155 22 25 145
158 273 294 128 136 270 288 315 337 45 48 108 116 139 150 116 125 255 287
328 381 41 54 87 111 101 129 31 37 119 165 119 173 0 3 13 22 28 42 24 30 65
94 112 171 5 8 18 36 30 62 12 27 26 50 31 54 5 3 9 11 9 19 0 8 13 33 29 57
15 24 31 52 34 63 3 11 15 45 27 75 20 51 36 101 74 235 51 178 52 538 3 665
-23 58 -39 104 -45 129 -3 14 -17 43 -32 65 -16 23 -38 60 -50 83 -12 23 -39
62 -61 86 -21 25 -39 48 -39 52 0 12 -140 145 -210 200 -94 74 -279 168 -390
199 -119 32 -149 37 -255 45 -60 5 -119 11 -130 14 -11 3 -31 2 -45 -3z"/>
</g>
</svg>
