<?xml version="1.0" standalone="no"?>
<!DOCTYPE svg PUBLIC "-//W3C//DTD SVG 20010904//EN"
 "http://www.w3.org/TR/2001/REC-SVG-20010904/DTD/svg10.dtd">
<svg version="1.0" xmlns="http://www.w3.org/2000/svg"
 width="900.000000pt" height="2325.000000pt" viewBox="0 0 900.000000 2325.000000"
 preserveAspectRatio="xMidYMid meet">
<metadata>
Created by potrace 1.10, written by Peter Selinger 2001-2011
</metadata>
<g transform="translate(0.000000,2325.000000) scale(0.100000,-0.100000)"
fill="#000000" stroke="none">
<path d="M5580 20739 c-127 -10 -401 -52 -423 -66 -8 -5 -60 -18 -170 -42 -21
-5 -44 -14 -50 -20 -6 -6 -22 -11 -35 -11 -13 0 -33 -5 -45 -12 -12 -6 -35
-15 -52 -19 -46 -11 -94 -29 -162 -60 -35 -16 -66 -29 -70 -29 -5 0 -51 -22
-103 -48 -84 -42 -121 -63 -195 -109 -11 -7 -33 -19 -50 -28 -16 -8 -64 -40
-105 -70 -41 -30 -104 -75 -140 -99 -36 -25 -76 -56 -89 -70 -14 -14 -28 -26
-33 -26 -21 0 -478 -425 -478 -445 0 -4 -40 -50 -90 -103 -49 -53 -90 -101
-90 -105 0 -5 -24 -37 -54 -70 -51 -59 -231 -322 -244 -356 -3 -9 -17 -32 -32
-51 -15 -19 -71 -125 -124 -235 -54 -110 -102 -208 -107 -217 -5 -10 -9 -27
-9 -37 0 -11 -4 -22 -9 -25 -4 -3 -18 -36 -31 -73 -12 -37 -29 -77 -36 -88 -8
-11 -14 -30 -14 -43 0 -13 -5 -33 -12 -45 -6 -12 -15 -38 -20 -57 -20 -89 -35
-147 -45 -170 -6 -14 -13 -46 -17 -72 -4 -26 -11 -50 -17 -53 -5 -4 -9 -30 -9
-58 0 -29 -5 -70 -11 -92 -21 -84 -41 -257 -48 -430 -10 -204 -4 -540 9 -570
5 -11 13 -67 19 -125 10 -104 30 -216 43 -235 3 -5 9 -32 13 -60 6 -47 81
-283 110 -350 19 -45 144 -297 158 -320 7 -11 31 -49 55 -85 23 -37 42 -71 42
-77 0 -6 7 -17 16 -24 9 -8 44 -50 77 -94 71 -94 303 -333 367 -378 25 -17 65
-47 90 -67 25 -21 106 -67 180 -103 137 -66 147 -70 280 -107 41 -12 85 -25
97 -30 35 -14 438 -23 523 -11 102 14 184 30 250 48 87 24 233 75 255 89 11 6
31 15 45 19 14 4 51 25 83 46 32 22 62 39 67 39 5 0 53 33 107 73 100 75 383
357 383 383 0 7 6 17 13 21 13 8 66 82 80 113 4 8 15 27 25 42 52 80 120 199
137 238 10 25 29 69 42 98 13 29 23 55 23 58 0 3 11 29 24 57 14 29 30 75 36
102 7 28 18 72 26 99 8 26 14 58 14 70 0 12 4 26 9 31 10 11 26 112 42 280 12
128 6 492 -9 521 -6 10 -15 51 -20 89 -14 99 -30 167 -42 179 -6 6 -10 22 -10
37 0 24 -40 132 -76 202 -8 16 -14 33 -14 38 0 6 -11 25 -23 42 -13 18 -34 52
-47 77 -12 25 -35 61 -51 81 -16 20 -29 40 -29 44 0 4 -9 17 -19 29 -10 11
-37 42 -60 67 -23 25 -41 50 -41 55 -1 31 -308 271 -420 328 -64 33 -194 86
-210 86 -8 0 -27 7 -43 15 -15 8 -55 17 -90 21 -34 4 -66 10 -72 14 -17 12
-215 19 -325 10 -125 -9 -251 -27 -300 -41 -34 -10 -120 -32 -190 -48 -19 -4
-60 -20 -91 -34 -31 -15 -61 -27 -67 -27 -6 0 -23 -6 -39 -14 -15 -8 -66 -33
-113 -55 -94 -46 -142 -73 -255 -143 -41 -27 -80 -48 -86 -48 -12 0 -3 87 11
105 4 6 11 29 15 52 4 24 11 45 16 49 5 3 9 18 9 33 0 15 7 36 15 47 8 10 15
30 15 44 0 14 6 34 14 45 7 11 16 34 18 50 7 36 25 89 44 128 8 16 14 33 14
38 0 6 14 37 30 71 17 33 30 65 30 70 0 19 162 342 201 401 22 32 39 61 39 65
0 3 35 57 78 120 42 63 85 125 94 139 9 14 20 29 25 32 4 3 26 29 47 56 113
143 327 358 516 520 47 40 240 174 305 212 52 31 225 113 238 113 7 0 22 7 33
15 10 8 31 15 45 15 14 0 34 7 45 15 10 8 28 14 39 15 11 0 40 6 65 14 69 22
128 36 215 51 44 8 100 19 125 24 25 6 65 10 91 11 25 0 49 4 55 9 5 6 38 11
74 13 l65 3 3 88 3 87 -158 -2 c-87 -1 -201 -5 -253 -9z m-1255 -2709 c50 -6
99 -15 110 -20 11 -5 47 -19 80 -31 33 -12 67 -28 76 -35 8 -8 21 -14 28 -14
6 0 53 -32 105 -70 63 -48 115 -98 162 -157 97 -123 120 -162 234 -408 32 -68
90 -235 90 -259 0 -8 6 -30 14 -48 23 -56 36 -103 46 -169 5 -35 17 -107 25
-159 9 -52 15 -128 15 -168 -1 -41 4 -79 10 -87 17 -21 3 -459 -19 -585 -26
-146 -66 -296 -82 -305 -5 -4 -9 -15 -9 -25 0 -18 -5 -30 -51 -120 -106 -208
-339 -436 -510 -501 -131 -49 -150 -52 -314 -53 -107 -1 -177 4 -210 13 -73
20 -192 78 -255 124 -56 41 -177 157 -195 187 -5 9 -44 68 -86 131 -83 126
-160 272 -190 364 -11 33 -24 68 -29 77 -14 25 -50 135 -50 152 0 7 -7 27 -15
42 -8 16 -15 39 -15 51 0 13 -6 40 -14 60 -8 21 -17 59 -21 85 -3 26 -10 50
-16 53 -5 4 -9 23 -9 43 0 21 -7 63 -15 95 -16 60 -37 298 -37 407 1 129 22
476 32 510 6 19 14 82 20 140 15 162 34 304 43 318 5 7 29 24 55 37 26 14 61
34 77 45 17 10 50 29 75 42 25 13 59 32 76 44 62 41 216 110 364 163 52 19
110 30 160 31 25 0 52 5 60 10 8 6 33 8 55 5 22 -3 81 -10 130 -15z"/>
<path d="M1431 11420 c-19 -5 -53 -27 -79 -53 l-45 -46 0 -74 c1 -67 4 -80 29
-112 15 -20 44 -45 65 -56 37 -19 89 -19 2734 -19 2508 0 2698 1 2723 17 84
52 119 125 100 205 -6 23 -17 50 -24 59 -8 8 -14 21 -14 28 0 6 -8 14 -17 18
-10 3 -26 13 -37 22 -16 15 -260 16 -2710 18 -1480 0 -2706 -3 -2725 -7z"/>
<path d="M4067 8044 c-4 -5 -63 -11 -130 -15 -117 -7 -170 -16 -266 -45 -25
-8 -54 -14 -66 -14 -11 0 -54 -16 -95 -36 -41 -20 -91 -42 -111 -49 -41 -15
-160 -92 -172 -112 -4 -7 -13 -13 -19 -13 -29 0 -271 -233 -352 -340 -28 -36
-60 -76 -73 -89 -12 -12 -25 -33 -29 -45 -4 -11 -20 -37 -35 -57 -16 -20 -29
-40 -29 -43 0 -4 -19 -37 -43 -74 -66 -105 -151 -289 -146 -317 2 -9 30 -31
61 -48 67 -36 68 -35 128 57 84 126 256 313 342 372 24 16 54 39 68 51 13 13
54 37 90 55 36 18 69 39 73 46 4 6 15 12 24 12 9 0 46 12 82 27 84 33 172 53
286 62 120 11 302 3 342 -15 17 -8 40 -14 52 -14 44 0 255 -98 319 -148 41
-32 178 -166 209 -206 33 -40 123 -228 123 -257 1 -13 7 -35 15 -49 8 -14 14
-51 15 -82 0 -31 5 -60 10 -63 13 -8 14 -310 1 -333 -5 -9 -11 -45 -14 -80 -2
-35 -9 -68 -16 -75 -6 -6 -11 -21 -11 -34 0 -28 -33 -129 -65 -198 -13 -27
-26 -57 -30 -65 -8 -21 -23 -45 -77 -125 -38 -58 -184 -210 -239 -250 -8 -6
-33 -25 -55 -43 -23 -17 -44 -32 -47 -32 -3 0 -32 -17 -64 -38 -32 -21 -80
-49 -108 -62 -27 -13 -57 -29 -65 -35 -8 -6 -51 -26 -95 -44 -44 -18 -93 -39
-108 -47 -16 -8 -38 -14 -49 -14 -11 0 -32 -6 -46 -14 -25 -13 -116 -35 -152
-37 -8 -1 -36 -6 -62 -11 l-48 -10 0 -53 c0 -30 5 -57 13 -63 6 -5 91 -13 187
-17 96 -4 180 -11 185 -15 6 -4 37 -11 70 -15 159 -18 552 -187 723 -309 74
-53 178 -143 203 -176 13 -17 34 -43 47 -57 12 -13 34 -46 48 -71 14 -26 34
-60 45 -77 10 -16 21 -37 25 -45 3 -8 10 -22 15 -30 5 -8 12 -22 15 -30 3 -8
12 -28 19 -45 40 -90 54 -124 65 -160 6 -22 16 -53 22 -70 6 -16 14 -52 18
-80 4 -27 13 -77 20 -110 8 -41 10 -122 7 -255 -4 -162 -9 -207 -27 -265 -12
-38 -25 -86 -29 -105 -8 -34 -77 -174 -116 -236 -26 -40 -121 -157 -161 -197
-43 -43 -161 -147 -168 -147 -3 0 -25 -13 -49 -30 -25 -16 -49 -30 -53 -30 -5
0 -29 -14 -54 -30 -25 -16 -53 -30 -63 -30 -11 0 -58 -13 -105 -30 -86 -29
-89 -30 -272 -27 -186 3 -293 16 -342 43 -14 8 -35 14 -46 14 -11 0 -33 6 -49
14 -196 97 -341 166 -349 166 -5 0 -62 27 -127 60 -65 33 -129 62 -142 64 -13
2 -33 10 -45 16 -20 11 -101 21 -175 22 -55 1 -130 -14 -146 -28 -8 -8 -19
-14 -23 -14 -11 0 -95 -64 -96 -73 0 -5 -13 -25 -29 -45 -17 -20 -35 -57 -41
-82 -6 -25 -14 -55 -17 -68 -3 -12 -1 -28 5 -35 5 -6 13 -31 17 -54 3 -23 13
-47 21 -54 8 -6 14 -16 14 -20 0 -16 73 -109 85 -109 7 0 22 -12 36 -26 28
-30 164 -98 229 -114 25 -6 61 -16 80 -22 87 -25 279 -41 534 -45 149 -2 277
0 285 4 9 4 68 13 131 19 132 15 284 39 300 49 6 4 35 10 63 15 29 4 68 13 87
20 19 7 51 18 70 25 19 7 51 18 70 25 19 7 47 15 62 17 15 3 33 11 39 19 6 8
18 14 26 14 27 0 218 100 332 174 136 88 358 293 481 444 57 71 139 195 169
257 14 28 27 52 30 55 4 3 15 23 25 45 10 22 25 53 32 68 8 16 14 37 14 47 0
10 4 21 8 24 5 3 25 56 44 118 69 217 90 355 95 617 3 120 0 188 -7 195 -5 5
-10 35 -10 66 -1 30 -5 75 -11 100 -5 25 -12 56 -15 70 -3 14 -8 43 -11 65 -3
22 -9 45 -13 50 -5 6 -18 39 -30 75 -31 90 -109 247 -172 346 -41 65 -244 265
-335 330 -119 86 -217 146 -308 189 -157 73 -185 87 -185 95 0 4 28 31 63 61
90 77 231 220 321 324 42 50 86 100 97 111 10 12 19 25 19 28 0 3 20 32 44 63
52 69 138 225 181 328 33 81 57 170 76 280 14 79 5 307 -14 370 -8 28 -23 77
-33 110 -21 71 -96 225 -136 276 -15 20 -28 40 -28 43 0 25 -192 246 -213 246
-5 0 -32 20 -60 45 -29 25 -56 45 -60 45 -5 0 -26 14 -47 30 -21 17 -43 30
-49 30 -6 0 -39 13 -74 29 -110 51 -135 61 -155 61 -12 0 -23 4 -26 9 -4 5
-30 12 -59 16 -28 4 -57 11 -63 16 -6 5 -72 14 -145 20 -74 5 -159 12 -189 15
-30 3 -59 2 -63 -2z"/>
</g>
</svg>
