<?xml version="1.0" standalone="no"?>
<!DOCTYPE svg PUBLIC "-//W3C//DTD SVG 20010904//EN"
 "http://www.w3.org/TR/2001/REC-SVG-20010904/DTD/svg10.dtd">
<svg version="1.0" xmlns="http://www.w3.org/2000/svg"
 width="900.000000pt" height="2325.000000pt" viewBox="0 0 900.000000 2325.000000"
 preserveAspectRatio="xMidYMid meet">
<metadata>
Created by potrace 1.10, written by Peter Selinger 2001-2011
</metadata>
<g transform="translate(0.000000,2325.000000) scale(0.100000,-0.100000)"
fill="#000000" stroke="none">
<path d="M4035 20739 c-44 -5 -116 -12 -160 -17 -172 -18 -404 -96 -540 -182
-69 -43 -80 -49 -95 -56 -8 -4 -45 -33 -82 -66 -36 -32 -70 -58 -75 -58 -11 0
-141 -131 -156 -157 -7 -11 -34 -48 -62 -82 -89 -110 -216 -360 -270 -531 -20
-63 -41 -119 -46 -124 -5 -6 -9 -25 -9 -44 0 -18 -5 -42 -10 -52 -6 -11 -13
-47 -16 -82 -4 -35 -11 -68 -16 -74 -4 -7 -9 -43 -11 -80 l-2 -69 70 0 70 0
17 35 c31 62 78 171 78 180 0 5 12 28 28 52 41 64 50 80 67 115 9 17 25 39 36
49 10 9 19 21 19 26 0 13 39 57 140 157 109 108 146 141 154 141 4 0 48 27 98
60 51 33 98 60 104 60 7 0 25 6 41 14 65 31 100 45 133 52 19 3 40 10 45 14 6
4 33 11 60 15 28 4 55 10 60 15 15 12 218 18 325 9 88 -6 173 -23 245 -47 17
-6 55 -18 85 -28 30 -10 70 -28 90 -42 19 -13 44 -28 55 -33 81 -37 251 -187
332 -292 27 -34 56 -70 65 -79 23 -23 124 -234 133 -278 4 -19 11 -41 15 -50
18 -36 34 -121 38 -195 2 -44 8 -84 13 -89 12 -14 12 -333 -1 -341 -5 -3 -10
-42 -10 -85 0 -43 -4 -81 -9 -84 -5 -4 -12 -29 -16 -58 -4 -29 -11 -59 -15
-68 -5 -8 -18 -49 -30 -90 -12 -41 -28 -89 -36 -107 -8 -17 -14 -38 -14 -47 0
-9 -4 -24 -9 -34 -19 -34 -51 -109 -51 -117 0 -28 -159 -337 -210 -407 -17
-23 -30 -45 -30 -50 0 -11 -42 -72 -52 -76 -5 -2 -8 -8 -8 -13 0 -6 -19 -40
-43 -77 -24 -37 -47 -74 -51 -82 -13 -27 -31 -55 -53 -80 -11 -14 -44 -54 -72
-90 -28 -36 -57 -72 -66 -81 -8 -9 -15 -20 -15 -26 0 -5 -9 -18 -19 -27 -11
-10 -52 -61 -93 -114 -40 -53 -85 -108 -100 -122 -16 -13 -28 -28 -28 -33 0
-5 -55 -69 -122 -142 -68 -73 -168 -183 -223 -245 -117 -131 -1071 -1079
-1096 -1089 -9 -3 -89 -76 -178 -162 l-162 -156 3 -79 3 -79 1760 0 1760 0 21
60 c12 33 38 107 58 165 20 58 43 117 51 132 8 14 15 38 15 51 0 14 4 28 9 31
5 3 20 41 34 83 14 43 36 103 47 133 12 30 26 70 32 89 5 19 21 58 34 87 13
29 24 60 24 69 0 9 5 25 11 36 18 34 69 183 69 202 0 16 -9 17 -81 15 l-82 -3
-65 -95 c-35 -52 -74 -101 -86 -109 -11 -9 -43 -36 -71 -61 -27 -25 -68 -55
-90 -65 -22 -11 -59 -32 -82 -47 -23 -16 -55 -28 -72 -28 -16 0 -32 -4 -36 -9
-3 -5 -31 -15 -63 -21 -31 -6 -64 -14 -72 -18 -8 -3 -80 -12 -160 -20 -181
-18 -1977 -29 -1994 -12 -7 7 32 53 118 143 385 400 439 457 691 733 187 205
400 435 494 535 39 41 71 79 71 83 0 4 22 31 50 59 27 29 82 90 122 137 40 46
80 91 88 100 8 9 26 31 40 49 14 18 40 52 58 74 36 46 48 62 92 122 16 22 36
47 45 56 8 9 15 19 15 24 0 7 40 58 75 96 8 9 15 19 15 23 0 6 132 212 199
311 15 22 52 90 82 150 29 61 65 128 78 150 36 58 61 107 61 121 0 7 7 26 15
43 8 17 22 45 30 62 8 17 15 37 15 44 0 7 7 26 15 42 8 15 22 55 31 88 8 33
21 71 26 85 16 38 38 145 52 250 7 52 16 102 20 111 12 26 0 306 -17 399 -21
114 -33 160 -69 255 -35 95 -117 262 -135 277 -7 6 -13 15 -13 20 0 6 -13 27
-30 48 -16 21 -30 41 -30 45 0 11 -46 61 -175 190 -130 129 -169 165 -179 165
-4 0 -24 13 -44 29 -65 51 -251 147 -377 193 -93 35 -112 41 -155 48 -25 4
-58 12 -73 19 -16 6 -49 11 -73 11 -25 0 -53 4 -62 9 -25 13 -304 20 -397 10z"/>
<path d="M1431 11420 c-19 -5 -53 -27 -79 -53 l-45 -46 0 -74 c1 -67 4 -80 29
-112 15 -20 44 -45 65 -56 38 -19 89 -19 2803 -19 l2765 0 41 21 c23 12 54 40
68 62 22 34 27 51 26 104 0 41 -6 69 -16 80 -8 10 -18 26 -21 36 -4 9 -17 21
-31 27 -13 5 -26 15 -28 22 -4 11 -496 13 -2774 15 -1523 0 -2784 -3 -2803 -7z"/>
<path d="M5750 8041 c-8 -5 -73 -11 -145 -14 -71 -3 -143 -10 -160 -16 -16 -5
-61 -15 -100 -20 -38 -6 -88 -15 -110 -20 -83 -18 -141 -33 -170 -43 -16 -5
-43 -13 -60 -18 -48 -13 -98 -31 -128 -46 -16 -8 -37 -14 -48 -14 -10 0 -48
-13 -82 -30 -35 -16 -68 -30 -73 -30 -5 0 -38 -14 -74 -31 -117 -56 -168 -84
-244 -133 -33 -21 -67 -41 -75 -44 -18 -7 -128 -84 -152 -107 -9 -8 -19 -15
-23 -15 -5 0 -22 -11 -40 -25 -17 -14 -65 -53 -106 -85 -173 -137 -223 -182
-391 -349 -96 -97 -221 -233 -277 -303 -55 -71 -106 -134 -111 -140 -67 -83
-84 -108 -98 -138 -4 -8 -27 -44 -51 -80 -77 -113 -126 -199 -221 -395 -107
-218 -112 -230 -140 -307 -11 -32 -25 -66 -30 -75 -21 -41 -44 -112 -81 -248
-30 -112 -50 -185 -61 -221 -5 -18 -14 -60 -19 -95 -5 -35 -17 -107 -25 -159
-40 -244 -50 -710 -20 -930 3 -19 9 -71 14 -115 6 -44 15 -100 21 -125 24 -96
43 -167 56 -212 8 -26 14 -55 14 -65 0 -10 7 -27 15 -37 8 -11 15 -32 15 -46
0 -14 7 -35 15 -46 8 -10 15 -29 15 -41 0 -12 20 -61 44 -110 24 -48 52 -108
62 -133 10 -25 31 -64 46 -86 16 -23 28 -45 28 -49 0 -4 14 -24 30 -45 17 -21
30 -42 30 -48 0 -6 28 -47 63 -92 34 -45 77 -103 94 -128 73 -104 325 -340
472 -442 54 -37 282 -147 316 -153 17 -3 44 -9 60 -15 99 -34 143 -44 236 -54
220 -23 454 -10 634 35 150 38 185 49 248 82 16 8 37 15 47 15 9 0 23 7 30 15
7 8 20 15 30 15 10 0 23 7 30 15 7 8 16 15 21 15 5 0 28 14 51 30 22 17 47 30
53 30 7 0 18 7 26 16 7 8 36 31 65 50 55 37 337 320 376 377 13 19 50 74 82
123 32 49 74 112 92 139 19 28 34 53 34 57 0 4 14 27 30 51 17 25 30 50 30 56
0 10 41 105 76 174 8 16 14 36 14 45 0 9 7 26 15 36 8 11 15 32 15 46 0 14 4
30 9 35 4 6 16 42 26 80 50 202 72 485 57 727 -13 204 -32 320 -71 435 -12 34
-21 69 -21 77 0 8 -7 28 -15 45 -8 17 -22 45 -30 62 -8 17 -15 37 -15 46 0 8
-13 35 -30 60 -16 24 -30 47 -30 51 0 4 -29 52 -65 107 -107 163 -199 268
-326 372 -80 66 -228 162 -294 192 -27 13 -63 29 -78 37 -16 8 -35 14 -42 14
-8 0 -29 6 -47 14 -189 79 -557 89 -833 23 -165 -40 -255 -66 -315 -94 -30
-14 -73 -33 -95 -43 -120 -52 -203 -95 -315 -163 -68 -42 -126 -74 -129 -72
-6 7 20 115 36 147 7 15 13 38 13 51 0 14 7 38 15 53 8 16 15 38 15 49 0 11 7
29 15 39 8 11 15 31 15 45 0 14 7 35 15 45 8 11 15 29 15 39 0 22 96 267 111
282 5 5 9 16 9 25 0 17 144 306 164 330 7 8 16 23 19 32 5 15 131 208 189 291
24 33 110 140 175 217 63 75 394 400 407 400 7 0 23 12 37 26 37 40 324 226
414 268 44 21 93 44 108 52 16 8 37 14 47 14 9 0 23 6 29 14 6 8 24 16 39 19
79 17 152 36 164 43 12 8 89 23 223 44 33 6 71 14 85 19 14 5 72 13 130 16
138 9 142 12 138 111 l-3 79 -140 2 c-77 2 -147 -1 -155 -6z m-1315 -2721 c6
-4 30 -10 55 -14 47 -7 59 -11 175 -67 115 -56 221 -144 312 -260 74 -94 92
-125 207 -371 38 -82 86 -217 86 -245 0 -10 7 -27 15 -37 8 -11 15 -31 15 -44
0 -13 6 -33 12 -45 12 -22 27 -97 48 -247 6 -41 16 -88 22 -105 17 -42 17
-711 1 -741 -7 -12 -17 -46 -23 -75 -5 -30 -15 -84 -22 -121 -7 -37 -19 -73
-26 -80 -6 -6 -12 -19 -12 -27 0 -8 -14 -51 -32 -95 -44 -110 -153 -275 -246
-369 -72 -73 -224 -186 -268 -200 -10 -3 -44 -15 -74 -27 -139 -57 -378 -59
-536 -5 -52 18 -166 76 -210 109 -70 50 -254 255 -254 281 0 4 -12 24 -27 44
-38 50 -45 62 -104 181 -85 174 -129 289 -184 485 -9 33 -23 80 -31 104 -8 25
-14 58 -14 73 0 16 -4 37 -10 47 -5 10 -14 52 -20 92 -6 41 -13 88 -15 104 -6
39 -24 298 -24 350 0 157 40 660 58 725 5 19 12 76 16 126 6 78 10 92 28 104
164 105 397 231 522 284 95 40 198 68 280 76 79 8 265 1 280 -10z"/>
</g>
</svg>
