<?xml version="1.0" encoding="UTF-8" standalone="no"?>
<svg
   xmlns:dc="http://purl.org/dc/elements/1.1/"
   xmlns:cc="http://creativecommons.org/ns#"
   xmlns:rdf="http://www.w3.org/1999/02/22-rdf-syntax-ns#"
   xmlns:svg="http://www.w3.org/2000/svg"
   xmlns="http://www.w3.org/2000/svg"
   xmlns:sodipodi="http://sodipodi.sourceforge.net/DTD/sodipodi-0.dtd"
   xmlns:inkscape="http://www.inkscape.org/namespaces/inkscape"
   version="1.0"
   width="900.000000pt"
   height="435.000000pt"
   viewBox="0 0 900.000000 435.000000"
   preserveAspectRatio="xMidYMid meet"
   id="svg3035"
   inkscape:version="0.48.4 r9939"
   sodipodi:docname="3.svg">
  <defs
     id="defs3151" />
  <sodipodi:namedview
     pagecolor="#ffffff"
     bordercolor="#666666"
     borderopacity="1"
     objecttolerance="10"
     gridtolerance="10"
     guidetolerance="10"
     inkscape:pageopacity="0"
     inkscape:pageshadow="2"
     inkscape:window-width="1600"
     inkscape:window-height="824"
     id="namedview3149"
     showgrid="false"
     inkscape:zoom="0.816"
     inkscape:cx="400.90532"
     inkscape:cy="293.43872"
     inkscape:window-x="0"
     inkscape:window-y="24"
     inkscape:window-maximized="1"
     inkscape:current-layer="svg3035" />
  <metadata
     id="metadata3037">
Created by potrace 1.10, written by Peter Selinger 2001-2011
<rdf:RDF>
  <cc:Work
     rdf:about="">
    <dc:format>image/svg+xml</dc:format>
    <dc:type
       rdf:resource="http://purl.org/dc/dcmitype/StillImage" />
  </cc:Work>
</rdf:RDF>
</metadata>
  <rect
     style="fill:#b3b3b3;fill-opacity:1;fill-rule:nonzero;stroke:none"
     id="rect5996"
     width="373.52942"
     height="170.58824"
     x="50"
     y="132.67842" />
  <g
     transform="translate(0.000000,435.000000) scale(0.100000,-0.100000)"
     fill="#000000"
     stroke="none"
     id="g3039">
    <path
       d="M150 4262 c-30 -2 -59 -7 -65 -12 -6 -5 -9 -59 -7 -142 1 -73 2 -140 2 -148 0 -8 0 -143 1 -300 1 -157 1 -298 1 -315 0 -16 -3 -54 -7 -82 -5 -36 -4 -57 5 -68 6 -8 9 -19 5 -25 -10 -16 -12 -330 -3 -336 5 -3 6 -15 3 -27 -9 -33 -11 -588 -3 -593 4 -2 4 -37 2 -77 -5 -66 -7 -239 -5 -427 0 -41 0 -138 1 -215 0 -77 0 -156 1 -175 1 -67 1 -815 0 -847 -2 -43 -2 -117 -2 -145 1 -13 1 -76 0 -140 0 -65 2 -122 5 -127 4 -5 425 -9 1021 -9 894 0 1016 2 1024 15 7 13 9 13 14 -1 7 -18 47 -22 47 -5 0 8 4 8 13 1 8 -7 232 -11 697 -11 377 -1 694 -1 705 -1 320 -4 933 4 942 11 7 7 18 6 32 -3 15 -9 23 -10 32 -1 9 9 16 9 31 0 16 -10 22 -9 32 6 11 15 15 15 25 3 10 -12 98 -14 548 -14 294 -1 538 -3 541 -6 3 -3 11 -1 19 5 16 14 17 56 1 61 -7 2 -74 1 -148 -2 -146 -6 -171 0 -151 37 12 23 12 280 0 304 -5 9 -5 20 -1 24 4 3 7 97 7 208 l0 202 132 -2 c72 -1 136 -4 143 -5 16 -4 34 26 27 45 -5 12 -26 15 -134 12 -70 -1 -137 -4 -148 -6 -19 -4 -19 2 -18 191 2 155 5 194 15 191 7 -3 51 -6 98 -7 47 -2 85 -4 85 -5 0 -1 21 -3 47 -4 39 -2 49 1 54 17 8 26 -13 50 -35 38 -10 -5 -23 -5 -31 0 -8 5 -18 6 -22 4 -5 -3 -55 -6 -111 -7 l-102 -2 2 148 c1 81 -2 158 -6 170 -15 38 4 58 47 52 73 -10 252 -13 257 -4 7 10 65 0 83 -14 10 -8 9 -14 -3 -33 -12 -19 -14 -51 -10 -181 3 -87 5 -167 4 -178 -6 -125 -6 -291 0 -299 5 -6 6 -27 4 -47 -4 -32 -7 -35 -30 -31 -21 4 -24 1 -21 -19 2 -18 9 -23 26 -22 22 3 23 1 18 -65 -2 -37 -7 -75 -11 -85 -5 -12 -2 -22 10 -31 15 -11 15 -13 1 -25 -12 -10 -13 -17 -4 -31 8 -13 9 -22 1 -32 -6 -7 -7 -21 -2 -33 15 -39 11 -75 -10 -75 -21 0 -45 -23 -34 -33 3 -4 17 -7 29 -7 24 0 40 -15 26 -24 -13 -8 -14 -287 -1 -303 18 -21 4 -41 -24 -36 -28 6 -41 -9 -32 -36 5 -17 34 -18 635 -19 377 0 632 3 635 9 4 5 13 5 24 -1 24 -13 862 -12 878 1 7 7 13 6 18 -1 4 -6 48 -10 110 -10 97 0 104 1 110 21 4 12 2 26 -4 32 -13 13 -201 10 -218 -5 -8 -6 -15 -3 -22 10 -6 11 -7 22 -4 26 10 9 12 1506 3 1532 -11 29 6 55 33 49 12 -3 62 -7 111 -8 75 -2 90 1 100 16 19 29 -4 52 -50 49 -21 -2 -73 -4 -115 -5 l-76 -3 1 151 c1 82 -1 168 -4 190 l-5 40 100 -3 c55 -2 106 -9 113 -14 9 -8 18 -6 30 5 14 13 21 14 30 5 9 -9 16 -8 30 5 17 15 19 15 35 0 11 -11 20 -13 29 -6 17 13 192 4 217 -11 5 -4 12 -2 16 3 5 9 55 12 235 14 19 0 65 -3 103 -7 l67 -7 0 25 0 26 -297 1 c-164 1 -302 1 -307 0 -27 -5 -388 -1 -396 4 -8 5 -8 11 -1 19 7 8 10 74 8 175 l-2 163 147 -1 c81 0 150 4 153 9 3 4 0 21 -5 35 -10 26 -12 27 -28 11 -14 -11 -21 -13 -29 -5 -8 8 -48 11 -109 10 -78 -2 -100 -6 -111 -19 -7 -9 -13 -15 -14 -12 -1 3 -2 176 -4 385 -1 209 -5 387 -8 395 -11 25 7 44 30 32 21 -12 207 -11 219 0 4 4 13 3 21 -4 23 -18 48 13 34 41 -13 23 -26 27 -36 11 -5 -8 -11 -8 -20 0 -14 11 -206 7 -225 -5 -6 -4 -10 -3 -11 2 -5 46 -3 795 2 799 4 2 12 -3 19 -11 19 -23 208 -22 217 1 14 37 -8 46 -109 47 -58 0 -102 -4 -110 -11 -8 -6 -19 -7 -27 -3 -20 13 -808 13 -816 1 -5 -8 -11 -7 -21 1 -7 6 -21 9 -30 5 -8 -3 -24 -1 -35 4 -11 6 -25 8 -31 4 -6 -4 -32 -7 -57 -6 -131 4 -174 2 -185 -7 -10 -8 -17 -7 -26 4 -10 12 -16 13 -26 4 -8 -6 -21 -8 -31 -4 -10 5 -22 7 -28 5 -22 -6 -252 -2 -282 4 -17 4 -40 3 -51 -3 -11 -6 -48 -7 -94 -3 -47 5 -82 4 -92 -3 -12 -7 -19 -6 -25 3 -7 12 -12 12 -30 0 -18 -11 -23 -11 -30 1 -6 9 -16 11 -27 6 -11 -4 -70 -7 -132 -8 -87 0 -115 -3 -119 -14 -8 -20 17 -44 39 -37 17 5 19 1 14 -59 -2 -36 -7 -71 -11 -77 -4 -6 1 -20 10 -30 10 -11 12 -20 6 -24 -6 -4 -10 -19 -10 -34 0 -15 -1 -36 -2 -47 -1 -11 2 -40 6 -64 7 -40 6 -44 -10 -37 -10 3 -24 1 -31 -5 -11 -9 -18 -8 -28 1 -8 6 -23 10 -33 9 -10 -1 -26 1 -35 5 -9 4 -23 4 -30 0 -6 -4 -48 -8 -93 -9 -44 0 -86 -3 -94 -5 -12 -4 -14 27 -15 185 l0 190 149 0 c144 0 150 1 153 21 4 27 -23 51 -41 35 -10 -8 -17 -7 -25 1 -6 6 -19 8 -28 4 -14 -5 -617 -10 -774 -6 -112 3 -235 -2 -250 -10 -13 -7 -21 -5 -30 5 -9 11 -16 12 -26 5 -9 -8 -18 -8 -33 2 -18 11 -23 10 -35 -7 -12 -16 -16 -17 -30 -6 -20 17 -185 15 -214 -2 -6 -4 -15 0 -20 9 -7 12 -15 14 -33 8 -37 -12 -55 -12 -194 -4 -75 5 -134 4 -140 -1 -11 -11 -68 -11 -117 0 -21 5 -58 5 -88 -1 -34 -6 -56 -6 -64 1 -7 6 -18 6 -25 1 -8 -5 -22 -4 -32 3 -11 7 -22 7 -31 1 -10 -7 -144 -9 -278 -4 -15 1 -808 0 -842 0 -39 -1 -109 0 -125 2 -10 0 -47 -2 -83 -5 -40 -3 -70 -2 -78 5 -9 8 -17 6 -30 -5 -17 -15 -19 -15 -36 1 -16 16 -18 16 -27 -1 -8 -13 -14 -15 -23 -8 -7 6 -113 10 -282 9 -148 -1 -279 2 -291 6 -12 4 -24 2 -27 -3 -4 -5 -25 -8 -49 -6 -53 4 -250 8 -257 5 -17 -7 -87 -6 -97 2 -7 5 -17 6 -24 3 -6 -4 -89 -7 -183 -6 -94 2 -178 2 -186 2 -151 -3 -439 -3 -450 1 -8 2 -40 2 -70 0z m1998 -241 c0 -102 -2 -189 -5 -193 -2 -4 -13 -2 -23 4 -15 10 -22 10 -32 0 -8 -8 -15 -9 -25 -1 -8 8 -58 10 -143 7 l-130 -4 -1 61 c0 33 -2 112 -3 175 -1 63 0 120 2 127 2 8 40 10 130 8 75 -2 131 0 138 6 9 7 19 6 34 -3 18 -11 23 -11 32 6 20 36 26 -6 26 -193z m-908 184 l75 0 -3 -78 c-2 -50 1 -83 9 -93 8 -9 8 -18 1 -26 -5 -7 -8 -48 -7 -91 3 -72 2 -77 -18 -82 -25 -7 -91 0 -107 10 -6 4 -19 3 -28 -1 -9 -4 -27 -6 -39 -5 -11 1 -24 -3 -28 -9 -5 -8 -12 -7 -24 4 -15 14 -24 14 -72 2 -41 -11 -67 -12 -107 -5 -30 6 -116 8 -193 6 -96 -3 -141 -1 -148 7 -5 6 -9 43 -8 81 1 39 -2 76 -7 83 -4 7 -3 18 2 25 10 13 9 67 -2 109 -4 15 -3 35 3 46 10 20 19 20 193 16 212 -4 188 -4 305 -1 50 1 95 5 99 9 4 4 12 4 18 0 6 -4 45 -7 86 -7z m1266 1 c66 8 81 -8 65 -69 -11 -43 -9 -218 4 -273 8 -35 -7 -53 -28 -35 -15 11 -69 15 -137 8 -25 -3 -49 -1 -55 3 -10 8 -139 -10 -149 -21 -4 -3 1 -12 10 -20 19 -16 232 -19 317 -5 48 7 49 7 41 -16 -5 -13 -8 -95 -9 -183 l0 -160 -57 0 c-31 0 -59 -3 -63 -7 -4 -4 -15 -4 -24 0 -9 5 -34 7 -56 7 -22 -1 -65 -2 -96 -3 -43 -2 -58 -6 -63 -19 -4 -9 -2 -21 3 -26 6 -6 154 -11 390 -11 209 -1 382 -4 386 -8 4 -4 2 -22 -3 -40 -14 -44 -8 -204 9 -245 12 -29 11 -35 -4 -50 -15 -15 -38 -17 -184 -15 -93 1 -184 3 -203 3 -19 1 -111 -1 -205 -3 -93 -3 -181 -1 -194 4 -21 8 -23 12 -17 51 4 23 9 249 10 502 2 253 4 465 6 470 1 6 1 15 0 20 -1 6 -4 41 -7 78 l-4 68 115 -5 c70 -3 118 -1 122 5 4 7 10 6 18 0 7 -6 34 -8 62 -5z m742 0 c149 0 153 -1 158 -22 3 -12 1 -31 -5 -42 -6 -11 -11 -37 -11 -58 -1 -53 7 -214 11 -239 3 -14 -1 -19 -11 -16 -8 1 -77 5 -152 7 -106 4 -144 2 -164 -9 l-28 -14 25 -14 c23 -12 177 -16 284 -7 l40 3 -2 -179 c-1 -98 -4 -180 -6 -182 -6 -6 -41 -6 -152 0 -49 2 -109 0 -132 -5 -74 -16 -72 -21 -71 195 1 106 -1 197 -5 203 -4 6 -3 31 2 56 4 25 5 67 1 94 -4 26 -4 53 0 58 8 10 5 60 -6 121 -7 39 19 69 50 58 12 -5 90 -8 174 -8z m336 5 c7 -11 94 -12 101 -1 7 12 98 0 114 -16 11 -10 12 -25 4 -76 -9 -54 -8 -66 5 -81 12 -13 13 -20 5 -25 -8 -5 -11 -34 -9 -79 1 -40 -1 -78 -4 -84 -4 -6 -25 -12 -46 -13 -22 -1 -45 -5 -51 -9 -7 -4 -16 0 -22 10 -8 15 -13 16 -29 6 -14 -8 -22 -9 -30 -1 -8 8 -15 8 -24 0 -13 -10 -136 -8 -147 4 -9 9 -9 194 1 200 4 3 6 9 3 15 -6 9 -18 139 -13 139 2 1 28 3 58 6 30 3 57 8 59 10 7 7 20 4 25 -5z m505 -6 l132 4 -1 -82 c-1 -150 -3 -692 -2 -722 1 -16 1 -88 1 -158 0 -71 5 -143 11 -163 10 -30 9 -38 -4 -53 -15 -17 -33 -18 -189 -14 -95 2 -185 4 -202 4 -16 0 -106 -1 -198 -3 -117 -3 -176 -1 -192 8 -17 9 -29 9 -51 0 -18 -7 -90 -11 -192 -10 -191 1 -203 6 -184 71 13 45 17 190 7 249 -9 50 4 58 73 44 51 -9 274 -6 292 5 18 11 23 -24 9 -58 -24 -55 -6 -267 22 -267 14 0 23 70 23 190 l1 125 65 6 c36 3 70 3 75 0 15 -9 88 -9 100 -1 13 10 113 -4 126 -17 6 -6 6 -18 0 -36 -6 -14 -10 -69 -9 -121 1 -81 4 -98 20 -113 17 -15 21 -15 28 -3 7 11 14 115 12 190 0 3 -3 23 -6 45 -9 51 12 87 38 66 29 -24 259 -24 297 0 12 7 12 11 -2 24 -19 19 -200 29 -268 14 -34 -8 -46 -7 -53 3 -6 10 -12 462 -8 593 1 11 1 56 0 99 0 49 4 82 11 87 6 3 28 3 49 -2 21 -5 97 -7 169 -4z m361 0 c47 -2 91 2 98 7 8 7 17 7 27 -2 8 -7 23 -9 32 -5 10 3 20 6 23 6 7 -1 10 -351 3 -374 -4 -17 -6 -17 -22 -2 -16 14 -20 14 -31 0 -9 -10 -17 -12 -30 -5 -34 18 -191 13 -211 -7 -17 -17 0 -36 27 -30 14 2 27 0 30 -4 7 -12 78 -11 129 1 31 7 43 6 56 -6 14 -13 18 -13 29 1 11 13 15 14 21 3 6 -11 6 -353 0 -366 0 -1 -10 3 -22 10 -17 11 -22 10 -33 -4 -9 -12 -16 -14 -23 -7 -15 15 -110 21 -175 11 -100 -15 -98 -18 -98 171 0 151 2 165 20 182 25 23 25 39 0 56 -18 13 -20 27 -21 174 -1 88 -1 165 0 171 2 16 43 33 66 27 11 -3 58 -7 105 -8z m404 2 c67 1 138 2 158 4 21 2 40 1 42 -2 9 -9 8 -62 -3 -109 -5 -25 -6 -49 -3 -55 8 -13 10 -215 3 -220 -3 -1 -40 3 -81 10 -50 9 -79 10 -87 3 -7 -5 -21 -7 -33 -3 -34 11 -150 -5 -150 -21 0 -7 4 -16 10 -19 18 -11 228 -15 281 -5 29 6 54 9 55 7 7 -6 12 -345 5 -355 -4 -6 -48 -9 -116 -7 -60 2 -138 1 -173 -2 -57 -5 -63 -8 -60 -27 4 -28 55 -35 225 -30 120 3 134 1 142 -15 7 -12 6 -24 -4 -37 -21 -31 -23 -114 -2 -128 11 -9 13 -16 6 -23 -12 -12 -15 -126 -6 -187 4 -23 2 -45 -4 -53 -6 -7 -9 -21 -6 -32 2 -10 1 -25 -4 -32 -5 -8 -2 -21 9 -32 13 -15 14 -20 3 -26 -10 -7 -12 -34 -10 -112 l4 -104 -170 0 c-93 0 -178 -4 -189 -9 -18 -9 -19 -5 -14 74 3 45 1 101 -3 124 -4 23 -3 46 2 52 5 6 6 33 3 60 -3 27 -4 74 -3 104 2 54 0 277 -2 355 -1 22 -1 117 1 210 2 199 3 252 2 482 l0 173 26 -7 c14 -3 80 -6 146 -6z m2111 -5 c72 1 135 5 142 10 16 13 36 -27 29 -58 -4 -14 -6 -182 -6 -374 0 -314 -5 -383 -24 -352 -3 5 -64 8 -137 8 -112 -1 -133 -4 -142 -18 -8 -12 -7 -20 1 -31 9 -11 40 -14 139 -13 71 1 133 5 139 9 19 11 37 -20 29 -50 -6 -24 -8 -1088 -2 -1138 1 -15 -3 -19 -18 -18 -15 2 -597 2 -755 0 -14 0 -121 1 -239 2 -214 3 -251 -3 -223 -31 9 -9 8 -15 -2 -27 -15 -17 -25 -188 -12 -209 4 -6 4 -22 0 -35 -3 -14 -1 -28 5 -32 6 -3 8 -12 4 -18 -4 -6 -6 -24 -5 -40 2 -23 -1 -27 -15 -23 -10 3 -25 1 -33 -4 -10 -6 -20 -4 -32 6 -9 9 -22 13 -29 8 -7 -4 -69 -8 -139 -8 l-125 -1 0 175 c0 96 -2 182 -5 190 -4 11 2 15 25 13 101 -7 217 -7 222 0 2 4 11 3 20 -2 9 -5 28 -4 47 2 17 5 37 12 44 13 7 2 11 8 7 14 -7 12 -1154 13 -1173 1 -10 -6 -10 -10 2 -20 17 -14 221 -18 313 -6 31 4 59 3 70 -4 15 -9 16 -10 2 -11 -9 0 -21 -6 -27 -13 -11 -13 -15 -136 -8 -279 l3 -77 -136 5 c-75 2 -158 0 -186 -5 -27 -5 -52 -8 -54 -5 -2 2 -3 36 -1 76 4 100 3 220 -3 301 -3 37 -2 69 2 71 4 3 6 80 4 173 l-3 168 187 0 188 -1 -2 -39 c-4 -102 -3 -228 3 -236 3 -6 0 -16 -6 -24 -24 -29 29 -62 56 -35 6 6 9 71 7 165 -1 96 2 157 8 161 14 8 342 5 352 -5 4 -4 4 -34 0 -67 -5 -32 -6 -94 -3 -137 4 -59 2 -81 -9 -92 -12 -12 -11 -16 12 -26 21 -9 30 -9 42 1 8 7 12 16 10 21 -3 4 -7 77 -8 161 l-2 153 25 -1 c14 -1 81 -2 150 -3 221 0 202 2 200 -27 0 -11 -2 -71 -4 -134 -2 -63 -6 -125 -10 -137 -5 -16 -2 -25 14 -33 42 -22 47 -3 45 170 l-1 160 93 1 c257 2 261 2 273 -22 7 -11 8 -28 4 -37 -5 -9 -8 -74 -9 -145 0 -115 2 -128 19 -133 37 -12 42 13 36 171 -4 83 -4 153 -1 157 7 8 349 13 357 5 3 -3 5 -78 5 -166 -1 -133 1 -162 13 -167 19 -7 58 14 51 27 -4 5 -8 77 -9 159 -2 138 -1 150 15 150 10 0 21 5 24 10 10 16 -4 48 -25 55 -18 6 -19 14 -13 104 4 68 2 100 -5 105 -9 5 -8 12 0 26 10 15 10 22 1 31 -9 9 -9 16 0 30 9 14 8 22 -4 36 -10 12 -14 27 -9 43 6 25 6 25 12 3 7 -24 32 -31 44 -11 4 6 -2 19 -15 29 -17 14 -22 28 -22 61 1 61 -3 91 -13 106 -5 8 -2 20 8 31 9 10 13 20 10 24 -3 3 -8 23 -10 44 -2 21 -6 58 -10 83 -6 40 -5 43 10 31 13 -11 19 -11 31 -1 21 18 19 35 -8 53 -23 15 -24 17 -20 177 3 151 4 163 24 179 18 15 20 21 10 39 -16 30 -39 27 -44 -5 -3 -16 -3 -5 -1 22 11 119 10 160 0 167 -8 5 -6 12 5 23 15 16 13 67 -6 153 -5 19 -2 23 12 18 10 -3 25 -1 33 4 8 5 19 5 25 0 5 -4 69 -8 140 -8z m999 -1007 l1 -1015 -402 0 c-362 0 -446 5 -398 24 10 3 15 17 14 38 -1 18 -1 76 1 128 1 52 -3 107 -9 122 -20 52 -15 53 176 50 98 -2 182 -7 188 -12 9 -7 11 -228 2 -294 -3 -26 28 -44 50 -30 14 9 18 27 18 95 1 46 -3 115 -7 153 -5 44 -5 73 2 80 6 6 74 9 174 7 172 -3 186 1 166 40 -11 20 -17 21 -171 18 -181 -4 -184 -3 -172 66 9 54 5 137 -7 149 -6 6 -4 16 6 27 9 10 13 23 9 29 -15 24 -12 91 4 100 13 7 13 11 2 24 -9 10 -12 32 -9 60 3 24 2 64 -2 90 -4 26 -3 49 1 51 10 7 -1 114 -13 139 -8 14 -5 23 10 38 17 17 25 19 53 10 19 -5 90 -9 158 -8 105 1 125 4 135 18 20 32 -7 42 -122 44 -59 1 -127 -3 -151 -8 -68 -14 -69 -12 -67 190 l1 177 35 -3 c74 -7 246 -10 273 -5 22 4 27 10 25 26 -3 21 -7 22 -138 21 -74 -1 -148 -3 -165 -5 l-30 -4 -1 87 c-1 49 -4 94 -7 102 -3 8 -3 17 1 21 4 4 7 44 7 88 l0 82 167 0 c91 0 170 3 174 8 4 4 10 5 13 2 2 -3 5 -462 5 -1020z m-7473 983 c4 -15 4 -29 1 -32 -10 -11 -12 -105 -2 -111 6 -4 7 -13 1 -23 -7 -15 -7 -85 1 -162 3 -23 0 -25 -32 -21 -19 2 -103 4 -187 5 l-152 1 6 105 c2 58 5 110 5 115 1 6 -2 38 -6 72 -6 50 -5 63 7 70 9 4 91 8 183 8 l168 0 7 -27z m1240 23 c13 -2 20 -53 9 -66 -6 -8 -9 -66 -6 -159 l3 -148 -31 6 c-32 5 -218 8 -291 3 l-40 -2 -2 145 c-1 80 -4 153 -7 164 -3 10 -1 28 4 40 8 22 11 22 182 20 95 -1 176 -2 179 -3z m1240 0 c12 -2 20 -53 11 -64 -5 -7 -8 -78 -7 -158 l3 -145 -172 2 c-94 1 -175 3 -180 3 -5 1 -6 23 -4 50 3 28 1 55 -3 62 -4 7 -4 20 1 29 5 9 5 22 0 30 -5 8 -5 19 0 25 9 11 6 75 -5 118 -13 51 -1 54 182 52 93 -1 171 -3 174 -4z m2499 -11 c6 -8 7 -26 4 -40 -11 -44 -13 -110 -3 -116 5 -3 6 -11 2 -17 -4 -6 -6 -49 -5 -94 l2 -83 -38 -1 c-202 -6 -304 -4 -312 6 -5 6 -8 69 -6 140 2 72 -1 141 -6 154 -6 16 -4 30 6 45 13 21 20 22 180 22 137 -1 168 -4 176 -16z m836 -5 c18 -25 18 -28 -6 -50 -14 -12 -17 -22 -10 -34 5 -10 5 -23 0 -31 -5 -8 -5 -21 1 -31 5 -10 7 -43 4 -73 -2 -31 0 -67 5 -81 14 -36 -8 -52 -67 -50 -27 1 -55 5 -62 9 -19 12 -44 -18 -36 -43 7 -22 29 -28 40 -11 4 6 13 7 23 1 10 -5 30 -7 45 -4 51 10 54 -2 54 -182 -1 -141 -3 -165 -16 -169 -9 -2 -90 -3 -181 -2 l-165 1 0 168 c0 93 3 174 6 179 9 14 109 14 135 0 36 -19 56 17 33 59 -7 14 -14 17 -22 10 -7 -5 -40 -13 -73 -16 -47 -6 -63 -4 -70 6 -8 13 -14 346 -7 361 2 4 83 6 179 5 161 -2 177 -4 190 -22z m402 -165 l2 -185 -182 2 -183 2 3 103 c2 57 4 119 4 138 1 19 -2 45 -6 58 -4 13 -5 34 -2 46 5 22 7 22 183 21 l178 0 3 -185z m839 173 c2 -6 0 -41 -5 -77 -7 -52 -6 -69 5 -78 9 -7 10 -15 4 -22 -6 -7 -11 -50 -13 -96 l-3 -85 -45 1 c-25 1 -70 2 -100 3 -30 0 -86 0 -125 -1 -59 -3 -70 -6 -73 -22 -2 -10 2 -22 9 -27 8 -4 85 -6 171 -4 87 2 160 0 162 -4 3 -4 6 -81 7 -170 3 -151 1 -165 -16 -177 -11 -8 -26 -11 -35 -8 -18 9 -234 13 -273 6 -35 -6 -46 -30 -22 -48 13 -10 57 -12 179 -9 96 2 166 -1 173 -7 8 -6 9 -17 3 -32 -13 -36 -15 -125 -2 -138 7 -7 8 -17 2 -27 -4 -9 -7 -52 -6 -95 3 -84 -7 -101 -45 -78 -29 19 -283 16 -299 -3 -27 -32 -2 -37 170 -33 93 1 171 0 175 -4 4 -3 2 -15 -3 -25 -6 -11 -7 -25 -2 -33 5 -8 5 -21 0 -31 -7 -12 -5 -21 5 -29 12 -10 13 -16 4 -27 -8 -9 -10 -41 -6 -101 4 -48 2 -94 -3 -102 -7 -11 -38 -14 -175 -11 -152 2 -168 1 -180 -16 -12 -15 -14 6 -10 147 2 91 5 170 6 175 2 6 -1 19 -7 30 -5 11 -8 34 -7 50 14 163 15 325 2 341 -6 7 -5 60 2 140 6 73 8 173 4 229 -8 115 -8 137 0 260 7 121 6 165 -6 188 -6 10 -8 29 -5 40 5 22 9 22 192 22 133 0 188 -3 191 -12z m-5428 -399 c17 15 19 15 25 1 7 -19 6 -342 -1 -361 -4 -10 -10 -11 -25 -3 -13 7 -23 7 -32 0 -7 -6 -15 -8 -19 -5 -9 10 -231 12 -249 3 -9 -5 -19 -5 -22 -1 -3 5 -6 89 -6 188 -1 168 0 179 17 176 10 -2 66 -5 125 -7 79 -2 111 0 125 10 15 12 20 12 30 -2 12 -15 14 -15 32 1z m-1636 -11 c3 -10 5 -93 5 -185 0 -183 0 -182 -61 -168 -20 4 -89 6 -154 4 -65 -1 -125 -1 -135 2 -14 4 -16 23 -13 169 2 91 6 169 9 174 3 5 65 8 137 6 72 -2 140 0 152 5 35 14 55 11 60 -7z m284 3 c83 0 134 -4 136 -11 1 -5 0 -50 -3 -100 -3 -49 -2 -121 2 -160 4 -38 5 -72 2 -75 -7 -6 -323 -11 -346 -4 -14 4 -16 25 -17 171 0 108 4 172 11 180 8 9 21 11 47 6 20 -4 96 -7 168 -7z m255 -3 c23 -3 43 -1 52 6 9 7 17 8 20 2 4 -5 48 -7 108 -4 61 2 103 1 107 -5 3 -6 6 -86 6 -179 l0 -168 -77 0 c-42 0 -79 -3 -83 -7 -4 -4 -13 -4 -19 0 -6 4 -51 7 -101 7 -84 0 -90 1 -87 20 7 53 2 294 -8 319 -10 28 -10 28 17 22 16 -4 45 -9 65 -13z m571 3 l137 0 0 -45 c0 -26 2 -101 4 -168 3 -85 1 -125 -7 -131 -7 -5 -79 -10 -162 -10 -82 0 -159 -2 -170 -4 -19 -3 -20 3 -23 172 -1 96 0 181 3 188 4 11 14 12 43 6 20 -4 99 -8 175 -8z m1347 4 l39 0 -1 -175 c0 -96 -3 -176 -7 -176 -3 -1 -81 -3 -174 -4 -116 -2 -169 1 -174 9 -8 11 -4 325 3 338 2 3 52 4 109 2 62 -3 112 -1 123 5 9 6 23 8 30 6 8 -3 31 -5 52 -5z m675 -10 c4 7 18 9 35 5 15 -3 31 -2 34 3 8 13 87 3 103 -12 7 -7 13 -68 16 -169 5 -140 3 -158 -11 -166 -9 -5 -91 -8 -182 -7 l-165 1 -2 168 -1 168 25 10 c14 5 41 8 59 7 18 -1 36 1 40 5 4 4 15 0 25 -9 12 -11 19 -12 24 -4z m1725 5 l125 0 1 -172 c2 -152 0 -173 -15 -177 -9 -2 -88 -4 -176 -3 l-160 2 -2 155 c-3 187 -1 204 32 198 13 -3 29 -1 36 3 7 4 18 5 24 1 5 -4 66 -7 135 -7z m350 0 c63 -1 120 1 125 4 6 3 24 6 40 7 l30 1 -2 -161 c-1 -89 -2 -169 -2 -179 -1 -20 -47 -41 -64 -30 -7 5 -76 8 -155 8 l-143 0 -2 183 -2 182 30 -6 c17 -4 82 -8 145 -9z m830 2 c69 3 139 6 155 6 l30 2 3 -174 c2 -172 -4 -211 -32 -194 -6 4 -81 7 -166 8 l-155 0 -3 170 c-1 94 0 176 3 183 3 9 10 10 22 3 10 -5 74 -7 143 -4z m-620 -432 c0 -12 -5 -26 -12 -33 -6 -6 -10 -33 -8 -64 1 -29 3 -71 5 -93 1 -22 -2 -47 -5 -55 -4 -8 -2 -35 4 -60 14 -54 14 -88 -1 -115 -8 -13 -8 -25 -1 -38 6 -12 6 -23 -1 -31 -8 -10 -7 -17 4 -26 14 -12 14 -15 0 -30 -8 -9 -13 -19 -10 -22 4 -3 8 -52 10 -108 4 -91 3 -101 -11 -89 -12 10 -18 9 -31 -4 -15 -14 -17 -14 -33 5 -10 13 -22 18 -29 14 -7 -4 -69 -8 -139 -9 l-127 0 3 162 c2 110 -1 167 -8 177 -7 7 -8 19 -4 26 13 20 16 342 4 374 -15 39 1 54 48 44 45 -9 248 -8 258 2 4 4 17 5 29 2 13 -3 26 0 30 6 10 16 25 -6 25 -35z m-5415 21 c13 -9 16 -19 10 -32 -12 -29 -16 -232 -5 -239 18 -11 11 -70 -10 -88 -23 -19 -25 -35 -7 -58 8 -11 12 -66 11 -182 -1 -178 -7 -205 -48 -192 -12 4 -86 10 -166 14 l-145 6 3 99 c1 58 -2 104 -8 112 -8 8 -8 14 -1 19 6 3 10 32 8 63 l-2 57 140 5 c163 6 189 15 124 41 -51 21 -188 25 -221 8 -30 -16 -48 10 -41 60 3 24 1 41 -6 46 -9 5 -9 10 0 22 10 11 10 19 2 33 -8 12 -8 21 -1 28 11 11 7 106 -6 133 -4 10 -1 22 8 31 12 12 41 15 147 13 73 -1 144 1 158 5 36 11 35 11 56 -4z m719 1 c120 5 135 -3 117 -59 -15 -49 -12 -205 5 -219 8 -6 14 -18 14 -25 0 -8 4 -14 9 -14 15 0 22 64 21 178 -1 59 -1 114 -1 122 1 13 30 15 192 17 l191 2 -7 -27 c-4 -15 -10 -73 -12 -130 -4 -86 -1 -108 13 -129 16 -26 17 -26 31 -7 12 15 14 48 11 154 l-3 135 130 0 c72 0 136 4 142 8 7 4 21 4 30 -2 11 -6 24 -6 35 0 13 7 20 6 23 -3 3 -7 4 -92 2 -188 l-2 -174 -170 -1 c-136 0 -174 2 -188 14 -16 13 -22 13 -50 0 -40 -20 -346 -20 -370 -1 -11 9 -22 9 -48 -2 -26 -10 -75 -12 -199 -9 -206 5 -192 5 -394 1 -143 -2 -173 -1 -189 13 -18 14 -19 19 -7 54 14 42 17 188 5 247 -6 30 -4 37 12 42 10 3 132 4 271 3 140 -1 256 2 259 6 3 5 10 4 15 -1 6 -6 51 -8 112 -5z m3241 -2 c51 -2 95 1 103 7 8 7 17 6 28 -3 12 -10 20 -10 34 -1 11 6 21 8 23 4 4 -6 2 -356 -2 -374 0 -4 -13 -6 -28 -5 -22 2 -28 -2 -28 -18 0 -16 7 -20 30 -20 l30 0 1 -178 c0 -109 -3 -180 -10 -184 -5 -4 -64 -5 -131 -4 -125 2 -175 -8 -175 -33 0 -20 54 -27 193 -25 l122 2 0 -181 0 -182 -154 -2 c-108 -2 -156 -7 -158 -15 -6 -18 54 -30 137 -27 41 2 82 4 90 5 8 1 31 1 50 1 l36 -2 -1 -187 0 -188 -130 -1 c-183 -1 -185 -1 -185 -23 0 -14 10 -21 38 -26 43 -8 249 -8 262 0 5 3 12 -4 15 -17 4 -19 1 -354 -4 -367 0 -2 -7 1 -13 6 -20 15 -274 11 -290 -5 -18 -18 7 -33 52 -31 19 1 49 -1 66 -5 17 -4 50 -2 74 3 31 7 48 7 57 -1 9 -7 17 -7 28 2 9 7 19 10 23 6 4 -4 8 -60 8 -124 1 -65 3 -146 4 -181 2 -69 -9 -92 -35 -71 -11 9 -18 10 -29 1 -11 -9 -16 -9 -22 0 -7 12 -180 8 -214 -5 -8 -3 -26 3 -39 13 -23 18 -24 22 -22 148 2 135 -2 163 -25 163 -27 0 -35 -40 -33 -179 1 -76 -2 -144 -5 -149 -4 -7 -19 -6 -44 5 -29 12 -61 14 -152 10 -63 -3 -124 -7 -134 -9 -15 -2 -21 5 -27 31 -4 19 -4 44 0 55 4 12 6 65 3 119 -3 76 -8 100 -20 104 -32 13 -42 -29 -44 -187 0 -8 3 -31 6 -50 4 -19 3 -41 -2 -47 -10 -16 -104 -34 -117 -23 -9 7 -73 15 -85 10 -3 -1 -32 -4 -66 -6 -70 -4 -97 9 -95 47 11 193 6 259 -18 259 -6 0 -15 -8 -20 -18 -11 -21 -15 -189 -6 -253 l7 -46 -33 2 c-19 1 -41 5 -50 9 -14 6 -199 2 -259 -6 l-25 -3 -2 142 c-1 85 -6 151 -13 164 -11 20 -13 20 -28 5 -14 -14 -17 -39 -15 -161 l1 -143 -171 2 -172 3 -13 26 c-8 16 -9 33 -3 49 13 33 2 200 -14 217 -7 7 -17 11 -23 7 -13 -8 -25 -195 -15 -225 5 -13 7 -37 5 -53 l-5 -31 -58 7 c-36 3 -61 2 -64 -5 -5 -6 -11 -7 -18 0 -18 14 -192 7 -212 -9 -26 -22 -3 -31 88 -35 48 -2 91 -6 96 -9 5 -3 15 1 22 10 12 14 14 14 26 -2 10 -14 17 -15 35 -7 13 6 38 11 55 12 l32 1 -3 -146 c-2 -81 0 -179 4 -218 5 -39 5 -75 1 -81 -14 -18 -7 -283 7 -297 11 -11 16 -9 28 6 10 14 14 51 15 130 0 61 0 120 1 131 1 11 -1 27 -3 35 -3 13 22 15 178 17 l182 2 -1 -42 c-2 -151 -1 -228 5 -287 l2 -25 -205 -3 c-113 -1 -283 -2 -379 -2 -144 0 -177 -2 -191 -15 -16 -15 -18 -14 -24 10 -4 14 -2 34 3 43 10 19 7 469 -3 479 -2 3 0 14 7 24 9 14 9 21 -1 31 -9 9 -8 16 5 30 11 12 13 21 5 30 -6 8 -10 96 -9 238 0 124 -3 240 -7 258 -14 59 -5 62 192 61 114 0 181 -4 189 -11 10 -8 23 -8 51 1 26 9 86 11 197 7 88 -3 172 -5 188 -5 15 1 108 1 207 1 99 0 192 0 208 -1 15 0 99 2 187 5 107 3 174 1 202 -7 30 -8 47 -8 55 -1 8 6 80 10 173 11 133 1 166 -2 192 -16 23 -12 36 -14 43 -7 8 8 11 276 10 880 -2 709 -1 1164 0 1205 0 11 45 28 60 22 8 -3 56 -7 105 -8z m1790 0 c50 -1 96 3 102 8 7 5 21 6 30 2 26 -11 240 -15 291 -5 39 7 44 6 50 -14 9 -26 0 -362 -10 -371 -3 -4 -16 -2 -27 4 -13 7 -71 11 -158 9 -130 -3 -138 -4 -138 -23 0 -19 6 -20 145 -19 80 0 154 2 165 5 18 4 20 -2 25 -71 3 -41 3 -127 0 -190 l-5 -115 -30 1 c-61 3 -281 4 -300 2 -19 -3 -20 3 -22 95 0 54 -4 105 -7 114 -4 8 -1 22 5 29 6 8 8 21 4 31 -5 10 -7 26 -6 36 2 10 -5 27 -15 38 -9 10 -13 19 -7 19 13 0 30 116 25 169 -4 39 -6 42 -31 39 -26 -3 -26 -3 -24 -83 l1 -81 -89 3 c-50 1 -94 5 -98 7 -4 3 -30 2 -57 -2 -27 -4 -65 -5 -84 -2 l-35 5 0 145 c0 80 -4 155 -8 168 -14 38 7 52 77 52 35 0 67 -5 74 -12 10 -9 16 -9 29 4 9 10 21 14 27 10 6 -3 52 -7 101 -7z m-760 -34 c-12 -63 -14 -135 -4 -148 6 -7 8 -17 4 -23 -4 -6 -7 -47 -7 -91 1 -71 -1 -79 -16 -75 -25 7 -197 9 -269 3 -72 -6 -71 -7 -72 91 0 35 -5 69 -11 77 -8 9 -7 14 5 19 19 7 19 66 1 118 -22 61 -13 64 195 65 l181 0 -7 -36z m2 -384 c3 -3 1 -12 -3 -19 -12 -18 -13 -90 -1 -105 6 -9 6 -17 0 -25 -11 -14 -10 -77 1 -143 3 -22 3 -45 -2 -52 -5 -9 -58 -13 -181 -13 -184 -2 -196 1 -185 45 2 11 6 50 8 88 2 49 -1 70 -11 79 -12 10 -12 13 1 20 11 6 14 23 11 66 -2 31 1 59 5 62 11 7 350 3 357 -3z m600 -2 c17 -3 34 -1 38 5 3 6 12 7 18 3 6 -4 49 -6 94 -4 46 1 83 0 83 -3 0 -4 -6 -15 -12 -27 -11 -17 -10 -22 5 -33 15 -12 16 -14 2 -20 -20 -7 -19 -33 3 -45 15 -8 15 -10 1 -16 -18 -7 -23 -89 -8 -146 14 -56 5 -67 -59 -71 -31 -2 -65 -1 -74 4 -12 6 -21 2 -31 -13 l-15 -21 -7 22 c-5 16 -12 20 -29 16 -58 -15 -138 -19 -145 -7 -6 9 -7 358 -2 367 2 3 107 -5 138 -11z m-5171 -13 c11 -6 25 -7 34 -2 9 5 96 10 193 11 159 2 179 0 197 -16 20 -18 21 -18 34 0 13 17 28 19 192 17 102 -1 182 -6 187 -11 7 -7 6 -23 -1 -48 -7 -23 -11 -89 -9 -167 l2 -128 -178 -1 c-97 0 -180 3 -184 6 -3 4 -7 73 -7 154 -1 145 -5 163 -35 144 -11 -7 -15 -37 -17 -117 -1 -60 1 -115 6 -123 4 -8 4 -26 -1 -41 l-10 -26 -122 2 c-67 2 -151 3 -186 3 l-64 1 8 53 c10 62 7 229 -4 240 -4 4 -16 5 -26 1 -16 -6 -17 -19 -13 -146 3 -86 1 -141 -6 -145 -5 -4 -63 -5 -128 -4 -71 2 -133 -2 -154 -9 -31 -10 -39 -10 -52 4 -14 14 -16 40 -13 184 2 92 7 169 11 172 15 9 328 2 346 -8z m1242 -163 c1 -95 0 -179 -3 -186 -4 -11 -9 -11 -24 -1 -15 9 -23 9 -34 -1 -10 -8 -17 -9 -22 -1 -8 14 -220 13 -247 -1 -14 -7 -23 -8 -27 -1 -7 12 -6 346 2 358 3 5 83 8 179 7 l173 -1 3 -173z m427 161 c10 -8 19 -8 33 -1 23 12 360 17 372 5 4 -5 5 -58 1 -119 -4 -60 -4 -129 0 -152 11 -54 4 -70 -29 -75 -40 -7 -320 -1 -333 7 -7 5 -9 21 -3 49 12 67 5 229 -12 246 -9 9 -17 11 -23 5 -15 -15 -21 -194 -9 -249 12 -59 6 -65 -63 -58 -29 3 -54 0 -63 -7 -8 -7 -17 -8 -20 -3 -10 16 -168 13 -200 -3 -15 -8 -30 -15 -32 -15 -1 0 -2 69 -2 153 1 83 -2 167 -6 185 -6 27 -4 33 13 40 33 12 360 6 376 -8z m825 0 c16 -8 25 -8 35 0 21 17 360 17 380 0 13 -10 21 -11 34 -3 20 12 339 21 357 10 15 -9 15 -331 0 -352 -9 -12 -18 -13 -47 -5 -20 6 -95 9 -167 7 -87 -2 -132 1 -133 8 -1 5 0 71 1 145 1 110 -1 138 -13 148 -12 10 -18 10 -31 -3 -13 -14 -15 -38 -12 -151 l3 -136 -26 -9 c-15 -6 -56 -7 -101 -3 -41 4 -79 6 -85 5 -29 -9 -118 -10 -135 -1 -17 9 -18 21 -15 142 4 146 -3 175 -37 157 -20 -11 -21 -16 -16 -163 l5 -153 -56 9 c-31 5 -113 7 -183 4 -145 -6 -143 -7 -130 79 4 28 5 97 1 155 -5 79 -4 108 5 115 18 14 339 10 366 -5z m-2800 -390 c19 -10 353 -14 584 -7 129 4 155 -5 141 -47 -4 -12 -8 -71 -9 -133 0 -61 -4 -115 -8 -119 -14 -14 -8 -24 18 -34 46 -18 49 -6 44 167 -3 87 -2 161 3 164 4 3 25 5 45 3 20 -1 100 -2 177 -3 l141 -1 1 -126 c1 -94 4 -129 14 -135 26 -16 34 13 36 134 0 67 1 124 2 127 1 3 81 5 179 4 l177 -1 6 -134 c6 -143 1 -166 -33 -148 -23 13 -95 6 -111 -10 -11 -11 -16 -206 -6 -223 4 -5 15 -8 25 -6 14 2 20 14 24 48 7 61 36 63 65 4 11 -23 26 -48 33 -56 8 -11 11 -32 6 -69 -3 -30 -7 -175 -8 -323 l-1 -269 -173 0 c-95 0 -176 4 -180 7 -3 4 -6 83 -7 176 0 160 2 175 27 171 11 -1 236 0 278 2 25 2 36 7 38 21 5 23 -16 38 -38 26 -9 -5 -22 -5 -31 0 -7 5 -73 7 -145 4 l-131 -4 3 87 c1 48 -2 95 -7 106 -10 17 -12 17 -29 2 -13 -12 -17 -28 -15 -63 1 -26 4 -49 5 -52 1 -3 1 -14 1 -26 -1 -11 5 -26 13 -33 8 -7 12 -19 9 -27 -4 -11 -9 -11 -26 -2 -25 13 -241 19 -310 8 -26 -4 -50 -3 -53 2 -3 4 -5 87 -4 182 0 96 -3 177 -8 180 -5 3 -17 3 -28 0 -17 -5 -19 -15 -19 -109 0 -57 3 -107 7 -111 4 -4 3 -14 -4 -21 -8 -11 -9 -19 -1 -31 17 -28 4 -79 -21 -86 -36 -10 -91 -7 -104 6 -10 10 -17 10 -32 0 -10 -6 -26 -9 -35 -6 -8 4 -22 1 -29 -5 -8 -7 -17 -8 -20 -3 -6 10 -437 9 -476 -2 -48 -12 -51 -3 -51 192 -1 99 2 186 6 192 5 7 22 9 49 4 22 -3 97 -6 166 -4 151 3 159 3 335 2 77 -1 176 -1 220 0 44 0 110 0 146 -2 70 -3 124 14 98 31 -8 5 -237 9 -513 8 -274 0 -500 2 -503 5 -3 2 -6 83 -6 178 -2 143 1 175 13 185 19 15 17 15 40 3z m-124 -12 c11 -15 10 -345 0 -356 -10 -9 -347 -2 -366 8 -13 8 -13 9 1 15 14 5 17 25 17 132 0 69 -4 139 -9 156 -5 17 -6 33 -3 36 3 3 67 8 142 12 75 3 153 6 173 7 20 1 41 -4 45 -10z m2095 2 c3 0 4 -42 2 -92 -4 -97 5 -134 28 -111 18 18 24 129 9 148 -10 12 -10 18 1 33 7 9 14 19 15 20 2 2 78 3 171 2 191 -1 203 -5 184 -61 -7 -23 -8 -66 -2 -129 5 -60 4 -100 -2 -108 -7 -8 -5 -18 7 -30 25 -28 20 -32 -36 -33 -69 -2 -117 -12 -101 -22 7 -4 42 -10 78 -14 54 -5 65 -9 61 -22 -9 -31 -11 -206 -2 -219 5 -8 4 -18 -2 -24 -7 -7 -8 -18 -3 -27 5 -9 6 -30 4 -48 -6 -40 -12 -41 -206 -39 l-149 1 -13 37 c-10 31 -10 40 1 49 10 8 11 15 4 24 -6 7 -8 24 -5 38 5 19 2 28 -14 36 -29 16 -33 3 -30 -97 l2 -87 -36 -3 c-20 -2 -45 2 -56 7 -14 8 -22 7 -31 -4 -8 -10 -17 -12 -24 -6 -15 13 -205 6 -219 -8 -14 -14 6 -35 36 -38 80 -5 165 -5 180 2 9 4 23 2 31 -4 7 -6 15 -9 18 -6 2 3 22 7 43 10 28 3 44 0 58 -12 15 -14 21 -15 39 -4 22 14 317 19 357 6 18 -6 21 -12 16 -36 -13 -57 -12 -204 1 -242 12 -33 11 -40 -4 -55 -15 -15 -38 -17 -183 -16 -136 1 -171 4 -190 18 -20 14 -25 14 -40 0 -13 -12 -51 -15 -188 -17 -150 -2 -174 0 -187 14 -12 14 -13 25 -5 56 10 41 7 497 -5 526 -3 10 -3 38 1 63 5 36 2 52 -14 80 -21 35 -21 35 -1 62 15 21 18 34 11 62 -5 22 -2 68 7 125 10 61 12 101 6 125 -5 19 -8 44 -6 55 3 19 10 20 190 18 103 -1 190 -3 193 -3z m849 -2 c14 0 95 2 180 5 85 2 164 2 175 0 24 -5 46 -46 34 -65 -5 -7 -8 -70 -7 -140 2 -111 4 -127 20 -131 40 -11 44 10 38 168 -4 83 -5 155 -3 160 2 6 70 10 176 10 103 0 175 -4 179 -10 12 -15 10 -343 -2 -350 -11 -7 -1191 -7 -1198 0 -3 3 3 14 12 24 10 11 15 24 12 30 -8 13 -12 283 -4 296 4 6 72 9 185 6 98 -2 189 -3 203 -3z m-1306 -324 c33 -13 5 -54 -37 -54 -20 0 -30 29 -16 46 12 15 28 17 53 8z m-1638 -86 c3 -11 7 -93 8 -181 1 -190 -3 -203 -68 -192 -22 3 -95 9 -161 12 -66 2 -122 7 -125 10 -3 2 -4 79 -2 169 2 112 0 170 -8 179 -9 11 7 13 92 11 57 -1 132 3 168 9 75 13 87 11 96 -17z m2737 7 c54 0 100 2 103 7 3 4 35 6 72 3 141 -8 158 -9 171 -1 7 5 20 2 29 -6 18 -16 69 -18 90 -4 15 9 190 11 307 3 39 -2 102 0 140 4 59 8 72 7 82 -7 15 -21 13 -358 -3 -374 -8 -8 -30 -8 -75 -1 -35 5 -110 7 -166 6 l-103 -4 -1 27 c-1 15 -1 95 1 179 2 145 1 151 -19 158 -34 10 -43 -3 -37 -54 4 -25 2 -70 -2 -99 -7 -39 -6 -55 4 -63 10 -8 11 -15 1 -30 -8 -13 -9 -21 0 -30 12 -12 -3 -67 -22 -82 -13 -9 -157 -6 -171 5 -7 5 -16 3 -22 -5 -9 -10 -25 -12 -64 -6 -29 4 -60 8 -69 8 -14 1 -16 22 -17 172 0 94 -4 175 -9 180 -6 6 -15 4 -24 -7 -11 -13 -14 -52 -13 -168 0 -83 4 -158 8 -167 6 -14 -13 -15 -166 -16 -95 0 -182 -2 -192 -4 -16 -3 -19 3 -21 44 -1 26 1 50 6 53 4 2 6 10 3 17 -2 7 -5 72 -7 146 l-2 133 45 -8 c25 -4 89 -8 143 -9z m2162 1 c102 6 118 4 108 -8 -11 -13 -13 -50 -12 -287 0 -35 -2 -66 -4 -68 -8 -7 -333 -12 -344 -5 -10 6 -19 104 -13 137 1 6 2 60 2 122 l0 112 42 3 c22 2 55 -1 71 -5 17 -4 84 -5 150 -1z m1184 1 l150 -1 3 -151 c2 -82 2 -166 0 -185 l-3 -35 -181 1 -182 1 1 39 c0 21 1 57 3 79 1 22 2 84 1 137 -1 89 -3 97 -22 103 -11 4 -23 4 -27 0 -10 -10 -10 -215 0 -221 5 -3 3 -12 -3 -21 -10 -11 -10 -19 -2 -32 6 -10 8 -24 3 -31 -4 -6 -5 -21 -3 -31 3 -12 0 -19 -8 -20 -66 -6 -121 -4 -125 3 -3 5 -14 2 -24 -7 -17 -15 -19 -15 -29 2 -8 14 -14 16 -28 8 -10 -6 -47 -11 -83 -10 l-64 0 -1 186 0 186 193 0 c106 0 196 4 200 7 3 4 23 4 44 1 20 -4 105 -7 187 -8z m426 4 c61 2 135 2 165 1 30 -1 132 -1 225 0 94 1 193 2 220 1 28 -1 113 -3 190 -6 80 -2 145 0 152 6 7 5 20 7 28 3 13 -5 14 -10 5 -27 -8 -14 -10 -82 -6 -222 3 -111 5 -209 5 -217 -1 -8 -2 -217 -3 -465 -1 -247 -5 -460 -10 -472 -4 -13 -4 -28 0 -34 4 -7 7 -144 7 -306 l1 -294 -170 -1 c-94 0 -181 3 -192 7 -23 7 -28 20 -12 30 5 3 9 72 9 162 0 89 4 160 9 165 7 7 26 7 54 1 23 -5 96 -7 161 -5 113 4 118 5 115 26 -3 19 -9 21 -83 22 -44 0 -94 4 -111 8 -21 5 -44 2 -69 -8 -69 -29 -77 -24 -73 43 1 33 -1 63 -5 67 -4 4 -2 13 4 20 16 20 3 44 -24 44 -35 0 -50 -20 -31 -41 10 -11 12 -19 5 -24 -6 -3 -11 -31 -11 -61 0 -63 -11 -72 -64 -54 -51 17 -250 17 -270 1 -21 -18 -20 -41 2 -42 9 -1 88 -1 175 0 l157 2 1 -63 c0 -35 1 -116 2 -180 l2 -117 -185 -3 c-102 -2 -191 1 -197 6 -7 4 -20 5 -30 2 -27 -11 -374 -9 -384 1 -6 6 -5 21 2 39 15 36 21 272 8 296 -8 15 -5 18 15 18 29 0 38 10 26 30 -8 12 -13 13 -30 2 -16 -10 -20 -10 -20 1 0 7 4 17 9 23 14 14 17 82 3 96 -9 9 -9 15 0 26 9 10 9 18 0 32 -9 16 -9 21 5 28 11 7 14 15 8 28 -5 11 -9 46 -9 79 -1 55 1 61 24 71 14 6 32 8 41 3 22 -11 268 -9 275 2 15 25 25 -12 24 -89 0 -48 -1 -134 -1 -192 0 -57 -2 -106 -4 -109 -3 -2 -13 3 -22 11 -14 13 -29 14 -67 8 -27 -4 -82 -6 -121 -3 -57 3 -75 0 -85 -12 -25 -30 3 -38 137 -37 70 0 137 2 148 4 15 2 19 -2 18 -17 -5 -43 -3 -297 2 -305 9 -15 22 -12 30 7 12 29 14 277 3 290 -6 8 -7 28 -3 50 11 61 13 177 3 190 -6 7 -3 15 8 21 12 7 15 15 9 28 -11 25 -13 49 -12 164 0 300 0 370 -2 415 -2 28 0 114 3 191 4 112 2 145 -9 160 -33 46 -38 7 -36 -328 1 -178 2 -330 3 -338 1 -8 0 -30 0 -49 -2 -28 -5 -32 -19 -25 -17 8 -139 15 -227 14 -21 0 -47 -5 -58 -11 -14 -7 -23 -7 -34 2 -11 9 -17 9 -29 -1 -12 -10 -15 -10 -15 2 0 8 5 19 10 24 8 8 6 15 -5 24 -13 11 -13 14 0 24 15 11 16 19 15 185 0 65 -4 89 -17 103 -16 17 -16 22 0 66 22 62 23 266 1 299 -7 12 -11 28 -8 36 7 19 59 27 109 18 41 -8 220 -4 243 4 7 3 12 15 10 27 -3 22 -6 23 -133 25 -79 1 -134 -2 -142 -9 -9 -7 -17 -7 -28 2 -8 7 -24 10 -35 7 -22 -6 -26 3 -9 20 8 8 8 17 0 31 -6 12 -7 23 -2 26 5 3 10 61 10 127 1 67 4 126 7 131 3 5 -3 12 -15 15 -12 3 -21 11 -21 19 0 11 15 12 68 8 37 -3 117 -4 177 -3z m-6501 -610 c-1 -146 -4 -174 -18 -190 -16 -18 -15 -20 14 -45 30 -25 33 -25 61 -10 25 12 59 14 197 10 201 -5 168 -5 386 0 117 3 183 1 190 -6 13 -13 53 -13 61 0 9 15 340 13 365 -2 16 -10 24 -10 40 0 27 17 356 17 366 0 4 -6 6 -59 5 -117 -2 -58 -4 -321 -4 -585 l-2 -478 -385 1 c-211 1 -386 4 -389 7 -7 6 -2 344 5 356 3 5 15 6 27 2 12 -4 95 -7 185 -6 148 3 185 -3 153 -22 -10 -7 -14 -209 -5 -268 6 -38 31 -58 46 -36 4 7 7 85 6 173 l-2 160 89 -5 c143 -7 242 -3 251 12 10 16 -23 45 -37 31 -8 -8 -19 -7 -40 4 -22 11 -43 12 -86 7 -32 -5 -73 -7 -91 -5 -21 2 -41 -4 -53 -14 -15 -15 -20 -15 -24 -4 -8 21 -12 345 -4 366 5 16 19 18 128 15 69 -1 130 2 141 8 12 7 21 7 25 0 10 -16 32 -12 39 7 10 24 -19 50 -38 34 -11 -9 -16 -9 -21 0 -5 8 -46 10 -141 6 l-134 -5 -1 26 c-1 15 0 75 1 134 2 115 -4 148 -25 148 -30 0 -38 -41 -32 -159 3 -64 9 -127 13 -140 6 -21 5 -23 -12 -16 -10 5 -67 10 -125 10 -58 1 -111 5 -118 9 -6 4 -18 3 -26 -4 -7 -6 -31 -10 -52 -8 l-38 3 -2 130 c-3 148 -7 175 -28 175 -23 0 -36 -37 -36 -103 1 -34 1 -69 0 -77 0 -8 3 -41 7 -72 5 -46 4 -58 -7 -59 -40 -3 -106 4 -121 12 -11 6 -19 5 -23 -2 -4 -6 -19 -7 -35 -4 -16 4 -31 2 -35 -5 -5 -8 -11 -8 -21 1 -8 6 -37 10 -71 7 l-58 -3 2 40 c5 71 3 220 -3 238 -7 22 -31 22 -38 -1 -8 -25 -10 -233 -3 -257 7 -19 2 -20 -173 -21 l-179 -1 -5 26 c-2 14 -5 77 -5 138 0 67 -5 122 -12 135 l-12 22 -17 -22 c-15 -18 -17 -40 -14 -161 2 -130 1 -141 -16 -146 -11 -3 -28 -1 -38 4 -12 6 -78 9 -161 8 l-141 -3 -1 26 c-1 31 -1 322 0 332 1 4 40 5 89 4 91 -3 201 9 215 24 10 9 -122 42 -136 33 -16 -10 -161 -3 -168 8 -3 6 -5 68 -3 137 3 82 0 137 -8 156 -19 47 5 56 142 55 85 -1 124 3 150 14 33 14 36 14 55 -3 19 -17 20 -31 19 -189z m123 188 c6 -6 90 -10 234 -9 123 0 232 0 242 0 17 0 30 0 65 0 9 0 53 -1 97 -2 l80 -3 -2 -30 c-14 -163 -13 -217 4 -245 9 -17 20 -30 24 -30 14 0 21 60 18 175 -2 66 0 125 3 131 8 13 358 8 372 -6 5 -5 5 -20 -2 -37 -13 -34 -14 -183 -2 -238 15 -66 7 -68 -190 -68 -153 1 -172 3 -184 19 -13 17 -15 17 -42 -1 -26 -17 -46 -19 -189 -17 -89 1 -171 6 -186 13 -20 8 -33 8 -49 -1 -14 -7 -81 -12 -183 -13 l-162 -1 -5 165 c-4 123 -2 170 8 187 13 24 32 28 49 11z m3601 -6 c10 -18 15 -315 7 -343 -4 -13 -32 -15 -176 -14 -154 0 -173 2 -185 19 -13 17 -14 17 -40 0 -39 -25 -345 -27 -372 -2 -17 15 -20 15 -41 0 -34 -24 -354 -24 -378 0 -14 13 -14 20 -3 46 8 21 11 70 9 155 -3 84 0 129 7 136 8 8 28 9 65 3 54 -9 186 -7 245 3 38 7 69 -18 55 -44 -14 -26 -12 -220 2 -243 6 -10 15 -19 19 -19 23 0 30 118 15 270 -2 24 0 25 71 30 41 3 76 2 78 -2 4 -7 112 -2 151 7 13 3 39 -2 59 -10 35 -14 36 -16 20 -33 -25 -29 -23 -218 4 -252 10 -14 22 -21 27 -17 12 13 16 242 4 265 -15 27 18 57 53 48 42 -10 219 -9 246 2 36 15 48 14 58 -5z m643 -7 c63 -1 132 1 154 5 29 5 45 3 56 -7 18 -17 41 -18 55 -4 7 7 75 9 185 8 l174 -3 -3 -30 c-2 -16 -2 -97 -2 -180 l2 -150 -179 0 -178 0 0 151 c0 113 -3 155 -14 167 -37 45 -51 -9 -46 -168 6 -155 6 -184 0 -295 -5 -79 -5 -97 -5 -159 0 -13 4 -29 9 -35 4 -6 6 -28 3 -50 -4 -37 -5 -38 -36 -30 -39 10 -205 14 -269 7 -44 -5 -70 -24 -54 -40 4 -3 46 -7 94 -10 48 -2 93 -4 98 -5 6 0 43 3 82 7 88 9 91 5 75 -99 -12 -78 -7 -88 38 -84 25 3 25 4 25 93 l0 90 175 -4 c96 -2 176 -4 177 -5 5 -4 5 -64 0 -113 -3 -29 -2 -55 2 -58 5 -2 6 -24 4 -47 -3 -24 -4 -69 -3 -101 l1 -58 -38 6 c-21 3 -69 11 -107 17 -60 10 -73 10 -98 -5 -20 -12 -35 -14 -46 -8 -10 6 -23 6 -34 0 -23 -12 -42 23 -35 66 3 17 1 38 -3 46 -5 8 -4 19 2 26 13 16 -7 43 -32 43 -28 0 -43 -25 -25 -40 12 -10 13 -16 4 -27 -8 -9 -10 -34 -6 -73 4 -36 3 -60 -3 -60 -5 0 -29 6 -52 14 -75 24 -99 27 -114 15 -11 -9 -20 -9 -39 1 -20 11 -34 10 -81 -3 -64 -18 -72 -23 -58 -37 13 -13 243 -17 304 -6 l45 8 0 -159 c0 -123 3 -164 14 -177 13 -16 16 -16 30 -1 13 13 16 41 14 170 l-2 155 40 0 c188 3 321 1 326 -4 3 -3 1 -12 -5 -19 -8 -9 -9 -30 -3 -65 4 -28 5 -73 1 -99 -7 -42 -2 -101 11 -153 3 -13 -25 -15 -206 -17 -115 -1 -298 -2 -405 -3 l-195 -2 3 28 c2 29 3 233 1 416 0 54 3 102 6 108 4 6 2 17 -5 25 -7 8 -7 15 -1 19 5 4 8 25 6 49 -6 79 -9 243 -4 252 3 6 4 71 2 145 -6 182 -6 186 0 335 3 72 1 147 -4 168 -12 46 2 70 36 61 12 -3 73 -6 136 -8z m1554 2 c143 1 268 5 277 8 29 9 33 -24 28 -200 l-5 -169 -177 -1 -178 -1 -2 75 c-2 74 -1 92 5 160 4 44 -11 90 -29 90 -27 0 -34 -38 -30 -178 l3 -140 -56 -4 c-31 -2 -64 1 -73 6 -12 7 -21 7 -30 -2 -9 -9 -15 -9 -26 0 -9 8 -19 9 -30 2 -9 -5 -46 -9 -82 -9 l-65 0 -2 150 c0 83 -3 164 -5 180 l-3 30 92 0 c50 0 95 4 99 7 4 4 12 4 18 1 5 -4 127 -6 271 -5z m137 -402 l167 0 3 -161 c2 -88 1 -172 0 -186 l-4 -27 -143 5 c-92 4 -154 2 -174 -5 -17 -6 -38 -9 -46 -6 -16 7 -17 52 -1 73 6 8 9 65 8 145 -2 105 -6 133 -18 143 -22 17 -7 37 20 27 11 -5 96 -8 188 -8z m-1222 -6 c58 1 116 2 130 3 18 2 24 -2 22 -13 -7 -30 -5 -266 2 -278 4 -6 4 -27 1 -45 l-6 -33 -172 1 -172 0 -13 28 c-9 18 -10 32 -4 40 5 7 8 73 6 147 -1 74 2 140 7 146 5 6 28 9 52 7 23 -2 89 -3 147 -3z m763 -5 c10 -4 24 -2 32 5 12 10 18 10 30 0 10 -8 20 -9 28 -3 6 5 37 7 68 5 l56 -4 -3 -141 c-2 -110 1 -145 11 -157 16 -17 9 -59 -9 -62 -39 -5 -126 -3 -126 4 0 13 -28 9 -32 -4 -3 -7 -11 -9 -24 -3 -10 4 -23 7 -29 6 -5 -2 -40 -5 -76 -8 l-67 -4 -11 32 c-7 20 -8 36 -2 43 6 7 9 74 7 153 l-3 142 31 3 c45 5 98 2 119 -7z m-1866 -491 c5 -218 4 -686 0 -691 -10 -9 -349 -5 -358 4 -6 6 -5 29 0 59 6 28 7 75 3 105 -4 30 -5 74 -1 99 4 25 3 52 -2 61 -4 8 -5 20 -1 26 4 6 5 61 2 123 -3 61 -3 114 0 117 3 2 3 45 2 94 l-4 88 129 -5 c72 -3 146 -1 168 4 22 5 45 9 50 8 6 -2 11 -42 12 -92z m263 77 c30 1 61 6 68 12 8 6 17 5 28 -4 12 -10 20 -10 34 -1 28 17 32 2 26 -93 -4 -51 -2 -86 4 -90 6 -4 7 -12 3 -18 -4 -7 -8 -140 -8 -296 l0 -283 -172 -1 c-95 0 -176 2 -179 6 -4 4 -7 84 -6 179 l1 173 26 6 c14 4 56 3 93 -2 36 -5 79 -7 94 -3 16 3 48 6 73 6 50 0 65 12 42 36 -13 13 -19 13 -31 2 -11 -8 -20 -9 -28 -2 -26 20 -92 23 -155 7 -58 -15 -64 -15 -88 1 -20 13 -25 25 -26 63 -1 47 0 114 2 141 0 8 0 44 -1 79 -2 56 0 66 20 81 18 14 32 15 74 8 28 -4 76 -7 106 -7z m-3994 -61 c0 -36 -3 -73 -8 -82 -6 -12 -2 -21 13 -31 20 -14 20 -16 2 -25 -15 -9 -16 -14 -6 -31 9 -14 9 -22 2 -27 -9 -5 -6 -59 7 -105 8 -27 -24 -30 -71 -7 -40 19 -50 21 -88 11 -23 -6 -58 -9 -77 -7 -19 3 -56 5 -82 4 l-48 -1 -1 53 c0 29 -2 69 -3 88 -1 19 1 40 5 45 4 6 3 44 -4 84 -9 63 -9 75 5 85 10 7 74 11 184 11 l169 0 1 -65z m413 56 c15 -10 19 -59 6 -72 -15 -15 -11 -262 4 -277 5 -5 17 -7 26 -3 14 5 16 20 13 88 -1 46 0 88 4 94 4 5 2 43 -4 82 -15 93 -4 108 62 93 25 -5 49 -6 55 -2 13 11 94 11 101 -1 3 -4 10 -6 15 -2 13 8 88 12 116 7 20 -5 22 -10 19 -72 -1 -37 -6 -72 -9 -78 -4 -6 0 -16 8 -23 11 -9 12 -16 3 -30 -9 -14 -9 -22 1 -33 8 -10 9 -17 1 -22 -13 -8 -13 -92 0 -100 30 -19 -27 -29 -70 -12 -46 17 -80 16 -92 -3 -12 -18 -12 -18 -26 1 -13 19 -15 19 -32 4 -13 -12 -20 -13 -25 -5 -10 16 -99 8 -120 -10 -15 -12 -15 -14 1 -23 21 -12 154 -16 176 -5 9 4 19 4 22 0 3 -5 41 -7 85 -4 l80 5 -6 -57 c-4 -34 -2 -61 5 -69 8 -10 8 -24 1 -53 -13 -44 -6 -129 12 -150 9 -10 9 -18 2 -25 -11 -11 -64 -12 -527 -7 l-270 3 3 135 c1 74 3 153 4 175 l2 40 188 3 c141 2 187 6 187 15 0 18 -96 50 -117 39 -10 -5 -51 -8 -91 -5 -41 2 -90 -1 -110 -6 -47 -13 -59 -2 -57 51 1 24 -3 49 -8 56 -6 8 -5 17 3 27 10 13 10 19 -5 35 -15 17 -16 20 -3 25 12 5 14 21 10 80 -3 47 0 80 6 88 9 11 48 13 177 11 91 -2 169 -5 174 -8z m851 9 c-5 0 -26 -163 -22 -170 3 -5 7 -53 7 -106 l0 -96 -90 3 c-49 2 -110 5 -135 8 -25 2 -49 0 -55 -4 -16 -12 -74 -20 -79 -11 -5 7 -6 48 -7 284 0 42 2 81 5 85 2 4 88 7 190 7 102 0 186 0 186 0z m1213 -4 c15 -1 17 -10 15 -66 -1 -36 -5 -71 -10 -78 -4 -6 0 -20 10 -30 14 -16 14 -19 2 -27 -13 -8 -13 -13 -2 -31 9 -13 10 -25 4 -31 -5 -5 -7 -31 -4 -57 l4 -49 -48 -4 c-29 -2 -63 2 -83 10 -21 8 -49 11 -70 7 -20 -3 -51 -6 -70 -5 -18 0 -40 -5 -47 -11 -28 -23 -45 -2 -44 53 1 29 0 72 -3 96 -2 23 -1 45 3 47 9 6 6 80 -4 117 -4 15 -3 35 3 46 10 18 20 19 168 17 87 -2 166 -3 176 -4z m420 0 c17 -1 18 -8 14 -72 -3 -39 -8 -73 -11 -76 -9 -10 15 -33 34 -33 23 0 44 26 34 41 -13 21 -15 127 -3 135 17 10 121 13 140 3 8 -4 21 -4 29 1 9 5 20 4 28 -2 9 -8 19 -9 30 -2 27 17 99 16 116 -1 16 -16 17 -109 2 -134 -5 -7 -1 -20 8 -30 12 -13 13 -20 4 -29 -10 -10 -10 -17 0 -32 7 -12 8 -21 2 -25 -6 -3 -10 -28 -10 -55 0 -53 -7 -60 -72 -66 -27 -2 -40 1 -46 13 -6 10 -16 14 -26 10 -10 -4 -26 -2 -36 3 -15 8 -22 6 -34 -11 -9 -14 -19 -18 -28 -13 -7 5 -36 7 -64 6 l-50 -4 1 69 c0 37 4 73 8 79 9 15 -17 37 -40 32 -14 -3 -18 -16 -20 -73 -2 -39 2 -79 8 -91 8 -16 8 -31 1 -55 -6 -19 -11 -76 -11 -126 0 -51 -2 -97 -6 -103 -8 -13 12 -87 26 -96 26 -16 33 20 34 168 l1 153 68 5 c37 3 70 3 73 0 8 -8 93 -8 98 0 5 8 105 3 114 -5 2 -3 4 -30 2 -59 -1 -30 2 -57 8 -60 6 -4 7 -16 2 -29 -14 -40 -12 -131 4 -161 25 -47 4 -53 -175 -48 -142 4 -197 5 -215 5 -195 -5 -394 -5 -404 1 -6 4 -9 11 -6 16 15 24 22 110 14 159 -6 37 -5 59 2 68 6 7 9 27 6 45 -3 18 -7 42 -9 53 -3 17 2 20 32 18 117 -7 313 -4 322 5 16 16 -2 34 -27 28 -13 -3 -27 -1 -31 5 -3 6 -28 10 -58 8 -28 -2 -65 0 -82 5 -22 5 -49 1 -90 -13 -32 -12 -61 -18 -65 -13 -4 4 -3 30 1 57 5 30 4 55 -2 62 -6 7 -6 19 1 31 7 13 7 22 -1 30 -8 8 -8 15 0 25 8 9 9 30 3 63 -4 28 -6 66 -3 85 l4 36 166 -3 c92 -1 175 -3 185 -3z m2717 -1 c33 1 156 2 172 1 10 -1 25 -15 33 -32 15 -28 15 -32 0 -49 -9 -10 -14 -24 -10 -30 4 -6 1 -18 -6 -27 -11 -13 -10 -18 9 -34 l23 -18 -22 -12 -23 -12 22 -17 c18 -15 19 -20 7 -30 -9 -7 -13 -25 -10 -48 2 -20 4 -40 4 -44 1 -5 10 -8 20 -8 29 0 37 41 28 135 -2 22 0 45 4 51 5 6 4 36 -1 66 -5 31 -5 68 -2 83 l8 27 177 2 177 2 1 -95 c1 -191 -2 -286 -11 -294 -4 -5 -19 -2 -32 7 -14 9 -42 16 -64 17 -118 1 -210 -4 -221 -12 -7 -7 -40 -6 -92 1 -45 6 -86 8 -92 5 -5 -4 -18 -4 -27 0 -21 9 -65 9 -163 0 l-76 -7 1 183 1 183 25 7 c14 4 48 5 75 3 28 -3 57 -4 65 -4z m-5612 -467 c0 -38 0 -84 -1 -103 -3 -87 2 -149 12 -169 10 -18 9 -22 -11 -29 -13 -4 -99 -5 -193 -2 l-170 5 0 177 0 176 153 0 c84 0 156 2 159 6 4 3 17 6 29 6 21 0 23 -4 22 -67z m6217 -122 l0 -183 -300 2 c-165 1 -308 2 -317 2 -10 0 -48 -1 -84 -2 -37 -1 -70 2 -75 7 -4 4 -4 28 1 53 4 25 7 102 6 172 l-1 127 181 0 181 -1 0 -51 c0 -29 0 -61 0 -72 0 -11 0 -55 -1 -97 -1 -61 3 -81 16 -95 38 -37 42 -9 35 234 l-2 83 165 3 c91 1 172 2 180 2 13 0 15 -28 15 -184z"
       id="path3041" />
    <path
       d="M902 4133 c-8 -16 -8 -45 -3 -208 2 -63 13 -84 35 -66 12 10 16 33 16 95 0 44 1 99 3 121 4 45 -7 75 -28 75 -8 0 -18 -8 -23 -17z"
       id="path3043" />
    <path
       d="M2570 3326 c-14 -43 -8 -222 8 -238 8 -8 15 -8 27 2 12 10 15 35 15 116 0 141 -24 198 -50 120z"
       id="path3045" />
    <path
       d="M3914 3826 c-16 -12 -17 -17 -6 -28 18 -18 256 -18 274 0 11 11 10 16 -6 28 -28 20 -234 20 -262 0z"
       id="path3047" />
    <path
       d="M4753 3007 c-50 -12 -56 -32 -12 -41 40 -8 203 -8 252 0 39 7 49 27 20 39 -28 12 -214 13 -260 2z"
       id="path3049" />
    <path
       d="M6829 3824 c-25 -31 5 -39 142 -39 114 0 130 2 135 17 3 10 3 22 0 27 -4 5 -64 10 -135 10 -103 0 -132 -3 -142 -15z"
       id="path3051" />
    <path
       d="M6952 3012 c-99 -2 -124 -6 -129 -18 -11 -28 11 -33 140 -35 135 -2 162 6 141 38 -13 20 -2 19 -152 15z"
       id="path3053" />
    <path
       d="M6958 2602 c-118 -2 -127 -4 -133 -23 -4 -12 -3 -25 2 -30 5 -5 70 -8 144 -7 127 3 134 4 137 24 2 11 -3 25 -10 30 -7 5 -70 8 -140 6z"
       id="path3055" />
    <path
       d="M7673 3013 c-25 -5 -49 -30 -39 -41 4 -4 73 -8 152 -10 126 -3 145 -1 150 13 4 9 2 21 -4 27 -10 10 -213 19 -259 11z"
       id="path3057" />
    <path
       d="M5638 3010 c-89 -6 -128 -21 -98 -40 8 -5 51 -10 95 -11 44 0 102 -2 128 -4 34 -2 50 2 54 11 4 10 10 11 25 3 14 -7 23 -8 30 -1 16 16 -2 34 -25 28 -12 -3 -27 0 -35 6 -16 14 -55 16 -174 8z"
       id="path3059" />
    <path
       d="M907 3320 c-19 -27 -12 -198 9 -220 13 -13 16 -13 24 0 5 8 10 35 11 60 0 25 1 63 3 85 2 44 -11 95 -24 95 -5 0 -15 -9 -23 -20z"
       id="path3061" />
    <path
       d="M4403 3011 c-59 -6 -95 -23 -80 -38 10 -9 180 -17 212 -9 32 8 32 34 -1 46 -27 10 -32 11 -131 1z"
       id="path3063" />
    <path
       d="M2282 515 c-106 -25 -84 -47 51 -49 87 -2 106 8 87 44 -11 20 -13 20 -29 6 -16 -15 -19 -15 -31 -1 -7 8 -15 15 -19 14 -3 0 -30 -6 -59 -14z"
       id="path3065" />
    <path
       d="M2444 505 c-7 -29 10 -49 34 -40 8 3 23 5 35 5 12 0 29 5 37 10 19 12 2 31 -32 36 -13 2 -33 6 -45 10 -18 5 -23 1 -29 -21z"
       id="path3067" />
    <path
       d="M6300 3321 c-5 -11 -10 -42 -10 -70 0 -46 2 -51 25 -57 14 -4 29 -4 32 0 7 7 5 102 -3 129 -7 23 -31 22 -44 -2z"
       id="path3069" />
    <path
       d="M911 2486 c-8 -9 -11 -59 -10 -145 l1 -132 25 3 25 3 -1 128 c-2 156 -9 180 -40 143z"
       id="path3071" />
    <path
       d="M1664 2235 c-3 -14 -4 -29 0 -32 3 -4 -1 -14 -9 -23 -14 -15 -14 -18 0 -30 19 -16 19 -59 0 -66 -8 -4 -26 1 -40 10 -22 14 -25 14 -40 0 -32 -32 5 -84 60 -84 57 0 86 39 92 122 10 129 12 123 -24 126 -28 3 -33 -1 -39 -23z"
       id="path3073" />
    <path
       d="M1833 2248 c-5 -7 -18 -35 -28 -63 -10 -27 -24 -59 -32 -70 -14 -21 -18 -115 -4 -115 4 0 20 18 35 40 33 50 65 53 98 10 40 -54 84 -30 54 29 -9 16 -16 44 -16 61 0 18 -6 33 -15 36 -8 4 -15 16 -15 29 0 41 -55 71 -77 43z m42 -109 c0 -7 -8 -15 -17 -17 -18 -3 -25 18 -11 32 10 10 28 1 28 -15z"
       id="path3075" />
    <path
       d="M900 2038 c-1 -46 -1 -94 0 -108 0 -14 1 -37 1 -52 0 -15 4 -30 9 -33 5 -3 7 -20 3 -37 -5 -28 -4 -29 14 -20 16 9 20 22 21 69 2 78 1 247 -1 249 -1 1 -12 5 -24 8 -22 7 -22 5 -23 -76z"
       id="path3077" />
    <path
       d="M2570 2265 c-18 -22 -21 -222 -2 -237 19 -16 42 14 43 56 l1 31 11 -32 c7 -18 20 -40 30 -50 17 -17 19 -17 33 1 23 32 15 116 -12 116 -19 0 -44 40 -44 71 0 14 -8 33 -18 42 -23 21 -26 21 -42 2z"
       id="path3079" />
    <path
       d="M2260 2257 c-24 -12 -25 -17 -28 -114 -3 -121 4 -133 79 -133 42 0 55 5 80 29 26 27 29 36 29 96 0 77 -9 99 -50 120 -35 18 -76 19 -110 2z m114 -100 c8 -43 7 -50 -14 -72 -29 -31 -45 -32 -65 -2 -12 19 -13 30 -4 56 8 23 8 35 0 45 -16 19 -2 27 39 24 33 -3 35 -5 44 -51z"
       id="path3081" />
    <path
       d="M2718 2258 c-25 -20 -29 -100 -7 -127 11 -14 19 -39 19 -62 0 -44 29 -70 49 -45 14 17 13 203 0 229 -11 20 -39 22 -61 5z"
       id="path3083" />
    <path
       d="M2467 2254 c-10 -11 -8 -206 2 -223 5 -8 16 -11 24 -8 17 6 27 116 18 187 -6 42 -26 62 -44 44z"
       id="path3085" />
    <path
       d="M2575 1670 c-3 -5 -7 -53 -9 -107 -4 -128 15 -186 43 -134 15 27 16 202 2 229 -12 23 -26 28 -36 12z"
       id="path3087" />
    <path
       d="M3401 2493 c-8 -17 -12 -65 -10 -133 1 -59 -1 -112 -6 -120 -11 -18 23 -42 43 -31 12 7 15 35 18 132 4 155 -15 218 -45 152z"
       id="path3089" />
    <path
       d="M7542 2118 c-6 -8 -7 -32 -3 -60 5 -27 5 -68 1 -93 -4 -24 -3 -49 0 -56 8 -12 4 -124 -5 -138 -2 -5 -87 -7 -187 -5 -139 3 -182 7 -179 17 2 6 4 84 5 172 1 159 1 160 -21 163 l-23 3 -2 -188 c0 -103 0 -197 1 -208 3 -32 19 -41 34 -20 8 10 19 15 25 11 6 -3 84 -7 173 -7 90 -1 167 -3 173 -5 7 -3 10 -64 9 -182 l-2 -177 -168 4 c-144 3 -170 1 -182 -12 -26 -32 -3 -37 175 -37 l174 0 2 -62 c1 -35 1 -76 0 -93 -5 -106 -5 -125 6 -138 9 -11 8 -21 -4 -47 -16 -32 -17 -32 -68 -25 -76 10 -254 7 -276 -5 -29 -15 -25 -37 8 -44 15 -3 91 -4 169 -3 78 2 147 1 153 -3 14 -9 20 -121 7 -137 -14 -19 11 -45 42 -41 26 3 26 4 26 93 l0 90 160 -2 c169 -2 198 4 179 34 -10 16 -27 18 -145 18 -74 -1 -146 -5 -161 -9 -23 -7 -29 -5 -34 10 -3 11 -10 27 -15 37 -7 13 -6 23 3 34 8 11 12 58 13 157 l0 141 30 -2 c77 -6 301 -1 309 7 6 6 4 16 -5 26 -12 15 -33 16 -182 11 l-168 -5 5 27 c3 14 7 83 8 152 2 97 0 130 -11 143 -13 15 -12 20 5 37 17 16 27 18 64 11 25 -4 98 -6 162 -4 108 3 118 5 124 24 4 13 1 24 -7 29 -8 5 -90 7 -182 5 l-168 -4 7 22 c13 39 5 329 -8 338 -19 11 -34 10 -46 -4z"
       id="path3091" />
    <path
       d="M6770 1321 c0 -34 11 -39 30 -16 9 11 16 12 25 5 17 -14 263 -16 277 -2 6 6 8 18 4 27 -5 14 -23 16 -143 12 -76 -3 -142 -6 -148 -7 -5 -1 -18 1 -27 5 -15 6 -18 2 -18 -24z"
       id="path3093" />
    <path
       d="M904 1659 c-10 -17 -5 -222 6 -233 5 -5 16 -6 24 -3 13 5 16 25 16 111 0 57 -3 111 -6 120 -7 19 -30 21 -40 5z"
       id="path3095" />
    <path
       d="M4740 1343 c-37 -7 -45 -20 -21 -33 23 -12 224 -15 279 -4 37 7 38 25 1 35 -27 8 -219 9 -259 2z"
       id="path3097" />
    <path
       d="M3926 508 c-36 -19 -38 -21 -20 -31 23 -13 245 -13 269 1 16 8 16 10 0 25 -13 13 -35 17 -100 17 -46 0 -89 2 -97 5 -7 2 -31 -5 -52 -17z"
       id="path3099" />
    <path
       d="M900 425 c-19 -50 -7 -90 26 -83 27 5 28 101 2 106 -12 2 -21 -6 -28 -23z"
       id="path3101" />
    <path
       d="M907 324 c-4 -4 -7 -36 -7 -71 0 -96 28 -135 49 -70 15 44 2 141 -20 145 -8 1 -18 0 -22 -4z"
       id="path3103" />
    <path
       d="M8271 4256 c-16 -20 -10 -50 11 -54 23 -4 34 36 16 55 -13 12 -16 12 -27 -1z"
       id="path3105" />
    <path
       d="M8325 4251 c-9 -28 5 -51 31 -51 20 0 24 -5 24 -28 0 -16 -3 -32 -7 -36 -15 -15 -11 -95 4 -101 11 -4 12 -9 5 -18 -6 -6 -9 -49 -8 -94 3 -80 2 -83 -19 -83 -25 0 -38 -21 -29 -45 4 -8 15 -15 26 -15 19 0 20 -6 17 -112 -1 -62 1 -137 5 -165 8 -50 7 -53 -16 -62 -14 -5 -28 -16 -31 -24 -8 -22 17 -52 37 -44 25 10 31 -18 13 -61 -17 -44 -17 -93 1 -115 8 -10 9 -17 3 -21 -10 -7 -12 -20 -11 -113 1 -46 -2 -53 -18 -53 -11 0 -22 -6 -25 -13 -8 -22 9 -40 32 -34 27 7 38 -11 18 -30 -12 -13 -13 -20 -4 -36 9 -15 9 -21 0 -24 -21 -7 -15 -31 9 -39 l21 -6 -21 -17 c-19 -15 -20 -21 -12 -96 13 -118 13 -117 -10 -110 -15 5 -22 0 -30 -20 -12 -32 -6 -45 21 -45 22 0 41 -37 29 -60 -15 -30 -19 -86 -10 -125 5 -21 5 -44 1 -50 -15 -19 -6 -86 12 -97 41 -23 45 -8 41 166 -4 157 -3 165 16 171 11 3 23 4 28 1 4 -3 35 -5 68 -5 235 -2 249 -3 264 -17 13 -12 12 -17 -2 -42 -23 -40 -19 -261 5 -276 32 -20 40 7 39 129 0 63 -3 129 -7 146 -11 48 7 59 91 59 l74 0 0 31 0 32 -81 -6 c-95 -6 -97 -3 -82 82 6 31 8 76 4 101 -3 25 -4 66 0 93 6 51 -6 71 -38 65 -14 -2 -18 -14 -19 -51 -1 -26 2 -50 7 -53 5 -3 6 -11 2 -17 -13 -20 -12 -89 3 -140 14 -49 10 -76 -10 -78 -6 0 -51 0 -101 1 -136 2 -180 0 -214 -10 -47 -13 -55 5 -47 110 4 56 3 97 -4 109 -6 12 -6 22 -1 25 5 4 8 32 6 64 -4 72 4 83 52 70 45 -12 115 -18 128 -10 5 3 44 5 85 3 73 -2 76 -1 111 31 39 36 51 72 42 136 -5 35 -9 42 -28 42 -19 0 -23 -7 -28 -40 -3 -22 -3 -59 0 -82 l6 -41 -39 5 c-22 3 -62 2 -89 -2 -28 -4 -55 -4 -60 1 -10 8 -104 -2 -152 -17 -28 -8 -26 -24 -28 204 -1 174 1 187 27 183 4 0 32 -3 64 -5 31 -3 59 -7 62 -10 3 -3 11 -1 17 4 7 6 90 9 209 7 l196 -2 0 30 0 31 -77 -1 -78 0 -3 179 -2 179 80 -6 80 -5 0 34 c0 38 12 36 -118 19 l-44 -6 4 57 c2 45 0 59 -14 68 -14 8 -21 7 -35 -7 -18 -17 -17 -18 14 -102 2 -7 -31 -10 -99 -9 -57 2 -103 4 -103 5 0 6 -92 5 -101 -2 -6 -5 -26 -10 -45 -11 l-34 -3 -1 185 c-1 102 3 190 8 196 6 8 21 9 46 4 20 -5 95 -7 166 -6 114 2 131 1 148 -16 23 -23 30 -23 45 1 10 16 22 18 87 15 l76 -3 0 30 c0 27 -3 30 -32 29 -18 0 -42 1 -53 1 -11 0 -87 -1 -168 -3 -82 -2 -151 0 -153 3 -2 3 -23 4 -46 2 -84 -9 -179 -10 -184 -2 -9 16 -32 10 -39 -10z m175 -459 c25 -9 94 -11 105 -2 6 5 33 4 60 -1 28 -5 68 -7 90 -3 l40 6 -7 -116 c-4 -64 -4 -126 1 -139 11 -29 2 -97 -13 -98 -6 -1 -67 -3 -136 -4 -69 -1 -140 -5 -158 -9 -56 -13 -59 -5 -60 191 0 97 2 181 4 185 5 8 43 3 74 -10z"
       id="path3107" />
    <path
       d="M8799 4139 c-17 -10 -22 -89 -6 -108 9 -11 9 -15 0 -18 -20 -7 -15 -31 7 -38 28 -9 43 3 37 31 -2 14 -1 27 3 29 7 4 7 56 1 96 -2 12 -28 17 -42 8z"
       id="path3109" />
    <path
       d="M8123 3843 c-72 -3 -92 -7 -97 -20 -13 -33 13 -45 92 -39 41 3 83 1 93 -4 12 -7 20 -7 24 1 4 5 19 7 35 4 20 -4 29 -2 33 9 12 30 -3 48 -33 41 -16 -3 -31 -1 -35 4 -3 6 -9 10 -13 9 -4 -1 -48 -4 -99 -5z"
       id="path3111" />
    <path
       d="M8799 3314 c-7 -8 -14 -37 -16 -64 -2 -40 1 -50 16 -55 35 -11 49 4 49 53 0 71 -21 100 -49 66z"
       id="path3113" />
    <path
       d="M8120 3011 c-79 -6 -85 -8 -88 -28 -3 -22 -1 -23 81 -23 47 0 91 -2 99 -5 7 -3 19 -1 27 4 20 13 6 62 -17 59 -9 -1 -55 -4 -102 -7z"
       id="path3115" />
    <path
       d="M8931 3013 c-29 -2 -65 -12 -78 -21 -24 -15 -24 -16 -7 -23 11 -4 49 -8 87 -8 l67 -1 0 30 c0 17 -3 29 -7 28 -5 -1 -32 -3 -62 -5z"
       id="path3117" />
    <path
       d="M8264 2995 c-7 -18 3 -35 21 -35 15 0 24 19 18 38 -6 17 -32 15 -39 -3z"
       id="path3119" />
    <path
       d="M8382 2121 c-14 -8 -22 -204 -9 -217 4 -4 2 -13 -4 -21 -9 -10 -8 -18 5 -32 11 -13 14 -21 7 -26 -6 -3 -11 -15 -11 -25 0 -10 -9 -21 -19 -25 -40 -12 -36 -65 5 -65 32 0 38 -18 19 -63 -15 -36 -15 -46 0 -255 4 -57 3 -61 -11 -47 -13 12 -19 13 -30 4 -18 -15 -18 -33 2 -50 14 -11 18 -11 28 3 10 13 12 -4 11 -85 -1 -56 -5 -110 -9 -120 -5 -10 -4 -23 2 -30 7 -8 7 -18 2 -27 -6 -10 -4 -20 6 -32 10 -10 13 -22 8 -30 -5 -7 -7 -20 -6 -29 2 -13 -3 -15 -23 -11 -25 4 -26 2 -23 -29 2 -28 7 -34 25 -32 20 2 21 -1 18 -60 -1 -34 -6 -70 -10 -80 -5 -12 -2 -23 11 -32 17 -13 17 -16 4 -25 -12 -8 -13 -13 -3 -29 10 -15 9 -22 -1 -30 -13 -11 -9 -61 9 -104 4 -9 3 -17 -3 -17 -5 0 -12 7 -16 15 -8 22 -25 18 -35 -7 -11 -29 5 -51 30 -43 22 7 22 5 8 -54 -8 -36 -7 -47 6 -61 11 -12 13 -20 6 -25 -18 -10 -14 -147 5 -173 19 -28 11 -42 -26 -42 -33 0 -44 -12 -36 -38 6 -17 29 -18 341 -20 l335 -2 0 31 0 30 -202 0 c-265 0 -320 -1 -339 -6 -8 -3 -23 1 -32 7 -13 10 -15 20 -8 48 4 19 7 189 6 378 -2 381 -5 369 64 350 20 -6 62 -8 95 -5 32 3 91 3 131 0 72 -6 73 -6 83 -39 7 -25 7 -36 -3 -44 -7 -6 -11 -20 -8 -30 3 -11 0 -27 -7 -35 -10 -12 -8 -17 13 -26 47 -21 54 -10 49 85 l-5 86 82 0 81 0 0 30 0 29 -85 -4 c-83 -5 -85 -5 -82 17 1 15 -3 23 -13 23 -9 0 -14 -8 -13 -21 2 -21 -2 -21 -103 -21 -57 0 -106 3 -109 7 -6 10 -62 5 -113 -10 -23 -7 -45 -11 -48 -7 -11 10 -22 77 -14 82 5 3 7 73 5 156 l-3 151 42 -5 c136 -16 134 -16 140 0 5 12 9 13 20 4 8 -7 40 -11 73 -11 151 2 260 0 281 -6 20 -6 22 -3 22 31 0 34 -2 37 -22 30 -33 -10 -89 -13 -117 -7 l-24 5 6 138 c4 105 2 142 -8 156 -13 17 -14 17 -35 -2 -19 -18 -21 -26 -15 -114 3 -53 8 -116 10 -141 l5 -46 -94 2 c-51 1 -98 4 -103 7 -5 3 -42 1 -81 -5 -39 -6 -78 -8 -85 -5 -12 4 -14 33 -11 147 1 78 -1 153 -7 167 -6 16 -5 31 2 45 9 17 17 19 47 13 65 -13 125 -15 137 -5 6 5 31 7 55 5 70 -6 167 -8 258 -6 l82 1 0 29 0 30 -62 -3 c-35 -1 -70 -1 -80 2 -17 4 -29 64 -17 84 4 7 4 19 -1 28 -5 10 -6 21 -1 26 4 5 5 54 2 109 -6 94 -7 100 -28 103 -25 4 -24 11 -27 -131 -2 -43 1 -80 6 -83 5 -3 4 -12 -2 -19 -7 -8 -8 -20 -3 -27 4 -7 8 -30 8 -50 l0 -38 -60 -1 c-33 -1 -66 -1 -73 0 -6 1 -20 -2 -30 -8 -12 -7 -22 -5 -34 6 -9 8 -22 12 -28 8 -7 -4 -43 -9 -81 -12 l-69 -4 3 158 c4 195 -2 229 -41 204z"
       id="path3121" />
    <path
       d="M8267 1763 c-12 -11 -8 -40 7 -52 12 -10 17 -8 25 8 18 32 -8 68 -32 44z"
       id="path3123" />
    <path
       d="M8120 1351 c-86 -5 -95 -8 -95 -26 0 -18 9 -20 105 -26 84 -4 107 -3 116 9 9 12 12 11 23 -2 11 -12 17 -14 27 -5 8 6 14 18 14 26 0 19 -27 28 -45 13 -12 -10 -16 -9 -21 4 -3 9 -11 15 -18 14 -6 -1 -54 -4 -106 -7z"
       id="path3125" />
    <path
       d="M5840 1326 c0 -8 4 -17 9 -20 11 -7 33 18 24 27 -12 12 -33 7 -33 -7z"
       id="path3127" />
    <path
       d="M8801 1281 c-10 -7 -14 -41 -15 -142 l-1 -134 26 -3 c15 -2 28 2 30 10 8 27 -6 272 -16 275 -5 1 -16 -1 -24 -6z"
       id="path3129" />
    <path
       d="M8030 925 c-25 -30 5 -44 89 -45 42 0 84 -1 95 -2 22 -3 42 23 33 44 -8 22 -199 24 -217 3z"
       id="path3131" />
    <path
       d="M8267 933 c-12 -11 -8 -40 7 -52 12 -10 17 -8 25 8 18 32 -8 68 -32 44z"
       id="path3133" />
    <path
       d="M8794 675 c-16 -13 -17 -16 -4 -25 23 -15 50 -12 57 6 3 9 0 20 -8 25 -19 12 -22 11 -45 -6z"
       id="path3135" />
    <path
       d="M8792 621 c-10 -6 -11 -20 -4 -58 l9 -49 -96 2 c-53 2 -114 5 -136 7 -27 2 -53 -3 -80 -16 l-40 -21 40 -11 c22 -6 60 -10 85 -9 111 6 379 5 403 -1 26 -7 27 -5 27 29 0 29 -4 36 -19 36 -11 0 -23 -5 -26 -10 -3 -6 -16 -8 -29 -4 -12 3 -34 0 -50 -6 -15 -5 -31 -8 -35 -6 -4 3 -5 28 -1 55 8 63 -10 86 -48 62z"
       id="path3137" />
    <path
       d="M5715 520 c-3 -4 -34 -5 -70 -3 -51 5 -70 2 -91 -12 -16 -10 -23 -20 -17 -26 11 -11 258 -18 275 -8 8 5 9 14 2 30 -8 18 -20 23 -52 25 -23 1 -44 -1 -47 -6z"
       id="path3139" />
    <path
       d="M8125 521 c-84 -6 -90 -8 -93 -28 -4 -26 -10 -24 121 -27 93 -3 113 7 90 42 -12 19 -9 19 -118 13z"
       id="path3141" />
    <path
       d="M8264 505 c-4 -18 -2 -30 7 -36 19 -11 31 4 27 32 -4 32 -26 35 -34 4z"
       id="path3143" />
    <path
       d="M8788 424 c-9 -19 -9 -33 0 -56 8 -21 8 -44 0 -82 -12 -64 0 -139 24 -144 9 -2 19 5 22 15 5 15 11 244 7 281 -2 23 -41 13 -53 -14z"
       id="path3145" />
    <path
       d="M8264 96 c-9 -24 4 -48 23 -44 12 2 18 12 18 28 0 29 -32 41 -41 16z"
       id="path3147" />
  </g>
</svg>
