<?xml version="1.0" encoding="UTF-8" standalone="no"?>
<svg
   xmlns:dc="http://purl.org/dc/elements/1.1/"
   xmlns:cc="http://creativecommons.org/ns#"
   xmlns:rdf="http://www.w3.org/1999/02/22-rdf-syntax-ns#"
   xmlns:svg="http://www.w3.org/2000/svg"
   xmlns="http://www.w3.org/2000/svg"
   xmlns:sodipodi="http://sodipodi.sourceforge.net/DTD/sodipodi-0.dtd"
   xmlns:inkscape="http://www.inkscape.org/namespaces/inkscape"
   version="1.0"
   width="900.000000pt"
   height="651.000000pt"
   viewBox="0 0 900.000000 651.000000"
   preserveAspectRatio="xMidYMid meet"
   id="svg4769"
   inkscape:version="0.48.4 r9939"
   sodipodi:docname="6.svg">
  <defs
     id="defs4873" />
  <sodipodi:namedview
     pagecolor="#ffffff"
     bordercolor="#666666"
     borderopacity="1"
     objecttolerance="10"
     gridtolerance="10"
     guidetolerance="10"
     inkscape:pageopacity="0"
     inkscape:pageshadow="2"
     inkscape:window-width="1600"
     inkscape:window-height="824"
     id="namedview4871"
     showgrid="false"
     inkscape:zoom="0.82028731"
     inkscape:cx="767.48072"
     inkscape:cy="374.79437"
     inkscape:window-x="0"
     inkscape:window-y="24"
     inkscape:window-maximized="1"
     inkscape:current-layer="svg4769" />
  <metadata
     id="metadata4771">
Created by potrace 1.10, written by Peter Selinger 2001-2011
<rdf:RDF>
  <cc:Work
     rdf:about="">
    <dc:format>image/svg+xml</dc:format>
    <dc:type
       rdf:resource="http://purl.org/dc/dcmitype/StillImage" />
  </cc:Work>
</rdf:RDF>
</metadata>
  <g
     transform="translate(0.000000,651.000000) scale(0.100000,-0.100000)"
     fill="#000000"
     stroke="none"
     id="g4773">
    <path
       d="M86 6454 c-15 -14 -16 -313 -14 -3204 2 -1754 6 -3192 10 -3195 4 -4 1988 -8 4408 -9 3902 -1 4402 1 4410 14 14 22 13 6365 0 6391 -11 19 -71 19 -4405 19 -3986 0 -4395 -1 -4409 -16z m8772 -3204 l2 -3160 -4370 0 -4370 0 0 3158 c0 1737 2 3161 4 3163 2 2 1968 3 4368 2 l4363 -3 3 -3160z"
       id="path4775" />
    <path
       d="M367 6122 l-27 -28 20 -24 c13 -14 20 -37 20 -62 0 -39 20 -53 37 -24 9 15 53 4 53 -14 0 -19 56 -10 77 13 28 30 26 132 -2 153 -25 19 -64 18 -86 -2 -16 -14 -19 -14 -41 0 -23 15 -26 14 -51 -12z m81 -49 c10 -8 11 -13 4 -13 -7 0 -17 -10 -22 -22 -7 -18 -9 -13 -9 27 1 28 3 43 6 35 3 -8 12 -21 21 -27z m75 22 c-3 -13 -53 -20 -53 -7 0 15 13 23 35 20 11 -2 19 -7 18 -13z m1 -54 c3 -4 -1 -17 -9 -27 -13 -18 -15 -18 -31 -2 -9 9 -13 21 -10 27 8 13 43 15 50 2z"
       id="path4777" />
    <path
       d="M674 6045 c-9 -22 4 -35 36 -35 l29 0 0 -106 c0 -125 -3 -136 -35 -128 -21 6 -24 3 -24 -24 0 -26 4 -31 28 -34 l27 -3 0 -115 0 -115 -30 0 c-23 0 -30 -4 -30 -20 0 -16 7 -20 30 -20 l30 0 0 -120 0 -120 -27 -3 c-22 -3 -28 -9 -28 -27 0 -18 6 -24 28 -27 l27 -3 0 -115 c0 -108 -1 -115 -20 -115 -11 0 -25 -4 -32 -8 -21 -13 -3 -37 28 -37 l29 0 0 -112 c0 -118 -7 -145 -34 -135 -10 4 -20 -1 -26 -14 -11 -20 -7 -24 35 -31 19 -3 20 -11 20 -118 0 -108 -1 -115 -20 -115 -49 -1 -55 -41 -7 -47 l27 -3 0 -120 0 -120 -25 -3 c-14 -2 -29 -8 -35 -13 -13 -13 10 -33 38 -34 21 0 22 -3 22 -115 0 -107 -1 -115 -20 -118 -42 -7 -46 -11 -35 -31 6 -13 16 -18 26 -14 27 10 34 -17 34 -134 l0 -113 -30 0 c-18 0 -33 -6 -37 -15 -7 -21 2 -29 35 -30 l27 0 0 -115 0 -115 -27 -3 c-22 -3 -28 -9 -28 -27 0 -18 6 -24 28 -27 l27 -3 0 -120 0 -120 -30 0 c-23 0 -30 -4 -30 -20 0 -16 7 -20 30 -20 l30 0 0 -115 0 -115 -28 -3 c-24 -3 -28 -7 -25 -30 2 -21 8 -26 25 -25 30 3 35 -18 31 -142 l-3 -100 -30 0 c-23 0 -30 -4 -30 -20 0 -16 7 -20 30 -20 l30 0 3 -100 c4 -124 -1 -145 -31 -142 -17 1 -23 -4 -25 -25 -3 -23 1 -27 25 -30 l28 -3 0 -115 0 -115 -30 0 c-23 0 -30 -4 -30 -20 0 -16 7 -20 30 -20 l30 0 0 -120 0 -120 -27 -3 c-22 -3 -28 -9 -28 -27 0 -18 6 -24 28 -27 l27 -3 0 -115 0 -115 -27 0 c-33 -1 -42 -9 -35 -30 4 -9 19 -15 37 -15 l30 0 0 -112 c0 -118 -7 -145 -34 -135 -20 8 -42 -28 -24 -40 7 -4 22 -7 33 -8 14 0 20 -7 20 -22 0 -13 6 -28 13 -35 16 -16 36 3 37 35 l0 22 977 0 977 0 3 -30 c2 -22 8 -30 23 -30 15 0 21 8 23 31 l3 31 964 0 964 -1 3 -30 c2 -23 8 -31 23 -31 16 0 20 7 20 30 l0 30 970 0 970 0 3 -28 c3 -22 8 -27 32 -27 24 0 29 5 32 28 l3 27 967 0 967 0 3 -30 c2 -22 8 -30 23 -30 22 0 31 30 21 70 -11 43 -46 48 -336 43 -225 -4 -270 -2 -275 10 -3 7 -5 63 -5 123 0 80 3 109 13 109 6 1 140 2 297 3 278 2 285 3 285 22 0 20 -7 20 -295 21 l-295 1 0 114 0 114 288 1 c190 0 291 4 298 11 8 8 8 17 0 32 -11 20 -18 21 -204 20 -106 0 -230 -4 -277 -9 -55 -5 -89 -4 -97 2 -9 7 -13 45 -13 124 0 84 3 114 13 114 6 1 140 2 297 3 278 2 285 3 285 22 0 19 -7 20 -285 22 -157 1 -291 2 -297 2 -20 1 -18 214 2 231 8 6 18 9 23 6 15 -9 544 -8 553 1 4 4 6 19 2 31 l-6 24 -288 -4 c-234 -2 -290 0 -294 10 -3 8 -5 61 -5 118 0 76 3 104 13 104 6 1 140 2 297 3 278 2 285 3 285 22 0 19 -7 20 -285 22 -157 1 -291 2 -297 3 -10 0 -13 28 -13 104 0 57 2 110 5 118 4 10 60 12 294 10 l288 -4 6 24 c4 12 2 27 -2 31 -9 9 -538 10 -553 1 -5 -3 -15 0 -23 6 -20 17 -22 230 -2 230 6 1 140 2 297 3 278 2 285 3 285 22 0 19 -7 20 -285 22 -157 1 -291 2 -297 3 -18 0 -18 223 0 238 8 6 40 7 92 2 44 -5 169 -9 277 -9 191 -1 198 0 209 20 7 15 8 24 0 32 -6 6 -112 10 -298 11 l-288 1 0 114 0 115 295 0 c288 1 295 1 295 21 0 19 -7 20 -285 22 -157 1 -291 2 -297 3 -10 0 -13 29 -13 113 0 61 4 117 8 123 5 6 103 10 291 10 261 -1 285 0 295 17 22 35 -8 38 -304 35 l-285 -3 0 115 0 115 285 -3 c167 -2 291 1 299 7 8 5 11 16 8 25 -6 15 -36 17 -293 16 -163 -1 -290 2 -295 7 -6 6 -8 61 -7 124 l3 114 293 3 c252 2 294 4 299 18 3 8 2 18 -1 22 -4 4 -589 7 -1299 8 l-1292 2 0 112 0 113 1285 -2 c835 -1 1290 2 1300 9 12 7 12 13 4 27 -11 17 -74 18 -1230 21 -670 1 -1247 -2 -1282 -6 -46 -6 -65 -5 -73 4 -5 7 -8 60 -7 128 l3 117 1295 2 c1288 2 1295 2 1295 22 0 20 -7 20 -1295 22 l-1295 2 0 113 0 113 1289 2 c789 1 1293 6 1298 11 6 6 5 18 -2 32 l-11 21 -1292 -6 c-1460 -7 -1338 -7 -4387 0 l-2255 4 -3 116 c-2 105 -1 115 15 115 10 0 1800 1 3978 3 3953 2 3960 2 3960 22 0 20 -7 20 -3960 22 -2178 2 -3968 3 -3977 3 -16 0 -18 12 -18 115 l0 115 3972 0 c2184 0 3975 3 3980 8 4 4 5 17 1 30 l-5 22 -3962 0 c-2178 0 -3967 0 -3973 0 -10 0 -13 30 -13 115 l0 115 3978 2 c3969 3 3977 3 3977 23 0 20 -8 20 -4028 23 -3515 2 -4028 0 -4033 -13z m4621 -1013 l0 -112 -2250 0 c-1237 0 -2253 0 -2257 0 -10 0 -11 214 -1 223 3 4 1019 6 2257 5 l2251 -3 0 -113z m803 -1999 l-3 -2108 -377 -3 -378 -2 0 2110 0 2110 380 0 380 0 -2 -2107z m-800 1723 c2 -71 -1 -123 -8 -131 -7 -9 -24 -10 -62 -3 -30 5 -997 8 -2248 6 l-2195 -3 -3 122 -3 123 2238 3 c1231 1 2247 2 2258 2 19 0 20 -8 23 -119z m-3988 -289 c3 -59 4 -111 3 -115 -2 -4 -121 -6 -265 -6 l-263 2 -3 103 c-1 56 -1 108 2 114 2 7 82 11 262 10 l259 0 5 -108z m3985 -7 l0 -111 -1564 0 c-860 0 -1566 3 -1569 5 -5 6 -3 206 3 215 2 3 707 5 1567 4 l1563 -2 0 -111z m-3185 -1715 l0 -1825 -367 2 -368 3 -2 65 c-2 92 -3 309 -2 490 0 134 0 1217 -1 2452 0 208 0 381 -1 385 -1 5 -1 63 0 131 l1 122 370 0 370 0 0 -1825z m-805 1429 c0 -97 -3 -129 -12 -128 -7 1 -125 2 -263 3 l-250 1 0 125 0 125 253 2 c138 2 257 3 262 2 6 0 10 -51 10 -130z m3990 1 c0 -117 -2 -130 -17 -129 -10 0 -715 1 -1568 2 l-1550 2 0 125 0 125 1553 3 c853 1 1559 2 1567 2 13 0 15 -21 15 -130z m1451 125 l565 0 -3 -125 -3 -125 -580 -1 -580 0 -3 117 c-3 129 0 149 24 140 9 -3 270 -6 580 -6z m1335 -130 c0 -145 0 -2986 0 -3138 l-1 -112 -352 2 -353 3 -1 60 c-1 33 -2 758 -1 1610 0 853 0 1573 -1 1600 -4 99 -41 90 358 90 l350 0 1 -115z m-6771 -172 c1 -10 1 -206 0 -216 0 -4 -118 -8 -262 -7 l-263 0 -3 104 c-1 58 -1 109 1 115 5 13 527 16 527 4z m3985 -110 l0 -113 -1567 0 c-863 0 -1568 3 -1568 8 -3 50 0 208 3 214 3 4 709 7 1569 6 l1563 -2 0 -113z m2015 110 c1 -10 1 -206 0 -215 0 -5 -262 -7 -582 -7 l-583 2 -3 103 c-1 56 -1 107 1 113 5 13 1167 16 1167 4z m-2012 -400 l-3 -119 -580 0 -580 0 -1 98 c-1 54 0 109 3 123 l3 25 493 -3 c270 -2 526 1 567 6 46 5 80 4 88 -1 9 -7 12 -41 10 -129z m1495 124 l518 3 -3 -123 -3 -123 -580 0 -580 0 -3 117 c-2 69 1 121 8 129 7 9 24 10 67 3 32 -5 291 -8 576 -6z m-5485 -122 c-3 -112 -5 -125 -20 -124 -10 0 -128 1 -263 2 l-245 2 0 118 c0 65 2 121 4 123 2 2 122 4 265 4 l262 0 -3 -125z m2008 105 c3 -11 4 -66 2 -123 l-3 -103 -567 0 c-313 1 -572 1 -578 1 -10 0 -15 232 -6 241 2 2 261 4 576 4 563 0 571 0 576 -20z m774 -1390 l0 -1395 -365 0 -365 0 0 1395 0 1395 365 0 365 0 0 -1395z m-2783 1112 c4 -3 7 -55 5 -116 l-3 -111 -262 2 -262 3 -3 109 c-1 61 1 112 7 115 11 7 506 5 518 -2z m2008 -109 l0 -113 -577 -3 -577 -2 -3 110 c-2 61 0 114 4 118 4 4 265 6 580 5 l573 -2 0 -113z m1980 0 l0 -113 -580 0 -580 0 -2 105 c-2 58 -1 110 1 115 2 7 204 9 582 8 l579 -2 0 -113z m2013 108 c4 -2 6 -54 4 -115 l-3 -111 -585 0 -584 0 0 113 c0 63 2 116 4 118 6 5 1155 1 1164 -5z m-5998 -390 c3 -65 1 -120 -3 -123 -6 -4 -441 -6 -520 -3 -4 0 -6 53 -5 118 l3 117 237 0 c130 0 240 4 244 8 5 4 15 6 24 5 12 -3 16 -25 20 -122z m1345 107 c237 -2 480 0 540 5 80 7 112 6 118 -2 4 -6 6 -62 5 -124 l-3 -113 -572 0 c-315 0 -576 1 -580 1 -13 0 -3 234 10 243 7 4 21 4 32 1 11 -4 214 -9 450 -11z m1980 0 c272 -3 481 -1 545 6 80 8 106 7 112 -2 5 -7 7 -63 6 -125 l-3 -113 -580 0 -580 0 -2 103 c-3 139 1 152 35 143 15 -4 225 -9 467 -12z m2060 2 c248 0 486 2 530 5 l80 5 5 -118 c3 -66 2 -121 -2 -123 -4 -3 -267 -5 -585 -5 l-578 0 -3 103 c-4 146 -3 149 56 140 26 -4 250 -7 497 -7z m-5388 -288 c14 -9 0 -232 -14 -231 -7 1 -125 2 -263 3 l-250 1 0 114 c0 68 4 116 10 118 16 5 508 1 517 -5z m2008 -114 c0 -106 -2 -118 -17 -117 -10 0 -270 1 -577 2 l-560 2 -3 113 c-2 61 0 114 4 117 3 3 264 4 580 3 l573 -2 0 -118z m1980 2 l0 -116 -573 0 c-316 1 -578 3 -583 7 -9 5 -13 216 -5 225 2 2 265 3 583 2 l578 -2 0 -116z m2013 111 c4 -2 5 -54 2 -115 l-5 -112 -580 0 -580 0 -3 108 c-1 59 -1 112 1 117 3 8 181 10 581 9 317 -1 580 -4 584 -7z m-3993 -288 c3 -13 5 -69 3 -126 l-3 -103 -579 0 c-318 0 -579 1 -580 3 0 2 1 54 4 117 l5 113 545 -1 c300 0 554 4 565 9 30 13 34 12 40 -12z m1983 -115 l-3 -114 -580 0 -580 0 -2 98 c-1 54 0 107 2 118 4 20 11 20 547 17 320 -2 554 1 568 6 45 17 51 1 48 -125z m-3988 7 c3 -62 1 -114 -3 -117 -7 -4 -309 -6 -514 -3 -16 0 -19 226 -3 232 6 2 124 2 263 2 l252 -2 5 -112z m6000 -1 c3 -61 2 -113 -2 -115 -4 -3 -267 -5 -585 -5 l-578 0 -3 107 c-1 59 -1 113 1 118 3 8 181 10 583 9 l579 -2 5 -112z m-6003 -172 c4 -3 6 -55 3 -117 l-5 -112 -255 1 c-140 0 -258 1 -262 1 -5 0 -8 51 -8 114 0 100 2 115 17 118 28 5 500 1 510 -5z m2011 -108 c3 -125 -4 -144 -46 -128 -16 6 -229 9 -566 8 l-541 -1 -5 113 c-3 63 -2 116 2 119 3 3 264 4 580 3 l573 -2 3 -112z m1980 0 c3 -126 -3 -143 -47 -128 -18 6 -233 9 -570 7 -474 -3 -542 -1 -545 12 -5 18 -6 212 -1 219 2 4 263 5 582 4 l578 -2 3 -112z m2010 107 c4 -2 5 -54 2 -115 l-5 -112 -580 0 -580 0 -3 107 c-1 59 -1 113 1 118 3 8 181 10 581 9 317 -1 580 -4 584 -7z m-5998 -395 c3 -62 1 -115 -3 -118 -7 -4 -309 -6 -514 -3 -10 0 -13 30 -13 115 l0 115 253 2 c138 2 257 3 262 2 6 0 12 -49 15 -113z m2005 -4 l0 -118 -573 0 c-315 0 -576 2 -580 5 -4 2 -6 54 -4 115 l3 111 562 3 c309 1 569 2 577 2 12 0 15 -20 15 -118z m1980 -2 l0 -116 -580 0 -580 0 -3 107 c-1 58 2 111 7 118 7 8 162 10 583 9 l573 -2 0 -116z m2015 4 c3 -61 2 -113 -2 -115 -4 -3 -267 -5 -585 -5 l-578 0 -3 107 c-1 59 -1 113 1 118 3 8 181 10 583 9 l579 -2 5 -112z m-6003 -172 c4 -3 6 -58 3 -124 l-5 -118 -25 3 c-14 2 -131 4 -260 5 l-235 2 -3 117 c-2 104 -1 117 15 120 28 5 500 1 510 -5z m2011 -109 c1 -62 -1 -118 -5 -124 -6 -8 -35 -9 -93 -5 -131 11 -854 12 -949 2 -47 -5 -91 -7 -97 -4 -14 5 -25 228 -12 241 4 4 265 6 580 5 l573 -2 3 -113z m1980 0 c1 -62 -2 -118 -6 -125 -6 -9 -30 -10 -102 -2 -107 11 -843 9 -965 -2 -52 -5 -82 -4 -86 3 -6 10 -10 228 -4 238 2 3 263 4 582 3 l578 -2 3 -113z m2010 108 c4 -2 5 -57 2 -123 l-5 -118 -25 3 c-72 9 -929 12 -1020 4 -77 -7 -107 -7 -112 2 -8 11 -11 229 -4 237 6 5 1155 1 1164 -5z m-5996 -397 c2 -61 -1 -113 -5 -116 -7 -4 -457 -7 -519 -3 -10 0 -11 214 -1 223 3 4 122 7 264 7 l258 0 3 -111z m2003 -7 l0 -113 -572 0 c-315 0 -576 1 -580 1 -6 0 -8 94 -3 223 0 4 260 6 578 5 l577 -3 0 -113z m1980 0 l0 -113 -580 0 -580 0 -2 103 c-1 57 0 109 2 116 4 10 125 12 582 10 l578 -3 0 -113z m2017 7 c2 -61 0 -113 -4 -115 -4 -3 -267 -5 -585 -5 l-578 0 -3 115 -3 116 585 0 585 0 3 -111z m-6007 -288 l0 -125 -260 0 -260 0 -3 122 -3 122 248 3 c136 1 255 2 263 2 13 0 15 -21 15 -124z m2013 17 c2 -57 1 -112 -2 -123 -5 -20 -13 -20 -578 -19 l-573 1 -3 118 c-1 66 1 121 7 124 5 3 265 5 578 4 l568 -2 3 -103z m1980 0 c2 -57 1 -112 -2 -123 -5 -20 -13 -20 -580 -20 l-576 0 -4 25 c-5 33 -7 210 -2 219 2 3 264 5 583 4 l578 -2 3 -103z m2007 -19 l0 -122 -577 -1 c-473 -1 -579 1 -583 12 -6 16 -7 227 -1 233 2 2 265 3 583 2 l578 -2 0 -122z"
       id="path4779" />
    <path
       d="M443 5843 c-7 -2 -13 -11 -13 -19 0 -8 6 -15 13 -15 6 -1 17 -2 22 -4 6 -1 16 -3 23 -3 18 -3 15 -27 -8 -64 -23 -38 -26 -74 -6 -81 16 -6 36 11 36 30 0 7 4 21 9 31 30 55 52 113 46 122 -6 10 -99 13 -122 3z"
       id="path4781" />
    <path
       d="M366 5809 c-31 -37 -32 -45 -6 -59 15 -8 20 -21 20 -51 0 -36 2 -40 23 -37 20 3 22 9 25 70 3 64 -8 108 -27 108 -5 0 -21 -14 -35 -31z"
       id="path4783" />
    <path
       d="M468 5541 c-30 -17 -33 -23 -38 -72 -4 -39 -7 -49 -13 -35 -4 11 -5 39 -1 63 5 35 3 44 -11 49 -12 5 -24 -2 -41 -22 -23 -29 -23 -29 -4 -46 14 -11 20 -29 20 -57 0 -45 11 -58 30 -36 14 17 50 11 63 -11 12 -21 41 -17 72 12 25 23 27 30 21 71 -3 25 -6 54 -6 63 0 30 -52 42 -92 21z m57 -81 c7 -23 -10 -50 -31 -50 -19 0 -27 18 -20 46 8 30 42 32 51 4z"
       id="path4785" />
    <path
       d="M498 5273 c-19 -3 -28 -10 -28 -23 0 -10 -10 -26 -21 -34 -14 -9 -20 -22 -17 -34 3 -11 2 -26 -3 -33 -10 -16 -13 11 -10 74 2 30 -1 37 -16 37 -11 0 -30 -14 -43 -32 l-23 -32 21 -14 c16 -11 22 -25 22 -53 0 -42 14 -49 49 -27 15 9 22 8 36 -5 36 -37 105 -1 105 56 0 26 -6 34 -45 62 -20 14 -20 14 1 15 30 0 53 28 33 41 -8 5 -18 8 -24 7 -5 0 -22 -3 -37 -5z m27 -123 c0 -33 -39 -40 -55 -10 -15 27 -4 42 28 38 21 -2 27 -8 27 -28z"
       id="path4787" />
    <path
       d="M362 4950 l-22 -30 20 -17 c14 -12 20 -30 20 -60 0 -36 3 -43 20 -43 13 0 22 9 26 25 6 24 10 26 52 23 39 -3 47 -7 52 -26 8 -38 23 -29 56 37 4 7 1 17 -7 22 -8 5 -14 25 -14 51 0 37 -3 43 -23 46 -23 3 -72 -37 -72 -59 0 -5 -9 -9 -19 -9 -12 0 -21 -8 -24 -22 -3 -13 -3 0 -1 28 3 40 0 53 -12 58 -25 10 -29 8 -52 -24z m165 -36 c8 -22 -11 -37 -37 -29 -20 6 -21 8 -4 26 21 23 33 24 41 3z"
       id="path4789" />
    <path
       d="M473 4696 c-4 -7 -18 -18 -30 -25 -19 -10 -23 -9 -23 4 0 25 -35 17 -58 -15 -27 -36 -28 -46 -2 -53 16 -4 20 -14 20 -46 0 -43 12 -51 50 -31 13 7 21 6 30 -5 16 -19 60 -19 85 -1 14 10 19 28 21 75 2 56 0 64 -24 86 -30 28 -57 32 -69 11z m47 -56 c0 -10 -8 -24 -17 -29 -17 -10 -16 -12 7 -30 23 -18 24 -20 6 -27 -10 -4 -26 -2 -35 5 -9 6 -24 14 -33 17 -26 9 -25 64 1 64 11 0 23 5 26 10 11 18 45 11 45 -10z"
       id="path4791" />
    <path
       d="M367 4382 l-28 -29 21 -25 c11 -15 20 -41 20 -61 0 -41 12 -54 30 -32 11 13 14 13 24 1 15 -19 113 -27 126 -11 14 17 2 45 -21 45 -22 0 -15 28 13 48 10 7 18 24 18 37 0 46 -74 72 -111 39 -16 -14 -19 -14 -41 0 -23 15 -26 14 -51 -12z m158 -22 c7 -12 -63 -90 -81 -90 -10 0 -14 13 -14 40 0 29 4 38 13 34 8 -3 20 2 27 11 14 17 46 20 55 5z"
       id="path4793" />
    <path
       d="M362 4090 c-27 -37 -28 -46 -1 -53 19 -5 21 -11 16 -41 -7 -42 12 -63 40 -48 15 9 17 22 14 84 -1 40 -5 76 -8 81 -10 16 -41 5 -61 -23z"
       id="path4795" />
    <path
       d="M485 4086 c-18 -33 -18 -37 -3 -48 10 -7 18 -30 20 -52 3 -43 15 -53 40 -34 13 11 14 26 9 88 -5 66 -9 75 -27 78 -15 2 -26 -7 -39 -32z"
       id="path4797" />
    <path
       d="M465 3823 c-14 -13 -21 -14 -36 -5 -27 17 -42 15 -62 -8 -21 -25 -22 -56 -3 -63 9 -4 16 -23 18 -48 3 -45 26 -65 35 -31 6 23 27 20 56 -10 24 -24 37 -23 70 7 23 22 27 34 27 80 0 42 -5 60 -20 75 -24 24 -63 26 -85 3z m-36 -75 c-1 -43 -2 -48 -9 -27 -7 24 -3 79 6 79 2 0 4 -24 3 -52z m99 29 c8 -38 -8 -87 -27 -87 -11 0 -22 7 -25 16 -8 22 -8 79 1 88 13 13 48 1 51 -17z"
       id="path4799" />
    <path
       d="M452 3533 c-20 -23 -22 -32 -17 -82 8 -62 24 -81 67 -81 45 0 68 31 68 93 0 43 -5 58 -23 75 -31 29 -67 27 -95 -5z m72 -39 c7 -17 -10 -54 -24 -54 -14 0 -31 37 -24 54 3 9 14 16 24 16 10 0 21 -7 24 -16z"
       id="path4801" />
    <path
       d="M459 3273 c-51 -56 -23 -173 42 -173 41 0 63 33 65 98 1 49 -2 60 -24 80 -33 29 -53 28 -83 -5z m58 -29 c8 -21 -13 -42 -28 -27 -13 13 -5 43 11 43 6 0 13 -7 17 -16z m3 -79 c10 -12 9 -16 -4 -21 -9 -3 -23 -3 -32 0 -13 5 -14 9 -4 21 7 8 16 15 20 15 4 0 13 -7 20 -15z"
       id="path4803" />
    <path
       d="M435 2990 c-10 -16 13 -39 34 -33 27 7 36 -15 15 -38 -24 -27 -25 -102 -1 -107 9 -2 17 2 17 10 1 7 9 31 20 53 11 22 19 44 20 49 0 5 7 17 16 27 29 33 11 49 -55 49 -33 0 -63 -5 -66 -10z"
       id="path4805" />
    <path
       d="M457 2702 c-37 -38 -39 -117 -4 -150 30 -28 68 -28 95 1 23 24 30 71 12 82 -6 4 -5 13 3 26 10 17 8 22 -17 44 -37 32 -56 31 -89 -3z m68 -102 c0 -18 -6 -26 -23 -28 -24 -4 -38 18 -28 44 3 9 15 14 28 12 17 -2 23 -10 23 -28z"
       id="path4807" />
    <path
       d="M450 2389 c-11 -23 -19 -48 -16 -55 7 -19 35 -18 42 1 4 8 12 15 20 15 19 0 35 -33 24 -50 -8 -12 -15 -13 -42 -2 -47 17 -57 -5 -18 -40 17 -16 34 -28 39 -28 21 0 71 53 71 75 0 34 -10 55 -26 55 -20 0 -17 9 8 29 30 25 15 41 -37 41 -40 0 -44 -3 -65 -41z"
       id="path4809" />
    <path
       d="M471 2100 c-35 -40 -42 -54 -37 -75 5 -21 12 -25 44 -25 26 0 41 -6 50 -20 17 -28 25 -25 46 15 14 25 16 38 8 47 -6 8 -12 34 -14 58 -3 40 -6 45 -28 47 -18 1 -36 -11 -69 -47z m54 -20 c7 -11 -11 -40 -25 -40 -4 0 -5 11 -2 25 5 26 16 32 27 15z"
       id="path4811" />
    <path
       d="M450 1838 c-11 -12 -20 -26 -20 -30 0 -17 30 -20 45 -4 9 9 22 16 29 16 25 0 27 -15 4 -32 -21 -17 -22 -19 -5 -29 20 -12 23 -49 3 -49 -7 0 -19 7 -26 15 -16 20 -39 19 -47 -1 -7 -18 41 -63 68 -64 9 0 28 10 42 23 25 21 27 28 23 86 -2 48 -7 67 -21 77 -28 21 -72 17 -95 -8z"
       id="path4813" />
    <path
       d="M451 1535 c-13 -14 -21 -32 -17 -40 7 -19 20 -19 36 0 7 8 21 15 31 15 34 0 21 -37 -27 -79 -63 -55 -56 -73 28 -69 51 2 63 6 66 21 3 12 -5 19 -27 23 -17 4 -31 8 -31 11 0 2 14 16 30 30 36 30 38 60 6 91 -31 29 -65 28 -95 -3z"
       id="path4815" />
    <path
       d="M483 1234 c-27 -31 -28 -40 -7 -52 10 -6 17 -25 18 -51 3 -55 20 -72 45 -46 17 18 19 29 13 95 -6 65 -10 75 -27 78 -11 1 -30 -9 -42 -24z"
       id="path4817" />
    <path
       d="M457 962 c-37 -38 -39 -117 -4 -150 29 -27 71 -28 97 -2 31 31 28 121 -5 155 -33 32 -55 32 -88 -3z m67 -44 c11 -42 6 -76 -11 -82 -26 -10 -41 14 -36 62 4 32 9 42 23 42 10 0 20 -10 24 -22z"
       id="path4819" />
  </g>
  <path
     style="fill:#9594c4;fill-opacity:1;fill-rule:nonzero;stroke:none"
     d="m 170.91759,242.25195 c -1.00567,135.58712 -0.14335,271.48983 -0.43102,407.19826 0.51983,16.26317 -1.02913,32.99958 0.75427,48.9737 30.59946,0.91774 61.94389,1.69906 92.39813,1.50854 1.1314,-107.72073 0.16163,-215.82248 0.48489,-323.68975 -0.50221,-44.71397 1.00483,-89.88755 -0.75428,-134.31401 -30.15087,-1.00575 -60.61733,-0.14363 -90.88958,-0.43101 l -1.55259,0.74953 -0.01,0.005 z"
     id="path5523"
     inkscape:connector-curvature="0"
     transform="scale(0.8,0.8)" />
  <path
     style="fill:#9594c4;fill-opacity:1;fill-rule:nonzero;stroke:none"
     d="m 419.1803,349.14284 c -1.0057,116.35322 -0.14367,233.02199 -0.43101,349.49657 7.62816,4.76524 20.15873,0.58404 29.57817,1.99343 21.1525,-0.5 42.76294,1.00192 63.6281,-0.75427 1.0057,-116.35321 0.14366,-233.02199 0.43101,-349.49657 -7.62817,-4.76523 -20.15874,-0.58404 -29.57818,-1.99343 -21.13199,0.49942 -42.79229,-1.00093 -63.62809,0.75427 z"
     id="path5525"
     inkscape:connector-curvature="0"
     transform="scale(0.8,0.8)" />
  <path
     style="fill:#9594c4;fill-opacity:1;fill-rule:nonzero;stroke:none"
     d="m 667.44301,171.56604 c -1.00566,136.08997 -0.14379,272.49545 -0.43101,408.7068 0.50791,39.75603 -1.01253,79.97604 0.75427,119.4441 30.74458,0.23392 61.84496,-0.50837 92.6675,-1.77792 4.26834,-7.84003 0.50915,-18.92879 1.93165,-27.9078 1.20415,-165.73949 1.532,-331.48402 2.27072,-497.22602 -7.62817,-4.76524 -20.15874,-0.58404 -29.57818,-1.99343 -22.45819,0.50784 -45.45646,-1.0218 -67.61495,0.75427 z"
     id="path5527"
     inkscape:connector-curvature="0"
     transform="scale(0.8,0.8)" />
  <path
     style="fill:#9594c4;fill-opacity:1;fill-rule:nonzero;stroke:none"
     d="m 965.97246,278.07979 c -14.69704,0.69998 -29.90785,-0.7224 -44.28645,1.29304 -1.1621,139.04581 -0.70117,278.34531 -1.23916,417.48866 7.59993,4.81909 20.12464,0.84656 29.52164,2.37651 20.01393,-0.18178 40.42981,1.48298 60.18261,0.69445 1.1314,-107.45136 0.1619,-215.28368 0.4849,-322.8816 -0.5085,-32.93154 1.0134,-66.32754 -0.7542,-98.97106 -14.46625,-0.88833 -29.32033,0.14804 -43.90934,0 z"
     id="path5529"
     inkscape:connector-curvature="0"
     transform="scale(0.8,0.8)" />
  <text
     xml:space="preserve"
     style="font-size:27.31970215px;font-style:normal;font-variant:normal;font-weight:bold;font-stretch:normal;text-align:start;line-height:125%;letter-spacing:0px;word-spacing:0px;text-anchor:start;fill:#000000;fill-opacity:1;stroke:none;font-family:Arial;-inkscape-font-specification:Arial Bold"
     x="118.63079"
     y="607.84814"
     id="text5531"
     sodipodi:linespacing="125%"><tspan
       sodipodi:role="line"
       id="tspan5533"
       x="118.63079"
       y="607.84814">1ª Série</tspan></text>
  <text
     xml:space="preserve"
     style="font-size:27.31970406px;font-style:normal;font-variant:normal;font-weight:bold;font-stretch:normal;text-align:start;line-height:125%;letter-spacing:0px;word-spacing:0px;text-anchor:start;fill:#000000;fill-opacity:1;stroke:none;font-family:Arial;-inkscape-font-specification:Arial Bold"
     x="322.80875"
     y="609.79047"
     id="text5531-3"
     sodipodi:linespacing="125%"><tspan
       sodipodi:role="line"
       id="tspan5533-6"
       x="322.80875"
       y="609.79047">2ª Série</tspan></text>
  <text
     xml:space="preserve"
     style="font-size:27.31970406px;font-style:normal;font-variant:normal;font-weight:bold;font-stretch:normal;text-align:start;line-height:125%;letter-spacing:0px;word-spacing:0px;text-anchor:start;fill:#000000;fill-opacity:1;stroke:none;font-family:Arial;-inkscape-font-specification:Arial Bold"
     x="526.77106"
     y="607.77936"
     id="text5531-3-7"
     sodipodi:linespacing="125%"><tspan
       sodipodi:role="line"
       id="tspan5533-6-5"
       x="526.77106"
       y="607.77936">3ª Série</tspan></text>
  <text
     xml:space="preserve"
     style="font-size:27.31970406px;font-style:normal;font-variant:normal;font-weight:bold;font-stretch:normal;text-align:start;line-height:125%;letter-spacing:0px;word-spacing:0px;text-anchor:start;fill:#000000;fill-opacity:1;stroke:none;font-family:Arial;-inkscape-font-specification:Arial Bold"
     x="723.77686"
     y="607.12439"
     id="text5531-3-3"
     sodipodi:linespacing="125%"><tspan
       sodipodi:role="line"
       id="tspan5533-6-56"
       x="723.77686"
       y="607.12439">4ª Série</tspan></text>
</svg>
