<?xml version="1.0" encoding="UTF-8" standalone="no"?>
<svg
   xmlns:dc="http://purl.org/dc/elements/1.1/"
   xmlns:cc="http://creativecommons.org/ns#"
   xmlns:rdf="http://www.w3.org/1999/02/22-rdf-syntax-ns#"
   xmlns:svg="http://www.w3.org/2000/svg"
   xmlns="http://www.w3.org/2000/svg"
   xmlns:sodipodi="http://sodipodi.sourceforge.net/DTD/sodipodi-0.dtd"
   xmlns:inkscape="http://www.inkscape.org/namespaces/inkscape"
   version="1.0"
   width="900.000000pt"
   height="444.000000pt"
   viewBox="0 0 900.000000 444.000000"
   preserveAspectRatio="xMidYMid meet"
   id="svg3499"
   inkscape:version="0.48.4 r9939"
   sodipodi:docname="5.svg">
  <defs
     id="defs3823" />
  <sodipodi:namedview
     pagecolor="#ffffff"
     bordercolor="#666666"
     borderopacity="1"
     objecttolerance="10"
     gridtolerance="10"
     guidetolerance="10"
     inkscape:pageopacity="0"
     inkscape:pageshadow="2"
     inkscape:window-width="1600"
     inkscape:window-height="824"
     id="namedview3821"
     showgrid="false"
     inkscape:zoom="1.632"
     inkscape:cx="201.64711"
     inkscape:cy="450.10688"
     inkscape:window-x="0"
     inkscape:window-y="24"
     inkscape:window-maximized="1"
     inkscape:current-layer="svg3499" />
  <metadata
     id="metadata3501">
Created by potrace 1.10, written by Peter Selinger 2001-2011
<rdf:RDF>
  <cc:Work
     rdf:about="">
    <dc:format>image/svg+xml</dc:format>
    <dc:type
       rdf:resource="http://purl.org/dc/dcmitype/StillImage" />
  </cc:Work>
</rdf:RDF>
</metadata>
  <g
     transform="translate(0.000000,444.000000) scale(0.100000,-0.100000)"
     fill="#000000"
     stroke="none"
     id="g3503">
    <path
       d="m 5798,4295 c -48,-24 -97,-50 -110,-59 -35,-25 -73,-19 -145,20 -111,62 -117,64 -156,64 -59,0 -105,-27 -185,-109 -68,-70 -74,-73 -98,-63 -14,7 -44,12 -68,12 -38,0 -48,-5 -79,-39 -36,-40 -57,-94 -54,-140 2,-18 -10,-33 -42,-58 -24,-19 -57,-50 -73,-70 -40,-51 -37,-90 14,-177 23,-40 41,-84 41,-101 0,-17 -13,-52 -31,-79 -22,-34 -32,-62 -32,-88 0,-47 33,-115 71,-147 34,-28 39,-74 12,-104 -14,-15 -18,-37 -18,-101 0,-93 9,-107 94,-150 47,-24 91,-76 91,-108 0,-8 10,-24 23,-35 58,-54 136,-67 202,-36 29,14 39,15 53,5 126,-90 164,-92 319,-21 24,10 47,19 53,19 6,0 42,-16 80,-35 74,-37 123,-44 154,-20 11,8 27,15 37,15 9,0 41,14 72,30 66,35 119,39 162,10 23,-15 47,-20 100,-20 69,0 72,1 115,41 51,47 76,59 130,59 22,0 47,8 61,19 27,22 58,110 48,137 -16,40 -9,70 22,100 28,26 30,33 25,72 -3,23 -13,53 -22,67 -11,17 -14,35 -10,59 8,43 -4,52 -44,31 -38,-20 -38,-42 1,-100 28,-42 30,-49 18,-71 -7,-13 -28,-36 -46,-50 -37,-28 -40,-40 -19,-63 19,-21 23,-95 7,-115 -9,-11 -30,-16 -62,-16 -64,0 -92,-14 -118,-60 -29,-51 -66,-65 -139,-53 -100,18 -238,8 -309,-21 -80,-33 -107,-32 -168,4 -62,37 -108,38 -178,6 -29,-13 -77,-26 -107,-30 -50,-6 -59,-4 -100,24 -43,29 -49,30 -156,30 -97,0 -115,3 -138,21 -19,15 -26,30 -26,55 0,40 -36,84 -69,84 -11,0 -43,21 -71,48 l -51,47 21,50 c 11,28 28,62 36,77 26,48 18,76 -36,127 -49,47 -50,48 -50,109 0,51 5,68 30,105 17,25 30,57 30,71 0,15 -20,60 -45,100 -64,106 -59,146 25,193 41,23 52,35 61,66 5,20 8,41 5,46 -9,13 30,103 49,113 16,10 53,7 115,-8 22,-5 38,7 109,75 109,105 135,114 234,81 142.9859,-201.8846 337.2639,11.6788 317,-7 123,58 170,57 268,-8 70,-45 75,-47 132,-43 36,3 66,11 78,21 25,23 58,21 98,-4 40,-24 54,-47 54,-86 0,-44 24,-68 90,-93 89,-33 100,-67 50,-148 -16,-27 -30,-57 -30,-67 0,-10 20,-38 45,-62 54,-51 56,-72 15,-133 -16,-25 -30,-48 -30,-51 0,-3 14,-21 31,-38 29,-31 31,-36 27,-99 l -3,-67 70,-2 c 55,-2 73,1 83,14 17,23 15,69 -3,97 -15,22 -14,26 23,72 22,27 51,60 66,73 21,20 26,33 26,72 0,40 5,53 33,82 30,32 37,34 122,41 81,7 95,11 145,44 50,34 62,37 136,40 66,3 89,0 127,-17 25,-12 53,-21 61,-21 8,0 26,-5 40,-11 19,-9 36,-8 77,6 30,10 59,21 64,26 24,18 104,39 155,39 42,0 68,-7 110,-30 53,-30 57,-30 180,-29 143,2 165,-5 180,-62 13,-46 52,-89 83,-89 41,0 67,-35 67,-88 0,-27 -7,-57 -15,-68 -22,-29 -18,-62 13,-103 47,-62 64,-99 56,-124 -4,-12 -34,-49 -66,-82 l -60,-60 6,-62 6,-62 -40,-26 c -28,-18 -53,-25 -89,-25 -27,0 -52,4 -55,9 -9,14 -85,20 -116,9 -16,-5 -31,-16 -34,-23 -8,-23 -86,-57 -115,-51 -14,3 -48,10 -76,15 -27,6 -68,17 -90,25 -41,15 -70,13 -114,-10 -32,-17 -97,-18 -155,-2 -67,18 -76,6 -76,-99 0,-60 -3,-84 -12,-81 -13,5 -36,72 -46,137 -9,58 -30,71 -77,48 -57,-27 -161,-23 -224,9 -28,14 -55,23 -60,19 -26,-15 -121,-25 -142,-14 -20,10 -21,16 -15,80 l 7,68 -41,21 -42,21 4,67 c 3,65 2,67 -24,76 -20,7 -35,6 -53,-4 -25,-13 -25,-13 -4,-28 14,-10 20,-24 19,-46 -3,-57 0,-66 38,-107 35,-39 37,-46 37,-106 0,-58 3,-67 28,-89 25,-21 35,-23 85,-18 31,3 69,10 83,15 21,8 38,4 91,-21 79,-36 107,-37 166,-8 59,28 74,18 88,-58 13,-74 70,-223 94,-248 15,-15 21,-16 40,-6 19,10 21,17 14,43 -4,18 -8,83 -9,145 -1,136 1,140 83,123 48,-11 64,-10 102,3 60,21 95,20 158,-4 86,-33 220,-22 242,20 21,39 47,44 127,24 64,-16 80,-16 135,-5 75,15 110,46 102,89 -4,19 0,32 10,41 9,8 16,29 16,50 0,29 7,41 33,62 18,14 45,49 60,78 l 28,51 -17,53 c -9,28 -22,59 -29,67 -35,43 -37,60 -14,116 38,94 7,145 -127,215 -11,6 -26,26 -33,44 -24,68 -122,124 -188,109 -15,-3 -47,-13 -71,-21 -42,-16 -43,-16 -93,16 -28,17 -57,31 -66,31 -8,0 -31,8 -50,17 -31,14 -41,15 -77,4 -22,-7 -57,-15 -76,-18 -19,-3 -62,-18 -96,-34 -69,-33 -85,-35 -122,-15 -55,30 -128,46 -204,46 -86,0 -119,-12 -176,-62 -31,-27 -38,-28 -122,-27 -76,1 -93,-2 -119,-21 -42,-29 -80,-97 -87,-156 -5,-42 -12,-55 -52,-91 l -47,-42 3,-80 c 3,-82 -6,-103 -33,-81 -10,8 -15,31 -15,66 0,42 -5,58 -20,71 -26,23 -25,34 5,79 39,58 35,106 -15,155 -22,22 -40,44 -40,48 0,5 14,35 30,66 17,31 30,67 30,79 0,41 -36,83 -87,102 -63,23 -93,50 -93,86 0,19 -13,41 -43,73 l -44,45 -84,0 c -58,-1 -90,-5 -103,-15 -29,-22 -39,-19 -111,25 -138,84 -165,87 -287,25 z"
       id="path3505"
       inkscape:connector-curvature="0"
       sodipodi:nodetypes="cccsccscccccscsccscsccscsscsccscsccccccccccccscccccccscsscccccscscccccccccccccsccsccsccccccccscccccscccscccssccccccccsccccccccscccccccccccccsccscccccccsccccccssccscccccccccccsccsccsccccccccscccscscscccccc" />
    <path
       d="M263 4152 c-11 -12 -13 -252 -13 -1500 1 -918 -3 -1488 -9 -1490 -5 -2 -29 11 -52 28 -39 27 -135 60 -174 60 -10 0 -15 -10 -15 -30 0 -26 4 -30 28 -30 16 0 37 -7 48 -15 10 -8 27 -15 37 -15 20 0 124 -56 133 -72 10 -15 11 -279 2 -285 -5 -2 -20 3 -35 11 -57 32 -107 46 -159 46 -53 0 -54 0 -54 -30 0 -27 3 -30 33 -30 53 0 178 -37 200 -59 19 -19 20 -31 18 -263 -2 -152 -6 -247 -13 -255 -6 -7 -31 -13 -57 -14 -57 0 -152 -30 -165 -52 -8 -12 -7 -21 4 -31 13 -13 25 -13 92 2 63 13 84 14 111 4 18 -7 50 -12 71 -12 20 0 52 -6 70 -14 30 -12 42 -12 96 1 59 15 65 15 97 -2 29 -16 40 -17 84 -7 68 16 104 15 140 -3 22 -12 45 -14 90 -9 49 5 63 4 79 -11 15 -13 26 -15 47 -9 15 5 188 9 383 9 l355 0 3 32 3 33 292 0 c161 1 778 0 1373 0 925 -1 1083 1 1093 14 8 10 11 84 10 262 0 137 2 257 6 267 5 13 14 17 28 13 11 -3 29 0 41 6 23 12 55 48 56 62 0 5 15 26 34 47 50 54 70 135 41 159 -24 20 -45 4 -45 -34 0 -19 -4 -37 -9 -40 -5 -3 -23 -30 -40 -59 -43 -75 -108 -139 -132 -132 -14 5 -24 -2 -40 -30 -20 -33 -25 -36 -54 -31 -60 12 -99 -25 -71 -66 14 -19 13 -23 -4 -45 -15 -19 -17 -30 -10 -49 5 -13 6 -34 1 -46 -4 -13 -5 -35 0 -50 4 -15 3 -44 -2 -64 -14 -50 -6 -68 29 -59 15 3 33 12 41 20 11 11 10 18 -10 46 l-23 32 22 15 c29 19 28 36 -4 61 -24 19 -25 20 -5 30 27 15 66 14 78 -1 9 -11 9 -100 2 -168 -1 -8 1 -26 5 -40 14 -56 24 -55 -436 -56 -233 -1 -661 -2 -952 -3 -312 -1 -533 2 -539 8 -18 18 19 23 211 26 108 1 215 7 237 13 22 6 101 16 175 22 140 12 227 28 213 39 -28 23 -86 32 -134 21 -43 -11 -57 -10 -94 5 -44 16 -45 16 -77 -9 l-33 -25 -375 -7 c-370 -6 -375 -6 -401 14 -61 49 -36 193 60 335 25 37 55 83 67 102 11 20 30 44 42 56 30 27 28 47 -5 59 -57 21 -75 35 -113 92 -40 57 -40 58 -40 153 0 87 3 102 31 158 38 77 75 127 95 127 8 0 38 8 67 18 61 20 171 21 237 1 151 -46 212 -190 139 -326 -17 -32 -49 -92 -71 -133 -23 -41 -46 -81 -51 -88 -6 -8 -11 -54 -12 -102 0 -85 1 -90 30 -120 54 -57 75 -63 197 -55 59 4 111 11 114 16 3 5 36 9 74 9 38 0 71 4 74 9 17 28 -34 67 -65 50 -26 -13 -245 -23 -252 -11 -4 5 0 27 9 48 21 50 13 140 -18 194 -26 44 -18 72 21 78 l21 3 -22 20 -23 19 25 20 c14 12 42 28 63 37 21 8 43 24 50 34 9 12 24 18 43 16 28 -2 29 0 35 53 15 134 60 201 126 188 31 -6 26 -38 -21 -119 -56 -96 -59 -153 -15 -241 5 -10 9 -24 9 -31 0 -7 6 -19 13 -25 13 -14 13 -15 25 -132 4 -41 13 -85 20 -97 6 -12 12 -37 12 -56 0 -19 7 -51 15 -70 8 -20 15 -47 16 -59 0 -13 12 -48 27 -78 25 -52 29 -55 64 -55 51 -1 66 -17 51 -55 -10 -27 -9 -33 10 -51 32 -30 60 -33 103 -11 26 13 69 21 128 25 80 4 93 3 118 -16 24 -18 31 -19 54 -8 16 7 44 9 69 5 57 -8 80 1 95 36 7 17 19 30 26 30 32 0 91 33 107 59 9 16 17 46 17 68 0 32 9 47 50 92 30 32 50 63 50 77 0 15 11 29 34 43 43 27 116 113 146 171 28 54 60 171 60 219 0 37 -30 90 -64 112 -12 7 -41 16 -66 19 l-45 5 -3 64 c-2 51 -9 72 -31 105 -53 76 -119 121 -196 133 -51 7 -62 17 -77 64 -12 40 -71 109 -94 109 -8 0 -24 14 -36 30 -29 40 -65 38 -60 -3 3 -19 -4 -37 -18 -52 -35 -38 -82 -215 -111 -423 l-12 -83 27 -28 c28 -29 34 -70 16 -115 -8 -21 -7 -24 8 -19 9 3 35 19 56 35 22 15 47 28 55 28 37 -1 108 -58 117 -93 6 -25 4 -27 -23 -27 -17 0 -44 7 -62 16 -18 9 -42 13 -55 10 -33 -8 -94 -74 -107 -116 -6 -19 -12 -41 -15 -49 -3 -11 -7 -11 -19 -1 -12 10 -19 10 -32 -1 -37 -28 -76 -74 -104 -125 -37 -66 -52 -78 -84 -70 -31 8 -31 3 0 -51 27 -44 24 -49 -23 -37 -14 4 -31 23 -43 50 -23 47 -18 68 12 59 16 -5 19 -1 19 26 0 20 8 40 23 53 12 12 44 46 71 75 27 29 59 59 72 68 31 20 30 34 -4 54 -23 13 -34 34 -60 115 -17 54 -34 116 -38 137 -5 32 -10 38 -28 35 -18 -3 -22 -11 -26 -70 -4 -51 -10 -72 -28 -90 -27 -30 -28 -44 -3 -57 10 -6 28 -28 39 -50 17 -32 19 -46 11 -75 -5 -19 -14 -38 -19 -41 -6 -4 -10 -16 -10 -29 0 -12 -14 -35 -30 -51 -33 -31 -45 -27 -54 20 -8 40 -37 201 -39 220 -2 11 -8 37 -16 57 -7 21 -10 48 -8 60 3 17 5 14 6 -9 2 -47 26 -42 51 9 52 105 70 169 70 247 0 80 -7 97 -58 154 -22 23 -34 27 -77 27 -60 0 -98 -23 -145 -89 -32 -44 -50 -46 -50 -6 0 38 -17 39 -69 6 -26 -17 -54 -31 -62 -31 -8 0 -27 -9 -44 -20 -60 -39 -93 -13 -49 40 l26 30 -26 10 c-29 11 -32 26 -11 54 8 11 15 26 15 34 0 8 7 28 14 45 8 18 19 48 24 67 6 24 15 36 29 38 27 4 37 -25 23 -62 -5 -15 -10 -38 -10 -51 0 -12 -9 -42 -19 -66 -11 -24 -18 -46 -16 -50 8 -12 53 3 72 23 17 19 17 20 0 29 -21 12 -22 48 -2 55 9 4 15 19 15 39 0 18 7 38 15 45 11 9 14 22 10 40 -7 33 15 60 48 60 12 -1 40 -9 62 -20 22 -11 45 -19 52 -20 6 0 15 -9 18 -20 10 -32 23 -23 35 23 7 23 23 52 36 65 13 13 24 32 24 43 0 10 5 28 12 38 6 10 8 26 4 36 -6 16 -9 16 -35 -9 -31 -29 -42 -30 -106 -1 -90 39 -109 45 -127 39 -12 -4 -18 -13 -16 -26 3 -21 45 -36 146 -53 33 -5 46 -13 55 -32 9 -19 8 -26 -4 -34 -16 -11 -25 -9 -120 17 l-67 18 -58 -44 c-55 -43 -60 -45 -121 -43 -53 2 -78 -4 -151 -33 -89 -37 -204 -58 -296 -55 -85 2 -95 30 -46 129 23 46 42 68 78 90 88 56 117 63 248 63 l122 -1 57 91 c48 74 66 94 104 113 56 29 143 40 200 27 52 -11 57 -16 40 -37 -11 -14 -26 -15 -94 -10 -89 7 -117 -2 -99 -31 7 -11 28 -20 55 -23 24 -3 54 -11 66 -18 19 -10 28 -10 52 3 16 8 36 12 44 9 11 -4 17 4 22 27 4 19 15 33 26 36 19 5 27 23 10 23 -4 0 -29 16 -54 35 -41 31 -53 35 -106 35 -42 0 -61 4 -61 13 0 6 13 39 29 73 16 34 32 75 35 92 4 17 14 33 22 36 8 3 14 16 14 28 0 21 50 88 65 88 12 0 50 -23 90 -55 56 -44 164 -95 202 -95 18 0 35 -4 38 -10 3 -5 19 -10 35 -10 16 0 35 -7 44 -15 8 -8 22 -15 31 -15 31 0 160 -60 204 -95 24 -19 48 -35 54 -35 5 0 31 -22 57 -48 26 -27 62 -55 79 -62 43 -18 36 -40 -20 -67 -60 -29 -142 -119 -163 -179 -16 -47 -14 -64 7 -64 16 0 74 71 87 105 13 33 64 80 133 121 l52 31 -4 127 c-3 110 -1 129 14 146 13 15 16 30 13 65 -3 25 -2 45 3 45 5 0 9 5 9 12 0 24 42 98 56 98 16 0 47 56 40 73 -3 9 -5 9 -5 0 -1 -7 -10 -13 -20 -13 -11 0 -23 -9 -26 -21 -5 -14 -10 -18 -17 -11 -12 12 15 68 46 93 11 10 41 23 66 29 25 6 59 25 77 42 17 17 37 28 43 26 9 -3 12 -184 11 -755 -2 -679 0 -752 14 -767 23 -23 34 -20 46 11 17 44 3 2904 -13 2915 -7 4 -958 7 -2112 6 -1766 -2 -2101 -4 -2113 -16z m1095 -42 c64 -32 82 -36 98 -20 6 6 41 10 80 8 53 -2 69 -6 69 -18 0 -11 -17 -16 -71 -20 -68 -5 -71 -6 -63 -27 14 -39 75 -39 108 1 7 9 24 16 37 16 13 0 24 5 24 10 0 6 9 10 20 10 26 0 61 -39 102 -113 37 -68 56 -81 107 -72 32 5 45 1 83 -24 25 -17 48 -41 51 -52 7 -27 -2 -79 -17 -99 -7 -8 -22 -36 -34 -61 -24 -51 -22 -66 15 -115 38 -51 32 -100 -21 -162 -44 -51 -44 -51 -39 -114 5 -63 5 -64 -28 -89 -38 -30 -117 -44 -216 -40 -53 2 -64 0 -80 -19 -30 -36 -69 -50 -156 -57 -56 -4 -93 -12 -115 -26 -32 -19 -33 -22 -31 -76 2 -43 0 -56 -12 -56 -10 0 -16 16 -19 50 -10 89 -46 118 -120 96 -61 -18 -121 -13 -178 14 -59 28 -109 31 -167 9 -22 -9 -52 -18 -66 -21 -40 -7 -96 21 -120 62 -12 20 -29 35 -39 35 -12 0 -21 10 -25 30 -5 23 -13 31 -40 36 -72 13 -95 75 -57 151 40 79 38 89 -35 199 -43 63 -42 90 6 143 45 50 54 80 39 137 -23 86 19 132 91 100 30 -14 42 -15 57 -6 20 12 75 100 84 135 9 32 73 48 161 41 42 -4 91 -11 108 -17 25 -9 38 -8 65 5 41 20 44 20 80 1 25 -13 34 -13 80 0 28 9 62 22 76 30 35 20 42 19 108 -15z m-708 -22 c0 -7 -17 -33 -39 -58 -38 -44 -39 -45 -73 -32 -19 6 -39 12 -46 12 -22 0 -81 -46 -98 -76 -15 -27 -15 -38 -4 -97 l12 -67 -32 -51 c-24 -36 -35 -47 -41 -37 -10 15 -12 402 -2 411 3 4 78 7 165 7 120 0 158 -3 158 -12z m3787 -1 c4 -6 8 -293 9 -637 2 -693 5 -660 -63 -660 -31 0 -33 2 -27 25 16 66 -82 -1 -249 -170 -107 -108 -147 -166 -162 -233 -5 -25 -15 -36 -36 -44 -16 -5 -29 -14 -29 -19 0 -14 -26 -10 -40 6 -7 8 -26 15 -42 15 -18 0 -39 10 -54 25 -14 14 -30 25 -36 25 -6 0 -25 11 -42 24 -17 13 -51 33 -76 46 -46 24 -96 58 -138 97 -25 23 -26 56 -2 61 21 4 96 -47 111 -76 7 -13 32 -34 54 -48 23 -13 52 -35 65 -49 13 -14 29 -25 35 -25 7 0 31 -13 53 -30 61 -44 94 -39 54 9 -23 28 -79 67 -125 87 -21 9 -41 24 -45 33 -9 18 -8 334 1 348 3 5 20 8 37 5 33 -5 79 10 123 40 37 26 38 84 3 117 -26 24 -64 24 -57 0 16 -56 13 -66 -26 -97 -22 -17 -52 -34 -67 -38 -24 -6 -34 0 -82 52 -30 33 -54 64 -54 69 0 6 28 17 63 25 147 32 193 81 151 161 -11 22 -21 29 -37 27 -19 -3 -22 -9 -20 -42 3 -49 -14 -70 -76 -92 -25 -10 -53 -26 -62 -37 -15 -18 -20 -19 -48 -8 -45 19 -95 7 -110 -27 -11 -23 -14 -25 -24 -11 -22 29 -62 43 -124 44 -69 0 -73 -4 -73 -77 0 -49 12 -54 48 -18 40 40 97 42 114 5 9 -19 8 -29 -6 -50 -9 -14 -20 -25 -25 -25 -5 0 -12 -11 -15 -25 -4 -14 -13 -25 -22 -25 -9 0 -24 -10 -34 -22 -14 -17 -27 -22 -56 -21 l-39 2 33 -10 c42 -13 36 -34 -9 -34 -26 0 -35 5 -37 20 -4 22 -29 45 -48 45 -20 0 -25 -31 -9 -56 19 -29 19 -71 0 -104 -8 -14 -14 -38 -15 -54 0 -45 -58 -156 -81 -156 -12 0 -37 25 -68 68 -28 37 -50 70 -51 73 0 4 28 17 63 29 72 27 117 56 117 75 0 24 -23 22 -85 -6 -77 -35 -197 -53 -248 -37 -20 6 -47 23 -61 37 -30 32 -76 118 -76 142 0 9 -9 38 -20 64 -30 71 -27 89 33 153 55 60 80 100 91 144 3 14 26 45 51 69 28 27 45 52 45 66 0 28 24 40 45 23 8 -7 22 -9 31 -6 13 5 14 9 4 21 -7 8 -20 15 -30 15 -10 0 -21 7 -24 16 -9 24 -71 15 -72 -11 -1 -12 -18 -45 -39 -74 -37 -51 -39 -52 -74 -44 -87 20 -495 -16 -536 -47 -5 -4 -25 -11 -43 -15 -33 -7 -62 -29 -62 -46 0 -23 54 -31 105 -15 135 41 229 56 460 73 57 4 73 2 84 -11 18 -22 -4 -55 -64 -96 -27 -19 -51 -45 -60 -68 -20 -47 -28 -52 -100 -52 -75 -1 -149 -29 -153 -59 -3 -17 2 -21 23 -21 32 0 135 28 152 42 32 26 62 -17 78 -113 4 -20 15 -45 27 -55 21 -20 58 -94 58 -118 0 -30 -137 -76 -201 -67 -43 5 -126 -29 -170 -71 -60 -56 -79 -95 -79 -159 0 -33 -6 -59 -15 -69 -10 -11 -16 -39 -17 -81 0 -35 -5 -69 -10 -76 -6 -7 -7 -17 -3 -23 4 -6 -1 -20 -11 -31 -15 -17 -16 -21 -2 -36 22 -26 31 -119 14 -146 -35 -55 -28 -117 19 -187 13 -19 26 -51 29 -70 3 -19 9 -36 14 -38 32 -10 41 -30 44 -95 2 -48 -1 -70 -11 -76 -7 -5 -61 -6 -119 -4 -81 3 -109 8 -117 20 -9 12 -19 14 -41 8 -42 -12 -154 -12 -164 0 -4 6 -10 40 -14 76 -7 72 -2 81 47 93 16 4 39 17 51 30 29 32 45 34 78 12 56 -37 87 6 95 133 4 57 2 95 -5 103 -5 7 -13 34 -17 60 -6 39 -12 48 -36 58 -16 7 -29 16 -29 21 0 5 -23 9 -50 9 -52 0 -115 -25 -139 -54 -27 -32 -71 -12 -71 32 0 28 -36 147 -94 308 -80 225 -72 389 24 510 24 31 62 70 84 87 22 18 50 41 62 52 27 25 103 60 160 75 53 13 74 53 74 138 0 58 2 62 39 94 28 23 45 51 60 92 l21 59 -35 57 c-19 32 -35 62 -35 67 0 6 16 41 36 79 31 59 35 76 31 118 -4 43 -10 55 -47 89 -38 36 -45 39 -85 35 -53 -6 -83 11 -134 78 -30 40 -45 53 -80 71 -1 1 0 7 4 12 10 17 2701 15 2712 -2z m-4051 -603 l23 -51 -19 -56 c-24 -69 -25 -104 -4 -158 14 -33 26 -45 61 -60 25 -10 52 -19 61 -19 12 0 23 -17 35 -50 19 -55 64 -96 114 -106 29 -6 155 28 178 48 17 15 44 8 96 -23 45 -28 59 -32 112 -29 34 1 80 3 102 4 l40 1 11 -50 c7 -27 13 -101 13 -163 1 -93 4 -114 17 -119 25 -9 42 18 53 84 5 34 15 71 20 82 6 11 11 31 11 45 0 14 5 28 10 31 6 3 10 21 10 39 0 62 23 76 128 80 100 4 105 7 164 73 20 21 34 29 48 26 29 -8 24 -31 -12 -61 -159 -133 -205 -201 -228 -342 -12 -68 -11 -86 9 -186 22 -114 72 -267 113 -351 13 -26 32 -75 42 -108 10 -33 22 -64 27 -69 22 -25 -10 -106 -42 -106 -20 0 -26 15 -9 25 6 3 10 35 10 70 0 61 -2 65 -46 114 -25 28 -62 60 -82 72 -20 11 -50 42 -67 67 -16 26 -45 55 -64 64 -44 22 -91 67 -91 87 0 9 7 25 15 35 16 21 20 55 8 57 -5 1 -18 3 -29 4 -30 3 -42 12 -60 47 -32 61 29 63 66 2 23 -36 38 -42 60 -21 9 8 9 4 -2 -14 -19 -31 -11 -50 19 -43 37 10 58 89 29 113 -7 6 -27 11 -42 9 -16 -1 -39 4 -51 10 -12 7 -33 12 -47 12 -14 0 -28 5 -31 10 -3 6 -15 10 -26 10 -14 0 -19 -7 -19 -25 0 -19 -7 -26 -27 -31 -119 -27 -128 -30 -128 -50 0 -20 19 -22 97 -8 77 13 118 -18 97 -73 -14 -36 -25 -43 -79 -43 -77 0 -197 -40 -285 -96 -69 -43 -191 -169 -220 -229 -14 -28 -32 -61 -40 -75 -8 -14 -28 -55 -45 -92 -27 -60 -29 -73 -23 -130 8 -85 32 -135 87 -186 25 -24 46 -47 46 -52 0 -15 -24 -24 -55 -21 -40 4 -62 17 -70 40 -8 26 -31 33 -50 15 -21 -22 -19 -32 15 -62 22 -19 30 -35 30 -59 0 -28 5 -35 40 -52 l40 -19 30 26 29 27 -36 2 c-50 3 -63 19 -27 35 16 6 40 20 54 29 24 16 50 23 78 20 15 -1 16 -21 1 -21 -6 0 -24 -11 -40 -25 -29 -23 -29 -24 -9 -35 39 -21 13 -60 -40 -60 -17 0 -20 -4 -15 -17 4 -10 10 -40 13 -67 7 -72 33 -110 97 -140 30 -14 55 -29 55 -33 0 -5 -14 -16 -30 -25 -34 -19 -37 -34 -14 -67 16 -23 16 -25 -7 -42 -13 -10 -29 -19 -36 -19 -7 0 -20 -8 -30 -18 -32 -32 -97 -79 -120 -86 -18 -6 -22 -2 -28 23 -3 16 -13 35 -21 42 -8 6 -14 17 -14 25 0 7 -27 41 -60 75 -34 35 -60 71 -60 83 -3 713 2 2451 7 2459 8 13 28 -14 59 -79z m3115 -496 c16 -18 34 -48 40 -68 7 -19 18 -45 26 -57 14 -21 35 -216 25 -241 -9 -24 -37 -7 -69 43 -18 27 -40 53 -49 58 -23 13 -64 -8 -64 -33 0 -27 -25 -36 -55 -20 -21 11 -29 9 -70 -19 -25 -17 -54 -31 -65 -31 -23 0 -77 87 -62 102 5 5 38 24 73 41 41 21 72 45 87 67 13 19 32 39 43 44 13 6 19 19 19 43 0 19 6 41 13 49 53 65 66 68 108 22z m-820 -354 c17 -8 37 -13 46 -10 23 9 65 -18 116 -75 54 -60 58 -72 20 -63 -24 6 -26 5 -19 -17 20 -63 19 -68 -8 -79 -24 -9 -34 -29 -20 -43 10 -10 58 16 85 48 l27 30 40 -23 c22 -12 47 -22 55 -22 9 0 19 -10 23 -22 5 -17 0 -28 -26 -49 -24 -21 -31 -33 -27 -49 9 -34 -2 -49 -40 -56 -20 -4 -41 -16 -50 -30 -19 -30 -53 -31 -60 -3 -9 32 -57 22 -61 -13 -3 -24 0 -28 22 -28 36 0 34 -29 -4 -60 -16 -14 -30 -32 -30 -40 0 -8 -9 -26 -19 -39 l-18 -23 -21 22 c-17 18 -27 21 -60 15 -37 -6 -41 -4 -58 24 -10 17 -25 31 -34 31 -31 0 -60 30 -60 61 0 25 6 33 30 42 35 13 44 57 12 57 -11 0 -27 9 -36 19 -16 17 -16 22 -3 48 17 33 11 92 -10 100 -7 3 -22 -2 -32 -11 -15 -13 -17 -26 -13 -63 5 -43 3 -46 -14 -38 -10 4 -31 10 -46 13 -22 3 -28 0 -28 -14 0 -38 16 -50 50 -37 28 11 31 10 45 -17 22 -43 19 -59 -18 -95 -62 -61 -116 -78 -153 -50 -10 8 -31 15 -47 15 -24 0 -27 -3 -21 -24 4 -18 -1 -28 -24 -45 -40 -28 -48 -27 -61 10 -16 47 -14 58 14 71 14 6 25 19 25 28 0 9 -11 26 -25 38 -30 26 -31 34 -5 57 12 11 19 29 18 44 -3 45 11 70 40 73 33 4 42 34 13 43 -31 10 -36 43 -11 77 12 16 23 39 25 50 3 12 10 25 17 30 21 13 65 9 78 -7 7 -8 22 -15 34 -15 29 0 40 -10 60 -47 12 -24 23 -33 42 -33 30 0 38 18 25 53 -7 17 -18 27 -31 27 -33 0 -60 19 -60 41 0 25 5 26 119 33 l94 6 -6 -50 c-6 -45 -4 -53 18 -72 27 -24 30 -39 14 -69 -10 -20 -11 -20 -34 5 -23 25 -55 35 -55 17 0 -5 6 -14 14 -20 25 -21 30 -70 10 -92 -14 -16 -15 -24 -6 -44 13 -29 24 -31 47 -9 11 12 14 25 10 43 -13 51 -16 48 45 39 18 -2 27 4 38 25 7 15 21 27 32 27 33 0 50 12 50 35 0 24 23 55 41 55 5 0 4 9 -3 20 -20 32 -51 24 -96 -26 -50 -56 -68 -54 -64 8 2 26 -3 62 -12 83 -18 43 -21 75 -6 75 6 0 25 -7 41 -16z m471 -1 c31 -27 23 -60 -17 -73 -35 -11 -48 -41 -25 -55 16 -10 12 -21 -16 -55 -24 -28 -28 -30 -44 -15 -9 8 -22 15 -28 15 -7 0 6 18 27 41 33 33 40 47 39 78 -1 76 23 101 64 64z m170 -58 c20 -14 44 -25 52 -25 9 0 25 -9 36 -20 11 -11 27 -20 36 -20 27 0 184 -95 184 -111 0 -26 -134 12 -225 63 -10 6 -38 21 -61 33 -59 31 -79 47 -87 68 -16 43 13 48 65 12z m88 5 c0 -5 -7 -10 -15 -10 -8 0 -15 5 -15 10 0 6 7 10 15 10 8 0 15 -4 15 -10z m696 -27 c-3 -10 -12 -43 -20 -73 -25 -97 -28 -101 -58 -73 -32 29 -21 69 40 136 29 31 46 35 38 10z m-88 -186 c14 3 25 -3 38 -22 14 -22 15 -29 4 -50 -10 -19 -11 -30 -2 -47 36 -74 17 -97 -37 -44 -26 26 -40 33 -48 25 -7 -7 -21 2 -47 32 -37 44 -47 73 -21 63 8 -4 15 -10 15 -15 0 -5 5 -9 10 -9 6 0 10 17 10 38 0 48 7 56 35 38 13 -8 32 -12 43 -9z m-2813 -50 c0 -33 3 -37 26 -37 54 0 157 -104 174 -175 6 -26 8 -27 16 -12 16 28 47 20 74 -21 67 -102 30 -223 -112 -365 -60 -60 -71 -67 -162 -111 -30 -15 -60 -34 -67 -43 -11 -16 -17 -16 -58 -5 -26 6 -83 12 -129 12 -99 0 -112 7 -104 49 11 53 -18 51 -67 -3 -47 -51 -78 -58 -139 -32 -47 19 -113 98 -121 143 -13 82 -7 124 25 174 25 40 37 49 69 54 47 8 61 1 92 -44 31 -46 48 -51 48 -12 0 17 7 36 16 43 9 7 28 25 42 41 35 36 59 34 98 -8 34 -37 41 -40 64 -25 12 8 8 17 -26 52 -62 65 -74 88 -74 138 1 32 8 56 28 85 37 54 70 65 110 37 51 -37 65 -29 112 61 19 36 30 47 45 45 16 -2 20 -11 20 -41z m1300 -302 c41 -40 42 -45 13 -45 -67 0 -177 -75 -238 -161 -27 -37 -30 -112 -6 -159 18 -36 6 -46 -35 -30 -39 16 -59 57 -59 118 0 45 -2 49 -32 63 -28 12 -33 20 -36 52 -3 33 2 43 33 73 56 53 122 87 204 105 110 24 117 23 156 -16z m-621 8 c4 -9 2 -21 -3 -26 -11 -11 -121 0 -121 13 0 9 61 27 96 29 12 1 25 -7 28 -16z m-64 -75 c0 -12 -14 -34 -32 -48 -25 -21 -33 -36 -34 -64 -1 -42 20 -50 30 -11 8 31 27 32 44 4 12 -19 10 -25 -15 -53 -15 -17 -31 -35 -34 -39 -3 -4 -25 -10 -49 -12 -28 -3 -52 -12 -69 -29 -31 -30 -143 -86 -171 -86 -22 0 -40 28 -40 63 0 37 93 134 141 147 40 11 67 48 83 113 7 28 24 34 56 17 13 -7 21 -7 25 1 9 13 47 28 58 22 4 -2 7 -14 7 -25z m125 12 c9 -15 -8 -42 -33 -51 l-26 -10 33 -20 c35 -21 36 -36 5 -53 -10 -6 -21 -12 -23 -13 -2 -2 2 -9 9 -18 26 -32 -18 -63 -48 -33 -18 18 -15 35 8 41 19 5 29 37 12 37 -5 0 -16 6 -26 13 -16 12 -15 16 9 68 22 50 28 56 50 51 14 -2 27 -8 30 -12z m869 -276 c10 -27 -5 -84 -25 -97 -21 -13 -24 -42 -9 -81 6 -17 6 -35 0 -52 -12 -30 -30 -23 -30 11 0 35 -18 40 -51 16 -33 -25 -52 -26 -69 -6 -12 15 -10 26 12 57 7 9 9 20 6 23 -10 11 -48 -5 -48 -20 0 -20 -49 -55 -76 -55 -13 0 -34 11 -46 25 -24 27 -42 23 -61 -16 -16 -30 -61 -37 -88 -13 -16 14 -23 15 -49 4 -17 -7 -34 -10 -37 -6 -11 10 -6 77 6 89 16 16 68 12 89 -6 23 -21 42 -22 42 -3 0 40 83 64 110 31 19 -23 49 -18 78 15 32 36 74 40 95 10 12 -17 19 -19 40 -11 14 5 29 20 33 33 8 26 43 65 60 67 7 1 15 -6 18 -15z m1056 -35 c55 -34 84 -87 110 -201 20 -86 66 -219 99 -282 17 -33 31 -70 31 -83 0 -39 34 -27 72 25 19 26 115 82 141 82 38 0 106 -55 107 -87 0 -21 -30 -15 -62 12 -16 14 -35 25 -41 25 -21 0 -105 -74 -117 -102 -7 -15 -9 -39 -6 -55 8 -34 -14 -69 -37 -60 -8 3 -17 16 -19 29 -6 42 -32 31 -77 -32 -36 -52 -47 -61 -69 -58 -47 5 -40 44 17 108 l50 55 -25 20 c-16 13 -30 39 -38 75 -12 49 -45 137 -66 180 -5 10 -19 14 -39 12 -35 -4 -35 -3 -21 33 5 14 10 54 11 89 1 52 -3 71 -26 110 -16 27 -36 48 -51 52 -36 9 -48 28 -32 53 16 27 44 27 88 0z m-2456 -40 c31 -37 32 -43 6 -69 -14 -14 -33 -20 -66 -20 -43 0 -46 -2 -41 -22 16 -68 38 -133 58 -175 23 -47 84 -113 105 -113 6 0 19 -9 30 -21 18 -20 17 -21 -70 -105 -140 -135 -242 -194 -333 -194 -98 0 -170 20 -254 71 -44 27 -85 49 -90 49 -5 0 -9 12 -9 28 1 23 8 31 56 52 31 14 61 24 68 22 64 -17 100 -38 112 -69 23 -54 51 -66 147 -60 94 6 143 25 208 84 48 44 72 87 64 114 -10 32 -37 18 -62 -32 -24 -48 -65 -86 -124 -113 -19 -9 -41 -21 -50 -27 -10 -7 -30 -9 -52 -5 -39 7 -48 23 -19 33 24 8 62 44 62 59 0 6 6 17 13 23 22 18 41 144 27 185 -14 42 -32 58 -95 81 -27 10 -60 30 -72 44 l-22 26 -35 -38 -35 -38 -64 35 c-35 20 -75 36 -89 36 -14 0 -31 6 -37 14 -18 22 50 60 92 52 18 -4 76 -12 129 -19 71 -9 105 -18 127 -35 17 -12 39 -22 51 -22 17 0 19 4 14 24 -5 20 0 27 25 41 33 16 34 15 31 -27 -1 -22 2 -27 15 -21 13 4 16 14 12 37 -3 22 1 39 15 56 18 22 105 87 120 89 3 1 18 -13 32 -30z m248 -51 c5 -73 2 -83 -40 -101 -52 -23 -122 -92 -129 -128 -12 -63 -45 -42 -83 52 l-24 62 23 16 c13 9 42 33 66 54 23 20 46 37 51 37 5 0 29 14 54 30 66 44 77 41 82 -22z m2469 -124 c42 -26 69 -61 93 -118 25 -60 21 -91 -20 -136 -55 -61 -64 -56 -106 68 -21 59 -46 129 -55 155 -16 42 -16 49 -3 57 18 12 43 4 91 -26z m-2226 -24 c20 -8 93 -11 219 -8 129 2 191 -1 193 -8 2 -6 -14 -23 -35 -38 -60 -41 -89 -104 -97 -211 -6 -84 -5 -94 21 -150 15 -33 33 -67 41 -77 8 -9 11 -18 6 -21 -14 -8 -53 12 -53 28 0 12 -4 13 -17 7 -23 -12 -44 -5 -64 21 -18 23 -39 16 -39 -14 0 -20 -12 -23 -45 -10 -12 5 -26 4 -34 -3 -11 -8 -17 -5 -30 14 -39 61 -56 70 -128 70 -52 0 -74 -5 -93 -20 -36 -28 -53 -25 -86 19 -16 22 -48 52 -71 67 -24 15 -43 32 -43 39 0 6 11 22 25 35 35 33 32 57 -10 74 -43 18 -46 45 -9 93 71 93 119 116 234 109 47 -2 99 -10 115 -16z m-1134 -25 c12 -13 36 -27 53 -30 17 -4 46 -16 64 -26 42 -24 46 -24 90 6 44 30 67 31 108 6 27 -16 32 -26 38 -75 7 -61 -9 -99 -46 -109 -15 -4 -17 -13 -12 -50 7 -46 -5 -67 -24 -44 -6 6 -12 28 -14 47 -3 33 -5 35 -48 40 -25 3 -55 11 -67 18 -14 8 -42 10 -75 6 -57 -6 -127 13 -160 43 -36 32 -18 160 25 181 34 16 45 14 68 -13z m2244 -81 c12 -12 14 -28 9 -67 -8 -71 -10 -77 -33 -77 -29 0 -44 35 -38 93 6 62 30 83 62 51z m825 -84 c0 -10 7 -20 15 -24 8 -3 15 -12 15 -21 0 -24 -44 -18 -69 9 -22 23 -22 25 -6 50 14 21 20 24 31 15 8 -6 14 -19 14 -29z m-2301 -174 c34 -18 96 -86 106 -116 5 -15 -3 -44 -25 -92 -27 -57 -31 -75 -24 -101 11 -36 31 -46 40 -20 21 62 71 162 93 186 14 16 46 37 71 48 37 16 49 18 72 8 35 -14 52 -43 44 -75 -5 -17 -13 -24 -30 -24 -30 0 -81 -42 -103 -84 -8 -17 -23 -40 -33 -51 -9 -11 -25 -41 -35 -67 -10 -28 -25 -50 -37 -54 -14 -4 -17 -11 -12 -22 16 -34 16 -138 1 -150 -35 -29 -108 107 -92 171 4 15 1 34 -8 49 -8 12 -20 49 -27 81 -16 79 -55 127 -142 172 -27 14 -48 27 -48 29 0 7 144 126 152 126 5 0 21 -6 37 -14z m-1178 -63 c8 -10 25 -39 37 -65 13 -26 34 -56 48 -67 13 -10 24 -28 24 -40 0 -22 -43 -114 -67 -143 -12 -14 -12 -21 6 -55 11 -22 38 -63 60 -91 23 -28 41 -61 41 -73 0 -11 9 -34 21 -50 12 -17 24 -42 28 -56 10 -39 31 -41 31 -3 0 36 -34 107 -62 130 -19 15 -19 16 1 34 21 19 22 19 50 -2 28 -21 30 -21 53 -3 12 10 34 22 48 26 14 4 51 27 83 51 56 43 87 55 87 33 0 -6 -31 -45 -70 -86 -38 -41 -70 -81 -70 -88 0 -15 -38 -65 -50 -65 -4 0 -10 9 -13 20 -3 11 -10 20 -16 20 -16 0 -13 -36 4 -50 8 -7 15 -28 15 -46 0 -19 5 -34 12 -34 16 0 48 31 48 47 0 22 50 114 85 158 18 22 40 54 50 72 24 41 53 53 126 53 56 0 60 -1 54 -20 -9 -30 22 -37 59 -15 32 19 116 36 175 36 40 0 74 16 66 30 -4 5 -39 9 -80 9 -62 0 -77 -3 -93 -21 -16 -16 -27 -19 -56 -14 -20 4 -36 12 -36 19 0 18 109 108 148 121 20 7 38 18 40 24 5 15 -25 14 -34 0 -10 -16 -33 29 -26 53 5 19 81 58 114 58 46 0 178 -111 178 -151 0 -6 -15 -33 -34 -59 -34 -47 -66 -136 -66 -184 0 -69 68 -159 133 -177 25 -6 55 -25 73 -45 30 -32 36 -34 97 -34 35 0 80 7 100 15 53 22 463 6 502 -19 19 -12 24 -21 17 -28 -14 -14 -305 -11 -349 3 -22 7 -38 7 -52 0 -11 -6 -48 -11 -83 -11 -66 0 -88 -10 -88 -41 0 -24 -47 -33 -157 -30 -55 1 -106 -2 -126 -10 -29 -10 -38 -10 -58 4 -15 11 -44 17 -82 17 -31 0 -74 7 -94 15 -33 14 -41 14 -75 0 -52 -20 -74 -19 -92 7 -14 20 -18 21 -82 10 -62 -10 -71 -10 -101 9 -36 23 -62 22 -145 -1 -43 -13 -49 -12 -68 5 -29 27 -190 23 -255 -6 -60 -27 -89 -18 -81 23 3 17 6 129 6 250 0 191 2 219 16 225 9 3 20 0 24 -8 5 -7 12 -10 16 -7 3 4 -5 17 -18 30 -41 38 -45 57 -40 186 4 126 11 143 43 105z m4022 -5 c14 -21 -8 -90 -35 -115 -11 -10 -26 -32 -33 -50 -9 -20 -28 -39 -55 -53 -22 -11 -44 -28 -47 -36 -7 -19 -56 -44 -87 -44 -33 0 -46 38 -20 59 27 23 84 97 84 110 0 13 80 96 124 129 34 25 54 25 69 0z m-3593 -44 c37 -25 50 -45 50 -75 0 -65 38 -81 66 -28 14 28 19 30 47 23 18 -4 63 -10 102 -13 52 -5 71 -10 73 -22 4 -24 -60 -83 -109 -99 -24 -8 -55 -22 -68 -32 -38 -29 -63 -22 -116 32 -48 49 -49 49 -69 31 -12 -10 -29 -21 -39 -25 -24 -8 -17 -28 16 -44 33 -16 33 -23 4 -50 -39 -37 -107 -61 -174 -61 -54 0 -63 3 -77 24 -20 30 -21 99 -2 114 8 7 23 32 35 55 11 24 33 54 48 66 66 52 167 120 177 120 6 0 23 -7 36 -16z m2028 -66 c6 -29 13 -81 16 -115 4 -55 2 -64 -21 -85 l-25 -23 -20 25 c-18 22 -20 35 -16 110 8 141 44 189 66 88z m1089 -20 c36 -34 30 -63 -36 -160 -38 -56 -69 -84 -104 -92 -15 -4 -44 -22 -65 -40 -20 -18 -47 -36 -59 -40 -28 -9 -29 -22 -3 -36 11 -6 20 -16 20 -23 0 -17 -48 -66 -99 -101 -33 -23 -43 -26 -60 -16 -12 6 -21 17 -21 24 0 22 58 102 85 116 26 14 33 34 15 45 -18 11 -10 33 28 79 20 24 57 70 82 101 25 31 61 73 80 92 19 19 44 43 54 54 26 25 54 24 83 -3z m-1722 -4 c28 -8 66 -14 85 -13 90 3 91 -9 11 -106 -33 -39 -70 -94 -82 -121 -12 -27 -28 -61 -36 -76 -21 -41 -27 -120 -13 -163 7 -20 8 -41 4 -45 -5 -5 -121 -4 -259 1 -246 10 -250 10 -320 41 -116 50 -139 85 -123 188 10 63 47 115 59 83 4 -10 8 -36 9 -58 1 -51 28 -112 69 -153 29 -28 39 -32 87 -32 66 0 96 14 150 72 42 43 114 163 114 189 1 8 9 32 20 54 11 23 19 62 20 91 0 28 3 54 7 57 12 13 148 7 198 -9z m-275 -33 c0 -48 -35 -148 -76 -217 -24 -41 -44 -77 -44 -80 0 -12 -42 -64 -52 -64 -6 0 -8 15 -3 43 3 23 7 62 7 87 0 46 17 69 51 70 11 0 20 10 24 30 3 17 10 33 14 36 5 3 9 12 9 20 0 18 50 94 61 94 5 0 9 -9 9 -19z m2228 -170 c11 -7 9 -16 -11 -47 -13 -22 -34 -48 -46 -59 -18 -15 -21 -26 -16 -55 5 -32 3 -37 -26 -54 -17 -10 -68 -27 -113 -38 -118 -27 -111 -28 -110 10 1 17 0 32 -3 32 -2 0 -25 -16 -50 -35 -26 -20 -53 -33 -61 -30 -7 3 -18 5 -23 5 -21 0 -6 29 36 69 25 24 45 51 45 61 0 9 9 29 20 43 11 14 20 30 20 36 0 7 17 9 48 5 69 -8 72 -10 72 -44 0 -32 37 -80 63 -80 26 0 35 20 25 55 -7 20 -7 47 -1 71 8 35 13 40 53 51 56 14 62 15 78 4z m297 -82 c12 -19 -5 -23 -22 -6 -16 16 -16 17 -1 17 9 0 20 -5 23 -11z m-1985 -339 c0 -12 -31 -21 -51 -15 -24 8 -24 22 -1 27 22 5 52 -2 52 -12z"
       id="path3507" />
    <path
       d="M4274 4056 c-3 -9 -3 -31 0 -49 4 -17 7 -41 7 -52 -2 -127 1 -163 20 -203 15 -29 19 -52 14 -70 -11 -44 -13 -266 -2 -279 6 -9 5 -23 -3 -42 -6 -16 -11 -60 -10 -97 2 -38 -1 -86 -5 -107 -7 -35 -5 -40 39 -83 37 -37 47 -43 52 -30 3 9 1 22 -5 30 -9 10 -9 32 -1 85 7 39 8 76 5 82 -9 13 -8 303 1 409 4 58 2 82 -10 105 -9 17 -16 37 -16 45 0 8 -8 29 -19 46 -16 26 -32 89 -30 119 4 94 4 100 -14 103 -9 2 -20 -4 -23 -12z"
       id="path3535" />
    <path
       d="M2995 4027 c-18 -43 -23 -173 -8 -188 19 -19 43 8 43 48 0 19 9 56 21 83 16 38 18 52 9 69 -17 32 -49 26 -65 -12z"
       id="path3537" />
    <path
       d="M2584 4035 c-6 -15 70 -177 92 -196 20 -16 49 -6 52 19 3 20 -28 77 -93 170 -18 25 -43 29 -51 7z"
       id="path3539" />
    <path
       d="M3316 3925 c-43 -90 -47 -128 -14 -123 12 2 31 17 43 35 75 120 78 126 68 142 -5 9 -21 17 -35 19 -23 3 -30 -5 -62 -73z"
       id="path3541" />
    <path
       d="M2297 3913 c-15 -14 -5 -38 31 -78 20 -23 49 -56 64 -74 19 -23 34 -31 50 -29 42 6 33 41 -26 109 -31 35 -56 67 -56 71 0 10 -54 11 -63 1z"
       id="path3543" />
    <path
       d="M2127 3693 c-20 -20 -4 -53 42 -87 53 -39 95 -46 106 -18 5 12 -7 30 -45 65 -47 43 -85 58 -103 40z"
       id="path3545" />
    <path
       d="M3000 3630 c-8 -5 -35 -10 -60 -10 -25 -1 -63 -7 -85 -15 -22 -8 -57 -15 -77 -15 -20 0 -49 -5 -65 -11 -15 -6 -55 -14 -88 -18 -55 -5 -60 -8 -60 -30 -1 -27 -38 -61 -69 -61 -48 0 -64 -55 -20 -66 32 -8 133 14 156 34 13 11 15 19 8 33 -6 10 -7 20 -3 22 12 7 110 -12 185 -36 37 -11 71 -18 75 -13 10 10 -35 44 -67 52 -55 13 -56 14 -30 35 28 21 87 22 83 2 -3 -15 33 -17 42 -3 3 6 18 10 32 10 15 0 41 5 60 12 37 14 125 -3 155 -29 11 -10 26 -13 49 -8 17 4 34 3 38 -1 6 -9 63 -38 94 -48 13 -4 16 -12 11 -31 -5 -22 -3 -25 16 -23 29 4 52 -28 30 -42 -34 -22 -44 -16 -109 60 -28 32 -30 33 -31 13 0 -13 4 -23 9 -23 13 0 34 -57 27 -75 -3 -9 -18 -15 -38 -15 -18 0 -49 -4 -69 -9 -24 -5 -50 -3 -83 7 -39 13 -52 13 -68 3 -16 -10 -24 -10 -41 2 -26 16 -135 43 -142 35 -8 -8 72 -48 95 -48 27 0 27 -45 0 -60 -36 -19 -23 -33 24 -26 43 7 46 6 62 -26 9 -18 21 -49 25 -68 11 -47 -17 -125 -53 -152 -41 -28 -37 -55 9 -64 32 -6 40 -3 64 24 25 27 27 35 18 60 -7 22 -6 40 5 73 14 40 14 49 0 91 -9 26 -20 50 -25 53 -14 10 -11 55 5 55 7 0 37 -8 66 -17 49 -16 54 -16 85 1 34 19 55 15 55 -9 0 -8 5 -17 11 -21 9 -5 10 1 5 20 -6 24 -3 28 35 44 34 15 49 16 76 8 28 -9 33 -15 27 -31 -15 -47 -15 -103 0 -134 9 -17 21 -31 26 -31 19 0 39 47 46 108 7 62 6 66 -42 159 -26 52 -60 106 -74 120 -66 65 -172 113 -248 113 -16 0 -46 7 -65 15 -42 17 -75 19 -97 5z"
       id="path3547" />
    <path
       d="M3012 3503 c-21 -15 -22 -17 -6 -34 21 -24 59 -26 50 -3 -3 9 -6 24 -6 35 0 23 -7 23 -38 2z"
       id="path3549" />
    <path
       d="M3102 3470 c14 -21 45 -36 55 -26 10 10 -29 46 -49 46 -16 0 -16 -3 -6 -20z"
       id="path3551" />
    <path
       d="M2942 3403 c18 -15 40 -33 50 -41 11 -9 18 -10 23 -3 10 18 -50 71 -80 71 l-27 0 34 -27z"
       id="path3553" />
    <path
       d="M3170 3418 c0 -22 17 -41 29 -34 8 5 8 13 1 27 -12 21 -30 26 -30 7z"
       id="path3555" />
    <path
       d="M2795 3349 c-9 -14 36 -68 58 -69 11 0 9 23 -5 53 -13 27 -41 36 -53 16z"
       id="path3557" />
    <path
       d="M2702 3174 c-31 -22 -46 -53 -47 -99 0 -33 -4 -42 -27 -53 -32 -15 -34 -22 -12 -65 28 -54 54 -78 75 -66 26 13 24 31 -6 59 -29 28 -21 53 24 68 35 12 46 31 55 95 11 70 -14 95 -62 61z"
       id="path3559" />
    <path
       d="M2874 3111 c-41 -41 -59 -98 -38 -128 20 -32 45 -29 87 12 37 36 54 86 42 124 -10 31 -55 27 -91 -8z"
       id="path3561" />
    <path
       d="M3213 2933 c-29 -5 -29 -19 -2 -33 27 -15 49 -6 49 20 0 20 -5 21 -47 13z"
       id="path3563" />
    <path
       d="M2145 2880 c-34 -55 -34 -132 0 -200 14 -28 30 -50 35 -50 17 0 31 49 20 70 -15 27 -12 83 5 116 13 25 13 30 -1 45 -10 11 -13 26 -9 38 11 37 -23 24 -50 -19z"
       id="path3565" />
    <path
       d="M2382 2899 c-7 -12 -11 -24 -7 -27 9 -9 40 13 43 32 5 23 -21 20 -36 -5z"
       id="path3567" />
    <path
       d="M2620 2860 c-13 -9 -11 -14 12 -33 71 -58 88 -67 121 -67 20 0 47 -4 60 -9 18 -7 30 -6 43 4 18 13 18 15 -4 37 -18 19 -34 23 -84 24 -54 0 -63 3 -80 27 -21 28 -43 34 -68 17z"
       id="path3569" />
    <path
       d="M2240 2850 c0 -5 11 -10 24 -10 13 0 26 -7 30 -15 3 -8 13 -15 22 -15 10 0 25 -7 35 -16 10 -9 25 -14 34 -10 23 8 9 26 -21 26 -13 0 -24 4 -24 10 0 13 -54 40 -80 40 -11 0 -20 -4 -20 -10z"
       id="path3571" />
    <path
       d="M2256 2749 c-8 -12 -12 -28 -9 -35 10 -27 37 -11 47 29 8 34 -15 38 -38 6z"
       id="path3573" />
    <path
       d="M1627 2638 c-65 -90 -83 -138 -48 -138 20 0 121 110 121 132 0 17 -20 38 -36 38 -7 0 -24 -15 -37 -32z"
       id="path3575" />
    <path
       d="M2030 2582 c-53 -25 -80 -45 -80 -59 0 -7 -7 -16 -15 -20 -8 -5 -29 -31 -46 -58 -66 -103 -71 -245 -9 -245 24 0 34 45 19 81 -9 24 -8 35 5 63 9 19 16 37 16 40 0 4 12 17 27 30 18 16 26 33 26 54 0 38 14 42 27 7 14 -36 42 -22 38 19 -3 27 1 32 30 42 41 13 56 28 49 48 -8 20 -42 19 -87 -2z"
       id="path3577" />
    <path
       d="M1997 2414 c-8 -8 1 -24 14 -24 5 0 9 7 9 15 0 15 -12 20 -23 9z"
       id="path3579" />
    <path
       d="M2010 1666 c0 -24 18 -28 30 -6 9 17 8 20 -10 20 -11 0 -20 -6 -20 -14z"
       id="path3581" />
    <path
       d="M1880 1591 c0 -47 24 -78 47 -60 9 8 13 27 11 53 -3 36 -6 41 -30 44 -26 3 -28 1 -28 -37z"
       id="path3583" />
    <path
       d="M975 2851 c-5 -17 15 -154 31 -203 6 -21 34 -24 52 -6 17 17 15 63 -3 98 -9 18 -13 40 -9 55 3 14 3 36 0 50 -5 20 -13 25 -36 25 -20 0 -31 -6 -35 -19z"
       id="path3585" />
    <path
       d="M1361 2837 c-13 -17 -44 -158 -35 -166 11 -11 44 41 44 71 0 16 7 42 15 59 21 40 3 68 -24 36z"
       id="path3587" />
    <path
       d="M698 2775 c-6 -7 9 -73 21 -90 4 -5 15 -31 25 -58 20 -55 40 -77 66 -77 34 0 32 36 -5 117 -19 43 -39 85 -44 93 -8 15 -52 26 -63 15z"
       id="path3589" />
    <path
       d="M507 2633 c-17 -17 -3 -49 46 -104 41 -47 57 -59 77 -57 38 4 37 35 -2 77 -19 20 -42 48 -51 64 -17 26 -54 37 -70 20z"
       id="path3591" />
    <path
       d="M3411 2891 c-12 -8 -10 -11 10 -16 36 -9 104 -2 104 10 0 13 -96 18 -114 6z"
       id="path3593" />
    <path
       d="M2500 2566 c0 -10 9 -16 21 -16 24 0 21 23 -4 28 -10 2 -17 -3 -17 -12z"
       id="path3595" />
    <path
       d="M2250 2450 c0 -14 7 -20 23 -20 13 0 26 3 30 6 12 12 -6 34 -29 34 -17 0 -24 -6 -24 -20z"
       id="path3597" />
    <path
       d="M2335 2420 c-9 -15 4 -50 19 -50 7 0 21 6 31 14 16 12 17 16 6 30 -15 18 -47 21 -56 6z"
       id="path3599" />
    <path
       d="M2273 2340 c-45 -18 -22 -66 26 -55 26 6 31 11 31 36 0 31 -15 36 -57 19z"
       id="path3601" />
    <path
       d="M2927 2333 c-13 -12 -7 -43 7 -43 28 0 46 12 46 31 0 13 -7 19 -23 19 -13 0 -27 -3 -30 -7z"
       id="path3603" />
    <path
       d="M2763 2323 c-13 -2 -23 -8 -23 -13 0 -25 15 -40 40 -40 27 0 60 -26 60 -48 0 -18 18 -24 40 -12 11 6 20 19 20 30 0 15 -8 19 -37 22 -32 2 -40 8 -52 36 -8 17 -17 31 -20 31 -3 -1 -16 -4 -28 -6z"
       id="path3605" />
    <path
       d="M2191 2241 c-8 -5 -11 -16 -6 -30 5 -18 13 -22 38 -19 27 2 32 7 32 28 0 19 -6 26 -25 28 -14 1 -31 -2 -39 -7z"
       id="path3607" />
    <path
       d="M2665 2240 c-3 -6 -3 -19 0 -30 5 -15 15 -20 40 -20 38 0 49 11 40 40 -5 15 -15 20 -40 20 -19 0 -37 -5 -40 -10z"
       id="path3609" />
    <path
       d="M2304 2185 c-11 -27 4 -44 36 -43 37 1 45 11 30 38 -13 24 -58 27 -66 5z"
       id="path3611" />
    <path
       d="M2613 2164 c-7 -3 -13 -19 -13 -36 0 -29 1 -30 35 -24 27 5 39 2 55 -14 11 -11 20 -25 20 -31 0 -6 12 -9 28 -7 19 2 27 9 27 23 0 14 -11 22 -45 30 -34 8 -46 16 -50 35 -6 25 -31 35 -57 24z"
       id="path3613" />
    <path
       d="M1246 2165 c-10 -28 -7 -84 8 -119 14 -33 13 -34 -25 -72 -24 -24 -39 -46 -37 -58 4 -29 23 -30 50 -2 12 13 32 26 43 28 13 2 21 12 23 29 2 15 14 37 28 50 29 28 30 51 1 109 -18 37 -27 46 -53 48 -22 2 -33 -2 -38 -13z"
       id="path3615" />
    <path
       d="M1054 2115 c-22 -22 -25 -32 -19 -63 8 -50 36 -86 69 -90 42 -5 56 13 56 73 0 87 -56 130 -106 80z"
       id="path3617" />
    <path
       d="M1350 1881 c-19 -15 -59 -36 -88 -46 -46 -17 -58 -17 -100 -6 -26 7 -60 24 -75 39 -26 25 -29 26 -55 11 -34 -19 -36 -51 -2 -59 30 -7 50 -43 50 -90 0 -51 33 -100 67 -100 70 0 97 17 135 83 33 57 65 95 128 150 54 47 -3 64 -60 18z m-100 -155 c0 -17 -12 -34 -35 -52 -34 -26 -36 -26 -55 -9 -41 37 -11 85 52 85 34 0 38 -3 38 -24z"
       id="path3619" />
    <path
       d="M2316 1977 c-48 -14 -119 -78 -114 -103 6 -30 24 -26 74 19 27 24 69 56 94 70 44 26 44 27 15 26 -16 -1 -48 -6 -69 -12z"
       id="path3621" />
    <path
       d="M961 559 c-14 -5 -61 -47 -106 -92 -71 -72 -83 -90 -103 -151 -13 -38 -20 -71 -18 -74 7 -7 36 18 36 30 0 6 14 26 30 45 17 18 30 38 30 44 0 20 50 75 115 128 80 66 88 99 16 70z"
       id="path3623" />
    <path
       d="M535 710 c-4 -6 -4 -22 -1 -36 8 -31 36 -32 36 0 0 28 -24 53 -35 36z"
       id="path3625" />
    <path
       d="M4572 4108 c-11 -14 -8 -169 3 -188 4 -6 7 -27 7 -46 0 -33 19 -47 33 -24 3 6 15 10 26 10 22 0 24 12 7 40 -10 16 -10 24 -1 39 17 27 19 146 3 166 -15 18 -64 20 -78 3z"
       id="path3629" />
    <path
       d="M4640 3821 c0 -14 18 -23 31 -15 8 4 7 9 -2 15 -18 11 -29 11 -29 0z"
       id="path3639" />
    <path
       d="M4593 3750 c-29 -12 -38 -51 -20 -86 8 -16 17 -48 20 -72 4 -34 2 -44 -13 -52 -14 -7 -18 -22 -18 -55 0 -69 37 -96 78 -55 23 23 26 60 6 98 -11 22 -11 37 0 87 19 88 18 122 -5 135 -22 11 -19 11 -48 0z"
       id="path3643" />
    <path
       d="M4590 3317 c-24 -12 -25 -17 -26 -106 -1 -89 0 -93 22 -101 24 -9 54 -4 54 9 0 4 -5 12 -12 19 -9 9 -8 16 5 30 22 24 22 51 0 68 -17 12 -17 14 5 34 26 24 28 45 6 54 -21 8 -25 8 -54 -7z"
       id="path3671" />
    <path
       d="M4564 3065 c-7 -17 22 -85 36 -85 17 0 11 -25 -14 -59 -20 -27 -23 -38 -15 -59 7 -19 7 -33 -2 -49 -10 -19 -9 -26 6 -43 15 -17 16 -24 7 -46 -16 -33 -15 -97 0 -112 16 -16 47 -15 53 1 3 6 7 45 9 85 2 41 9 79 14 84 11 11 9 15 -21 75 -15 30 -15 33 0 42 13 7 16 21 14 54 -2 40 2 48 24 63 17 11 25 24 23 38 -4 28 -45 34 -64 9 -13 -17 -15 -17 -25 0 -12 21 -38 22 -45 2z"
       id="path3689" />
    <path
       d="M6925 2832 c-17 -12 -32 -67 -24 -89 16 -43 224 -178 255 -166 21 8 17 47 -7 69 -12 10 -48 54 -81 96 -32 43 -67 82 -78 88 -22 12 -51 13 -65 2z m87 -91 c18 -16 30 -33 26 -37 -9 -8 -78 42 -78 57 0 17 19 9 52 -20z"
       id="path3697" />
    <path
       d="M6736 2627 c-15 -19 -26 -41 -26 -50 0 -47 99 -97 193 -97 29 0 57 -6 66 -14 27 -23 57 -28 71 -11 19 23 -1 59 -49 89 -21 14 -41 29 -42 33 -2 5 -28 25 -57 46 -71 50 -120 52 -156 4z m144 -47 c14 -9 24 -21 22 -26 -5 -16 -76 -8 -106 11 -26 17 -27 20 -10 32 20 15 59 8 94 -17z"
       id="path3699" />
    <path
       d="M7910 2653 c-14 -3 -29 -9 -34 -14 -6 -5 -30 -9 -54 -9 -24 0 -65 -7 -91 -15 -25 -8 -75 -22 -111 -31 -36 -10 -96 -31 -133 -47 -47 -19 -78 -26 -97 -22 -33 7 -89 -14 -131 -50 -17 -13 -47 -30 -69 -36 -44 -13 -110 -64 -110 -84 0 -7 7 -18 15 -25 24 -20 18 -38 -18 -55 -26 -12 -40 -13 -61 -5 -16 6 -68 12 -117 15 -49 2 -94 7 -100 10 -17 11 -190 7 -229 -4 -48 -15 -95 -14 -109 2 -6 8 -8 33 -5 63 8 62 -6 91 -75 159 -48 47 -54 49 -109 51 -31 1 -74 5 -95 9 -49 9 -82 -7 -113 -56 -22 -35 -23 -36 -76 -31 -62 5 -80 -8 -102 -79 -26 -82 -86 -214 -103 -226 -9 -7 -25 -13 -36 -13 -59 0 -191 -82 -285 -177 -35 -36 -79 -66 -130 -90 -144 -69 -210 -159 -219 -298 -5 -65 -2 -75 29 -135 27 -53 43 -70 85 -95 78 -45 79 -62 7 -110 -60 -40 -128 -136 -196 -275 -97 -201 -118 -314 -81 -435 14 -44 31 -70 83 -123 36 -37 80 -78 99 -92 31 -23 33 -27 20 -47 -7 -12 -22 -26 -34 -32 -18 -9 -16 -10 13 -10 17 -1 32 3 32 8 0 5 12 16 26 26 22 14 30 15 55 4 23 -9 33 -9 42 0 6 6 24 11 39 11 23 0 28 -4 28 -24 0 -38 -82 -122 -141 -144 -56 -20 -62 -33 -23 -46 44 -14 86 1 137 51 l49 47 1689 -1 c1448 -2 1691 0 1703 12 19 20 18 694 -2 717 -7 9 -20 40 -31 69 -22 64 -113 244 -139 272 -9 11 -35 28 -57 38 -22 10 -55 34 -74 53 l-34 35 29 57 c19 37 58 86 113 138 176 170 238 321 201 486 -7 30 -14 96 -15 145 -2 101 -17 147 -68 205 -17 20 -45 53 -60 73 -28 37 -162 110 -252 137 -50 15 -211 32 -330 34 -49 1 -97 4 -105 8 -8 3 -26 3 -40 1z m204 -83 c43 -11 89 -20 103 -20 13 0 26 -7 29 -15 3 -8 16 -17 27 -21 12 -4 38 -21 59 -38 20 -17 60 -51 90 -76 31 -26 79 -83 114 -135 52 -79 59 -87 62 -63 2 14 -8 49 -23 77 -28 56 -160 190 -214 218 -19 10 -45 28 -59 41 l-25 22 24 0 c34 0 121 -33 161 -61 36 -25 148 -139 148 -150 0 -4 15 -17 34 -29 45 -27 61 -73 46 -131 -11 -41 -12 -41 -48 -35 -28 4 -41 1 -58 -15 -28 -27 -58 -18 -74 21 -7 17 -16 30 -21 30 -5 0 -9 9 -9 20 0 30 -64 126 -97 146 -15 10 -46 32 -68 50 -74 58 -239 134 -293 134 -16 0 -37 7 -48 15 -10 8 -29 15 -41 15 -13 0 -23 5 -23 10 0 17 120 11 204 -10z m-172 -44 c21 -9 43 -16 50 -16 38 -1 183 -69 282 -134 72 -46 176 -143 176 -164 0 -21 -52 -9 -93 22 -53 40 -226 132 -327 174 -156 64 -212 80 -325 89 -56 4 -59 3 -44 -12 9 -9 43 -23 75 -31 78 -17 146 -37 160 -46 6 -4 37 -16 70 -28 72 -26 109 -44 199 -95 38 -22 95 -52 125 -67 51 -24 76 -35 153 -66 34 -15 38 -52 5 -52 -36 1 -117 25 -130 38 -7 7 -17 12 -22 12 -6 0 -94 41 -196 91 -102 51 -198 97 -215 104 -76 31 -112 44 -143 49 -19 3 -57 17 -85 31 -63 32 -96 26 -54 -11 15 -13 40 -24 55 -24 15 -1 52 -14 82 -30 30 -17 64 -30 76 -30 11 0 24 -4 30 -9 10 -11 249 -131 259 -131 3 0 40 -16 81 -35 41 -19 84 -35 95 -35 34 0 99 -39 99 -59 0 -38 26 -44 72 -17 28 16 48 22 57 16 10 -5 19 -2 30 11 13 16 21 18 41 11 18 -7 31 -5 47 5 33 22 83 8 83 -22 0 -12 7 -28 16 -36 16 -13 16 -18 -4 -135 -8 -51 -68 -146 -99 -158 -7 -3 -13 -12 -13 -20 0 -25 -99 -136 -120 -136 -20 0 -24 9 -21 41 1 11 -7 16 -29 16 -16 0 -38 8 -49 17 -18 16 -21 17 -45 1 -36 -24 -49 -11 -42 39 8 49 61 205 88 259 14 28 15 37 5 37 -29 0 -97 -109 -97 -156 0 -10 -7 -28 -15 -38 -10 -13 -15 -43 -15 -83 0 -50 -4 -64 -18 -72 -33 -18 -47 2 -34 47 7 22 12 51 12 65 0 73 57 212 105 257 33 31 32 50 -2 50 -32 0 -127 26 -166 46 -16 8 -33 14 -39 14 -13 0 -196 79 -304 131 -44 21 -85 39 -90 39 -5 0 -21 6 -35 14 -41 21 -189 64 -246 72 -45 6 -52 4 -62 -14 -6 -11 -25 -25 -43 -31 -56 -20 -21 -32 61 -22 104 13 127 -1 77 -48 -14 -13 -30 -36 -36 -51 -16 -39 -29 -42 -91 -20 -30 10 -66 21 -81 25 -16 3 -28 9 -28 13 0 11 36 49 52 55 7 2 10 8 6 12 -11 12 -51 -2 -82 -30 -32 -28 -69 -41 -85 -30 -16 9 -13 32 4 39 8 3 15 10 15 16 0 5 -7 10 -15 10 -23 0 -18 28 8 44 33 20 115 30 133 15 11 -9 20 -9 42 1 29 13 27 16 -31 34 -10 3 -16 10 -12 16 10 17 81 30 166 32 l81 1 13 31 c24 56 96 75 265 71 62 -1 108 -8 132 -19z m-1741 -37 c17 -33 4 -98 -40 -192 -57 -121 -120 -187 -137 -144 -2 7 9 44 26 81 21 49 30 83 30 122 0 80 41 154 86 154 14 0 28 -9 35 -21z m138 -30 c19 -35 5 -87 -44 -158 -19 -28 -35 -53 -35 -57 0 -8 -61 -86 -75 -96 -5 -4 -16 -8 -23 -8 -26 0 -22 30 11 77 58 81 87 148 87 201 0 26 6 54 12 60 19 19 51 10 67 -19z m-329 -54 c34 -41 -29 -231 -92 -278 -28 -21 -37 -50 -18 -62 6 -3 22 3 36 14 15 12 32 21 38 21 6 0 24 7 39 15 21 10 34 12 47 5 10 -6 32 -10 48 -10 16 0 35 -7 42 -15 24 -29 58 -18 80 25 11 22 33 54 48 72 38 45 57 76 71 120 13 38 39 57 52 36 21 -33 -25 -141 -109 -255 -81 -108 -103 -148 -96 -167 11 -29 50 -19 73 19 19 33 24 35 70 35 57 0 81 -17 81 -59 0 -38 -14 -47 -80 -56 -62 -8 -117 -29 -174 -69 -22 -15 -46 -24 -53 -21 -7 3 -20 8 -28 11 -10 4 -15 0 -15 -15 0 -31 -45 -57 -75 -43 -32 15 -32 46 0 60 14 6 25 18 25 27 0 8 10 35 22 60 21 43 21 46 5 62 -20 21 -50 8 -56 -23 -5 -28 -41 -105 -63 -137 -17 -24 -25 -27 -52 -22 -17 4 -41 14 -54 22 -35 22 -67 13 -67 -17 0 -21 7 -27 45 -36 36 -10 49 -9 68 3 12 7 27 11 32 8 16 -10 11 -54 -7 -70 -10 -8 -43 -37 -73 -64 -36 -32 -72 -54 -105 -64 -126 -37 -247 -90 -310 -137 -69 -51 -102 -40 -176 56 -42 54 -44 61 -44 123 0 107 42 175 145 235 97 56 206 76 350 64 32 -3 35 -1 40 32 7 42 12 50 106 207 42 69 85 155 99 200 14 43 28 84 30 91 6 17 40 15 55 -3z m1654 -126 c29 -23 26 -39 -7 -39 -13 0 -49 -14 -81 -30 -78 -41 -102 -33 -52 18 20 20 44 45 53 55 22 23 54 22 87 -4z m-794 -79 c298 -24 474 -51 499 -75 18 -18 9 -51 -28 -102 -22 -31 -39 -43 -75 -52 -33 -8 -53 -21 -73 -47 -15 -20 -37 -48 -49 -62 l-21 -25 -125 16 c-90 11 -138 13 -169 6 -35 -8 -51 -6 -90 11 -53 22 -104 25 -179 9 -61 -13 -82 -2 -74 39 4 18 -2 38 -18 61 -27 40 -40 48 -90 56 -24 4 -38 11 -38 21 0 12 50 85 92 134 17 20 250 25 438 10z m873 2 c10 -4 24 -20 32 -36 27 -52 -11 -71 -158 -81 -101 -7 -116 -17 -66 -43 25 -13 115 -11 199 5 52 9 70 35 70 101 0 23 3 42 6 42 6 0 28 -9 135 -59 25 -11 51 -21 57 -21 6 0 35 -11 64 -24 81 -36 141 -56 170 -56 41 0 43 -18 9 -60 -31 -39 -81 -199 -81 -260 0 -34 -73 -114 -125 -135 -43 -19 -51 -33 -31 -53 15 -16 18 -15 42 16 29 37 64 43 64 12 0 -35 26 -33 85 9 50 35 66 41 110 41 177 0 113 -226 -89 -315 -31 -14 -68 -25 -81 -25 -36 0 -65 33 -65 74 0 42 -23 65 -46 45 -11 -9 -14 -22 -9 -48 16 -92 19 -87 -80 -132 -49 -22 -103 -46 -120 -54 -56 -26 -200 -47 -292 -43 -114 4 -168 29 -229 107 -53 67 -71 105 -115 236 -30 92 -33 109 -31 210 2 95 6 117 28 163 31 63 67 86 88 56 16 -20 21 -14 28 31 2 12 12 21 26 23 14 2 33 20 49 45 14 23 38 56 53 72 16 17 30 39 32 49 6 35 166 116 228 115 14 0 33 -4 43 -7z m-2017 -127 c8 -21 -46 -102 -77 -115 -38 -16 -121 -18 -126 -3 -4 11 170 133 190 133 4 0 10 -7 13 -15z m971 -269 c15 -12 38 -28 51 -35 12 -6 22 -18 22 -25 0 -7 10 -25 21 -40 15 -19 20 -35 15 -56 -3 -16 -1 -32 4 -35 6 -3 10 -31 10 -62 0 -60 -12 -81 -93 -164 -33 -34 -36 -41 -25 -59 9 -14 10 -22 1 -31 -14 -14 -34 -3 -27 16 6 14 -6 21 -62 39 -19 6 -22 2 -28 -34 -3 -22 -10 -40 -15 -40 -5 0 -24 -12 -42 -27 -85 -72 -201 -70 -215 4 -4 23 -15 38 -34 48 -52 27 -73 114 -32 130 12 4 26 -4 45 -27 27 -31 28 -32 22 -8 -4 16 2 44 14 74 12 26 21 54 21 62 0 21 -54 17 -75 -6 -10 -11 -22 -20 -27 -20 -13 0 -9 38 5 43 9 3 7 13 -6 39 -10 19 -17 41 -15 49 1 8 -7 24 -20 37 -32 32 -29 70 6 83 15 5 44 19 66 30 42 22 93 26 169 14 30 -5 56 -4 70 3 59 29 137 29 174 -2z m222 -22 c30 -12 33 -17 28 -43 -5 -24 -2 -30 16 -35 12 -3 28 -6 35 -6 18 0 15 48 -5 58 -23 13 -9 47 15 37 9 -5 31 -10 49 -13 47 -6 54 -20 45 -88 -6 -51 -10 -59 -30 -62 -25 -4 -32 -42 -7 -42 29 0 37 -47 15 -88 -11 -20 -20 -42 -20 -49 0 -6 -9 -18 -20 -26 -11 -8 -25 -29 -31 -48 -7 -19 -21 -42 -33 -52 -16 -13 -17 -16 -4 -11 12 4 20 0 25 -12 8 -22 -14 -106 -32 -120 -9 -7 -10 -15 -4 -25 5 -8 9 -24 9 -36 0 -18 -6 -23 -24 -23 -13 0 -29 7 -36 15 -7 8 -18 15 -25 15 -12 0 -68 24 -95 41 -38 23 -63 29 -76 18 -21 -18 -17 -48 9 -58 30 -12 51 -37 44 -55 -3 -8 -24 -20 -46 -26 -25 -6 -41 -17 -41 -26 0 -8 -13 -23 -30 -32 -29 -17 -30 -18 -30 -100 0 -66 -3 -84 -16 -89 -19 -7 -36 16 -28 37 3 8 8 44 11 80 3 36 10 73 15 83 6 12 3 35 -9 72 -15 45 -22 55 -40 55 -13 0 -32 9 -43 20 -24 24 -15 52 23 71 12 6 32 21 44 32 26 24 50 17 63 -18 8 -21 16 -26 37 -23 20 2 29 10 35 34 4 17 31 55 60 85 64 66 88 111 88 164 0 22 7 50 15 63 12 16 13 27 6 41 -6 11 -8 32 -5 48 4 21 0 33 -15 47 -12 11 -21 25 -21 33 0 7 -9 21 -20 30 -11 10 -20 25 -20 35 0 16 6 17 43 12 23 -4 57 -13 76 -20z m-759 -89 c8 -10 11 -32 7 -64 -5 -41 -2 -52 14 -67 16 -15 19 -28 17 -78 -3 -54 -6 -61 -25 -64 -16 -2 -26 5 -37 26 -18 35 -64 74 -77 66 -5 -3 -9 -18 -9 -33 0 -28 -38 -72 -73 -84 -24 -9 -44 -54 -30 -68 15 -15 33 -2 49 37 15 36 38 44 94 32 45 -9 156 -125 193 -203 32 -63 40 -70 65 -54 39 24 127 -32 164 -104 17 -33 19 -52 15 -102 -7 -78 -51 -199 -90 -250 -64 -83 -109 -131 -150 -162 -64 -49 -216 -121 -271 -129 -55 -8 -86 -32 -86 -68 0 -37 -14 -39 -55 -6 -37 29 -41 30 -147 30 -104 0 -192 13 -212 31 -6 5 -2 23 10 44 16 29 17 37 5 44 -21 13 -44 2 -66 -32 -27 -42 -92 -86 -138 -94 -31 -5 -51 1 -110 30 -98 49 -142 88 -178 159 -42 83 -47 142 -20 216 13 33 35 74 50 93 24 29 34 33 88 37 65 5 106 -10 153 -53 14 -13 37 -27 53 -30 38 -10 36 17 -5 55 l-33 29 47 43 c84 77 128 109 145 106 10 -2 21 -20 28 -48 23 -89 73 -150 124 -150 30 0 28 40 -4 70 -36 34 -80 106 -106 173 -22 57 -22 58 -4 124 25 91 71 143 127 143 28 0 49 -7 70 -25 17 -14 36 -25 43 -23 11 3 61 55 177 185 20 23 46 47 57 53 25 13 30 70 6 70 -8 0 -15 -5 -15 -11 0 -7 -11 -9 -26 -6 -18 3 -33 -3 -52 -20 -30 -28 -75 -28 -80 -1 -5 24 46 70 70 62 13 -4 21 2 27 19 14 35 22 38 77 27 46 -8 50 -7 67 16 21 28 39 31 57 9z m995 -300 c38 -111 67 -164 114 -209 39 -37 53 -66 31 -66 -5 0 -28 7 -50 16 -34 14 -47 14 -92 4 -29 -7 -65 -19 -79 -28 -37 -21 -63 -9 -55 26 3 15 12 61 20 102 7 41 23 102 35 134 11 33 21 69 21 81 0 25 10 39 21 28 4 -5 19 -44 34 -88z m1260 -105 c10 -11 27 -20 38 -20 27 0 117 -97 117 -126 0 -13 6 -27 14 -31 29 -17 59 -82 53 -118 -5 -27 -2 -35 13 -40 20 -6 66 -77 71 -110 2 -11 0 -33 -4 -48 -5 -19 -3 -35 7 -49 14 -20 14 -23 -4 -35 -11 -8 -20 -23 -20 -34 0 -29 -100 -120 -128 -117 -30 4 -57 47 -49 80 9 36 84 81 124 75 26 -5 35 -2 44 14 13 25 5 49 -15 49 -9 0 -23 11 -32 25 -9 14 -20 25 -25 25 -17 0 -109 -74 -109 -88 0 -9 -11 -13 -36 -10 -50 4 -70 -24 -36 -50 15 -12 21 -24 17 -35 -5 -12 1 -20 19 -28 29 -13 56 -59 56 -95 0 -14 -13 -33 -32 -48 -26 -20 -30 -28 -20 -38 19 -19 14 -35 -20 -67 -40 -37 -53 -38 -74 -6 -9 14 -28 28 -43 32 -14 3 -47 16 -72 29 -40 20 -47 28 -52 60 -5 29 -1 46 19 80 14 24 23 48 19 53 -13 23 45 91 104 120 40 21 60 37 65 54 8 33 112 100 143 92 19 -4 25 0 33 20 14 36 13 45 -5 45 -9 0 -31 16 -50 35 -42 41 -45 76 -10 110 25 26 18 33 -14 14 -31 -20 -71 -3 -88 39 -8 20 -21 41 -28 47 -7 5 -15 19 -17 30 -2 13 -12 21 -31 23 -32 4 -36 -16 -8 -42 27 -24 26 -88 -1 -148 -18 -39 -26 -48 -47 -48 -35 0 -86 78 -77 117 7 25 6 26 -33 19 -32 -5 -41 -3 -41 8 0 31 23 66 44 66 32 0 135 45 159 69 27 26 39 26 62 1z m-2971 -68 c0 -28 -10 -55 -29 -84 -35 -51 -152 -168 -168 -168 -7 0 -6 4 3 10 12 8 10 14 -17 36 -35 27 -42 44 -19 44 8 0 18 9 21 20 4 11 28 42 55 69 26 27 50 59 52 72 2 18 10 25 33 27 17 2 34 8 40 13 18 18 30 2 29 -39z m2650 -47 c7 -19 -12 -163 -25 -187 -5 -9 -9 -37 -9 -62 0 -40 -3 -46 -21 -46 -12 0 -36 15 -54 34 -46 49 -85 66 -155 66 -45 0 -60 4 -60 14 0 20 82 78 186 132 49 25 93 50 99 55 14 14 32 11 39 -6z m-1220 -90 c11 -8 30 -15 43 -15 13 0 36 -6 51 -14 15 -7 43 -16 63 -20 31 -5 37 -3 42 14 5 21 31 27 42 10 4 -6 2 -17 -5 -25 -9 -11 -7 -16 9 -24 26 -15 31 -14 31 4 0 27 60 56 102 49 20 -3 45 -1 54 4 25 14 69 -4 82 -33 13 -28 19 -29 57 -15 20 8 32 6 51 -7 28 -18 54 -62 54 -92 0 -16 9 -21 38 -26 62 -10 86 -27 92 -65 8 -53 39 -52 90 1 42 44 46 58 12 40 -50 -27 -112 -3 -112 42 0 41 80 77 94 42 3 -8 14 -15 25 -15 12 0 28 -11 37 -25 13 -20 25 -25 58 -25 31 0 48 -6 63 -22 31 -35 36 -59 15 -65 -10 -2 -23 -18 -29 -34 -6 -16 -18 -29 -27 -29 -8 0 -20 -9 -26 -20 -6 -12 -21 -20 -35 -20 -33 0 -75 20 -75 37 0 11 -5 10 -26 -3 -17 -12 -22 -20 -15 -27 19 -19 12 -27 -24 -27 -19 0 -35 -4 -35 -10 0 -5 16 -10 35 -10 38 0 38 0 29 -24 -8 -21 -70 -22 -78 -1 -3 9 -18 15 -34 15 -16 0 -35 7 -42 15 -7 8 -20 15 -29 15 -9 0 -25 7 -35 15 -11 8 -27 15 -37 15 -9 0 -22 6 -28 14 -6 7 -27 16 -46 19 -19 3 -51 17 -72 31 -21 14 -47 26 -58 26 -11 0 -29 7 -39 15 -11 8 -32 15 -47 15 -14 0 -32 6 -38 14 -6 8 -26 16 -44 19 -36 5 -181 53 -212 70 -11 6 -40 14 -65 18 -25 4 -63 15 -85 24 -37 16 -38 18 -20 31 21 16 44 13 130 -13 127 -39 154 -48 210 -73 33 -15 69 -30 80 -33 11 -3 52 -17 90 -31 39 -14 77 -26 86 -26 9 0 22 -7 29 -15 15 -18 51 -16 58 3 2 8 -8 12 -32 12 -20 0 -36 4 -36 9 0 5 -14 13 -32 16 -17 4 -53 20 -78 36 -26 16 -54 29 -63 29 -9 0 -18 4 -21 9 -3 4 -38 18 -78 31 -40 12 -83 26 -96 31 -13 5 -32 9 -43 9 -12 0 -33 6 -47 14 -15 8 -39 19 -54 25 -26 10 -37 38 -21 54 11 12 47 7 67 -8z m1317 2 c21 -16 59 -91 59 -116 0 -29 49 -38 69 -13 9 11 26 23 38 26 12 4 34 21 47 37 l26 30 40 -22 c32 -18 40 -28 40 -51 0 -15 -4 -28 -9 -28 -4 0 -23 -16 -42 -36 -104 -110 -128 -134 -138 -134 -17 0 -13 66 5 80 23 20 14 64 -14 68 -18 3 -26 -5 -42 -43 -11 -26 -20 -55 -20 -66 0 -10 -9 -36 -20 -57 -11 -21 -24 -58 -29 -82 -27 -126 -34 -141 -83 -166 -32 -17 -35 -31 -10 -50 21 -16 4 -38 -21 -28 -18 7 -22 19 -32 96 -6 44 -4 48 18 53 24 6 51 47 40 59 -4 3 -14 6 -24 6 -10 0 -25 12 -33 28 -8 15 -24 34 -35 42 -13 9 -21 25 -21 42 0 24 5 30 31 35 20 4 38 16 48 34 21 37 32 36 70 -3 l31 -32 -5 45 c-5 41 -4 45 26 64 18 11 34 26 37 33 7 21 -27 13 -50 -13 -25 -29 -56 -33 -65 -8 -11 29 28 184 46 183 3 0 13 -6 22 -13z m-436 -38 c0 -19 -123 -98 -145 -92 -9 3 -28 19 -40 35 -21 29 -22 32 -6 44 10 7 32 10 49 8 18 -3 52 1 77 9 51 17 65 16 65 -4z m-1019 -114 c10 -8 28 -15 40 -15 11 0 29 -7 40 -15 10 -8 28 -14 39 -15 20 0 66 -13 180 -52 33 -11 80 -27 105 -34 69 -20 116 -39 131 -51 8 -6 28 -15 44 -19 17 -4 35 -10 40 -14 6 -4 28 -13 50 -20 22 -7 56 -20 75 -30 41 -20 95 -40 130 -48 14 -3 41 -15 60 -27 57 -35 133 -72 164 -79 16 -4 41 -16 54 -27 14 -10 37 -19 53 -19 15 0 29 -4 31 -8 5 -13 87 -52 108 -52 10 0 21 -4 24 -9 9 -14 60 -20 73 -9 9 7 15 4 22 -14 10 -26 35 -40 140 -78 l64 -24 23 28 c13 15 24 34 24 42 0 8 5 14 12 14 7 0 21 9 33 19 40 38 71 69 116 117 77 81 98 98 104 82 3 -7 2 -38 -3 -68 -6 -42 -4 -61 7 -82 12 -21 13 -35 5 -66 -6 -24 -7 -49 -2 -63 6 -15 5 -33 -2 -48 -10 -23 -13 -23 -86 -17 -41 4 -82 10 -90 13 -19 7 -14 33 9 44 9 5 25 13 35 18 17 8 75 112 67 120 -11 10 -75 -35 -83 -58 -7 -20 -15 -25 -48 -25 -36 -1 -39 -3 -42 -33 -2 -22 3 -35 18 -46 18 -12 19 -16 6 -27 -11 -8 -55 -12 -143 -11 -215 3 -245 6 -264 30 -23 28 -49 28 -46 -1 2 -20 -3 -23 -42 -26 -58 -4 -72 10 -40 44 23 25 24 26 5 40 -34 24 -59 17 -83 -25 -20 -35 -26 -39 -50 -32 -44 11 -43 46 2 72 20 12 34 26 32 32 -6 19 -96 69 -112 63 -20 -7 -19 -46 1 -60 11 -8 16 -30 17 -65 2 -70 -12 -80 -85 -62 -53 14 -118 65 -118 94 0 20 98 107 120 107 30 0 24 17 -10 29 -17 6 -42 19 -56 30 -13 11 -50 27 -82 36 -31 9 -64 21 -72 26 -51 31 -92 49 -110 49 -17 0 -20 -6 -20 -40 0 -34 3 -40 21 -40 32 0 59 -18 52 -36 -5 -13 2 -14 46 -8 51 7 63 0 39 -24 -8 -8 -9 -12 -1 -12 6 0 13 5 15 11 5 16 78 0 86 -19 4 -10 -12 -32 -47 -64 -30 -28 -51 -55 -49 -64 2 -9 27 -26 55 -38 60 -24 63 -40 10 -44 -36 -3 -110 16 -217 57 -30 12 -56 21 -57 21 -2 0 -11 -17 -20 -38 -16 -32 -23 -37 -53 -37 -35 0 -35 0 -38 50 -4 62 -23 85 -71 85 -20 0 -47 9 -61 20 -14 11 -35 20 -46 20 -12 0 -27 7 -34 15 -16 19 -31 19 -56 0 -19 -15 -19 -15 0 -30 11 -8 32 -15 47 -15 15 0 31 -4 34 -10 3 -5 24 -10 45 -10 30 0 43 -6 64 -31 28 -33 32 -50 16 -79 -9 -16 -22 -18 -127 -17 l-117 2 -9 35 c-7 26 -5 47 8 82 19 53 14 68 -20 68 -33 0 -37 -11 -40 -98 -2 -49 -8 -78 -17 -83 -20 -13 -92 -11 -112 4 -16 12 -17 19 -6 78 14 78 14 97 1 173 -6 37 -6 67 0 83 6 16 6 38 -1 62 -5 20 -10 79 -10 132 0 68 -4 101 -15 115 -18 24 -19 51 -2 57 24 10 53 7 73 -8z m1890 -194 c-4 -5 -13 -8 -22 -4 -11 4 -12 8 -3 20 14 16 36 2 25 -16z m-2022 -3 c11 -15 16 -45 16 -86 0 -66 -12 -102 -33 -102 -7 0 -29 -11 -47 -25 -19 -14 -52 -28 -73 -32 -39 -6 -44 -18 -14 -37 19 -12 130 8 135 24 2 5 12 20 22 32 15 19 21 21 31 10 10 -9 11 -19 1 -45 -7 -18 -12 -47 -12 -63 0 -16 -4 -35 -9 -43 -7 -10 -3 -23 10 -39 21 -27 24 -58 9 -82 -13 -21 -285 -25 -317 -4 -29 18 -29 32 -2 60 20 22 21 25 7 61 -17 42 -14 63 8 63 8 0 17 13 21 31 4 20 14 34 29 40 14 5 24 17 24 29 0 11 18 37 40 59 22 21 44 49 49 62 12 33 69 109 80 109 6 0 17 -10 25 -22z m1375 -20 c6 -7 24 -29 41 -48 60 -69 22 -113 -63 -72 -23 11 -55 25 -70 31 -41 16 -33 49 18 77 48 26 61 28 74 12z m596 2 c-3 -5 -13 -10 -22 -10 -9 0 -25 -8 -35 -17 -14 -13 -21 -14 -30 -5 -9 9 -7 15 8 27 21 16 89 21 79 5z m-747 -125 c10 -22 9 -25 -9 -25 -22 0 -69 28 -69 41 0 5 15 9 33 9 26 0 36 -6 45 -25z m56 -44 c3 -5 0 -11 -8 -14 -15 -6 -26 1 -26 15 0 11 27 10 34 -1z m101 -41 c3 -5 -1 -10 -9 -10 -8 0 -18 5 -21 10 -3 6 1 10 9 10 8 0 18 -4 21 -10z m-1716 -94 c14 -17 4 -46 -15 -46 -18 0 -28 24 -20 45 7 19 20 19 35 1z m-49 -103 c17 -37 28 -73 26 -80 -8 -19 -40 -16 -69 7 -30 24 -63 26 -71 5 -7 -20 -52 -19 -60 1 -12 31 -6 61 17 80 40 36 72 53 99 53 25 1 31 -7 58 -66z m-643 -17 c46 -7 89 -19 98 -26 16 -13 21 -40 8 -40 -5 -1 -64 -2 -133 -3 -121 -2 -125 -1 -128 20 -3 24 32 63 57 63 9 0 53 -6 98 -14z m441 -19 c4 -31 -36 -62 -68 -52 -24 8 -25 23 -2 51 32 41 65 41 70 1z m-247 -7 c5 0 9 -9 9 -20 0 -22 -29 -27 -47 -9 -15 15 -4 42 14 35 8 -3 19 -6 24 -6z m83 -6 c17 -7 22 -44 7 -44 -28 0 -60 21 -55 35 6 16 22 19 48 9z"
       id="path3701" />
    <path
       d="M8496 2008 c-9 -12 -16 -28 -16 -34 0 -6 -7 -17 -15 -24 -8 -7 -15 -23 -15 -37 0 -13 -5 -34 -12 -46 -7 -12 -20 -44 -30 -72 -35 -101 -14 -132 28 -40 14 30 29 57 33 59 4 3 15 33 25 68 9 35 22 77 27 94 17 57 4 74 -25 32z"
       id="path3703" />
    <path
       d="M8670 1980 c0 -28 13 -40 24 -22 7 12 -5 52 -15 52 -5 0 -9 -13 -9 -30z"
       id="path3705" />
    <path
       d="M8596 1952 c-2 -4 -7 -25 -11 -47 -4 -22 -22 -68 -41 -103 -19 -34 -34 -69 -34 -76 0 -8 -7 -19 -15 -26 -16 -13 -21 -50 -7 -50 5 0 14 10 20 23 7 12 30 47 52 77 22 30 40 66 40 79 0 14 7 32 16 42 11 12 13 27 9 53 -7 34 -18 45 -29 28z"
       id="path3707" />
    <path
       d="M7946 2029 c-14 -11 -33 -33 -40 -47 -13 -24 -12 -30 5 -51 10 -13 19 -37 19 -54 0 -40 48 -133 84 -164 24 -20 27 -27 19 -46 -6 -12 -28 -31 -49 -42 -54 -26 -74 -45 -74 -67 0 -22 30 -24 69 -4 40 21 117 102 132 139 7 18 18 39 25 47 18 21 37 147 29 190 -4 19 -16 47 -27 62 -40 56 -142 76 -192 37z m141 -61 c26 -51 33 -117 17 -157 -8 -18 -14 -44 -14 -57 0 -40 -22 -40 -57 2 -18 21 -33 44 -33 50 0 7 -9 31 -20 55 -11 24 -20 63 -20 86 0 46 6 50 72 52 33 1 40 -3 55 -31z"
       id="path3709" />
    <path
       d="M7505 1970 c-25 -10 -65 -54 -92 -100 -22 -37 -19 -64 11 -89 27 -23 19 -41 -18 -41 -58 0 -66 -7 -66 -59 0 -65 60 -145 104 -139 35 5 31 38 -9 75 -21 19 -35 41 -33 51 3 19 81 61 115 62 33 0 53 35 40 69 -8 23 -7 33 10 57 35 50 37 71 9 99 -26 26 -38 29 -71 15z"
       id="path3711" />
    <path
       d="M7788 1824 c-15 -8 -43 -35 -63 -61 -45 -59 -48 -111 -9 -142 46 -36 81 -22 135 52 38 52 40 107 4 142 -28 29 -31 29 -67 9z"
       id="path3713" />
    <path
       d="M7236 1612 c-3 -5 3 -35 13 -68 17 -58 18 -59 52 -57 28 2 38 -4 54 -28 17 -25 25 -28 51 -23 26 5 36 1 58 -23 30 -32 32 -49 9 -75 -16 -18 -16 -20 4 -40 20 -19 24 -20 72 -7 63 16 101 3 101 -35 0 -34 -32 -50 -84 -41 -22 4 -67 7 -99 8 -48 2 -62 6 -78 26 -26 32 -24 60 6 71 14 5 25 12 25 14 0 3 -14 21 -30 40 -22 24 -36 33 -51 29 -12 -4 -25 1 -33 12 -10 13 -15 15 -20 6 -10 -16 2 -81 14 -81 6 0 10 -10 10 -23 0 -34 45 -93 82 -107 18 -6 47 -19 63 -27 50 -25 236 -5 335 35 39 16 68 48 79 89 16 56 14 76 -12 114 -28 42 -88 55 -156 32 -42 -14 -93 -14 -215 3 -65 8 -132 51 -179 113 -35 48 -59 62 -71 43z m564 -228 c0 -6 -7 -17 -15 -24 -14 -12 -13 -15 5 -32 25 -23 25 -29 0 -56 -22 -24 -63 -38 -79 -27 -17 10 -13 43 9 65 19 19 19 20 0 30 -30 16 -24 37 18 64 33 22 38 23 50 8 6 -9 12 -21 12 -28z m-136 0 c9 -8 16 -19 16 -24 0 -16 -37 -30 -80 -30 -69 0 -105 34 -62 59 27 16 108 13 126 -5z"
       id="path3715" />
    <path
       d="M8322 1518 c-14 -14 2 -48 24 -48 20 0 29 27 14 45 -15 18 -22 19 -38 3z"
       id="path3717" />
    <path
       d="M8228 1489 c-29 -22 -37 -49 -15 -49 7 0 18 5 24 11 15 15 33 3 33 -21 0 -31 -36 -50 -70 -37 -35 13 -44 6 -36 -28 5 -18 13 -25 32 -25 23 0 88 40 106 65 14 19 8 65 -12 85 -25 25 -28 24 -62 -1z"
       id="path3719" />
    <path
       d="M6530 1755 c0 -3 4 -14 9 -24 12 -22 5 -32 -46 -65 -60 -37 -96 -35 -123 9 -17 27 -19 38 -10 55 10 18 8 20 -24 20 -25 0 -38 -6 -46 -19 -14 -28 -14 -28 25 -41 19 -6 35 -18 35 -26 0 -8 7 -17 15 -20 11 -5 13 -16 9 -44 -6 -36 -5 -38 24 -45 41 -9 86 -67 78 -101 -8 -31 -92 -86 -124 -80 -21 3 -23 0 -20 -38 3 -38 5 -41 34 -44 27 -3 32 1 37 25 4 19 20 38 47 56 47 30 77 34 106 12 27 -20 37 -19 24 4 -20 39 -11 65 35 102 48 39 89 43 100 9 6 -18 34 -35 43 -26 2 3 -3 17 -13 32 -11 17 -15 36 -11 56 5 24 2 30 -19 38 -40 15 -96 82 -90 108 4 17 0 25 -20 32 -42 16 -75 23 -75 15z m89 -134 c40 -50 39 -66 -4 -86 -19 -9 -39 -23 -46 -31 -6 -8 -24 -14 -39 -14 -21 0 -33 8 -49 36 -30 50 -27 66 22 102 56 42 79 41 116 -7z"
       id="path3721" />
    <path
       d="M6916 1528 c-11 -41 -7 -48 24 -48 24 0 33 6 40 26 13 33 6 44 -29 44 -21 0 -30 -6 -35 -22z"
       id="path3723" />
    <path
       d="M6837 1343 c-4 -3 0 -17 8 -29 9 -14 12 -34 9 -51 -5 -26 -2 -30 29 -40 34 -10 35 -10 41 19 10 48 7 58 -14 58 -11 0 -27 11 -36 25 -17 26 -26 30 -37 18z"
       id="path3725" />
    <path
       d="M6805 1220 c-15 -17 -16 -20 -3 -20 9 0 19 7 22 16 10 25 1 27 -19 4z"
       id="path3727" />
    <path
       d="M6110 1584 c0 -17 22 -14 28 4 2 7 -3 12 -12 12 -9 0 -16 -7 -16 -16z"
       id="path3729" />
    <path
       d="M6134 1202 c-22 -14 -34 -52 -34 -105 0 -45 5 -61 31 -93 51 -66 115 -78 138 -28 15 34 14 58 -6 117 -29 82 -91 135 -129 109z"
       id="path3731" />
    <path
       d="M5818 1113 c-46 -53 -49 -114 -10 -193 48 -97 114 -106 160 -22 l24 43 -28 66 c-37 86 -68 123 -103 123 -15 0 -35 -8 -43 -17z"
       id="path3733" />
    <path
       d="M6090 899 c-61 -35 -104 -140 -65 -155 21 -8 40 10 65 62 24 49 38 54 65 24 22 -24 48 -26 66 -4 10 13 7 20 -22 49 -45 44 -67 49 -109 24z"
       id="path3735" />
    <path
       d="M6110 562 c-25 -8 -70 -55 -70 -73 0 -58 84 -29 104 37 7 24 -11 44 -34 36z"
       id="path3737" />
    <path
       d="M8260 1180 c-12 -8 -11 -10 8 -10 12 0 22 5 22 10 0 13 -11 13 -30 0z"
       id="path3739" />
    <path
       d="M8310 585 c0 -5 -3 -20 -6 -31 -4 -17 0 -22 19 -26 19 -4 30 2 46 23 12 16 21 30 21 33 0 2 -18 6 -40 8 -23 2 -40 -1 -40 -7z"
       id="path3741" />
    <path
       d="M8403 453 c-18 -6 -16 -42 2 -49 8 -4 22 -1 30 6 24 20 -1 54 -32 43z"
       id="path3743" />
    <path
       d="M7302 985 c-8 -10 -23 -13 -40 -9 -79 16 -76 16 -63 0 7 -8 36 -27 64 -42 48 -25 136 -81 147 -95 3 -3 23 -9 45 -12 22 -4 41 -11 43 -17 2 -5 12 -10 22 -10 11 0 31 -11 46 -24 l28 -23 -23 -13 -23 -12 30 -18 c26 -16 60 -24 86 -21 5 1 3 7 -3 15 -9 11 -9 19 0 34 16 26 -2 52 -36 52 -12 0 -44 9 -70 21 -45 20 -47 22 -40 55 7 38 5 39 -41 22 -29 -10 -37 -9 -68 13 -20 13 -42 41 -51 62 -16 39 -32 46 -53 22z"
       id="path3745" />
    <path
       d="M7442 793 c-24 -9 33 -55 64 -51 38 4 39 20 3 41 -31 17 -44 19 -67 10z"
       id="path3747" />
    <path
       d="M6851 764 c-17 -21 -21 -41 -21 -94 0 -37 -5 -81 -11 -99 -14 -39 1 -61 40 -61 14 0 43 -9 64 -20 20 -11 52 -20 71 -20 19 0 38 -4 41 -10 3 -5 22 -10 41 -10 19 0 46 -7 59 -16 13 -8 34 -14 47 -13 13 2 37 -4 53 -13 17 -8 53 -21 80 -28 28 -6 69 -22 92 -33 50 -26 64 -17 51 31 -7 25 -14 32 -33 32 -13 0 -29 -8 -34 -17 -9 -16 -10 -14 -11 8 0 15 7 32 15 39 8 7 15 16 15 21 0 17 -37 9 -55 -11 -36 -39 -91 -16 -56 23 14 17 14 20 -2 32 -21 15 -21 29 -1 60 8 13 14 36 12 50 -2 21 -12 30 -43 41 -52 18 -85 18 -85 -1 0 -8 -18 -32 -40 -54 -31 -30 -40 -47 -40 -73 0 -18 -5 -40 -10 -48 -8 -13 -13 -13 -41 3 -17 9 -41 17 -53 17 -13 0 -31 9 -41 20 -10 11 -25 20 -34 20 -8 0 -26 12 -39 27 -21 25 -23 34 -17 88 4 33 9 64 12 68 3 5 30 7 61 5 46 -2 57 0 60 13 2 12 -11 21 -47 33 -66 21 -76 20 -100 -10z m397 -166 c17 -17 15 -65 -3 -72 -8 -3 -15 -10 -15 -16 0 -5 7 -10 15 -10 18 0 18 -2 3 -35 -13 -30 -38 -33 -38 -5 0 14 -7 20 -22 20 -56 1 -61 41 -12 99 27 33 52 39 72 19z"
       id="path3749" />
    <path
       d="M7046 714 c-20 -20 -20 -33 1 -56 17 -19 17 -20 -22 -87 -7 -14 -11 -29 -8 -34 8 -13 59 49 86 103 7 13 23 30 37 37 l24 12 -26 10 c-14 5 -29 15 -33 20 -9 16 -41 13 -59 -5z"
       id="path3751" />
    <path
       d="M6953 682 c-26 -16 -47 -132 -24 -132 17 0 71 74 71 97 0 24 -29 46 -47 35z"
       id="path3753" />
    <path
       d="M7680 350 c0 -23 22 -27 39 -6 9 11 8 15 -5 20 -26 10 -34 7 -34 -14z"
       id="path3755" />
    <path
       d="M6377 432 c-15 -6 -15 -10 -3 -27 8 -11 35 -31 60 -45 43 -23 47 -23 63 -8 15 16 14 18 -13 30 -16 7 -39 23 -51 35 -23 24 -28 26 -56 15z"
       id="path3757" />
    <path
       d="M6496 294 c-9 -23 -8 -24 14 -24 10 0 24 9 30 20 9 17 8 20 -14 20 -13 0 -27 -7 -30 -16z"
       id="path3759" />
    <path
       d="M4590 2549 c-7 -11 -9 -27 -6 -34 2 -7 0 -27 -7 -44 -10 -27 -8 -33 11 -54 26 -27 28 -50 7 -67 -10 -9 -15 -32 -15 -77 l0 -64 42 3 43 3 7 50 c7 48 3 58 -26 68 -5 2 -2 14 7 28 34 51 8 209 -34 209 -10 0 -23 -9 -29 -21z"
       id="path3761" />
    <path
       d="M3263 2413 c-26 -10 -12 -32 22 -39 45 -8 52 -1 26 25 -22 22 -27 23 -48 14z"
       id="path3763" />
    <path
       d="M3191 2335 c-16 -21 -18 -31 -10 -55 16 -44 35 -56 57 -36 24 21 32 20 32 -2 0 -28 29 -49 97 -71 33 -11 69 -24 79 -29 11 -5 42 -15 69 -21 28 -7 66 -23 86 -37 19 -13 40 -24 46 -24 6 0 16 -7 23 -15 7 -8 20 -15 30 -15 10 0 23 -7 30 -15 20 -25 41 -15 99 47 l54 58 -34 35 c-23 24 -43 35 -63 35 -26 0 -28 -2 -22 -30 3 -16 3 -43 0 -60 -6 -28 -9 -30 -52 -30 -31 0 -49 5 -58 18 -29 38 -6 72 49 72 31 0 51 23 42 50 -8 26 -51 44 -190 80 -60 16 -127 36 -147 44 -52 22 -58 20 -58 -14 0 -54 -47 -48 -100 12 -30 34 -33 35 -59 3z m251 -97 l-3 -27 53 19 c29 10 57 15 61 11 5 -5 7 -24 5 -42 -3 -39 -8 -40 -116 -17 -65 14 -92 34 -92 70 0 16 7 19 48 16 44 -3 47 -4 44 -30z m208 -12 c0 -16 -18 -31 -27 -22 -8 8 5 36 17 36 5 0 10 -6 10 -14z"
       id="path3765" />
    <path
       d="M4617 2153 c-34 -5 -44 -26 -29 -58 8 -18 8 -26 -3 -35 -11 -9 -12 -17 -4 -32 9 -16 18 -19 46 -15 19 3 41 11 49 18 13 10 12 14 -2 30 -18 20 -12 54 11 63 8 3 12 12 9 21 -6 15 -21 16 -77 8z"
       id="path3767" />
    <path
       d="M3280 2115 c0 -3 10 -20 22 -38 13 -18 24 -33 24 -35 1 -2 11 3 23 10 42 26 15 68 -43 68 -14 0 -26 -2 -26 -5z"
       id="path3769" />
    <path
       d="M3865 2054 c-32 -38 -37 -55 -18 -61 20 -7 87 61 80 80 -10 26 -29 20 -62 -19z"
       id="path3771" />
    <path
       d="M3424 2048 c-30 -48 -53 -101 -49 -109 4 -5 15 -9 26 -9 11 0 30 -5 41 -11 14 -8 23 -8 31 0 7 7 2 13 -16 20 -29 11 -34 30 -15 49 18 18 50 14 81 -12 24 -20 27 -26 18 -49 -6 -15 -16 -27 -24 -27 -7 0 -21 -10 -31 -21 -14 -17 -25 -20 -54 -15 -20 3 -44 15 -53 27 l-16 22 -16 -23 c-21 -30 -12 -43 23 -35 21 5 39 -2 75 -26 40 -27 50 -30 71 -20 22 10 24 15 18 46 -5 31 -4 35 21 41 22 6 33 1 57 -25 28 -30 73 -50 85 -37 4 4 -1 20 -10 36 -14 23 -15 34 -7 50 6 11 15 20 20 20 6 0 10 5 10 10 0 15 -28 12 -55 -6 -34 -22 -59 -11 -51 21 5 20 1 27 -21 38 -16 8 -43 17 -61 20 -18 4 -40 14 -48 22 -19 18 -40 19 -50 3z"
       id="path3773" />
    <path
       d="M2994 2015 c-10 -25 4 -32 71 -39 51 -5 76 -14 107 -37 23 -16 46 -28 51 -26 10 3 17 117 7 117 -4 0 -13 -6 -19 -14 -20 -24 -69 -27 -124 -6 -62 24 -86 25 -93 5z"
       id="path3775" />
    <path
       d="M3297 2004 c-11 -11 -8 -44 3 -44 15 0 24 30 13 41 -5 5 -12 6 -16 3z"
       id="path3777" />
    <path
       d="M8859 1994 c-10 -13 -9 -24 7 -67 29 -80 24 -178 -14 -253 -37 -72 -134 -162 -217 -200 -46 -21 -56 -30 -53 -47 5 -32 30 -32 100 3 67 33 134 92 199 177 47 60 73 152 65 223 -3 25 -8 68 -12 95 -9 73 -44 106 -75 69z"
       id="path3779" />
    <path
       d="M4615 1961 c-29 -6 -30 -8 -30 -61 0 -53 1 -55 28 -58 36 -4 38 -39 2 -48 -30 -7 -50 -65 -34 -95 12 -23 13 -23 48 -4 32 16 44 39 36 65 -3 10 2 25 11 35 15 15 15 18 -2 50 -17 32 -17 36 -1 69 16 34 16 36 -3 46 -10 5 -20 9 -22 9 -2 -1 -16 -4 -33 -8z"
       id="path3781" />
    <path
       d="M3735 1930 c-8 -13 3 -50 16 -50 14 0 11 -36 -5 -50 -8 -6 -20 -28 -27 -48 -7 -20 -21 -43 -31 -52 -15 -12 -18 -22 -13 -43 7 -27 7 -27 36 -10 18 11 29 26 29 40 0 12 9 27 20 33 11 6 20 18 20 27 0 9 5 31 12 49 10 28 9 36 -4 51 -9 10 -18 27 -19 37 -5 22 -24 32 -34 16z"
       id="path3783" />
    <path
       d="M2752 1881 c-18 -11 -19 -52 0 -64 20 -13 48 6 48 34 0 21 -31 41 -48 30z"
       id="path3785" />
    <path
       d="M3555 1820 c-3 -6 -4 -19 0 -30 3 -10 0 -29 -8 -42 -8 -13 -18 -44 -22 -70 -5 -38 -3 -48 8 -48 16 0 27 29 27 74 0 21 11 39 40 66 30 28 37 39 28 48 -15 15 -64 16 -73 2z"
       id="path3787" />
    <path
       d="M3307 1792 c-21 -23 -22 -61 -2 -68 24 -10 45 15 45 52 0 38 -17 45 -43 16z"
       id="path3789" />
    <path
       d="M3435 1756 c-9 -13 -18 -47 -22 -75 -5 -46 -8 -51 -27 -45 -12 3 -38 17 -59 30 -39 25 -52 24 -75 -8 -10 -13 -26 -18 -61 -18 -31 0 -53 -5 -61 -15 -7 -8 -22 -15 -35 -15 -12 0 -30 -9 -40 -20 -10 -11 -26 -20 -35 -20 -9 0 -25 -9 -35 -20 -17 -18 -17 -20 0 -26 10 -4 57 10 118 37 83 35 113 44 162 44 54 0 66 -4 112 -38 42 -31 53 -45 58 -75 4 -20 13 -55 21 -77 8 -23 14 -50 14 -61 0 -12 12 -52 26 -90 14 -38 30 -89 36 -114 6 -25 23 -73 39 -108 16 -34 32 -76 36 -92 7 -38 28 -38 47 -1 16 31 13 41 -14 41 -9 0 -25 9 -35 20 -18 19 -17 21 9 58 l26 37 -29 7 c-41 11 -54 30 -41 62 14 39 13 45 -14 56 -19 7 -26 19 -31 55 -5 31 -3 50 5 60 11 13 9 20 -9 39 -18 19 -21 30 -15 66 5 28 13 44 24 47 16 4 16 7 1 39 -17 39 -30 42 -56 14 -24 -26 -31 -19 -40 36 -5 34 -3 50 8 62 19 21 34 132 18 132 -6 0 -18 -11 -26 -24z"
       id="path3791" />
    <path
       d="M3645 1650 c-9 -15 3 -62 14 -56 5 3 11 15 14 25 6 24 -17 49 -28 31z"
       id="path3793" />
    <path
       d="M4604 1625 c-13 -20 -17 -50 -18 -123 -1 -84 1 -97 16 -100 10 -2 29 9 43 24 22 24 25 36 25 98 0 39 1 82 2 96 3 21 -2 26 -24 28 -20 2 -31 -4 -44 -23z"
       id="path3795" />
    <path
       d="M8963 1595 c-12 -8 -23 -31 -27 -53 -7 -46 -65 -108 -144 -153 -74 -43 -94 -89 -38 -89 37 0 182 115 203 161 9 21 23 39 30 39 9 0 13 15 13 49 0 56 -8 66 -37 46z"
       id="path3797" />
    <path
       d="M3607 1472 c-18 -20 -23 -52 -8 -52 10 0 36 58 29 65 -3 3 -12 -3 -21 -13z"
       id="path3799" />
    <path
       d="M3578 1340 c12 -11 24 -20 28 -20 4 0 -1 9 -11 20 -10 11 -23 20 -28 20 -6 0 -1 -9 11 -20z"
       id="path3801" />
    <path
       d="M4582 1334 c-29 -20 -28 -50 4 -79 33 -30 53 -31 88 -4 28 22 35 66 14 87 -17 17 -79 15 -106 -4z"
       id="path3803" />
    <path
       d="M2502 1328 c-21 -21 -13 -57 18 -85 17 -14 30 -35 30 -46 0 -17 -5 -18 -50 -12 -53 7 -67 -5 -30 -25 13 -7 20 -21 20 -39 0 -23 6 -30 33 -37 38 -11 48 -45 22 -74 -26 -29 -16 -64 19 -68 32 -4 46 10 46 49 0 14 9 34 21 45 21 19 21 19 44 -10 13 -16 28 -25 34 -22 16 10 14 31 -4 46 -21 18 -19 47 5 60 23 13 25 37 5 64 -19 25 -19 50 0 66 20 16 19 56 -1 64 -11 4 -29 -8 -55 -36 -32 -36 -42 -41 -56 -32 -10 6 -24 28 -31 50 -17 52 -44 68 -70 42z m158 -182 c0 -51 -6 -57 -37 -45 -42 15 -26 89 19 89 15 0 18 -8 18 -44z"
       id="path3805" />
    <path
       d="M4535 1158 c3 -24 14 -65 23 -91 15 -46 15 -50 -1 -79 -9 -16 -17 -39 -17 -50 0 -22 -48 -108 -60 -108 -8 0 -50 -62 -50 -74 0 -19 32 -1 64 37 51 58 56 65 70 90 6 12 20 34 30 50 29 43 32 149 5 201 -38 75 -74 88 -64 24z"
       id="path3807" />
    <path
       d="M3005 1015 c-5 -2 -27 -6 -47 -10 -21 -3 -38 -9 -38 -14 0 -4 22 -13 49 -20 51 -13 131 -1 131 19 0 21 -60 37 -95 25z"
       id="path3809" />
    <path
       d="M2904 946 c-6 -15 21 -75 41 -91 7 -5 18 -27 24 -47 24 -73 71 -72 71 2 0 38 -2 40 -82 115 -42 39 -46 41 -54 21z"
       id="path3811" />
    <path
       d="M3000 548 c0 -39 55 -173 70 -173 9 0 18 16 23 43 8 41 6 48 -27 98 -38 57 -66 70 -66 32z"
       id="path3813" />
    <path
       d="M4943 324 c-7 -19 25 -82 50 -98 9 -6 31 -5 62 4 40 11 44 15 28 23 -10 6 -31 21 -47 34 -15 13 -41 30 -57 39 -27 13 -30 13 -36 -2z"
       id="path3815" />
    <path
       d="M4175 291 c-10 -17 4 -31 31 -31 19 0 25 5 22 18 -4 19 -43 29 -53 13z"
       id="path3817" />
    <path
       d="M5197 216 c-61 -30 -83 -33 -154 -21 -35 6 -43 5 -43 -7 0 -30 39 -51 101 -55 60 -3 60 -3 111 45 28 27 49 53 47 58 -2 5 -30 -4 -62 -20z"
       id="path3819" />
  </g>
  <text
     xml:space="preserve"
     style="font-size:19.06014442px;font-style:normal;font-variant:normal;font-weight:bold;font-stretch:normal;text-align:start;line-height:125%;letter-spacing:0px;word-spacing:0px;text-anchor:start;fill:#000000;fill-opacity:1;stroke:none;font-family:Comic Sans MS;-inkscape-font-specification:Sans Bold"
     x="113.35458"
     y="58.793503"
     id="text4015"
     sodipodi:linespacing="125%"><tspan
       sodipodi:role="line"
       id="tspan4017"
       x="113.35458"
       y="58.793503"
       style="text-align:center;text-anchor:middle">PAI!</tspan><tspan
       sodipodi:role="line"
       x="113.35458"
       y="82.61869"
       id="tspan4019"
       style="text-align:center;text-anchor:middle">COMO FOI</tspan><tspan
       sodipodi:role="line"
       x="113.35458"
       y="106.44387"
       id="tspan4021"
       style="text-align:center;text-anchor:middle">QUE EU</tspan><tspan
       sodipodi:role="line"
       x="113.35458"
       y="130.26904"
       id="tspan4023"
       style="text-align:center;text-anchor:middle">NASCI</tspan></text>
  <text
     xml:space="preserve"
     style="font-size:18.60690117px;font-style:normal;font-variant:normal;font-weight:bold;font-stretch:normal;text-align:start;line-height:125%;letter-spacing:0px;word-spacing:0px;text-anchor:start;fill:#000000;fill-opacity:1;stroke:none;font-family:Comic Sans MS;-inkscape-font-specification:Sans Bold"
     x="596.95087"
     y="48.894089"
     id="text4025"
     sodipodi:linespacing="125%"
     transform="scale(0.95778093,1.0440801)"><tspan
       sodipodi:role="line"
       id="tspan4027"
       x="596.95087"
       y="48.894089"
       style="text-align:center;text-anchor:middle">BOM...</tspan><tspan
       sodipodi:role="line"
       x="596.95087"
       y="72.152718"
       id="tspan4029"
       style="text-align:center;text-anchor:middle">ER. VOC</tspan><tspan
       sodipodi:role="line"
       x="600.98474"
       y="95.411339"
       id="tspan4033"
       style="text-align:center;text-anchor:middle">NASCEU DENTRO </tspan><tspan
       sodipodi:role="line"
       x="596.95087"
       y="118.66998"
       id="tspan4037"
       style="text-align:center;text-anchor:middle">DE UM P DE</tspan><tspan
       sodipodi:role="line"
       x="596.95087"
       y="141.92859"
       id="tspan4041"
       style="text-align:center;text-anchor:middle">ALFACE</tspan></text>
  <text
     xml:space="preserve"
     style="font-size:19.98830223px;font-style:normal;font-variant:normal;font-weight:bold;font-stretch:normal;text-align:start;line-height:125%;letter-spacing:0px;word-spacing:0px;text-anchor:start;fill:#000000;fill-opacity:1;stroke:none;font-family:Comic Sans MS;-inkscape-font-specification:Sans Bold"
     x="756.30322"
     y="83.96904"
     id="text4043"
     sodipodi:linespacing="125%"><tspan
       sodipodi:role="line"
       x="756.30322"
       y="83.96904"
       id="tspan4047"
       style="text-align:center;text-anchor:middle">FOI ISSO!</tspan><tspan
       sodipodi:role="line"
       x="756.30322"
       y="108.95441"
       id="tspan4051"
       style="text-align:center;text-anchor:middle">NUM P DE</tspan><tspan
       sodipodi:role="line"
       x="756.30322"
       y="133.93979"
       id="tspan4053"
       style="text-align:center;text-anchor:middle">ALFACE!</tspan></text>
</svg>
