<?xml version="1.0" encoding="UTF-8" standalone="no"?>
<svg
   xmlns:dc="http://purl.org/dc/elements/1.1/"
   xmlns:cc="http://creativecommons.org/ns#"
   xmlns:rdf="http://www.w3.org/1999/02/22-rdf-syntax-ns#"
   xmlns:svg="http://www.w3.org/2000/svg"
   xmlns="http://www.w3.org/2000/svg"
   xmlns:sodipodi="http://sodipodi.sourceforge.net/DTD/sodipodi-0.dtd"
   xmlns:inkscape="http://www.inkscape.org/namespaces/inkscape"
   version="1.0"
   width="900.000000pt"
   height="567.000000pt"
   viewBox="0 0 900.000000 567.000000"
   preserveAspectRatio="xMidYMid meet"
   id="svg2"
   inkscape:version="0.48.4 r9939"
   sodipodi:docname="1.svg">
  <defs
     id="defs42" />
  <sodipodi:namedview
     pagecolor="#ffffff"
     bordercolor="#666666"
     borderopacity="1"
     objecttolerance="10"
     gridtolerance="10"
     guidetolerance="10"
     inkscape:pageopacity="0"
     inkscape:pageshadow="2"
     inkscape:window-width="1600"
     inkscape:window-height="824"
     id="namedview40"
     showgrid="false"
     inkscape:zoom="0.3329806"
     inkscape:cx="758.07959"
     inkscape:cy="533.61782"
     inkscape:window-x="0"
     inkscape:window-y="24"
     inkscape:window-maximized="1"
     inkscape:current-layer="svg2" />
  <metadata
     id="metadata4">
Created by potrace 1.10, written by Peter Selinger 2001-2011
<rdf:RDF>
  <cc:Work
     rdf:about="">
    <dc:format>image/svg+xml</dc:format>
    <dc:type
       rdf:resource="http://purl.org/dc/dcmitype/StillImage" />
  </cc:Work>
</rdf:RDF>
</metadata>
  <g
     transform="translate(0.000000,567.000000) scale(0.100000,-0.100000)"
     fill="#000000"
     stroke="none"
     id="g6">
    <path
       d="M67 5513 c-8 -13 -6 -5469 2 -5481 5 -9 1039 -11 4382 -10 l4374 3 0 2745 0 2745 -4377 3 c-2407 1 -4379 -1 -4381 -5z m416 -52 c5 -5 4 -35 -2 -67 -14 -75 -14 -164 0 -220 18 -70 13 -72 -188 -76 -137 -2 -174 0 -178 10 -6 16 -7 357 -1 363 8 8 361 -2 369 -10z m1216 10 c20 -13 20 -347 0 -365 -10 -8 -61 -10 -177 -6 -179 5 -187 9 -170 64 5 17 8 92 6 166 l-3 135 160 5 c88 3 162 7 165 8 3 1 11 -2 19 -7z m825 3 c14 -5 16 -32 16 -190 l0 -184 -177 2 -177 3 -1 182 0 183 160 3 c88 1 161 4 162 5 1 1 8 -1 17 -4z m405 -7 l44 -2 -1 -174 c0 -95 -4 -177 -9 -182 -9 -9 -350 -15 -360 -6 -7 8 -8 351 0 363 4 8 191 8 326 1z m444 -175 c0 -96 -5 -178 -9 -182 -7 -7 -237 -14 -331 -10 -16 0 -19 366 -3 372 5 2 85 1 177 -2 l166 -5 0 -173z m1680 163 c3 -7 1 -31 -5 -51 -11 -40 -6 -227 6 -255 4 -10 1 -23 -9 -33 -15 -14 -40 -16 -193 -14 l-177 3 -3 179 c-1 102 1 182 7 185 5 3 90 5 189 3 142 -2 181 -6 185 -17z m660 15 l162 0 -1 -182 0 -183 -175 -5 c-96 -3 -178 -2 -184 3 -13 10 -13 366 0 371 6 3 16 3 23 0 8 -2 86 -4 175 -4z m988 3 c4 -35 4 -365 -1 -371 -3 -4 -88 -5 -190 -2 l-185 5 -3 182 -2 183 177 3 c98 1 184 4 191 5 6 1 12 -1 13 -5z m-5808 -179 c0 -95 -4 -177 -7 -183 -8 -13 -356 -16 -357 -3 -1 11 -1 346 0 355 1 4 83 6 182 5 l182 -3 0 -171z m410 -1 c-1 -95 -2 -177 -2 -183 -1 -6 -66 -10 -174 -10 -154 0 -176 2 -190 18 -11 12 -13 22 -7 32 12 18 12 247 1 275 -17 42 1 46 192 43 l181 -3 -1 -172z m843 -5 l-1 -183 -190 0 -189 0 -1 183 0 182 191 0 192 0 -2 -182z m1647 6 c0 -95 -4 -177 -7 -183 -10 -16 -352 -15 -362 1 -4 6 -8 89 -8 185 l-1 173 189 -2 189 -3 0 -171z m419 -1 c0 -95 -1 -177 -1 -183 -1 -12 -371 -14 -372 -2 -3 30 -3 355 0 358 3 2 88 3 189 2 l185 -3 -1 -172z m420 0 c0 -95 -3 -177 -7 -182 -8 -15 -351 -15 -360 -1 -5 8 -9 251 -5 348 0 10 41 12 186 10 l187 -3 -1 -172z m816 -5 l-3 -183 -175 0 -175 0 -2 183 -3 182 180 0 180 0 -2 -182z m836 173 c3 -5 2 -42 -4 -82 -5 -43 -5 -112 0 -164 5 -59 4 -94 -2 -102 -16 -19 -341 -18 -357 1 -8 10 -8 33 1 90 9 58 9 97 0 162 -6 48 -9 91 -6 95 7 12 361 12 368 0z m839 -167 c0 -95 -4 -177 -7 -183 -5 -7 -66 -11 -187 -11 -164 0 -179 2 -179 18 -1 15 -1 326 0 345 0 4 84 6 186 5 l187 -3 0 -171z m419 141 c-8 -63 -7 -261 1 -281 5 -15 3 -27 -9 -38 -14 -14 -40 -16 -192 -14 l-176 3 1 180 c1 99 2 181 2 183 1 1 85 1 189 0 l187 -3 -3 -30z m411 5 c-12 -122 -13 -222 -5 -259 19 -80 18 -81 -188 -81 -113 0 -180 4 -181 10 0 6 0 87 0 180 0 94 0 172 0 175 1 3 85 4 189 3 l187 -3 -2 -25z m421 21 c3 -4 1 -46 -4 -93 -7 -55 -6 -112 0 -163 7 -56 7 -82 -1 -92 -15 -17 -354 -19 -365 -2 -5 8 -9 319 -5 354 1 9 370 5 375 -4z m404 -173 l-3 -183 -169 -3 c-98 -1 -174 2 -179 7 -7 7 -13 311 -8 356 1 3 82 5 181 5 l180 0 -2 -182z m-8300 -252 c9 -9 10 -25 2 -65 -13 -68 -13 -176 0 -221 17 -58 4 -63 -169 -64 -155 -1 -191 -10 -162 -39 8 -8 55 -12 159 -12 81 0 153 -4 160 -8 9 -6 11 -31 6 -101 -8 -114 2 -205 23 -213 28 -11 34 21 31 164 -1 79 2 146 6 150 4 4 84 8 178 9 136 1 171 -2 175 -13 3 -8 6 -80 7 -161 1 -140 2 -147 21 -147 19 0 20 8 25 160 l5 160 173 1 c118 1 175 -2 179 -10 4 -6 6 -67 5 -136 -2 -69 2 -141 7 -160 7 -23 7 -38 1 -44 -6 -6 -81 -9 -193 -7 -100 2 -191 3 -202 3 -32 -1 -377 -1 -405 -1 -14 0 -108 -1 -210 -2 l-185 -3 1 185 c1 101 2 191 2 199 0 8 -2 95 -4 194 -3 98 -3 183 -1 190 6 16 347 9 365 -8z m820 10 c7 -8 7 -345 -1 -352 -11 -12 -338 -7 -350 5 -6 6 -9 61 -8 145 2 90 -2 142 -10 157 -10 19 -9 25 8 38 16 13 47 16 187 14 92 -1 171 -4 174 -7z m409 1 c3 -4 6 -84 5 -178 0 -137 -3 -175 -15 -186 -12 -12 -19 -13 -37 -3 -16 8 -64 11 -154 9 -72 -2 -136 -1 -142 3 -7 5 -9 50 -6 137 3 94 1 139 -8 162 -12 29 -12 33 6 48 17 13 47 16 182 15 89 0 165 -4 169 -7z m439 -164 c1 -92 0 -175 -2 -183 -3 -13 -33 -15 -189 -15 -102 0 -185 2 -186 5 -5 36 -3 348 2 355 5 6 78 9 191 8 l183 -1 1 -169z m391 -9 c2 -99 -1 -185 -6 -193 -7 -11 -15 -11 -46 -1 -26 9 -79 11 -167 8 -70 -3 -128 -2 -129 1 -5 37 -3 349 3 356 4 6 72 10 175 9 l168 -1 2 -179z m431 172 c3 -4 5 -72 3 -152 -2 -98 1 -150 9 -159 9 -10 8 -19 -1 -37 -10 -17 -12 -75 -10 -219 3 -230 5 -225 -85 -208 -34 7 -106 9 -171 6 -80 -4 -112 -2 -115 6 -2 7 -1 91 2 187 l5 175 25 -3 c14 -1 72 -4 130 -5 104 -1 160 6 160 22 0 33 -235 46 -279 15 -19 -14 -25 -14 -32 -3 -5 8 -9 19 -9 24 -4 85 -2 344 2 351 7 10 356 10 366 0z m409 -13 c9 -12 9 -21 2 -36 -12 -22 -9 -241 4 -253 18 -18 30 22 35 115 3 61 0 112 -7 132 -20 56 -11 59 195 59 140 0 184 -3 185 -12 1 -7 0 -70 -1 -140 -2 -130 9 -183 33 -159 8 8 12 61 12 156 1 79 3 147 6 150 8 7 354 9 366 2 6 -4 8 -56 5 -129 -3 -74 0 -139 7 -163 6 -24 7 -43 1 -49 -7 -7 -187 -9 -405 -5 -5 0 -185 -1 -398 -2 -213 -1 -391 1 -394 5 -6 6 -5 335 2 346 2 3 79 4 172 2 138 -3 170 -6 180 -19z m1251 12 c10 -9 3 -338 -7 -348 -6 -6 -59 -11 -123 -11 -116 -1 -149 -9 -128 -30 6 -6 62 -13 133 -16 l122 -5 6 -130 c3 -71 10 -138 14 -148 16 -38 25 9 25 138 0 72 4 135 8 141 5 8 27 9 72 3 36 -5 111 -6 168 -3 71 5 106 3 116 -5 11 -10 13 -35 9 -126 -4 -73 -2 -130 6 -161 17 -67 5 -74 -107 -67 -97 5 -193 -6 -199 -23 -7 -21 59 -34 172 -34 136 0 149 -6 134 -68 -16 -70 16 -273 35 -222 3 8 7 76 8 150 l3 135 175 0 175 0 3 -174 c1 -106 -1 -178 -8 -186 -7 -8 -39 -10 -112 -7 -111 4 -172 -8 -149 -31 8 -8 58 -13 141 -16 72 -1 130 -6 130 -10 0 -3 1 -60 3 -127 1 -86 6 -126 16 -138 27 -32 36 0 36 134 1 71 4 132 8 136 10 11 350 4 364 -7 8 -8 9 -18 2 -35 -12 -32 -12 -219 0 -260 16 -56 7 -59 -161 -59 -97 -1 -160 -5 -173 -13 -23 -13 0 -33 -252 218 -90 89 -163 165 -164 168 0 4 -23 27 -50 52 -28 25 -90 85 -137 134 -48 48 -98 98 -112 110 -47 41 -95 98 -100 119 -3 12 -15 23 -25 25 -19 4 -395 375 -395 391 0 4 -16 22 -36 39 -28 25 -34 36 -28 50 5 9 10 80 11 157 1 77 2 145 2 152 1 6 8 13 17 15 22 4 348 -2 352 -7z m420 -9 c11 -10 11 -22 1 -60 -8 -31 -10 -88 -6 -162 4 -81 2 -116 -6 -121 -7 -4 -78 -6 -159 -4 -99 2 -153 -1 -168 -9 -18 -10 -24 -9 -31 1 -9 14 -13 362 -5 370 2 2 85 3 183 1 127 -2 182 -7 191 -16z m390 15 c9 -1 12 -43 12 -173 0 -95 -4 -177 -8 -183 -4 -6 -74 -10 -172 -10 -98 0 -168 4 -172 10 -4 6 -8 87 -8 182 0 154 2 172 17 175 14 2 287 2 331 -1z m430 -4 c9 -6 7 -345 -2 -354 -4 -4 -68 -6 -144 -4 -83 1 -148 -2 -166 -9 -19 -7 -33 -7 -39 -1 -12 12 -17 351 -6 366 7 10 341 11 357 2z m414 -6 c4 -4 3 -45 -3 -91 -6 -55 -7 -111 -1 -160 8 -58 7 -78 -3 -89 -10 -10 -51 -14 -175 -14 -189 -1 -195 2 -179 73 13 52 5 225 -10 243 -6 8 -6 18 -1 27 7 12 43 16 167 20 157 6 191 4 205 -9z m420 7 c2 -7 2 -94 1 -193 -4 -221 -4 -177 0 -390 2 -99 -1 -185 -5 -192 -7 -8 -18 -9 -41 -2 -18 6 -98 9 -179 7 -90 -2 -150 1 -155 7 -4 6 -6 87 -3 180 l5 170 167 0 c120 0 170 3 179 12 30 30 -7 38 -170 39 -87 0 -163 4 -169 8 -8 5 -12 60 -12 181 l0 175 173 3 c94 1 179 4 188 5 9 1 19 -4 21 -10z m414 -3 c7 -2 9 -46 6 -137 -3 -95 -1 -141 8 -157 25 -47 35 -6 36 144 0 80 3 147 6 151 8 7 343 5 364 -3 12 -4 14 -12 8 -32 -14 -45 -11 -248 4 -263 25 -25 33 14 30 154 -1 76 0 140 3 142 3 3 85 6 183 6 189 2 203 -2 190 -45 -13 -41 -16 -224 -5 -257 19 -54 0 -63 -129 -63 -73 0 -113 -4 -121 -12 -22 -22 0 -28 119 -31 73 -3 120 -8 124 -15 4 -6 7 -57 7 -112 0 -97 9 -146 30 -159 16 -10 21 26 24 159 l2 120 180 0 180 0 0 -152 c1 -156 7 -182 40 -169 14 5 16 26 14 155 -1 82 1 153 4 158 3 5 82 9 179 9 l173 -1 5 -170 c3 -93 2 -174 -2 -179 -3 -4 -84 -7 -180 -6 -95 1 -189 1 -208 1 -19 -1 -89 -1 -155 0 -66 0 -142 -4 -170 -10 -45 -8 -55 -7 -97 16 -25 14 -60 44 -76 67 -17 22 -78 91 -137 151 -58 61 -108 120 -111 132 -3 12 -21 31 -40 42 -30 18 -51 20 -240 20 -113 0 -208 2 -212 5 -3 4 -18 -6 -34 -21 -21 -20 -25 -30 -17 -39 7 -9 11 -80 12 -190 0 -143 -2 -178 -14 -184 -8 -5 -39 -4 -69 2 -30 6 -105 8 -167 5 -85 -5 -113 -3 -114 6 -4 55 4 354 9 359 4 4 39 3 77 -2 73 -10 203 -3 226 11 11 7 11 11 1 21 -9 9 -47 13 -135 12 -67 -1 -133 -3 -147 -5 l-25 -4 -5 175 c-3 96 -2 182 1 190 6 13 34 15 181 12 95 -2 178 -5 184 -7z m1258 -31 c-1 -16 -4 -65 -7 -109 -4 -44 -3 -105 2 -135 14 -82 13 -82 -183 -83 -101 0 -171 4 -177 10 -6 6 -10 79 -11 179 l-1 169 169 5 c93 3 178 2 189 -1 14 -5 20 -15 19 -35z m404 -146 l-3 -180 -168 0 c-99 -1 -172 3 -178 9 -6 6 -11 82 -11 179 l-1 169 169 5 c93 3 175 3 182 1 10 -2 12 -44 10 -183z m-7879 164 c6 -11 6 -23 0 -33 -5 -7 -9 -76 -8 -152 1 -88 -2 -142 -9 -149 -11 -11 -337 -16 -348 -5 -4 4 -9 319 -5 350 1 4 82 7 181 7 163 0 180 -2 189 -18z m800 -395 c14 -18 20 -357 6 -358 -57 -6 -349 1 -355 7 -6 6 -5 25 1 49 7 24 10 89 7 163 -4 95 -2 125 9 133 9 8 43 10 106 6 75 -5 141 -2 208 12 4 0 12 -5 18 -12z m834 -1 c8 -19 11 -341 4 -352 -3 -5 -83 -8 -178 -8 l-173 1 1 174 c1 96 2 178 2 183 1 4 43 6 94 2 50 -3 121 -2 157 3 36 5 70 9 76 10 7 0 14 -5 17 -13z m3179 -1 c80 0 150 -4 155 -8 4 -5 6 -64 5 -132 -4 -143 2 -188 26 -183 24 5 34 76 27 183 -8 121 -8 127 5 135 8 5 318 6 341 1 3 0 5 -68 5 -149 -1 -114 2 -153 13 -166 28 -33 1 -39 -188 -37 -100 1 -191 2 -203 2 -13 1 -106 -1 -206 -3 -118 -2 -187 1 -192 7 -5 6 -4 30 2 55 5 25 8 96 5 161 -5 127 1 154 36 142 12 -4 88 -8 169 -8z m-3567 -179 l0 -178 -190 -2 -190 -1 0 170 c0 94 1 175 3 181 2 8 60 11 190 10 l187 -1 0 -179z m3305 9 c3 -93 2 -174 -2 -180 -7 -12 -338 -12 -357 -1 -7 5 -9 15 -6 25 4 9 6 83 6 165 0 82 1 152 4 156 2 3 82 6 177 6 l173 -1 5 -170z m-1654 154 c9 -7 19 -7 33 0 12 7 92 11 203 11 l184 0 79 -73 c116 -106 285 -284 285 -301 0 -8 9 -18 20 -21 11 -4 28 -17 36 -31 9 -13 20 -24 25 -24 11 0 329 -315 329 -327 0 -4 24 -28 52 -53 65 -57 91 -84 210 -205 53 -55 112 -114 131 -130 31 -27 35 -36 32 -69 -2 -21 -5 -39 -7 -40 -2 -2 -19 -14 -38 -27 -19 -13 -87 -78 -150 -144 -63 -66 -119 -122 -125 -124 -5 -2 -27 -19 -48 -37 -20 -19 -42 -34 -47 -34 -6 0 -10 -11 -10 -24 0 -16 -13 -33 -37 -52 -21 -16 -47 -40 -58 -53 -11 -14 -33 -36 -49 -50 -46 -40 -119 -117 -139 -145 -10 -14 -24 -26 -32 -26 -14 0 -85 -70 -93 -91 -2 -4 -76 -81 -166 -171 -160 -162 -226 -242 -209 -259 5 -5 7 -86 6 -181 l-2 -173 -187 0 -187 0 0 168 c0 92 3 170 7 174 3 4 70 6 149 4 153 -3 221 9 182 32 -13 8 -74 12 -172 13 -84 0 -156 3 -160 7 -12 13 -9 368 4 378 16 14 341 15 354 2 6 -6 11 -69 12 -151 1 -87 6 -145 13 -152 17 -17 34 85 34 201 0 66 4 100 12 105 7 4 60 8 118 8 70 1 113 6 130 15 l24 14 -24 9 c-14 5 -75 8 -137 7 -62 -2 -114 -1 -117 1 -2 3 -6 84 -7 180 l-3 175 190 0 189 0 -3 -115 c-2 -75 1 -125 9 -145 l12 -30 7 30 c4 17 8 83 9 148 l1 117 108 0 c100 0 175 10 190 24 3 4 0 12 -7 19 -8 8 -55 12 -149 13 l-137 2 -5 173 c-3 96 -4 177 -2 182 4 10 364 9 379 -1 10 -6 10 -22 2 -70 -16 -89 3 -214 28 -188 4 4 8 62 8 129 0 70 4 125 10 129 6 4 56 8 111 8 106 0 164 7 164 20 0 16 -38 23 -155 29 l-120 6 -5 132 c-5 129 -12 162 -30 133 -16 -26 -23 -153 -10 -200 17 -65 12 -67 -197 -66 l-178 1 -3 183 -2 182 137 0 c148 0 189 10 138 31 -18 7 -78 13 -145 13 -64 1 -118 5 -122 11 -4 6 -8 62 -9 125 0 63 -4 126 -9 140 l-7 25 -12 -30 c-8 -19 -11 -71 -10 -138 2 -64 -2 -112 -8 -118 -13 -13 -341 -15 -354 -2 -6 6 -11 87 -12 181 -2 135 1 173 11 177 8 3 71 5 140 5 146 0 178 10 117 36 -28 11 -72 17 -147 18 -58 1 -109 4 -113 8 -4 4 -8 62 -9 130 -2 126 -15 186 -33 143 -4 -11 -8 -77 -8 -148 0 -70 -2 -127 -5 -128 -41 -7 -366 -1 -377 6 -11 8 -11 17 -2 43 14 41 7 238 -8 253 -24 24 -35 -31 -32 -162 2 -70 0 -131 -4 -135 -4 -4 -89 -6 -189 -5 -101 1 -192 2 -203 2 -46 0 -302 -10 -330 -13 l-30 -3 -3 182 -2 182 377 0 c246 0 381 -3 389 -10z m3772 -13 c21 -13 51 -41 67 -62 16 -22 76 -86 133 -144 98 -99 138 -156 130 -180 -6 -18 -111 -135 -139 -156 -23 -16 -134 -143 -157 -177 -4 -7 -24 -21 -44 -31 -21 -11 -38 -25 -38 -31 0 -23 33 -40 79 -41 261 -5 572 -4 639 1 51 5 82 4 82 -2 0 -6 -41 -48 -91 -94 -50 -46 -122 -113 -159 -149 -127 -123 -93 -112 -334 -110 -116 0 -238 -4 -271 -9 -42 -8 -91 -7 -165 1 -58 6 -205 10 -327 9 -214 -3 -222 -2 -232 18 -8 15 -8 33 0 68 6 26 9 95 7 153 l-3 105 197 2 c161 1 202 5 220 17 12 9 34 16 48 16 14 0 31 5 38 12 6 6 28 12 49 13 181 5 197 7 178 15 -35 15 -207 12 -239 -5 -37 -20 -43 -19 -51 5 -9 30 -11 353 -1 368 5 8 19 11 39 7 18 -3 96 -7 174 -8 78 -1 144 -5 148 -9 4 -4 2 -30 -5 -59 -22 -91 1 -266 27 -203 4 10 8 73 8 139 0 70 4 123 10 127 5 4 60 8 120 8 118 0 153 10 122 34 -20 16 -149 29 -195 20 -19 -4 -38 -2 -47 6 -9 8 -25 9 -47 4 -18 -5 -78 -7 -133 -5 -55 1 -124 -3 -154 -8 -33 -7 -58 -7 -65 -2 -7 6 -10 67 -9 183 0 95 1 174 2 176 1 1 80 2 176 2 167 0 177 -1 213 -24z m-4610 -388 c8 -8 12 -63 12 -181 0 -147 -5 -190 -25 -215 -1 -1 -15 5 -31 13 -23 13 -58 15 -166 13 -76 -1 -140 1 -143 4 -5 4 -9 295 -6 357 1 11 20 13 104 9 85 -5 143 -2 233 11 5 0 15 -4 22 -11z m292 -2 c131 -1 147 -7 130 -50 -13 -35 -13 -263 0 -271 16 -10 12 -23 -12 -36 -15 -8 -61 -11 -130 -10 -63 1 -123 -3 -148 -10 -35 -11 -43 -10 -51 2 -10 16 -12 372 -2 383 4 3 26 4 50 0 24 -3 97 -7 163 -8z m3848 5 c15 -8 17 -30 16 -183 0 -96 -4 -179 -7 -185 -4 -7 -69 -10 -184 -9 l-177 1 1 185 1 185 157 2 c86 1 159 4 163 7 7 8 10 8 30 -3z m1109 -3 c169 1 195 -7 173 -47 -13 -25 -17 -213 -5 -250 4 -13 13 -21 23 -19 15 3 17 21 20 122 1 66 -2 132 -7 148 -8 23 -7 30 7 36 9 5 94 9 187 8 l170 -1 3 -165 c1 -91 1 -174 -2 -185 -5 -19 -12 -20 -141 -17 -75 2 -149 -1 -165 -6 -21 -8 -33 -7 -46 3 -13 9 -26 10 -44 3 -15 -5 -108 -7 -206 -4 -98 2 -188 5 -199 5 -11 0 -89 -2 -172 -5 -125 -4 -153 -3 -153 8 0 8 36 50 81 93 44 44 105 108 135 143 83 97 142 144 168 136 11 -4 89 -7 173 -6z m-7721 -12 c14 -11 15 -16 3 -37 -18 -32 -20 -262 -2 -280 10 -10 9 -15 -5 -25 -12 -10 -61 -13 -174 -14 -107 0 -159 -4 -164 -12 -5 -7 -11 -5 -21 7 -10 14 -13 62 -13 190 0 95 2 174 5 177 12 12 354 6 371 -6z m429 4 c11 1 103 2 205 3 l185 2 -2 -178 c0 -98 -3 -181 -6 -184 -3 -3 -81 -5 -172 -5 -118 0 -171 4 -181 13 -12 10 -23 10 -47 1 -32 -11 -353 -19 -364 -9 -4 5 -8 334 -4 358 1 4 83 5 184 3 100 -2 191 -4 202 -4z m795 1 c7 -1 2 -334 -5 -352 -8 -20 -318 -16 -349 5 -17 11 -19 17 -8 27 14 15 17 212 3 272 -7 29 -6 39 6 46 12 6 332 9 353 2z m437 -166 c0 -93 -1 -177 -3 -185 -3 -13 -32 -15 -184 -14 -100 1 -183 4 -187 7 -6 6 -12 355 -6 361 1 1 87 2 190 2 l188 -1 2 -170z m388 -14 l0 -185 -169 2 c-93 1 -171 4 -174 6 -5 6 -10 355 -4 360 2 2 81 3 175 2 l172 -1 0 -184z m1245 183 c13 -3 15 -30 13 -176 -1 -94 -6 -175 -11 -180 -5 -5 -84 -10 -175 -10 -175 0 -216 9 -201 40 13 27 16 227 5 269 -17 58 -6 62 187 61 92 0 174 -2 182 -4z m433 -177 c-1 -99 -4 -181 -7 -184 -7 -7 -357 -6 -363 1 -10 10 -8 356 2 359 6 2 91 3 189 3 l180 -1 -1 -178z m1662 0 c0 -99 -3 -181 -8 -184 -11 -7 -347 -6 -354 1 -6 6 -11 355 -5 361 2 1 85 2 185 1 l181 -1 1 -178z m409 172 c4 -3 2 -48 -4 -100 -13 -111 -3 -214 20 -214 13 0 15 25 17 152 1 84 4 156 7 161 2 4 89 8 192 7 l188 0 1 -185 0 -185 -185 -3 c-126 -1 -192 2 -207 9 -15 8 -27 9 -35 2 -21 -15 -339 -4 -362 13 -17 12 -17 16 -5 30 19 23 19 238 0 273 -24 43 -1 48 193 47 96 -1 177 -4 180 -7z m-5816 -415 c35 -5 39 -13 20 -32 -9 -9 -13 -52 -13 -142 0 -90 4 -133 13 -141 18 -19 15 -25 -17 -39 -20 -8 -58 -10 -118 -5 -48 3 -119 2 -158 -3 -50 -7 -72 -6 -77 2 -8 11 -11 359 -4 367 6 6 314 0 354 -7z m1231 7 c11 -7 14 -46 14 -181 0 -206 1 -202 -93 -188 -36 5 -105 6 -155 3 -111 -8 -130 2 -115 55 13 45 13 215 0 259 -5 19 -7 37 -4 40 3 3 78 8 167 11 89 4 164 7 167 8 3 1 11 -2 19 -7z m1269 -177 c3 -200 -3 -223 -48 -206 -41 16 -181 23 -245 13 -33 -5 -64 -5 -68 -1 -9 8 -13 353 -4 367 3 4 85 8 184 7 l178 0 3 -180z m272 176 c133 0 163 -7 141 -34 -14 -16 -12 -267 2 -297 13 -26 -36 -37 -163 -39 -63 0 -131 -2 -150 -3 l-35 -2 -3 180 c-1 98 0 186 3 193 4 11 15 13 43 8 20 -3 93 -6 162 -6z m3055 -9 c11 -11 79 -78 150 -148 72 -70 152 -147 178 -170 51 -45 64 -80 25 -67 -59 19 -101 24 -206 24 -81 0 -114 4 -117 13 -3 6 -6 69 -8 139 -1 69 -5 130 -9 134 -18 17 -23 -15 -24 -138 -1 -89 -5 -132 -13 -137 -7 -5 -85 -7 -174 -6 -188 2 -219 9 -184 44 18 18 17 262 -2 285 -8 9 -11 20 -7 24 4 4 80 10 169 13 89 3 171 6 182 7 10 1 28 -7 40 -17z m2485 -1 c3 -4 3 -86 0 -181 l-5 -173 -173 -1 c-110 0 -176 3 -180 10 -3 5 -5 57 -4 115 3 121 -8 155 -33 98 -17 -43 -20 -150 -4 -179 18 -35 -13 -46 -151 -52 -69 -4 -140 -9 -157 -13 -46 -9 -42 6 18 63 85 80 292 281 316 305 21 23 25 23 195 19 95 -1 175 -7 178 -11z m-7476 -173 c1 -97 -2 -178 -6 -178 -33 -6 -351 -2 -355 4 -5 9 -47 9 -57 0 -12 -12 -346 -11 -354 1 -3 6 -5 78 -3 159 2 109 0 152 -10 163 -10 13 -10 17 2 24 8 5 186 8 398 7 l384 -2 1 -178z m842 1 l-1 -183 -190 0 -189 0 1 180 c1 99 2 181 2 183 1 1 86 2 190 2 l188 0 -1 -182z m394 170 c4 -159 -1 -342 -9 -352 -8 -10 -26 -10 -73 -4 -35 5 -110 8 -167 6 l-105 -3 0 178 c-1 98 1 181 3 183 2 2 82 4 178 4 132 0 173 -3 173 -12z m1242 7 c17 -7 16 -344 -1 -355 -18 -11 -359 -6 -371 6 -6 6 -7 21 0 44 13 45 13 215 0 260 -7 25 -7 36 3 42 13 8 347 11 369 3z m430 -171 c1 -94 -2 -175 -5 -180 -4 -7 -340 -12 -367 -5 -4 1 -4 342 -1 359 1 1 85 1 187 0 l186 -3 0 -171z m420 -2 c0 -95 -3 -176 -7 -180 -10 -10 -355 -10 -362 1 -4 6 -7 323 -3 355 0 1 84 1 186 0 l186 -3 0 -173z m2075 155 c1 -2 3 -68 4 -147 1 -93 -3 -145 -9 -145 -11 0 -312 286 -312 297 0 5 311 1 317 -5z m-3755 -582 c-1 -144 -4 -181 -16 -193 -13 -13 -17 -13 -32 -1 -13 10 -53 14 -156 15 -76 1 -141 4 -144 7 -3 3 -6 83 -6 179 l-1 173 164 5 c90 3 170 2 178 -1 11 -5 13 -42 13 -184z m522 182 l318 -2 0 -173 c0 -95 -2 -176 -5 -179 -11 -10 -359 -4 -372 7 -10 8 -11 20 -3 48 12 42 7 240 -6 261 -8 12 -11 11 -23 -4 -15 -22 -19 -229 -4 -269 16 -41 -4 -47 -157 -49 -104 -2 -143 -6 -156 -16 -17 -14 -17 -16 0 -28 13 -9 59 -13 159 -13 155 0 170 -5 154 -49 -11 -27 -13 -237 -3 -276 8 -32 -12 -37 -166 -38 -130 -2 -154 -7 -131 -30 8 -8 54 -13 143 -14 74 -1 135 -6 141 -12 11 -11 17 -355 6 -373 -5 -7 -59 -11 -145 -12 -151 -1 -206 -14 -149 -36 17 -7 80 -10 153 -9 85 1 127 -2 135 -10 8 -8 11 -52 8 -152 -2 -96 1 -144 9 -154 21 -26 -22 -34 -181 -35 -85 -1 -159 -1 -166 0 -10 0 -12 180 -12 807 0 444 2 810 5 814 3 5 33 6 67 3 34 -3 205 -7 381 -7z m2441 2 c198 0 366 -4 374 -8 10 -7 11 -13 2 -29 -15 -29 -21 -174 -9 -246 6 -38 5 -63 -1 -69 -12 -12 -338 -9 -362 3 -15 9 -16 13 -2 52 20 59 13 232 -10 256 -9 8 -20 12 -24 8 -5 -4 -8 -77 -8 -161 0 -85 -3 -157 -7 -160 -9 -9 -344 -9 -358 0 -9 6 -11 26 -6 71 9 87 -3 194 -21 194 -23 0 -33 -47 -33 -161 0 -60 -3 -109 -7 -110 -5 -1 -57 -2 -118 -3 -82 -2 -118 -7 -143 -20 -19 -10 -31 -21 -27 -24 4 -4 70 -9 148 -12 l142 -5 3 -169 c1 -99 -1 -173 -7 -179 -11 -11 -322 -13 -340 -3 -7 5 -11 53 -11 141 0 74 -4 136 -10 140 -16 10 -33 -77 -32 -178 0 -53 -4 -100 -9 -103 -5 -3 -61 -6 -123 -7 -76 -1 -119 -6 -127 -14 -22 -22 1 -28 118 -29 70 -1 119 -6 126 -13 7 -7 12 -58 12 -140 0 -95 4 -132 14 -145 26 -31 32 -1 32 142 0 84 4 144 10 148 14 8 323 9 337 0 8 -5 12 -52 12 -144 0 -140 6 -169 33 -159 19 7 32 133 23 216 -9 75 16 138 39 100 5 -7 61 -10 161 -8 85 1 157 -1 161 -4 3 -4 6 -67 7 -141 1 -143 12 -181 37 -135 9 16 14 63 14 141 0 64 4 121 10 127 11 11 301 17 327 6 14 -6 16 -23 16 -133 -1 -84 3 -135 11 -150 7 -13 16 -21 19 -17 4 4 9 73 12 153 l5 147 167 5 c113 3 171 9 179 17 7 7 9 16 5 20 -4 5 -86 9 -181 11 l-174 3 -3 171 c-2 93 -1 174 2 178 8 12 379 17 383 5 2 -8 1 -122 -3 -370 -1 -11 0 -105 2 -210 l3 -190 -25 2 c-73 5 -2250 3 -2300 -3 -74 -8 -85 6 -35 49 20 18 93 87 161 155 68 67 127 122 132 122 5 0 14 11 21 24 7 13 24 29 37 35 14 6 28 19 31 28 4 10 75 84 157 165 209 205 208 204 233 217 12 6 24 20 28 30 6 19 290 311 302 311 4 0 21 16 40 36 23 25 38 34 50 30 10 -4 180 -7 378 -7z m790 -169 c1 -96 -3 -183 -7 -192 -7 -14 -13 -15 -34 -8 -14 6 -97 10 -185 10 l-159 0 -2 160 c-1 88 -2 168 -2 178 -1 15 15 18 164 23 91 3 179 5 195 5 l30 -1 0 -175z m1769 167 l310 -2 -3 -175 c-1 -96 -5 -177 -9 -180 -4 -3 -86 -3 -182 0 l-175 5 3 150 c3 161 -4 193 -35 163 -14 -15 -17 -37 -17 -135 0 -71 5 -127 12 -139 21 -40 -2 -46 -193 -45 -98 0 -180 2 -183 6 -3 3 -5 65 -4 138 3 140 -5 174 -33 146 -21 -21 -31 -163 -16 -225 11 -42 10 -49 -5 -57 -18 -10 -352 -12 -363 -2 -3 4 -5 64 -3 133 3 130 -5 169 -29 145 -18 -18 -24 -182 -9 -227 7 -21 9 -40 5 -44 -9 -10 -347 -19 -365 -11 -12 6 -15 33 -15 143 0 92 -4 139 -12 147 -24 24 -35 -39 -30 -164 2 -65 1 -120 -4 -123 -11 -7 -357 -9 -364 -2 -3 3 -6 81 -8 174 l-2 169 622 2 c401 1 629 5 640 12 10 6 48 8 88 5 39 -3 209 -7 379 -7z m-7167 -5 c9 -6 9 -19 1 -52 -5 -26 -8 -98 -5 -168 3 -75 1 -124 -5 -128 -5 -4 -86 -6 -180 -6 -179 1 -207 7 -188 42 12 23 13 250 1 269 -5 8 -16 11 -26 7 -15 -6 -17 -22 -14 -159 l4 -152 -175 -5 c-96 -3 -179 -2 -185 2 -5 5 -9 77 -10 162 0 85 -3 157 -6 160 -3 4 -13 4 -22 0 -28 -10 -36 -206 -11 -291 8 -30 -7 -33 -202 -35 l-169 -2 -3 169 c-1 93 0 175 2 182 4 9 137 12 593 12 324 0 594 -3 600 -7z m406 -170 c0 -94 -3 -175 -6 -179 -12 -11 -337 -6 -352 7 -10 8 -11 19 -4 43 13 45 11 218 -2 257 -9 26 -9 34 2 41 8 5 92 8 188 6 l173 -2 1 -173z m432 -5 l0 -179 -183 0 c-100 0 -186 2 -189 6 -7 7 -11 345 -4 352 3 2 88 3 190 2 l186 -3 0 -178z m397 176 c2 -5 1 -87 -2 -182 l-5 -175 -169 2 c-93 0 -171 4 -174 7 -6 6 -9 345 -3 351 8 7 350 4 353 -3z m1671 -171 c0 -94 -3 -175 -6 -179 -8 -7 -354 -6 -366 1 -5 3 -6 63 -4 133 4 79 1 143 -6 168 -8 30 -8 41 2 47 6 4 95 7 196 5 l183 -2 1 -173z m419 0 c0 -95 -2 -175 -5 -178 -7 -7 -356 -8 -363 -1 -4 4 -8 314 -5 352 1 3 85 4 187 3 l186 -3 0 -173z m-4164 -248 c21 -4 23 -8 15 -32 -4 -15 -8 -92 -8 -172 l0 -145 -162 -5 c-89 -3 -165 -8 -168 -12 -4 -4 -5 -14 -2 -23 5 -13 31 -15 160 -15 103 0 157 -4 165 -12 8 -8 10 -43 5 -117 -8 -147 19 -240 48 -164 5 14 9 82 8 150 -1 130 7 159 42 148 10 -4 84 -6 164 -7 90 0 148 -4 152 -11 3 -5 5 -69 4 -141 -2 -139 5 -170 34 -146 13 11 16 35 14 148 -1 102 2 137 12 146 10 9 39 11 104 6 50 -4 117 -4 150 0 97 12 99 10 99 -156 1 -80 6 -147 12 -157 10 -17 11 -17 25 -1 10 13 14 51 15 156 0 92 4 142 12 150 8 8 54 11 151 9 92 -2 141 1 145 8 11 17 24 13 37 -10 7 -13 11 -67 10 -140 -2 -123 11 -203 32 -196 19 6 29 102 23 213 -2 55 -1 106 4 113 6 11 50 14 189 15 153 1 182 -1 185 -14 2 -8 4 -80 3 -160 -1 -148 5 -182 27 -160 7 7 11 65 12 166 0 85 5 158 10 163 5 5 41 5 79 1 69 -8 212 1 233 14 21 13 27 -21 32 -176 5 -161 14 -198 43 -170 8 9 14 65 17 177 3 90 8 166 12 170 3 4 16 1 28 -5 29 -16 234 -10 251 7 7 7 9 16 5 20 -4 5 -70 9 -147 9 -77 1 -142 4 -145 6 -6 7 -8 347 -2 354 10 10 348 9 349 -1 0 -5 0 -86 -1 -180 -1 -150 1 -437 4 -550 l1 -40 -185 1 c-102 1 -192 2 -200 2 -8 0 -564 -1 -1235 -2 l-1220 -1 -3 170 c-1 99 2 182 8 199 7 20 7 33 0 40 -9 9 -15 357 -6 367 6 6 326 0 354 -7z m1231 7 c11 -7 14 -44 13 -181 0 -94 -3 -174 -6 -177 -7 -8 -332 -7 -344 1 -5 3 -7 63 -4 133 3 77 0 144 -7 167 -6 22 -8 42 -5 45 3 3 78 8 167 11 89 4 164 7 167 8 3 1 11 -2 19 -7z m833 -4 c10 -10 12 -51 8 -187 l-5 -173 -168 1 c-92 0 -171 3 -175 6 -4 2 -7 82 -7 178 l1 173 164 5 c91 3 166 7 167 8 1 1 8 -4 15 -11z m3344 -8 c9 -7 10 -19 3 -42 -6 -18 -9 -91 -7 -164 2 -72 0 -134 -4 -138 -8 -8 -347 -9 -355 -1 -9 9 -11 339 -2 351 9 13 349 7 365 -6z m-4980 1 c7 -7 20 -7 40 0 17 6 100 9 199 8 l169 -3 -1 -173 c0 -95 -3 -175 -6 -178 -7 -7 -347 -7 -355 0 -3 4 -5 71 -3 149 3 146 -2 177 -24 177 -21 0 -27 -47 -24 -190 l3 -135 -173 -5 c-95 -3 -177 -2 -183 1 -7 5 -14 289 -9 352 1 11 355 9 367 -3z m1250 -168 c0 -95 -3 -175 -7 -178 -13 -7 -358 -8 -366 -1 -7 8 -11 346 -4 353 3 2 88 3 190 2 l186 -3 1 -173z m1636 173 c10 -4 13 -41 11 -173 -2 -146 -5 -169 -20 -180 -10 -7 -30 -11 -44 -8 -14 3 -37 2 -49 -1 -22 -6 -23 -7 -4 -14 10 -4 33 -8 50 -8 18 -1 39 -10 49 -21 17 -19 19 -39 17 -202 -1 -154 -3 -184 -17 -194 -25 -18 -325 -19 -350 -1 -18 14 -19 27 -17 198 2 203 7 218 66 220 17 1 42 5 56 9 25 8 25 8 -5 11 -16 1 -38 2 -47 1 -10 -1 -28 2 -41 7 -24 9 -24 10 -19 138 2 71 0 144 -6 165 -7 25 -7 39 1 47 11 11 341 16 369 6z m430 -173 c0 -96 -3 -176 -6 -179 -7 -7 -357 -5 -364 2 -6 6 -9 345 -3 351 3 2 88 3 189 2 l185 -3 -1 -173z m2065 170 c9 -5 9 -26 2 -82 -9 -68 -5 -199 7 -241 3 -10 -3 -20 -13 -24 -26 -10 -335 -5 -349 6 -8 6 -9 23 -3 52 13 65 10 198 -5 240 -12 33 -12 38 3 47 19 11 341 13 358 2z m846 -172 l-1 -175 -179 -5 c-98 -3 -181 -3 -185 0 -5 4 -13 315 -9 353 1 4 85 6 188 5 l187 -3 -1 -175z m416 171 c11 -7 11 -15 1 -46 -8 -24 -11 -82 -9 -169 l4 -131 -165 -5 c-91 -3 -173 -2 -184 1 -17 5 -19 18 -20 178 0 95 1 175 3 177 8 8 356 4 370 -5z m408 1 c10 -6 10 -24 1 -77 -6 -39 -8 -113 -5 -167 4 -64 2 -100 -5 -104 -10 -6 -349 -6 -355 0 -3 3 -6 324 -4 349 1 9 352 9 368 -1z m424 -2 c14 -8 17 -15 10 -28 -13 -26 -19 -128 -12 -220 5 -60 3 -86 -6 -94 -11 -9 -352 -13 -360 -4 -3 2 -6 323 -4 349 1 11 350 8 372 -3z m409 -2 c4 -89 -3 -344 -8 -348 -4 -3 -85 -3 -180 0 l-174 5 0 170 c1 94 1 173 1 178 1 4 82 7 181 7 137 0 180 -3 180 -12z m-1674 -402 c9 -4 14 -49 16 -163 2 -87 7 -166 12 -175 11 -25 -30 -29 -224 -26 l-165 3 4 180 c2 99 4 182 6 185 4 6 334 2 351 -4z m418 -7 c6 -5 10 -76 10 -158 1 -105 5 -154 13 -162 7 -7 16 -9 20 -5 5 4 10 80 13 169 l5 162 168 5 c208 6 199 12 190 -121 -7 -117 3 -208 24 -216 27 -11 33 20 33 174 0 177 -2 174 95 164 33 -3 103 -3 155 0 73 4 98 2 106 -8 8 -9 12 -63 11 -159 0 -122 2 -147 16 -161 9 -9 20 -13 24 -9 5 4 10 80 13 169 l5 162 170 5 c94 3 172 4 175 2 5 -4 17 -353 13 -364 -5 -10 -1202 -8 -1208 2 -3 6 -16 5 -31 0 -30 -12 -364 -13 -381 -2 -10 6 -10 17 -2 47 7 24 10 91 7 167 -4 96 -2 130 8 140 10 10 52 12 176 10 90 -2 167 -8 172 -13z m-579 -405 c77 -3 149 -6 160 -9 19 -4 20 -11 18 -182 l-2 -178 -187 0 -188 0 3 110 c1 61 -3 132 -9 159 -8 36 -8 58 1 83 10 31 14 34 38 28 14 -4 89 -9 166 -11z m-6390 -81 c74 -75 271 -281 298 -311 7 -7 64 -64 127 -126 63 -62 127 -126 141 -142 15 -16 49 -50 78 -76 34 -31 49 -52 45 -62 -4 -11 2 -19 20 -26 14 -5 45 -29 70 -52 24 -24 50 -49 57 -56 95 -88 269 -271 269 -282 0 -8 16 -25 36 -38 31 -21 35 -27 29 -50 -4 -15 -9 -91 -10 -169 -2 -78 -5 -145 -8 -150 -6 -9 -328 -10 -344 0 -6 4 -8 50 -5 129 3 74 0 139 -7 163 -17 63 -3 70 127 66 102 -2 162 8 162 28 0 15 -50 23 -164 26 -129 4 -145 12 -127 68 12 36 8 107 -11 181 -7 30 -12 36 -21 27 -8 -8 -12 -54 -12 -136 0 -68 -3 -127 -7 -131 -4 -3 -84 -6 -179 -6 -146 1 -174 3 -181 16 -11 20 -27 20 -42 2 -9 -12 -47 -15 -183 -17 -95 -1 -176 1 -180 5 -5 4 -7 71 -5 149 3 143 -3 175 -31 164 -30 -11 -36 -237 -8 -271 8 -9 6 -17 -7 -29 -24 -21 -359 -29 -367 -9 -3 8 -5 87 -5 177 0 124 3 165 13 174 8 6 17 8 21 4 5 -5 234 -14 366 -13 14 0 106 0 205 0 99 0 189 0 200 0 75 0 282 11 293 15 23 8 12 33 -18 40 -16 3 -77 7 -135 9 -81 1 -109 5 -121 18 -12 12 -14 20 -5 36 26 49 -3 234 -29 192 -13 -20 -12 -162 1 -197 8 -21 7 -30 -4 -38 -11 -7 -327 -13 -367 -6 -7 1 -4 351 3 358 3 3 60 6 126 7 80 1 124 5 132 13 7 7 9 16 6 20 -4 4 -66 9 -139 12 l-131 6 -1 111 c-1 79 -5 116 -15 128 -24 29 -34 2 -35 -97 -1 -67 3 -99 13 -111 8 -9 11 -20 7 -24 -12 -12 -370 -18 -378 -7 -9 11 -11 336 -3 357 4 10 44 13 183 12 l177 0 80 -81z m6095 63 c0 -16 -322 -340 -361 -363 -15 -9 -34 -31 -43 -49 -8 -19 -19 -34 -23 -34 -9 0 -164 -150 -229 -221 -36 -39 -78 -76 -134 -117 -15 -11 -23 -11 -42 -1 -15 8 -73 13 -168 13 l-144 1 -1 178 c0 99 4 181 8 184 12 7 344 6 356 -1 6 -4 8 -38 4 -90 -6 -87 2 -176 17 -176 25 0 44 210 20 225 -38 23 22 48 112 46 90 -2 201 16 195 33 -2 7 -57 13 -155 16 -82 3 -154 8 -158 12 -4 4 -1 15 7 24 22 26 19 219 -4 241 -9 9 -20 13 -24 9 -5 -4 -8 -69 -9 -144 l-1 -137 -184 0 -184 0 0 137 c0 117 -3 140 -17 155 -10 9 -21 13 -25 9 -5 -4 -10 -74 -13 -154 l-5 -147 -175 0 -175 0 -2 138 c-3 148 -11 187 -33 147 -17 -33 -25 -186 -11 -235 8 -30 8 -41 -2 -47 -6 -4 -94 -8 -194 -8 l-183 0 -1 143 c0 78 -4 151 -9 162 -7 18 -9 18 -20 -10 -7 -19 -10 -78 -9 -160 l2 -130 -187 0 -187 0 -2 175 -2 175 183 3 c111 1 190 -2 202 -8 12 -6 21 -7 25 0 3 6 367 9 971 9 532 0 969 2 972 5 11 12 42 6 42 -8z m885 1 c16 -12 16 -18 7 -47 -16 -44 -15 -232 0 -265 10 -22 9 -28 -3 -36 -8 -5 -94 -8 -192 -6 l-179 2 -1 177 c-1 111 2 180 8 182 5 3 85 5 176 5 124 1 170 -2 184 -12z m419 -2 c16 -12 17 -17 6 -30 -17 -21 -25 -205 -11 -265 7 -33 7 -46 -2 -52 -7 -4 -92 -7 -190 -5 l-178 2 -1 172 c0 94 3 176 6 182 11 18 346 14 370 -4z m421 3 c21 -9 31 -9 46 0 29 19 345 17 356 -2 4 -8 7 -91 5 -185 l-3 -171 -181 2 -182 3 2 150 c3 150 -3 183 -30 172 -30 -11 -33 -259 -5 -295 21 -26 -18 -32 -201 -29 l-183 2 -1 172 c0 94 3 176 6 182 10 16 337 15 371 -1z m-7050 -6 c6 0 93 2 195 4 108 3 191 1 199 -5 12 -8 13 -18 2 -66 -8 -33 -12 -102 -10 -165 2 -60 1 -112 -3 -115 -8 -8 -332 -7 -353 2 -11 4 -13 12 -8 27 4 11 8 71 8 133 0 92 -3 115 -17 129 -15 16 -17 14 -28 -27 -7 -26 -11 -89 -9 -154 l4 -110 -147 -5 c-80 -3 -149 -8 -153 -11 -15 -16 69 -32 171 -34 61 -1 117 -5 123 -10 9 -5 11 -25 6 -69 -6 -57 7 -191 20 -204 26 -26 50 182 25 227 -24 46 0 52 184 54 139 2 167 0 172 -13 8 -23 9 -339 0 -347 -4 -5 -68 -8 -142 -9 -87 0 -138 -4 -146 -12 -20 -20 40 -36 152 -39 159 -5 145 7 146 -130 1 -123 15 -186 36 -165 8 8 12 60 12 149 l1 138 190 0 190 0 3 -145 c2 -80 4 -158 5 -175 l2 -30 -185 -5 c-165 -5 -188 -3 -212 12 -15 10 -30 18 -33 18 -12 0 -335 332 -335 343 0 7 -21 28 -46 47 -25 19 -103 93 -172 164 -171 175 -534 536 -566 563 -14 12 -26 26 -26 32 0 7 119 9 368 7 202 -2 372 -4 377 -4z m824 -6 c7 -8 9 -25 5 -40 -3 -14 -7 -88 -8 -163 l-1 -138 -190 0 -190 0 3 100 c2 55 -1 129 -7 164 -7 46 -7 68 0 78 17 20 372 19 388 -1z m400 0 c8 -10 8 -21 1 -40 -5 -15 -10 -90 -10 -167 l0 -139 -177 2 -178 3 3 100 c2 55 -1 129 -7 164 -7 46 -7 68 0 78 17 19 352 19 368 -1z m425 1 c16 -12 17 -18 6 -53 -7 -24 -10 -86 -8 -162 2 -87 0 -123 -9 -126 -18 -7 -353 -9 -360 -2 -4 3 -5 59 -4 125 1 65 -3 138 -9 161 -18 69 -14 70 189 70 130 0 182 -3 195 -13z m802 -2 c19 -15 25 -333 6 -340 -22 -8 -356 -5 -370 3 -9 7 -10 16 -1 41 8 21 10 77 7 156 -4 104 -2 126 11 140 14 14 39 16 175 13 87 -2 165 -7 172 -13z m2935 -180 c-1 -81 -5 -153 -7 -159 -3 -7 -48 -11 -133 -11 -130 0 -155 -5 -133 -27 16 -16 183 -23 221 -10 26 9 32 8 39 -6 4 -9 7 -96 7 -192 l0 -175 -190 1 -190 1 -3 119 c-1 65 -7 123 -12 128 -16 16 -33 -76 -27 -156 3 -53 1 -80 -6 -85 -7 -5 -69 -10 -139 -13 -128 -6 -162 -16 -134 -39 9 -7 57 -12 132 -13 66 0 129 -5 142 -9 20 -8 21 -12 11 -31 -13 -25 -17 -201 -6 -258 8 -40 -1 -59 -28 -61 -11 -1 -88 -1 -172 -1 -123 2 -155 5 -167 18 -13 12 -14 19 -4 37 17 31 16 160 -2 181 -13 16 -14 16 -23 0 -6 -10 -10 -64 -11 -120 -1 -56 -4 -105 -7 -109 -4 -3 -58 -7 -120 -9 -162 -5 -210 -21 -134 -46 20 -7 80 -10 140 -9 58 1 108 0 111 -4 8 -8 10 -345 2 -353 -11 -10 -358 -9 -359 1 -1 6 -2 69 -3 140 -1 87 -6 138 -15 154 -25 45 -36 7 -41 -152 l-5 -152 -170 2 c-93 1 -173 2 -177 2 -3 1 -6 62 -6 136 0 74 -5 142 -10 151 -9 15 -11 15 -23 -7 -10 -17 -14 -61 -14 -146 0 -67 -3 -125 -7 -129 -4 -4 -87 -7 -185 -7 l-178 0 -5 151 c-3 83 -8 154 -12 158 -17 16 -28 -55 -28 -177 0 -71 -3 -129 -7 -130 -12 -1 -336 -1 -350 0 -10 1 -13 34 -13 130 0 71 -5 143 -12 161 -19 57 -2 62 207 56 99 -2 188 -4 198 -4 107 2 388 2 407 1 14 0 99 1 189 3 102 3 175 1 194 -6 27 -9 34 -7 56 14 14 13 36 29 49 35 12 6 22 18 22 26 0 18 344 361 383 381 15 8 27 21 27 29 0 18 365 382 391 390 10 4 19 14 19 23 0 10 51 68 113 129 61 61 130 132 152 156 22 25 44 44 49 43 6 -1 9 -63 7 -151z m-6402 -212 c177 -1 186 -5 171 -68 -13 -55 -12 -163 1 -226 10 -44 9 -54 -3 -63 -9 -7 -81 -11 -189 -11 l-174 0 -3 160 c-3 189 2 230 26 218 9 -4 86 -9 171 -10z m2489 1 c88 -1 157 -5 163 -11 11 -11 16 -340 5 -350 -11 -11 -366 -9 -367 2 -4 49 1 340 6 356 5 15 11 18 23 12 10 -4 86 -8 170 -9z m-654 -14 c1 -8 3 -91 2 -184 l-1 -169 -190 -1 -190 -1 0 175 c0 96 3 180 7 185 4 6 78 10 187 10 153 0 182 -2 185 -15z m391 -170 l0 -184 -175 0 -175 1 1 175 c1 97 4 180 7 184 3 5 81 9 174 8 l168 0 0 -184z m835 170 c16 -9 18 -15 10 -30 -12 -23 -13 -240 -1 -273 18 -46 6 -49 -180 -51 l-174 -1 -3 175 c-1 96 -1 179 1 185 6 14 320 9 347 -5z m411 3 c14 -14 15 -343 2 -351 -17 -11 -364 -5 -374 5 -7 7 -6 26 1 56 12 47 9 229 -4 259 -15 34 31 43 204 42 89 -1 166 -6 171 -11z m426 4 c7 -8 8 -342 0 -353 -4 -7 -329 -11 -367 -5 -10 2 -2 353 8 360 13 8 351 6 359 -2z m415 -5 c10 -10 14 -339 4 -349 -10 -10 -357 -10 -363 0 -10 16 -5 338 5 350 12 14 340 13 354 -1z m425 -5 c12 -11 12 -19 4 -35 -14 -27 -14 -205 0 -256 9 -32 8 -42 -3 -50 -10 -7 -82 -11 -194 -10 l-179 1 -3 174 c-1 95 -1 178 1 184 3 6 67 9 182 8 141 -1 181 -4 192 -16z m394 6 c5 -5 8 -83 7 -184 l-3 -174 -175 1 -175 0 -2 174 c-1 96 2 179 7 184 11 14 327 13 341 -1z m1666 3 c16 -5 18 -22 18 -181 0 -109 -4 -175 -10 -176 -88 -6 -365 -2 -365 6 -3 69 0 347 3 352 6 9 327 8 354 -1z m424 -7 c15 -7 18 -15 13 -27 -14 -30 -16 -213 -3 -261 18 -64 13 -66 -192 -64 -96 1 -176 2 -179 2 -10 2 -3 353 8 360 17 10 331 2 353 -10z m415 -1 c10 -10 11 -23 4 -53 -13 -53 -12 -160 0 -226 7 -34 7 -56 1 -62 -13 -13 -361 -15 -369 -3 -6 11 -5 343 2 354 2 4 82 6 176 5 130 -1 176 -4 186 -15z m419 1 c11 -11 12 -29 5 -88 -6 -47 -6 -106 0 -160 6 -52 6 -89 0 -95 -12 -12 -360 -14 -368 -2 -3 5 -5 84 -4 175 1 130 4 168 15 176 22 16 336 11 352 -6z m410 -1 c3 -13 4 -97 3 -187 l-3 -163 -170 0 c-93 0 -174 0 -180 1 -12 1 -10 340 2 352 5 5 80 10 168 12 88 1 163 4 167 5 4 1 10 -8 13 -20z m-2945 -404 c0 -9 -14 -28 -31 -42 -17 -15 -83 -80 -148 -145 -64 -65 -136 -132 -160 -149 l-44 -31 -176 2 c-97 1 -367 3 -601 4 l-425 2 4 30 c2 17 5 91 6 166 1 75 5 140 8 146 4 7 336 11 367 4 3 0 4 -61 2 -135 -3 -92 -1 -140 8 -156 22 -42 30 -1 29 143 -1 75 1 140 5 144 12 12 356 10 372 -2 13 -9 14 -18 3 -59 -12 -47 -8 -183 6 -219 24 -61 46 70 34 203 -3 36 -2 70 3 76 9 12 341 14 354 1 4 -4 6 -60 5 -125 -1 -64 1 -125 4 -134 27 -69 62 88 45 197 -5 31 -4 55 2 63 7 8 47 12 127 13 64 0 125 4 136 9 34 14 65 12 65 -6z m-3025 -9 c83 -1 155 -2 160 -3 7 -1 9 -46 7 -130 -4 -107 -1 -134 13 -161 9 -18 20 -30 23 -26 4 4 9 77 12 163 l5 157 175 -3 c207 -3 171 -3 397 1 101 2 186 1 190 -2 5 -3 8 -70 8 -148 0 -78 3 -145 8 -149 4 -4 13 -2 20 5 8 8 12 54 12 149 0 75 3 139 7 142 3 3 89 5 189 5 l182 0 3 -145 c1 -80 4 -158 6 -175 l3 -30 -210 -2 c-611 -6 -988 -4 -998 6 -7 7 -15 7 -22 1 -16 -13 -387 -15 -412 -2 -13 7 -23 8 -30 1 -6 -6 -83 -8 -194 -7 l-184 3 3 30 c2 17 4 95 5 175 l2 144 173 2 c105 0 175 -3 179 -9 3 -5 5 -71 4 -147 -2 -115 0 -139 14 -150 32 -26 40 3 41 150 2 161 5 175 36 164 13 -5 91 -9 173 -9z m3896 3 c3 -32 5 -344 2 -353 -3 -9 -370 -11 -379 -3 -6 7 -6 336 0 347 5 8 42 10 124 6 98 -5 143 -3 245 14 4 0 8 -5 8 -11z m430 -15 c9 -9 9 -16 -1 -27 -9 -12 -11 -54 -9 -160 2 -79 1 -147 -2 -150 -3 -4 -88 -7 -188 -9 -139 -1 -181 1 -182 11 0 16 0 329 0 340 1 14 368 9 382 -5z m424 6 c51 1 393 2 420 2 17 -1 113 -1 215 -1 102 0 196 -1 210 0 14 0 103 1 198 2 96 2 176 -1 179 -6 9 -14 3 -340 -7 -346 -4 -3 -86 -3 -181 0 l-174 5 4 152 c3 136 1 154 -14 159 -9 4 -21 2 -27 -4 -16 -16 -16 -246 0 -264 10 -12 8 -19 -8 -33 -17 -16 -39 -17 -192 -16 -95 1 -175 4 -177 7 -3 2 -3 72 -2 154 2 131 0 151 -14 156 -9 4 -21 2 -27 -4 -16 -16 -22 -171 -9 -232 18 -82 16 -83 -190 -82 -94 1 -174 4 -177 7 -3 3 -5 72 -4 153 3 153 -4 186 -29 156 -19 -23 -25 -194 -9 -247 19 -63 11 -66 -186 -68 -95 -1 -176 1 -182 5 -6 3 -8 55 -4 135 3 85 1 140 -7 162 -18 53 -7 56 196 52 98 -2 187 -4 198 -4z m-851 -581 c1 -95 0 -177 -1 -183 -2 -6 -73 -10 -191 -9 l-187 1 -5 169 c-3 93 -1 175 4 182 6 9 52 12 165 13 86 0 165 4 176 9 11 4 24 4 29 -1 5 -4 10 -86 10 -181z m-6227 160 c18 -9 20 -14 12 -30 -15 -28 -23 -196 -11 -245 17 -74 12 -76 -189 -77 l-174 0 -3 164 c-1 91 -1 174 2 185 5 19 12 20 173 17 97 -2 177 -7 190 -14z m419 1 c16 -8 27 -8 43 1 22 11 340 18 358 7 9 -6 9 -339 0 -354 -6 -9 -345 -8 -355 1 -3 3 -6 74 -6 158 -1 146 -2 153 -21 153 -19 0 -20 -7 -21 -153 0 -84 -4 -155 -7 -159 -8 -7 -345 -8 -353 0 -11 10 -8 349 4 355 17 11 335 2 358 -9z m5372 4 c20 -17 20 -24 12 -103 -5 -47 -7 -122 -3 -167 4 -59 3 -83 -6 -84 -6 0 -83 -1 -172 -1 -188 -1 -200 3 -179 67 16 48 9 228 -10 250 -26 32 4 40 168 45 86 4 160 7 163 8 4 1 16 -6 27 -15z m831 4 l24 -2 -1 -173 c0 -96 -3 -176 -6 -179 -2 -3 -86 -6 -185 -7 l-180 -1 -3 170 c-2 94 0 177 4 185 5 13 31 15 165 12 87 -1 169 -4 182 -5z m439 -11 c11 -10 11 -22 1 -60 -7 -30 -10 -90 -7 -162 3 -70 2 -117 -4 -121 -13 -7 -347 -7 -355 0 -12 13 -9 348 4 355 22 13 347 2 361 -12z m408 2 c10 -10 11 -23 3 -58 -6 -26 -9 -96 -6 -162 3 -78 1 -120 -5 -125 -12 -7 -345 -9 -352 -2 -11 10 -9 351 1 357 6 4 86 6 178 5 125 -1 171 -5 181 -15z m414 5 c14 -9 27 -18 29 -19 2 -2 -2 -10 -8 -18 -14 -17 -20 -200 -9 -256 13 -61 9 -62 -186 -63 -97 0 -179 2 -182 6 -3 3 -5 71 -5 151 1 85 -3 154 -9 165 -7 15 -7 22 2 28 7 4 85 10 173 13 88 4 162 7 165 8 3 1 17 -6 30 -15z m418 -180 l-3 -175 -172 -1 c-95 0 -176 2 -179 5 -3 4 -6 84 -6 180 l-1 173 169 5 c93 3 175 1 182 -4 9 -7 12 -51 10 -183z m-6629 163 c8 -9 10 -28 5 -52 -4 -20 -7 -93 -8 -162 l-1 -125 -187 -1 c-139 -1 -189 2 -192 11 -3 7 -2 50 1 95 3 46 1 114 -5 152 -8 50 -8 73 0 83 16 20 371 19 387 -1z m401 -1 c8 -9 9 -21 4 -32 -5 -10 -11 -83 -14 -163 l-5 -144 -172 -1 c-107 0 -174 4 -177 10 -2 6 -1 48 1 95 3 47 1 116 -5 154 -8 50 -8 73 0 83 16 20 351 19 368 -2z m418 8 c21 -5 23 -10 17 -37 -4 -17 -10 -94 -14 -170 l-6 -139 -183 -1 -182 -1 0 130 c-1 80 -6 144 -14 166 -11 31 -11 38 3 47 17 12 339 16 379 5z m847 -1 c6 0 96 2 201 5 222 4 221 5 204 -73 -6 -27 -10 -96 -9 -154 2 -58 0 -109 -3 -115 -7 -11 -354 -12 -365 -1 -4 3 -7 64 -7 134 -1 139 -15 193 -36 138 -6 -16 -10 -82 -9 -148 0 -66 -2 -122 -5 -125 -8 -8 -355 -7 -364 1 -3 4 -6 63 -7 131 0 84 -4 128 -12 136 -23 23 -28 -1 -29 -132 -1 -71 -4 -132 -7 -135 -3 -4 -81 -7 -174 -7 l-168 -1 -5 169 c-4 113 -2 172 5 177 5 4 183 6 395 4 212 -2 390 -4 395 -4z m-3346 -396 c8 -5 9 -47 5 -135 -5 -87 -3 -144 5 -176 10 -42 10 -50 -5 -66 -16 -18 -31 -19 -188 -17 l-171 3 -3 190 c-1 104 -1 194 1 200 5 11 338 12 356 1z m417 1 c8 -8 8 -372 0 -385 -10 -16 -342 -17 -352 -1 -7 13 -8 374 -1 386 5 9 345 9 353 0z m410 0 c10 -10 9 -378 0 -388 -14 -13 -343 -12 -352 2 -10 17 -6 370 5 383 9 11 336 14 347 3z m414 -178 c3 -101 2 -192 -3 -202 -7 -15 -25 -17 -171 -17 -119 0 -166 3 -172 12 -14 19 -10 378 3 386 6 4 85 7 175 6 l163 -1 5 -184z m431 181 c4 -15 6 -368 2 -382 -4 -16 -21 -18 -188 -18 -137 0 -184 3 -187 13 -3 10 -2 369 1 387 1 3 84 5 186 5 102 0 186 -2 186 -5z m394 -196 l0 -199 -169 -3 c-97 -1 -172 1 -175 7 -8 12 -6 375 2 387 3 5 81 9 174 8 l168 -1 0 -199z m425 190 c15 -15 15 -361 0 -379 -10 -12 -43 -15 -185 -15 -156 0 -173 2 -176 18 -2 9 -3 100 -1 202 l3 185 175 -1 c96 -1 179 -5 184 -10z m407 3 c2 -3 5 -89 5 -192 1 -163 -1 -188 -15 -196 -9 -5 -87 -8 -174 -7 l-158 3 -3 190 c-1 104 -1 194 1 200 4 10 334 12 344 2z m413 -4 c15 -14 14 -361 0 -378 -10 -12 -42 -15 -172 -15 -88 0 -167 4 -176 9 -15 8 -17 30 -16 196 1 114 6 190 12 194 15 9 343 4 352 -6z m431 -179 c3 -110 1 -194 -4 -202 -13 -17 -351 -17 -364 0 -12 18 -8 379 5 387 5 3 88 6 184 5 l173 -1 6 -189z m414 184 c2 -2 5 -88 6 -192 1 -150 -1 -190 -12 -197 -8 -5 -87 -9 -175 -9 -132 0 -164 3 -174 15 -14 17 -15 376 0 385 9 5 350 4 355 -2z m413 -2 c8 -4 9 -51 6 -139 -4 -80 -2 -150 5 -177 10 -41 9 -47 -11 -63 -18 -15 -40 -17 -192 -15 l-171 3 -3 190 c-1 104 -1 194 1 200 5 11 347 12 365 1z m400 0 c13 -8 18 -349 6 -379 -5 -13 -34 -16 -174 -16 -152 -1 -169 1 -174 17 -9 28 -5 366 4 377 10 11 320 13 338 1z m429 0 c9 -8 7 -371 -1 -384 -11 -18 -352 -17 -358 1 -3 10 -2 369 1 387 1 7 351 3 358 -4z m403 -1 c9 -5 10 -35 5 -114 -3 -59 -2 -137 4 -176 15 -105 15 -105 -179 -105 -192 0 -196 2 -179 96 7 36 9 105 5 175 -3 67 -2 119 4 125 11 11 322 10 340 -1z m431 5 c4 -26 3 -384 -1 -391 -4 -6 -80 -8 -191 -7 l-184 3 -3 194 c-1 112 1 197 7 200 11 7 371 8 372 1z m411 -8 c14 -14 13 -358 -1 -376 -10 -11 -46 -15 -181 -15 -106 -1 -171 3 -175 9 -7 11 -7 378 -1 389 6 10 348 3 358 -7z m412 5 c11 -4 12 -33 8 -144 -3 -87 0 -153 7 -178 10 -36 9 -42 -10 -58 -18 -14 -43 -17 -176 -17 -85 0 -162 4 -171 9 -15 8 -17 30 -15 196 1 110 6 190 11 194 12 7 326 5 346 -2z m415 -1 c8 -5 9 -44 5 -129 -4 -71 -2 -145 4 -177 17 -88 13 -90 -189 -90 -116 0 -170 4 -175 12 -7 11 -6 376 1 388 5 8 341 4 354 -4z m421 -1 c9 -6 11 -34 6 -109 -4 -55 -2 -135 3 -176 15 -111 17 -110 -190 -110 -116 0 -170 4 -175 12 -10 16 -5 381 6 388 13 8 336 3 350 -5z m415 -192 l0 -198 -165 -2 c-91 -1 -172 2 -179 7 -11 6 -14 45 -12 196 1 104 6 191 11 194 4 3 84 4 177 3 l168 -1 0 -199z"
       id="path8" />
    <path
       d="M3380 4556 c-11 -29 -14 -204 -4 -230 3 -9 12 -16 19 -16 19 0 29 76 22 172 -6 89 -20 118 -37 74z"
       id="path10" />
    <path
       d="M7540 4499 c-14 -51 -9 -164 7 -180 27 -27 36 3 31 103 -6 114 -20 144 -38 77z"
       id="path12" />
    <path
       d="M7322 3721 c-42 -39 -63 -66 -60 -78 6 -30 36 -27 64 7 15 17 29 28 32 25 3 -3 6 -56 6 -118 l1 -112 30 0 30 0 3 163 c1 97 -1 162 -7 162 -5 0 -15 2 -23 5 -7 3 -42 -22 -76 -54z"
       id="path14" />
    <path
       d="M7133 3728 c-12 -21 -16 -191 -4 -221 25 -64 44 22 34 152 -6 78 -13 95 -30 69z"
       id="path16" />
    <path
       d="M7547 3726 c-12 -29 -8 -196 5 -219 11 -21 11 -21 19 -2 14 35 10 199 -4 219 -13 18 -14 18 -20 2z"
       id="path18" />
    <path
       d="M7955 3720 c-3 -6 -6 -47 -6 -92 0 -81 11 -112 31 -92 13 13 25 134 16 168 -6 26 -29 35 -41 16z"
       id="path20" />
    <path
       d="M7965 4098 c-21 -52 -21 -186 1 -195 26 -10 34 16 34 112 0 109 -12 137 -35 83z"
       id="path22" />
    <path
       d="M896 4168 c-3 -13 -6 -77 -6 -143 0 -125 9 -157 37 -134 16 14 19 250 3 280 -14 25 -26 24 -34 -3z"
       id="path24" />
    <path
       d="M897 3764 c-10 -11 -8 -266 2 -283 5 -8 16 -11 25 -8 14 6 16 25 14 149 -3 119 -6 143 -18 146 -9 1 -19 0 -23 -4z"
       id="path26" />
    <path
       d="M4643 2454 c-9 -36 -11 -200 -1 -209 19 -20 28 14 28 108 0 109 -12 154 -27 101z"
       id="path28" />
    <path
       d="M3511 2496 c-51 -51 -52 -79 -5 -84 27 -3 33 1 42 27 9 25 17 31 40 31 30 0 42 -14 42 -49 0 -9 -36 -52 -80 -96 -113 -112 -109 -125 38 -125 98 0 115 7 110 41 -3 22 -9 24 -60 27 -32 2 -58 6 -58 11 0 4 28 33 61 64 61 56 62 57 56 102 -7 66 -37 95 -97 95 -41 0 -50 -5 -89 -44z"
       id="path30" />
    <path
       d="M897 1244 c-10 -11 -8 -247 2 -263 8 -12 12 -13 26 -1 23 19 18 263 -5 268 -9 1 -19 0 -23 -4z"
       id="path32" />
    <path
       d="M6286 2038 c-9 -36 -7 -181 4 -198 18 -28 25 3 25 107 0 70 -4 107 -11 110 -6 2 -14 -6 -18 -19z"
       id="path34" />
    <path
       d="M895 2019 c-4 -17 -4 -54 -1 -83 14 -110 46 -97 46 20 0 64 -10 94 -31 94 -4 0 -10 -14 -14 -31z"
       id="path36" />
    <path
       d="M3374 1226 c-8 -33 -1 -222 9 -232 26 -26 47 112 33 210 -8 51 -31 63 -42 22z"
       id="path38" />
  </g>
  <path
     style="fill:#999999;fill-opacity:1;stroke:#000000;stroke-width:1.50158894;stroke-miterlimit:4;stroke-opacity:1;stroke-dasharray:none"
     d="m 346.48365,173.96927 c -10.87746,-0.41294 -20.21919,-1.19561 -20.75941,-1.73928 -0.54021,-0.54367 -0.50337,-10.42152 0.0819,-21.95079 l 1.06407,-20.9623 17.87084,0.0502 c 12.01326,0.0337 18.46475,-0.54374 19.68278,-1.76177 1.41486,-1.41485 9.82589,0.54567 8.11442,-0.51207 -3.84777,-2.37806 -29.99101,-6.17888 -37.81074,-4.55867 -4.12937,0.85558 -7.79848,1.28226 -8.15358,0.94818 -1.30126,-1.22427 -1.94414,-26.210994 -0.92034,-35.771048 l 1.05421,-9.844119 21.47597,0 21.47597,0 0.8994,19.896054 c 0.49466,10.942833 0.88008,20.571773 0.85648,21.397643 -1.18542,41.48653 -1.93319,53.34728 -3.428,54.37343 -0.94971,0.65195 -10.62649,0.8475 -21.50394,0.43457 z"
     id="path3983"
     inkscape:connector-curvature="0"
     transform="scale(0.8,0.8)"
     sodipodi:nodetypes="csscsssscscccssscc" />
  <path
     style="fill:#999999;fill-opacity:1;stroke:#000000;stroke-width:1.50158894;stroke-miterlimit:4;stroke-opacity:1;stroke-dasharray:none"
     d="m 480.15342,471.80109 c 0.53844,-8.80015 0.97898,-18.26016 0.97898,-21.02224 l 0,-5.02198 17.64367,-0.0205 c 19.16394,-0.0223 24.40082,-0.81733 24.40082,-3.70451 0,-2.41185 -10.09324,-3.78294 -27.84807,-3.78294 l -13.91461,0 -1.03501,-7.52541 c -0.56925,-4.13898 -0.55459,-14.57369 0.0326,-23.18826 l 1.06759,-15.66285 7.97122,-0.99593 c 9.4145,-1.17627 33.01207,-0.39365 34.55035,1.14585 0.58993,0.5904 1.4905,8.81227 2.00127,18.27081 0.86013,15.92824 1.89845,20.72938 4.02347,18.60436 1.33491,-1.3349 3.59902,-19.09781 3.63215,-28.49566 0.03,-8.50153 0.067,-8.57174 4.91036,-9.31656 2.68409,-0.41276 9.82748,-1.03233 15.8742,-1.37682 10.29944,-0.58679 15.68393,-2.61392 13.29327,-5.00459 -0.57173,-0.57173 -8.46634,-1.3455 -17.54356,-1.7195 l -16.50407,-0.67999 -0.0135,-12.94603 c -0.008,-7.12031 -0.43915,-16.49352 -0.95995,-20.82936 l -0.9469,-7.88334 23.48378,0 23.48379,0 0.10556,15.39128 c 0.10256,14.96368 1.41415,22.7604 3.31212,19.68942 0.51289,-0.8299 1.40017,-9.3305 1.9717,-18.89023 l 1.03915,-17.38134 16.99072,-0.53936 c 11.2003,-0.35554 17.64876,-1.19741 18.92163,-2.47027 3.10127,-3.10128 -1.22215,-4.75998 -12.47491,-4.78605 -5.45937,-0.012 -13.06116,-0.4527 -16.89287,-0.97788 l -6.96628,-0.9549 0,-20.64301 c 0,-20.13824 0.0826,-20.66515 3.37858,-21.54843 4.37232,-1.17175 30.29918,-1.17959 37.36309,-0.012 l 5.45431,0.90208 -0.72376,12.22029 c -0.70647,11.92841 1.15816,21.53418 3.85641,19.86657 0.70588,-0.43625 1.65979,-7.62362 2.1198,-15.97192 0.46002,-8.34829 1.1835,-15.52581 1.60771,-15.95004 0.42423,-0.42421 7.52547,-1.14349 15.78053,-1.59837 14.66202,-0.80793 20.04195,-2.12099 17.81488,-4.34806 -1.4853,-1.48531 -14.88087,-3.31899 -25.23237,-3.45401 l -8.40471,-0.10891 -0.95812,-16.74564 c -0.52697,-9.21011 -1.31718,-17.10471 -1.75605,-17.54357 -0.43885,-0.43886 -1.63129,0.0387 -2.64988,1.06135 -1.21768,1.22249 -1.85075,6.92716 -1.84843,16.65664 l 0.003,14.79738 -5.25909,0.87039 c -2.8925,0.47872 -13.19874,0.87783 -22.90276,0.88692 l -17.64315,0.0165 0,-22.52384 0,-22.52383 17.17965,0 c 15.71695,0 21.1433,-1.21889 18.26045,-4.10174 -0.73641,-0.73641 -23.43212,-3.05681 -32.60288,-3.3333 -2.03366,-0.0613 -2.53992,-2.82837 -3.18278,-17.39565 -0.42044,-9.52751 -1.22714,-17.78545 -1.79267,-18.35098 -2.29581,-2.29581 -3.82453,4.09215 -3.86563,16.15307 -0.0716,21.01875 1.71127,19.52065 -23.23164,19.52065 l -21.37728,0 -0.8677,-14.54359 c -0.47722,-7.99898 -0.48822,-17.74746 -0.0245,-21.66331 l 0.84322,-7.11971 10.69036,-0.87842 c 5.8797,-0.48313 13.67856,-1.03929 17.3308,-1.23592 6.9464,-0.37398 9.66962,-2.96999 5.06033,-4.82395 -1.48018,-0.59536 -9.32314,-1.62326 -17.42881,-2.28421 -8.10568,-0.66095 -15.00856,-1.47272 -15.33977,-1.80392 -0.3312,-0.3312 -1.06201,-7.32621 -1.62401,-15.54447 -0.56199,-8.21825 -1.52914,-16.29371 -2.14924,-17.94545 -2.1243,-5.65849 -4.4399,4.48448 -4.4399,19.44791 l 0,13.99685 -6.91805,1.03742 c -3.80492,0.57059 -14.14816,0.56882 -22.98497,-0.004 l -16.06693,-1.04135 -0.0606,-17.16513 c -0.0572,-16.21445 -1.54961,-22.48728 -4.62305,-19.43191 -0.63317,0.62945 -1.48908,9.03084 -1.90201,18.66976 l -0.7508,17.5253 -45.59177,1.20776 c -25.07547,0.66426 -45.81656,0.98296 -46.09131,0.70821 -0.27475,-0.27475 -0.97875,-10.18117 -1.56446,-22.01426 l -1.06491,-21.51471 47.90702,0.84181 c 26.34886,0.46299 48.58274,0.8738 49.40861,0.91291 0.82587,0.0391 12.56811,-0.35945 26.09385,-0.88568 l 24.59226,-0.95676 23.23452,23.85354 c 12.77899,13.11945 23.67321,24.3625 24.20938,24.98455 0.53617,0.62206 23.78025,23.61934 51.65349,51.10508 34.74695,34.26389 50.67863,50.96941 50.67863,53.14026 0,3.32491 -34.55829,38.56412 -46.25355,47.16491 -3.38009,2.48576 -6.51989,5.66949 -6.97731,7.07495 -0.45743,1.40547 -17.60953,19.25846 -38.11577,39.67331 -20.50625,20.41486 -42.29686,42.87615 -48.42357,49.91401 l -11.13949,12.7961 0.53418,24.03924 0.5342,24.03926 -23.66162,0 -23.66161,0 0.97899,-16.00028 z M 427.1881,160.04994 c 1.14386,-13.14591 -0.18104,-22.8696 -3.11608,-22.8696 -1.82181,0 -2.33516,2.85006 -2.6854,14.90901 -0.46456,15.99526 0.11211,19.48108 3.06159,18.50661 1.12204,-0.37071 2.22337,-4.60977 2.73989,-10.54602 z"
     id="path3985"
     inkscape:connector-curvature="0"
     transform="scale(0.8,0.8)" />
  <path
     style="fill:#999999;fill-opacity:1;stroke:#000000;stroke-width:1.50158894;stroke-miterlimit:4;stroke-opacity:1;stroke-dasharray:none"
     d="m 381.50159,158.7227 c -0.53661,-7.55974 -0.97565,-16.6819 -0.97565,-20.27145 l 0,-6.52647 20.03074,0 c 11.0169,0 32.19242,0.44052 47.0567,0.97894 l 27.02598,0.97894 -1.19285,6.15361 c -0.65607,3.38448 -1.22228,11.72825 -1.25825,18.54171 l -0.0654,12.38811 -22.18637,0 -22.18637,0 0.5335,-15.39129 c 0.56764,-16.37602 -1.10874,-22.07319 -5.65239,-19.20959 -1.69692,1.06947 -2.2053,5.09178 -2.25238,17.82112 l -0.0608,16.43991 -7.50794,0.90767 c -4.12937,0.49922 -12.64356,0.91354 -18.92041,0.92072 l -11.41246,0.013 -0.97564,-13.74498 z"
     id="path3987"
     inkscape:connector-curvature="0"
     transform="scale(0.8,0.8)" />
  <path
     style="fill:#999999;fill-opacity:1;stroke:#000000;stroke-width:1.50158894;stroke-miterlimit:4;stroke-opacity:1;stroke-dasharray:none"
     d="m 362.50687,228.02647 c -2.06468,-0.66123 -10.91775,-1.26959 -19.67349,-1.35191 l -15.91952,-0.14968 -0.96436,-12.38811 c -1.75303,-22.51947 -1.31763,-30.87595 1.64543,-31.57979 1.44528,-0.34331 11.41207,-0.55778 22.14844,-0.47659 l 19.52065,0.14762 0.43244,20.27145 c 0.42699,20.01599 -0.19539,27.17112 -2.33803,26.87892 -0.60367,-0.0823 -2.78687,-0.69068 -4.85156,-1.35191 z"
     id="path3989"
     inkscape:connector-curvature="0"
     transform="scale(0.8,0.8)" />
  <path
     style="fill:#999999;fill-opacity:1;stroke:#000000;stroke-width:1.50158894;stroke-miterlimit:4;stroke-opacity:1;stroke-dasharray:none"
     d="m 380.82902,226.71993 c -1.31428,-3.3304 -1.31786,-43.21315 -0.004,-44.53465 0.57744,-0.58079 9.93149,-0.47092 20.78678,0.24417 l 19.7369,1.30015 0.23546,20.63053 c 0.1822,15.9635 -0.21693,20.80408 -1.76433,21.39765 -1.09989,0.42191 -7.18133,0.79653 -13.5143,0.8325 -6.33298,0.036 -14.43864,0.63052 -18.01259,1.32124 -5.37468,1.03872 -6.66507,0.83272 -7.46393,-1.19159 l 0,0 z"
     id="path3991"
     inkscape:connector-curvature="0"
     transform="scale(0.8,0.8)" />
  <path
     style="fill:#999999;fill-opacity:1;stroke:#000000;stroke-width:1.50158894;stroke-miterlimit:4;stroke-opacity:1;stroke-dasharray:none"
     d="m 429.1019,225.3757 c -1.18132,-0.7545 -1.65594,-7.5106 -1.50159,-21.37465 l 0.22568,-20.27145 10.51113,-0.7508 c 5.78111,-0.41294 15.91684,-0.41294 22.52383,0 l 12.01271,0.7508 0.47019,13.5143 c 0.2586,7.43286 0.0411,17.0618 -0.48345,21.39764 l -0.95363,7.88334 -20.5388,-0.023 c -11.29634,-0.0126 -21.31607,-0.51943 -22.26607,-1.12619 z"
     id="path3993"
     inkscape:connector-curvature="0"
     transform="scale(0.8,0.8)" />
  <path
     style="fill:#999999;fill-opacity:1;stroke:#000000;stroke-width:1.50158894;stroke-miterlimit:4;stroke-opacity:1;stroke-dasharray:none"
     d="m 480.79706,216.19815 c -0.40638,-5.67971 -0.40832,-15.47757 -0.004,-21.77304 l 0.73458,-11.44631 22.32637,0 22.32636,0 -0.0131,13.8897 c -0.007,7.63933 -0.43916,17.4372 -0.95996,21.77304 l -0.94688,7.88334 -21.36212,0 -21.36212,0 -0.73887,-10.32673 z"
     id="path3995"
     inkscape:connector-curvature="0"
     transform="scale(0.8,0.8)" />
  <path
     style="fill:#999999;fill-opacity:1;stroke:#000000;stroke-width:1.50158894;stroke-miterlimit:4;stroke-opacity:1;stroke-dasharray:none"
     d="m 344.32527,279.4927 -17.43082,-0.50383 -0.95297,-10.08991 c -1.21619,-12.87667 -1.22964,-24.20466 -0.0358,-30.17367 l 0.93849,-4.69246 21.62446,0 21.62445,0 -0.41451,22.89923 -0.41451,22.89923 -3.75397,0.0826 c -2.06469,0.0454 -11.59784,-0.1441 -21.18478,-0.42121 z"
     id="path3997"
     inkscape:connector-curvature="0"
     transform="scale(0.8,0.8)" />
  <path
     style="fill:#999999;fill-opacity:1;stroke:#000000;stroke-width:1.50158894;stroke-miterlimit:4;stroke-opacity:1;stroke-dasharray:none"
     d="m 380.29195,268.94175 c -0.31509,-5.57631 -0.3198,-15.71203 -0.0105,-22.52383 l 0.56244,-12.38509 11.63345,0 c 6.39839,0 15.61793,0.41634 20.48785,0.92521 l 8.85441,0.92522 -0.24177,20.4059 c -0.21664,18.28595 -0.52864,20.51885 -3.00317,21.49308 -1.51878,0.59795 -10.62482,1.13467 -20.23564,1.19272 l -17.47422,0.10554 -0.57289,-10.13875 z"
     id="path3999"
     inkscape:connector-curvature="0"
     transform="scale(0.8,0.8)" />
  <path
     style="fill:#999999;fill-opacity:1;stroke:#000000;stroke-width:1.50158894;stroke-miterlimit:4;stroke-opacity:1;stroke-dasharray:none"
     d="m 433.06944,278.00829 -5.26767,-0.56735 0,-20.75966 0,-20.75966 12.58457,-0.96733 c 6.92152,-0.53203 16.88039,-0.52721 22.13084,0.0107 9.33757,0.95666 9.56649,1.08584 10.47125,5.90864 0.50874,2.71183 0.69104,11.76756 0.40511,20.12385 -0.39182,11.45082 -1.07469,15.5435 -2.77226,16.61513 -2.14113,1.35165 -26.31147,1.60632 -37.55184,0.39566 z"
     id="path4001"
     inkscape:connector-curvature="0"
     transform="scale(0.8,0.8)" />
  <path
     style="fill:#999999;fill-opacity:1;stroke:#000000;stroke-width:1.50158894;stroke-miterlimit:4;stroke-opacity:1;stroke-dasharray:none"
     d="m 487.51415,278.02717 -6.38175,-0.62094 0,-21.6867 0,-21.6867 7.88334,0.008 c 4.33584,0.004 14.56327,0.45007 22.72763,0.99066 l 14.84429,0.98289 -0.76676,20.09402 c -0.42171,11.05171 -1.02021,20.31905 -1.32998,20.59408 -1.01891,0.90462 -30.45601,1.95939 -36.97677,1.32493 z"
     id="path4003"
     inkscape:connector-curvature="0"
     transform="scale(0.8,0.8)" />
  <path
     style="fill:#999999;fill-opacity:1;stroke:#000000;stroke-width:1.50158894;stroke-miterlimit:4;stroke-opacity:1;stroke-dasharray:none"
     d="m 537.06659,278.0798 c -3.31483,-0.69637 -3.37857,-1.11858 -3.37857,-22.37837 l 0,-21.6686 7.88334,0.008 c 4.33584,0.004 14.57112,0.45058 22.74507,0.9918 l 14.86173,0.98404 -0.97268,20.28136 c -0.53497,11.15474 -1.36466,20.67523 -1.84374,21.15663 -1.06988,1.07506 -34.61343,1.6089 -39.29515,0.62538 z"
     id="path4005"
     inkscape:connector-curvature="0"
     transform="scale(0.8,0.8)" />
  <path
     style="fill:#999999;fill-opacity:1;stroke:#000000;stroke-width:1.50158894;stroke-miterlimit:4;stroke-opacity:1;stroke-dasharray:none"
     d="m 344.4878,331.2819 c -9.49755,-0.78182 -17.43691,-1.58476 -17.64302,-1.78432 -0.20611,-0.19955 -0.8126,-9.49238 -1.34774,-20.65072 l -0.97299,-20.28789 7.18828,-0.98527 c 3.95355,-0.54189 13.44096,-0.98526 21.08314,-0.98526 11.2851,0 14.06605,0.44612 14.80631,2.3752 1.19769,3.12113 1.17691,33.46183 -0.0271,39.48159 -0.61817,3.09087 -1.77132,4.61835 -3.37857,4.47531 -1.34205,-0.11943 -10.21081,-0.85682 -19.70836,-1.63864 z"
     id="path4007"
     inkscape:connector-curvature="0"
     transform="scale(0.8,0.8)" />
  <path
     style="fill:#999999;fill-opacity:1;stroke:#000000;stroke-width:1.50158894;stroke-miterlimit:4;stroke-opacity:1;stroke-dasharray:none"
     d="m 379.02435,387.1949 0,-100.60646 16.89288,0.004 c 9.29108,0.002 30.5761,0.44728 47.30005,0.98913 l 30.40718,0.98518 -0.0165,15.15295 c -0.009,8.33413 -0.43821,17.70443 -0.95359,20.82289 l -0.93707,5.66994 -21.90165,-0.41437 -21.90165,-0.41438 -0.14606,-18.42146 c -0.0979,-12.3472 -0.75193,-19.02732 -1.9835,-20.25889 -3.5224,-3.52241 -4.77304,2.29588 -4.36498,20.30696 0.33191,14.65015 0.0158,17.77471 -1.85218,18.30908 -1.23881,0.35438 -9.34739,1.10542 -18.01906,1.66899 -8.67168,0.56357 -17.07097,1.70451 -18.66509,2.53543 -2.82522,1.47263 -2.82745,1.56265 -0.0884,3.56549 1.92245,1.40573 7.43133,2.05473 17.44114,2.05473 22.80802,0 21.72647,-1.1793 20.833,22.71588 l -0.75079,20.0794 -18.39447,1.29324 c -14.07385,0.98948 -18.39446,1.78306 -18.39446,3.37858 0,2.61335 -1.98479,2.22807 17.5621,3.40909 9.24621,0.55866 17.35479,1.55818 18.01906,2.22116 0.66427,0.66297 1.43944,10.9194 1.72261,22.79206 l 0.51484,21.58666 -3.51802,0.73504 c -1.93491,0.40427 -10.47806,1.00743 -18.98477,1.34035 -15.097,0.59083 -20.81408,2.31066 -16.57285,4.9855 1.1043,0.69646 9.44069,1.51337 18.5253,1.81537 9.08461,0.302 17.19319,1.19075 18.01907,1.975 0.82587,0.78425 1.83945,9.80839 2.25238,20.05363 0.89019,22.08623 3.06205,20.22607 -23.65002,20.25585 l -18.39447,0.0205 0,-100.60647 z"
     id="path4009"
     inkscape:connector-curvature="0"
     transform="scale(0.8,0.8)" />
  <path
     style="fill:#999999;fill-opacity:1;stroke:#000000;stroke-width:1.50158894;stroke-miterlimit:4;stroke-opacity:1;stroke-dasharray:none"
     d="m 429.53168,321.6662 c -0.52519,-3.8317 -0.95489,-11.64684 -0.95489,-17.36699 0,-5.72014 -0.75357,-11.80831 -1.6746,-13.52926 -1.59489,-2.98009 -1.39837,-3.08338 4.12937,-2.1702 3.19218,0.52735 13.74362,0.96625 23.44764,0.97534 l 17.64367,0.0165 0,12.55393 c 0,6.90466 -0.42971,15.68895 -0.9549,19.52065 l -0.9549,6.96673 -19.86324,0 -19.86325,0 -0.9549,-6.96673 z"
     id="path4011"
     inkscape:connector-curvature="0"
     transform="scale(0.8,0.8)" />
  <path
     style="fill:#999999;fill-opacity:1;stroke:#000000;stroke-width:1.50158894;stroke-miterlimit:4;stroke-opacity:1;stroke-dasharray:none"
     d="m 480.92162,328.25754 c -0.11592,-1.03235 -0.34621,-10.49236 -0.51174,-21.02225 l -0.30096,-19.14526 23.03557,0 23.03558,0 0,14.05552 c 0,7.73053 -0.4297,17.19054 -0.9549,21.02224 l -0.95489,6.96673 -21.56894,0 c -16.14168,0 -21.62197,-0.47229 -21.77972,-1.87698 z"
     id="path4013"
     inkscape:connector-curvature="0"
     transform="scale(0.8,0.8)" />
  <path
     style="fill:#999999;fill-opacity:1;stroke:#000000;stroke-width:1.50158894;stroke-miterlimit:4;stroke-opacity:1;stroke-dasharray:none"
     d="m 533.68802,309.33006 0,-20.80446 10.7619,-0.90224 c 5.91905,-0.49623 16.05477,-0.49408 22.52383,0.005 l 11.76194,0.90701 0,11.56988 c 0,6.36344 -0.43412,15.7233 -0.96471,20.79969 l -0.96471,9.2298 -21.55912,0 -21.55913,0 0,-20.80446 z"
     id="path4015"
     inkscape:connector-curvature="0"
     transform="scale(0.8,0.8)" />
  <path
     style="fill:#999999;fill-opacity:1;stroke:#000000;stroke-width:1.50158894;stroke-miterlimit:4;stroke-opacity:1;stroke-dasharray:none"
     d="m 480.64099,370.5454 c -0.51509,-6.6796 -0.52286,-16.10253 -0.0173,-20.93984 l 0.91927,-8.79512 8.0812,-1.00968 c 4.44466,-0.55532 14.488,-0.52934 22.31854,0.0577 l 14.23733,1.06742 0,11.6523 c 0,6.40877 -0.43412,15.80572 -0.9647,20.88211 l -0.96471,9.22981 -21.33657,0 -21.33657,0 -0.93653,-12.14474 z"
     id="path4017"
     inkscape:connector-curvature="0"
     transform="scale(0.8,0.8)" />
  <path
     style="fill:#999999;fill-opacity:1;stroke:#000000;stroke-width:1.50158894;stroke-miterlimit:4;stroke-opacity:1;stroke-dasharray:none"
     d="m 428.07626,438.74946 c -1.55126,-1.55126 -1.18032,-41.87804 0.42402,-46.09776 1.13042,-2.97323 2.83807,-3.96014 8.25874,-4.77302 8.25267,-1.23756 9.0438,-3.67793 1.2027,-3.70995 -3.09703,-0.0126 -6.3768,-0.51943 -7.28839,-1.12619 -0.9999,-0.66554 -1.9894,-9.22039 -2.49422,-21.56425 l -0.8368,-20.46105 6.83317,-0.93659 c 12.41425,-1.70156 34.17352,-1.08042 37.09941,1.05905 2.45278,1.79351 2.66471,3.93278 2.09249,21.1212 -0.70589,21.20325 -1.02873,21.86863 -10.62944,21.90783 -7.27758,0.0297 -7.27758,2.36695 0,3.58411 10.19683,1.70541 10.13572,1.55293 10.13572,25.29138 0,11.7979 -0.48558,22.63324 -1.07906,24.07852 -0.95449,2.32441 -3.48259,2.62778 -21.89818,2.62778 -11.4505,0 -21.26958,-0.45048 -21.82016,-1.00106 z m 34.28628,-9.51006 c 0,-3.34295 -0.69874,-3.80453 -6.38175,-4.21571 -3.50997,-0.25396 -6.38176,-0.95791 -6.38176,-1.56435 0,-0.60643 3.04072,-4.08684 6.75715,-7.73425 3.84252,-3.77114 6.75715,-8.01937 6.75715,-9.8489 0,-13.75435 -12.37006,-20.23754 -22.44247,-11.76217 -6.34552,5.3394 -8.28726,9.20046 -6.00806,11.94673 2.70901,3.26415 6.21078,2.60024 9.75956,-1.85036 2.11721,-2.65524 4.03562,-3.68414 5.68737,-3.05031 4.12165,1.58163 2.86857,5.26887 -4.58891,13.50315 -12.25773,13.53453 -12.8431,14.3611 -11.90382,16.80883 0.76264,1.9874 3.23742,2.31337 14.83047,1.95339 13.72646,-0.42623 13.91507,-0.48297 13.91507,-4.18605 z"
     id="path4019"
     inkscape:connector-curvature="0"
     transform="scale(0.8,0.8)" />
  <path
     style="fill:#999999;fill-opacity:1;stroke:#000000;stroke-width:1.50158894;stroke-miterlimit:4;stroke-opacity:1;stroke-dasharray:none"
     d="m 15.263071,424.35923 c -0.40127,-5.98759 -0.649587,-27.44154 -0.551816,-47.67545 l 0.177767,-36.78893 12.763506,-0.47597 c 7.019929,-0.26178 16.986726,-0.0391 22.148438,0.49492 l 9.384931,0.97088 0,20.90273 0,20.90273 -8.634137,0.009 c -4.748775,0.005 -14.238601,0.44525 -21.088503,0.97846 -10.291189,0.80108 -12.374668,1.38634 -11.995507,3.36958 0.379076,1.9828 3.829431,2.58765 19.84431,3.47876 13.036403,0.72537 19.813987,1.70896 20.693897,3.00317 0.719647,1.05849 0.912855,5.76807 0.429351,10.46572 -0.93722,9.10591 0.260991,22.02276 2.357596,25.41513 1.036961,1.67784 1.628399,1.70044 3.21063,0.12267 1.269991,-1.26641 2.198689,-8.0875 2.690308,-19.75974 0.412937,-9.80414 1.228041,-18.30233 1.811341,-18.88488 0.583301,-0.58255 10.143004,-0.57273 21.243783,0.0218 l 20.183234,1.081 0.52926,17.74866 c 0.29109,9.76176 0.93933,18.15859 1.44053,18.65962 0.5012,0.50103 2.02156,0.4849 3.37857,-0.0358 2.07106,-0.79474 2.46731,-3.46897 2.46731,-16.65154 0,-8.63761 0.69949,-17.01175 1.55442,-18.60921 1.41354,-2.64122 3.31078,-2.90446 20.93362,-2.90446 13.11473,0 19.72824,0.56474 20.45893,1.74702 0.59384,0.96086 1.34514,8.56266 1.66956,16.89288 0.71302,18.30862 1.37371,21.903 4.02602,21.903 2.74367,0 3.91306,-6.75509 3.91306,-22.60427 0,-17.87457 0.0781,-17.93863 21.8803,-17.93863 9.43855,0 17.6678,-0.16893 18.28721,-0.3754 0.6194,-0.20646 1.66873,7.05747 2.33181,16.14209 1.62876,22.3144 2.33669,26.2778 4.69364,26.2778 3.00363,0 3.81791,-4.99992 3.84057,-23.58198 l 0.0205,-16.82484 4.88016,-0.89223 c 2.68409,-0.49073 12.98875,-0.69028 22.89923,-0.44344 l 18.01907,0.4488 0.7508,20.14988 c 0.48255,12.9509 1.35308,20.34937 2.43659,20.70825 2.54278,0.84222 3.52443,-4.81898 3.56976,-20.58668 0.0643,-22.34199 -1.464,-20.776 20.80012,-21.31406 10.44559,-0.25244 19.42996,0.14526 19.96526,0.8838 0.5353,0.73853 1.4568,9.52283 2.04776,19.52066 0.59097,9.99783 2.29319,25.85286 3.13385,27.44697 1.94192,3.68238 -0.67708,7.75975 0.34125,-0.6219 0.6279,-5.16814 5.10657,-20.00888 5.52769,-27.87514 l 1.06071,-19.81337 12.65996,0.53182 c 14.76749,0.62036 23.05715,-0.60566 23.05715,-3.4101 0,-1.48245 -4.55079,-2.26302 -17.80568,-3.05414 l -17.80569,-1.06274 -0.91287,-11.83801 c -0.50209,-6.51091 -0.49868,-16.27365 0.008,-21.69498 l 0.92052,-9.85696 20.42589,0.41634 20.42589,0.41633 0.3965,47.67545 0.39648,47.67545 -176.28138,0 -176.281377,0 -0.729582,-10.88652 z"
     id="path4021"
     inkscape:connector-curvature="0"
     transform="scale(0.8,0.8)"
     sodipodi:nodetypes="cscssccccsssssssssscsscsssssssssssscsscssssssssscssscscccccccccc" />
  <path
     style="fill:#999999;fill-opacity:1;stroke:#000000;stroke-width:1.50158894;stroke-miterlimit:4;stroke-opacity:1;stroke-dasharray:none"
     d="m 219.00068,589.48081 c -1.7092,-1.00308 -34.99118,-33.58238 -73.95996,-72.39846 l -70.852322,-70.57468 5.138107,-0.86964 c 3.818108,-0.64622 104.007245,-0.61514 132.659185,0.0411 3.17752,0.0728 3.34496,0.5755 2.65154,7.96104 -0.40708,4.33583 -1.15087,13.81402 -1.65286,21.06263 l -0.91272,13.17929 -21.25948,-0.41579 -21.25948,-0.41578 0.49978,-15.76668 c 0.39861,-12.57503 0.0244,-16.37462 -1.84845,-18.76987 -1.96637,-2.51481 -2.57832,-2.6528 -3.76314,-0.8486 -2.22687,3.39101 -3.50642,18.47077 -2.35159,27.71377 l 1.05228,8.42218 -9.71307,0 c -12.92735,0 -28.17269,1.65395 -28.17269,3.05643 0,1.93261 3.8494,2.74512 17.54055,3.70238 21.6535,1.51396 19.99594,0.23738 20.01968,15.41823 0.0234,14.92705 0.97241,19.86745 3.81659,19.86745 2.65853,0 4.25724,-11.33137 3.29319,-23.34145 l -0.76436,-9.52234 7.70356,-0.93117 c 4.23696,-0.51214 13.78499,-0.71958 21.21786,-0.46098 l 13.5143,0.47019 1.27145,14.8088 c 0.69929,8.14484 0.83743,17.70302 0.30697,21.2404 -1.15263,7.68627 -2.38723,8.19797 -19.85008,8.22717 -6.74591,0.0113 -13.33413,0.43065 -14.64049,0.93195 -7.3338,2.81424 3.79184,6.57572 19.48625,6.58812 14.80729,0.0117 15.29567,0.59666 15.97232,19.13071 0.528,14.46257 2.39528,20.72711 5.31189,17.82083 0.63317,-0.63092 1.3783,-8.86338 1.65584,-18.29436 l 0.50462,-17.14722 23.1454,0 23.14542,0 0,21.02225 0,21.02225 -22.89924,-0.0532 c -15.16621,-0.0352 -23.94867,-0.6691 -26.00685,-1.87699 l 0,10e-6 z M 116.83642,474.91505 c 1.3725,-3.57668 1.05041,-19.10585 -0.44525,-21.46721 -2.597,-4.10016 -4.64966,0.11279 -4.64966,9.54312 0,9.82582 0.93953,14.29928 3.00318,14.29928 0.64915,0 1.59043,-1.06883 2.09173,-2.37519 z"
     id="path4023"
     inkscape:connector-curvature="0"
     transform="scale(0.8,0.8)" />
  <path
     style="fill:#999999;fill-opacity:1;stroke:#000000;stroke-width:1.50158894;stroke-miterlimit:4;stroke-opacity:1;stroke-dasharray:none"
     d="m 100.43645,469.73909 -22.443141,-22.48063 68.098621,0 68.09863,0 -0.85535,6.38176 c -0.47043,3.50996 -1.30279,12.29426 -1.84968,19.52065 l -0.99435,13.13891 -19.34306,0 -19.34305,0 -0.0221,-14.6405 c -0.0216,-14.3204 -1.71734,-21.24721 -5.50715,-22.4965 -3.66535,-1.20825 -5.62602,6.29886 -5.67942,21.74571 l -0.0532,15.39129 -9.76032,0.10961 c -13.26936,0.14904 -25.56477,2.02661 -26.84589,4.09951 -0.65602,1.06146 -9.5758,-6.82188 -23.50049,-20.76982 l 0,10e-6 z m 17.42053,5.84568 c 2.17888,-4.07127 1.15545,-21.66496 -1.40729,-24.19276 -3.27279,-3.22815 -6.20977,2.81139 -6.20977,12.76965 0,12.8463 3.80306,18.54965 7.61706,11.42311 l 0,0 z"
     id="path4025"
     inkscape:connector-curvature="0"
     transform="scale(0.8,0.8)" />
  <path
     style="fill:#999999;fill-opacity:1;stroke:#000000;stroke-width:1.50158894;stroke-miterlimit:4;stroke-opacity:1;stroke-dasharray:none"
     d="m 221.0676,467.90531 c -0.29072,-10.94283 0.0257,-20.57177 0.70304,-21.39764 1.48165,-1.80643 30.32638,-2.9376 39.56819,-1.55171 l 6.56794,0.98493 0,20.93024 0,20.93024 -23.1553,0 -23.1553,0 -0.52857,-19.89606 z"
     id="path4027"
     inkscape:connector-curvature="0"
     transform="scale(0.8,0.8)" />
  <path
     style="fill:#999999;fill-opacity:1;stroke:#000000;stroke-width:1.50158894;stroke-miterlimit:4;stroke-opacity:1;stroke-dasharray:none"
     d="m 273.59785,467.90531 c -0.33927,-10.94283 -0.0362,-20.57177 0.67353,-21.39764 1.39724,-1.62593 37.92761,-2.12495 41.68623,-0.56944 1.87907,0.77765 2.1767,4.32416 1.79573,21.39764 l -0.45666,20.4655 -21.54098,0 -21.54099,0 -0.61686,-19.89606 z"
     id="path4029"
     inkscape:connector-curvature="0"
     transform="scale(0.8,0.8)" />
  <path
     style="fill:#999999;fill-opacity:1;stroke:#000000;stroke-width:1.50158894;stroke-miterlimit:4;stroke-opacity:1;stroke-dasharray:none"
     d="m 325.89453,476.16405 c -2.1448,-28.14636 -2.05905,-29.40898 2.0758,-30.56231 4.82192,-1.34498 35.64991,-1.36524 40.44251,-0.0266 3.43067,0.95825 3.63591,1.61334 3.3639,10.73684 -0.15933,5.34398 -0.70033,14.61526 -1.20223,20.60285 l -0.91253,10.88652 -21.44034,0 -21.44033,0 -0.88678,-11.63732 z"
     id="path4031"
     inkscape:connector-curvature="0"
     transform="scale(0.8,0.8)" />
  <path
     style="fill:#999999;fill-opacity:1;stroke:#000000;stroke-width:1.50158894;stroke-miterlimit:4;stroke-opacity:1;stroke-dasharray:none"
     d="m 221.35751,520.37253 c 0,-13.68836 0.5953,-20.79858 1.88955,-22.56857 1.65877,-2.2685 4.45562,-2.53281 22.89923,-2.16399 l 21.00968,0.42014 0.41554,22.14843 0.41554,22.14844 -23.31477,0 -23.31477,0 0,-19.98445 z"
     id="path4033"
     inkscape:connector-curvature="0"
     transform="scale(0.8,0.8)" />
  <path
     style="fill:#999999;fill-opacity:1;stroke:#000000;stroke-width:1.50158894;stroke-miterlimit:4;stroke-opacity:1;stroke-dasharray:none"
     d="m 273.91312,522.52561 c 0,-9.80725 0.42232,-19.94298 0.93849,-22.52383 l 0.9385,-4.69247 20.08375,0 20.08375,0 0,22.52384 0,22.52383 -21.02224,0 -21.02225,0 0,-17.83137 z"
     id="path4035"
     inkscape:connector-curvature="0"
     transform="scale(0.8,0.8)" />
  <path
     style="fill:#999999;fill-opacity:1;stroke:#000000;stroke-width:1.50158894;stroke-miterlimit:4;stroke-opacity:1;stroke-dasharray:none"
     d="m 272.96848,584.36948 c 0.51955,-3.79056 0.94464,-13.21691 0.94464,-20.94745 l 0,-14.05552 20.81309,0 20.81309,0 0.9469,7.88335 c 0.52079,4.33583 0.95277,12.70998 0.95995,18.6092 0.01,8.09117 0.5607,10.93602 2.24253,11.5814 3.40301,1.30586 5.27699,-3.76739 5.29152,-14.3252 0.007,-5.21601 0.43431,-12.99024 0.94918,-17.27607 l 0.93614,-7.79243 21.19925,0.86606 c 11.65959,0.47633 21.40193,1.03226 21.64964,1.2354 0.24772,0.20314 0.63653,7.83862 0.86403,16.96774 0.38714,15.5356 1.8562,21.29187 5.43389,21.29187 0.61877,0 1.61138,-8.79384 2.2058,-19.54186 l 1.08078,-19.54186 46.78737,0.3966 46.78738,0.3966 0.7508,17.52531 c 0.41293,9.63892 1.29432,18.06578 1.95862,18.72637 2.12029,2.1084 4.00102,-2.97567 4.02474,-10.8798 0.012,-4.21469 0.45712,-11.81648 0.9877,-16.89287 l 0.9647,-9.22981 22.30993,0 22.30992,0 0.0206,17.64367 c 0.012,9.70402 0.42877,19.16714 0.92774,21.02914 l 0.90722,3.38547 -128.00584,-0.0817 -128.00585,-0.0817 0.94464,-6.89194 -7e-5,0 z m 153.66681,-3.0942 c 1.77632,-6.55561 1.39265,-25.55031 -0.55545,-27.4984 -3.66181,-3.66182 -5.011,0.36303 -5.011,14.94864 0,8.07236 0.45048,15.12749 1.00107,15.67807 1.96546,1.96546 3.46326,0.93912 4.56538,-3.12831 l 0,0 z"
     id="path4037"
     inkscape:connector-curvature="0"
     transform="scale(0.8,0.8)" />
  <path
     style="fill:#999999;fill-opacity:1;stroke:#000000;stroke-width:1.50158894;stroke-miterlimit:4;stroke-opacity:1;stroke-dasharray:none"
     d="m 332.09969,539.25325 -7.13254,-0.56241 0,-8.69657 c 0,-4.78312 0.43751,-14.8603 0.97225,-22.39374 l 0.97225,-13.69715 16.67142,0.78279 c 9.16928,0.43054 18.86749,1.11535 21.55158,1.52181 l 4.88017,0.739 0,20.75774 0,20.75773 -5.63096,0.93074 c -5.70773,0.94343 -19.29152,0.88455 -32.28417,-0.13993 l 0,-10e-6 z"
     id="path4039"
     inkscape:connector-curvature="0"
     transform="scale(0.8,0.8)" />
  <path
     style="fill:#999999;fill-opacity:1;stroke:#000000;stroke-width:1.50158894;stroke-miterlimit:4;stroke-opacity:1;stroke-dasharray:none"
     d="m 379.35961,518.20854 0.41554,-22.14843 15.04397,-0.4241 c 8.27418,-0.23325 17.60886,0.10881 20.74372,0.76014 l 5.69976,1.18423 0.007,20.26211 0.007,20.26211 -7.98722,0.97769 c -4.39297,0.53773 -13.91779,1.04451 -21.16626,1.12619 l -13.17916,0.1485 0.41554,-22.14844 z"
     id="path4041"
     inkscape:connector-curvature="0"
     transform="scale(0.8,0.8)" />
  <path
     style="fill:#999999;fill-opacity:1;stroke:#000000;stroke-width:1.50158894;stroke-miterlimit:4;stroke-opacity:1;stroke-dasharray:none"
     d="m 437.34182,539.33999 -10.00482,-0.61585 0.0288,-20.91854 0.0288,-20.91854 4.93588,-0.92598 c 6.7441,-1.26519 37.75048,-0.1997 39.29573,1.35035 1.48101,1.48561 1.70134,39.33822 0.2375,40.80206 -1.2998,1.2998 -21.60902,2.02136 -34.52189,1.2265 z"
     id="path4043"
     inkscape:connector-curvature="0"
     transform="scale(0.8,0.8)" />
  <path
     style="fill:#999999;fill-opacity:1;stroke:#000000;stroke-width:1.50158894;stroke-miterlimit:4;stroke-opacity:1;stroke-dasharray:none"
     d="m 428.15386,467.15452 c 0.45492,-11.35577 1.13876,-20.98471 1.51964,-21.39765 1.28996,-1.3985 39.80509,-0.24173 41.28684,1.24002 1.78958,1.78957 3.46835,31.38936 2.09143,36.87547 l -0.98612,3.92901 -22.36946,0 -22.36946,0 0.82713,-20.64685 z"
     id="path4045"
     inkscape:connector-curvature="0"
     transform="scale(0.8,0.8)" />
  <path
     style="fill:#999999;fill-opacity:1;stroke:#000000;stroke-width:1.50158894;stroke-miterlimit:4;stroke-opacity:1;stroke-dasharray:none"
     d="m 490.59643,539.16289 c -7.73164,-0.37113 -9.46534,-0.94927 -10.24877,-3.41765 -0.51862,-1.63402 -0.46271,-11.40057 0.12425,-21.70344 l 1.0672,-18.73249 21.44157,0 21.44157,0 1.07011,11.41966 c 0.86409,9.22112 0.008,30.55182 -1.26443,31.49926 -0.85254,0.63487 -25.56772,1.32174 -33.6315,0.93466 z"
     id="path4047"
     inkscape:connector-curvature="0"
     transform="scale(0.8,0.8)" />
  <path
     style="fill:#999999;fill-opacity:1;stroke:#000000;stroke-width:1.50158894;stroke-miterlimit:4;stroke-opacity:1;stroke-dasharray:none"
     d="m 706.74615,540.73688 -18.39447,-0.47233 0.0135,-14.59428 c 0.007,-8.02685 0.43868,-18.14178 0.95948,-22.47762 l 0.9469,-7.88334 16.87142,0 c 9.27928,0 18.98303,0.42232 21.56389,0.93849 l 4.69246,0.9385 0.023,14.45279 c 0.0306,19.23601 3.3169,24.82172 6.1087,10.38295 1.77734,-9.19209 1.65197,-19.83001 -0.25617,-21.73816 -2.77534,-2.77535 1.07674,-3.83344 18.09779,-4.97109 15.15062,-1.01263 23.21451,-3.00832 20.05234,-4.96265 -0.77422,-0.47849 -6.7735,-1.27683 -13.33173,-1.77409 -6.55822,-0.49726 -14.62691,-1.22892 -17.9304,-1.62591 l -6.00636,-0.72179 0,-15.65589 c 0,-10.40976 -0.62058,-16.27647 -1.85195,-17.50785 -3.26221,-3.2622 -4.14328,0.0642 -4.65901,17.58954 l -0.50463,17.14722 -22.39461,0 -22.39462,0 0,-18.0662 c 0,-15.17982 -0.38406,-18.21357 -2.40392,-18.98867 -3.80189,-1.45892 -5.05632,2.36027 -5.08103,15.46952 -0.012,6.71023 -0.44532,14.31202 -0.96149,16.89288 l -0.93849,4.69247 -20.64947,0 -20.64947,0 -0.64085,-17.97432 c -0.35247,-9.88587 -1.12273,-18.45619 -1.71169,-19.04515 -0.58897,-0.58896 -1.90423,-0.23779 -2.92281,0.78039 -1.21876,1.21827 -1.92614,7.60161 -2.06894,18.66975 l -0.21698,16.81853 -22.47806,0.41341 -22.47806,0.41341 -0.72533,-18.82848 c -0.39893,-10.35567 -1.12157,-19.22473 -1.60587,-19.70903 -2.9268,-2.9268 -4.08353,2.67634 -4.08353,19.78024 l 0,18.68125 -22.30128,0 -22.30127,0 -0.96436,-12.38811 c -0.53039,-6.81346 -0.9684,-16.19675 -0.97335,-20.85175 l -0.009,-8.46364 6.38175,-0.7797 c 3.50996,-0.42884 69.87055,-0.89038 147.46798,-1.02566 77.59741,-0.13527 141.62141,-0.57672 142.27555,-0.981 0.65414,-0.40428 1.18934,0.0355 1.18934,0.97717 0,2.06672 -78.50031,81.49007 -89.8576,90.91418 -4.8513,4.02555 -9.30171,6.52741 -11.26191,6.33103 -1.78251,-0.17857 -11.51844,-0.53722 -21.63539,-0.79701 z m 82.74979,-66.07442 c 1.18286,-7.15623 1.18696,-16.65771 0.009,-21.05389 -0.72237,-2.69616 -1.34691,-3.05068 -2.98267,-1.69312 -2.13894,1.77516 -3.00333,21.19272 -1.15753,26.00278 1.52143,3.96478 3.14975,2.68149 4.13111,-3.25577 l 8e-5,0 z"
     id="path4049"
     inkscape:connector-curvature="0"
     transform="scale(0.8,0.8)" />
  <path
     style="fill:#999999;fill-opacity:1;stroke:#000000;stroke-width:1.50158894;stroke-miterlimit:4;stroke-opacity:1;stroke-dasharray:none"
     d="m 538.56818,539.36805 -4.88016,-0.70294 0,-20.85906 0,-20.85907 5.1149,-0.95956 c 6.36712,-1.19448 36.31079,-0.3043 37.73193,1.12172 1.38302,1.38775 1.7533,39.65234 0.39704,41.03044 -1.25177,1.27193 -31.36705,2.23628 -38.36371,1.22847 z"
     id="path4057"
     inkscape:connector-curvature="0"
     transform="scale(0.8,0.8)" />
  <path
     style="fill:#999999;fill-opacity:1;stroke:#000000;stroke-width:1.50158894;stroke-miterlimit:4;stroke-opacity:1;stroke-dasharray:none"
     d="m 585.0773,518.20854 0.41554,-22.14843 19.95082,-0.41937 c 10.97295,-0.23065 20.97811,0.15554 22.23369,0.8582 1.84386,1.03188 2.33867,5.19258 2.57302,21.63569 l 0.29014,20.35812 -9.76033,0.92144 c -5.36818,0.50679 -15.6909,0.92624 -22.93938,0.93212 l -13.17904,0.0107 0.41554,-22.14844 z"
     id="path4059"
     inkscape:connector-curvature="0"
     transform="scale(0.8,0.8)" />
  <path
     style="fill:#999999;fill-opacity:1;stroke:#000000;stroke-width:1.50158894;stroke-miterlimit:4;stroke-opacity:1;stroke-dasharray:none"
     d="m 637.29766,519.63505 c 0,-14.11493 0.57452,-21.29645 1.8019,-22.52383 2.08435,-2.08435 35.27393,-2.52632 38.44987,-0.51202 2.72479,1.72816 3.88194,15.44053 2.60082,30.82016 l -1.07769,12.93762 -20.88745,0 -20.88745,0 0,-20.72193 z"
     id="path4061"
     inkscape:connector-curvature="0"
     transform="scale(0.8,0.8)" />
  <path
     style="fill:#999999;fill-opacity:1;stroke:#000000;stroke-width:1.50158894;stroke-miterlimit:4;stroke-opacity:1;stroke-dasharray:none"
     d="m 532.18643,579.61856 c 0,-6.48584 0.43411,-15.94585 0.9647,-21.02224 l 0.96471,-9.22981 22.30992,0 22.30993,0 0,17.93045 c 0,16.21851 1.19024,21.92274 3.99016,19.12282 0.43295,-0.43295 1.16392,-8.96411 1.62438,-18.95814 l 0.83719,-18.17095 22.67654,0.41331 22.67655,0.41331 -0.49645,14.26509 c -0.53655,15.41755 1.44878,24.42452 4.67301,21.20029 1.13271,-1.13271 2.01789,-8.27986 2.35993,-19.05461 l 0.54733,-17.24203 21.23431,0.41563 21.2343,0.41563 0.7508,16.397 c 0.78629,17.17233 2.77463,21.50907 5.83567,12.72815 0.91975,-2.63839 1.67227,-10.4092 1.67227,-17.26847 l 0,-12.47139 4.88017,-0.74304 c 8.86649,-1.34998 34.16114,-2.17518 34.16114,-1.11446 0,1.13226 -16.83018,17.7288 -34.18928,33.71468 l -10.91468,10.05123 -75.0513,0 -75.0513,0 0,-11.79245 z"
     id="path4063"
     inkscape:connector-curvature="0"
     transform="scale(0.8,0.8)" />
  <path
     style="fill:#999999;fill-opacity:1;stroke:#000000;stroke-width:1.50158894;stroke-miterlimit:4;stroke-opacity:1;stroke-dasharray:none"
     d="m 874.54872,279.2207 -30.78258,-0.891 0.0683,-6.38175 c 0.0375,-3.50997 0.20646,-12.80105 0.37539,-20.64685 l 0.30715,-14.26509 22.89923,-0.0192 c 20.22675,-0.0169 24.26405,-0.45505 34.59375,-3.75398 8.14176,-2.60018 15.09847,-3.7348 22.89923,-3.7348 6.16259,0 11.20471,-0.62709 11.20471,-1.39354 0,-2.37583 -15.27444,-3.41145 -25.52701,-1.73075 -5.36818,0.88001 -10.26711,1.60512 -10.88652,1.61136 -0.6194,0.006 -1.12619,-10.46224 -1.12619,-23.26329 l 0,-23.27463 5.77276,0 c 3.17502,0 13.02065,0.44347 21.87917,0.98548 l 16.1064,0.98548 -1.01749,10.85807 c -1.1706,12.49211 0.20048,23.20911 2.96927,23.20911 1.84844,0 3.84233,-14.85272 3.84233,-28.62195 l 0,-5.64501 13.1389,-0.97294 c 7.2264,-0.53512 14.09648,-1.10256 15.26686,-1.26099 3.77297,-0.51072 3.48648,-3.9799 -0.45234,-5.47744 -4.19235,-1.59393 -45.66137,-2.68265 -64.74235,-1.69974 l -12.01272,0.6188 -0.41554,-22.01644 -0.41553,-22.01645 19.33672,0 c 10.6352,0 21.50434,0.75563 24.15364,1.67918 5.54493,1.93297 41.73467,40.52972 43.14366,46.01318 1.06741,4.15414 -2.80333,8.97246 -27.94527,34.78646 -16.52874,16.97057 -17.96148,18.8752 -15.81379,21.02225 2.04787,2.04725 8.667,2.36095 49.81674,2.36095 l 47.455,0 -20.8562,20.05827 c -11.4709,11.03204 -22.2243,20.58639 -23.89648,21.23188 -4.25156,1.64117 -82.30501,2.71729 -119.33916,1.64534 z m 54.0572,-21.0018 c 0,-16.7062 -0.42778,-21.02574 -2.14764,-21.68571 -2.47894,-0.95126 -12.91287,6.17377 -16.46277,11.24196 -5.42101,7.73957 -0.73393,11.96071 6.12552,5.51659 l 3.47535,-3.26493 0,14.52684 0,14.52685 4.50477,0 4.50477,0 0,-20.8616 z m -32.82003,9.97508 c 0.46087,-10.46452 -0.56446,-25.96965 -1.80353,-27.27312 -3.27965,-3.45013 -6.32676,22.42811 -3.50631,29.77809 1.64732,4.29284 5.08181,2.67258 5.30984,-2.50497 l 0,0 z m 51.42924,2.50497 c 1.17182,-3.05371 1.14696,-21.36918 -0.035,-25.7796 -0.49798,-1.85822 -1.84018,-3.37858 -2.98267,-3.37858 -1.60241,0 -2.07256,2.83183 -2.05675,12.38811 0.0213,12.87588 1.00277,19.14526 2.99716,19.14526 0.64119,0 1.57595,-1.06884 2.07725,-2.37519 z m 52.16322,-7.50902 c 2.74525,-12.6792 0.24771,-23.95777 -4.63675,-20.93902 -1.68352,1.04048 -2.18146,19.96776 -0.63155,24.00673 1.37697,3.58837 4.18062,1.95582 5.2683,-3.06771 z M 947.37578,158.0662 c 0,-13.13354 -1.35931,-18.6256 -3.96499,-16.01992 -2.35307,2.35307 -3.35836,19.93938 -1.42408,24.91249 3.02703,7.78263 5.38907,3.885 5.38907,-8.89257 z"
     id="path4067"
     inkscape:connector-curvature="0"
     transform="scale(0.8,0.8)" />
  <path
     style="fill:#999999;fill-opacity:1;stroke:#000000;stroke-width:1.50158894;stroke-miterlimit:4;stroke-opacity:1;stroke-dasharray:none"
     d="m 818.59201,253.69057 -16.87036,-16.58546 17.46854,-0.0345 c 16.85983,-0.0334 17.50009,0.0832 18.37396,3.34402 1.50227,5.60572 1.05675,27.90937 -0.57768,28.91951 -0.83826,0.51807 -9.11577,-6.52151 -18.39446,-15.64352 l 0,0 z"
     id="path4069"
     inkscape:connector-curvature="0"
     transform="scale(0.8,0.8)" />
  <path
     style="fill:#ffffff;fill-opacity:1;stroke:#000000;stroke-width:1.50158894;stroke-miterlimit:4;stroke-opacity:1;stroke-dasharray:none"
     d="m 362.99939,123.01757 c -3.3035,-0.74661 -12.52848,-1.45732 -20.49996,-1.57937 l -14.49361,-0.22189 -0.95082,-7.14329 c -0.52296,-3.9288 -0.4921,-13.21988 0.0686,-20.646843 l 1.01938,-13.503568 19.90788,0 19.90787,0 1.03372,16.892876 c 0.56855,9.291085 0.80414,19.292875 0.52353,22.226215 l -0.51019,5.33334 -6.00636,-1.35747 z"
     id="path4071"
     inkscape:connector-curvature="0"
     transform="scale(0.8,0.8)" />
  <path
     style="fill:#ffffff;fill-opacity:1;stroke:#000000;stroke-width:1.50158894;stroke-miterlimit:4;stroke-opacity:1;stroke-dasharray:none"
     d="m 16.883129,362.77051 0,-21.57142 17.896258,0 c 9.84294,0 18.965093,0.41015 20.271451,0.91145 1.995921,0.76591 2.375194,4.00286 2.375194,20.27145 l 0,19.36 -13.889698,0.0654 c -7.639334,0.036 -16.761487,0.62095 -20.271451,1.29996 l -6.381754,1.23457 0,-21.57141 z"
     id="path4073"
     inkscape:connector-curvature="0"
     transform="scale(0.8,0.8)" />
  <path
     style="fill:#ffffff;fill-opacity:1;stroke:#000000;stroke-width:1.50158894;stroke-miterlimit:4;stroke-opacity:1;stroke-dasharray:none"
     d="m 16.883129,412.08973 0,-22.20787 12.388109,1.24129 c 6.81346,0.6827 15.766685,1.72302 19.896054,2.31182 l 7.507945,1.07053 0.750795,17.70027 c 0.573338,13.51665 1.283165,18.02897 3.003178,19.09096 4.294603,2.65161 6.083518,-2.00585 7.541624,-19.6347 0.780472,-9.43609 1.430035,-17.66332 1.443474,-18.28272 0.02901,-1.33713 25.440966,-1.48394 33.251812,-0.19209 l 5.44797,0.90104 1.06552,17.85229 c 1.0464,17.53215 1.12995,17.85229 4.65914,17.85229 4.33678,0 4.82169,-1.7805 5.52764,-20.29659 0.28391,-7.4467 1.03123,-14.37278 1.66071,-15.39129 1.33251,-2.15605 36.31087,-2.68882 37.61853,-0.57298 0.43471,0.70337 1.51523,8.98088 2.40115,18.39446 1.63706,17.39497 3.37603,21.91611 7.45876,19.39199 1.66006,-1.02632 2.42129,-5.73045 3.04125,-18.79386 0.56866,-11.98209 1.44054,-17.8041 2.79131,-18.63892 2.96436,-1.83207 33.84535,-3.09372 34.87675,-1.4249 0.48403,0.7832 1.68227,9.6217 2.66273,19.64112 0.98047,10.01942 2.5256,19.11232 3.43363,20.20643 1.36769,1.64797 -15.51472,1.98931 -98.38855,1.98931 l -100.039531,0 0,-22.20788 z"
     id="path4075"
     inkscape:connector-curvature="0"
     transform="scale(0.8,0.8)" />
  <path
     style="fill:#ffffff;fill-opacity:1;stroke:#000000;stroke-width:1.50158894;stroke-miterlimit:4;stroke-opacity:1;stroke-dasharray:none"
     d="m 219.59764,432.83015 c 1.74029,-1.09829 2.42308,-5.78725 3.00318,-20.62385 l 0.75079,-19.20239 21.1664,-0.41521 21.16641,-0.41522 0.88972,17.6955 c 0.95188,18.93188 1.79072,22.92704 4.81384,22.92704 2.81021,0 3.72496,-5.06331 3.74795,-20.74556 0.0113,-7.69363 0.68583,-15.23159 1.499,-16.75101 1.20268,-2.24724 4.07393,-2.95327 15.39129,-3.7847 8.35624,-0.61389 15.47493,-0.41864 17.82416,0.48888 3.61453,1.39631 3.98736,2.40328 4.91259,13.26834 0.55066,6.46655 1.41175,15.64273 1.91353,20.3915 l 0.91234,8.63414 -50.12179,-0.023 c -32.12538,-0.0147 -49.31306,-0.53338 -47.86941,-1.44447 z"
     id="path4079"
     inkscape:connector-curvature="0"
     transform="scale(0.8,0.8)" />
</svg>
