<?xml version="1.0" encoding="UTF-8" standalone="no"?>
<svg
   xmlns:dc="http://purl.org/dc/elements/1.1/"
   xmlns:cc="http://creativecommons.org/ns#"
   xmlns:rdf="http://www.w3.org/1999/02/22-rdf-syntax-ns#"
   xmlns:svg="http://www.w3.org/2000/svg"
   xmlns="http://www.w3.org/2000/svg"
   xmlns:sodipodi="http://sodipodi.sourceforge.net/DTD/sodipodi-0.dtd"
   xmlns:inkscape="http://www.inkscape.org/namespaces/inkscape"
   version="1.0"
   width="900.000000pt"
   height="558.000000pt"
   viewBox="0 0 900.000000 558.000000"
   preserveAspectRatio="xMidYMid meet"
   id="svg5033"
   inkscape:version="0.48.4 r9939"
   sodipodi:docname="8.svg">
  <defs
     id="defs5173" />
  <sodipodi:namedview
     pagecolor="#ffffff"
     bordercolor="#666666"
     borderopacity="1"
     objecttolerance="10"
     gridtolerance="10"
     guidetolerance="10"
     inkscape:pageopacity="0"
     inkscape:pageshadow="2"
     inkscape:window-width="1600"
     inkscape:window-height="824"
     id="namedview5171"
     showgrid="false"
     inkscape:zoom="0.33835125"
     inkscape:cx="778.59447"
     inkscape:cy="361.47897"
     inkscape:window-x="0"
     inkscape:window-y="24"
     inkscape:window-maximized="1"
     inkscape:current-layer="svg5033" />
  <metadata
     id="metadata5035">
Created by potrace 1.10, written by Peter Selinger 2001-2011
<rdf:RDF>
  <cc:Work
     rdf:about="">
    <dc:format>image/svg+xml</dc:format>
    <dc:type
       rdf:resource="http://purl.org/dc/dcmitype/StillImage" />
  </cc:Work>
</rdf:RDF>
</metadata>
  <g
     transform="translate(0.000000,558.000000) scale(0.100000,-0.100000)"
     fill="#000000"
     stroke="none"
     id="g5037">
    <path
       d="M106 5494 c-3 -9 -6 -1241 -6 -2739 0 -2266 2 -2724 13 -2734 20 -16 8734 -16 8754 0 11 10 13 464 13 2734 0 1498 -3 2730 -6 2739 -6 15 -401 16 -4384 16 -3983 0 -4378 -1 -4384 -16z m8709 -2739 l0 -2690 -4325 0 -4325 0 -3 2680 c-1 1474 0 2686 3 2693 3 10 874 12 4327 10 l4323 -3 0 -2690z"
       id="path5039" />
    <path
       d="M465 5272 c-60 -13 -86 -103 -44 -156 16 -20 29 -26 61 -26 27 0 38 -4 35 -12 -2 -8 -23 -13 -52 -13 -57 0 -70 -18 -34 -46 33 -25 68 -23 104 6 29 24 30 27 30 112 0 76 -3 91 -21 109 -24 24 -50 32 -79 26z m49 -68 c19 -18 20 -28 6 -55 -15 -26 -48 -24 -61 5 -8 17 -8 29 0 45 14 25 34 27 55 5z"
       id="path5041" />
    <path
       d="M641 5249 c-22 -18 -24 -27 -24 -111 0 -87 1 -92 27 -115 35 -30 64 -29 98 2 31 29 42 75 36 146 -9 88 -78 128 -137 78z m75 -54 c12 -18 15 -38 11 -71 -6 -55 -20 -73 -45 -58 -12 8 -18 27 -20 68 -4 81 22 110 54 61z"
       id="path5043" />
    <path
       d="M936 5191 c-22 -23 -41 -31 -82 -37 -36 -4 -54 -11 -54 -20 0 -8 9 -14 19 -14 46 0 46 1 45 -228 l0 -217 -29 -5 c-32 -5 -37 -23 -8 -28 10 -2 22 -8 27 -12 5 -5 9 -106 10 -226 l1 -217 -28 -21 -27 -20 26 -11 26 -10 1 -220 1 -220 -32 -3 c-35 -4 -46 -32 -13 -32 46 0 46 1 45 -228 l0 -217 -29 -5 c-33 -6 -38 -23 -9 -28 10 -2 23 -7 27 -12 5 -4 9 -106 10 -225 l2 -218 -28 -21 -27 -20 25 -10 26 -11 2 -220 2 -220 -33 -3 c-40 -4 -38 -23 4 -34 l29 -7 -1 -207 c-1 -181 -3 -208 -18 -216 -20 -11 -21 -27 0 -42 14 -11 16 -43 17 -232 l1 -219 -29 -5 c-37 -6 -37 -24 -1 -30 l29 -5 0 -220 1 -220 -29 -5 c-32 -5 -36 -23 -8 -29 28 -5 41 -20 36 -40 -2 -9 3 -23 11 -30 23 -19 48 3 40 34 -4 17 -1 24 13 28 10 3 288 4 618 3 l600 -2 3 -38 c3 -29 7 -36 20 -34 10 2 18 15 20 33 2 16 8 33 14 36 5 3 285 5 621 5 l612 -2 3 -34 c2 -19 7 -39 12 -44 9 -9 32 27 29 47 -1 6 -1 17 0 23 1 8 181 11 639 10 l637 -1 1 -25 c2 -53 4 -60 18 -60 10 0 16 14 18 43 l3 42 610 0 c336 1 616 -1 623 -3 6 -2 12 -16 12 -31 0 -14 4 -32 9 -40 15 -23 31 -2 31 39 0 24 6 44 16 52 9 7 29 26 45 41 l28 28 0 2200 0 2200 -1217 -5 c-669 -2 -1226 -4 -1237 -4 -11 0 -634 2 -1385 4 l-1366 4 -28 -29z m2774 -14 c0 -7 -9 -18 -21 -25 -20 -13 -21 -20 -18 -213 l3 -200 -1347 1 c-1345 0 -1347 0 -1367 -20 -12 -12 -25 -18 -30 -15 -12 8 -13 415 -1 433 5 8 17 12 27 10 18 -3 19 -17 25 -183 3 -99 7 -182 8 -185 9 -14 19 111 20 243 l1 147 1293 1 c710 0 1310 4 1332 8 60 13 75 12 75 -2z m1432 -7 c520 0 953 -3 962 -6 14 -5 16 -30 17 -163 0 -86 4 -178 8 -204 4 -26 5 -50 1 -52 -4 -2 -463 -5 -1021 -5 l-1014 -1 0 209 c0 238 2 245 63 231 20 -5 463 -9 984 -9z m-1146 -8 c-5 -8 -66 -4 -66 4 0 2 16 4 36 4 19 0 33 -4 30 -8z m-42 -59 c2 -10 3 -628 2 -1373 -2 -745 -4 -1714 -4 -2152 l-2 -797 -111 -3 c-61 -2 -113 0 -115 4 -6 10 -5 4319 2 4329 3 5 54 9 114 9 95 0 109 -2 114 -17z m-282 -626 l-1 -218 -1344 0 c-1335 1 -1344 1 -1362 -19 -42 -46 -45 -32 -45 186 0 213 5 244 40 244 11 0 20 4 20 10 0 7 456 11 1333 13 732 1 1338 2 1346 2 11 0 13 -40 13 -218z m2454 209 c7 -3 8 -22 3 -58 -10 -70 -10 -250 0 -311 4 -26 5 -50 1 -52 -3 -2 -463 -5 -1021 -6 l-1014 -1 -3 208 c-1 115 -1 213 2 219 3 9 2005 11 2032 1z m-31 -481 l30 -5 -1 -210 c-1 -116 -4 -213 -6 -215 -2 -3 -423 -5 -934 -5 -511 -1 -960 -5 -999 -10 -47 -6 -74 -5 -82 2 -16 13 -19 444 -3 450 16 5 1963 -1 1995 -7z m-2424 -7 c3 -67 -1 -430 -5 -436 -3 -5 -33 -5 -68 -1 -35 5 -636 8 -1337 8 -1251 1 -1274 0 -1298 -19 -14 -11 -29 -17 -34 -14 -11 6 -12 414 -1 430 4 6 21 18 37 26 27 14 181 16 1368 17 1063 1 1337 -2 1338 -11z m1 -711 l0 -218 -1350 1 c-1193 0 -1352 -1 -1365 -15 -9 -8 -20 -15 -26 -15 -11 0 -21 414 -11 430 3 5 19 16 35 24 27 14 175 16 1373 13 l1343 -2 1 -218z m2420 217 l37 -6 -6 -152 c-3 -83 -1 -177 5 -209 5 -32 6 -60 2 -62 -4 -2 -463 -5 -1021 -5 l-1014 -1 -3 220 -2 221 982 0 c541 0 1000 -3 1020 -6z m-2420 -684 c-1 -113 -1 -207 -2 -210 0 -7 -278 -3 -297 4 -13 5 -14 28 -12 152 3 105 0 147 -8 152 -7 4 -72 9 -145 10 l-133 3 -54 -41 c-29 -22 -57 -40 -62 -40 -5 0 -9 -54 -9 -119 l0 -120 -422 -3 c-233 -2 -425 -1 -428 0 -3 2 -5 52 -5 110 l0 107 -161 3 -161 2 -39 -30 c-77 -61 -74 -55 -74 -125 l0 -65 -335 0 -335 1 -28 -31 c-16 -17 -31 -27 -35 -24 -4 4 -7 103 -7 220 l0 212 25 16 c22 14 151 16 1362 19 736 1 1344 2 1352 2 11 0 13 -37 13 -205z m2454 196 c8 -3 8 -21 2 -63 -6 -32 -8 -120 -5 -195 7 -158 16 -143 -96 -151 -70 -5 -82 6 -74 68 4 24 3 46 -1 49 -4 2 -75 6 -157 7 -148 3 -150 3 -188 -23 -21 -15 -47 -30 -57 -33 -10 -3 -23 -19 -29 -35 l-10 -30 -413 -2 c-227 -2 -421 1 -432 5 -16 8 -18 19 -15 110 l4 102 -149 3 c-145 2 -150 2 -175 -21 -14 -13 -38 -31 -53 -40 -25 -15 -27 -23 -30 -84 l-3 -68 -69 -7 c-39 -4 -74 -5 -78 -2 -8 5 -12 407 -4 415 5 5 2017 0 2032 -5z m-2847 -135 c32 -20 -3 -31 -97 -30 -163 1 -180 26 -22 32 47 2 90 4 95 5 6 1 16 -2 24 -7z m-21 -1183 l-3 -1123 -130 1 -130 0 -3 1110 c-1 610 0 1115 3 1122 3 9 40 12 135 12 l130 0 -2 -1122z m53 1081 c-9 -23 -10 -22 -10 11 -1 23 2 31 9 24 7 -7 7 -19 1 -35z m-1308 -4 c-3 -11 -196 -20 -220 -10 -8 2 -11 10 -8 15 9 14 231 9 228 -5z m2567 0 c0 -17 -2 -17 -113 -15 -84 1 -110 7 -101 21 3 5 52 9 110 9 86 0 104 -3 104 -15z m-2520 -1084 c0 -921 -2 -1060 -15 -1064 -12 -5 -15 126 -17 1041 -3 1000 -1 1082 24 1082 5 0 8 -477 8 -1059z m-85 -41 l0 -1074 -130 0 -130 0 -2 1069 c-1 672 2 1072 8 1075 5 4 64 6 132 5 l122 -1 0 -1074z m2550 0 l0 -1075 -102 -1 c-56 0 -107 2 -113 6 -8 5 -9 267 -5 901 3 492 5 967 4 1057 -1 105 3 167 10 176 8 9 39 13 108 12 l98 -1 0 -1075z m85 1023 c1 -63 1 -1454 0 -1825 0 -191 -2 -228 -14 -228 -13 0 -15 146 -14 1048 0 576 2 1050 5 1055 13 22 23 0 23 -50z m1260 12 c0 -12 -17 -15 -94 -15 -87 0 -116 7 -99 24 3 3 48 6 100 6 76 0 93 -3 93 -15z m-30 -62 c3 -268 -1 -2036 -4 -2041 -2 -4 -62 -7 -133 -6 l-128 0 -1 1010 c0 555 1 1017 3 1026 4 15 20 18 106 21 56 1 114 4 130 5 20 1 27 -3 27 -15z m71 -203 l-6 -195 -7 198 c-5 110 -5 204 -2 209 16 26 20 -31 15 -212z m-2594 138 c-2 -13 -4 -5 -4 17 -1 22 1 32 4 23 2 -10 2 -28 0 -40z m-355 -21 c5 -11 5 -24 -2 -37 -9 -17 -21 -20 -89 -20 -70 0 -82 -3 -125 -31 -25 -17 -51 -40 -57 -52 -8 -13 -10 -67 -7 -154 3 -73 1 -133 -4 -133 -4 -1 -135 -1 -290 -1 l-282 -1 1 215 c0 118 3 218 6 223 3 5 193 9 422 8 377 -1 418 -2 427 -17z m718 13 c0 -3 1 -103 2 -224 l1 -219 -144 1 c-79 1 -150 1 -156 2 -20 0 -18 426 1 437 16 9 296 11 296 3z m568 -6 c15 -4 17 -239 2 -249 -5 -3 -38 -8 -73 -12 -49 -4 -66 -2 -73 8 -9 14 -6 247 2 261 5 7 114 1 142 -8z m872 6 l399 0 3 -187 c2 -104 -1 -194 -6 -200 -5 -8 -32 -13 -68 -13 -46 0 -67 -5 -91 -22 -30 -21 -36 -22 -346 -20 -174 1 -324 2 -333 2 -17 0 -18 17 -18 215 0 193 2 215 18 224 9 6 23 8 30 6 8 -3 193 -5 412 -5z m996 -5 c20 -4 21 -10 20 -177 -1 -95 1 -191 4 -213 l5 -40 -80 -6 c-44 -3 -85 -4 -90 -2 -11 4 -13 422 -2 440 7 11 85 9 143 -2z m-4444 -205 c0 -115 1 -216 2 -222 1 -10 -71 -12 -339 -9 -336 3 -340 3 -359 -18 -43 -48 -46 -35 -46 194 l0 215 38 24 37 25 333 0 332 1 2 -210z m1261 18 c14 -12 14 -19 3 -63 -10 -39 -14 -231 -15 -850 -1 -551 -5 -803 -13 -812 -6 -7 -22 -13 -37 -13 l-26 -1 25 -14 c23 -13 21 -14 -46 -15 -67 0 -72 1 -78 24 -8 32 -9 1733 -1 1746 9 15 168 13 188 -2z m2978 -448 l-5 -175 -8 190 c-5 105 -5 210 -1 235 l7 45 6 -60 c3 -33 3 -139 1 -235z m-1712 273 l54 -6 -7 -59 c-3 -32 -6 -389 -6 -793 l0 -735 -35 0 c-34 0 -47 13 -22 23 6 3 2 6 -10 6 -14 1 -23 -5 -23 -14 0 -12 -13 -15 -55 -15 -30 0 -56 1 -57 3 -1 1 -5 358 -8 792 -3 521 -2 792 5 797 12 9 92 10 164 1z m-869 -98 c0 -8 -4 -17 -10 -20 -6 -4 -10 5 -10 20 0 15 4 24 10 20 6 -3 10 -12 10 -20z m-1875 -25 c3 -6 -5 -14 -18 -19 -13 -5 -27 -18 -31 -28 -4 -10 -6 -101 -5 -203 l3 -185 -203 1 c-200 0 -204 0 -227 -23 -13 -13 -28 -23 -34 -23 -6 0 -11 68 -11 200 -1 110 -2 205 -3 212 -1 7 17 24 39 40 39 27 43 27 210 30 94 2 193 5 222 6 28 1 55 -3 58 -8z m1223 1 c17 -1 16 -95 -2 -110 -9 -8 -41 -9 -97 -5 -83 6 -85 6 -122 -24 -21 -17 -43 -33 -50 -35 -8 -3 -12 -42 -12 -132 l0 -129 -144 -1 -144 0 1 215 c0 118 1 217 1 220 1 4 514 5 569 1z m1004 -217 l0 -218 -147 -1 c-80 0 -151 2 -156 6 -13 8 -13 420 0 428 5 3 75 5 156 5 l147 -2 0 -218z m1593 -5 c0 -218 -1 -224 -20 -222 -11 1 -147 4 -303 7 -156 2 -286 6 -288 9 -2 2 -6 99 -7 215 -2 177 0 212 12 214 8 2 148 2 310 2 l296 -1 0 -224z m861 216 c8 -2 9 -19 3 -52 -10 -62 -10 -254 0 -316 4 -26 5 -49 2 -51 -3 -2 -44 -6 -90 -8 l-85 -3 0 218 c-1 120 1 221 3 223 5 5 147 -5 167 -11z m-636 -33 c3 -4 4 -321 2 -704 -3 -636 -5 -698 -20 -698 -13 0 -13 -2 4 -15 18 -14 17 -14 -13 -15 -33 0 -45 14 -20 23 6 3 0 6 -15 6 -20 1 -26 -3 -22 -14 5 -12 -3 -15 -38 -15 l-45 0 -6 78 c-4 42 -7 364 -7 715 l0 638 23 9 c23 10 148 3 157 -8z m-3857 -51 c22 -9 23 -12 16 -70 -3 -33 -7 -329 -8 -657 -1 -421 -5 -601 -12 -611 -6 -7 -28 -14 -48 -15 l-36 -1 35 -4 c19 -3 39 -9 44 -14 6 -5 -25 -9 -81 -9 -86 0 -91 1 -97 23 -8 30 -8 1352 1 1360 10 10 158 8 186 -2z m1022 -60 c8 -14 -13 -24 -33 -16 -14 5 -14 7 -2 15 19 12 27 12 35 1z m12 -85 c4 -6 7 -289 5 -628 l-3 -618 -119 0 -120 0 0 623 c0 343 2 626 5 629 11 10 224 6 232 -6z m3234 -291 c-3 -55 -6 -64 -11 -40 -10 41 -11 164 -2 195 10 35 18 -63 13 -155z m-2589 53 c-9 -9 -12 -4 -11 23 0 32 1 33 11 11 8 -17 8 -26 0 -34z m-2157 -8 c3 -6 -4 -14 -17 -19 -13 -5 -32 -19 -43 -31 -18 -20 -20 -37 -21 -200 -1 -98 -5 -183 -8 -189 -5 -7 -20 -9 -41 -5 -27 5 -39 1 -61 -19 -15 -14 -31 -24 -36 -21 -4 3 -8 99 -8 214 l0 209 28 20 c15 12 32 25 38 30 11 9 51 15 131 19 17 1 35 -3 38 -8z m1227 -217 c-1 -120 -1 -220 -2 -223 0 -7 -280 -7 -280 0 -5 52 -3 441 2 443 5 1 70 1 145 0 l137 -2 -2 -218z m1289 212 c0 -11 0 -426 -1 -435 0 -4 -237 -5 -297 -1 -10 1 -13 52 -13 220 0 198 2 220 17 223 42 8 293 2 294 -7z m1354 3 c4 -4 -7 -13 -23 -22 -16 -8 -33 -23 -36 -33 -4 -10 -7 -97 -6 -193 1 -96 1 -179 1 -185 -1 -8 -217 -12 -298 -6 -10 1 -13 52 -13 220 0 201 1 220 17 223 33 6 352 2 358 -4z m240 -80 c3 -51 5 -279 3 -507 l-3 -414 -129 1 c-71 1 -129 3 -130 4 0 2 0 209 2 461 l3 457 102 0 c106 0 142 9 120 31 -7 7 -42 12 -81 13 -62 0 -68 2 -54 15 8 8 29 14 46 13 17 -1 47 2 66 7 19 5 38 9 42 10 3 1 9 -41 13 -91z m799 82 l62 0 -1 -215 c0 -245 11 -219 -97 -229 -35 -3 -60 0 -64 6 -11 18 -10 438 1 442 6 3 16 3 23 0 8 -2 42 -4 76 -4z m-4686 -22 c-2 -19 -8 -22 -33 -20 -16 2 -57 4 -89 4 -57 1 -59 1 -40 17 14 11 45 17 93 19 70 2 72 2 69 -20z m4 -61 c10 -11 12 -101 10 -465 l-2 -453 -131 3 -130 3 1 450 c0 247 4 453 8 457 4 4 50 9 102 11 52 1 103 4 112 5 9 1 23 -4 30 -11z m4515 -179 c-2 -18 -4 -4 -4 32 0 36 2 50 4 33 2 -18 2 -48 0 -65z m1 -340 l-1 -233 -9 210 c-8 191 -6 255 7 255 3 0 4 -105 3 -232z m-2587 110 c-9 -32 -9 -31 -10 17 0 38 2 46 10 33 6 -11 6 -29 0 -50z m-933 -13 c3 -2 4 -105 3 -227 -1 -123 -2 -233 -2 -245 1 -24 -8 -26 -49 -13 l-25 8 28 1 c15 1 27 6 27 11 0 6 -44 10 -111 10 -71 0 -108 -4 -104 -10 3 -5 25 -10 48 -11 66 -1 15 -17 -57 -18 -46 -1 -56 2 -48 12 7 8 10 95 10 243 -1 127 2 235 5 240 5 9 266 9 275 -1z m1292 -226 c-1 -123 -2 -234 -2 -246 0 -13 -6 -23 -13 -23 -19 0 -28 17 -13 23 25 8 2 15 -62 18 -102 4 -170 0 -170 -11 0 -5 24 -10 53 -11 77 -1 29 -17 -53 -18 -65 -1 -65 -1 -41 18 20 15 21 19 7 24 -15 6 -16 30 -14 229 l3 223 145 5 c80 3 149 2 153 -1 5 -4 8 -107 7 -230z m2425 226 l30 -5 0 -215 0 -214 -48 -11 c-26 -5 -57 -10 -67 -10 -28 0 -25 -20 3 -21 16 -1 14 -3 -12 -10 -18 -6 -43 -8 -55 -6 l-21 4 23 8 c22 7 29 20 14 29 -9 5 -8 439 2 454 5 9 57 8 131 -3z m-5023 -217 c0 -119 -3 -222 -7 -228 -5 -8 -23 -10 -57 -6 -45 6 -50 5 -55 -14 -3 -11 -11 -19 -17 -17 -8 2 -12 72 -14 224 l-2 221 32 21 c23 15 46 20 77 19 l43 -3 0 -217z m3888 -3 c-1 -246 -3 -271 -16 -267 -5 2 -8 10 -6 18 2 11 -18 14 -118 14 -73 0 -120 -4 -120 -10 0 -5 26 -10 58 -11 82 -1 36 -16 -53 -17 -69 -1 -70 -1 -46 17 20 15 21 19 7 24 -14 6 -16 33 -16 225 0 120 3 222 7 226 4 3 74 5 156 4 l149 -3 -2 -220z m940 -175 c0 -27 -4 -50 -10 -50 -11 0 -14 59 -4 84 10 27 14 18 14 -34z m-4842 -95 c-3 -3 -19 -3 -34 1 l-29 8 25 6 c24 7 50 -4 38 -15z"
       id="path5045" />
    <path
       d="M987 4607 c-10 -26 -9 -295 2 -301 19 -12 28 193 13 279 -6 30 -9 36 -15 22z"
       id="path5047" />
    <path
       d="M987 4117 c-10 -26 -9 -295 2 -301 19 -12 28 215 12 289 -5 25 -8 27 -14 12z"
       id="path5049" />
    <path
       d="M987 3620 c-10 -35 -8 -282 2 -298 18 -29 28 198 13 283 -7 36 -8 38 -15 15z"
       id="path5051" />
    <path
       d="M987 3137 c-10 -26 -9 -275 2 -281 18 -11 27 199 12 269 -5 25 -8 27 -14 12z"
       id="path5053" />
    <path
       d="M987 2657 c-10 -26 -9 -279 2 -295 17 -28 27 191 13 273 -6 30 -9 36 -15 22z"
       id="path5055" />
    <path
       d="M987 2170 c-10 -36 -9 -288 2 -294 19 -12 28 193 13 279 -7 36 -8 38 -15 15z"
       id="path5057" />
    <path
       d="M984 1594 c-3 -25 -2 -74 3 -107 l10 -62 2 108 c0 59 -1 107 -3 107 -3 0 -8 -21 -12 -46z"
       id="path5059" />
    <path
       d="M986 1139 c-9 -45 -6 -190 4 -214 5 -13 9 29 9 113 1 72 -1 132 -3 132 -2 0 -6 -14 -10 -31z"
       id="path5061" />
    <path
       d="M445 4770 c-38 -25 -49 -55 -32 -90 12 -23 12 -30 0 -45 -42 -58 21 -136 95 -119 59 14 81 57 56 109 -12 26 -13 38 -4 55 17 31 3 74 -29 93 -37 22 -49 21 -86 -3z m78 -52 c6 -18 -11 -48 -27 -48 -20 0 -39 27 -32 45 7 18 52 20 59 3z m-8 -94 c19 -20 16 -43 -7 -58 -14 -8 -22 -6 -40 11 -21 22 -21 23 -3 43 22 24 29 25 50 4z"
       id="path5063" />
    <path
       d="M657 4772 c-35 -21 -42 -48 -41 -140 1 -61 5 -78 23 -95 28 -28 82 -26 112 4 21 21 23 33 24 107 0 82 -1 84 -33 113 -37 34 -47 35 -85 11z m63 -68 c15 -38 12 -97 -6 -122 -15 -22 -17 -22 -35 -6 -14 13 -19 31 -19 74 0 55 11 80 37 80 8 0 18 -12 23 -26z"
       id="path5065" />
    <path
       d="M394 4275 c-10 -25 6 -35 57 -35 54 0 58 -6 31 -41 -46 -60 -65 -155 -37 -179 24 -20 55 14 55 61 0 23 14 63 36 107 20 39 34 78 31 86 -9 22 -165 23 -173 1z"
       id="path5067" />
    <path
       d="M645 4273 c-25 -25 -35 -59 -35 -123 0 -76 11 -104 49 -119 42 -18 80 -3 103 40 28 49 20 159 -12 194 -28 29 -80 33 -105 8z m73 -58 c17 -37 15 -92 -4 -121 -16 -23 -18 -24 -35 -8 -14 12 -19 31 -19 66 0 81 34 117 58 63z"
       id="path5069" />
    <path
       d="M436 3771 c-26 -27 -29 -37 -30 -106 -1 -74 0 -77 32 -106 38 -34 63 -36 102 -9 65 47 36 149 -42 150 -21 0 -28 5 -28 20 0 28 25 36 54 17 17 -12 26 -13 35 -4 17 17 13 33 -14 51 -38 25 -77 20 -109 -13z m84 -126 c20 -25 8 -50 -25 -50 -31 0 -43 20 -31 51 7 18 40 18 56 -1z"
       id="path5071" />
    <path
       d="M640 3779 c-23 -20 -25 -27 -24 -112 1 -85 3 -92 28 -114 34 -29 63 -29 101 2 29 24 30 27 30 109 0 76 -3 87 -24 110 -30 32 -76 34 -111 5z m74 -51 c20 -28 21 -98 2 -124 -12 -15 -18 -17 -33 -8 -33 20 -27 154 7 154 5 0 16 -10 24 -22z"
       id="path5073" />
    <path
       d="M6608 3499 c-17 -9 -18 -57 -18 -768 l0 -759 23 -6 c29 -8 1981 -8 2001 0 14 6 16 82 16 765 0 739 0 759 -19 769 -27 14 -1979 13 -2003 -1z m1974 -756 c2 -395 2 -721 0 -725 -2 -5 -439 -8 -971 -8 l-969 0 0 725 0 725 969 0 969 0 2 -717z"
       id="path5075" />
    <path
       d="M7042 3358 c2 -15 13 -24 37 -31 l34 -8 -5 -92 c-3 -51 -3 -98 -1 -104 3 -7 18 -13 33 -13 l29 0 3 108 c3 106 3 107 28 110 30 5 50 20 50 38 0 11 -23 14 -106 14 -103 0 -105 -1 -102 -22z"
       id="path5077" />
    <path
       d="M8219 3308 c-12 -40 -25 -80 -29 -88 -19 -40 -40 -92 -40 -100 0 -6 13 -10 29 -10 23 0 33 7 43 28 10 21 21 28 51 30 35 3 39 0 50 -27 9 -26 17 -31 44 -31 38 0 40 7 13 57 -11 21 -20 43 -20 50 0 8 -4 21 -10 31 -5 9 -16 43 -25 75 -15 55 -17 57 -49 57 -34 0 -35 -1 -57 -72z m77 -52 c7 -31 -1 -46 -26 -46 -24 0 -31 30 -12 53 20 23 30 21 38 -7z"
       id="path5079" />
    <path
       d="M6728 3353 c-16 -4 -18 -19 -18 -127 0 -81 4 -126 12 -134 8 -8 53 -12 135 -12 110 0 123 2 124 18 3 49 -1 244 -6 252 -5 8 -214 11 -247 3z m212 -128 l0 -86 -82 3 -83 3 -6 75 c-3 41 -4 78 -1 83 2 4 41 7 88 7 l84 0 0 -85z"
       id="path5081" />
    <path
       d="M7366 3304 c-3 -9 -6 -42 -6 -74 0 -44 -4 -59 -16 -64 -29 -11 -46 14 -43 63 3 75 1 81 -26 81 -20 0 -25 -6 -31 -36 -9 -51 1 -122 21 -144 19 -21 69 -27 80 -10 4 6 13 5 24 -2 10 -6 26 -8 35 -5 13 5 16 22 16 95 0 86 -8 112 -36 112 -6 0 -15 -7 -18 -16z"
       id="path5083" />
    <path
       d="M7482 3308 c-8 -8 -12 -46 -12 -105 0 -93 0 -93 25 -93 24 0 25 2 25 64 0 67 13 91 47 84 15 -3 18 -14 18 -73 0 -69 0 -70 28 -73 17 -2 27 2 28 10 1 7 2 40 3 73 1 57 2 60 26 60 23 0 25 -3 26 -55 3 -92 2 -90 29 -90 28 0 28 0 29 85 1 57 2 60 26 60 24 0 25 -3 26 -60 1 -83 2 -85 23 -85 26 0 31 22 26 99 -4 69 -23 101 -60 101 -11 0 -26 -5 -33 -12 -8 -8 -18 -9 -35 -1 -12 6 -63 9 -114 7 -53 -2 -95 1 -98 6 -8 13 -18 13 -33 -2z"
       id="path5085" />
    <path
       d="M7906 3297 c-39 -32 -27 -51 26 -42 39 7 41 6 35 -15 -3 -13 -2 -31 3 -41 15 -26 -15 -48 -37 -26 -14 14 -14 18 -2 33 12 15 12 16 -1 11 -8 -4 -23 -10 -33 -13 -9 -4 -20 -18 -24 -32 -9 -39 26 -60 101 -58 l61 1 -1 79 c-1 75 -3 81 -30 103 -37 29 -61 29 -98 0z"
       id="path5087" />
    <path
       d="M7047 2893 c-4 -3 -7 -17 -7 -30 0 -19 5 -23 28 -23 15 0 32 -4 38 -10 5 -5 7 -45 3 -97 -6 -92 0 -113 32 -113 27 0 31 13 33 118 l1 97 35 5 c29 4 35 9 35 30 0 25 -1 25 -96 27 -53 2 -99 0 -102 -4z"
       id="path5089" />
    <path
       d="M8182 2888 c-8 -8 -12 -52 -12 -134 0 -102 3 -123 16 -128 24 -9 120 -7 147 3 32 13 53 62 37 91 -7 13 -9 41 -5 73 3 29 2 57 -2 63 -27 38 -153 60 -181 32z m126 -60 c32 -32 -17 -71 -63 -50 -42 19 -25 62 25 62 14 0 31 -5 38 -12z m-10 -104 c25 -7 30 -39 6 -48 -31 -12 -63 -6 -74 13 -16 30 19 48 68 35z"
       id="path5091" />
    <path
       d="M6714 2857 c-2 -7 -3 -67 -2 -133 l3 -119 133 -3 132 -3 0 136 0 135 -130 0 c-98 0 -132 -3 -136 -13z m184 -112 c-4 -27 -62 -33 -89 -9 -27 25 -14 35 42 32 43 -3 49 -6 47 -23z"
       id="path5093" />
    <path
       d="M7250 2805 c-8 -10 -11 -37 -8 -81 5 -85 21 -100 99 -97 30 1 60 2 67 3 10 0 12 22 10 93 -3 91 -3 92 -28 92 -23 0 -25 -4 -28 -50 -3 -71 -10 -95 -27 -95 -23 0 -38 39 -32 85 8 57 -23 86 -53 50z"
       id="path5095" />
    <path
       d="M7474 2808 c-3 -5 -6 -45 -6 -90 -1 -66 2 -82 16 -90 29 -16 44 6 38 60 -5 52 15 86 47 80 13 -3 16 -16 14 -70 -2 -59 0 -68 18 -73 34 -11 48 10 42 68 -6 64 14 101 42 77 14 -12 16 -25 12 -72 -6 -63 5 -81 41 -71 20 5 21 10 16 62 -6 65 6 92 33 75 14 -9 18 -25 18 -67 0 -60 12 -82 38 -71 14 5 16 18 13 81 -5 90 -23 118 -71 108 -16 -4 -50 -6 -75 -5 -149 6 -232 5 -236 -2z"
       id="path5097" />
    <path
       d="M7908 2809 c-22 -13 -24 -49 -2 -49 8 0 24 5 34 10 22 12 39 -5 21 -23 -8 -8 -7 -15 4 -27 19 -21 9 -50 -16 -50 -14 0 -19 7 -19 26 0 21 -4 25 -22 22 -31 -4 -48 -52 -27 -74 14 -13 86 -21 146 -15 9 1 11 23 7 79 -3 63 -8 80 -25 95 -23 19 -74 22 -101 6z"
       id="path5099" />
    <path
       d="M7037 2387 c-8 -21 5 -35 38 -39 l30 -3 0 -98 c0 -86 3 -100 19 -113 36 -26 46 -1 46 108 0 70 4 100 13 102 6 3 25 7 40 11 20 4 27 11 25 23 -3 14 -18 17 -104 20 -79 2 -103 0 -107 -11z"
       id="path5101" />
    <path
       d="M8230 2393 c-28 -11 -59 -53 -66 -89 -20 -108 51 -190 146 -169 38 8 80 52 80 82 0 34 -52 32 -70 -2 -9 -17 -22 -25 -41 -25 -68 0 -82 116 -18 150 17 9 26 7 55 -15 62 -48 101 -10 46 45 -25 24 -38 30 -74 29 -24 0 -50 -3 -58 -6z"
       id="path5103" />
    <path
       d="M6728 2379 c-16 -9 -18 -27 -18 -148 l0 -138 31 -7 c56 -11 224 -7 237 6 15 15 17 235 2 272 -9 26 -10 26 -122 26 -62 0 -121 -5 -130 -11z m214 -145 c2 -52 0 -98 -4 -102 -4 -4 -48 -6 -97 -4 l-91 3 0 93 c0 51 3 96 7 99 3 4 46 7 94 7 l88 0 3 -96z"
       id="path5105" />
    <path
       d="M7244 2305 c-11 -42 1 -134 19 -153 21 -20 132 -26 147 -6 6 7 10 48 8 96 -3 82 -3 83 -30 86 l-28 3 0 -71 c0 -75 -14 -96 -46 -69 -12 10 -15 28 -12 73 3 60 2 61 -24 64 -22 3 -29 -2 -34 -23z"
       id="path5107" />
    <path
       d="M7468 2244 c-3 -93 3 -114 32 -114 21 0 23 6 20 83 -1 41 2 48 22 56 42 15 51 4 45 -59 -7 -60 2 -80 35 -80 19 0 22 10 19 81 -3 49 16 76 45 65 12 -5 15 -18 14 -59 -4 -78 -2 -87 18 -87 31 0 41 19 35 74 -4 40 -2 55 11 65 13 11 19 11 32 0 11 -9 15 -27 12 -67 -2 -44 1 -57 15 -66 27 -17 37 9 33 87 -3 47 -10 74 -22 88 -19 22 -54 25 -72 7 -9 -9 -17 -10 -30 -2 -23 14 -163 16 -179 2 -10 -8 -17 -8 -25 0 -7 7 -22 12 -34 12 -21 0 -23 -5 -26 -86z"
       id="path5109" />
    <path
       d="M7897 2309 c-10 -11 -15 -24 -12 -29 8 -14 52 -13 61 1 11 19 24 -12 24 -58 0 -36 -3 -43 -19 -43 -25 0 -36 17 -21 35 7 9 8 15 1 20 -17 10 -50 -14 -57 -41 -10 -41 15 -57 90 -59 77 -1 77 -1 71 94 -3 47 -10 69 -24 83 -27 24 -90 23 -114 -3z"
       id="path5111" />
    <path
       d="M430 3300 c-6 -10 -13 -47 -17 -80 l-6 -62 54 4 c51 3 54 2 57 -21 6 -37 -21 -53 -59 -34 -32 16 -59 12 -59 -10 0 -22 34 -47 72 -54 29 -4 41 0 68 24 56 50 38 123 -34 141 -21 6 -31 14 -31 28 0 15 8 20 40 22 48 4 59 13 50 41 -5 18 -14 21 -65 21 -49 0 -61 -4 -70 -20z"
       id="path5113" />
    <path
       d="M658 3303 c-41 -26 -52 -62 -44 -146 8 -85 27 -111 81 -111 24 0 42 7 57 24 20 21 23 35 23 108 0 84 0 84 -35 113 -40 34 -46 34 -82 12z m62 -69 c15 -38 12 -97 -6 -122 -15 -22 -17 -22 -35 -6 -21 19 -27 101 -9 135 15 27 39 24 50 -7z"
       id="path5115" />
    <path
       d="M498 2842 c-18 -7 -58 -76 -58 -99 0 -6 -7 -16 -16 -21 -10 -6 -17 -24 -18 -48 -1 -39 -1 -39 42 -42 38 -3 43 -6 49 -33 4 -22 11 -29 29 -29 26 0 40 32 34 85 -1 16 -3 65 -3 108 1 42 -3 77 -7 77 -5 0 -14 2 -22 4 -7 3 -21 2 -30 -2z m2 -127 c0 -28 -17 -42 -33 -26 -7 7 -7 18 1 36 14 30 32 24 32 -10z"
       id="path5117" />
    <path
       d="M674 2842 c-46 -7 -59 -37 -58 -135 0 -87 1 -91 30 -113 38 -31 57 -30 96 5 32 29 33 32 33 109 0 70 -3 83 -23 105 -26 27 -45 34 -78 29z m42 -74 c11 -21 15 -46 11 -76 -6 -53 -20 -71 -45 -56 -25 16 -29 119 -6 145 9 11 19 19 20 19 2 0 11 -14 20 -32z"
       id="path5119" />
    <path
       d="M437 2342 c-28 -17 -44 -52 -32 -71 11 -18 42 -12 57 10 10 16 20 20 36 15 29 -10 28 -22 -5 -52 -27 -25 -27 -26 -8 -40 10 -8 23 -14 28 -14 4 0 7 -10 5 -22 -4 -30 -32 -34 -64 -9 -21 16 -30 18 -40 10 -36 -30 11 -83 73 -83 63 0 105 71 69 119 -11 15 -11 22 0 44 19 36 18 45 -12 80 -30 36 -64 40 -107 13z"
       id="path5121" />
    <path
       d="M645 2336 c-29 -24 -30 -26 -29 -115 0 -107 14 -131 74 -131 58 0 82 33 88 123 4 72 4 75 -28 110 -38 43 -63 46 -105 13z m75 -62 c13 -34 13 -77 -2 -109 -24 -53 -58 -22 -58 55 0 55 11 80 37 80 8 0 18 -12 23 -26z"
       id="path5123" />
    <path
       d="M421 1834 c-12 -15 -21 -38 -21 -51 0 -21 4 -24 28 -21 17 2 31 12 37 26 15 34 50 26 50 -12 0 -24 -10 -38 -52 -70 -55 -44 -68 -65 -58 -96 6 -17 15 -20 74 -20 44 0 74 5 87 15 19 15 19 15 -1 30 -11 9 -26 13 -34 10 -7 -3 -23 -3 -34 1 -17 5 -15 11 26 53 45 46 50 57 48 97 -3 63 -109 90 -150 38z"
       id="path5125" />
    <path
       d="M641 1841 c-37 -37 -40 -183 -5 -222 26 -29 85 -25 115 7 21 23 24 35 24 104 0 69 -3 81 -24 104 -30 32 -82 35 -110 7z m75 -48 c18 -24 17 -103 -2 -128 -25 -34 -48 -8 -52 59 -4 77 23 110 54 69z"
       id="path5127" />
    <path
       d="M483 1353 c-16 -17 -39 -33 -51 -37 -30 -10 -25 -38 8 -46 24 -6 25 -10 26 -76 1 -96 1 -94 34 -94 17 0 30 5 30 13 1 6 1 65 2 130 1 138 -7 155 -49 110z"
       id="path5129" />
    <path
       d="M676 1372 c-42 -9 -60 -39 -64 -107 -6 -93 3 -128 37 -148 41 -24 63 -21 97 14 27 28 29 36 29 109 0 68 -3 82 -23 103 -26 27 -47 35 -76 29z m44 -82 c14 -33 8 -106 -9 -123 -23 -23 -46 7 -49 61 -5 84 32 124 58 62z"
       id="path5131" />
    <path
       d="M641 861 c-32 -30 -37 -55 -33 -141 4 -62 11 -77 45 -93 38 -19 71 -13 101 17 18 18 21 33 21 104 0 82 -1 84 -33 113 -41 36 -62 37 -101 0z m79 -57 c13 -34 13 -77 -2 -109 -23 -51 -58 -22 -58 48 0 80 38 119 60 61z"
       id="path5133" />
    <path
       d="M1188 528 c-17 -14 -31 -86 -20 -105 12 -19 55 -25 75 -11 20 15 28 91 12 107 -19 17 -51 21 -67 9z"
       id="path5135" />
    <path
       d="M1485 533 c-27 -5 -73 -44 -76 -63 -4 -36 3 -49 37 -69 19 -12 48 -21 64 -21 28 0 60 -22 60 -41 0 -5 -12 -14 -27 -20 -28 -11 -46 -5 -89 26 -17 12 -23 13 -38 2 -24 -18 -11 -44 35 -67 48 -25 87 -25 119 0 32 25 62 25 85 0 23 -26 49 -25 86 1 23 16 27 24 19 34 -9 11 -17 11 -35 3 -29 -13 -55 -4 -55 18 0 14 7 16 44 11 28 -4 49 -2 60 6 17 12 17 15 1 48 -16 33 -59 69 -83 69 -5 0 -26 -16 -46 -36 l-37 -36 -52 13 c-84 20 -107 42 -68 66 14 9 26 7 60 -10 30 -15 44 -18 52 -10 33 33 -52 88 -116 76z m226 -124 c16 -8 18 -13 8 -25 -22 -27 -57 -10 -45 21 6 18 11 18 37 4z"
       id="path5137" />
    <path
       d="M2755 532 c-11 -2 -33 -13 -48 -24 -23 -17 -28 -26 -25 -55 2 -27 10 -38 38 -53 19 -10 51 -21 72 -25 36 -6 57 -30 40 -47 -17 -17 -70 -11 -97 10 -31 25 -55 19 -55 -14 0 -17 10 -29 40 -44 48 -25 79 -25 119 -2 73 41 61 118 -22 137 -24 6 -52 16 -61 24 -15 13 -15 15 0 32 16 18 18 17 56 -2 45 -23 68 -19 68 10 0 31 -78 65 -125 53z"
       id="path5139" />
    <path
       d="M3635 533 c-32 -8 -55 -34 -55 -63 0 -39 23 -43 55 -10 33 34 45 31 45 -12 0 -21 -6 -31 -20 -35 -28 -7 -25 -28 6 -42 16 -7 24 -18 22 -28 -4 -24 -36 -28 -58 -8 -27 24 -56 15 -52 -15 3 -33 39 -59 78 -60 35 0 94 46 94 74 0 13 11 16 55 16 57 0 70 11 35 30 -15 8 -30 8 -55 0 -46 -15 -80 1 -65 30 12 22 30 26 47 9 6 -6 28 -9 49 -7 36 3 39 5 42 37 6 63 -28 98 -77 79 -23 -8 -23 -9 -6 -28 14 -16 16 -23 7 -32 -9 -9 -21 -4 -50 24 -39 38 -64 48 -97 41z"
       id="path5141" />
    <path
       d="M4048 530 c-56 -11 -95 -70 -70 -105 14 -21 62 -45 87 -45 61 0 87 -42 38 -61 -22 -8 -32 -6 -55 11 -35 26 -73 23 -73 -5 0 -28 60 -65 105 -65 29 0 45 8 73 35 21 20 37 41 37 46 0 28 -42 67 -77 74 -70 13 -95 42 -55 64 14 7 27 5 51 -10 43 -26 61 -24 61 5 0 39 -62 68 -122 56z"
       id="path5143" />
    <path
       d="M4965 530 c-24 -9 -110 -173 -101 -195 4 -10 19 -15 50 -15 41 0 45 -2 48 -27 2 -22 8 -28 27 -28 31 0 54 56 38 95 -5 14 -9 57 -8 96 2 62 -1 72 -16 76 -11 3 -28 2 -38 -2z m3 -123 c2 -18 -2 -29 -13 -33 -26 -10 -38 9 -24 40 15 32 33 29 37 -7z"
       id="path5145" />
    <path
       d="M5093 532 c-6 -4 -15 -31 -19 -59 -6 -49 -5 -53 18 -63 32 -15 78 2 78 29 0 11 2 26 5 33 6 16 -37 68 -57 68 -7 0 -18 -4 -25 -8z"
       id="path5147" />
    <path
       d="M5355 533 c-31 -6 -63 -35 -70 -65 -6 -23 -1 -33 25 -58 21 -19 43 -30 62 -30 62 0 91 -40 44 -62 -20 -9 -31 -7 -61 11 -55 32 -80 26 -69 -16 6 -23 63 -53 100 -53 15 0 45 13 68 28 l42 29 29 -29 c34 -34 52 -35 100 -7 33 20 35 23 21 37 -13 13 -17 13 -39 -1 -23 -15 -26 -15 -42 3 -22 24 -9 31 50 28 38 -3 40 -1 43 28 2 24 -4 38 -29 62 -18 18 -39 32 -46 32 -20 0 -73 -42 -73 -57 0 -18 -27 -28 -43 -15 -6 5 -29 12 -49 16 -20 4 -46 14 -58 24 l-22 17 21 19 c19 18 21 18 56 -4 39 -24 65 -21 65 9 0 33 -71 64 -125 54z m244 -127 c14 -17 -11 -41 -34 -32 -18 7 -20 32 -2 39 20 9 24 8 36 -7z"
       id="path5149" />
    <path
       d="M1069 507 c-7 -15 -23 -27 -41 -31 -38 -8 -35 -40 5 -44 17 -2 27 -10 28 -20 1 -9 2 -46 2 -82 l2 -65 30 0 30 0 -1 130 c-1 125 -2 130 -22 133 -15 2 -25 -4 -33 -21z"
       id="path5151" />
    <path
       d="M2313 508 c-28 -31 -32 -58 -10 -72 15 -9 22 -6 43 19 19 25 27 28 41 19 35 -21 27 -50 -24 -90 -64 -50 -73 -63 -73 -96 l0 -28 84 0 c47 0 88 4 91 10 13 21 -15 50 -49 50 -49 0 -50 10 -4 49 32 28 53 37 92 41 46 5 50 7 58 37 12 44 -13 83 -53 83 -34 0 -48 -19 -26 -35 17 -12 23 -35 10 -35 -5 0 -25 16 -46 35 -47 43 -101 48 -134 13z"
       id="path5153" />
    <path
       d="M1817 463 c-4 -3 -7 -51 -7 -105 0 -97 0 -99 23 -96 20 3 22 10 27 73 5 67 6 70 30 70 24 0 25 -2 25 -70 0 -69 1 -70 27 -73 27 -3 27 -3 30 70 3 67 5 73 26 76 13 2 22 -2 23 -10 1 -7 2 -40 3 -73 1 -49 4 -60 19 -63 35 -7 47 16 41 77 -8 87 -12 97 -40 116 -25 16 -29 16 -55 1 -23 -14 -33 -15 -50 -5 -12 6 -34 8 -50 5 -15 -3 -31 -1 -34 4 -7 11 -29 13 -38 3z"
       id="path5155" />
    <path
       d="M2962 443 c-25 -22 -34 -39 -38 -75 -6 -44 -4 -50 26 -78 35 -33 70 -39 90 -15 7 8 19 15 26 15 8 0 14 7 14 15 0 18 -55 21 -65 4 -5 -6 -12 -4 -20 8 -20 27 -10 33 50 30 l54 -2 3 -40 c2 -32 7 -40 23 -40 18 0 20 8 23 67 2 54 7 70 21 78 29 15 42 -10 40 -72 -2 -62 4 -78 31 -78 17 0 19 9 22 73 3 69 4 72 28 72 24 0 25 -2 25 -70 l0 -70 30 0 c30 0 30 1 33 61 3 72 -8 107 -43 130 -25 16 -28 16 -56 0 -24 -14 -33 -15 -44 -6 -9 8 -28 10 -46 6 -18 -3 -38 -1 -45 5 -19 15 -32 3 -39 -34 l-7 -33 -38 38 c-21 21 -44 38 -52 38 -7 0 -28 -12 -46 -27z m69 -39 c10 -13 10 -17 -2 -25 -8 -5 -20 -9 -27 -9 -19 0 -27 31 -11 41 19 12 25 11 40 -7z"
       id="path5157" />
    <path
       d="M4253 449 c-34 -22 -50 -74 -38 -127 6 -29 49 -62 79 -62 22 0 77 41 70 52 -7 12 -52 10 -59 -2 -9 -14 -35 7 -35 28 0 12 9 14 44 9 75 -11 86 32 25 93 -36 35 -44 36 -86 9z m56 -38 c16 -10 8 -41 -11 -41 -7 0 -19 4 -27 9 -12 8 -12 12 -2 25 15 18 21 19 40 7z"
       id="path5159" />
    <path
       d="M4406 461 c-9 -14 -17 -162 -10 -183 4 -13 13 -18 27 -16 20 3 23 11 27 73 5 67 6 70 30 70 24 0 25 -2 25 -70 0 -68 1 -70 25 -70 24 0 25 3 26 60 1 85 1 87 27 83 20 -3 22 -9 25 -76 3 -73 3 -73 30 -70 26 3 27 6 30 68 2 35 1 75 -3 87 -7 31 -61 58 -89 45 -24 -12 -130 -11 -142 1 -10 9 -22 9 -28 -2z"
       id="path5161" />
    <path
       d="M5715 447 c-3 -12 -5 -58 -3 -102 3 -78 4 -80 28 -80 24 0 25 2 25 70 0 68 1 70 25 70 24 0 25 -3 30 -70 5 -67 6 -70 30 -70 24 0 25 3 26 60 1 85 1 87 27 83 20 -3 22 -9 25 -76 3 -73 3 -73 30 -70 26 3 27 5 30 79 3 75 2 77 -28 103 -33 27 -55 33 -65 17 -6 -10 -132 -8 -142 3 -14 13 -33 5 -38 -17z"
       id="path5163" />
    <path
       d="M1183 383 c-7 -2 -13 -11 -13 -18 0 -19 54 -29 80 -15 42 22 -19 53 -67 33z"
       id="path5165" />
    <path
       d="M2483 383 c-21 -8 -15 -30 10 -37 30 -7 67 3 67 19 0 21 -45 32 -77 18z"
       id="path5167" />
    <path
       d="M5084 376 c-18 -14 -18 -15 9 -25 16 -6 30 -11 32 -11 2 0 16 5 32 11 27 10 27 11 9 25 -11 8 -29 14 -41 14 -12 0 -30 -6 -41 -14z"
       id="path5169" />
  </g>
  <path
     style="fill:#9999ff;fill-opacity:1;fill-rule:nonzero;stroke:none"
     d="m 158.24194,483.57976 c -5.10929,1.42553 -13.75604,-1.58912 -16.7171,3.64821 -1.92734,37.22766 -1.72977,74.5366 -2.53989,111.80134 6.05623,4.70194 17.01339,0.7255 24.9371,2.03191 12.58761,4.10114 10.6068,-8.44223 10.5676,-16.71266 0.46513,-33.15641 2.65986,-66.42876 -0.36186,-99.52194 -2.92136,-4.21186 -11.31454,-0.28125 -15.88585,-1.24686 z"
     id="path5620"
     inkscape:connector-curvature="0"
     transform="scale(0.8,0.8)" />
  <path
     style="fill:#9999ff;fill-opacity:1;fill-rule:nonzero;stroke:none"
     d="m 304.40107,442.5259 c -2.70255,52.00272 -2.32309,104.38621 -2.40135,156.54959 6.35843,4.62336 17.48142,0.67078 25.6298,1.98573 12.71088,3.20292 6.4563,-12.61365 7.86333,-19.71875 -0.51588,-44.77138 0.83507,-89.71921 -1.58288,-134.38331 -3.50181,-7.65448 -14.77409,-3.19791 -21.19335,-4.90439 -2.73692,0.25919 -5.81956,-0.98363 -8.31555,0.47113 z"
     id="path5622"
     inkscape:connector-curvature="0"
     transform="scale(0.8,0.8)" />
  <path
     style="fill:#9999ff;fill-opacity:1;fill-rule:nonzero;stroke:none"
     d="m 465.70718,57.709462 c -1.58971,105.923958 -1.3889,212.140308 -1.52394,318.178958 -0.0258,74.39628 0.43915,148.79148 0.6927,223.18707 6.29652,4.62258 17.36022,0.66811 25.44508,1.98573 9.81021,-0.48619 2.57898,-15.90249 4.7744,-22.67427 -0.23686,-173.14355 -0.47372,-346.28709 -0.71057,-519.430633 -6.11087,-4.61994 -16.99614,-0.661094 -24.89093,-1.985732 -1.3865,-0.01024 -2.61073,-0.223024 -3.78674,0.738877 z"
     id="path5624"
     inkscape:connector-curvature="0"
     transform="scale(0.8,0.8)" />
  <path
     style="fill:#9999ff;fill-opacity:1;fill-rule:nonzero;stroke:none"
     d="m 642.66825,483.07178 c -5.11742,1.54513 -13.8134,-2.01366 -16.80946,3.18641 -1.20504,37.57811 -1.51499,75.18014 -2.17045,112.77112 6.11569,4.7069 17.14106,0.71702 25.12182,2.03191 12.74245,4.11672 10.67801,-8.37518 10.34428,-16.76327 -0.42163,-33.64781 0.84117,-67.67214 -0.62922,-101.08551 -4.7316,-1.41934 -10.75548,0.11206 -15.85697,-0.14066 z"
     id="path5626"
     inkscape:connector-curvature="0"
     transform="scale(0.8,0.8)" />
  <path
     style="fill:#993366;fill-opacity:1;fill-rule:nonzero;stroke:none"
     d="m 179.80791,424.74667 c -0.87778,56.27135 -0.68134,112.8996 0.29242,169.29393 -0.51634,7.91645 10.72525,5.41485 15.6858,4.94253 1.20552,-3.55038 6.96828,-1.78409 7.66585,-6.51135 4.02064,-26.01711 1.39159,-52.73599 2.38282,-79.01339 -0.36163,-29.31581 1.25701,-59.07079 -0.35091,-88.11138 -8.32021,-0.64729 -17.47976,-1.78047 -25.67598,-0.60034 z"
     id="path5628"
     inkscape:connector-curvature="0"
     transform="scale(0.8,0.8)" />
  <path
     style="fill:#993366;fill-opacity:1;fill-rule:nonzero;stroke:none"
     d="m 340.83694,376.1655 c -0.79872,71.62866 -0.60685,143.55554 0.27708,215.29032 -1.84863,6.20774 3.6108,9.4014 9.09743,8.08147 4.2393,1.1598 6.04664,-2.3336 8.77416,-3.69439 7.0772,-3.59954 3.81134,-13.94228 5.27107,-20.31817 1.53313,-65.06532 0.19568,-130.23811 2.48714,-195.24923 -1.55095,-7.39833 -11.93271,-3.72797 -17.31743,-4.84888 -2.8233,0.34623 -6.03923,-0.78322 -8.58945,0.73888 z"
     id="path5630"
     inkscape:connector-curvature="0"
     transform="scale(0.8,0.8)" />
  <path
     style="fill:#993366;fill-opacity:1;fill-rule:nonzero;stroke:none"
     d="m 510.54778,397.77766 c -10.9773,-2.53374 -8.23789,8.94164 -8.36218,15.83958 -0.22968,61.32683 -0.45937,122.65366 -0.68906,183.9805 3.31565,3.65374 11.42799,2.28551 16.16294,0.55415 2.3047,-4.30209 3.2541,3.31391 7.15787,1.43158 10.84392,1.0863 3.70842,-14.69078 5.80758,-21.19636 0.26049,-59.06395 0.486,-118.12803 0.70377,-177.19215 -4.14476,-4.35376 -14.60877,-2.93752 -20.78092,-3.4173 z"
     id="path5632"
     inkscape:connector-curvature="0"
     transform="scale(0.8,0.8)" />
  <path
     style="fill:#993366;fill-opacity:1;fill-rule:nonzero;stroke:none"
     d="m 669.63726,416.71138 c -8.35869,2.0336 -5.75711,13.6551 -6.78634,19.99521 -0.254,51.44722 -0.99555,102.97271 1.01387,154.37979 -1.47754,7.08777 6.0599,10.90698 11.54495,7.34259 2.15233,-3.3936 8.46635,0.98012 9.88248,-4.47944 2.88412,-23.67334 1.19664,-47.99637 1.89337,-71.90198 -0.65989,-32.94385 1.63448,-66.09789 -1.43157,-98.91717 -1.08528,-9.09882 -9.67397,-5.80704 -16.11676,-6.419 z"
     id="path5634"
     inkscape:connector-curvature="0"
     transform="scale(0.8,0.8)" />
  <path
     style="fill:#ffffcc;fill-opacity:1;fill-rule:nonzero;stroke:none"
     d="m 229.68212,331.41725 c -7.67225,0.47234 -21.07986,-2.70709 -17.10712,9.7901 -0.23943,85.95605 -0.47886,171.9121 -0.71829,257.86814 6.11963,4.60513 16.97193,0.70306 24.89092,1.98573 12.66115,4.09755 10.3341,-8.56441 10.11338,-16.76327 0,-83.77019 0,-167.54039 0,-251.31058 -2.69049,-4.45435 -12.50835,-0.49448 -17.17889,-1.57012 z"
     id="path5636"
     inkscape:connector-curvature="0"
     transform="scale(0.8,0.8)" />
  <path
     style="fill:#ffffcc;fill-opacity:1;fill-rule:nonzero;stroke:none"
     d="m 373.34754,320.01084 c -0.96972,92.84049 -0.13854,185.97323 -0.41562,278.92611 5.50365,4.65833 15.755,1.37818 23.04139,3.03863 10.93105,3.9055 14.11962,-3.47452 11.96291,-13.24437 0.23165,-89.14241 -0.7375,-178.31185 1.93956,-267.42734 -5.89575,-4.65455 -16.61041,-0.79112 -24.38295,-2.03191 -3.93168,0.48947 -8.52445,-0.99201 -12.14529,0.73888 z"
     id="path5638"
     inkscape:connector-curvature="0"
     transform="scale(0.8,0.8)" />
  <path
     style="fill:#ffffcc;fill-opacity:1;fill-rule:nonzero;stroke:none"
     d="m 551.83254,331.41725 c -8.54195,-0.97607 -17.47249,-0.0821 -15.09505,10.98442 -1.67391,85.47957 -0.91967,170.99449 -1.2526,256.4891 4.8632,4.56759 14.12839,2.2087 20.78091,3.41731 12.52491,4.43826 9.85746,-8.64268 9.79013,-16.53238 0,-84.27817 0,-168.55634 0,-252.83451 -1.74153,-4.31439 -10.52388,-0.58167 -14.22339,-1.52394 z"
     id="path5640"
     inkscape:connector-curvature="0"
     transform="scale(0.8,0.8)" />
  <path
     style="fill:#ffffcc;fill-opacity:1;fill-rule:nonzero;stroke:none"
     d="m 718.35697,341.53064 c -7.49087,0.72443 -15.59968,0.15733 -22.62811,2.67842 -1.2926,84.88956 -3.31142,169.98508 -0.27708,254.91261 6.13169,4.51221 16.83513,0.68182 24.70621,1.93955 12.59435,4.08007 10.05912,-8.7152 9.92866,-16.76327 0,-80.29131 0,-160.58263 0,-240.87394 -1.19305,-3.92278 -8.50298,-1.3058 -11.72968,-1.89337 z"
     id="path5642"
     inkscape:connector-curvature="0"
     transform="scale(0.8,0.8)" />
  <path
     style="fill:#ffffcc;fill-opacity:1;fill-rule:nonzero;stroke:none"
     d="m 253.89479,336.06163 c -4.15736,1.28219 -1.80624,6.89965 -2.55313,10.15926 -0.59273,75.20791 -0.87418,150.4272 -0.1294,225.63394 -0.19966,2.5536 1.53131,7.3194 4.8299,5.12692 1.72625,-5.83787 0.40376,-12.38887 0.96286,-18.47184 0.44304,-73.18463 0.86867,-146.38074 0.007,-219.56204 0.155,-1.73293 -1.39667,-3.20703 -3.11714,-2.88624 z"
     id="path5644"
     inkscape:connector-curvature="0"
     transform="scale(0.8,0.8)" />
  <path
     style="fill:#ffffcc;fill-opacity:1;fill-rule:nonzero;stroke:none"
     d="m 573.13589,335.41511 c -4.54542,2.36061 -2.09297,8.85959 -2.83925,12.90715 -0.32687,77.84224 -0.52815,155.69235 0.18391,233.53146 0.21456,3.37407 5.26064,2.95125 5.24141,-0.32326 1.95735,-23.77756 0.85017,-47.72979 1.23894,-71.57871 -0.12466,-57.38986 0.12233,-114.81901 -1.1004,-172.18146 0.0758,-1.39608 -1.31767,-2.78401 -2.72461,-2.35518 z"
     id="path5646"
     inkscape:connector-curvature="0"
     transform="scale(0.8,0.8)" />
  <path
     style="fill:#ffffcc;fill-opacity:1;fill-rule:nonzero;stroke:none"
     d="m 736.73514,446.73288 c -0.0376,-0.127 -0.16223,-2.68305 -0.27692,-5.68012 -0.11469,-2.99707 -0.33166,-8.56636 -0.48215,-12.37619 -0.25987,-6.57859 -0.38568,-22.97436 -0.18799,-24.49982 0.47399,-3.6576 0.73049,-5.06181 0.91355,-5.00127 0.32879,0.10874 0.61724,3.5994 0.87265,10.56033 0.19234,5.24187 0.19283,8.84245 0.003,19.11844 -0.27493,14.84986 -0.38442,18.10953 -0.60829,18.10953 -0.0908,0 -0.19582,-0.10391 -0.23343,-0.2309 z"
     id="path5652"
     inkscape:connector-curvature="0"
     transform="scale(0.8,0.8)" />
  <path
     style="fill:#ffffcc;fill-opacity:1;fill-rule:nonzero;stroke:none"
     d="m 736.55568,382.27498 c -0.36473,-6.77871 -0.88507,-24.76779 -0.89745,-31.02626 -0.0132,-6.65588 0.0148,-7.37165 0.30578,-7.81569 0.17835,-0.2722 0.45488,-0.46288 0.62404,-0.4303 0.46596,0.0897 0.73176,1.32042 0.9784,4.53005 0.39369,5.12334 -0.19396,36.59564 -0.68636,36.75904 -0.1471,0.0488 -0.24653,-0.56933 -0.32441,-2.01684 l 0,0 z"
     id="path5654"
     inkscape:connector-curvature="0"
     transform="scale(0.8,0.8)" />
  <path
     style="fill:#ffffcc;fill-opacity:1;fill-rule:nonzero;stroke:none"
     d="m 736.6304,565.63803 c 0,-0.17366 -0.12355,-3.15226 -0.27456,-6.6191 -1.01214,-23.23693 -1.07641,-33.57098 -0.22705,-36.5046 0.27905,-0.96381 0.61944,-1.1426 0.81695,-0.42911 0.0793,0.28661 0.14474,10.23958 0.14535,22.11771 8.8e-4,17.1138 -0.0468,21.61262 -0.22979,21.67373 -0.127,0.0424 -0.2309,-0.065 -0.2309,-0.23863 z"
     id="path5656"
     inkscape:connector-curvature="0"
     transform="scale(0.8,0.8)" />
  <path
     style="fill:#ffffcc;fill-opacity:1;fill-rule:nonzero;stroke:none"
     d="m 735.92617,593.39556 c -0.47208,-0.56883 -0.77348,-2.46141 -0.77032,-4.83708 0.004,-2.67041 0.29394,-4.40021 0.99616,-5.93405 0.84884,-1.85411 1.04357,-1.32166 1.16605,3.18817 0.14043,5.17111 -0.49962,8.65808 -1.39189,7.58296 z"
     id="path5658"
     inkscape:connector-curvature="0"
     transform="scale(0.8,0.8)" />
  <path
     style="fill:#ffffcc;fill-opacity:1;fill-rule:nonzero;stroke:none"
     d="m 844.17095,423.82879 c 0,-3.96222 0.41562,-9.28214 0.92359,-11.82203 l 0.9236,-4.61798 10.15956,0 10.15956,0 0,11.82203 0,11.82204 -11.08316,0 -11.08315,0 0,-7.20406 z"
     id="path5660"
     inkscape:connector-curvature="0"
     transform="scale(0.8,0.8)" />
  <path
     style="fill:#ffffcc;fill-opacity:1;fill-rule:nonzero;stroke:none"
     d="m 845.60712,436.99056 c -0.50798,-0.0894 -1.92108,-0.33631 -3.14023,-0.54872 -1.21915,-0.2124 -2.5236,-0.47612 -2.89877,-0.58605 -0.65274,-0.19125 -0.67545,-0.88704 -0.52673,-16.14188 0.16844,-17.27788 0.29826,-18.45446 2.13246,-19.32688 1.88451,-0.89634 7.4155,-1.32363 17.54834,-1.35568 11.55752,-0.0365 12.0764,0.0559 13.20017,2.35269 1.14167,2.33335 1.53123,6.76578 1.52486,17.35012 -0.006,9.85082 -0.46867,15.87943 -1.29535,16.87551 -0.7935,0.95612 -4.13413,1.27549 -14.72272,1.40752 -5.99414,0.0747 -11.31406,0.0628 -11.82203,-0.0266 l 0,0 z m 20.9534,-5.5557 c 0.45045,-0.12076 0.93623,-0.57567 1.07952,-1.01092 0.30453,-0.92505 0.19695,-22.17695 -0.11873,-23.45223 l -0.21387,-0.86401 -10.7578,0.12752 c -7.4883,0.0888 -10.99443,0.26253 -11.53639,0.57175 -1.02659,0.58574 -1.16488,1.9302 -1.48158,14.40433 l -0.25518,10.05064 2.92015,0.12694 c 5.41605,0.23543 19.53825,0.26732 20.36388,0.046 z"
     id="path5662"
     inkscape:connector-curvature="0"
     transform="scale(0.8,0.8)" />
  <path
     style="fill:#ffffcc;fill-opacity:1;fill-rule:nonzero;stroke:none"
     d="m 842.49721,436.28262 c -1.40566,-0.29182 -2.71048,-0.68532 -2.89961,-0.87445 -0.45008,-0.45008 -0.12133,-31.62967 0.34913,-33.11403 0.75721,-2.38901 3.80942,-2.87797 18.23671,-2.92148 12.91966,-0.039 12.75828,-0.074 13.80996,2.99551 1.72344,5.03006 1.64216,31.3402 -0.10221,33.08456 -0.8269,0.82691 -3.98931,1.08321 -15.0162,1.21702 -9.2875,0.11271 -12.36996,0.0297 -14.37778,-0.38713 l 0,0 z m 24.81762,-5.07991 c 0.20391,-0.25399 0.48912,-1.92318 0.6338,-3.70932 0.28936,-3.57232 -0.12684,-20.64413 -0.51876,-21.27826 -0.17266,-0.27937 -3.50207,-0.31231 -11.22183,-0.11101 -9.39517,0.24498 -11.063,0.37287 -11.57795,0.88783 -0.64929,0.64929 -0.96928,4.71274 -1.39529,17.71848 -0.19698,6.01364 -0.16274,6.5438 0.43269,6.6994 0.35562,0.0929 5.73834,0.18825 11.96159,0.21182 8.65041,0.0328 11.40231,-0.0659 11.68575,-0.41894 z"
     id="path5664"
     inkscape:connector-curvature="0"
     transform="scale(0.8,0.8)" />
  <path
     style="fill:#ffffcc;fill-opacity:1;fill-rule:nonzero;stroke:none"
     d=""
     id="path5666"
     inkscape:connector-curvature="0"
     transform="scale(0.8,0.8)" />
  <path
     style="fill:#ffffcc;fill-opacity:1;fill-rule:nonzero;stroke:none"
     d="m 856.5175,431.5236 c -0.1651,-0.009 -2.94974,-0.0999 -6.1881,-0.20233 -3.23836,-0.10241 -6.04051,-0.19816 -6.22701,-0.21279 l -0.33908,-0.0266 0.0218,-7.92704 c 0.0131,-4.76042 0.0421,-8.35134 0.0728,-8.98918 0.13216,-2.7552 0.22799,-4.0931 0.3804,-5.31068 0.15638,-1.24937 0.28335,-1.66336 0.55289,-1.80274 0.59536,-0.30788 3.52522,-0.58861 7.4547,-0.7143 2.21902,-0.071 15.07577,-0.0609 15.09926,0.0118 0.0103,0.0317 0.11403,3.18526 0.23062,7.00779 0.28861,9.46216 0.28965,13.47579 0.004,16.03725 -0.12967,1.1634 -0.24228,1.54274 -0.49309,1.66093 -0.33192,0.15643 -1.25543,0.28694 -2.88037,0.40705 -0.64049,0.0473 -7.00377,0.0977 -7.68894,0.0608 l 0,0 z m 9.8363,-12.32433 0,-11.84513 -10.17581,0 -10.17581,0 -0.46656,2.34363 c -0.53157,2.6702 -0.61583,3.13395 -0.74465,4.09846 -0.22663,1.69685 -0.39689,3.70294 -0.56242,6.6268 -0.0266,0.46988 -0.0595,3.05191 -0.0731,5.73785 l -0.0247,4.88351 11.11153,0 11.11153,0 0,-11.84512 z"
     id="path5668"
     inkscape:connector-curvature="0"
     transform="scale(0.8,0.8)" />
  <path
     style="fill:#993366;fill-opacity:1;fill-rule:nonzero;stroke:none"
     d=""
     id="path5670"
     inkscape:connector-curvature="0"
     transform="scale(0.8,0.8)" />
  <path
     style="fill:#993366;fill-opacity:1;fill-rule:nonzero;stroke:none"
     d="m 852.36995,355.60974 c -2.64852,-1.65684 -3.00599,-2.61157 -1.23261,-3.29208 2.17964,-0.83641 8.14696,-0.45387 9.58847,0.61466 1.3041,0.96668 1.32904,1.17008 0.27477,2.24142 -1.91365,1.94463 -5.89734,2.14588 -8.63063,0.436 z"
     id="path5672"
     inkscape:connector-curvature="0"
     transform="scale(0.8,0.8)" />
  <path
     style="fill:#993366;fill-opacity:1;fill-rule:nonzero;stroke:none"
     d="m 854.58658,372.00445 -14.96226,-0.2162 0,-15.51941 0,-15.51941 1.89529,-0.72058 c 1.04241,-0.39633 8.35729,-0.72059 16.2553,-0.72059 l 14.36,0 0,16.62473 c 0,15.4047 -0.0949,16.61237 -1.29304,16.4562 -0.71116,-0.0927 -8.02605,-0.26583 -16.25529,-0.38474 z m 6.83421,-15.70168 c 1.54459,-1.2819 1.38364,-3.4956 -0.32046,-4.40761 -1.72213,-0.92165 -9.6194,-0.99824 -11.02608,-0.10692 -1.45296,0.92063 -0.38522,3.56636 1.977,4.89877 2.25867,1.274 7.63725,1.05343 9.36954,-0.38424 z"
     id="path5674"
     inkscape:connector-curvature="0"
     transform="scale(0.8,0.8)" />
  <path
     style="fill:#993366;fill-opacity:1;fill-rule:nonzero;stroke:none"
     d="m 856.28319,357.35801 c -0.31088,-0.0136 -0.88919,-0.077 -1.23971,-0.13603 -1.31566,-0.22143 -2.49747,-0.6868 -3.41634,-1.34528 -0.60047,-0.43031 -1.37392,-1.22193 -1.76428,-1.80573 -0.2814,-0.42084 -0.4138,-0.77366 -0.412,-1.09798 9.1e-4,-0.16572 0.0104,-0.20682 0.0828,-0.3579 0.31212,-0.65127 1.30694,-0.99489 3.27447,-1.13103 0.48117,-0.0333 2.21128,-0.0329 2.95551,6.1e-4 0.63551,0.0287 2.11159,0.14032 2.79388,0.21136 2.52189,0.26259 3.41531,0.63378 3.66305,1.5219 0.0592,0.21208 0.0589,0.96418 -5.1e-4,1.24215 -0.17358,0.81289 -0.67477,1.45768 -1.52816,1.96604 -1.10533,0.65843 -2.74332,1.00466 -4.40874,0.93189 z m 1.01199,-0.60888 c 1.2795,-0.11219 2.39285,-0.51102 3.27119,-1.17181 0.22563,-0.16975 0.76655,-0.71556 0.94871,-0.95728 0.18793,-0.24938 0.23533,-0.35925 0.23637,-0.54778 6.2e-4,-0.11263 -0.0125,-0.17602 -0.0525,-0.25399 -0.13081,-0.25472 -0.88156,-0.88487 -1.30158,-1.0925 -0.63937,-0.31607 -1.81608,-0.58766 -3.21364,-0.74172 -1.29923,-0.14322 -2.95847,-0.16639 -4.13309,-0.0577 -1.36865,0.12661 -2.29949,0.42191 -2.76129,0.87598 -0.21312,0.20956 -0.26433,0.32931 -0.24662,0.57674 0.0335,0.46902 0.55393,1.04337 1.60192,1.76807 1.18478,0.81929 1.99251,1.18738 3.17079,1.44496 0.30601,0.0669 0.85596,0.14865 1.10989,0.16498 0.30165,0.0194 1.11154,0.0147 1.36988,-0.008 l 0,0 z"
     id="path5676"
     inkscape:connector-curvature="0"
     transform="scale(0.8,0.8)" />
  <path
     style="fill:#993366;fill-opacity:1;fill-rule:nonzero;stroke:none"
     d="m 855.6944,357.49731 c -1.35342,-0.0582 -2.65524,-0.33054 -3.42638,-0.71682 -0.85191,-0.42672 -1.68168,-1.15683 -2.22507,-1.95781 -0.22178,-0.32691 -0.49419,-0.9346 -0.546,-1.21799 -0.0251,-0.13707 0.024,-0.1041 0.10243,0.0688 0.28942,0.63831 1.27781,1.71878 2.0802,2.274 1.00151,0.69301 2.26939,1.15904 3.65693,1.34419 0.93885,0.12527 1.94626,0.12526 2.80542,-3e-5 1.7544,-0.25584 3.07436,-0.93281 3.73344,-1.91478 0.11996,-0.17872 0.17845,-0.29501 0.2588,-0.51454 0.1203,-0.32869 0.15075,-0.54412 0.15161,-1.07289 5.1e-4,-0.3087 0.009,-0.47643 0.0239,-0.47157 0.0127,0.004 0.0483,0.0899 0.0792,0.19049 0.0507,0.16526 0.0562,0.22538 0.0577,0.62166 0.001,0.41218 -0.002,0.45267 -0.0628,0.66961 -0.0772,0.27678 -0.24185,0.62988 -0.41006,0.87956 -0.15269,0.22664 -0.53468,0.60955 -0.75263,0.75444 -0.70787,0.47059 -1.78786,0.80257 -3.17141,0.97487 -0.67006,0.0834 -1.63455,0.11982 -2.35517,0.0888 l 0,0 z"
     id="path5678"
     inkscape:connector-curvature="0"
     transform="scale(0.8,0.8)" />
  <path
     style="fill:#993366;fill-opacity:1;fill-rule:nonzero;stroke:none"
     d="m 849.56268,352.39247 c 0.0429,-0.11447 0.17838,-0.30195 0.30224,-0.4182 0.24568,-0.23058 0.56035,-0.3634 1.15377,-0.487 0.99706,-0.20767 2.3217,-0.30669 4.11001,-0.30722 1.97366,-5.9e-4 3.63691,0.13157 4.88351,0.38804 0.61936,0.12743 0.96789,0.25598 1.31623,0.48547 0.16773,0.1105 0.43391,0.34417 0.41478,0.36413 -0.007,0.007 -0.13145,-0.0468 -0.27708,-0.11957 -0.70962,-0.35479 -1.6957,-0.5339 -3.96295,-0.71983 -1.13419,-0.093 -1.49852,-0.11273 -2.54166,-0.13752 -2.38582,-0.0567 -3.946,0.12146 -4.79716,0.5478 -0.21394,0.10715 -0.32253,0.18387 -0.4618,0.32623 -0.11917,0.12181 -0.16621,0.14793 -0.13989,0.0777 z"
     id="path5680"
     inkscape:connector-curvature="0"
     transform="scale(0.8,0.8)" />
  <path
     style="fill:#9999ff;fill-opacity:1;fill-rule:nonzero;stroke:none"
     d="m 853.67537,304.04731 c -5.63001,-0.3571 -5.91557,-0.51408 -6.53081,-3.59029 -0.35386,-1.76928 -0.64338,-5.91549 -0.64338,-9.2138 l 0,-5.99694 4.84803,-0.66449 c 2.66642,-0.36547 7.3686,-0.6645 10.4493,-0.6645 l 5.60127,0 0,10.4493 0,10.4493 -3.91848,-0.19758 c -2.15517,-0.10867 -6.56784,-0.36562 -9.80593,-0.571 z"
     id="path5682"
     inkscape:connector-curvature="0"
     transform="scale(0.8,0.8)" />
  <path
     style="fill:#9999ff;fill-opacity:1;fill-rule:nonzero;stroke:none"
     d="m 852.0928,312.3433 c -6.11035,-0.11271 -9.38552,-0.42042 -11.03218,-1.03651 -0.85086,-0.31835 -1.09208,-0.68382 -1.41622,-2.14578 -0.57633,-2.59937 -0.7702,-6.63478 -0.76867,-16.0005 0.002,-11.80375 0.23919,-13.80191 1.72456,-14.52382 1.03477,-0.50292 5.48299,-0.75809 13.19052,-0.75669 10.61644,0.002 17.68622,0.41025 18.02378,1.04099 0.20088,0.37534 0.38146,3.23365 0.58072,9.19182 0.38525,11.51925 0.36758,22.15368 -0.0381,22.90812 -0.36515,0.67914 -1.64446,1.01771 -4.54784,1.20359 -2.65282,0.16985 -9.95554,0.22504 -15.7166,0.11878 l 0,0 z m 15.41271,-17.94193 0,-10.77584 -4.66953,0.002 c -8.64691,0.003 -15.79897,0.34221 -16.63392,0.78907 -0.13483,0.0722 -0.28992,0.29113 -0.34465,0.48662 -0.13847,0.4946 -0.0845,5.81382 0.0838,8.2577 0.38612,5.60774 0.84846,11.05083 0.94815,11.16242 0.0913,0.10219 15.71031,0.76876 19.60393,0.83663 l 1.01227,0.0177 0,-10.77584 z"
     id="path5684"
     inkscape:connector-curvature="0"
     transform="scale(0.8,0.8)" />
  <path
     style="fill:#9999ff;fill-opacity:1;fill-rule:nonzero;stroke:none"
     d="m 846.1697,294.36834 c -0.12959,-0.20969 -0.37823,-7.59783 -0.28806,-8.55956 0.0797,-0.85025 0.14337,-1.04832 0.38849,-1.20893 0.47476,-0.31108 3.17246,-0.58046 6.67167,-0.66622 3.64578,-0.0893 4.21757,0.0758 1.10994,0.32061 -1.61845,0.12749 -5.77552,0.63708 -7.15094,0.8766 l -0.4245,0.0739 0,4.63096 c 0,4.19183 -0.051,4.94614 -0.3066,4.53262 z"
     id="path5686"
     inkscape:connector-curvature="0"
     transform="scale(0.8,0.8)" />
  <path
     style="fill:#9999ff;fill-opacity:1;fill-rule:nonzero;stroke:none"
     d="m 855.3582,304.64133 c -3.55603,-0.13119 -6.90633,-0.2847 -7.44513,-0.34113 l -0.97962,-0.10261 -0.1526,-1.76332 c -0.0839,-0.96983 -0.1574,-2.0768 -0.16327,-2.45994 -0.0155,-1.01082 0.26532,-0.80581 0.45735,0.33391 0.34597,2.05327 0.82128,2.82937 1.97765,3.22913 0.82055,0.28367 3.39166,0.51061 9.83226,0.86783 2.90948,0.16137 5.3458,0.34231 5.41404,0.40209 0.16449,0.14407 -1.24676,0.11788 -8.94068,-0.16596 l 0,0 z"
     id="path5688"
     inkscape:connector-curvature="0"
     transform="scale(0.8,0.8)" />
  <path
     style="fill:#9999ff;fill-opacity:1;fill-rule:nonzero;stroke:none"
     d=""
     id="path5690"
     inkscape:connector-curvature="0"
     transform="scale(0.8,0.8)" />
  <path
     style="fill:#9999ff;fill-opacity:1;fill-rule:nonzero;stroke:none"
     d="m 866.32997,304.91598 c 0,-0.16989 0.48278,-0.16989 0.58777,0 0.0458,0.0741 -0.0639,0.13061 -0.25352,0.13061 -0.18384,0 -0.33425,-0.0588 -0.33425,-0.13061 z"
     id="path5692"
     inkscape:connector-curvature="0"
     transform="scale(0.8,0.8)" />
  <path
     style="fill:#9999ff;fill-opacity:1;fill-rule:nonzero;stroke:none"
     d="m 846.55589,300.21411 c -0.01,-0.0332 -0.42382,-5.26454 -0.44478,-5.62239 -0.0147,-0.25082 0.002,-0.29123 0.076,-0.17895 0.0538,0.0821 0.12036,0.0742 0.15926,-0.019 0.0425,-0.10163 0.0821,-0.48321 0.10064,-0.96836 0.01,-0.25635 0.024,-0.39732 0.0407,-0.40285 0.0179,-0.006 0.0305,0.13283 0.0416,0.45993 0.072,2.11272 0.2484,4.51895 0.42864,5.84572 0.0546,0.40173 0.0539,0.3899 0.0216,0.37913 -0.0138,-0.005 -0.045,-0.0652 -0.0694,-0.13469 -0.0542,-0.1547 -0.11438,-0.23951 -0.17647,-0.2488 -0.0778,-0.0116 -0.10385,0.10801 -0.11593,0.53232 -0.006,0.21271 -0.0205,0.38675 -0.0322,0.38675 -0.0116,0 -0.0251,-0.013 -0.0298,-0.0289 l 0,0 z"
     id="path5694"
     inkscape:connector-curvature="0"
     transform="scale(0.8,0.8)" />
  <path
     style="fill:#9999ff;fill-opacity:1;fill-rule:nonzero;stroke:none"
     d="m 867.41621,289.83792 0,-5.94869 -3.49235,0.0131 c -1.92079,0.007 -3.79367,0.0241 -4.16196,0.0375 -1.39422,0.0509 -3.46906,0.15785 -3.8878,0.20045 -0.19874,0.0202 -0.1846,-0.0335 0.0198,-0.0752 0.57222,-0.11672 -0.21079,-0.1832 -1.88137,-0.15972 -3.89378,0.0547 -7.04333,0.32428 -7.69935,0.65895 -0.19199,0.0979 -0.31485,0.30671 -0.36617,0.6222 -0.0194,0.11902 -0.0737,0.1577 -0.0737,0.0525 0,-0.11339 0.0681,-0.43671 0.11513,-0.54635 0.0358,-0.0836 0.0666,-0.11407 0.16631,-0.16458 0.68247,-0.34583 3.2769,-0.59385 7.61531,-0.72801 0.49521,-0.0153 3.37218,-0.0298 7.26755,-0.0366 l 6.44786,-0.0113 0,6.01723 c 0,5.33325 -0.004,6.01722 -0.0346,6.01722 -0.0307,0 -0.0346,-0.67636 -0.0346,-5.9487 z"
     id="path5696"
     inkscape:connector-curvature="0"
     transform="scale(0.8,0.8)" />
</svg>
