<?xml version="1.0" standalone="no"?>
<!DOCTYPE svg PUBLIC "-//W3C//DTD SVG 20010904//EN"
 "http://www.w3.org/TR/2001/REC-SVG-20010904/DTD/svg10.dtd">
<svg version="1.0" xmlns="http://www.w3.org/2000/svg"
 width="900.000000pt" height="1269.000000pt" viewBox="0 0 900.000000 1269.000000"
 preserveAspectRatio="xMidYMid meet">
<metadata>
Created by potrace 1.10, written by Peter Selinger 2001-2011
</metadata>
<g transform="translate(0.000000,1269.000000) scale(0.100000,-0.100000)"
fill="#000000" stroke="none">
<path d="M3125 11321 c-11 -4 -54 -11 -95 -14 -127 -11 -270 -66 -370 -143
-91 -69 -243 -239 -273 -304 -4 -8 -16 -28 -27 -45 -11 -16 -24 -40 -30 -52
-5 -13 -19 -42 -30 -65 -11 -23 -18 -49 -15 -58 5 -16 45 -40 65 -40 5 0 43
45 85 100 128 166 273 255 457 280 115 16 264 -7 338 -51 8 -5 24 -13 36 -18
41 -18 141 -121 168 -173 57 -109 66 -152 66 -301 0 -138 -11 -203 -46 -270
-7 -16 -14 -33 -14 -38 0 -26 -96 -153 -158 -207 -38 -34 -73 -62 -76 -62 -4
0 -25 -12 -49 -27 -23 -15 -58 -35 -77 -44 -19 -9 -61 -28 -92 -42 -31 -15
-80 -32 -110 -38 -29 -6 -65 -18 -80 -25 -49 -25 -29 -75 28 -74 51 2 218 -20
244 -32 14 -6 41 -14 60 -19 50 -11 109 -34 122 -47 7 -7 18 -12 25 -12 17 0
107 -54 173 -105 56 -43 140 -143 140 -166 0 -7 6 -20 14 -28 7 -9 24 -47 36
-86 13 -38 26 -74 30 -80 18 -26 35 -151 35 -255 0 -123 -14 -187 -63 -285
-44 -88 -161 -218 -237 -262 -40 -23 -108 -53 -120 -53 -7 0 -30 -7 -51 -16
-31 -13 -62 -15 -149 -11 -60 3 -126 10 -145 17 -83 30 -121 46 -220 93 -58
28 -121 61 -141 74 -30 20 -49 23 -131 25 -81 1 -100 -2 -129 -20 -91 -56
-115 -164 -55 -245 24 -33 114 -94 159 -109 35 -11 94 -24 172 -38 83 -14 322
-12 420 5 145 25 238 46 273 61 18 8 39 14 47 14 26 0 200 94 274 149 97 71
174 147 243 241 57 77 158 275 158 310 0 11 7 37 15 57 35 89 54 355 32 435
-8 29 -18 74 -22 100 -3 26 -10 50 -16 53 -5 4 -9 14 -9 23 0 42 -79 173 -167
278 -32 38 -146 127 -198 154 -11 6 -38 22 -60 35 -22 14 -47 25 -56 25 -9 0
-24 9 -34 20 -19 21 -17 22 96 138 159 161 204 225 270 377 33 79 34 82 34
230 0 156 -1 161 -54 275 -34 74 -154 211 -221 254 -74 48 -150 86 -170 86
-12 0 -33 6 -48 14 -15 7 -72 18 -127 24 -55 6 -107 13 -115 16 -8 2 -24 1
-35 -3z"/>
<path d="M5705 11321 c-11 -5 -51 -11 -89 -15 -76 -8 -194 -51 -264 -98 -24
-15 -45 -28 -49 -28 -13 0 -164 -134 -213 -191 -62 -70 -113 -137 -123 -159
-4 -8 -16 -28 -27 -45 -24 -36 -111 -214 -132 -270 -35 -93 -39 -107 -93 -332
-8 -34 -15 -79 -15 -100 0 -21 -7 -72 -16 -113 -19 -92 -22 -623 -4 -705 6
-27 15 -84 21 -125 18 -155 83 -364 165 -537 24 -50 44 -94 44 -97 0 -3 14
-25 30 -49 16 -25 30 -48 30 -51 0 -17 153 -207 203 -252 100 -92 221 -159
352 -195 53 -15 229 -19 280 -7 68 16 171 52 186 65 8 7 25 13 37 13 11 0 23
4 26 9 3 5 36 27 73 50 55 33 120 84 175 139 37 36 133 152 142 172 10 22 30
56 43 71 11 15 97 184 118 234 39 93 87 267 111 410 57 330 47 900 -22 1153
-45 168 -71 244 -108 326 -13 28 -28 62 -34 76 -6 14 -25 48 -42 75 -16 28
-33 57 -37 65 -35 76 -253 314 -345 376 -115 77 -170 99 -293 119 -44 7 -87
16 -95 18 -8 3 -24 2 -35 -2z m151 -188 c29 -8 71 -32 98 -55 48 -41 126 -148
126 -173 0 -8 4 -16 9 -19 18 -11 111 -275 111 -314 0 -13 6 -35 14 -50 7 -15
16 -57 19 -94 4 -38 10 -76 15 -85 5 -10 12 -78 16 -152 4 -74 11 -142 17
-152 10 -19 5 -620 -6 -754 -3 -38 -10 -122 -14 -185 -10 -122 -32 -289 -51
-374 -42 -185 -53 -223 -85 -286 -7 -14 -15 -36 -18 -50 -4 -14 -18 -38 -32
-54 -14 -16 -25 -32 -25 -35 0 -11 -75 -87 -115 -117 -38 -29 -66 -43 -148
-78 -66 -28 -205 -13 -257 29 -8 7 -22 14 -31 18 -20 7 -125 126 -138 158 -6
13 -15 31 -20 39 -23 35 -71 152 -71 170 0 10 -6 34 -14 52 -22 53 -37 106
-47 161 -11 71 -29 155 -41 197 -25 91 -49 581 -37 775 5 88 12 212 14 277 3
64 10 145 16 180 6 34 14 104 19 153 4 50 13 106 19 125 6 19 11 48 11 65 0
27 10 65 42 160 5 17 13 44 17 61 5 16 20 54 35 83 14 29 26 57 26 63 0 10 77
115 119 162 28 30 87 72 136 95 67 31 175 33 271 4z"/>
<path d="M732 6207 c-17 -18 -22 -36 -22 -74 0 -53 11 -69 63 -91 21 -9 880
-12 3710 -12 3662 0 3682 0 3715 20 18 11 37 31 42 45 13 33 2 85 -23 113
l-20 22 -3722 0 -3722 0 -21 -23z"/>
<path d="M1940 4364 c-30 -14 -68 -31 -85 -39 -34 -15 -232 -113 -255 -125 -8
-5 -22 -11 -30 -14 -8 -3 -22 -10 -30 -15 -8 -5 -31 -16 -50 -24 -108 -47
-293 -144 -297 -155 -3 -6 -2 -23 1 -37 8 -32 30 -32 103 1 48 22 74 26 152
28 l93 1 33 -38 c68 -78 65 -17 65 -1394 l0 -1240 -29 -40 c-16 -22 -42 -49
-58 -60 -46 -32 -134 -53 -219 -53 -43 0 -85 -4 -92 -9 -8 -5 -12 -22 -10 -42
l3 -34 610 0 610 0 3 28 c5 46 -10 55 -111 60 -117 6 -178 24 -220 65 -45 44
-58 86 -69 217 -6 61 -12 742 -14 1515 -4 1304 -5 1406 -21 1418 -21 15 -18
16 -83 -14z"/>
<path d="M4195 4371 c-159 -17 -337 -113 -490 -266 -48 -49 -145 -167 -145
-179 0 -2 -17 -31 -38 -63 -21 -32 -48 -78 -59 -103 -90 -195 -104 -230 -133
-350 -25 -98 -33 -137 -41 -185 -4 -27 -13 -77 -18 -110 -21 -120 -31 -436
-21 -616 12 -209 48 -437 85 -539 7 -19 20 -62 30 -95 16 -51 51 -132 123
-285 10 -19 36 -63 60 -98 23 -34 42 -66 42 -71 0 -5 7 -11 15 -15 8 -3 15
-13 15 -21 0 -23 174 -194 240 -237 149 -95 227 -120 397 -125 102 -4 132 -1
185 16 172 55 256 103 400 227 149 129 277 340 378 624 29 82 70 273 80 370 5
47 14 103 20 125 14 51 8 676 -8 760 -6 33 -13 78 -15 100 -3 22 -10 60 -17
85 -6 25 -18 72 -27 105 -8 33 -21 75 -29 93 -8 18 -14 38 -14 46 0 16 -67
170 -91 210 -10 17 -23 41 -29 53 -27 62 -115 179 -205 271 -141 146 -203 188
-380 255 -47 19 -211 28 -310 18z m215 -168 c72 -17 78 -21 151 -93 58 -58 84
-94 116 -160 67 -136 98 -236 131 -410 50 -260 47 -212 46 -800 0 -378 -4
-568 -12 -595 -6 -22 -16 -86 -21 -142 -10 -96 -16 -128 -42 -233 -6 -25 -14
-65 -18 -90 -4 -25 -13 -55 -19 -67 -7 -12 -12 -29 -12 -37 0 -14 -46 -113
-86 -187 -26 -50 -105 -128 -162 -163 -121 -73 -236 -83 -347 -31 -62 30 -155
116 -192 180 -29 51 -83 167 -83 180 0 8 -6 32 -14 52 -29 79 -63 215 -76 303
-5 30 -13 78 -18 105 -37 193 -46 707 -18 1048 10 109 21 209 26 223 6 14 10
56 10 94 0 38 5 81 10 96 6 14 15 58 20 98 6 39 14 82 19 96 5 14 17 52 26 85
30 107 128 289 189 351 104 104 218 133 376 97z"/>
<path d="M6655 4371 c-166 -17 -351 -121 -508 -285 -98 -103 -247 -330 -247
-377 0 -9 -7 -22 -15 -29 -8 -7 -15 -20 -15 -29 0 -9 -5 -22 -11 -28 -6 -6
-14 -26 -19 -44 -10 -39 -27 -90 -46 -137 -8 -18 -14 -47 -14 -65 0 -17 -6
-49 -14 -72 -29 -83 -66 -421 -68 -620 -1 -99 22 -373 37 -444 8 -40 15 -85
15 -101 0 -26 18 -96 42 -165 5 -16 14 -46 18 -65 12 -53 29 -96 77 -196 23
-49 43 -96 43 -102 0 -16 80 -144 151 -240 30 -43 87 -106 125 -141 69 -65
208 -161 232 -161 7 0 23 -6 35 -12 76 -43 312 -62 415 -33 155 43 281 114
416 234 57 50 186 207 186 227 0 3 12 23 28 43 15 20 34 52 43 71 9 19 30 64
47 100 35 74 92 239 92 268 0 10 3 22 8 26 11 12 42 163 52 257 5 48 13 104
19 125 13 48 15 690 3 698 -5 3 -12 38 -16 78 -13 139 -78 383 -136 513 -45
101 -61 133 -112 213 -16 24 -28 45 -28 48 0 16 -100 131 -186 214 -87 84
-206 170 -236 170 -5 0 -22 6 -36 14 -87 45 -224 62 -377 47z m215 -168 c72
-17 78 -21 151 -93 105 -105 162 -221 219 -451 57 -223 71 -360 77 -744 8
-502 -14 -842 -72 -1115 -9 -41 -20 -95 -24 -120 -15 -78 -60 -190 -118 -293
-26 -47 -97 -119 -150 -153 -228 -145 -451 -65 -587 212 -25 51 -46 98 -46
104 0 6 -13 52 -29 103 -16 50 -36 128 -46 172 -9 44 -21 102 -27 128 -31 145
-51 581 -38 861 10 227 27 440 36 466 3 8 8 53 11 99 3 47 11 103 19 124 8 22
14 54 14 72 0 31 16 94 46 180 8 23 14 46 14 53 0 18 62 141 103 204 117 179
250 236 447 191z"/>
</g>
</svg>
