<?xml version="1.0" encoding="UTF-8" standalone="no"?>
<svg
   xmlns:dc="http://purl.org/dc/elements/1.1/"
   xmlns:cc="http://creativecommons.org/ns#"
   xmlns:rdf="http://www.w3.org/1999/02/22-rdf-syntax-ns#"
   xmlns:svg="http://www.w3.org/2000/svg"
   xmlns="http://www.w3.org/2000/svg"
   xmlns:sodipodi="http://sodipodi.sourceforge.net/DTD/sodipodi-0.dtd"
   xmlns:inkscape="http://www.inkscape.org/namespaces/inkscape"
   version="1.0"
   width="466.05511"
   height="372.63437"
   viewBox="0 0 372.84409 298.10749"
   preserveAspectRatio="xMidYMid meet"
   id="svg3083"
   inkscape:version="0.48.4 r9939"
   sodipodi:docname="2a.svg">
  <defs
     id="defs3107" />
  <sodipodi:namedview
     pagecolor="#ffffff"
     bordercolor="#666666"
     borderopacity="1"
     objecttolerance="10"
     gridtolerance="10"
     guidetolerance="10"
     inkscape:pageopacity="0"
     inkscape:pageshadow="2"
     inkscape:window-width="1600"
     inkscape:window-height="824"
     id="namedview3105"
     showgrid="false"
     fit-margin-top="0"
     fit-margin-left="0"
     fit-margin-right="0"
     fit-margin-bottom="0"
     inkscape:zoom="0.816"
     inkscape:cx="-107.28404"
     inkscape:cy="249.95368"
     inkscape:window-x="0"
     inkscape:window-y="24"
     inkscape:window-maximized="1"
     inkscape:current-layer="g3087" />
  <metadata
     id="metadata3085">
Created by potrace 1.10, written by Peter Selinger 2001-2011
<rdf:RDF>
  <cc:Work
     rdf:about="">
    <dc:format>image/svg+xml</dc:format>
    <dc:type
       rdf:resource="http://purl.org/dc/dcmitype/StillImage" />
    <dc:title></dc:title>
  </cc:Work>
</rdf:RDF>
</metadata>
  <g
     transform="matrix(0.1,0,0,-0.1,-509,314)"
     id="g3087"
     style="fill:#000000;stroke:none">
    <path
       d="m 5090,3116 c 0,-13 18,-50 39,-82 22,-33 50,-79 63,-105 13,-25 47,-79 74,-120 56,-82 151,-236 173,-277 8,-15 17,-29 20,-32 11,-9 96,-141 160,-248 60,-100 100,-162 112,-172 3,-3 17,-24 30,-47 86,-150 196,-320 239,-370 5,-7 10,-15 10,-19 0,-5 102,-176 150,-250 8,-12 49,-78 90,-145 41,-67 83,-133 92,-148 10,-14 23,-36 29,-48 7,-13 15,-23 19,-23 4,0 10,-8 14,-17 3,-10 15,-31 26,-48 11,-16 23,-37 26,-45 7,-14 39,-65 140,-220 23,-36 66,-105 95,-155 50,-85 129,-208 147,-230 4,-6 28,-43 51,-83 51,-86 75,-94 106,-35 11,20 25,41 30,47 6,6 22,29 35,51 13,22 49,78 79,125 65,98 77,118 90,145 5,11 38,63 73,115 35,52 95,147 133,210 38,63 75,121 82,128 7,7 13,19 13,27 0,7 7,15 15,19 8,3 15,12 15,21 0,8 3,15 8,15 4,0 18,20 32,45 14,25 28,45 32,45 5,0 8,5 8,11 0,6 18,41 41,77 22,37 45,76 52,87 7,11 14,22 18,25 3,3 16,23 29,45 13,22 27,42 31,45 4,3 24,37 44,75 21,39 41,72 44,75 3,3 13,17 21,32 8,14 42,66 75,115 66,97 78,116 97,153 7,14 18,31 25,38 7,7 13,17 13,22 0,5 24,44 53,87 29,43 84,130 122,193 38,63 71,117 75,120 3,3 22,32 42,65 20,33 57,91 82,130 25,38 46,75 46,82 0,7 4,13 9,13 5,0 13,10 17,22 4,13 24,45 44,73 20,27 68,102 105,165 37,63 74,123 82,132 8,9 13,27 11,40 l -3,23 -1862,3 -1863,2 0,-24 z m 1808,-40 c 3,-3 -31,-58 -75,-123 -65,-97 -136,-209 -208,-331 -6,-9 -31,-48 -56,-87 -85,-131 -103,-159 -121,-195 -7,-14 -15,-27 -18,-30 -3,-3 -17,-23 -30,-45 -13,-22 -27,-42 -30,-45 -4,-3 -37,-57 -75,-120 -38,-63 -97,-159 -132,-212 -34,-53 -73,-117 -85,-142 -12,-25 -27,-46 -33,-46 -5,0 -42,53 -80,117 -38,65 -84,139 -102,166 -18,27 -33,51 -33,53 0,2 -15,26 -34,52 -18,27 -42,64 -51,82 -10,19 -24,40 -31,48 -8,7 -14,17 -14,22 0,8 -56,96 -70,110 -3,3 -10,14 -17,25 -12,20 -94,154 -116,190 -7,10 -35,53 -62,95 -28,41 -82,127 -120,190 -38,63 -86,138 -107,167 -21,29 -38,56 -38,60 0,9 1729,7 1738,-1 z m 1842,-4 c 0,-12 -28,-61 -40,-72 -4,-3 -37,-57 -75,-120 -38,-63 -92,-149 -120,-190 -28,-41 -84,-129 -124,-195 -92,-153 -94,-157 -104,-169 -16,-21 -77,-118 -77,-122 0,-7 -64,-109 -77,-122 -7,-7 -13,-20 -13,-28 0,-8 -3,-14 -8,-14 -4,0 -16,-17 -27,-37 -11,-20 -25,-41 -30,-47 -12,-13 -102,-162 -130,-218 -11,-21 -25,-38 -32,-38 -7,0 -24,24 -39,53 -14,28 -37,66 -50,84 -13,17 -24,34 -24,38 0,3 -16,27 -35,52 -19,25 -35,52 -35,59 0,8 -4,14 -9,14 -5,0 -11,8 -15,18 -3,9 -11,26 -18,37 -58,92 -84,130 -90,133 -5,2 -8,9 -8,16 0,11 -7,22 -49,72 -5,6 -12,20 -15,32 -4,12 -11,22 -16,22 -5,0 -12,10 -16,22 -4,13 -15,34 -24,48 -10,14 -36,54 -59,90 -53,84 -63,100 -78,116 -7,7 -13,16 -13,19 0,14 -208,344 -230,365 -20,20 -51,74 -47,83 7,18 1727,17 1727,-1 z m -1748,-57 c 34,-65 129,-222 223,-365 45,-69 99,-154 120,-190 21,-36 62,-99 90,-140 28,-41 88,-136 133,-210 46,-74 102,-163 125,-198 117,-175 155,-237 150,-245 -3,-5 -19,-6 -36,-3 -26,5 -1620,8 -1687,3 -27,-2 -32,12 -12,40 29,42 78,121 97,156 11,20 22,37 26,37 3,0 11,10 18,23 6,12 19,34 29,48 9,15 41,67 71,115 30,49 92,146 137,215 46,70 94,147 107,170 13,24 52,89 88,144 64,97 129,202 178,288 13,23 27,44 31,47 4,3 18,25 31,50 38,74 49,76 81,15 z M 6200,1622 c 102,-9 1490,-7 1567,2 60,8 61,7 56,-15 -5,-19 -57,-106 -80,-134 -5,-5 -26,-39 -48,-75 -22,-36 -59,-93 -82,-128 -24,-34 -43,-66 -43,-71 0,-5 -6,-14 -14,-20 -8,-7 -24,-31 -35,-54 -23,-45 -43,-79 -51,-87 -13,-11 -108,-161 -195,-308 -19,-32 -70,-107 -76,-112 -5,-4 -128,-205 -164,-268 -5,-10 -19,-31 -31,-47 -11,-17 -24,-38 -27,-48 -12,-33 -35,-17 -78,54 -24,40 -52,83 -62,98 -9,14 -23,37 -30,51 -6,14 -21,39 -31,55 -47,74 -71,110 -77,115 -3,3 -9,12 -12,20 -4,8 -15,27 -25,42 -9,15 -50,82 -91,150 -41,68 -91,146 -111,173 -38,52 -83,125 -99,161 -9,20 -91,147 -109,169 -4,6 -32,51 -62,100 -29,50 -64,104 -77,121 -28,38 -32,80 -5,69 9,-4 51,-10 92,-13 z"
       id="path3097"
       inkscape:connector-curvature="0" />
  </g>
</svg>
