<?xml version="1.0" standalone="no"?>
<!DOCTYPE svg PUBLIC "-//W3C//DTD SVG 20010904//EN"
 "http://www.w3.org/TR/2001/REC-SVG-20010904/DTD/svg10.dtd">
<svg version="1.0" xmlns="http://www.w3.org/2000/svg"
 width="900.000000pt" height="1746.000000pt" viewBox="0 0 900.000000 1746.000000"
 preserveAspectRatio="xMidYMid meet">
<metadata>
Created by potrace 1.10, written by Peter Selinger 2001-2011
</metadata>
<g transform="translate(0.000000,1746.000000) scale(0.100000,-0.100000)"
fill="#000000" stroke="none">
<path d="M2745 15580 c-38 -7 -73 -19 -105 -39 -8 -5 -58 -30 -110 -55 -187
-89 -885 -437 -893 -445 -9 -9 8 -59 29 -82 13 -15 19 -15 56 -2 23 8 47 17
52 21 27 17 88 35 163 47 105 16 162 6 221 -42 67 -54 86 -103 102 -258 12
-114 12 -3174 0 -3255 -26 -171 -40 -205 -105 -250 -76 -52 -202 -81 -400 -92
l-50 -3 -3 -52 c-2 -38 1 -53 10 -53 296 -2 1662 1 1665 3 9 10 8 79 -1 91 -7
9 -56 17 -142 25 -71 6 -147 17 -167 26 -20 8 -46 15 -57 15 -35 0 -118 71
-144 121 -20 41 -23 63 -25 180 -1 73 -7 141 -12 150 -5 11 -9 781 -9 1978 0
1857 -1 1961 -17 1969 -10 4 -36 5 -58 2z"/>
<path d="M5533 15448 c-31 -60 -294 -592 -325 -658 -16 -36 -34 -72 -38 -80
-5 -8 -19 -35 -30 -60 -12 -25 -25 -52 -29 -60 -5 -9 -25 -49 -46 -90 -20 -41
-41 -82 -46 -90 -8 -14 -31 -62 -67 -140 -9 -19 -22 -42 -28 -50 -5 -8 -19
-35 -29 -60 -10 -25 -24 -52 -30 -60 -6 -8 -26 -49 -44 -90 -18 -41 -51 -112
-74 -158 -56 -114 -54 -115 141 -124 136 -6 182 -11 347 -39 142 -23 274 -58
363 -95 18 -8 39 -14 47 -14 18 0 253 -120 297 -151 38 -28 65 -45 93 -58 51
-23 345 -310 345 -336 0 -4 14 -24 30 -45 17 -21 30 -41 30 -44 0 -3 12 -23
28 -45 15 -21 36 -58 46 -82 11 -24 29 -67 42 -94 12 -28 26 -64 29 -80 4 -17
14 -50 21 -75 32 -106 52 -336 35 -415 -5 -27 -14 -75 -20 -105 -25 -141 -68
-238 -164 -370 -40 -55 -215 -230 -229 -230 -5 0 -27 -13 -50 -30 -22 -16 -45
-30 -49 -30 -4 0 -27 -13 -51 -29 -24 -15 -54 -31 -68 -34 -14 -3 -40 -10 -57
-16 -18 -6 -48 -16 -65 -22 -18 -5 -92 -13 -164 -16 -115 -5 -142 -3 -220 16
-82 21 -228 85 -264 115 -8 7 -22 16 -30 20 -8 3 -28 15 -45 26 -16 11 -37 23
-45 27 -8 3 -46 27 -85 52 -38 25 -86 51 -105 58 -42 15 -173 17 -198 3 -9 -5
-28 -15 -42 -20 -45 -19 -72 -38 -84 -58 -6 -10 -20 -32 -31 -48 -15 -21 -21
-48 -23 -104 -3 -66 0 -82 24 -130 40 -81 122 -162 202 -200 100 -48 124 -58
157 -63 17 -3 50 -11 75 -18 60 -18 504 -17 575 0 28 7 73 16 100 21 28 4 61
13 75 18 14 6 52 18 85 27 69 20 75 22 95 34 8 5 47 22 85 38 39 17 90 43 115
58 25 16 63 39 85 50 90 49 121 69 151 94 17 14 42 35 55 46 13 11 33 27 45
35 135 95 304 303 419 515 21 39 41 75 45 80 4 6 10 21 13 35 3 14 15 50 27
80 12 30 25 71 29 90 4 19 13 45 19 57 7 12 12 39 12 60 1 21 7 65 15 98 20
84 20 368 -1 477 -8 46 -22 105 -30 132 -7 26 -14 54 -14 61 0 7 -7 26 -15 41
-8 16 -15 36 -15 45 0 15 -80 179 -113 234 -72 117 -109 164 -227 287 -112
117 -297 269 -375 308 -11 6 -33 19 -50 29 -16 11 -50 30 -75 42 -25 12 -52
27 -60 34 -25 19 -312 135 -335 135 -8 0 -26 6 -42 14 -32 16 -157 46 -190 46
-12 0 -24 4 -28 9 -3 5 -31 12 -63 16 -72 8 -141 25 -148 37 -7 11 -11 2 95
219 44 91 81 173 81 182 0 9 4 18 9 21 5 4 28 44 50 91 l40 85 670 0 669 0 16
25 c9 13 16 32 16 41 0 10 6 25 13 33 7 9 22 36 32 61 10 25 24 52 30 60 6 8
22 40 34 70 13 30 43 95 67 144 25 49 43 95 40 103 -4 11 -144 13 -795 13
l-790 0 -18 -32z"/>
<path d="M1072 8569 c-42 -12 -92 -80 -92 -125 0 -43 33 -98 74 -124 l33 -20
3344 0 3344 0 40 34 c40 34 40 34 40 106 0 68 -2 73 -30 97 -16 13 -40 29 -53
34 -32 12 -6656 10 -6700 -2z"/>
<path d="M5550 6030 c-8 -5 -49 -10 -90 -10 -71 0 -254 -27 -344 -51 -75 -19
-150 -41 -191 -55 -23 -8 -46 -14 -52 -14 -20 0 -222 -94 -298 -139 -27 -17
-65 -38 -82 -47 -36 -18 -235 -163 -298 -217 -200 -171 -414 -384 -470 -468
-16 -24 -52 -71 -80 -103 -47 -56 -59 -74 -85 -121 -6 -11 -33 -54 -60 -95
-51 -78 -210 -389 -210 -412 0 -7 -7 -22 -15 -32 -8 -11 -15 -29 -15 -41 0
-12 -7 -30 -15 -41 -8 -10 -15 -28 -15 -39 0 -11 -7 -33 -15 -49 -8 -15 -15
-40 -15 -55 0 -15 -7 -36 -15 -47 -8 -10 -14 -28 -15 -39 0 -20 -25 -135 -41
-190 -4 -16 -13 -72 -19 -124 -6 -51 -15 -102 -21 -112 -13 -26 -6 -538 10
-654 7 -49 18 -112 26 -140 8 -27 23 -86 34 -130 31 -125 57 -197 119 -325
125 -260 315 -503 513 -656 35 -27 66 -52 69 -56 3 -4 17 -12 30 -17 14 -6 32
-15 40 -20 8 -5 36 -19 62 -31 27 -12 50 -26 54 -31 3 -5 14 -9 26 -9 11 0 41
-6 67 -14 157 -49 147 -48 361 -43 237 5 294 14 455 75 76 28 130 56 188 94
32 21 61 38 63 38 3 0 31 20 62 44 88 67 284 278 305 326 10 21 28 49 60 91
15 20 27 42 27 47 0 6 6 17 13 24 6 7 27 45 45 83 18 39 40 83 48 98 7 16 14
35 14 43 0 8 6 25 14 37 7 12 21 56 31 97 10 41 24 95 32 120 46 146 46 552 0
712 -9 29 -23 82 -32 118 -10 36 -23 76 -30 90 -23 45 -75 159 -75 165 0 3
-30 45 -66 93 -86 114 -219 250 -291 297 -32 21 -77 51 -101 67 -24 15 -48 28
-55 28 -7 0 -21 7 -31 15 -11 8 -29 15 -41 15 -12 0 -30 7 -41 15 -10 8 -32
15 -47 15 -16 0 -37 5 -48 11 -33 17 -226 28 -344 19 -107 -8 -151 -16 -265
-47 -101 -27 -125 -35 -170 -55 -25 -11 -58 -26 -75 -33 -66 -27 -82 -35 -130
-65 -27 -16 -57 -33 -65 -37 -8 -4 -34 -20 -56 -35 -48 -32 -64 -35 -64 -12 0
17 25 99 46 149 6 17 26 77 44 135 17 58 45 132 61 165 16 33 29 64 29 69 0 9
29 71 102 221 60 124 175 306 230 366 13 14 31 37 41 52 9 15 61 73 115 128
160 168 345 322 472 394 19 10 53 29 75 42 42 24 46 26 110 50 22 8 54 21 70
28 17 7 57 21 90 30 33 9 74 20 90 25 17 5 50 12 75 16 25 4 53 11 62 15 9 5
66 14 125 20 69 7 114 17 126 27 20 18 23 82 5 100 -15 15 -226 16 -248 2z
m-970 -2040 c72 -10 114 -23 190 -58 43 -20 156 -104 182 -134 41 -50 134
-185 149 -218 67 -142 96 -213 109 -270 14 -56 31 -121 46 -172 8 -26 14 -62
14 -80 1 -18 7 -61 14 -95 19 -87 19 -547 1 -628 -8 -33 -22 -94 -31 -135 -9
-41 -23 -85 -30 -97 -8 -12 -14 -31 -14 -41 0 -11 -7 -25 -15 -32 -8 -7 -15
-18 -15 -26 0 -24 -83 -139 -154 -213 -74 -76 -175 -151 -205 -151 -9 0 -22
-5 -28 -11 -19 -19 -165 -48 -244 -49 -89 0 -155 17 -257 68 -56 28 -91 56
-160 127 -107 113 -154 180 -219 315 -56 117 -75 161 -97 235 -37 122 -46 155
-46 175 0 12 -4 29 -9 39 -13 24 -41 214 -51 344 -8 96 2 387 16 502 44 357
39 341 99 376 28 16 59 33 70 39 11 6 34 19 50 30 17 11 53 31 81 45 28 13 54
28 57 32 4 4 22 12 40 18 118 43 161 55 231 65 44 6 82 13 85 16 3 3 19 3 36
0 16 -3 64 -10 105 -16z"/>
</g>
</svg>
