<?xml version="1.0" encoding="UTF-8" standalone="no"?>
<svg
   xmlns:dc="http://purl.org/dc/elements/1.1/"
   xmlns:cc="http://creativecommons.org/ns#"
   xmlns:rdf="http://www.w3.org/1999/02/22-rdf-syntax-ns#"
   xmlns:svg="http://www.w3.org/2000/svg"
   xmlns="http://www.w3.org/2000/svg"
   xmlns:sodipodi="http://sodipodi.sourceforge.net/DTD/sodipodi-0.dtd"
   xmlns:inkscape="http://www.inkscape.org/namespaces/inkscape"
   version="1.0"
   width="245.000000pt"
   height="141.000000pt"
   viewBox="0 0 245.000000 141.000000"
   preserveAspectRatio="xMidYMid meet"
   id="svg2"
   inkscape:version="0.48.4 r9939"
   sodipodi:docname="esperanca.svg">
  <defs
     id="defs170" />
  <sodipodi:namedview
     pagecolor="#ffffff"
     bordercolor="#666666"
     borderopacity="1"
     objecttolerance="10"
     gridtolerance="10"
     guidetolerance="10"
     inkscape:pageopacity="0"
     inkscape:pageshadow="2"
     inkscape:window-width="1600"
     inkscape:window-height="824"
     id="namedview168"
     showgrid="false"
     inkscape:zoom="2.6780142"
     inkscape:cx="159.8159"
     inkscape:cy="96.545982"
     inkscape:window-x="0"
     inkscape:window-y="24"
     inkscape:window-maximized="1"
     inkscape:current-layer="svg2" />
  <metadata
     id="metadata4">
Created by potrace 1.10, written by Peter Selinger 2001-2011
<rdf:RDF>
  <cc:Work
     rdf:about="">
    <dc:format>image/svg+xml</dc:format>
    <dc:type
       rdf:resource="http://purl.org/dc/dcmitype/StillImage" />
  </cc:Work>
</rdf:RDF>
</metadata>
  <rect
     style="fill:#ffffff;fill-opacity:1;stroke:none"
     id="rect3067"
     width="247.34746"
     height="142.79237"
     x="-0.29872882"
     y="-0.59745681" />
  <g
     transform="translate(0.000000,141.000000) scale(0.100000,-0.100000)"
     fill="#000000"
     stroke="none"
     id="g6">
    <path
       d="M2145 1356 l-29 -23 54 1 c30 0 58 6 62 11 5 7 8 6 8 0 0 -6 9 -11 20 -12 11 -1 20 2 20 7 0 5 2 15 5 22 8 19 -53 17 -65 -2 -8 -13 -10 -13 -10 0 0 24 -33 21 -65 -4z"
       id="path8" />
    <path
       d="M2302 1368 c-26 -26 -11 -33 66 -34 68 -1 78 1 78 16 0 11 -5 16 -15 12 -8 -3 -12 -1 -8 5 10 16 -26 12 -46 -5 -16 -15 -17 -14 -11 4 7 19 7 19 -14 0 -12 -11 -25 -16 -29 -13 -3 4 -1 7 5 7 7 0 12 5 12 10 0 14 -23 13 -38 -2z"
       id="path10" />
    <path
       d="M298 1305 c-59 -40 -64 -115 -11 -150 35 -23 214 -27 258 -5 24 12 39 13 72 5 23 -6 48 -16 55 -23 6 -6 20 -12 30 -12 12 0 18 -8 18 -24 0 -14 11 -38 25 -54 29 -35 86 -52 181 -53 48 -1 67 -5 71 -16 3 -8 2 -48 -3 -89 -6 -41 -6 -74 -1 -74 12 0 49 87 54 132 l6 38 56 1 c31 1 59 1 62 1 27 -3 145 21 164 34 34 22 51 86 34 128 -33 83 -111 109 -329 109 -177 1 -249 -13 -287 -54 -32 -34 -40 -35 -73 -11 -14 9 -36 17 -49 17 -25 0 -33 10 -47 59 -14 46 -63 66 -164 66 -75 0 -90 -3 -122 -25z m223 -7 c34 -10 41 -17 51 -52 14 -47 23 -56 59 -56 15 0 32 -7 39 -15 20 -24 74 -19 89 8 9 17 27 26 69 35 95 19 232 24 317 12 44 -6 99 -13 122 -17 25 -3 50 -15 63 -28 23 -25 37 -85 25 -112 -5 -10 -7 -22 -6 -26 2 -12 -60 -35 -110 -41 -24 -2 -79 -5 -121 -5 l-77 -1 -6 -37 c-12 -71 -25 -93 -19 -31 3 31 1 59 -4 62 -5 3 -44 8 -88 11 -90 7 -149 22 -166 42 -6 8 -14 31 -17 51 -5 31 -11 38 -33 40 -15 2 -32 10 -38 18 -7 8 -23 14 -37 14 -13 0 -34 5 -45 11 -15 8 -22 8 -28 -1 -22 -36 -235 -35 -271 1 -34 34 -17 98 29 116 37 15 156 15 203 1z"
       id="path12" />
    <path
       d="M410 1272 c0 -4 9 -8 20 -9 11 -1 20 2 20 5 0 4 -9 8 -20 9 -11 1 -20 -2 -20 -5z"
       id="path14" />
    <path
       d="M311 1219 c0 -25 2 -29 8 -16 6 17 8 17 20 3 21 -25 31 -19 30 17 -1 25 -3 27 -6 9 l-5 -24 -24 23 -24 22 1 -34z"
       id="path16" />
    <path
       d="M395 1227 c-10 -15 -15 -30 -11 -34 3 -3 6 -1 6 5 0 16 27 15 33 0 4 -9 5 -8 6 2 0 8 -4 24 -8 35 -7 18 -9 18 -26 -8z"
       id="path18" />
    <path
       d="M450 1235 c-16 -20 -6 -45 19 -45 20 0 37 32 26 50 -9 15 -31 12 -45 -5z m40 -10 c0 -16 -27 -32 -37 -22 -3 4 -3 13 0 22 8 20 37 20 37 0z"
       id="path20" />
    <path
       d="M512 1230 c0 -14 2 -19 5 -12 2 6 2 18 0 25 -3 6 -5 1 -5 -13z"
       id="path22" />
    <path
       d="M532 1230 c0 -14 2 -19 5 -12 2 6 2 18 0 25 -3 6 -5 1 -5 -13z"
       id="path24" />
    <path
       d="M970 1170 c0 -23 4 -30 20 -30 29 0 38 30 15 46 -28 21 -35 17 -35 -16z m40 -6 c0 -8 -7 -14 -15 -14 -8 0 -15 9 -15 20 0 13 5 18 15 14 8 -4 15 -12 15 -20z"
       id="path26" />
    <path
       d="M1035 1170 c0 -16 5 -30 10 -30 6 0 10 14 10 30 0 17 -4 30 -10 30 -5 0 -10 -13 -10 -30z"
       id="path28" />
    <path
       d="M790 1079 c0 -30 1 -30 48 -28 52 3 94 31 75 50 -14 14 -65 8 -71 -8 -2 -7 3 -13 12 -13 9 0 16 -4 16 -10 0 -13 -10 -13 -43 3 -31 14 -34 24 -9 30 13 4 11 5 -5 6 -19 1 -23 -4 -23 -30z m87 15 c-3 -3 -12 -4 -19 -1 -8 3 -5 6 6 6 11 1 17 -2 13 -5z m33 -4 c0 -5 -4 -10 -10 -10 -5 0 -10 5 -10 10 0 6 5 10 10 10 6 0 10 -4 10 -10z m-83 -26 c-3 -3 -12 -4 -19 -1 -8 3 -5 6 6 6 11 1 17 -2 13 -5z"
       id="path30" />
    <path
       d="M940 1080 c0 -25 4 -30 23 -29 21 0 21 1 2 8 -20 8 -20 8 0 13 16 5 17 6 3 7 -10 0 -18 5 -18 10 0 5 8 12 18 14 13 4 11 5 -5 6 -19 1 -23 -4 -23 -29z"
       id="path32" />
    <path
       d="M991 1078 c0 -18 3 -27 6 -20 4 10 8 10 21 0 12 -10 16 -10 19 0 6 15 33 16 33 0 0 -6 2 -9 5 -6 4 3 3 18 -1 34 l-7 27 -18 -21 c-21 -26 -27 -28 -25 -5 0 10 -7 19 -16 21 -14 3 -18 -3 -17 -30z m29 12 c0 -5 -4 -10 -10 -10 -5 0 -10 5 -10 10 0 6 5 10 10 10 6 0 10 -4 10 -10z"
       id="path34" />
    <path
       d="M1091 1079 c0 -25 2 -29 8 -16 6 17 8 17 20 3 21 -25 31 -19 30 17 -1 25 -3 27 -6 9 l-5 -24 -24 23 -24 22 1 -34z"
       id="path36" />
    <path
       d="M1172 1098 c-17 -17 -15 -37 4 -45 13 -5 13 -7 2 -14 -10 -7 -10 -9 2 -9 9 0 22 9 30 20 16 22 40 27 40 8 0 -6 2 -9 5 -6 4 3 3 18 -1 34 -7 27 -7 27 -24 7 -9 -11 -26 -24 -39 -28 -19 -6 -22 -4 -19 12 2 10 11 17 21 17 9 -1 17 2 17 7 0 13 -24 11 -38 -3z"
       id="path38" />
    <path
       d="M2069 1315 c-9 -15 2 -245 11 -240 10 6 11 144 2 205 -4 25 -10 41 -13 35z"
       id="path40" />
    <path
       d="M2338 1315 c-11 -20 -58 -228 -58 -257 0 -35 16 -8 28 47 5 28 17 83 26 124 15 68 17 109 4 86z"
       id="path42" />
    <path
       d="M1775 1250 c4 -12 19 -70 34 -131 15 -60 31 -112 34 -116 13 -13 7 36 -18 133 -14 54 -25 107 -25 116 0 10 -7 18 -16 18 -11 0 -14 -6 -9 -20z"
       id="path44" />
    <path
       d="M1548 1195 c-3 -4 15 -51 41 -105 27 -53 54 -113 61 -131 10 -25 14 -29 17 -16 5 21 -109 262 -119 252z"
       id="path46" />
    <path
       d="M396 1039 c-6 -40 -2 -59 10 -46 3 3 8 24 11 46 7 54 -12 54 -21 0z"
       id="path48" />
    <path
       d="M466 1014 c-21 -63 -8 -79 15 -18 21 56 23 64 10 64 -5 0 -16 -21 -25 -46z"
       id="path50" />
    <path
       d="M1350 1005 c0 -9 139 -175 146 -175 13 0 -3 24 -62 96 -62 74 -84 95 -84 79z"
       id="path52" />
    <path
       d="M541 969 c-13 -17 -21 -33 -17 -36 8 -9 56 37 56 54 0 20 -13 15 -39 -18z"
       id="path54" />
    <path
       d="M260 924 c-8 -3 -22 -8 -30 -11 -8 -4 -19 -5 -24 -4 -5 1 -12 -2 -15 -6 -12 -18 -76 -58 -88 -55 -12 3 -14 -2 -17 -40 -1 -7 -9 -19 -19 -26 -14 -11 -21 -11 -32 -2 -13 10 -15 8 -15 -15 0 -16 9 -34 22 -45 13 -10 23 -24 24 -32 0 -7 2 -23 2 -35 1 -15 8 -23 20 -23 9 0 23 -9 30 -20 7 -12 23 -20 39 -20 l27 0 -30 -28 c-54 -49 -65 -119 -23 -149 9 -7 19 -30 23 -51 6 -43 26 -65 70 -79 16 -5 36 -19 44 -31 14 -21 14 -21 -70 -19 -45 1 -86 6 -89 11 -4 5 -15 6 -24 2 -14 -5 -15 -9 -5 -21 9 -11 36 -14 118 -13 104 2 107 1 119 -22 7 -14 13 -33 13 -42 0 -10 11 -25 24 -33 20 -14 29 -14 48 -4 13 6 26 18 30 25 5 6 17 10 28 7 22 -6 60 21 60 42 0 6 14 21 30 34 24 17 41 21 78 19 l47 -3 -32 -32 c-18 -17 -33 -35 -33 -40 -1 -16 -38 -53 -54 -53 -8 0 -17 -4 -21 -10 -3 -6 -89 -8 -220 -5 -118 2 -217 0 -220 -5 -7 -12 52 -17 258 -19 117 -1 187 1 183 7 -11 18 38 22 56 5 11 -10 18 -12 18 -5 0 7 12 12 28 11 24 0 25 -1 7 -9 -19 -8 -19 -9 3 -9 12 -1 25 6 28 14 4 8 16 14 28 14 16 -1 17 -2 4 -6 -28 -7 -21 -20 12 -20 16 0 27 4 24 9 -7 10 -1 10 30 -2 18 -6 26 -6 26 1 0 6 4 8 9 5 17 -11 107 -17 91 -7 -13 9 -13 11 0 15 8 3 39 7 69 8 35 2 56 8 59 17 3 9 -1 11 -16 7 -26 -8 -41 13 -18 26 9 5 16 22 16 40 0 23 4 29 16 24 9 -3 44 -6 79 -6 l64 0 -5 -37 c-11 -87 -16 -106 -22 -96 -9 13 -40 10 -113 -11 -50 -15 -115 -16 -535 -14 l-479 3 0 85 c0 82 1 85 23 82 17 -3 22 2 22 18 0 16 -4 19 -18 12 -9 -5 -23 -7 -30 -5 -10 4 -12 -19 -10 -104 l3 -108 1223 -2 1222 -1 -2 51 c-1 48 -2 49 -5 11 l-4 -41 -90 -2 c-60 -1 -88 2 -84 9 3 5 15 10 26 10 24 0 24 6 -1 37 -11 14 -20 34 -20 43 0 10 -6 22 -13 28 -15 13 -187 20 -204 9 -7 -5 -13 -23 -13 -41 0 -36 -15 -56 -43 -56 -10 0 -15 -4 -12 -10 3 -5 17 -10 31 -10 13 0 24 5 24 10 0 6 10 10 23 10 17 0 19 -2 7 -10 -8 -5 -11 -12 -7 -16 9 -10 21 3 41 41 13 25 16 26 16 9 0 -11 -10 -30 -23 -42 -21 -20 -32 -22 -100 -18 -42 2 -83 9 -90 14 -18 16 -135 45 -174 44 -18 0 -33 3 -33 8 0 7 -68 20 -135 25 -25 2 -74 23 -60 26 6 1 21 3 35 4 43 4 243 18 280 20 52 3 36 39 -25 55 -13 4 -21 16 -23 33 -4 34 -31 42 -117 32 -72 -7 -95 -22 -88 -58 3 -17 -2 -28 -20 -40 -13 -8 -32 -24 -42 -34 -10 -10 -20 -13 -22 -8 -2 6 -20 10 -41 9 -20 -1 -41 1 -47 6 -5 4 -37 9 -70 10 -33 1 -68 3 -78 3 -16 1 -17 9 -11 77 4 41 13 90 20 109 12 28 16 31 29 21 13 -10 15 -9 15 9 0 15 -4 20 -12 16 -7 -4 -2 3 12 15 24 21 24 21 3 15 -25 -7 -30 4 -11 23 9 9 9 15 0 24 -10 10 -15 10 -21 -1 -6 -9 -18 -11 -35 -7 -15 4 -26 2 -26 -4 0 -17 -17 -12 -47 14 -29 25 -30 25 -46 5 -9 -10 -17 -27 -17 -37 -1 -13 -6 -11 -26 12 -19 21 -22 31 -14 41 8 9 8 15 0 20 -5 3 -10 15 -10 26 0 23 -100 124 -133 135 -11 3 -30 15 -41 26 -18 17 -21 17 -24 3 -3 -11 -10 -14 -25 -9 -30 9 -48 24 -41 35 3 5 1 9 -5 9 -16 0 -25 -22 -23 -52 2 -18 -3 -31 -13 -34 -21 -8 -19 -21 5 -27 28 -7 26 -37 -3 -37 -13 0 -34 -10 -46 -21 -32 -30 -25 -95 16 -153 30 -42 30 -42 10 -67 -11 -16 -21 -50 -24 -88 -5 -50 -8 -59 -19 -50 -8 6 -23 9 -34 6 -11 -3 -23 -1 -26 4 -3 6 -11 5 -20 -2 -19 -15 -30 -4 -15 15 10 11 7 19 -11 36 -13 12 -36 28 -51 37 -26 13 -31 13 -46 -1 -10 -9 -21 -13 -24 -9 -11 10 -8 48 5 61 16 16 12 74 -6 88 -17 12 -63 7 -72 -7 -14 -23 -21 -5 -12 28 6 22 26 51 50 73 45 40 58 80 52 166 -3 49 0 59 22 80 29 30 29 33 7 50 -13 8 -22 9 -30 2 -19 -15 -80 -1 -86 21 -2 10 -10 18 -18 19 -64 9 -96 10 -109 6z m75 -24 c-3 -5 -27 -10 -53 -9 -35 0 -42 3 -27 9 28 12 88 12 80 0z m120 -50 c23 0 24 -2 15 -20 -13 -25 -28 -25 -55 0 -21 19 -71 18 -59 -2 4 -5 10 -5 17 1 13 10 65 -24 54 -35 -3 -4 -13 1 -22 10 -15 15 -35 14 -35 -2 0 -4 18 -20 39 -36 43 -31 54 -57 43 -99 -5 -19 -11 -24 -21 -18 -11 7 -11 15 -2 42 9 27 9 31 -1 21 -17 -17 -24 -15 -24 7 0 12 5 17 16 13 12 -4 12 -2 3 8 -18 19 -46 4 -38 -20 4 -11 2 -20 -4 -20 -6 0 -11 15 -12 33 0 23 -8 38 -30 56 -28 21 -34 23 -68 12 -50 -15 -61 -14 -61 4 0 8 -4 15 -10 15 -5 0 -10 -7 -10 -16 0 -9 -9 -18 -20 -21 -11 -3 -20 -9 -20 -14 0 -4 -17 -20 -38 -34 -33 -23 -38 -24 -49 -9 -10 13 -6 22 22 50 19 19 43 34 54 34 11 0 37 14 56 32 31 27 44 31 83 30 26 -1 53 2 61 7 10 6 27 3 52 -10 21 -10 50 -19 64 -19z m-270 5 c-31 -26 -45 -31 -45 -17 0 9 51 42 65 41 6 0 -3 -11 -20 -24z m90 -104 c-9 -18 -13 -36 -10 -41 3 -6 1 -10 -5 -10 -7 0 -10 -6 -7 -12 2 -7 9 -13 15 -13 5 0 14 -3 18 -7 4 -5 15 -8 23 -8 9 0 21 -10 26 -22 12 -29 51 -35 75 -13 11 10 21 12 24 7 8 -14 -49 -61 -82 -68 -15 -3 -33 -7 -40 -10 -16 -5 -122 35 -122 46 0 5 5 12 10 15 6 3 10 11 10 17 0 6 -9 3 -19 -6 -26 -24 -53 -17 -70 18 -16 34 -6 73 22 90 15 9 23 5 47 -24 16 -19 30 -33 32 -30 28 36 39 63 29 73 -8 8 -11 6 -11 -6 0 -11 -5 -14 -16 -10 -13 5 -15 2 -9 -18 7 -23 7 -24 -9 -4 -20 26 -21 65 -1 65 8 0 15 -7 15 -17 0 -14 2 -15 18 -1 17 16 44 28 50 23 2 -2 -4 -17 -13 -34z m185 29 c0 -5 -4 -10 -10 -10 -5 0 -10 5 -10 10 0 6 5 10 10 10 6 0 10 -4 10 -10z m-116 -43 c8 -30 6 -41 -7 -54 -15 -16 -18 -15 -37 2 -23 21 -25 34 -8 70 16 36 41 27 52 -18z m-164 23 c0 -5 -2 -10 -4 -10 -3 0 -8 5 -11 10 -3 6 -1 10 4 10 6 0 11 -4 11 -10z m658 -46 c15 -4 40 -20 56 -35 15 -16 34 -29 40 -29 7 0 19 -12 27 -26 7 -14 25 -36 40 -48 15 -13 30 -34 34 -47 4 -13 14 -34 21 -47 16 -25 11 -42 -12 -42 -11 0 -13 6 -9 21 7 21 -27 69 -49 69 -15 0 -139 132 -140 150 -1 8 -10 16 -21 17 -11 2 -14 0 -7 -3 6 -3 12 -10 12 -15 0 -6 -8 -5 -20 1 -11 6 -24 9 -29 6 -4 -3 -6 6 -3 20 3 17 9 23 19 20 8 -4 27 -9 41 -12z m-743 -24 c3 -5 1 -10 -4 -10 -6 0 -11 5 -11 10 0 6 2 10 4 10 3 0 8 -4 11 -10z m841 -4 c10 -8 17 -17 14 -19 -3 -3 -16 3 -30 13 -29 22 -14 27 16 6z m-536 -6 c18 -11 3 -43 -24 -48 -21 -4 -32 24 -16 43 14 17 20 18 40 5z m437 -42 c4 -7 15 -13 23 -13 9 0 14 -8 13 -21 -2 -17 2 -21 17 -17 29 8 26 -32 -5 -63 -14 -14 -25 -27 -25 -29 0 -12 20 -2 44 21 14 15 26 22 26 16 0 -6 -4 -14 -10 -17 -15 -10 -12 -35 5 -35 8 0 15 4 15 10 0 5 9 14 19 20 42 22 70 -53 34 -92 -22 -24 -47 -23 -67 5 l-16 22 2 -25 c3 -21 -2 -25 -37 -31 -65 -11 -140 45 -166 124 -16 50 -3 91 31 95 13 2 35 13 49 23 28 22 37 24 48 7z m189 -55 c-8 -8 -56 45 -56 62 0 5 14 -5 32 -22 18 -18 28 -36 24 -40z m-802 -45 c13 -36 4 -43 -28 -23 -14 9 -30 14 -36 10 -16 -10 -12 6 7 27 22 25 45 19 57 -14z m46 -13 c0 -8 -4 -17 -10 -20 -6 -4 -10 5 -10 20 0 15 4 24 10 20 6 -3 10 -12 10 -20z m90 9 c0 -8 -4 -13 -9 -10 -11 7 -2 -85 10 -100 10 -12 2 -24 -17 -24 -7 0 -12 10 -12 23 1 12 1 41 0 64 -2 37 -4 41 -24 35 -19 -5 -20 -7 -5 -10 9 -2 17 -8 17 -13 0 -6 -8 -6 -20 1 -27 15 -15 38 23 43 18 2 33 5 35 5 1 1 2 -5 2 -14z m791 -49 c5 4 9 1 9 -5 0 -6 5 -8 11 -4 6 3 15 0 20 -7 14 -23 10 -33 -7 -18 -13 11 -15 11 -14 -2 1 -7 2 -23 1 -34 -1 -17 -3 -18 -11 -5 -7 11 -10 12 -10 2 0 -8 9 -25 20 -39 20 -26 28 -101 14 -137 -7 -18 -84 -23 -84 -6 0 6 -11 8 -25 4 -15 -4 -25 -2 -25 5 0 8 -6 8 -19 -1 -16 -10 -25 -7 -55 16 -20 15 -38 39 -42 54 -3 15 -9 37 -14 50 -10 23 -6 26 37 22 12 0 30 7 41 18 10 10 33 22 50 25 28 6 33 3 38 -19 5 -18 10 -22 17 -15 7 7 14 5 23 -7 7 -9 16 -14 20 -9 11 10 -28 44 -46 40 -10 -3 -8 1 4 11 15 12 16 16 5 17 -9 0 -10 2 -2 5 7 3 9 12 6 20 -3 8 0 14 6 14 6 0 12 10 12 23 l2 22 4 -23 c2 -12 9 -20 14 -17z m-973 13 c-4 -16 43 -26 73 -14 32 11 61 2 53 -18 -3 -8 -1 -17 5 -21 6 -3 11 -11 11 -17 0 -7 -6 -6 -15 2 -13 11 -16 8 -21 -19 -7 -32 -24 -43 -24 -16 0 14 -23 20 -60 17 -55 -6 -93 36 -71 77 12 22 53 30 49 9z m272 -28 c0 -5 -7 -10 -15 -10 -8 0 -15 -5 -15 -11 0 -6 -7 -9 -15 -5 -8 3 -15 1 -15 -4 0 -6 11 -10 25 -10 14 0 25 5 25 11 0 5 5 7 12 3 9 -6 9 -9 1 -11 -7 -3 -10 -10 -7 -17 3 -8 -2 -16 -11 -20 -10 -3 -15 -12 -12 -20 6 -16 -39 -40 -48 -26 -4 6 -1 10 5 10 6 0 8 5 4 12 -6 9 -9 9 -12 0 -2 -8 -8 -8 -21 0 -10 6 -26 8 -36 4 -17 -6 -16 -9 9 -34 33 -35 24 -49 -10 -15 -27 27 -30 45 -10 62 11 9 20 9 35 2 13 -8 22 -8 26 -1 4 6 18 9 32 8 15 -2 28 3 31 11 3 8 0 11 -6 7 -16 -9 -52 11 -52 29 0 9 10 15 25 15 14 0 25 5 25 10 0 6 7 10 15 10 8 0 15 -4 15 -10z m770 0 c0 -5 -4 -10 -10 -10 -5 0 -10 5 -10 10 0 6 5 10 10 10 6 0 10 -4 10 -10z m45 -7 c-2 -10 -4 -21 -4 -25 -1 -5 -5 -8 -11 -8 -11 0 -14 33 -3 43 12 13 21 7 18 -10z m-39 -25 c-2 -7 -8 -26 -15 -42 -16 -39 -7 -45 14 -9 15 26 16 27 10 3 -4 -14 -10 -57 -14 -95 -4 -39 -13 -80 -19 -91 -6 -11 -12 -47 -14 -79 -2 -32 -8 -60 -14 -62 -15 -5 -6 91 12 135 18 44 28 127 19 149 -15 33 -14 67 2 85 19 21 22 22 19 6z m-428 -55 c22 -20 39 -63 24 -63 -5 0 -23 -3 -40 -6 -26 -5 -31 -3 -35 17 -4 20 -4 19 -6 -6 -1 -29 30 -93 52 -107 25 -15 -3 -18 -38 -4 l-37 16 4 64 c3 45 10 71 22 85 23 25 28 26 54 4z m-584 -9 c10 -25 -2 -30 -19 -8 -8 10 -14 15 -14 9 0 -15 25 -45 38 -45 6 0 11 -4 11 -10 0 -5 5 -10 11 -10 8 0 8 4 0 14 -9 10 -8 16 4 26 8 7 15 8 15 4 0 -5 10 -14 22 -19 25 -12 45 -41 35 -51 -3 -4 -15 4 -26 17 -11 13 -23 21 -27 16 -4 -4 2 -14 14 -23 12 -8 22 -25 22 -37 0 -19 -3 -18 -20 11 -12 19 -28 32 -40 32 -27 0 -70 43 -70 70 0 25 35 28 44 4z m26 0 c0 -8 -4 -12 -10 -9 -5 3 -10 10 -10 16 0 5 5 9 10 9 6 0 10 -7 10 -16z m663 -19 c4 -8 2 -17 -2 -20 -5 -3 -11 2 -15 10 -3 8 -10 15 -16 15 -13 0 -6 -27 16 -74 20 -41 10 -43 -19 -4 -20 27 -28 66 -18 86 5 9 50 -1 54 -13z m-545 -7 c7 -7 12 -16 12 -20 0 -15 -15 -8 -28 12 -13 22 -3 27 16 8z m82 -22 c6 -8 18 -12 27 -9 13 5 14 -1 8 -38 -4 -24 -14 -55 -23 -69 -10 -14 -22 -37 -29 -52 -13 -31 -51 -47 -64 -27 -13 20 -11 41 2 33 7 -4 10 -2 8 5 -3 7 -8 11 -12 9 -4 -2 -16 12 -27 30 -22 36 -18 52 19 86 30 27 35 14 11 -28 -21 -38 -25 -56 -12 -56 4 0 14 15 21 33 17 37 39 62 48 53 4 -3 -2 -13 -13 -21 -18 -14 -16 -14 16 -8 33 6 49 18 50 36 0 4 -10 3 -22 -4 -18 -10 -20 -9 -14 6 5 15 2 16 -21 10 -23 -5 -25 -4 -14 9 17 20 25 20 41 2z m70 5 c0 -5 11 -12 24 -15 13 -3 26 -13 30 -21 5 -14 4 -14 -16 0 -28 19 -38 19 -38 0 0 -8 9 -15 19 -15 32 0 36 -21 10 -45 -13 -12 -29 -30 -35 -40 -13 -24 -41 -41 -50 -32 -4 4 0 15 9 25 20 22 38 100 30 130 -3 13 -1 22 6 22 6 0 11 -4 11 -9z m458 -97 c22 -18 24 -24 13 -37 -7 -9 -10 -21 -7 -26 4 -6 -3 -15 -15 -22 -17 -9 -19 -13 -8 -20 10 -6 7 -9 -12 -9 -31 0 -44 23 -24 40 18 15 13 75 -8 116 -22 43 -9 52 16 11 10 -17 31 -42 45 -53z m-128 52 c5 -13 22 -33 39 -46 29 -20 47 -71 19 -54 -7 5 -8 3 -3 -6 4 -7 2 -16 -6 -21 -20 -12 -29 -11 -29 4 0 7 -20 35 -45 60 -25 26 -45 51 -45 56 0 8 37 29 53 30 4 1 12 -10 17 -23z m856 -1 c18 -17 34 -20 34 -4 0 5 -4 7 -10 4 -5 -3 -10 -1 -10 5 0 22 35 5 38 -18 2 -15 15 -28 35 -37 27 -11 29 -15 14 -20 -9 -4 -24 -2 -31 4 -9 8 -16 8 -20 2 -7 -11 -46 -11 -46 1 0 12 18 19 22 7 2 -7 8 -6 17 4 11 14 9 16 -16 14 -21 -2 -29 -8 -31 -25 -4 -23 -21 -31 -23 -9 0 10 -2 10 -6 0 -2 -7 -11 -13 -19 -13 -21 0 -7 19 22 30 27 11 32 38 9 46 -17 7 -20 24 -4 24 6 0 17 -7 25 -15z m-78 -6 c-10 -5 -18 -19 -18 -29 0 -10 -3 -21 -7 -23 -5 -3 -7 8 -7 24 2 40 1 39 27 39 20 -1 20 -2 5 -11z m52 -29 c0 -9 -13 -13 -26 -7 -3 1 -12 -11 -20 -26 -8 -15 -20 -25 -25 -21 -7 4 -7 10 0 17 6 6 11 18 11 27 0 10 10 17 30 18 17 1 30 -2 30 -8z m-940 -49 c7 -14 7 -22 -1 -27 -6 -3 -9 -15 -6 -25 3 -10 2 -21 -2 -24 -10 -5 -121 -23 -121 -19 0 8 37 61 60 86 29 33 55 36 70 9z m850 5 c0 -2 -7 -7 -16 -10 -8 -3 -12 -2 -9 4 6 10 25 14 25 6z m-805 -15 c3 -5 16 -8 29 -5 25 4 57 -22 40 -34 -5 -4 -10 -16 -12 -26 -4 -19 -2 -19 22 -3 31 21 36 21 36 3 0 -18 -33 -30 -59 -21 -27 8 -33 31 -14 50 8 9 13 19 9 22 -3 4 -13 -2 -20 -13 -8 -10 -16 -17 -18 -14 -2 3 -12 15 -22 28 -11 12 -14 22 -8 22 6 0 13 -4 17 -9z m630 -21 c50 -7 101 -19 115 -26 26 -15 208 -55 247 -55 12 1 25 -4 28 -9 3 -6 21 -10 38 -10 18 0 38 -4 45 -9 7 -4 -107 -6 -254 -4 -147 2 -270 5 -272 8 -2 2 -15 0 -28 -5 -13 -5 -24 -6 -24 -2 0 9 -73 32 -80 25 -3 -2 4 -11 14 -19 19 -13 19 -14 -5 -14 -24 0 -25 3 -27 70 l-3 70 58 -4 c32 -2 99 -10 148 -16z m710 0 c3 -6 19 -8 36 -5 16 3 29 1 29 -5 0 -5 -9 -10 -21 -10 -11 0 -17 -5 -14 -10 4 -6 12 -9 19 -8 6 2 13 -1 14 -7 1 -5 -9 -11 -23 -13 -19 -3 -25 1 -25 17 0 19 -35 39 -47 27 -4 -3 -2 -6 4 -6 6 0 8 -11 5 -25 -3 -16 -11 -25 -23 -25 -23 0 -25 18 -4 26 14 6 13 8 -1 19 -16 11 -16 13 2 23 24 14 41 15 49 2z m-1315 -64 c0 -8 -58 -1 -67 7 -3 4 -1 7 6 7 9 0 11 8 7 28 l-7 27 31 -32 c16 -18 30 -34 30 -37z m1452 44 c0 -11 1 -26 2 -32 1 -7 7 -18 14 -23 9 -7 4 -10 -19 -10 -19 0 -34 7 -41 19 -8 14 -7 17 1 12 6 -4 19 -2 28 3 16 9 15 10 -8 11 -31 0 -39 7 -32 26 8 22 53 18 55 -6z m-48 -75 c16 -24 16 -25 -4 -25 -12 0 -19 4 -15 9 9 16 -13 22 -34 9 -27 -16 -41 0 -17 18 29 21 52 17 70 -11z m-1089 -15 c-11 -5 -31 -8 -45 -8 -23 0 -22 1 5 8 42 11 65 11 40 0z"
       id="path56" />
    <path
       d="M220 831 c0 -11 26 -22 34 -14 3 3 3 10 0 14 -7 12 -34 11 -34 0z"
       id="path58" />
    <path
       d="M335 810 c3 -5 10 -10 16 -10 5 0 9 5 9 10 0 6 -7 10 -16 10 -8 0 -12 -4 -9 -10z"
       id="path60" />
    <path
       d="M96 764 c-9 -24 -8 -25 14 -12 23 15 26 28 6 28 -8 0 -17 -7 -20 -16z"
       id="path62" />
    <path
       d="M233 625 c0 -14 3 -28 8 -31 5 -3 9 4 9 16 0 12 5 18 10 15 6 -3 10 1 10 9 0 9 -8 16 -19 16 -13 0 -18 -7 -18 -25z"
       id="path64" />
    <path
       d="M276 624 c-9 -22 -8 -24 9 -18 8 4 15 12 15 20 0 19 -16 18 -24 -2z"
       id="path66" />
    <path
       d="M307 593 c-16 -15 -5 -22 26 -16 47 8 57 23 16 23 -20 0 -39 -3 -42 -7z"
       id="path68" />
    <path
       d="M305 729 c-4 -12 -2 -26 5 -33 10 -8 11 -7 8 4 -3 8 -1 23 4 33 5 10 5 17 -1 17 -5 0 -13 -9 -16 -21z"
       id="path70" />
    <path
       d="M325 720 c-3 -5 -1 -10 4 -10 6 0 11 5 11 10 0 6 -2 10 -4 10 -3 0 -8 -4 -11 -10z"
       id="path72" />
    <path
       d="M910 625 c0 -7 38 -45 45 -45 14 0 3 31 -14 40 -22 11 -31 13 -31 5z"
       id="path74" />
    <path
       d="M772 600 c-18 -11 -35 -27 -39 -36 -8 -21 13 -64 32 -64 19 0 20 16 0 24 -17 6 -19 24 -6 45 8 12 12 12 25 2 12 -10 16 -9 25 8 24 44 12 51 -37 21z"
       id="path76" />
    <path
       d="M824 554 c-13 -19 -14 -28 -5 -37 15 -15 56 25 48 47 -9 23 -24 20 -43 -10z"
       id="path78" />
    <path
       d="M740 485 c0 -22 71 -78 83 -66 8 8 3 19 -17 40 -31 33 -66 46 -66 26z m40 -26 c0 -6 -4 -7 -10 -4 -5 3 -10 11 -10 16 0 6 5 7 10 4 6 -3 10 -11 10 -16z"
       id="path80" />
    <path
       d="M413 220 c-6 -16 -7 -30 -2 -30 9 0 29 33 29 49 0 22 -16 10 -27 -19z"
       id="path82" />
    <path
       d="M512 250 c-7 -11 -9 -20 -4 -20 10 0 32 22 32 32 0 15 -15 8 -28 -12z"
       id="path84" />
    <path
       d="M940 185 c0 -14 -5 -25 -12 -25 -6 0 -8 -3 -4 -7 9 -9 36 25 36 44 0 7 -4 13 -10 13 -5 0 -10 -11 -10 -25z"
       id="path86" />
    <path
       d="M1365 120 c-3 -5 1 -10 9 -10 9 0 16 5 16 10 0 6 -4 10 -9 10 -6 0 -13 -4 -16 -10z"
       id="path88" />
    <path
       d="M1422 111 c-11 -7 -11 -9 2 -14 10 -4 16 -1 16 8 0 17 -1 17 -18 6z"
       id="path90" />
    <path
       d="M596 905 c-11 -8 -17 -17 -14 -21 8 -8 48 14 48 26 0 14 -12 12 -34 -5z"
       id="path92" />
    <path
       d="M55 849 c-4 -6 -5 -12 -2 -15 2 -3 7 2 10 11 7 17 1 20 -8 4z"
       id="path94" />
    <path
       d="M1200 821 c0 -13 120 -94 128 -86 4 4 -1 12 -12 19 -10 6 -37 26 -60 43 -42 34 -56 40 -56 24z"
       id="path96" />
    <path
       d="M730 710 c0 -5 5 -10 11 -10 5 0 7 5 4 10 -3 6 -8 10 -11 10 -2 0 -4 -4 -4 -10z"
       id="path98" />
    <path
       d="M2413 678 c-21 -7 -33 -17 -33 -28 0 -23 -31 -50 -37 -32 -8 22 -43 13 -53 -13 -11 -28 -50 -35 -50 -9 0 13 -6 15 -27 9 -36 -9 -63 -33 -63 -57 0 -17 -11 -23 -34 -19 -5 1 -12 -2 -15 -7 -3 -5 -21 -12 -38 -15 -28 -6 -33 -4 -33 13 0 18 -2 18 -45 3 -33 -11 -45 -20 -45 -35 0 -13 -14 -26 -47 -41 -31 -13 -42 -22 -31 -25 15 -3 61 13 155 54 17 8 40 14 51 14 23 0 153 46 161 58 3 4 46 21 94 37 81 27 88 31 82 52 -5 22 6 29 38 24 4 0 7 6 7 14 0 8 -1 15 -2 14 -2 -1 -18 -6 -35 -11z m-183 -109 c0 -5 -5 -9 -12 -9 -6 0 -20 -7 -30 -17 -16 -14 -18 -14 -18 -1 0 9 10 22 23 31 22 15 37 14 37 -4z m-210 -67 c0 -12 -59 -31 -65 -22 -3 5 3 13 12 19 21 12 53 14 53 3z"
       id="path100" />
    <path
       d="M2420 630 c0 -5 4 -10 9 -10 6 0 13 5 16 10 3 6 -1 10 -9 10 -9 0 -16 -4 -16 -10z"
       id="path102" />
    <path
       d="M640 589 c-7 -17 -13 -44 -12 -60 1 -30 36 -89 53 -89 14 0 11 12 -11 35 -26 27 -29 85 -6 119 13 21 14 26 2 26 -7 0 -19 -14 -26 -31z"
       id="path104" />
    <path
       d="M1243 606 c2 -6 10 -11 18 -11 20 0 33 -25 20 -38 -15 -15 -14 -27 3 -27 8 0 17 -6 19 -12 4 -10 7 -10 15 0 7 10 15 5 35 -22 27 -35 37 -60 15 -38 -13 13 -29 16 -27 5 1 -5 1 -19 -1 -33 -1 -22 -2 -23 -9 -6 -6 15 -10 16 -15 7 -5 -8 -3 -18 5 -25 11 -11 19 -10 39 0 21 11 22 14 7 20 -9 3 -17 10 -17 15 0 6 8 5 19 -1 30 -15 33 -13 25 23 -4 17 -8 43 -9 57 -3 37 -4 40 -16 40 -7 0 -9 -10 -6 -25 3 -16 0 -24 -7 -22 -6 2 -11 12 -11 22 0 10 -6 20 -12 22 -7 3 -13 0 -13 -6 0 -6 -5 -11 -11 -11 -6 0 -8 7 -5 16 3 8 3 26 0 38 -4 17 -13 23 -35 23 -17 0 -28 -5 -26 -11z"
       id="path106" />
    <path
       d="M596 578 c-11 -43 -7 -86 10 -92 13 -5 14 -2 9 11 -10 23 -10 41 0 76 4 16 3 27 -3 27 -5 0 -12 -10 -16 -22z"
       id="path108" />
    <path
       d="M1186 566 c-20 -42 -20 -56 -1 -56 8 0 14 3 13 8 -1 4 2 19 7 35 6 22 10 25 21 16 11 -9 14 -7 14 10 0 35 -35 26 -54 -13z"
       id="path110" />
    <path
       d="M78 553 c-34 -60 -31 -121 9 -165 27 -30 35 -8 8 24 -31 36 -32 81 -5 126 22 36 24 42 12 42 -4 0 -15 -12 -24 -27z"
       id="path112" />
    <path
       d="M25 534 c-19 -46 -19 -75 0 -100 14 -18 15 -16 9 23 -4 28 -1 51 10 74 19 38 19 39 6 39 -5 0 -17 -16 -25 -36z"
       id="path114" />
    <path
       d="M2430 550 c0 -5 5 -10 10 -10 6 0 10 5 10 10 0 6 -4 10 -10 10 -5 0 -10 -4 -10 -10z"
       id="path116" />
    <path
       d="M2323 530 c-18 -4 -44 -15 -57 -24 -21 -13 -24 -21 -19 -48 5 -27 2 -35 -23 -55 l-29 -23 25 -1 c14 -1 29 -1 34 0 6 1 27 3 48 3 47 0 56 13 29 36 -15 12 -19 24 -15 40 9 31 34 28 34 -3 0 -42 19 -56 53 -39 15 8 27 11 27 7 0 -5 5 0 11 10 6 10 9 19 7 20 -32 17 -45 28 -58 52 -18 33 -24 35 -67 25z m47 -24 c0 -7 9 -25 21 -40 11 -14 18 -26 16 -26 -3 0 -13 -3 -23 -7 -11 -4 -15 -3 -11 4 4 6 3 13 -1 15 -13 5 -23 68 -12 68 6 0 10 -6 10 -14z m-34 -3 c-4 -5 -11 -8 -14 -9 -28 -3 -41 -17 -32 -34 7 -13 6 -20 -3 -23 -7 -2 -3 -8 11 -16 12 -6 22 -17 22 -23 0 -7 -5 -7 -14 1 -11 10 -20 10 -37 1 -17 -10 -20 -10 -13 2 5 7 9 27 10 43 2 51 3 53 27 58 38 7 51 7 43 0z"
       id="path118" />
    <path
       d="M2120 450 c0 -8 25 -20 41 -20 20 0 7 18 -16 22 -14 3 -25 2 -25 -2z"
       id="path120" />
    <path
       d="M2325 440 c-3 -5 -1 -10 4 -10 6 0 11 5 11 10 0 6 -2 10 -4 10 -3 0 -8 -4 -11 -10z"
       id="path122" />
    <path
       d="M1800 433 c-8 -3 -23 -14 -33 -24 -21 -22 -73 -25 -80 -5 -4 10 -16 14 -34 12 -15 -2 -38 -4 -49 -5 -14 -1 -24 -10 -28 -25 -8 -31 -65 -42 -83 -16 -8 11 -20 16 -33 13 -26 -7 -26 -23 -1 -23 32 0 35 -19 5 -30 -15 -6 -24 -13 -21 -17 4 -3 21 1 39 10 30 14 70 24 107 26 8 1 11 8 8 21 -4 16 1 21 30 26 27 5 38 3 45 -10 5 -9 21 -16 36 -16 47 1 137 26 136 38 -2 28 -5 32 -16 31 -7 0 -20 -3 -28 -6z"
       id="path124" />
    <path
       d="M1865 400 c-3 -5 1 -10 9 -10 9 0 16 5 16 10 0 6 -4 10 -9 10 -6 0 -13 -4 -16 -10z"
       id="path126" />
    <path
       d="M1985 403 c-32 -9 -42 -21 -43 -55 0 -20 -9 -39 -21 -50 -26 -20 -26 -28 -1 -28 11 0 20 5 20 10 0 6 5 10 10 10 6 0 10 -7 10 -15 0 -18 36 -28 81 -22 30 4 32 5 12 12 -19 6 -22 13 -18 41 2 19 0 32 -4 29 -5 -2 -11 4 -14 15 -3 11 -13 20 -24 20 -17 -1 -17 -1 0 -14 20 -15 23 -36 5 -36 -6 0 -4 -6 6 -13 16 -12 16 -14 2 -26 -12 -10 -16 -10 -16 -2 0 7 -5 9 -12 5 -8 -5 -9 -2 -5 9 3 10 2 17 -3 17 -6 0 -10 13 -10 30 0 41 32 58 60 30 11 -11 32 -20 46 -20 20 0 24 -3 17 -12 -6 -7 -8 -29 -6 -48 l5 -36 44 10 c51 12 62 31 34 61 -11 12 -20 31 -20 42 0 12 -7 24 -16 27 -24 9 -116 15 -139 9z m85 -23 c0 -5 -5 -10 -11 -10 -5 0 -7 5 -4 10 3 6 8 10 11 10 2 0 4 -4 4 -10z m51 -24 c1 -11 1 -27 0 -35 -2 -7 2 -10 8 -7 13 8 24 -11 15 -25 -4 -8 -9 -7 -16 2 -8 12 -10 12 -15 0 -10 -25 -21 10 -13 40 7 22 5 29 -6 29 -14 0 -19 12 -8 23 12 11 34 -5 35 -27z"
       id="path128" />
    <path
       d="M2181 384 c0 -11 3 -14 6 -6 3 7 2 16 -1 19 -3 4 -6 -2 -5 -13z"
       id="path130" />
    <path
       d="M1623 383 c-7 -2 -13 -9 -13 -15 0 -12 41 -6 41 7 1 12 -11 15 -28 8z"
       id="path132" />
    <path
       d="M1403 358 c-6 -7 -13 -25 -17 -40 -3 -16 -12 -28 -18 -28 -6 0 -20 -7 -30 -16 -16 -16 -18 -16 -24 0 -13 34 -55 15 -67 -31 -7 -31 8 -29 79 7 61 32 123 75 91 64 -13 -5 -16 -2 -11 10 3 9 9 14 13 12 4 -3 8 4 8 15 2 22 -10 25 -24 7z m-108 -99 c-10 -15 -25 -10 -19 6 4 8 10 12 15 9 5 -3 7 -10 4 -15z"
       id="path134" />
    <path
       d="M2220 334 c0 -9 5 -14 12 -12 18 6 21 28 4 28 -9 0 -16 -7 -16 -16z"
       id="path136" />
    <path
       d="M1847 333 c-14 -13 -6 -24 15 -21 27 4 36 28 11 28 -11 0 -23 -3 -26 -7z"
       id="path138" />
    <path
       d="M2337 334 c-4 -4 -7 -17 -7 -30 0 -12 -12 -37 -27 -54 -21 -26 -24 -33 -12 -41 8 -5 21 -9 30 -9 8 0 20 -5 27 -12 9 -9 12 -5 12 19 0 20 -6 33 -17 37 -10 4 -13 10 -8 14 6 4 10 18 10 32 0 23 4 25 45 27 43 1 44 0 23 -14 -13 -9 -23 -22 -23 -30 0 -8 -4 -12 -9 -8 -5 3 -12 1 -16 -5 -3 -5 1 -10 10 -10 12 0 15 -7 10 -32 -4 -23 0 -41 14 -62 l19 -28 17 26 c10 15 15 30 11 34 -4 3 -11 0 -16 -8 -5 -8 -13 -11 -17 -6 -4 5 -2 11 5 13 6 3 12 9 12 15 0 6 -6 8 -14 5 -11 -4 -13 3 -9 36 6 45 18 66 30 52 5 -4 2 -10 -5 -12 -13 -5 -7 -23 9 -23 5 0 8 17 6 38 -4 37 -4 37 -53 40 -28 2 -53 0 -57 -4z m3 -110 c0 -8 -4 -12 -10 -9 -5 3 -10 10 -10 16 0 5 5 9 10 9 6 0 10 -7 10 -16z"
       id="path140" />
    <path
       d="M1433 290 c-24 -10 -43 -26 -43 -34 0 -8 -3 -21 -6 -29 -7 -19 46 -34 56 -16 4 6 13 8 19 4 7 -4 25 -1 42 5 29 12 31 22 13 78 -5 17 -32 15 -81 -8z m67 -24 c0 -27 -15 -43 -24 -27 -4 5 -1 13 5 16 5 4 8 13 5 21 -3 8 -1 14 4 14 6 0 10 -11 10 -24z m-49 6 c11 -5 14 -13 9 -27 -7 -19 -8 -19 -18 5 -8 21 -11 22 -17 8 -4 -9 -4 -22 0 -28 3 -5 2 -10 -3 -10 -16 0 -23 31 -11 46 13 15 16 16 40 6z"
       id="path142" />
    <path
       d="M2055 290 c3 -5 8 -10 11 -10 2 0 4 5 4 10 0 6 -5 10 -11 10 -5 0 -7 -4 -4 -10z"
       id="path144" />
    <path
       d="M2442 225 c0 -16 2 -22 5 -12 2 9 2 23 0 30 -3 6 -5 -1 -5 -18z"
       id="path146" />
    <path
       d="M1882 220 c-8 -13 -8 -20 -2 -20 6 0 13 7 17 15 9 24 -1 27 -15 5z"
       id="path148" />
    <path
       d="M1920 210 c0 -5 4 -10 9 -10 6 0 13 5 16 10 3 6 -1 10 -9 10 -9 0 -16 -4 -16 -10z"
       id="path150" />
    <path
       d="M248 194 c-5 -4 -8 -17 -8 -29 0 -25 35 -62 44 -47 3 6 -1 12 -8 15 -8 3 -16 20 -18 37 -2 18 -6 28 -10 24z"
       id="path152" />
    <path
       d="M210 180 c0 -5 5 -10 10 -10 6 0 10 5 10 10 0 6 -4 10 -10 10 -5 0 -10 -4 -10 -10z"
       id="path154" />
    <path
       d="M170 166 c0 -21 21 -31 30 -15 5 7 6 17 4 21 -9 14 -34 9 -34 -6z"
       id="path156" />
    <path
       d="M216 151 c-5 -7 -3 -18 3 -24 14 -14 20 -6 11 17 -5 15 -9 16 -14 7z"
       id="path158" />
    <path
       d="M1040 100 c0 -5 5 -10 10 -10 6 0 10 5 10 10 0 6 -4 10 -10 10 -5 0 -10 -4 -10 -10z"
       id="path160" />
    <path
       d="M2337 93 c-12 -11 -8 -23 8 -23 8 0 15 7 15 15 0 16 -12 20 -23 8z"
       id="path162" />
    <path
       d="M2370 85 c0 -8 5 -15 10 -15 6 0 10 7 10 15 0 8 -4 15 -10 15 -5 0 -10 -7 -10 -15z"
       id="path164" />
    <path
       d="M960 70 c0 -5 5 -10 10 -10 6 0 10 5 10 10 0 6 -4 10 -10 10 -5 0 -10 -4 -10 -10z"
       id="path166" />
  </g>
  <rect
     style="fill:#ffffff;fill-opacity:1;stroke:none"
     id="rect3147"
     width="35.847462"
     height="8.5884533"
     x="106.79554"
     y="26.512182"
     transform="scale(0.8,0.8)" />
  <rect
     style="fill:#ffffff;fill-opacity:1;stroke:none"
     id="rect3149"
     width="58.998947"
     height="19.043962"
     x="98.580505"
     y="28.379236"
     transform="scale(0.8,0.8)" />
  <text
     xml:space="preserve"
     style="font-size:7.87553263px;font-style:normal;font-variant:normal;font-weight:bold;font-stretch:normal;text-align:center;line-height:125%;letter-spacing:0px;word-spacing:0px;text-anchor:middle;fill:#000000;fill-opacity:1;stroke:none;font-family:Comic Sans MS;-inkscape-font-specification:Sans Bold"
     x="104.22872"
     y="26.025244"
     id="text3151"
     sodipodi:linespacing="125%"><tspan
       sodipodi:role="line"
       x="104.22872"
       y="26.025244"
       id="tspan3155">DE</tspan><tspan
       sodipodi:role="line"
       x="104.22872"
       y="35.869659"
       id="tspan3159">ESPERANÇA</tspan></text>
</svg>
