<?xml version="1.0" standalone="no"?>
<!DOCTYPE svg PUBLIC "-//W3C//DTD SVG 20010904//EN"
 "http://www.w3.org/TR/2001/REC-SVG-20010904/DTD/svg10.dtd">
<svg version="1.0" xmlns="http://www.w3.org/2000/svg"
 width="900.000000pt" height="1644.000000pt" viewBox="0 0 900.000000 1644.000000"
 preserveAspectRatio="xMidYMid meet">
<metadata>
Created by potrace 1.10, written by Peter Selinger 2001-2011
</metadata>
<g transform="translate(0.000000,1644.000000) scale(0.100000,-0.100000)"
fill="#000000" stroke="none">
<path d="M2535 14645 c-16 -8 -40 -14 -51 -15 -70 -1 -253 -77 -341 -142 -29
-21 -55 -38 -59 -38 -9 0 -193 -186 -220 -224 -61 -82 -194 -289 -194 -300 0
-4 -13 -34 -30 -68 -16 -33 -30 -66 -30 -74 0 -13 68 -54 89 -54 6 0 36 35 67
78 162 221 356 364 549 403 128 26 175 29 256 20 152 -18 149 -17 284 -82 93
-45 215 -163 262 -255 62 -120 83 -212 83 -364 -1 -289 -106 -523 -316 -700
-39 -33 -151 -109 -178 -121 -11 -5 -28 -13 -36 -18 -78 -47 -306 -131 -354
-131 -14 0 -36 -4 -50 -10 -21 -8 -26 -16 -26 -45 0 -21 5 -35 13 -36 6 0 37
-2 67 -4 74 -4 246 -30 295 -45 62 -18 154 -49 173 -59 9 -5 62 -30 117 -57
165 -80 265 -156 364 -279 58 -72 171 -333 171 -396 0 -14 6 -31 13 -37 20
-21 16 -321 -6 -402 -33 -123 -89 -242 -149 -315 -43 -53 -157 -162 -185 -178
-161 -89 -201 -105 -293 -119 -88 -12 -231 -19 -244 -10 -6 4 -38 12 -71 19
-111 21 -138 31 -339 132 -219 109 -255 122 -364 128 -59 4 -80 1 -115 -16
-54 -27 -65 -37 -106 -89 -31 -39 -33 -49 -34 -115 0 -83 10 -104 83 -177 54
-54 130 -95 225 -121 137 -38 660 -37 840 2 128 27 238 58 310 86 118 46 307
154 390 223 145 122 313 326 377 460 64 135 81 174 89 210 4 19 15 60 24 90
33 108 37 148 38 350 2 167 -1 214 -15 255 -9 28 -25 79 -36 115 -35 112 -50
146 -99 226 -72 121 -169 231 -279 317 -62 49 -200 137 -214 137 -17 0 -108
48 -116 61 -4 8 44 62 128 143 165 161 254 272 316 396 13 25 27 52 32 60 21
35 62 156 71 208 18 111 9 256 -24 368 -31 108 -132 269 -230 366 -46 46 -151
123 -183 134 -10 4 -25 12 -33 18 -25 19 -143 58 -256 83 -98 22 -408 27 -450
8z"/>
<path d="M5885 14645 c-16 -8 -40 -14 -52 -15 -22 0 -68 -17 -126 -46 -16 -8
-35 -14 -42 -14 -8 0 -33 -13 -57 -28 -24 -16 -69 -46 -100 -66 -31 -20 -75
-55 -96 -77 -22 -21 -44 -39 -50 -39 -9 0 -42 -35 -112 -119 -19 -24 -45 -54
-58 -68 -13 -14 -35 -44 -49 -67 -14 -22 -41 -64 -59 -91 -35 -54 -144 -264
-144 -279 0 -5 -11 -33 -25 -62 -14 -30 -28 -68 -32 -86 -3 -18 -11 -44 -18
-58 -30 -60 -45 -102 -45 -124 0 -13 -7 -40 -15 -59 -8 -20 -15 -50 -15 -67 0
-17 -5 -40 -11 -52 -12 -22 -31 -129 -30 -168 0 -14 -4 -34 -8 -45 -12 -26
-29 -230 -36 -415 -8 -210 14 -595 39 -700 6 -23 32 -180 44 -260 2 -19 11
-44 18 -55 8 -11 14 -32 14 -48 0 -16 5 -38 12 -50 6 -12 15 -35 19 -52 23
-93 146 -369 207 -466 9 -15 32 -51 50 -80 46 -75 103 -153 119 -162 7 -4 13
-13 13 -20 0 -15 171 -187 185 -187 6 0 20 -11 33 -25 27 -28 190 -125 210
-125 8 0 26 -6 40 -14 74 -39 154 -51 332 -50 144 0 181 3 207 17 18 9 44 17
58 17 15 0 39 7 53 15 15 8 61 30 102 50 41 19 89 44 105 55 17 11 37 23 45
27 22 9 131 97 159 127 14 14 30 26 37 26 7 0 19 10 25 23 7 12 43 56 81 98
37 42 68 80 68 86 0 5 14 29 30 51 17 23 30 44 30 48 0 3 11 20 24 37 13 18
32 52 44 77 11 25 40 88 65 140 45 98 63 144 77 195 4 17 12 41 18 55 32 80
84 313 103 470 6 47 12 101 15 120 15 123 22 275 22 480 1 204 -3 277 -23 470
-10 94 -46 301 -61 348 -8 23 -14 50 -14 59 0 17 -49 174 -78 248 -81 212
-234 475 -333 574 -22 21 -39 43 -39 48 0 22 -232 220 -290 246 -8 4 -28 16
-45 27 -16 11 -37 23 -45 26 -8 3 -28 12 -45 19 -53 22 -99 37 -152 49 -28 6
-55 15 -59 19 -14 13 -307 6 -339 -8z m358 -222 c89 -33 156 -88 234 -193 41
-55 143 -257 143 -283 0 -7 7 -22 15 -33 8 -10 15 -26 15 -35 0 -9 6 -39 14
-65 55 -190 93 -386 106 -554 4 -58 13 -143 18 -190 13 -105 13 -880 1 -1050
-5 -69 -13 -177 -18 -240 -10 -128 -27 -270 -42 -345 -6 -27 -14 -75 -18 -105
-4 -30 -13 -68 -19 -83 -7 -16 -12 -41 -12 -57 0 -16 -6 -44 -14 -62 -7 -18
-21 -58 -31 -88 -22 -71 -81 -196 -111 -237 -13 -17 -24 -37 -24 -43 0 -6 -35
-46 -77 -88 -79 -79 -187 -152 -226 -152 -12 0 -31 -7 -41 -15 -14 -10 -45
-15 -100 -15 -175 0 -328 87 -431 245 -36 55 -112 219 -130 280 -9 33 -24 75
-31 93 -8 18 -14 43 -14 55 0 12 -7 31 -15 41 -8 11 -15 31 -15 45 0 24 -8 66
-41 211 -7 30 -16 91 -20 135 -4 44 -13 112 -19 150 -12 76 -31 463 -31 615 0
222 29 760 41 775 5 6 11 58 13 115 5 118 30 300 46 343 6 16 11 41 11 56 0
15 12 65 26 112 14 46 30 101 35 123 5 21 26 73 45 115 20 42 40 85 46 96 24
53 102 166 144 210 40 41 131 99 194 123 94 36 228 34 333 -5z"/>
<path d="M1035 8074 c-68 -20 -115 -72 -115 -127 0 -47 23 -88 60 -111 26 -15
302 -16 3482 -16 l3453 1 26 22 c14 12 33 40 43 63 17 40 17 42 -4 88 -17 38
-30 51 -68 69 l-47 22 -3390 2 c-2961 1 -3396 0 -3440 -13z"/>
<path d="M6020 5680 c-19 -5 -64 -13 -100 -18 -196 -29 -361 -120 -597 -330
-29 -26 -53 -50 -53 -55 0 -5 -27 -38 -60 -74 -33 -36 -60 -70 -60 -76 0 -5
-13 -26 -30 -47 -16 -21 -30 -41 -30 -45 0 -4 -12 -24 -27 -44 -26 -34 -44
-66 -77 -143 -8 -18 -26 -58 -41 -88 -55 -112 -135 -349 -155 -462 -5 -27 -11
-52 -15 -57 -6 -11 -31 -165 -45 -281 -30 -243 -30 -771 0 -960 40 -254 67
-384 102 -485 5 -16 13 -44 17 -60 4 -17 13 -40 19 -52 7 -12 12 -29 12 -38 0
-16 28 -79 113 -250 52 -106 56 -114 101 -185 49 -79 90 -135 103 -143 7 -4
13 -15 13 -24 0 -25 219 -236 295 -284 39 -24 79 -50 90 -57 23 -14 26 -15
125 -53 104 -39 188 -53 305 -53 136 1 293 36 389 88 27 14 55 26 63 26 18 0
172 100 238 154 27 23 61 50 74 61 13 11 31 29 40 39 9 11 26 29 39 41 12 12
22 27 22 32 0 5 12 20 26 34 14 13 46 56 71 94 26 39 64 96 85 129 21 32 38
63 38 68 0 6 23 56 51 112 28 55 55 115 59 131 8 29 17 56 45 135 25 69 45
143 45 166 0 13 6 43 13 66 19 59 37 158 47 253 5 44 12 94 15 110 22 114 32
637 15 815 -10 115 -38 313 -49 358 -5 20 -17 73 -27 117 -20 93 -100 340
-120 372 -8 12 -14 28 -14 34 0 17 -39 97 -51 105 -5 3 -9 12 -9 21 0 8 -13
35 -30 60 -16 24 -30 48 -30 52 0 5 -20 36 -45 70 -25 34 -45 63 -45 66 0 3
-30 43 -67 88 -212 262 -451 415 -703 452 -52 8 -108 16 -125 19 -16 2 -46 0
-65 -4z m182 -224 c89 -24 132 -52 215 -140 66 -69 90 -105 136 -198 54 -107
78 -166 97 -233 4 -16 13 -43 18 -60 11 -33 30 -108 43 -170 44 -218 51 -263
56 -375 2 -59 10 -111 16 -119 17 -20 22 -904 7 -1101 -6 -80 -15 -199 -20
-265 -17 -230 -35 -354 -76 -517 -8 -32 -14 -67 -14 -78 0 -28 -66 -222 -98
-290 -33 -67 -117 -183 -168 -231 -53 -48 -120 -99 -132 -99 -5 0 -15 -6 -21
-14 -7 -8 -27 -18 -44 -22 -18 -3 -38 -11 -46 -18 -23 -18 -229 -14 -271 5
-19 9 -46 21 -60 27 -54 22 -149 103 -188 158 -64 93 -154 283 -172 364 -4 19
-12 46 -18 60 -15 38 -39 127 -56 210 -8 41 -21 100 -27 130 -7 30 -16 89 -20
130 -4 41 -13 111 -19 155 -12 92 -32 475 -32 615 0 166 21 612 32 700 6 47
15 132 20 190 11 139 36 314 49 339 6 11 11 39 11 63 1 24 12 75 26 113 14 39
29 88 33 110 4 22 26 80 49 128 23 49 42 91 42 94 0 4 24 43 54 87 56 82 134
167 177 191 72 40 141 65 219 79 37 6 122 -2 182 -18z"/>
<path d="M2538 5595 c-6 -7 -544 -1084 -703 -1409 -58 -120 -103 -222 -98
-227 4 -4 55 -10 113 -12 246 -12 540 -63 720 -125 99 -35 287 -129 378 -190
35 -23 66 -42 69 -42 7 0 205 -180 220 -202 7 -9 34 -40 59 -70 25 -29 50 -62
55 -73 13 -28 30 -55 55 -90 12 -17 36 -64 54 -105 29 -68 40 -100 80 -240 8
-27 15 -118 17 -233 3 -155 1 -194 -12 -219 -8 -17 -15 -37 -15 -44 0 -19 -28
-103 -48 -144 -34 -69 -126 -198 -188 -263 -44 -46 -153 -134 -194 -155 -19
-10 -48 -26 -65 -35 -16 -8 -48 -22 -70 -30 -125 -44 -142 -47 -300 -47 -158
0 -213 9 -287 46 -14 8 -31 14 -36 14 -6 0 -49 24 -97 52 -47 29 -105 64 -128
77 -23 13 -58 37 -79 53 -57 44 -103 59 -184 60 -86 0 -145 -23 -201 -80 -33
-32 -61 -86 -55 -106 2 -4 -2 -14 -9 -22 -8 -10 -6 -30 10 -84 26 -85 104
-187 175 -226 89 -50 161 -73 306 -99 165 -30 436 -10 635 45 44 12 89 24 100
27 26 6 237 94 251 105 6 4 31 19 55 32 24 13 60 33 79 45 19 11 42 24 50 28
17 7 46 29 109 81 130 107 191 164 239 223 29 35 65 79 80 97 15 19 29 39 31
45 2 7 17 28 32 48 16 20 29 41 29 46 0 11 29 69 53 105 26 37 87 207 102 278
4 19 11 40 15 45 13 16 22 139 22 310 0 233 -3 255 -61 448 -12 37 -25 75 -30
85 -5 9 -17 37 -27 62 -94 231 -383 541 -659 706 -67 40 -300 154 -315 154 -7
0 -24 6 -38 14 -31 16 -84 35 -127 45 -17 4 -40 13 -52 19 -12 7 -34 12 -48
12 -14 0 -34 4 -44 10 -17 9 -66 19 -216 44 -48 8 -71 16 -73 27 -1 8 57 134
130 279 l133 265 630 5 630 5 22 44 c13 25 27 49 33 55 5 5 10 16 10 22 0 7
21 57 46 111 25 54 55 118 66 143 11 25 30 67 44 94 13 27 21 53 18 57 -6 10
-1487 13 -1496 4z"/>
</g>
</svg>
