<?xml version="1.0" standalone="no"?>
<!DOCTYPE svg PUBLIC "-//W3C//DTD SVG 20010904//EN"
 "http://www.w3.org/TR/2001/REC-SVG-20010904/DTD/svg10.dtd">
<svg version="1.0" xmlns="http://www.w3.org/2000/svg"
 width="525.000000pt" height="516.000000pt" viewBox="0 0 525.000000 516.000000"
 preserveAspectRatio="xMidYMid meet">
<metadata>
Created by potrace 1.10, written by Peter Selinger 2001-2011
</metadata>
<g transform="translate(0.000000,516.000000) scale(0.100000,-0.100000)"
fill="#000000" stroke="none">
<path d="M2593 5032 l-2453 -2 0 -2460 0 -2460 2460 0 2460 0 2 2456 c2 1629
0 2458 -7 2462 -5 4 -1114 6 -2462 4z m-833 -842 l0 -780 -780 0 -780 0 0 780
0 780 780 0 780 0 0 -780z m1620 0 l0 -780 -780 0 -780 0 0 780 0 780 780 0
780 0 0 -780z m1620 0 l0 -780 -780 0 -780 0 0 780 0 780 780 0 780 0 0 -780z
m-3240 -1620 l0 -780 -780 0 -780 0 0 780 0 780 780 0 780 0 0 -780z m1620 0
l0 -780 -780 0 -780 0 0 780 0 780 780 0 780 0 0 -780z m1620 0 l0 -780 -780
0 -780 0 0 780 0 780 780 0 780 0 0 -780z m-3240 -1620 l0 -780 -780 0 -780 0
0 780 0 780 780 0 780 0 0 -780z m1620 0 l0 -780 -780 0 -780 0 0 780 0 780
780 0 780 0 0 -780z m1620 0 l0 -780 -780 0 -780 0 0 780 0 780 780 0 780 0 0
-780z"/>
<path d="M863 4259 c-23 -10 -66 -47 -97 -80 -48 -54 -56 -68 -62 -116 -16
-129 10 -211 89 -280 60 -53 122 -75 197 -70 91 5 126 22 196 93 57 58 61 66
73 133 26 143 -32 254 -168 323 -49 25 -171 23 -228 -3z m46 -176 c19 -23 20
-29 8 -47 -26 -38 -44 -42 -72 -16 -30 28 -31 44 -5 70 27 27 44 25 69 -7z
m211 7 c11 -11 20 -27 20 -35 0 -18 -35 -55 -52 -55 -7 0 -22 12 -34 27 l-21
27 20 28 c25 33 40 35 67 8z m-210 -190 c23 -24 38 -30 71 -30 35 0 47 6 70
31 31 35 59 34 59 -2 0 -52 -94 -97 -168 -81 -44 10 -92 51 -92 79 0 42 21 43
60 3z"/>
<path d="M2558 4321 c-21 -9 -46 -29 -58 -43 -24 -31 -27 -90 -5 -112 27 -26
16 -34 -51 -33 -60 1 -67 -1 -89 -29 -48 -58 -27 -157 42 -193 27 -14 70 -14
78 -1 3 6 16 10 28 10 23 0 59 32 70 63 10 28 40 20 81 -22 65 -67 137 -77
191 -26 21 19 28 36 32 83 5 52 3 61 -18 83 -30 30 -89 53 -103 39 -12 -12
-66 -13 -66 -1 0 5 7 14 15 21 22 18 20 105 -3 130 -14 15 -98 54 -106 49 0 0
-18 -8 -38 -18z m90 -239 c2 -7 -2 -10 -12 -6 -9 3 -16 11 -16 16 0 13 23 5
28 -10z"/>
<path d="M2585 3903 c-34 -53 -79 -84 -142 -98 -31 -6 -44 -27 -25 -39 5 -3
50 -1 101 5 61 7 120 7 172 1 127 -16 160 6 60 38 -55 19 -107 60 -122 98 -11
29 -23 28 -44 -5z"/>
<path d="M4223 4493 c-9 -3 -13 -28 -13 -75 0 -77 -12 -97 -59 -98 -13 0 -39
-9 -57 -21 l-34 -21 -28 24 c-16 13 -42 40 -58 60 -33 43 -67 47 -72 10 -2
-15 5 -30 22 -43 14 -11 41 -35 60 -54 32 -31 35 -37 24 -60 -6 -14 -15 -25
-19 -25 -5 0 -11 -16 -15 -35 -9 -48 -28 -60 -97 -60 -47 0 -62 -4 -71 -18
-18 -30 15 -47 80 -40 59 6 84 -5 84 -41 0 -11 9 -34 20 -51 30 -46 25 -66
-29 -110 -64 -52 -78 -80 -49 -96 20 -11 28 -6 80 50 32 33 62 61 67 61 6 0
26 -10 46 -21 20 -12 51 -25 68 -28 32 -7 32 -7 37 -81 4 -67 7 -75 25 -75 18
0 20 7 20 75 0 67 2 75 20 78 31 5 95 34 95 44 0 4 10 8 22 8 15 0 42 -21 79
-62 40 -44 61 -60 72 -55 30 12 18 41 -44 103 l-61 61 26 42 c14 22 26 49 26
58 0 39 15 45 86 42 l69 -4 0 30 0 30 -72 -2 -71 -3 -7 32 c-4 18 -18 49 -31
70 -29 45 -25 54 47 113 51 42 64 80 32 92 -12 5 -33 -11 -74 -55 -61 -64 -78
-72 -99 -47 -7 9 -32 20 -57 26 -24 6 -47 17 -50 23 -4 6 -6 38 -4 72 3 61 -9
87 -36 77z m90 -222 c42 -16 96 -71 117 -118 21 -48 27 -137 10 -148 -5 -3
-10 -15 -10 -25 0 -30 -80 -103 -135 -123 -62 -21 -78 -21 -135 0 -100 38
-156 124 -147 228 6 84 40 135 114 175 41 22 142 28 186 11z"/>
<path d="M1180 2801 c-79 -32 -115 -44 -220 -72 -25 -6 -50 -16 -57 -21 -9 -7
-12 -65 -10 -220 3 -225 0 -235 -45 -204 -12 9 -30 16 -38 16 -28 0 -98 -53
-105 -77 -9 -38 5 -90 32 -119 23 -25 28 -26 81 -20 47 6 63 13 94 43 l38 37
0 217 c0 233 0 231 55 244 53 13 150 46 162 57 7 5 20 8 29 6 16 -3 18 -19 17
-158 0 -131 -3 -155 -16 -158 -8 -2 -18 2 -22 7 -10 17 -67 13 -98 -7 -15 -10
-36 -36 -47 -56 -19 -38 -19 -38 3 -84 l22 -47 60 -3 c70 -3 118 20 137 66 7
17 11 124 12 297 1 263 0 270 -19 272 -11 2 -40 -6 -65 -16z"/>
<path d="M2473 2786 c-68 -68 -123 -130 -123 -137 0 -8 23 -38 50 -67 l50 -54
0 -127 0 -127 -51 -52 c-80 -82 -80 -82 199 -82 296 0 297 0 212 85 l-59 60
-1 116 0 117 60 62 c54 58 58 65 45 83 -25 36 -238 247 -249 247 -6 0 -66 -56
-133 -124z m239 -33 c89 -88 114 -123 89 -123 -4 0 -21 -18 -36 -40 -32 -46
-45 -50 -45 -15 0 16 6 25 15 25 8 0 15 5 15 11 0 7 7 17 16 23 13 10 3 24
-68 96 -46 48 -90 83 -98 81 -16 -3 -160 -146 -160 -158 0 -12 52 -83 61 -83
15 0 10 50 -6 56 -15 6 -22 44 -7 44 11 0 92 78 92 89 0 12 29 23 41 15 15 -9
10 -24 -7 -24 -20 0 -104 -83 -104 -103 0 -9 5 -17 11 -19 8 -3 12 -60 13
-178 l1 -175 57 -1 c66 0 90 8 71 27 -10 10 -18 10 -39 0 -49 -22 -54 -6 -54
169 0 137 -2 159 -16 164 -16 6 -16 8 0 24 9 10 16 23 16 29 0 5 12 16 28 24
15 8 30 18 34 24 4 5 11 6 15 1 4 -5 2 -11 -4 -13 -18 -7 -16 -30 3 -37 12 -5
15 -16 12 -45 -2 -28 0 -37 9 -34 13 5 14 -31 18 -319 l0 -43 -90 -1 c-71 0
-90 -3 -90 -15 0 -11 21 -15 95 -17 88 -3 96 -1 113 19 l18 23 24 -30 c13 -16
21 -32 18 -36 -5 -9 -327 -11 -336 -2 -9 9 23 54 38 54 21 0 25 25 25 166 0
131 0 134 -25 150 -14 9 -25 20 -25 25 0 4 -11 20 -25 35 -14 15 -25 30 -25
34 0 10 175 187 192 193 7 3 15 6 18 6 2 1 49 -43 102 -96z m7 -91 c6 -12 5
-23 -4 -35 -18 -25 -25 -21 -25 18 0 38 13 46 29 17z"/>
<path d="M2641 2510 c0 -47 4 -94 9 -105 6 -13 9 9 9 65 0 47 -4 94 -9 105 -6
13 -9 -9 -9 -65z"/>
<path d="M4045 2690 c-11 -4 -31 -22 -44 -40 -19 -27 -22 -40 -17 -76 7 -53
13 -64 104 -186 39 -53 72 -101 72 -106 0 -5 6 -15 13 -21 8 -6 22 -35 32 -66
22 -64 40 -70 50 -18 10 52 28 85 104 188 96 130 100 137 107 209 6 63 6 66
-24 95 -26 27 -38 31 -82 31 -43 0 -55 -4 -80 -30 -17 -17 -30 -40 -30 -50 0
-33 -25 -23 -49 20 -12 22 -31 44 -41 50 -22 12 -87 12 -115 0z m261 -164 c11
-29 -46 -106 -77 -106 -19 0 -63 51 -73 87 -7 21 -4 22 61 26 37 2 72 4 76 5
4 1 10 -4 13 -12z"/>
<path d="M938 1153 c-9 -10 -31 -47 -50 -83 -88 -163 -100 -186 -109 -195 -15
-15 -10 -43 14 -83 22 -34 77 -133 118 -210 27 -51 39 -62 68 -62 20 0 31 9
46 38 11 20 32 55 46 77 14 22 35 55 45 74 10 19 34 57 51 85 29 44 31 53 20
71 -46 72 -147 244 -147 251 -1 5 -9 19 -19 32 -23 26 -62 29 -83 5z m53 -69
c7 -9 26 -40 40 -68 64 -121 73 -136 80 -136 24 0 14 -41 -29 -113 -26 -45
-56 -98 -67 -117 -18 -33 -33 -50 -46 -50 -4 0 -23 35 -44 78 -21 42 -49 95
-63 117 -14 22 -25 47 -25 56 1 9 19 45 40 80 21 35 49 88 62 117 26 57 32 60
52 36z"/>
<path d="M2285 1150 c-4 -7 20 -57 45 -95 11 -16 22 -37 26 -45 3 -8 10 -22
15 -30 5 -8 12 -22 15 -30 3 -8 10 -22 15 -30 5 -8 12 -22 15 -30 3 -8 10 -22
15 -30 5 -8 12 -22 15 -30 3 -8 10 -22 15 -30 5 -8 12 -22 15 -30 3 -8 10 -22
15 -30 5 -8 12 -22 15 -30 3 -8 19 -41 35 -73 16 -31 29 -63 29 -71 0 -15 32
-46 48 -46 7 0 12 7 12 16 0 16 23 76 41 104 5 8 12 22 15 30 21 50 169 342
176 346 4 3 8 11 8 19 0 8 14 34 30 58 17 25 30 49 30 53 0 9 -640 13 -645 4z
m361 -130 c53 0 54 0 54 -30 0 -34 -54 -148 -79 -167 -9 -7 -22 -13 -29 -13
-14 0 -92 153 -92 181 0 25 29 40 64 34 16 -3 53 -5 82 -5z"/>
<path d="M4149 1238 l-66 -72 -95 3 c-114 3 -112 5 -102 -114 l6 -81 -72 -66
c-84 -77 -84 -75 11 -161 l62 -57 -7 -80 c-11 -123 -13 -121 105 -119 l98 1
67 -71 c37 -39 70 -71 75 -71 5 0 39 32 77 71 l68 71 94 1 95 2 0 94 1 94 72
68 c40 37 72 73 72 79 0 6 -32 42 -72 79 l-72 68 -1 94 0 94 -94 2 -95 1 -69
71 c-38 39 -74 71 -81 71 -6 -1 -41 -33 -77 -72z m123 -28 c17 -17 28 -34 24
-37 -8 -8 -126 -11 -131 -3 -5 9 54 70 67 70 5 0 23 -14 40 -30z m-242 -89 c0
-6 -21 -30 -47 -55 -40 -37 -49 -42 -55 -28 -5 15 -3 46 8 80 4 14 94 17 94 3z
m404 -77 l86 -87 0 -127 0 -127 -86 -87 -85 -86 -117 0 -117 0 -93 93 -93 93
-1 112 -2 113 94 94 95 95 117 0 117 0 85 -86z m84 39 c2 -24 -1 -43 -6 -43
-13 0 -82 69 -82 82 0 5 19 8 43 6 42 -3 42 -3 45 -45z m-628 -254 c0 -34 -4
-59 -10 -59 -12 0 -60 48 -60 60 0 13 53 69 61 64 5 -3 9 -32 9 -65z m726 39
c13 -13 24 -30 24 -38 0 -20 -43 -60 -64 -60 -13 0 -16 12 -16 60 0 68 14 77
56 38z m-624 -278 c55 -54 52 -64 -18 -58 -38 3 -39 4 -44 51 -6 43 -4 57 7
57 2 0 27 -22 55 -50z m526 -12 c-3 -43 -3 -43 -45 -46 -24 -2 -43 1 -43 7 0
14 63 78 78 80 9 1 12 -11 10 -41z m-222 -91 c8 -7 -50 -67 -64 -67 -13 0 -72
61 -67 70 5 8 123 5 131 -3z"/>
<path d="M4159 899 c-43 -46 -46 -72 -15 -119 28 -43 59 -56 108 -46 40 8 56
22 73 63 27 64 -24 133 -98 133 -31 0 -45 -7 -68 -31z m113 -44 c17 -39 -3
-75 -42 -75 -39 0 -59 36 -42 75 9 19 19 25 42 25 23 0 33 -6 42 -25z"/>
</g>
</svg>
