<?xml version="1.0" encoding="UTF-8" standalone="no"?>
<svg
   xmlns:dc="http://purl.org/dc/elements/1.1/"
   xmlns:cc="http://creativecommons.org/ns#"
   xmlns:rdf="http://www.w3.org/1999/02/22-rdf-syntax-ns#"
   xmlns:svg="http://www.w3.org/2000/svg"
   xmlns="http://www.w3.org/2000/svg"
   xmlns:sodipodi="http://sodipodi.sourceforge.net/DTD/sodipodi-0.dtd"
   xmlns:inkscape="http://www.inkscape.org/namespaces/inkscape"
   version="1.0"
   width="900.000000pt"
   height="672.000000pt"
   viewBox="0 0 900.000000 672.000000"
   preserveAspectRatio="xMidYMid meet"
   id="svg3447"
   inkscape:version="0.48.4 r9939"
   sodipodi:docname="7.svg">
  <defs
     id="defs3541" />
  <sodipodi:namedview
     pagecolor="#ffffff"
     bordercolor="#666666"
     borderopacity="1"
     objecttolerance="10"
     gridtolerance="10"
     guidetolerance="10"
     inkscape:pageopacity="0"
     inkscape:pageshadow="2"
     inkscape:window-width="1600"
     inkscape:window-height="824"
     id="namedview3539"
     showgrid="false"
     inkscape:zoom="0.39732667"
     inkscape:cx="-389.91713"
     inkscape:cy="468.44288"
     inkscape:window-x="0"
     inkscape:window-y="24"
     inkscape:window-maximized="1"
     inkscape:current-layer="svg3447" />
  <metadata
     id="metadata3449">
Created by potrace 1.10, written by Peter Selinger 2001-2011
<rdf:RDF>
  <cc:Work
     rdf:about="">
    <dc:format>image/svg+xml</dc:format>
    <dc:type
       rdf:resource="http://purl.org/dc/dcmitype/StillImage" />
  </cc:Work>
</rdf:RDF>
</metadata>
  <g
     transform="translate(0.000000,672.000000) scale(0.100000,-0.100000)"
     fill="#000000"
     stroke="none"
     id="g3451">
    <path
       d="M268 6622 c-162 -2 -187 -5 -192 -19 -4 -9 -7 -1169 -7 -2577 l0 -2561 33 0 c27 0 34 4 36 23 2 12 8 22 13 22 142 3 692 -1 699 -5 6 -3 10 -15 10 -26 0 -30 52 -22 60 9 l5 23 353 2 354 2 5 -28 c5 -23 10 -28 31 -25 18 2 28 11 32 26 l5 23 343 0 c188 0 346 -1 351 -1 5 0 11 -10 13 -23 2 -17 10 -22 33 -22 23 0 31 5 33 22 3 17 10 23 30 23 15 0 171 0 347 1 176 0 326 0 333 0 6 -1 12 -13 12 -27 0 -23 3 -25 43 -22 31 2 42 7 42 20 0 9 3 19 6 23 5 4 527 8 681 5 9 0 18 -10 20 -23 2 -18 10 -23 41 -25 33 -3 37 -1 37 21 0 15 7 26 18 28 9 2 171 3 360 1 l342 -3 0 -24 c0 -21 5 -25 30 -25 25 0 30 4 30 25 0 14 5 25 10 25 6 1 166 1 357 1 l348 0 5 -23 c4 -16 14 -24 32 -26 22 -3 27 1 30 23 l3 26 355 1 355 0 5 -24 c8 -31 60 -40 60 -9 0 11 4 22 9 25 5 3 166 6 357 7 l349 1 5 -23 c8 -34 63 -35 68 -2 l3 22 347 3 c191 2 351 -1 357 -5 5 -4 10 -15 10 -25 0 -12 10 -18 38 -20 32 -3 39 0 44 18 3 12 15 25 27 28 11 4 171 6 354 4 322 -2 332 -3 332 -22 0 -13 9 -22 25 -26 34 -8 55 1 55 26 0 16 6 20 34 20 40 0 50 11 42 46 -5 19 -13 24 -36 24 -16 0 -32 5 -35 10 -4 6 -7 149 -7 318 l0 307 30 3 c39 4 56 25 48 57 -5 20 -13 25 -36 25 -16 0 -32 5 -35 10 -3 6 -6 148 -7 318 l0 307 33 5 c27 4 35 11 43 38 11 39 7 43 -40 51 l-36 6 0 313 c0 173 4 318 8 322 5 5 23 10 39 12 24 2 30 8 30 28 0 21 -5 26 -38 30 l-39 5 -1 322 c-2 350 -5 333 54 333 24 0 29 4 29 25 0 24 -7 28 -64 37 -17 3 -18 18 -18 317 0 172 4 317 9 321 4 5 22 10 38 12 24 2 30 8 30 28 0 21 -5 26 -33 28 -18 2 -35 9 -38 16 -3 7 -6 151 -7 320 -2 340 -8 308 58 318 14 2 20 11 20 28 0 20 -6 26 -30 28 -16 2 -34 7 -38 11 -5 5 -8 150 -8 322 l-1 314 30 6 c43 9 52 17 52 47 0 44 -13 56 -51 47 -39 -8 -21 -8 -474 -8 -383 -1 -335 -1 -785 1 -695 3 -4537 2 -5100 -1 -25 -1 -178 0 -340 2 -162 1 -567 2 -900 2 -333 1 -641 2 -685 2 -44 1 -164 1 -267 -1z m579 -95 c4 -4 7 -500 4 -627 -1 -20 -8 -20 -356 -20 -348 0 -355 0 -356 20 -3 110 0 620 4 626 6 10 694 10 704 1z m784 3 c5 -29 3 -643 -3 -646 -9 -6 -699 -6 -705 0 -6 6 -6 633 0 643 5 9 706 11 708 3z m776 -3 c3 -4 7 -532 4 -629 -1 -17 -25 -18 -350 -18 -225 0 -352 4 -356 10 -7 12 -9 625 -2 637 5 9 695 8 704 0z m789 0 c8 -7 7 -625 -1 -637 -4 -6 -125 -10 -350 -10 l-344 0 -17 31 c-12 25 -13 37 -4 58 13 31 9 491 -4 527 -6 18 -3 23 18 30 27 9 693 10 702 1z m799 -7 c11 -9 11 -15 -1 -38 -17 -33 -20 -464 -4 -508 8 -19 7 -37 0 -60 l-12 -34 -344 0 -344 0 -1 28 c0 15 0 144 1 287 1 151 -3 271 -9 286 -20 53 -14 54 359 52 238 -1 345 -5 355 -13z m795 -1 c4 -6 3 -30 -2 -53 -6 -23 -8 -153 -6 -304 3 -196 2 -265 -7 -272 -8 -7 -139 -9 -356 -8 l-344 3 -3 319 c-1 186 2 322 7 325 19 12 704 2 711 -10z m776 8 c8 -8 5 -630 -3 -638 -6 -6 -524 -13 -700 -9 -10 0 -13 71 -13 323 0 178 2 326 4 328 6 6 706 2 712 -4z m783 -5 c3 -6 5 -152 3 -326 l-3 -316 -353 0 c-313 0 -355 2 -360 16 -7 17 -8 628 -2 635 10 9 709 0 715 -9z m776 -317 l0 -327 -345 2 c-190 0 -349 5 -354 10 -4 4 -8 149 -8 321 0 275 2 314 16 319 8 3 167 4 353 4 l338 -2 0 -327z m781 322 c7 -7 8 -637 1 -643 -3 -3 -157 -5 -344 -5 -335 1 -338 1 -356 23 -14 16 -17 31 -12 57 6 30 7 455 2 535 -2 24 3 31 21 35 28 7 681 5 688 -2z m799 -1 c28 -7 31 -20 10 -56 -22 -39 -21 -449 1 -497 16 -33 16 -36 -3 -61 l-20 -27 -336 -3 -336 -2 -15 29 c-13 23 -13 40 -4 97 11 70 6 449 -7 490 -5 15 -1 23 15 30 23 10 654 10 695 0z m-6627 -712 l334 0 0 -323 c0 -177 -2 -325 -5 -328 -10 -9 -690 -4 -700 6 -10 10 -12 635 -2 651 4 7 14 8 24 3 9 -4 166 -8 349 -9z m3487 6 c7 -12 9 -650 1 -657 -3 -3 -163 -6 -356 -7 -343 -1 -351 -1 -356 19 -2 11 -3 160 -2 330 l3 310 290 -3 c242 -2 321 1 407 17 4 0 10 -3 13 -9z m443 -6 c182 0 334 -3 337 -6 8 -7 9 -638 2 -645 -3 -3 -165 -5 -359 -5 l-353 0 -3 313 c-1 173 0 325 3 337 5 18 10 22 23 16 9 -5 167 -9 350 -10z m-5156 -318 c1 -174 -1 -319 -4 -321 -7 -7 -698 -8 -705 -1 -4 4 -8 608 -4 636 1 3 161 5 357 4 l356 -1 0 -317z m783 -2 c1 -175 0 -323 -2 -329 -3 -11 -699 -12 -710 -1 -4 4 -7 651 -3 651 0 0 161 0 357 -1 l358 -1 0 -319z m1592 310 c18 -3 41 -3 50 1 24 10 690 10 727 0 l29 -8 -24 -18 -24 -18 -1 -295 c0 -163 -3 -298 -6 -301 -8 -9 -678 -8 -686 0 -4 4 -5 127 -4 273 5 315 2 338 -39 344 -16 3 -34 -1 -40 -8 -7 -8 -10 -114 -8 -304 1 -190 -2 -295 -9 -302 -6 -6 -128 -10 -347 -10 -309 1 -339 2 -357 19 -15 14 -18 24 -12 48 4 16 9 137 11 268 3 202 1 243 -12 270 -13 27 -14 33 -2 42 15 11 696 10 754 -1z m1563 0 c5 -5 5 -26 -1 -54 -7 -28 -9 -145 -7 -308 3 -196 2 -265 -7 -272 -8 -7 -139 -9 -356 -8 l-344 3 -5 315 c-3 173 -2 320 2 325 8 13 705 12 718 -1z m2340 6 c4 -63 0 -643 -4 -647 -8 -8 -696 -6 -704 2 -4 4 -6 131 -4 283 1 153 -2 294 -6 314 -5 20 -6 40 -1 45 8 8 719 12 719 3z m791 -7 c6 -6 6 -20 -1 -39 -8 -20 -11 -121 -9 -311 2 -155 0 -285 -3 -289 -5 -4 -609 -9 -685 -5 -6 1 -15 10 -18 21 -9 29 -12 629 -3 633 24 7 711 -2 719 -10z m809 1 c6 -6 3 -24 -10 -49 -18 -36 -20 -59 -20 -255 0 -171 3 -221 15 -244 20 -37 19 -49 -4 -70 -17 -16 -51 -17 -353 -17 l-333 -1 -18 24 c-16 22 -17 31 -6 92 12 72 8 446 -6 478 -4 10 -17 20 -28 24 -19 6 -17 8 17 18 49 14 733 13 746 0z m-7870 -701 c4 -83 0 -636 -4 -640 -4 -4 -649 -7 -716 -3 -4 0 -4 634 -1 648 2 6 721 1 721 -5z m854 -18 c16 -22 66 -25 376 -25 l265 0 37 27 c30 20 45 24 74 20 20 -3 42 -14 49 -24 12 -16 38 -19 267 -24 298 -6 381 0 409 30 25 27 73 27 99 1 28 -28 135 -40 356 -40 122 0 174 3 183 13 10 10 16 8 28 -10 17 -25 58 -31 66 -10 12 32 15 -16 18 -223 2 -267 4 -250 -19 -250 -22 0 -43 -22 -60 -63 l-12 -28 -302 1 c-167 0 -321 -4 -342 -9 -74 -18 -71 -1 -71 -396 l0 -353 23 -25 c18 -19 37 -26 90 -31 89 -8 562 -9 584 -1 13 5 22 -4 40 -42 14 -29 30 -48 40 -48 9 0 20 -4 25 -8 9 -9 5 -468 -4 -477 -3 -3 -8 1 -10 8 -8 22 -41 12 -61 -19 -12 -19 -22 -27 -26 -20 -5 8 -81 11 -245 11 -229 0 -239 -1 -257 -21 -17 -19 -28 -20 -101 -17 -63 2 -85 7 -95 20 -12 16 -38 17 -288 15 -239 -2 -279 -5 -305 -20 -43 -24 -148 -23 -190 3 -29 18 -50 19 -276 20 -237 0 -291 -4 -336 -28 -12 -7 -46 -12 -76 -12 l-54 0 -8 53 c-7 48 -8 50 -16 24 -11 -39 -28 -57 -46 -50 -8 3 -124 7 -257 8 -132 2 -253 4 -268 6 -52 7 -53 11 -56 282 -2 224 -5 258 -23 303 l-20 50 20 45 c19 41 21 65 21 320 l0 276 -25 37 -24 36 21 36 c20 34 22 59 32 310 8 199 15 277 24 286 10 10 80 14 297 15 l285 2 14 -27 c9 -15 15 -21 16 -14 0 7 7 29 15 49 14 34 17 35 51 30 20 -3 41 -13 48 -22z m3104 -350 l2 -367 395 4 395 4 -2 -321 -3 -320 -25 2 c-14 1 -189 2 -390 3 l-365 1 -3 -361 c-1 -238 1 -360 8 -360 5 0 10 -6 10 -13 0 -10 -83 -13 -415 -12 -408 0 -415 0 -417 20 -1 11 -2 172 -2 358 l-1 338 -408 2 -408 2 -2 358 c-1 232 1 357 8 357 6 1 191 0 413 0 l403 -1 -5 338 -5 338 407 -1 407 -1 3 -368z m3907 359 c15 -15 14 -18 -2 -36 -16 -18 -18 -44 -18 -272 0 -221 2 -255 17 -278 32 -48 21 -49 -372 -50 -199 0 -364 3 -368 6 -3 4 -6 148 -6 321 -1 272 1 315 14 318 8 2 173 5 367 5 310 1 354 0 368 -14z m-3058 -14 c10 -13 55 -15 285 -17 152 -1 293 3 318 8 104 23 173 27 197 12 19 -12 71 -15 308 -14 199 0 292 4 307 12 12 7 49 13 81 14 57 1 58 0 64 -28 6 -29 6 -29 22 -8 13 17 21 20 46 13 17 -5 136 -7 265 -5 247 3 291 -2 311 -39 7 -14 11 -91 10 -220 -2 -189 7 -285 31 -353 8 -24 7 -41 -6 -78 -24 -71 -24 -567 0 -627 15 -38 15 -45 0 -92 -13 -41 -16 -96 -16 -290 0 -150 -4 -247 -11 -259 -5 -11 -22 -25 -37 -31 -33 -14 -449 -20 -474 -7 -10 6 -29 3 -53 -7 -43 -18 -65 -13 -65 15 0 38 -18 31 -25 -9 l-7 -40 -57 0 c-37 0 -69 7 -94 20 -34 19 -56 20 -300 20 -255 0 -265 -1 -288 -21 -23 -20 -30 -21 -134 -14 -60 4 -123 8 -140 8 -16 0 -79 4 -140 8 -60 5 -141 4 -179 -1 -41 -5 -79 -5 -93 1 -17 6 -43 4 -83 -6 -85 -22 -166 -20 -187 5 -16 18 -30 20 -129 20 -90 0 -114 -3 -125 -16 -12 -14 -15 -13 -36 12 l-22 28 -30 -22 c-36 -27 -39 -27 -71 -2 -32 25 -33 25 -69 -5 l-30 -26 -32 41 c-18 22 -36 40 -41 40 -5 0 -16 -16 -24 -36 -12 -28 -18 -34 -27 -25 -19 19 -19 511 -1 532 13 14 12 20 -3 47 -20 35 -8 60 22 48 14 -5 16 -14 10 -42 -4 -22 -2 -41 6 -50 18 -21 39 1 39 42 0 40 27 59 74 50 17 -4 38 -7 46 -6 8 0 113 2 232 4 262 4 298 9 328 41 24 25 24 25 23 323 0 163 -3 307 -7 319 -4 12 -22 33 -39 45 -30 21 -43 23 -199 25 -92 2 -180 6 -194 9 -15 4 -35 2 -45 -5 -25 -15 -50 -14 -77 4 -19 14 -24 14 -46 0 -37 -25 -67 -16 -90 28 -22 42 -46 49 -46 14 0 -13 -6 -32 -14 -43 -14 -19 -15 -19 -23 1 -4 11 -8 157 -8 325 0 298 0 305 20 305 14 0 21 -8 23 -27 4 -36 38 -38 54 -3 14 31 60 34 85 6 16 -20 17 -20 41 0 28 22 50 24 86 8 14 -7 33 -8 43 -5 10 4 77 8 150 9 103 2 136 5 147 17 10 10 35 15 73 15 40 0 62 -5 70 -15z m-4815 -685 c10 -4 13 -67 11 -328 l-1 -322 -364 0 -363 0 3 265 c2 146 -1 288 -6 317 -6 35 -5 56 2 63 10 10 691 15 718 5z m7862 -5 c25 -9 25 -9 8 -42 -15 -28 -17 -68 -17 -283 0 -230 2 -252 19 -278 16 -24 17 -30 5 -38 -8 -5 -175 -8 -383 -6 l-369 2 -1 322 c-1 315 -1 322 19 326 44 9 695 6 719 -3z m-7859 -721 c4 -5 9 -558 6 -634 -1 -10 -709 -11 -719 -1 -3 4 -6 581 -3 632 1 13 704 15 716 3z m7857 -9 c22 -17 22 -20 8 -52 -20 -44 -22 -500 -2 -520 15 -15 16 -44 2 -53 -12 -8 -729 -9 -737 -2 -2 3 -6 142 -6 309 -2 261 0 305 13 318 14 14 65 16 358 17 317 1 344 0 364 -17z m-7455 -681 c164 0 314 2 334 6 36 7 36 6 41 -32 7 -50 3 -651 -3 -658 -3 -3 -39 -1 -80 5 -94 12 -451 12 -544 0 -38 -5 -74 -5 -78 -1 -10 10 -12 665 -2 681 4 6 13 9 21 6 8 -3 148 -6 311 -7z m571 -10 c94 -13 453 -7 515 9 39 10 66 -3 67 -31 1 -7 1 -153 2 -326 0 -333 -1 -339 -47 -325 -35 11 -487 16 -570 6 -44 -5 -84 -6 -88 -2 -10 9 -12 615 -2 660 5 22 11 29 23 26 10 -3 54 -10 100 -17z m3737 4 c9 -25 8 -664 -2 -673 -4 -4 -39 -4 -78 1 -103 12 -465 11 -547 -2 -57 -9 -72 -8 -79 3 -12 19 -11 621 1 653 10 26 13 27 58 20 64 -11 550 -7 587 4 44 14 52 13 60 -6z m230 -4 c113 -12 397 -6 488 10 46 8 49 7 59 -18 11 -28 12 -628 2 -656 -5 -12 -14 -15 -33 -10 -44 11 -481 17 -574 8 -56 -6 -91 -5 -97 1 -11 11 -14 602 -4 656 6 26 10 31 28 26 12 -4 71 -11 131 -17z m1326 0 c13 -24 15 -657 2 -670 -5 -5 -42 -3 -83 3 -46 6 -179 8 -343 5 -189 -3 -269 -1 -274 7 -4 6 -6 128 -5 271 1 143 -1 276 -6 295 -6 24 -4 45 5 69 l14 33 70 -6 c150 -15 566 -6 606 13 1 1 7 -8 14 -20z m791 -17 c7 -27 13 -32 39 -32 17 0 39 5 51 11 28 15 689 15 717 -1 26 -13 26 -18 4 -43 -16 -17 -18 -47 -21 -248 -3 -199 -1 -233 14 -265 16 -33 16 -36 0 -52 -15 -15 -51 -17 -329 -17 -171 0 -319 -4 -328 -8 -11 -6 -25 -1 -43 15 -27 23 -27 23 -15 92 7 44 10 140 7 271 -4 217 -9 235 -54 235 -41 0 -46 -33 -43 -328 1 -156 -2 -276 -7 -282 -5 -5 -46 -4 -99 2 -52 6 -193 8 -336 5 -135 -3 -252 -2 -259 3 -11 7 -13 62 -11 282 2 172 -1 283 -8 300 -9 25 -7 30 14 44 14 9 25 23 25 30 0 12 34 14 198 10 108 -2 256 0 327 4 72 3 134 6 140 5 5 -1 13 -16 17 -33z m-5082 15 c96 1 216 5 266 8 l92 6 7 -28 c3 -15 7 -164 7 -332 0 -239 -3 -307 -14 -317 -10 -10 -28 -11 -88 -2 -46 6 -176 8 -337 5 -247 -4 -263 -3 -279 14 -14 16 -15 24 -6 45 19 40 16 481 -3 517 -14 27 -13 31 13 64 l27 35 70 -9 c39 -4 149 -7 245 -6z m748 -3 c112 -4 219 -2 278 5 l95 11 33 -34 c30 -32 31 -37 17 -51 -23 -23 -29 -481 -8 -524 13 -26 13 -31 -7 -55 -21 -25 -22 -26 -96 -15 -66 10 -507 7 -564 -3 -11 -2 -26 8 -38 23 -16 21 -18 31 -9 47 14 25 15 462 2 509 -7 23 -5 41 7 68 17 35 18 36 62 30 25 -3 127 -8 228 -11z m-2726 -331 c-1 -169 -1 -313 -1 -318 -1 -7 -105 -11 -318 -10 -175 0 -329 -3 -343 -7 -53 -15 -53 -15 -53 321 0 171 3 314 7 318 3 3 144 5 313 5 170 -1 324 2 343 6 19 5 39 5 44 1 4 -4 8 -146 8 -316z m3935 294 c9 -9 9 -24 2 -60 -11 -51 -8 -492 4 -517 4 -8 3 -22 -3 -30 -7 -12 -59 -15 -327 -15 -175 -1 -327 -4 -338 -8 -12 -5 -27 -3 -37 5 -16 12 -18 42 -19 318 -1 253 2 306 14 315 21 15 688 8 704 -8z m1221 -703 c183 -1 336 -4 339 -7 6 -7 4 -613 -3 -630 -3 -9 -80 -11 -320 -9 -197 2 -326 0 -345 -7 -24 -8 -30 -7 -39 9 -11 20 -14 617 -4 645 5 11 12 14 23 8 9 -4 166 -9 349 -9z m1911 -53 c-6 -15 -9 -137 -8 -303 1 -153 0 -281 -4 -284 -4 -5 -313 -6 -662 -4 -47 1 -46 -1 -47 324 0 169 3 310 6 313 2 3 150 4 328 4 192 -1 329 3 338 8 10 7 21 4 37 -11 18 -17 20 -25 12 -47z m-7068 44 c3 -48 0 -627 -3 -630 -7 -7 -698 -8 -705 -1 -7 7 -8 620 0 632 7 13 707 12 708 -1z m780 5 c3 -12 5 -626 2 -635 -3 -10 -700 -11 -710 -2 -6 7 -6 624 0 634 5 9 706 11 708 3z m776 -4 c7 -6 7 -626 0 -633 -7 -6 -698 -6 -704 1 -6 6 -6 623 0 633 6 9 695 8 704 -1z m798 -6 c11 -9 12 -17 5 -30 -6 -11 -10 -137 -10 -304 0 -186 -4 -287 -10 -291 -6 -4 -162 -6 -347 -6 -320 0 -338 1 -356 20 -17 16 -18 24 -8 52 17 50 15 470 -3 514 -15 34 -10 46 22 56 6 2 165 3 352 2 247 -1 345 -5 355 -13z m788 -1 c26 -12 26 -13 10 -32 -16 -17 -18 -45 -18 -272 0 -179 3 -256 12 -266 9 -11 8 -19 -6 -38 l-17 -23 -338 0 c-186 0 -341 3 -344 7 -4 3 -5 128 -3 278 3 279 -3 335 -34 323 -8 -3 -17 -1 -20 4 -4 6 5 10 18 10 14 0 29 6 35 13 15 17 665 14 705 -4z m798 -1 c5 -7 5 -20 1 -28 -4 -8 -7 -142 -8 -298 0 -166 -4 -286 -10 -292 -12 -12 -682 -16 -694 -4 -13 13 -14 612 -2 627 16 18 701 14 713 -5z m776 8 c10 -10 2 -630 -9 -643 -7 -9 -15 -10 -30 -2 -13 7 -130 9 -344 7 -263 -2 -325 0 -329 10 -6 16 -7 627 -1 633 6 6 707 1 713 -5z m1562 -8 c3 -7 4 -152 1 -322 l-5 -308 -349 1 c-192 0 -351 3 -354 5 -6 7 -6 622 1 632 3 5 162 8 353 7 278 -1 348 -4 353 -15z m1567 12 c5 0 19 -6 29 -14 19 -14 19 -15 0 -36 -18 -20 -20 -39 -23 -243 -3 -188 -1 -227 13 -265 17 -42 17 -45 -2 -63 -18 -19 -36 -20 -353 -20 -402 -1 -378 -9 -360 120 16 104 9 456 -8 473 -18 18 -15 26 12 40 19 10 102 12 353 11 180 -1 333 -2 339 -3z"
       id="path3453" />
    <path
       d="M1645 4380 c8 -13 775 -13 775 1 0 5 -155 9 -391 9 -259 0 -388 -3 -384 -10z"
       id="path3455" />
    <path
       d="M1137 4213 c-12 -11 -8 -40 8 -53 8 -7 15 -23 15 -35 0 -12 7 -28 15 -35 8 -7 15 -25 15 -40 0 -15 6 -33 14 -40 8 -6 16 -28 18 -48 3 -36 4 -37 43 -37 39 0 40 1 43 35 3 36 6 47 38 115 10 22 19 45 19 51 0 6 6 23 14 37 19 35 8 59 -25 55 -28 -3 -32 -12 -66 -143 -6 -22 -12 -46 -14 -53 -6 -23 -24 -2 -24 27 0 16 -7 34 -15 41 -8 7 -15 23 -15 35 0 12 -7 39 -15 59 -11 27 -21 36 -38 36 -13 0 -27 -3 -30 -7z"
       id="path3457" />
    <path
       d="M2396 3772 c-4 -4 -116 -9 -249 -12 l-242 -6 258 -2 c155 -1 257 2 257 7 0 14 -16 22 -24 13z"
       id="path3459" />
    <path
       d="M1657 3758 c-7 -4 42 -7 108 -6 128 1 123 5 -13 10 -46 2 -89 0 -95 -4z"
       id="path3461" />
    <path
       d="M2493 3513 c-18 -6 -16 -48 2 -63 8 -7 15 -25 15 -40 0 -15 7 -33 15 -40 8 -7 15 -28 15 -46 0 -19 5 -34 10 -34 6 0 10 -11 10 -24 0 -39 11 -56 34 -56 30 0 46 18 46 52 0 15 5 28 10 28 6 0 10 15 10 34 0 19 7 41 15 50 8 8 15 24 15 35 0 11 7 26 15 35 16 16 20 62 6 70 -26 17 -66 -37 -77 -104 -13 -87 -17 -100 -30 -100 -9 0 -14 11 -14 29 0 16 -7 34 -15 41 -9 7 -13 20 -10 28 6 17 -30 98 -48 105 -7 2 -18 2 -24 0z"
       id="path3463" />
    <path
       d="M2786 3406 c-32 -31 -36 -40 -36 -83 0 -42 5 -54 30 -78 36 -34 94 -43 122 -18 29 26 21 33 -37 33 -50 0 -55 2 -55 21 0 20 4 21 54 16 58 -6 66 0 66 45 0 24 -68 98 -91 98 -9 0 -33 -15 -53 -34z m89 -41 c0 -5 -17 -11 -37 -13 -30 -3 -38 0 -38 13 0 13 8 16 38 13 20 -2 37 -7 37 -13z"
       id="path3465" />
    <path
       d="M2986 3424 c-10 -25 -7 -188 4 -204 7 -12 13 -13 27 -4 14 9 18 25 18 66 0 58 15 88 45 88 25 0 43 25 35 50 -7 23 -26 26 -55 8 -16 -10 -24 -10 -40 0 -25 15 -27 15 -34 -4z"
       id="path3467" />
    <path
       d="M4100 4166 c0 -13 -7 -29 -15 -36 -9 -7 -14 -19 -11 -27 3 -8 -1 -25 -10 -39 -9 -13 -14 -34 -11 -45 4 -15 -1 -27 -15 -39 -17 -14 -20 -23 -14 -54 6 -33 10 -37 34 -34 24 3 27 7 27 43 l0 40 65 0 65 0 0 -37 c0 -46 8 -54 41 -39 19 8 30 9 38 1 5 -5 18 -10 28 -10 16 0 18 9 18 73 0 80 8 101 36 95 16 -3 19 -14 22 -86 3 -80 4 -82 27 -82 27 0 29 4 25 87 -2 61 14 100 35 83 9 -8 15 -38 17 -88 3 -75 4 -77 28 -77 24 0 25 3 28 70 4 91 -3 127 -29 143 -18 12 -26 11 -55 -4 -31 -17 -34 -17 -52 -1 -23 21 -36 21 -52 2 -12 -14 -15 -14 -30 0 -34 31 -50 9 -50 -66 0 -52 -3 -69 -14 -69 -19 0 -32 19 -40 58 -16 85 -20 97 -32 110 -8 7 -14 22 -14 33 0 16 -7 19 -45 19 -41 0 -45 -2 -45 -24z m60 -58 c0 -12 7 -29 16 -39 21 -23 10 -39 -26 -39 -37 0 -42 9 -28 51 6 19 13 40 14 47 6 20 24 4 24 -20z"
       id="path3469" />
    <path
       d="M6380 4375 c7 -8 16 -12 21 -9 5 3 182 5 394 4 258 0 385 3 385 10 0 7 -134 10 -406 10 -359 0 -405 -2 -394 -15z"
       id="path3471" />
    <path
       d="M7403 4175 c-3 -9 2 -24 11 -34 9 -10 16 -29 16 -43 0 -14 7 -31 15 -38 8 -7 15 -23 15 -35 0 -12 7 -28 14 -35 8 -6 16 -30 18 -53 3 -38 6 -42 31 -45 38 -5 57 14 57 53 0 18 7 38 15 45 8 7 15 23 15 36 0 25 2 32 39 102 12 23 19 47 16 52 -8 12 -62 13 -69 1 -7 -11 -36 -116 -45 -161 -8 -43 -24 -42 -32 0 -4 18 -12 37 -18 43 -6 6 -11 23 -11 38 0 14 -5 40 -11 58 -9 25 -16 31 -40 31 -17 0 -32 -6 -36 -15z"
       id="path3473" />
    <path
       d="M5730 3420 c-10 -18 -8 -26 9 -44 12 -12 21 -30 21 -40 0 -9 7 -30 15 -45 8 -16 12 -31 9 -34 -4 -3 1 -16 10 -29 9 -12 16 -37 16 -55 0 -32 1 -33 45 -33 42 0 45 2 45 27 0 30 16 85 36 126 8 16 14 39 14 52 0 12 7 28 15 35 9 7 15 23 13 34 -4 29 -51 29 -56 1 -2 -11 -11 -28 -19 -37 -8 -9 -12 -22 -8 -27 3 -6 -1 -25 -9 -43 -9 -17 -16 -44 -16 -60 0 -18 -5 -28 -15 -28 -9 0 -15 9 -15 24 0 13 -7 40 -15 60 -9 20 -13 41 -9 47 3 6 -1 18 -9 27 -8 9 -17 26 -19 37 -5 29 -44 32 -58 5z"
       id="path3475" />
    <path
       d="M6319 3339 c-11 -21 -13 -21 -24 -6 -7 9 -24 17 -39 17 l-26 0 0 -105 0 -105 30 0 c30 0 30 0 30 58 0 61 18 92 51 92 8 0 20 5 27 12 14 14 16 48 3 48 -5 0 -16 3 -24 6 -10 3 -20 -3 -28 -17z"
       id="path3477" />
    <path
       d="M6027 3315 c-43 -52 -44 -92 -2 -138 31 -33 39 -37 85 -37 43 0 52 3 59 23 13 33 3 40 -48 33 -49 -6 -83 6 -66 23 6 5 35 11 65 13 48 3 55 6 58 25 2 13 -8 37 -25 58 -39 48 -86 48 -126 0z m101 -29 c10 -11 -12 -26 -38 -26 -31 0 -45 13 -34 31 6 10 61 6 72 -5z"
       id="path3479" />
    <path
       d="M3403 1283 c-18 -7 -16 -48 2 -63 8 -7 15 -21 15 -32 0 -10 7 -32 15 -49 9 -16 13 -34 9 -40 -3 -6 1 -18 9 -27 9 -9 17 -33 19 -52 3 -33 5 -35 46 -38 l42 -3 0 41 c0 27 5 43 15 46 8 4 15 18 15 33 0 15 7 36 15 47 8 10 15 29 15 40 0 12 7 27 15 34 24 20 19 59 -9 66 -32 8 -46 -2 -46 -31 0 -13 -4 -27 -10 -30 -5 -3 -10 -19 -10 -34 0 -15 -5 -32 -11 -38 -6 -6 -14 -25 -18 -43 -8 -38 -25 -40 -29 -3 -1 15 -7 37 -12 48 -8 20 -18 62 -23 98 -3 28 -34 43 -64 30z"
       id="path3481" />
    <path
       d="M4083 1284 c-18 -8 -16 -49 2 -64 8 -7 15 -22 15 -34 0 -11 7 -30 15 -40 8 -11 15 -32 15 -47 0 -15 7 -29 15 -33 10 -3 15 -19 15 -46 l0 -41 43 3 c42 3 42 3 45 46 2 23 7 42 11 42 5 0 11 15 14 33 6 41 30 104 45 119 18 18 14 56 -7 63 -31 10 -46 -4 -59 -53 -7 -26 -17 -61 -22 -78 -6 -17 -10 -40 -10 -52 0 -24 -18 -40 -24 -20 -1 7 -9 29 -16 48 -7 19 -14 48 -15 64 -2 16 -8 31 -13 35 -6 3 -12 17 -13 31 -4 25 -29 35 -56 24z"
       id="path3483" />
    <path
       d="M5293 1278 c-5 -7 -7 -77 -5 -156 l4 -143 26 3 26 3 0 143 c1 125 -1 145 -16 153 -22 12 -24 11 -35 -3z"
       id="path3485" />
    <path
       d="M5408 1282 c-15 -3 -17 -20 -17 -153 l-1 -149 30 0 30 0 0 69 c0 61 3 70 23 84 39 26 52 7 52 -75 0 -72 0 -73 28 -76 l27 -3 0 90 c0 78 -3 94 -20 111 -24 24 -62 26 -80 5 -19 -23 -30 -8 -30 45 0 49 -9 60 -42 52z"
       id="path3487" />
    <path
       d="M3742 1168 c3 -18 2 -45 -2 -59 -13 -45 -2 -50 111 -47 l104 3 0 65 0 65 -109 3 -108 3 4 -33z m152 -27 c3 -5 -7 -11 -22 -14 -34 -7 -83 3 -76 14 7 12 91 12 98 0z"
       id="path3489" />
    <path
       d="M4373 1162 c-46 -53 -45 -98 3 -146 42 -42 93 -48 133 -17 35 27 18 41 -50 41 -46 0 -59 3 -59 15 0 12 13 15 60 15 45 0 62 4 66 15 17 44 -38 115 -89 115 -24 0 -40 -9 -64 -38z m83 -23 c7 -12 -15 -31 -31 -26 -5 2 -11 11 -13 20 -4 19 32 24 44 6z"
       id="path3491" />
    <path
       d="M4580 1089 l0 -109 30 0 30 0 0 68 c1 66 1 67 39 94 22 14 42 24 45 21 3 -4 6 -46 6 -95 l0 -88 30 0 30 0 0 73 c0 80 11 103 42 86 17 -9 19 -20 16 -82 -3 -72 -3 -72 25 -75 l27 -3 0 74 c0 51 4 78 14 86 25 21 38 -12 34 -86 -3 -68 -3 -68 25 -71 l27 -3 0 94 c0 78 -3 97 -18 110 -23 21 -46 22 -66 2 -13 -13 -18 -13 -45 3 -24 14 -34 15 -49 5 -15 -9 -22 -9 -31 0 -8 8 -19 8 -43 -1 -17 -6 -36 -8 -42 -5 -6 4 -37 8 -68 9 l-58 3 0 -110z"
       id="path3493" />
    <path
       d="M5088 1173 c-17 -19 -27 -43 -30 -75 -5 -43 -3 -49 31 -82 44 -43 98 -49 131 -16 32 32 24 39 -42 42 -85 4 -90 26 -6 30 60 3 63 4 66 30 2 18 -7 37 -28 62 -41 46 -84 49 -122 9z m82 -38 c0 -21 -30 -31 -40 -14 -11 17 -3 29 21 29 10 0 19 -7 19 -15z"
       id="path3495" />
    <path
       d="M5652 1188 c-7 -7 -12 -21 -12 -31 0 -17 5 -19 35 -14 46 8 45 -6 -5 -50 -45 -40 -50 -63 -20 -93 21 -21 55 -26 79 -11 10 6 25 4 43 -5 43 -22 69 6 33 36 -11 9 -15 32 -15 81 0 48 -5 72 -16 83 -19 19 -104 22 -122 4z m86 -125 c-4 -22 -48 -31 -48 -10 0 19 10 27 32 27 13 0 18 -6 16 -17z"
       id="path3497" />
    <path
       d="M3393 793 c-4 -9 1 -29 10 -45 9 -17 17 -35 17 -42 0 -7 7 -27 16 -44 8 -18 13 -36 10 -41 -3 -5 1 -14 9 -21 8 -7 15 -27 15 -45 0 -39 19 -58 57 -53 24 3 28 8 31 40 2 20 10 42 18 48 8 7 14 27 14 45 0 18 7 38 15 45 8 7 15 23 15 35 0 12 7 28 15 35 25 21 15 54 -17 58 -23 3 -30 -2 -43 -34 -8 -20 -15 -47 -15 -59 0 -12 -7 -28 -15 -35 -8 -7 -15 -28 -15 -46 0 -24 -5 -34 -15 -34 -11 0 -15 11 -15 39 0 22 -4 42 -9 45 -4 3 -11 26 -15 52 -3 26 -11 53 -17 60 -16 19 -58 17 -66 -3z"
       id="path3499" />
    <path
       d="M4464 796 c-3 -9 1 -27 10 -41 9 -13 16 -33 16 -43 0 -11 7 -25 15 -32 8 -7 15 -27 15 -46 0 -18 6 -37 14 -41 8 -4 16 -26 18 -48 3 -39 4 -40 43 -40 39 0 40 1 43 39 2 21 10 45 18 53 8 8 14 27 14 43 0 16 5 32 10 35 6 3 10 16 10 28 0 12 9 33 20 47 11 14 20 31 20 37 0 15 -44 28 -60 18 -14 -9 -40 -72 -40 -99 0 -12 -4 -26 -9 -32 -5 -5 -11 -25 -13 -44 -2 -19 -7 -35 -13 -35 -5 0 -11 16 -13 35 -2 19 -8 39 -13 45 -5 5 -9 20 -9 35 -1 46 -32 95 -63 98 -18 2 -29 -2 -33 -12z"
       id="path3501" />
    <path
       d="M5264 795 c-4 -8 -4 -28 -1 -43 8 -38 -5 -58 -23 -37 -21 25 -45 17 -78 -24 -47 -58 -45 -105 8 -156 37 -37 40 -38 58 -22 23 21 32 21 48 0 11 -16 14 -16 27 -3 11 11 16 49 19 155 l3 140 -28 3 c-18 2 -29 -2 -33 -13z m-14 -142 c11 -10 20 -24 20 -33 0 -15 -33 -50 -46 -50 -10 0 -44 42 -44 53 0 12 31 45 42 46 4 1 17 -7 28 -16z"
       id="path3503" />
    <path
       d="M3699 700 c-33 -33 -39 -46 -39 -83 0 -36 6 -48 35 -77 42 -41 99 -47 134 -16 28 26 17 34 -48 38 -79 4 -79 26 1 30 63 3 63 3 66 35 3 25 -5 40 -34 72 -20 23 -45 41 -56 41 -11 0 -37 -18 -59 -40z m91 -35 c0 -10 -11 -15 -35 -15 -33 0 -43 8 -28 23 13 14 63 7 63 -8z"
       id="path3505" />
    <path
       d="M3903 728 c-11 -19 -12 -201 0 -215 15 -20 45 -15 52 7 3 11 3 39 0 62 -6 37 -3 46 17 65 13 11 32 23 43 25 15 2 20 11 20 33 0 36 -27 45 -57 19 -18 -18 -20 -18 -29 -1 -12 20 -34 22 -46 5z"
       id="path3507" />
    <path
       d="M4133 723 c-3 -6 -3 -20 -1 -29 3 -15 16 -17 106 -17 56 0 105 3 108 6 4 3 4 16 1 29 -6 22 -10 23 -108 23 -70 0 -103 -4 -106 -12z"
       id="path3509" />
    <path
       d="M4772 696 c-55 -60 -56 -95 -3 -153 43 -48 71 -54 122 -27 44 22 31 38 -34 44 -74 6 -74 24 0 30 l58 5 2 35 c3 41 -37 94 -78 105 -21 5 -32 -1 -67 -39z m93 -31 c0 -12 -40 -19 -61 -11 -9 3 -12 11 -9 16 8 14 70 9 70 -5z"
       id="path3511" />
    <path
       d="M4981 726 c-8 -9 -11 -50 -9 -117 l3 -104 28 -3 27 -3 0 70 0 70 40 23 c27 16 40 30 40 44 0 30 -28 39 -52 17 -19 -17 -20 -17 -29 0 -12 21 -32 22 -48 3z"
       id="path3513" />
    <path
       d="M5403 700 c-26 -29 -33 -46 -33 -79 0 -57 50 -121 95 -121 35 0 102 37 89 50 -5 5 -35 10 -67 12 -76 4 -73 22 5 28 l63 5 3 34 c3 29 -3 40 -37 73 -51 48 -76 47 -118 -2z m81 -26 c24 -9 9 -24 -24 -24 -29 0 -45 12 -33 24 8 8 37 8 57 0z"
       id="path3515" />
    <path
       d="M4130 620 l0 -30 111 0 110 0 -3 28 -3 27 -107 3 -108 3 0 -31z"
       id="path3517" />
    <path
       d="M5582 337 c-7 -8 -10 -65 -9 -152 l2 -140 26 -3 27 -3 4 138 c3 76 1 146 -4 156 -10 20 -31 22 -46 4z"
       id="path3519" />
    <path
       d="M3486 333 c-14 -14 -36 -75 -36 -98 0 -12 -7 -28 -15 -35 -8 -7 -15 -22 -15 -34 -1 -11 -7 -32 -15 -46 -20 -34 -18 -67 3 -79 26 -14 52 5 52 38 0 33 14 41 70 41 42 0 54 -11 54 -50 1 -24 3 -25 66 -25 l65 0 0 75 c0 74 0 75 28 78 l27 3 0 -81 0 -81 28 3 c27 3 27 4 27 78 0 68 2 75 20 75 18 0 21 -8 25 -75 5 -72 6 -75 30 -75 24 0 25 2 28 85 3 81 1 87 -23 110 l-25 23 -36 -19 c-33 -18 -36 -18 -45 -1 -12 21 -42 22 -60 1 -12 -14 -14 -14 -25 1 -7 9 -21 15 -31 13 -15 -3 -18 -15 -21 -81 -2 -68 -5 -78 -20 -75 -11 2 -21 19 -27 45 -6 23 -13 45 -18 49 -4 4 -7 19 -7 33 0 13 -9 44 -21 68 -17 35 -26 43 -48 43 -15 0 -31 -3 -35 -7z m44 -93 c0 -18 6 -33 15 -36 32 -13 16 -34 -25 -34 -29 0 -40 4 -40 15 0 8 5 15 10 15 6 0 10 13 10 28 0 16 3 32 7 35 14 15 23 6 23 -23z"
       id="path3521" />
    <path
       d="M4470 308 c-11 -18 -20 -47 -20 -64 0 -17 -7 -37 -15 -44 -8 -7 -15 -25 -15 -40 0 -15 -7 -33 -15 -40 -19 -16 -19 -64 -1 -79 23 -19 54 3 58 42 3 32 3 32 58 32 l55 0 3 -38 c3 -35 6 -38 30 -35 21 2 28 9 30 32 2 19 -2 32 -12 38 -10 5 -16 22 -16 42 0 19 -7 39 -15 46 -8 7 -15 24 -15 38 0 14 -8 43 -17 64 -14 31 -22 38 -45 38 -21 0 -33 -8 -48 -32z m50 -67 c0 -10 7 -24 15 -31 25 -21 18 -40 -14 -40 -33 0 -49 16 -32 33 6 6 11 21 11 34 0 13 5 23 10 23 6 0 10 -8 10 -19z"
       id="path3523" />
    <path
       d="M4051 242 c-19 -36 0 -43 115 -40 109 3 109 3 109 28 0 25 0 25 -107 28 -95 2 -108 1 -117 -16z"
       id="path3525" />
    <path
       d="M4665 251 c-3 -6 -5 -53 -4 -106 2 -73 5 -98 16 -102 26 -10 37 16 38 85 0 65 1 67 25 67 24 0 25 -2 25 -75 0 -73 1 -75 25 -75 24 0 25 2 28 78 3 74 4 78 25 75 20 -3 22 -10 27 -78 5 -72 6 -75 30 -75 25 0 25 1 26 83 1 68 -3 88 -18 108 -19 23 -58 34 -58 15 0 -5 -10 -13 -22 -17 -15 -4 -25 -1 -35 12 -12 16 -17 17 -45 6 -21 -8 -36 -8 -42 -2 -13 13 -33 13 -41 1z"
       id="path3527" />
    <path
       d="M4988 239 c-28 -30 -22 -38 34 -41 30 -2 53 -8 56 -15 2 -8 -6 -13 -20 -13 -24 0 -88 -56 -88 -76 0 -6 10 -20 23 -32 19 -18 32 -21 87 -18 49 2 66 7 68 19 2 8 -2 18 -7 22 -6 3 -11 37 -11 74 0 53 -4 72 -18 84 -26 24 -102 21 -124 -4z m97 -109 c8 -13 -13 -40 -31 -40 -17 0 -18 37 -1 43 19 8 25 8 32 -3z"
       id="path3529" />
    <path
       d="M5184 247 c-3 -8 -3 -56 -2 -108 l3 -94 28 -3 c27 -3 27 -3 27 58 0 52 4 65 23 81 12 10 30 18 40 19 12 0 17 8 17 30 0 25 -4 30 -24 30 -13 0 -27 -7 -30 -16 -6 -16 -8 -16 -24 0 -22 19 -51 21 -58 3z"
       id="path3531" />
    <path
       d="M5373 220 c-46 -54 -46 -104 0 -148 27 -27 41 -32 79 -32 51 0 79 20 59 44 -8 9 -25 12 -56 8 -38 -4 -45 -2 -45 13 0 15 7 17 45 13 33 -4 48 -1 60 12 23 25 18 47 -17 90 -25 30 -40 40 -63 40 -23 0 -38 -10 -62 -40z m102 -35 c0 -12 -50 -19 -71 -11 -9 3 -12 11 -9 16 8 14 80 9 80 -5z"
       id="path3533" />
    <path
       d="M5702 237 c-28 -29 -20 -37 34 -37 52 0 66 -16 27 -31 -34 -12 -83 -58 -83 -76 0 -37 87 -73 105 -44 3 6 19 4 39 -4 18 -8 36 -11 40 -8 11 12 6 41 -9 47 -11 4 -15 22 -15 73 0 56 -4 72 -20 86 -30 25 -92 22 -118 -6z m83 -107 c7 -12 -12 -40 -26 -40 -5 0 -9 11 -9 25 0 25 23 35 35 15z"
       id="path3535" />
    <path
       d="M4052 143 l3 -28 107 -3 c99 -2 107 -1 113 18 3 11 3 24 0 30 -4 6 -53 10 -116 10 l-110 0 3 -27z"
       id="path3537" />
  </g>
  <path
     style="fill:none;stroke:#000000;stroke-width:1px;stroke-linecap:butt;stroke-linejoin:miter;stroke-opacity:1"
     d="m 206.44068,194.87288 c 0,0 -6.22882,98.77119 0,98.77119 6.22881,0 95.21186,0 95.21186,0 l 0,80.08474 -97.88135,0 0,82.75424 0,0"
     id="path4677"
     inkscape:connector-curvature="0"
     transform="scale(0.8,0.8)" />
  <path
     style="fill:none;stroke:#000000;stroke-width:1px;stroke-linecap:butt;stroke-linejoin:miter;stroke-opacity:1"
     d="m 897.2466,196.9523 0,96.8976 -96.8976,0 0,88.08872 91.86396,0 0,88.08873"
     id="path4679"
     inkscape:connector-curvature="0"
     transform="scale(0.8,0.8)" />
  <path
     style="fill:#ff0000;fill-opacity:1;stroke:#ff0505;stroke-width:2.51682066999999998;stroke-miterlimit:4;stroke-opacity:1;stroke-dasharray:none"
     d="m 146.71183,454.75436 -22.65139,-1.41201 -1.97232,-21.39298 c -1.08478,-11.76613 -2.34592,-48.00835 -2.80254,-80.53826 -0.45663,-32.52991 -0.93828,-60.84414 -1.07034,-62.92052 -0.59157,-9.30099 6.05528,-74.57079 7.88135,-77.39224 2.80395,-4.33233 67.38687,-4.44567 71.7067,-0.12584 1.6611,1.6611 3.26168,1.94424 3.55685,0.62921 0.29517,-1.31504 1.1446,16.86269 1.88762,40.39497 l 1.35095,42.78595 47.19039,0.68474 47.19038,0.68474 0,34.89986 0,34.89985 -8.392,1.57435 c -4.6156,0.8659 -25.14053,1.64699 -45.61096,1.73577 -20.47043,0.0888 -38.77913,0.7601 -40.686,1.49184 -2.72859,1.04705 -3.48409,9.44809 -3.54709,39.44267 -0.0582,27.69766 -0.99367,39.31581 -3.42348,42.51668 -3.56918,4.7018 -6.21519,4.80852 -50.60812,2.04122 z m 20.07271,-115.29815 c 2.37054,-6.57519 4.9066,-15.74511 5.63571,-20.3776 1.1291,-7.17384 0.64096,-8.29085 -3.29213,-7.5334 -2.95574,0.56922 -5.41969,4.28013 -6.8458,10.31032 -1.22541,5.18156 -3.06881,9.42101 -4.09644,9.42101 -1.02763,0 -3.22572,-4.53027 -4.88465,-10.06728 -2.18553,-7.29467 -4.37471,-10.06728 -7.94884,-10.06728 -6.31621,0 -6.19398,3.165 0.77759,20.13456 10.17335,24.76303 14.11329,26.32334 20.65456,8.17967 z"
     id="path4681"
     inkscape:connector-curvature="0"
     transform="scale(0.8,0.8)" />
  <path
     style="fill:#ff0000;fill-opacity:1;stroke:#000000;stroke-width:2.51682067;stroke-miterlimit:4;stroke-opacity:1;stroke-dasharray:none"
     d="m 892.94918,419.36527 0,-40.26913 -45.30277,0 -45.30278,0 0,-41.52755 0,-41.52754 47.8196,0 47.81959,0 0,-45.45131 c 0,-31.39936 0.8255,-44.94112 2.6701,-43.8011 1.46855,0.90762 19.41014,1.49153 39.87019,1.29758 27.74135,-0.26296 37.86938,0.47511 39.8323,2.90277 6.24152,7.71924 8.7306,160.71062 3.61537,222.21879 l -1.67446,20.13457 -36.4939,1.25841 c -22.88406,0.7891 -37.21503,0.31981 -38.42757,-1.25841 -1.19482,-1.55516 -2.92551,-0.83391 -4.52949,1.88761 -1.42771,2.42244 -4.23842,4.40444 -6.24601,4.40444 -3.03692,0 -3.65017,-6.76542 -3.65017,-40.26913 z m 59.78286,-81.63916 c 6.90678,-19.79005 6.96372,-21.55049 0.697,-21.55049 -3.73496,0 -5.83839,2.94811 -8.52964,11.9549 l -3.57216,11.9549 -3.09484,-11.9549 c -2.57941,-9.9639 -4.07329,-11.9549 -8.96993,-11.9549 l -5.87509,0 6.78899,18.87615 c 5.38528,14.97328 7.8344,18.87616 11.84509,18.87616 3.95439,0 6.2882,-3.53035 10.71058,-16.20182 l 0,0 z"
     id="path4683"
     inkscape:connector-curvature="0"
     transform="scale(0.8,0.8)" />
  <path
     style="fill:#00b050;fill-opacity:1;stroke:#25532f;stroke-width:2.51682066999999998;stroke-miterlimit:4;stroke-opacity:1;stroke-dasharray:none"
     d="m 205.34531,418.36611 0.74661,-41.78679 48.9606,0 48.96061,0 0,-42.78596 0,-42.78595 -49.07801,0 -49.078,0 0,-32.36739 c 0,-17.80207 0.71479,-37.5824 1.58843,-43.95629 1.39618,-10.1862 2.13773,-11.29493 6.12659,-9.16015 6.7324,3.60307 83.68719,3.14217 87.35253,-0.52317 2.25801,-2.258 4.47488,-2.258 9.43066,0 8.45984,3.85456 81.73105,3.99779 90.11861,0.17616 4.5698,-2.08214 7.56424,-1.98789 11.98341,0.37717 3.52585,1.88698 18.40466,3.46981 37.05667,3.94213 17.14095,0.43407 33.32053,1.47323 35.95461,2.30926 4.30258,1.36559 4.78923,4.17491 4.78923,27.64739 0,23.65037 -0.53991,26.70991 -5.69499,32.27233 -5.50886,5.94417 -7.02646,6.17461 -46.4361,7.05093 -28.15806,0.62613 -41.7119,1.87696 -43.8843,4.04989 -2.19047,2.19099 -3.46334,16.70755 -4.19939,47.89241 -0.95623,40.51285 -0.6345,45.09892 3.39896,48.45088 3.41331,2.8366 13.9302,3.89226 44.97264,4.51426 38.91757,0.77979 40.74111,1.04875 46.18033,6.81141 5.11796,5.42228 5.66285,8.49468 5.66285,31.93061 0,23.87434 -0.43274,26.2013 -5.45594,29.33833 -6.63892,4.14609 -45.79045,5.68817 -122.27271,4.81601 -16.26496,-0.18549 -38.6332,-0.17567 -49.70721,0.0227 -11.07401,0.19757 -34.85797,0.13968 -52.85324,-0.12861 -17.99527,-0.26842 -37.81523,0.44975 -44.04436,1.59596 l -11.32569,2.0833 0.7466,-41.78678 z m 129.78795,3.03715 c 4.08058,-11.0525 5.77739,-19.00043 4.35919,-20.41863 -3.84142,-3.84142 -7.5236,0.35692 -11.11474,12.67278 l -3.40058,11.66235 -2.99367,-11.88895 c -2.72811,-10.83431 -8.38888,-17.07004 -12.11424,-13.34468 -0.81251,0.81251 1.21833,9.99266 4.51298,20.40033 7.85482,24.81312 11.86317,24.99021 20.75106,0.9168 l 0,0 z m 29.28356,14.32134 c 2.65466,-3.19866 2.02905,-3.83282 -4.09626,-4.15233 l -7.22943,-0.3771 6.92126,-1.04848 c 4.44529,-0.67341 6.92125,-2.58905 6.92125,-5.35494 0,-5.94848 -7.06537,-15.49376 -11.4684,-15.49376 -5.29905,0 -13.6998,9.25992 -13.6998,15.10092 0,6.35022 8.57212,15.10092 14.79275,15.10092 2.59901,0 6.13539,-1.69885 7.85863,-3.77523 z m 16.2181,-5.16591 c 0.92255,-4.91764 3.31374,-9.56909 5.31374,-10.33656 2.00001,-0.76747 3.63637,-3.42612 3.63637,-5.90809 0,-3.47948 -2.01685,-4.51269 -8.80887,-4.51269 l -8.80887,0 0,14.84924 c 0,10.99255 0.90776,14.84924 3.49513,14.84924 2.01163,0 4.20709,-3.79504 5.1725,-8.94114 l 0,0 z"
     id="path4685"
     inkscape:connector-curvature="0"
     transform="scale(0.8,0.8)" />
  <path
     style="fill:#00b050;fill-opacity:1;stroke:#2c7600;stroke-width:2.51682066999999998;stroke-miterlimit:4;stroke-opacity:1;stroke-dasharray:none"
     d="m 689.82458,456.27364 c -0.7152,-1.15628 -8.25236,-1.75283 -16.74925,-1.32566 -8.49689,0.42718 -16.85563,-0.10369 -18.57498,-1.1799 -1.71935,-1.07612 -5.08782,-0.85874 -7.48547,0.48306 -2.47931,1.38748 -6.07404,1.52198 -8.33521,0.31182 -2.19634,-1.17543 -5.57913,-1.13691 -7.55798,0.0861 -2.33605,1.44375 -5.11783,0.82408 -7.99684,-1.78139 -3.59397,-3.2525 -5.12534,-3.40548 -8.23715,-0.82291 -3.38437,2.80879 -3.82244,-0.46846 -3.82244,-28.59609 0,-30.09055 0.26585,-31.76843 5.03364,-31.76843 3.35576,0 5.03364,-1.67788 5.03364,-5.03364 0,-4.65964 1.72975,-5.0452 23.28059,-5.18924 34.78622,-0.2325 59.70842,-3.2301 62.41391,-7.50704 1.27443,-2.01468 2.33449,-20.75921 2.35569,-41.6545 0.0508,-50.04861 1.63353,-48.54183 -51.4636,-48.99304 -25.78626,-0.21913 -34.52062,-1.13173 -36.76982,-3.84184 -3.95884,-4.77011 -6.75672,-4.47828 -8.14914,0.84998 -0.63305,2.42244 -1.26504,-13.15039 -1.40442,-34.60628 -0.15237,-23.45671 0.63343,-37.61014 1.97086,-35.49795 1.47491,2.32932 3.7937,2.82436 6.88272,1.46942 6.55967,-2.87729 36.60539,-3.6794 163.84758,-4.37413 l 111.36954,-0.60806 -2.2e-4,42.15674 -2.3e-4,42.15675 -49.34727,0 c -43.96425,0 -49.18063,0.43428 -47.8196,3.98107 0.84023,2.1896 1.52768,23.14213 1.52768,46.56119 l 0,42.58011 45.30278,0 45.30277,0 0,37.92191 0,37.92193 -5.66285,-2.05723 c -5.56217,-2.02065 -16.91167,-2.05224 -134.88919,-0.37546 -32.31546,0.45927 -59.34054,-0.11099 -60.05574,-1.26729 l 0,0 z m 53.31992,-26.09861 c 3.15343,-9.97352 5.11625,-18.75093 4.36182,-19.50536 -4.92151,-4.92151 -13.11685,5.30293 -13.11685,16.36448 0,2.70337 -1.13257,4.91522 -2.51682,4.91522 -1.38425,0 -2.51682,-2.21185 -2.51682,-4.91522 0,-11.35059 -9.40068,-22.40637 -13.46303,-15.83335 -0.6468,1.04654 1.52226,9.82395 4.82013,19.50536 3.29787,9.6814 6.02537,17.96446 6.0611,18.4068 0.0357,0.44234 2.44367,0.44234 5.35097,0 4.13598,-0.62928 6.53335,-4.74936 11.0195,-18.93793 l 0,0 z m 28.52691,13.72924 c 0.62705,-3.28999 -0.95851,-4.49985 -6.26634,-4.78154 l -7.1058,-0.3771 6.92126,-1.04848 c 9.54692,-1.44624 9.76367,-12.11107 0.33347,-16.40775 -5.92127,-2.69791 -7.19447,-2.29629 -12.58411,3.96953 -7.51762,8.73977 -7.48469,10.4645 0.34936,18.29856 7.13551,7.13551 17.02266,7.32233 18.35216,0.34678 z m 14.18167,2.51682 c 0.53306,-1.73031 1.65166,-6.26059 2.48578,-10.06728 0.83411,-3.80669 3.19385,-6.92126 5.24385,-6.92126 2.05001,0 3.72728,-1.13257 3.72728,-2.51682 0,-1.38425 0.28314,-3.36625 0.62921,-4.40444 0.34606,-1.03818 -4.18422,-2.07031 -10.06729,-2.2936 l -10.69648,-0.40599 0,14.87771 c 0,11.68226 0.82781,14.87771 3.85422,14.87771 2.11982,0 4.29036,-1.41571 4.82343,-3.14603 z"
     id="path4687"
     inkscape:connector-curvature="0"
     transform="scale(0.8,0.8)" />
  <path
     style="fill:#ffff00;fill-opacity:1;stroke:#f1ff55;stroke-width:2.51682066999999998;stroke-miterlimit:4;stroke-opacity:1;stroke-dasharray:none"
     d="m 502.84197,419.41847 0,-45.35597 -51.59483,0 -51.59483,0 0,-42.78596 0,-42.78595 51.91673,0 51.91673,0 -1.11318,-42.78595 -1.11318,-42.78596 49.86928,0 49.86928,0 0,46.83616 0,46.83615 49.07801,-1.84019 49.078,-1.8402 0,39.31754 0,39.31753 -49.17804,0 -49.17806,0 0.31961,45.93198 0.31961,45.93198 -49.29757,0.68241 -49.29756,0.68241 0,-45.35598 z M 512.18,348.89429 c 0.85185,-3.25746 3.43299,-5.03364 7.31484,-5.03364 4.32063,0 5.99851,1.40799 5.99851,5.03364 0,4.07485 1.67788,5.03364 8.80887,5.03364 7.92246,0 8.81276,-0.69647 8.84742,-6.92126 0.0212,-3.80669 1.13642,-8.62011 2.47828,-10.69649 1.78672,-2.76476 2.45005,-0.91223 2.47828,6.92126 0.0325,9.00576 0.83417,10.69649 5.07218,10.69649 4.19825,0 5.0821,-1.7752 5.3256,-10.69649 0.16057,-5.88307 0.77095,-8.43135 1.3564,-5.66285 0.58544,2.76851 1.60821,7.58193 2.27282,10.69649 0.6646,3.11457 2.88564,5.66285 4.93564,5.66285 4.78683,0 5.30663,-23.89505 0.58331,-26.81422 -1.72919,-1.0687 -9.65718,-2.17631 -17.61775,-2.46136 l -14.47377,-0.51828 0,9.10824 c 0,10.97316 -3.06234,8.27394 -7.2272,-6.3702 -2.65849,-9.34757 -3.94033,-10.69649 -10.16448,-10.69649 -6.36773,0 -7.46297,1.26662 -10.3373,11.9549 -1.76822,6.57519 -4.04954,12.89983 -5.0696,14.05475 -2.90249,3.28623 0.25485,11.74266 4.38431,11.74266 2.04452,0 4.30966,-2.26514 5.03364,-5.03364 z"
     id="path4689"
     inkscape:connector-curvature="0"
     transform="scale(0.8,0.8)" />
</svg>
