<?xml version="1.0" encoding="UTF-8" standalone="no"?>
<svg
   xmlns:dc="http://purl.org/dc/elements/1.1/"
   xmlns:cc="http://creativecommons.org/ns#"
   xmlns:rdf="http://www.w3.org/1999/02/22-rdf-syntax-ns#"
   xmlns:svg="http://www.w3.org/2000/svg"
   xmlns="http://www.w3.org/2000/svg"
   xmlns:sodipodi="http://sodipodi.sourceforge.net/DTD/sodipodi-0.dtd"
   xmlns:inkscape="http://www.inkscape.org/namespaces/inkscape"
   version="1.0"
   width="900.000000pt"
   height="648.000000pt"
   viewBox="0 0 900.000000 648.000000"
   preserveAspectRatio="xMidYMid meet"
   id="svg3133"
   inkscape:version="0.48.4 r9939"
   sodipodi:docname="15.svg">
  <defs
     id="defs3211" />
  <sodipodi:namedview
     pagecolor="#ffffff"
     bordercolor="#666666"
     borderopacity="1"
     objecttolerance="10"
     gridtolerance="10"
     guidetolerance="10"
     inkscape:pageopacity="0"
     inkscape:pageshadow="2"
     inkscape:window-width="1600"
     inkscape:window-height="824"
     id="namedview3209"
     showgrid="false"
     inkscape:zoom="0.29135802"
     inkscape:cx="468.29478"
     inkscape:cy="253.42025"
     inkscape:window-x="0"
     inkscape:window-y="24"
     inkscape:window-maximized="1"
     inkscape:current-layer="svg3133" />
  <metadata
     id="metadata3135">
Created by potrace 1.10, written by Peter Selinger 2001-2011
<rdf:RDF>
  <cc:Work
     rdf:about="">
    <dc:format>image/svg+xml</dc:format>
    <dc:type
       rdf:resource="http://purl.org/dc/dcmitype/StillImage" />
  </cc:Work>
</rdf:RDF>
</metadata>
  <path
     sodipodi:type="arc"
     style="fill:#ffffff;fill-opacity:1;stroke:#000000;stroke-width:3.20000005;stroke-miterlimit:4;stroke-opacity:1;stroke-dasharray:none"
     id="path3845"
     sodipodi:cx="929.26904"
     sodipodi:cy="409.71927"
     sodipodi:rx="28.315678"
     sodipodi:ry="28.744703"
     d="m 946.53001,432.50567 a 28.315678,28.744703 0 1 1 0.0289,-0.0226"
     transform="matrix(1.2863378,0,0,1.2863378,-437.38888,-187.70351)"
     sodipodi:start="0.91525228"
     sodipodi:end="7.1971504"
     sodipodi:open="true" />
  <g
     transform="translate(0.000000,648.000000) scale(0.100000,-0.100000)"
     fill="#000000"
     stroke="none"
     id="g3137">
    <path
       d="M52 6378 c-17 -17 -17 -6249 0 -6266 9 -9 1010 -12 4444 -12 4032 0 4432 1 4438 16 3 9 6 1418 6 3133 0 2411 -3 3120 -12 3129 -17 17 -8859 17 -8876 0z m8835 -41 c4 -5 4 -6179 0 -6184 -5 -4 -8789 -4 -8794 0 -5 5 -4 6178 1 6185 4 7 8786 5 8793 -1z"
       id="path3139" />
    <path
       d="m 4760,6006 c -1.25,-23.2499 28.2538,-256.5278 100,-14 39,14 9.7034,-9.7542 -50.2966,-9.7542 -45,0 -49.1665,33.7398 -49.7034,23.7542 z"
       id="path3141"
       inkscape:connector-curvature="0"
       sodipodi:nodetypes="scss" />
    <path
       d="M5020 6010 c-8 -5 -27 -11 -42 -15 -35 -7 -36 -31 -3 -39 14 -4 25 -11 25 -16 0 -6 6 -10 14 -10 21 0 46 -28 46 -51 0 -20 -4 -23 -52 -33 -40 -9 -37 -41 3 -55 45 -16 44 -16 79 35 29 44 30 48 15 70 -15 23 -14 25 9 35 21 10 23 15 15 37 -18 46 -69 66 -109 42z"
       id="path3143" />
    <path
       d="M4497 5995 c-21 -20 -21 -29 -1 -49 19 -20 33 -20 58 -1 14 11 34 13 73 9 49 -6 53 -5 53 14 0 24 -23 33 -80 31 -19 -1 -47 2 -61 6 -18 5 -31 2 -42 -10z"
       id="path3145" />
    <path
       d="M4660 5925 c0 -16 16 -20 24 -6 3 5 -1 11 -9 15 -9 3 -15 0 -15 -9z"
       id="path3147" />
    <path
       d="m 4727,5888 c 155.1516,-292.5456 60.5071,-232.2365 -17,-53 -122.2696,282.7505 55,-96 61,-15 59.8098,-175.5633 -6.0041,80.2179 -44,68 z"
       id="path3149"
       inkscape:connector-curvature="0"
       sodipodi:nodetypes="cscc" />
    <path
       d="m 4832.9746,5844.9492 c -4,-3 -36.3672,-120.8575 -36.3672,-152.8575 0,-62 41.935,101.9591 70.935,125.9591 21,18 48.4576,67.9492 26.4576,75.9492 -20,8 -53.0254,-40.0508 -61.0254,-49.0508 z"
       id="path3151"
       inkscape:connector-curvature="0"
       sodipodi:nodetypes="csccc" />
    <path
       d="M4507 5877 c-6 -16 74 -87 98 -87 40 0 48 66 9 80 -52 20 -101 23 -107 7z"
       id="path3153" />
    <path
       d="m 4610,5732 c 0,-11 -7,-25 -15,-32 -19,-16 -19,-40 -1,-40 27,0 43,-28 49,-88 4,-33 11,-71 15,-83 35,-92 44,-133 38,-179 -5,-35 -3,-52 8,-62 8,-8 16,-25 18,-37 3,-24 59,-51 106,-51 37,0 84,28 78,48 -4,11 3,22 22,33 26,15 27,19 29,97 1,45 -2,84 -6,86 -4,3 -39,1 -77,-5 -38,-5 -84,-7 -101,-4 -28,5 -33,10 -33,33 0,16 -5,33 -11,39 -9,9 -8,18 5,37 22,35 20,46 -9,46 -24,0 -45,24 -45,53 0,11 23,13 133,10 72,-3 136,-8 140,-12 8,-8 -1,-41 -12,-41 -4,0 -15,-6 -25,-13 -16,-12 -15,-15 13,-45 32,-33 77,-48 51,-17 -10,13 -10,19 2,33 9,9 13,23 11,30 -3,7 3,23 13,35 11,12 25,33 33,46 12,22 11,26 -7,41 -11,9 -20,25 -19,36 2,15 -5,19 -28,19 -28,0 -30,-2 -29,-37 -46.3954,-266.2376 -115.1761,-600.8606 -56.9771,-207.8854 1.9045,12.8597 -26.1461,40.9771 -5.0229,184.8854 4.313,29.3836 -50.7077,-170.3009 -56.7077,-194.3009 -7,-27 -31.2923,-74.5387 -56.2923,191.3009 -19,19 30.3926,-295.5015 7.3926,-307.5015 C 4759.3926,5359.4985 4683,5688 4678,5723 c -4,31 -68,39 -68,9 z"
       id="path3155"
       inkscape:connector-curvature="0"
       sodipodi:nodetypes="scscccccsccccccsscsscsscccccccccscssccccs" />
    <path
       d="m 8212,5568 c 0,-63 -101.2373,-258.6949 -116.2373,-288.6949 -23,-45 80.2373,72.6949 122.2373,118.6949 22,23 42,42 45,42 12,0 7,-109 -5,-116 -7,-5 4,-12 28,-19 28,-7 40,-17 42,-32 2,-12 10,-27 18,-33 8,-7 -99.2627,-77.3475 -99.2627,-85.3475 0,-7 121.2627,32.3475 132.2627,17.3475 10,-15 25,-39 34,-54 9,-14 27,-28 39,-30 14,-2 24,-12 28,-27 3,-13 15,-27 26,-32 17,-6 133.8305,-194.2034 142.8305,-174.2034 7,14 -99.8305,219.2034 -100.8305,220.2034 -2,1 -18,10 -36,19 -40,21 -92,100 -92,142 0,23 10,42 40,73 22,22 40,50 40,61 0,15 7,20 25,20 14,0 27,-6 29,-12 10,-34 23,-284 15,-294 -14,-17 11,-86 38,-107 23,-18 25,-26 20,-71 -2,-28 0,-62 5,-76 7,-19 -91,-27 -104,-37 -17,-12 -34,-39 -53,-80 -17,-38 -31,-26 -31,27 l 0,50 -39,0 c -54,0 -61,-17 -20,-50 30,-26 32,-30 21,-54 -9,-21 77,-26 49,-26 -31,0 -35,-3 -35,-25 0,-17 8,-29 24,-37 53,-23 42,-63 -15,-55 -21,3 -40,3 -43,0 -8,-9 18,-57 43,-79 17,-14 22,-26 17,-39 -6,-16 -10,-14 -31,15 -30,41 -43,50 -72,50 -33,0 -37,-17 -9,-42 13,-13 39,-36 56,-52 49,-45 65,-73 50,-91 -20,-24 -50,-19 -47,7 1,17 -4,24 -22,26 -20,3 -22,1 -16,-15 4,-10 10,-30 13,-45 7,-43 -20,-35 -57,17 -19,26 -37,42 -45,39 -17,-7 -27,-65 -14,-81 5,-6 13,-24 17,-40 6,-22 14,-29 42,-33 30,-4 35,-9 39,-40 l 5,-35 74,-3 c 81,-3 4,8 5,60 0,18 7,29 20,33 23,7 23,7 20,107 l -2,76 32,17 c 31,16 32,21 13,71 -2,6 7,24 20,40 13,16 -53,49 -49,74 8,51 21,70 47,70 33,0 59,39 59,91 0,26 -4,51 -10,54 -15,9 84,48 101,71 8,10 15,31 15,46 0,20 -7,28 -30,37 -29,10 -30,12 -30,69 0,33 -6,73 -12,89 -9,21 -11,66 -8,149 3,65 1,129 -4,142 -10,23 47,32 4,29 -22,-2 -25,2 -25,31 0,35 -21,56 -45,45 -44,-18 -72,-14 -152,25 -75,37 -162,71 -180,72 -4,0 -6,-15 -6,-32 z m 206,-88 c 23,0 42,-4 42,-10 0,-5 -15,-21 -34,-37 -19,-15 -32,-31 -30,-35 9,-14 52,-9 58,7 6,16 46,21 46,5 0,-5 -11,-12 -25,-16 -18,-4 -25,-13 -25,-30 0,-12 -6,-27 -12,-31 -7,-4 -18,-17 -24,-28 -14,-25 -49,-31 -57,-11 -4,9 -1,29 4,46 14,39 6,60 -24,60 -29,0 -47,17 -47,45 0,12 -5,26 -11,32 -23,23 1,32 49,18 26,-8 66,-15 90,-15 z m -6,-968 c 2,-7 -3,-12 -12,-12 -9,0 -16,7 -16,16 0,17 22,14 28,-4 z"
       id="path3157"
       inkscape:connector-curvature="0"
       sodipodi:nodetypes="sccsccccsccccccccscsscccccccscsccssccccccsccsccccccccccccccccccscssccscsccccscccsssccsscsccccssscscssc" />
    <path
       d="M8093 5300 c-39 -24 -42 -47 -8 -60 14 -5 25 -16 25 -24 0 -17 98 -120 123 -129 9 -4 17 -14 17 -24 0 -27 125 -123 160 -123 26 0 60 -27 50 -39 -3 -3 10 -11 29 -17 19 -6 43 -22 53 -35 16 -19 21 -20 29 -8 16 24 21 58 15 85 -6 23 -11 26 -35 21 -24 -5 -42 4 -102 49 -41 30 -77 63 -80 73 -4 9 -24 23 -45 29 -39 12 -104 83 -104 112 0 7 -7 22 -16 32 -14 14 -14 20 -4 33 10 12 10 15 -3 15 -8 0 -17 -5 -19 -12 -6 -17 -28 0 -28 23 0 24 -16 24 -57 -1z"
       id="path3159" />
    <path
       d="M5609 4808 c-4 -60 5 -326 11 -338 12 -23 218 -22 230 0 6 12 16 287 11 338 -1 9 -33 12 -126 12 -93 0 -125 -3 -126 -12z"
       id="path3161" />
    <path
       d="M4040 4797 c-14 -7 -26 -20 -28 -30 -5 -23 -96 -108 -133 -124 -16 -7 -29 -19 -29 -27 0 -8 -13 -24 -28 -34 -15 -11 -34 -32 -42 -47 -8 -15 -27 -33 -42 -41 -15 -8 -28 -21 -28 -29 0 -19 -96 -108 -123 -115 -12 -3 -27 -16 -33 -29 -6 -12 -26 -36 -43 -53 -17 -17 -31 -34 -31 -39 0 -5 -24 -24 -53 -43 -30 -18 -73 -57 -97 -85 -24 -28 -62 -62 -85 -75 -27 -16 -50 -42 -68 -74 -15 -27 -39 -58 -54 -68 -16 -10 -44 -34 -63 -54 -19 -20 -54 -49 -78 -65 -31 -21 -42 -34 -40 -49 3 -19 9 -21 53 -18 64 4 116 38 155 99 28 45 167 184 239 241 18 14 52 51 73 80 22 30 54 62 70 71 45 24 142 109 150 132 4 11 19 24 32 29 14 5 33 22 43 37 31 50 85 113 97 113 13 0 112 94 126 120 5 10 29 28 53 40 l43 22 40 -27 c21 -14 41 -32 44 -39 7 -18 111 -111 133 -119 9 -4 21 -15 25 -24 8 -21 68 -88 122 -140 5 -4 24 -26 42 -47 50 -59 71 -79 114 -104 21 -13 52 -42 69 -65 16 -23 72 -82 125 -132 52 -49 121 -115 153 -147 48 -48 64 -58 93 -58 49 0 44 20 -21 75 -30 26 -57 55 -60 65 -3 10 -89 96 -190 190 -113 105 -187 182 -194 200 -5 17 -15 30 -21 30 -14 0 -130 115 -130 129 0 6 -9 16 -20 23 -11 7 -32 30 -46 50 -15 21 -35 40 -45 43 -11 4 -19 15 -19 26 0 12 -11 25 -28 32 -38 16 -132 101 -132 120 0 32 -53 52 -90 34z"
       id="path3163" />
    <path
       d="M4011 4539 c-19 -23 -47 -46 -62 -51 -18 -6 -29 -17 -29 -29 0 -10 -10 -24 -22 -30 -30 -15 -117 -101 -118 -114 0 -20 -110 -125 -137 -131 -16 -4 -56 -37 -93 -76 -69 -74 -191 -197 -303 -304 -37 -36 -72 -76 -77 -89 -9 -23 -16 -1112 -8 -1121 4 -3 1028 -5 2738 -4 l565 0 0 560 c0 621 4 587 -65 572 -19 -4 -351 -7 -738 -7 l-703 1 -72 72 c-40 40 -86 82 -104 95 -18 12 -67 62 -110 112 -87 101 -183 194 -198 195 -15 0 -115 103 -115 118 0 13 -94 108 -122 123 -10 5 -18 18 -18 29 0 12 -12 22 -35 30 -23 8 -45 26 -62 51 -35 53 -66 53 -112 -2z m105 -178 c16 -5 41 -12 57 -15 19 -5 27 -13 27 -27 0 -11 11 -37 25 -57 l25 -37 0 -247 c0 -229 -1 -248 -17 -248 -177 -2 -344 -1 -350 3 -5 3 -8 121 -7 261 2 206 5 261 17 279 8 12 17 32 21 44 4 14 18 25 34 29 15 3 36 9 47 14 27 12 86 12 121 1z m-375 -262 c6 -12 12 -84 14 -162 2 -78 6 -156 10 -172 10 -45 -21 -70 -72 -59 -21 4 -45 7 -53 6 -8 -1 -54 -2 -102 -3 -48 0 -90 -4 -93 -9 -3 -6 -18 -10 -32 -10 -17 0 -37 -13 -62 -40 -53 -58 -70 -53 -63 19 3 26 14 47 35 69 162 159 211 210 222 233 17 32 81 89 100 89 8 0 27 14 42 30 31 36 39 37 54 9z m689 6 c7 -8 18 -15 24 -15 6 0 27 -20 46 -45 19 -24 42 -47 50 -50 9 -3 34 -29 55 -58 22 -28 58 -68 80 -89 104 -95 173 -152 205 -169 82 -44 115 -74 118 -108 2 -18 -1 -38 -6 -44 -5 -7 -7 -50 -5 -97 8 -187 9 -476 1 -492 -5 -10 -3 -36 4 -62 10 -39 10 -48 -5 -64 -9 -10 -17 -35 -17 -55 0 -20 -6 -39 -12 -44 -10 -6 -279 -14 -408 -13 -8 0 -238 0 -510 0 -272 -1 -502 -1 -510 0 -8 0 -48 0 -89 0 -76 0 -144 15 -161 35 -6 7 -13 55 -17 106 -5 78 -3 97 10 107 12 11 20 8 46 -18 17 -17 58 -42 90 -55 57 -23 69 -24 223 -21 181 4 224 10 253 36 11 10 30 23 42 29 42 21 55 101 57 361 1 132 -3 252 -8 273 -12 45 -5 52 63 62 41 6 48 4 68 -20 19 -22 22 -33 16 -63 -4 -21 -6 -46 -6 -57 1 -11 2 -119 2 -240 l1 -220 31 -50 c59 -98 102 -111 355 -110 l162 0 54 38 c30 20 59 37 64 37 24 0 37 129 37 365 1 204 -1 245 -15 270 -9 17 -24 44 -33 61 -11 21 -34 39 -73 57 -51 23 -70 26 -177 26 -66 1 -133 5 -149 9 l-29 8 4 99 c2 55 3 132 2 172 -1 63 1 73 18 78 10 4 19 15 19 26 0 23 13 25 30 4z m1315 -489 c13 -20 14 -32 6 -63 -12 -45 -7 -327 7 -363 5 -14 19 -33 30 -43 11 -10 23 -29 26 -43 5 -17 13 -24 32 -24 13 0 40 -6 58 -14 49 -20 327 -15 380 8 65 27 66 26 66 -154 l0 -162 -29 -29 -29 -29 -299 3 c-335 4 -349 6 -338 64 3 17 0 53 -6 78 -10 40 -9 52 4 74 13 23 13 29 1 45 -16 23 -19 82 -4 91 6 3 10 17 10 30 0 13 -4 27 -10 30 -14 9 -13 71 2 95 10 15 10 26 0 53 -15 41 -15 74 -2 82 14 8 13 48 -2 80 -9 20 -9 34 1 61 11 31 10 40 -9 81 -11 25 -20 47 -18 48 5 5 72 23 90 24 10 1 25 -10 33 -23z m-2016 -24 l154 3 0 -315 0 -315 -129 -1 c-71 -1 -177 -3 -236 -5 -59 -1 -111 0 -114 4 -11 11 -6 630 5 636 6 4 46 3 88 -1 43 -5 147 -7 232 -6z m980 9 c11 -7 13 -68 13 -321 0 -255 -2 -314 -13 -320 -8 -3 -54 -4 -103 -1 -49 3 -146 4 -215 1 -69 -3 -132 -3 -140 1 -11 5 -13 63 -13 320 l0 314 154 -3 c84 -1 182 2 218 6 36 5 70 10 75 11 6 0 16 -3 24 -8z m827 -27 c3 -13 3 -28 -1 -33 -3 -6 -5 -91 -4 -189 2 -206 2 -175 -1 -460 -1 -197 -3 -223 -18 -230 -9 -4 -102 -5 -207 -2 l-190 5 -1 460 c-1 253 0 462 2 465 1 3 95 6 208 6 206 0 207 0 212 -22z m754 16 c5 -41 1 -412 -3 -417 -4 -3 -102 -6 -219 -6 l-213 -1 -3 205 c-1 112 0 209 2 214 4 10 436 15 436 5z"
       id="path3165" />
    <path
       d="M5407 3182 c-35 -39 -10 -90 38 -78 28 7 44 49 28 75 -15 23 -47 25 -66 3z"
       id="path3167" />
    <path
       d="M4587 4403 c-16 -15 -5 -34 30 -50 21 -10 43 -28 49 -41 20 -40 77 -93 119 -112 23 -10 54 -34 70 -54 17 -21 56 -64 88 -97 31 -32 57 -63 57 -69 0 -5 19 -26 42 -47 23 -21 64 -59 92 -85 27 -27 55 -48 60 -49 6 0 286 -1 621 -3 535 -2 617 -4 670 -19 81 -22 105 -22 105 2 0 17 -83 101 -100 101 -4 0 -24 25 -44 55 -23 35 -56 68 -90 90 -39 25 -60 47 -76 80 -17 35 -35 53 -71 73 -26 15 -55 39 -64 54 -8 15 -29 37 -45 48 -17 12 -30 28 -30 35 0 8 -10 20 -22 26 -13 6 -33 21 -46 32 -22 20 -33 21 -605 24 -320 1 -632 5 -693 8 -61 3 -114 2 -117 -2z m1284 -113 c14 0 43 -11 63 -25 20 -14 39 -25 42 -25 3 0 30 -25 60 -55 36 -37 54 -64 54 -81 0 -21 3 -24 25 -18 27 7 57 -20 104 -91 14 -22 36 -50 49 -62 19 -19 21 -26 12 -43 -9 -17 -20 -21 -63 -20 -29 1 -244 1 -480 0 -494 -2 -487 -3 -577 83 -106 101 -230 246 -230 270 0 9 -9 19 -20 22 -25 8 -26 21 -2 33 9 5 174 10 367 11 192 2 352 4 354 7 2 2 52 2 110 -1 58 -3 118 -5 132 -5z"
       id="path3169" />
    <path
       d="M1715 4220 c-8 -16 -15 -36 -15 -45 0 -8 -5 -15 -10 -15 -7 0 -8 -18 -4 -49 8 -63 2 -66 -135 -76 -57 -4 -163 -16 -235 -27 -72 -11 -148 -21 -169 -22 -37 -1 -38 0 -62 59 -30 72 -30 70 -5 95 14 14 33 20 64 20 50 0 62 10 46 40 -9 17 -17 20 -48 14 -20 -4 -84 -8 -142 -8 -99 -1 -105 -2 -108 -22 -2 -17 8 -26 55 -46 32 -14 66 -28 76 -31 21 -8 21 -25 2 -51 -21 -27 -19 -33 13 -48 23 -11 27 -20 30 -59 3 -43 1 -47 -38 -74 -22 -15 -40 -32 -40 -36 0 -17 -31 -9 -78 18 -42 25 -58 28 -159 32 -156 5 -197 -10 -286 -103 -37 -39 -80 -96 -95 -126 -24 -48 -27 -67 -27 -150 0 -114 12 -141 111 -254 87 -100 134 -120 284 -119 92 0 112 3 160 27 68 32 150 99 184 148 14 22 26 55 28 80 3 38 6 43 28 43 21 0 26 -6 30 -35 5 -32 8 -35 43 -38 23 -2 48 3 62 12 14 9 33 16 43 16 39 0 53 32 50 111 l-3 74 -50 3 c-57 4 -75 15 -72 44 1 12 -4 23 -10 25 -8 3 -13 -4 -13 -19 0 -15 -15 -39 -39 -62 l-39 -38 -7 33 c-4 19 -14 43 -21 54 -8 11 -14 30 -14 43 0 29 -14 56 -57 108 -18 23 -33 44 -33 47 0 3 16 21 36 41 35 35 54 39 54 10 0 -8 10 -40 21 -72 12 -31 29 -79 39 -107 l18 -50 12 27 c11 23 9 38 -14 109 -15 46 -31 88 -36 94 -6 8 -5 18 3 29 10 14 36 20 113 27 54 5 117 16 139 24 22 8 82 16 132 20 51 3 104 10 118 15 15 6 36 10 47 10 11 0 26 7 33 17 22 30 38 5 32 -53 -3 -30 -1 -56 4 -59 21 -14 9 -51 -20 -62 -39 -14 -120 -120 -154 -201 -24 -58 -27 -76 -22 -130 8 -94 64 -203 142 -277 12 -12 48 -34 80 -51 54 -27 65 -29 173 -29 113 1 116 1 187 38 96 49 142 99 182 196 45 110 45 193 0 289 -42 88 -64 117 -120 157 -83 60 -175 77 -339 62 -24 -2 -25 1 -25 49 1 40 7 62 30 95 18 28 29 57 29 79 0 38 9 50 43 50 26 0 35 12 27 34 -4 10 -18 16 -40 16 -18 0 -48 9 -66 20 -22 13 -51 20 -85 20 -48 0 -54 -3 -68 -30z m134 -55 l30 -26 -19 -45 c-11 -24 -27 -53 -37 -63 -17 -18 -19 -18 -38 -3 -12 10 -27 32 -35 51 -7 18 -23 42 -34 53 -21 19 -21 19 -1 31 18 11 58 22 92 26 6 0 25 -10 42 -24z m-29 -314 c0 -9 4 -21 9 -26 13 -14 15 -44 7 -85 -10 -48 18 -118 39 -100 22 18 18 55 -7 72 -22 15 -22 15 -2 44 10 16 24 38 30 49 9 17 21 20 70 19 70 -2 99 -7 139 -25 43 -20 127 -78 141 -97 21 -30 46 -158 42 -208 -8 -85 -49 -181 -82 -194 -14 -5 -42 -20 -63 -33 -52 -32 -133 -57 -185 -57 -53 0 -143 28 -183 56 -17 12 -40 24 -52 28 -23 7 -69 113 -84 191 -7 39 5 130 21 150 4 6 11 24 15 42 4 19 20 43 41 60 80 64 86 71 74 94 -9 15 -8 24 0 35 15 17 30 9 30 -15z m-1041 -35 c32 7 105 -26 115 -51 11 -29 7 -41 -24 -76 -33 -37 -40 -59 -12 -38 27 21 46 42 65 72 22 34 37 34 77 1 38 -33 60 -74 60 -114 0 -17 11 -52 24 -79 24 -47 24 -48 5 -64 -10 -9 -19 -28 -19 -41 0 -14 -10 -37 -22 -51 -20 -22 -33 -26 -96 -30 -40 -2 -81 -7 -91 -10 -12 -3 -30 4 -49 20 -39 32 -49 32 -57 -5 -11 -51 7 -62 84 -55 36 4 72 13 79 19 14 13 72 9 72 -4 0 -11 -49 -50 -62 -50 -6 0 -22 -8 -36 -18 -76 -52 -254 -48 -325 8 -14 11 -30 20 -36 20 -28 0 -82 85 -116 182 -20 59 -19 88 8 139 13 24 27 56 30 71 11 43 63 95 125 124 71 34 109 43 145 33 16 -5 41 -6 56 -3z"
       id="path3171" />
    <path
       d="M1910 3646 c0 -13 7 -29 15 -36 8 -7 15 -24 15 -37 0 -22 -3 -24 -30 -18 -26 6 -30 4 -30 -15 0 -11 10 -38 22 -60 20 -35 26 -38 53 -33 16 3 45 19 63 35 18 15 39 28 47 28 8 0 15 5 15 11 0 6 -7 9 -15 5 -15 -5 -36 11 -62 50 -9 14 -25 24 -39 24 -17 0 -24 6 -24 19 0 26 -10 51 -21 51 -5 0 -9 -11 -9 -24z"
       id="path3173" />
    <path
       d="M2100 3565 c0 -8 5 -15 10 -15 6 0 10 7 10 15 0 8 -4 15 -10 15 -5 0 -10 -7 -10 -15z"
       id="path3175" />
    <path
       d="M1767 3553 c-12 -11 -8 -23 8 -23 8 0 15 7 15 15 0 16 -12 20 -23 8z"
       id="path3177" />
    <path
       d="M2000 3355 c0 -8 5 -15 10 -15 6 0 10 7 10 15 0 8 -4 15 -10 15 -5 0 -10 -7 -10 -15z"
       id="path3179" />
    <path
       d="M751 3665 c0 -31 2 -36 9 -23 6 10 7 25 1 40 -9 20 -10 18 -10 -17z"
       id="path3181" />
    <path
       d="M612 3650 c13 -20 28 -27 28 -12 0 10 -22 32 -32 32 -5 0 -3 -9 4 -20z"
       id="path3183" />
    <path
       d="M550 3585 c-10 -12 -7 -16 16 -25 37 -14 58 4 30 26 -25 18 -31 18 -46 -1z"
       id="path3185" />
    <path
       d="M740 3592 c-30 -9 -89 -76 -95 -106 -4 -17 -9 -39 -11 -48 -4 -14 1 -18 20 -18 19 0 26 -5 26 -19 0 -28 17 -35 25 -10 5 15 12 19 29 15 40 -10 90 88 56 109 -16 10 -1 25 18 18 9 -3 34 -19 54 -34 29 -23 47 -29 87 -29 27 0 53 5 56 10 6 10 -1 14 -46 24 -33 7 -44 33 -24 56 18 20 11 30 -21 30 -36 0 -54 -11 -54 -31 0 -29 -20 -23 -31 10 -8 24 -16 29 -42 29 -18 0 -39 -3 -47 -6z m30 -122 c0 -11 -4 -20 -10 -20 -5 0 -10 9 -10 20 0 11 5 20 10 20 6 0 10 -9 10 -20z m-68 -32 c-15 -15 -26 -4 -18 18 5 13 9 15 18 6 9 -9 9 -15 0 -24z"
       id="path3187" />
    <path
       d="M1645 3868 c-16 -12 -46 -36 -65 -54 -19 -18 -64 -53 -100 -77 -35 -23 -72 -56 -81 -72 -54 -96 -16 -102 75 -12 35 34 90 87 123 117 52 49 103 121 85 120 -4 0 -20 -10 -37 -22z"
       id="path3189" />
    <path
       d="m 7468.4589,3386.9473 c -78.7882,-33.7664 -122.2021,-131.8497 -78.7882,-180.0873 33.7664,-36.9822 57.8852,-38.5902 123.81,-4.8238 64.3169,33.7664 75.5723,49.8456 75.5723,112.5546 0,77.1802 -43.4139,102.907 -120.5941,72.3565 z"
       id="path3191"
       inkscape:connector-curvature="0" />
    <path
       d="M1271 3324 c-15 -34 -3 -44 57 -44 34 0 42 3 42 19 0 24 -19 39 -56 47 -26 5 -32 2 -43 -22z"
       id="path3193" />
    <path
       d="m 7704.8235,3166.6619 c -28.9426,-19.2951 -35.3743,-40.198 -35.3743,-104.5149 0,-65.9249 8.0396,-86.8278 41.8059,-118.9863 56.2773,-53.0614 75.5724,-49.8456 127.0259,11.2555 36.9822,43.4139 41.806,62.7089 35.3743,120.5941 -3.2158,38.5902 -16.0792,80.3962 -27.3347,93.2595 -25.7267,30.5506 -96.4753,30.5506 -141.4971,-1.6079 z"
       id="path3195"
       inkscape:connector-curvature="0" />
    <path
       d="m 7351.0805,3005.8697 c -53.0614,-36.9822 -45.0218,-96.4754 20.903,-162.4002 45.0219,-45.0218 65.9249,-54.6693 107.7308,-49.8456 48.2377,4.8238 53.0615,9.6476 46.6298,53.0615 -6.4317,57.8852 -25.7268,99.6912 -70.7486,149.5367 -38.5901,41.806 -56.2773,43.414 -104.515,9.6476 z"
       id="path3197"
       inkscape:connector-curvature="0" />
    <path
       d="m 7709.6472,2856.3329 c -9.6475,-8.0396 -40.198,-17.6871 -70.7486,-20.903 -69.1406,-6.4317 -82.004,-38.5901 -27.3346,-62.709 64.3169,-30.5505 144.713,0 151.1447,54.6694 4.8237,45.0218 -22.511,59.4931 -53.0615,28.9426 z"
       id="path3199"
       inkscape:connector-curvature="0" />
    <path
       d="M4880 1903 c-8 -3 -26 -14 -40 -23 -14 -9 -42 -23 -63 -29 -20 -7 -42 -21 -47 -31 -20 -38 -4 -180 26 -233 5 -8 34 -34 64 -58 44 -35 61 -42 92 -40 20 1 46 -4 56 -10 17 -11 27 -6 76 36 31 27 56 52 56 55 0 3 8 15 18 26 42 45 52 69 51 119 -1 72 -10 94 -44 113 -17 9 -55 31 -86 49 -55 32 -116 42 -159 26z m94 -148 c19 -24 25 -42 21 -56 -4 -11 -1 -27 6 -35 18 -21 -8 -44 -57 -51 -36 -5 -42 -2 -70 34 -46 57 -58 83 -45 96 8 8 14 6 24 -7 8 -11 19 -15 30 -10 19 7 23 30 5 36 -21 7 2 28 31 28 21 0 36 -10 55 -35z"
       id="path3201" />
    <path
       d="M4820 1380 c-8 -5 -27 -10 -42 -10 -46 0 -77 -37 -90 -108 -13 -71 -4 -113 40 -169 23 -31 24 -36 14 -95 -10 -66 -24 -113 -48 -162 -13 -25 -13 -32 1 -52 12 -19 24 -24 55 -24 70 0 86 -14 86 -75 1 -50 0 -53 -26 -59 -30 -6 -46 -41 -28 -63 6 -7 30 -13 54 -13 l44 0 2 43 c0 23 2 48 2 54 1 7 11 20 24 28 18 13 20 20 12 36 -13 23 -9 25 69 33 80 8 86 0 65 -101 -4 -20 -11 -23 -49 -23 -43 0 -45 -1 -45 -30 0 -28 29 -70 49 -70 29 0 41 14 41 49 0 35 3 38 38 47 36 9 37 10 35 49 -2 22 -4 67 -6 100 -2 33 -10 86 -17 118 -12 54 -12 60 8 101 12 24 22 48 22 53 0 5 9 18 20 28 27 25 28 144 1 207 -30 70 -99 115 -138 90 -9 -5 0 -21 27 -54 41 -47 40 -56 -2 -71 -15 -5 -16 -24 -13 -179 3 -172 -3 -250 -23 -270 -6 -6 -46 -11 -90 -11 -141 0 -164 46 -94 190 13 26 13 34 3 47 -9 10 -11 28 -7 48 4 21 0 45 -13 72 -26 56 -35 145 -16 153 8 3 15 14 15 24 0 23 15 25 24 4 9 -23 63 -19 69 5 4 14 14 20 35 20 35 0 61 25 44 42 -9 9 -17 7 -32 -7 -19 -17 -21 -17 -38 -2 -21 19 -59 22 -82 7z"
       id="path3203" />
    <path
       d="M4880 405 c-7 -8 -13 -30 -14 -47 -1 -28 -5 -33 -26 -33 -19 0 -25 5 -24 23 0 17 -5 22 -24 22 -19 0 -23 -4 -19 -20 3 -11 1 -23 -4 -26 -13 -8 -11 -58 3 -72 23 -23 138 -7 138 20 0 5 11 13 25 18 22 9 25 15 25 64 0 40 -4 55 -16 60 -26 10 -51 7 -64 -9z"
       id="path3205" />
    <path
       d="M5036 393 c-3 -3 -6 -24 -6 -45 0 -34 -4 -40 -29 -49 -27 -10 -46 -42 -35 -61 3 -4 25 -8 49 -8 35 0 51 7 87 36 23 20 43 41 42 45 -1 5 -2 20 -2 34 -2 25 -16 34 -73 48 -14 4 -29 4 -33 0z"
       id="path3207" />
    <path
       style="fill:#ffffff;fill-opacity:1;stroke:#000000;stroke-width:3.88309503;stroke-miterlimit:4;stroke-opacity:1;stroke-dasharray:none"
       d="m 667.03577,324.73636 c -5.00555,-0.44042 -10.85859,-1.72834 -13.00675,-2.86204 -4.81433,-2.54078 -25.604,-23.7502 -31.91939,-32.56385 -2.5558,-3.56684 -5.81544,-7.76871 -7.24363,-9.33748 -1.42819,-1.56877 -2.26545,-3.18358 -1.86056,-3.58847 1.09467,-1.09466 71.69243,-2.81159 98.92861,-2.40592 21.49984,0.32022 24.10626,0.5906 28.51648,2.95822 7.58528,4.07213 15.92557,12.06733 18.81536,18.03682 1.9488,4.02568 3.33962,5.44694 5.33031,5.44694 1.48141,0 3.60082,0.68257 4.70977,1.51683 2.39611,1.80257 15.43611,19.11714 15.43611,20.49614 0,3.04916 -7.10434,3.46134 -56.64981,3.2867 -28.57552,-0.10072 -56.05095,-0.54347 -61.0565,-0.98389 z"
       id="path4615"
       inkscape:connector-curvature="0"
       transform="matrix(8,0,0,-8,0,6480)" />
    <path
       style="fill:#ffffff;fill-opacity:1;stroke:#000000;stroke-width:3.88309503;stroke-miterlimit:4;stroke-opacity:1;stroke-dasharray:none"
       d="m 684.63104,322.27742 c -15.34904,-0.4628 -25.60563,-1.29964 -27.90496,-2.27679 -4.24899,-1.80568 -25.34707,-22.94199 -33.661,-33.72198 l -5.74647,-7.45098 9.38687,-0.76957 c 5.16278,-0.42326 31.50232,-0.88894 58.5323,-1.03485 l 49.14542,-0.26528 5.4606,3.25869 c 6.93814,4.14043 10.89075,7.9025 17.02047,16.2 2.9947,4.05378 5.80965,6.63085 7.24291,6.63085 1.38435,0 4.83688,2.995 8.43083,7.31358 10.25285,12.32004 10.54159,11.61707 -5.14268,12.52085 -15.01342,0.86511 -45.61696,0.71554 -82.76429,-0.40452 z"
       id="path4617"
       inkscape:connector-curvature="0"
       transform="matrix(8,0,0,-8,0,6480)" />
    <path
       style="fill:#ffffff;fill-opacity:1;stroke:#000000;stroke-width:3.88309503;stroke-miterlimit:4;stroke-opacity:1;stroke-dasharray:none"
       d="m 693.12531,319.83039 c -17.46277,-0.4873 -30.92043,-1.40716 -33.61196,-2.29744 -3.21541,-1.06357 -8.98122,-6.13673 -20.32557,-17.88387 -8.71026,-9.01951 -15.83683,-16.82327 -15.83683,-17.34169 0,-1.74284 19.74369,-2.50116 65.31115,-2.50848 l 45.28893,-0.007 5.2766,3.09229 c 2.90213,1.70076 8.4517,6.75181 12.33238,11.22457 3.88069,4.47275 7.88315,8.6238 8.89436,9.22455 1.01122,0.60074 5.11493,4.42317 9.11937,8.49427 l 7.28081,7.402 -15.77508,0.77176 c -18.90229,0.92475 -29.66721,0.89771 -67.95416,-0.17069 z"
       id="path4619"
       inkscape:connector-curvature="0"
       transform="matrix(8,0,0,-8,0,6480)" />
    <path
       style="fill:#ffffff;fill-opacity:1;stroke:#000000;stroke-width:3.88309503;stroke-miterlimit:4;stroke-opacity:1;stroke-dasharray:none"
       d="m 697.83379,317.37944 c -16.76514,-0.55284 -32.84933,-1.64261 -35.74264,-2.42169 -4.34405,-1.16973 -7.77504,-3.98659 -19.69272,-16.16775 l -14.43213,-14.75123 11.34383,-0.77428 c 6.23911,-0.42585 29.96447,-0.83539 52.72302,-0.9101 l 41.37918,-0.13582 4.73257,3.51131 c 2.60291,1.93121 11.00335,9.84909 18.66765,17.59527 l 13.93508,14.08397 -13.32835,0.009 c -7.33059,0.005 -16.87774,0.22424 -21.21588,0.48776 -4.33815,0.26352 -21.60447,0.0268 -38.36961,-0.52605 l 0,0 z"
       id="path4621"
       inkscape:connector-curvature="0"
       transform="matrix(8,0,0,-8,0,6480)" />
    <path
       style="fill:#ffffff;fill-opacity:1;stroke:#000000;stroke-width:3.88309503;stroke-miterlimit:4;stroke-opacity:1;stroke-dasharray:none"
       d="m 676.59447,313.70406 c -7.46501,-0.53676 -14.35991,-1.70332 -16.3818,-2.77165 -1.92026,-1.01464 -8.58025,-6.98295 -14.79998,-13.26294 l -11.30861,-11.41814 28.29715,-0.80012 c 15.56343,-0.44007 37.73304,-0.80138 49.26579,-0.80291 l 20.96863,-0.003 13.00845,11.98687 c 7.15464,6.59277 14.33226,13.41852 15.95026,15.16834 l 2.94183,3.18147 -37.52564,-0.17562 c -20.6391,-0.0966 -43.32634,-0.59272 -50.41608,-1.1025 z"
       id="path4623"
       inkscape:connector-curvature="0"
       transform="matrix(8,0,0,-8,0,6480)" />
    <path
       style="fill:#ffffff;fill-opacity:1;stroke:#000000;stroke-width:3.88309503;stroke-miterlimit:4;stroke-opacity:1;stroke-dasharray:none"
       d="m 690.09165,311.30841 c -13.01444,-0.45735 -25.08644,-1.41292 -26.82667,-2.12349 -1.74023,-0.71056 -7.71758,-5.61325 -13.283,-10.89486 l -10.11895,-9.60292 30.27155,-0.80472 c 16.64934,-0.4426 37.26838,-0.80591 45.82008,-0.80735 l 15.54854,-0.003 9.93427,9.29777 c 5.46385,5.11378 11.56195,10.84741 13.55133,12.74141 l 3.61707,3.44363 -22.42581,-0.20765 c -12.33419,-0.1142 -33.07398,-0.58184 -46.08841,-1.03919 z"
       id="path4625"
       inkscape:connector-curvature="0"
       transform="matrix(8,0,0,-8,0,6480)" />
    <path
       style="fill:#ffffff;fill-opacity:1;stroke:#000000;stroke-width:3.88309503;stroke-miterlimit:4;stroke-opacity:1;stroke-dasharray:none"
       d="m 697.21624,308.86229 c -15.10257,-0.48156 -29.30013,-1.50353 -31.55014,-2.27105 -2.25001,-0.76752 -7.59659,-4.56419 -11.88129,-8.43704 l -7.79035,-7.04156 32.0597,-0.80415 c 17.63283,-0.44228 36.70121,-0.79004 42.37416,-0.77279 l 10.31448,0.0314 10.56549,10.28063 10.56549,10.28062 -13.59916,-0.19523 c -7.47954,-0.10738 -25.95581,-0.58923 -41.05838,-1.07079 l 0,0 z"
       id="path4627"
       inkscape:connector-curvature="0"
       transform="matrix(8,0,0,-8,0,6480)" />
    <path
       style="fill:#ffffff;fill-opacity:1;stroke:#000000;stroke-width:3.88309503;stroke-miterlimit:4;stroke-opacity:1;stroke-dasharray:none"
       d="m 703.37029,306.46115 c -34.01441,-1.2163 -36.13756,-1.58226 -44.32116,-7.6395 l -6.85674,-5.07514 38.54803,-1.0193 38.54803,-1.01931 7.99674,7.99674 7.99674,7.99674 -9.08977,-0.1958 c -4.99937,-0.1077 -19.76921,-0.57769 -32.82187,-1.04443 z"
       id="path4629"
       inkscape:connector-curvature="0"
       transform="matrix(8,0,0,-8,0,6480)" />
    <path
       style="fill:#ffffff;fill-opacity:1;stroke:#000000;stroke-width:3.88309503;stroke-miterlimit:4;stroke-opacity:1;stroke-dasharray:none"
       d="m 702.94502,303.92193 c -26.02286,-1.05764 -34.62461,-2.2995 -39.90068,-5.76055 -3.31378,-2.1738 -2.81161,-2.22349 30.88817,-3.05629 l 34.25671,-0.84655 5.50796,5.50795 5.50795,5.50796 -6.05137,-0.18535 c -3.32825,-0.10194 -16.92219,-0.62717 -30.20874,-1.16717 z"
       id="path4631"
       inkscape:connector-curvature="0"
       transform="matrix(8,0,0,-8,0,6480)" />
    <path
       style="fill:#ffffff;fill-opacity:1;stroke:#000000;stroke-width:0.68644071;stroke-miterlimit:4;stroke-opacity:1;stroke-dasharray:none"
       d="m 719.30557,302.53522 c -30.82383,-1.24087 -37.95869,-1.68821 -44.83316,-2.81093 -2.18912,-0.35752 -6.12144,-1.2881 -6.61848,-1.56625 -0.53187,-0.29765 8.95154,-0.61013 43.68563,-1.43943 l 15.72313,-0.3754 3.36765,3.36765 3.36764,3.36765 -1.28622,-0.0277 c -0.70742,-0.0152 -6.74021,-0.24725 -13.40619,-0.5156 z"
       id="path4643"
       inkscape:connector-curvature="0"
       transform="matrix(8,0,0,-8,0,6480)" />
    <path
       style="fill:#ffffff;fill-opacity:1;stroke:#000000;stroke-width:0.68644071;stroke-miterlimit:4;stroke-opacity:1;stroke-dasharray:none"
       d="m 727.02802,302.40905 c -2.30064,-0.0966 -8.913,-0.37344 -14.69412,-0.61515 -25.63704,-1.07191 -33.81315,-1.68109 -40.00662,-2.98078 l -1.82336,-0.38263 1.93062,-0.14922 c 1.74699,-0.13502 33.06006,-0.99488 48.47987,-1.33126 l 6.22087,-0.13571 2.89294,2.91759 2.89294,2.9176 -0.85507,-0.0324 c -0.47029,-0.0178 -2.73742,-0.11143 -5.03807,-0.20805 z"
       id="path4645"
       inkscape:connector-curvature="0"
       transform="matrix(8,0,0,-8,0,6480)" />
    <path
       style="fill:#ffffff;fill-opacity:1;stroke:#000000;stroke-width:0.68644071;stroke-miterlimit:4;stroke-opacity:1;stroke-dasharray:none"
       d="m 722.09423,301.77968 c -4.77827,-0.21158 -12.16287,-0.53916 -16.41022,-0.72796 -14.92856,-0.6636 -25.45542,-1.40478 -30.03178,-2.11447 -1.96627,-0.30493 0.19355,-0.38486 33.54769,-1.24149 l 17.67374,-0.45391 2.48931,2.4893 c 2.07385,2.07385 2.39999,2.48463 1.95417,2.46126 -0.29433,-0.0154 -4.44464,-0.20116 -9.22291,-0.41273 z"
       id="path4647"
       inkscape:connector-curvature="0"
       transform="matrix(8,0,0,-8,0,6480)" />
    <path
       style="fill:#ffffff;fill-opacity:1;stroke:#000000;stroke-width:0.12134672;stroke-miterlimit:4;stroke-opacity:1;stroke-dasharray:none"
       d="m 727.35059,301.65689 c -1.50166,-0.0697 -6.97933,-0.31521 -12.17259,-0.54555 -13.50825,-0.59913 -16.71253,-0.75298 -21.74761,-1.04422 -5.82727,-0.33706 -11.30432,-0.74527 -14.16343,-1.05559 l -0.79634,-0.0864 0.51193,-0.0265 c 1.84547,-0.0954 11.86691,-0.36927 39.28402,-1.07337 l 8.47332,-0.21761 1.96515,1.98388 c 1.08084,1.09114 2.0001,2.03296 2.04282,2.09295 l 0.0777,0.10906 -0.37231,-0.005 c -0.20478,-0.003 -1.60095,-0.062 -3.10262,-0.13169 z"
       id="path4649"
       inkscape:connector-curvature="0"
       transform="matrix(8,0,0,-8,0,6480)" />
    <path
       style="fill:#ffffff;fill-opacity:1;stroke:#000000;stroke-width:0.12134672;stroke-miterlimit:4;stroke-opacity:1;stroke-dasharray:none"
       d="m 729.09495,301.65607 c -0.62569,-0.0281 -4.00444,-0.17969 -7.50833,-0.33684 -24.54232,-1.10076 -27.3185,-1.24056 -34.2994,-1.72727 -3.10482,-0.21646 -7.6492,-0.59132 -7.61116,-0.62783 0.048,-0.046 11.08677,-0.34678 43.84453,-1.19459 l 3.18535,-0.0824 1.77425,1.79725 c 0.97584,0.98849 1.86061,1.89537 1.96616,2.01529 l 0.1919,0.21805 -0.20284,-0.005 c -0.11156,-0.003 -0.71476,-0.0282 -1.34046,-0.0564 z"
       id="path4651"
       inkscape:connector-curvature="0"
       transform="matrix(8,0,0,-8,0,6480)" />
    <path
       style="fill:#ffffff;fill-opacity:1;stroke:#000000;stroke-width:0.12134672;stroke-miterlimit:4;stroke-opacity:1;stroke-dasharray:none"
       d="m 727.40747,301.50495 c -1.53295,-0.0703 -6.57547,-0.29894 -11.20561,-0.50808 -16.28789,-0.73572 -21.6255,-1.00269 -26.53276,-1.32709 -2.14354,-0.1417 -7.09406,-0.51155 -8.27857,-0.61849 l -0.5309,-0.0479 0.66362,-0.0277 c 1.19381,-0.0498 7.0327,-0.20871 24.62959,-0.67014 9.5314,-0.24994 18.04653,-0.47403 18.9225,-0.49798 l 1.59268,-0.0436 1.47119,1.49337 c 0.80916,0.82134 1.66003,1.69386 1.89084,1.93893 0.41787,0.4437 0.4191,0.44555 0.29212,0.44103 -0.0701,-0.002 -1.38174,-0.0621 -2.9147,-0.13236 l 0,0 z"
       id="path4653"
       inkscape:connector-curvature="0"
       transform="matrix(8,0,0,-8,0,6480)" />
    <path
       style="fill:#ffffff;fill-opacity:1;stroke:#000000;stroke-width:0.12134672;stroke-miterlimit:4;stroke-opacity:1;stroke-dasharray:none"
       d="m 719.08385,301.05257 c -22.16204,-1.01533 -25.91959,-1.20902 -32.0052,-1.64978 -3.01568,-0.21842 -4.84915,-0.36657 -4.61596,-0.37301 0.0891,-0.002 1.30071,-0.0386 2.69238,-0.0804 1.39168,-0.0418 7.68376,-0.21211 13.98241,-0.37855 6.29866,-0.16645 15.06122,-0.39829 19.47236,-0.51521 l 8.02026,-0.21258 1.2057,1.22631 c 2.05824,2.09341 2.43668,2.49729 2.33483,2.49184 -0.0494,-0.003 -5.03841,-0.23153 -11.08678,-0.50863 z"
       id="path4655"
       inkscape:connector-curvature="0"
       transform="matrix(8,0,0,-8,0,6480)" />
    <path
       style="fill:#ffffff;fill-opacity:1;stroke:#000000;stroke-width:0.12134672;stroke-miterlimit:4;stroke-opacity:1;stroke-dasharray:none"
       d="m 725.64416,301.27861 c -2.37764,-0.11122 -7.67613,-0.35698 -11.77443,-0.54615 -17.26186,-0.79673 -22.49817,-1.08015 -28.6492,-1.55066 l -1.36515,-0.10442 0.7205,-0.0276 c 0.88966,-0.0341 9.30426,-0.26081 26.2033,-0.70608 7.11206,-0.1874 13.52493,-0.35813 14.25084,-0.37941 0.7259,-0.0213 1.37743,-0.0387 1.44784,-0.0387 0.11891,0 0.24395,0.11932 1.7585,1.678 1.57494,1.62083 1.82873,1.89189 1.76197,1.88189 -0.0172,-0.003 -1.97654,-0.0957 -4.35417,-0.20688 z"
       id="path4657"
       inkscape:connector-curvature="0"
       transform="matrix(8,0,0,-8,0,6480)" />
    <path
       style="fill:#ffffff;fill-opacity:1;stroke:#000000;stroke-width:0.12134672;stroke-miterlimit:4;stroke-opacity:1;stroke-dasharray:none"
       d="m 728.82951,301.34959 c -0.10429,-0.007 -3.5001,-0.16649 -7.54625,-0.35392 -18.46328,-0.85526 -24.02978,-1.12854 -28.95257,-1.42142 -2.63872,-0.15699 -7.00389,-0.45793 -6.79826,-0.46869 0.0942,-0.005 24.73912,-0.66881 34.59348,-0.93188 5.43253,-0.14502 6.36254,-0.16196 6.43094,-0.11714 0.0929,0.0609 3.04482,3.06026 3.16467,3.21558 l 0.0805,0.10428 -0.39144,-0.007 c -0.21529,-0.004 -0.47676,-0.0127 -0.58104,-0.02 l 0,0 z"
       id="path4659"
       inkscape:connector-curvature="0"
       transform="matrix(8,0,0,-8,0,6480)" />
    <path
       style="fill:#ffffff;fill-opacity:1;stroke:#000000;stroke-width:0.12134672;stroke-miterlimit:4;stroke-opacity:1;stroke-dasharray:none"
       d="m 728.82951,301.34959 c -0.10429,-0.007 -3.5001,-0.16649 -7.54625,-0.35392 -18.46328,-0.85526 -24.02978,-1.12854 -28.95257,-1.42142 -2.63872,-0.15699 -7.00389,-0.45793 -6.79826,-0.46869 0.0942,-0.005 24.73912,-0.66881 34.59348,-0.93188 5.43253,-0.14502 6.36254,-0.16196 6.43094,-0.11714 0.0929,0.0609 3.04482,3.06026 3.16467,3.21558 l 0.0805,0.10428 -0.39144,-0.007 c -0.21529,-0.004 -0.47676,-0.0127 -0.58104,-0.02 l 0,0 z"
       id="path4661"
       inkscape:connector-curvature="0"
       transform="matrix(8,0,0,-8,0,6480)" />
    <path
       style="fill:#ffffff;fill-opacity:1;stroke:#000000;stroke-width:0.12134672;stroke-miterlimit:4;stroke-opacity:1;stroke-dasharray:none"
       d="m 728.82951,301.34959 c -0.10429,-0.007 -3.5001,-0.16649 -7.54625,-0.35392 -18.46328,-0.85526 -24.02978,-1.12854 -28.95257,-1.42142 -2.63872,-0.15699 -7.00389,-0.45793 -6.79826,-0.46869 0.0942,-0.005 24.73912,-0.66881 34.59348,-0.93188 5.43253,-0.14502 6.36254,-0.16196 6.43094,-0.11714 0.0929,0.0609 3.04482,3.06026 3.16467,3.21558 l 0.0805,0.10428 -0.39144,-0.007 c -0.21529,-0.004 -0.47676,-0.0127 -0.58104,-0.02 l 0,0 z"
       id="path4663"
       inkscape:connector-curvature="0"
       transform="matrix(8,0,0,-8,0,6480)" />
    <path
       style="fill:#ffffff;fill-opacity:1;stroke:#000000;stroke-width:0.12134672;stroke-miterlimit:4;stroke-opacity:1;stroke-dasharray:none"
       d="m 728.92431,301.27354 c -0.13557,-0.007 -1.8932,-0.0892 -3.90585,-0.18303 -24.61803,-1.14793 -29.82266,-1.40815 -35.24743,-1.76228 -1.27224,-0.0831 -2.37147,-0.15106 -2.44273,-0.15112 -0.0713,-7e-5 -0.1212,-0.008 -0.11097,-0.0187 0.0278,-0.0278 37.79941,-1.04316 38.80623,-1.04318 l 0.45524,-10e-6 1.36552,1.37463 c 0.75103,0.75605 1.45853,1.47275 1.57222,1.59267 l 0.20671,0.21805 -0.22623,-0.007 c -0.12442,-0.004 -0.33714,-0.0129 -0.47271,-0.0197 z"
       id="path4665"
       inkscape:connector-curvature="0"
       transform="matrix(8,0,0,-8,0,6480)" />
    <path
       style="fill:#ffffff;fill-opacity:1;stroke:#000000;stroke-width:0.12134672;stroke-miterlimit:4;stroke-opacity:1;stroke-dasharray:none"
       d="m 720.14563,300.78735 c -12.46175,-0.58955 -18.92185,-0.90257 -22.69563,-1.09969 -3.58062,-0.18703 -8.62244,-0.48689 -8.41842,-0.50068 0.47101,-0.0318 26.12926,-0.72583 34.12381,-0.92296 l 3.2752,-0.0808 0.24488,0.24091 c 0.13469,0.13249 0.80875,0.81682 1.49793,1.52073 1.09844,1.12192 1.23961,1.2793 1.14418,1.27553 -0.0599,-0.002 -4.18725,-0.19725 -9.17195,-0.43307 z"
       id="path4667"
       inkscape:connector-curvature="0"
       transform="matrix(8,0,0,-8,0,6480)" />
    <path
       style="fill:#ffffff;fill-opacity:1;stroke:#000000;stroke-width:0.12134672;stroke-miterlimit:4;stroke-opacity:1;stroke-dasharray:none"
       d="m 727.67292,301.06785 c -0.78212,-0.0391 -6.08914,-0.29296 -11.79338,-0.56424 -12.04489,-0.57284 -17.64868,-0.85097 -21.40632,-1.06243 -1.48081,-0.0833 -2.8931,-0.16243 -3.13842,-0.17578 -0.24532,-0.0134 -0.44004,-0.0303 -0.43272,-0.0376 0.0202,-0.0202 10.80246,-0.31945 22.92973,-0.63647 5.95452,-0.15565 11.21904,-0.29429 11.69893,-0.30809 l 0.87253,-0.0251 1.25104,1.28569 c 1.55849,1.60166 1.56262,1.60608 1.49574,1.59999 -0.0303,-0.003 -0.69501,-0.037 -1.47713,-0.076 z"
       id="path4669"
       inkscape:connector-curvature="0"
       transform="matrix(8,0,0,-8,0,6480)" />
  </g>
  <path
     style="fill:none;stroke:#000000;stroke-width:1px;stroke-linecap:butt;stroke-linejoin:miter;stroke-opacity:1"
     d="m 609.64513,620.37076 -3.43221,18.01907"
     id="path3841"
     inkscape:connector-curvature="0"
     transform="scale(0.8,0.8)" />
  <path
     style="fill:none;stroke:#000000;stroke-width:1px;stroke-linecap:butt;stroke-linejoin:miter;stroke-opacity:1"
     d="m 621.65784,619.51271 1.28708,18.01907"
     id="path3843"
     inkscape:connector-curvature="0"
     transform="scale(0.8,0.8)" />
</svg>
