<?xml version="1.0" standalone="no"?>
<!DOCTYPE svg PUBLIC "-//W3C//DTD SVG 20010904//EN"
 "http://www.w3.org/TR/2001/REC-SVG-20010904/DTD/svg10.dtd">
<svg version="1.0" xmlns="http://www.w3.org/2000/svg"
 width="900.000000pt" height="132.000000pt" viewBox="0 0 900.000000 132.000000"
 preserveAspectRatio="xMidYMid meet">
<metadata>
Created by potrace 1.10, written by Peter Selinger 2001-2011
</metadata>
<g transform="translate(0.000000,132.000000) scale(0.100000,-0.100000)"
fill="#000000" stroke="none">
<path d="M535 1206 c-11 -9 -29 -16 -41 -16 -27 0 -125 -52 -183 -97 -43 -33
-141 -152 -141 -171 0 -5 -7 -15 -15 -22 -8 -7 -15 -21 -15 -30 0 -10 -6 -31
-14 -47 -25 -47 -41 -194 -27 -246 6 -25 11 -61 11 -80 0 -18 7 -42 15 -53 8
-10 15 -29 15 -40 0 -12 7 -27 15 -34 8 -7 15 -17 15 -22 0 -31 146 -187 195
-209 11 -5 27 -13 35 -18 51 -29 81 -41 102 -41 12 -1 34 -7 48 -15 35 -20
225 -20 260 0 14 8 34 14 45 15 45 0 151 66 225 140 78 78 87 89 118 155 48
101 56 136 55 267 0 139 -13 185 -89 319 -30 53 -165 176 -214 195 -8 3 -28
12 -45 19 -81 34 -108 39 -225 43 -100 2 -129 0 -145 -12z m327 -115 c138 -58
254 -191 289 -334 28 -111 11 -254 -42 -357 -44 -87 -173 -199 -273 -238 -58
-22 -255 -21 -315 2 -144 54 -260 173 -312 321 -17 50 -20 78 -17 170 3 103 6
115 41 187 116 240 390 348 629 249z"/>
<path d="M1938 1212 c-1 -5 -110 -62 -241 -127 -131 -65 -240 -122 -243 -127
-3 -4 -13 -8 -23 -8 -10 0 -25 -8 -34 -18 -14 -16 -17 -54 -17 -295 -1 -152 3
-283 7 -292 9 -14 498 -265 519 -265 6 0 17 -7 24 -15 15 -18 51 -20 67 -4 13
13 28 22 138 78 44 23 89 47 100 53 11 6 27 15 35 20 8 4 22 11 30 14 8 3 22
10 30 15 8 5 20 11 25 13 6 2 17 7 25 10 8 3 33 17 55 31 22 13 47 24 56 25 9
0 23 8 32 18 14 16 17 54 17 302 1 260 0 286 -16 297 -10 7 -25 13 -35 13 -9
0 -22 7 -29 15 -7 8 -18 15 -26 15 -7 0 -19 6 -26 13 -17 16 -439 227 -455
227 -6 0 -13 -4 -15 -8z m93 -78 c8 -8 23 -14 31 -14 9 0 21 -7 28 -15 7 -8
21 -15 31 -15 11 0 19 -4 19 -10 0 -5 12 -13 27 -16 15 -4 34 -13 41 -21 7 -7
22 -13 32 -13 10 0 20 -7 24 -15 3 -8 16 -15 29 -15 14 0 30 -7 37 -15 7 -8
21 -15 31 -15 10 0 20 -4 24 -9 3 -5 18 -12 34 -16 16 -3 36 -14 45 -24 16
-18 7 -23 -189 -122 -113 -56 -208 -106 -211 -111 -3 -4 -13 -8 -23 -8 -10 0
-24 -7 -31 -15 -19 -23 -54 -18 -102 13 -24 16 -134 73 -245 128 -112 54 -203
102 -203 105 0 7 102 59 116 59 7 0 17 7 24 15 7 8 20 15 30 15 10 0 23 7 30
15 7 8 20 15 30 15 10 0 23 7 30 15 7 8 20 15 30 15 10 0 23 7 30 15 7 8 20
15 30 15 10 0 23 7 30 15 7 8 20 15 30 15 10 0 23 6 30 14 22 27 99 27 131 0z
m-541 -293 c8 -12 150 -81 165 -81 7 0 15 -4 17 -8 4 -11 146 -82 164 -82 8 0
14 -4 14 -9 0 -5 12 -12 28 -16 15 -3 37 -13 50 -21 22 -14 22 -16 22 -260 0
-271 -2 -278 -60 -235 -16 11 -36 21 -44 21 -7 0 -16 7 -20 15 -3 8 -14 15
-24 15 -11 0 -25 7 -32 15 -7 8 -20 15 -30 15 -10 0 -23 7 -30 15 -7 8 -20 15
-30 15 -10 0 -23 7 -30 15 -7 8 -20 15 -30 15 -10 0 -23 7 -30 15 -7 8 -21 15
-32 15 -10 0 -21 7 -24 15 -4 8 -14 15 -24 15 -10 0 -23 7 -30 15 -7 8 -18 15
-25 15 -11 0 -14 52 -17 243 -2 133 -2 246 0 250 4 8 44 -1 52 -12z m940 -110
c12 -23 13 -198 1 -259 -12 -59 -38 -83 -161 -150 -167 -91 -193 -99 -226 -71
-21 17 -19 269 1 309 18 34 67 65 220 137 120 57 149 63 165 34z"/>
<path d="M3090 1205 c-14 -8 -34 -14 -44 -15 -18 0 -56 -17 -124 -55 -89 -49
-232 -224 -232 -282 0 -8 -8 -25 -17 -39 -14 -21 -17 -53 -17 -179 0 -126 3
-158 17 -179 9 -14 17 -34 17 -44 0 -11 7 -25 15 -32 8 -7 15 -19 15 -27 0
-27 78 -118 157 -183 39 -32 152 -90 178 -90 11 -1 31 -7 45 -15 35 -20 225
-20 260 0 14 8 34 14 45 15 28 0 142 59 179 93 17 15 33 27 37 27 12 0 119
137 119 152 0 9 7 21 15 28 8 7 15 21 15 32 0 10 8 31 17 45 15 22 18 51 18
178 0 127 -3 156 -18 178 -9 14 -17 32 -17 40 0 56 -153 245 -225 278 -11 5
-40 21 -64 34 -24 14 -54 25 -65 25 -12 1 -32 7 -46 15 -18 10 -59 14 -140 14
-81 0 -122 -4 -140 -14z m304 -105 c155 -58 264 -181 316 -357 22 -71 7 -218
-29 -298 -33 -72 -107 -172 -155 -208 -89 -69 -215 -103 -336 -93 -92 7 -158
30 -230 80 -242 166 -291 494 -108 723 38 49 126 118 178 141 105 46 258 51
364 12z"/>
<path d="M4465 1194 c-22 -13 -47 -27 -55 -30 -13 -5 -333 -165 -431 -215 -17
-8 -34 -20 -37 -26 -4 -6 -5 -142 -2 -302 l5 -290 220 -110 c121 -61 225 -111
231 -111 6 0 17 -7 24 -15 7 -8 23 -15 35 -15 13 0 25 -7 29 -15 6 -17 51 -20
61 -5 3 5 30 21 58 35 29 14 61 31 72 37 28 16 40 22 133 69 45 22 85 45 88
50 3 5 13 9 23 9 10 0 24 7 31 15 7 8 20 15 30 15 10 0 23 7 30 15 7 8 20 15
30 15 9 0 24 8 33 18 14 15 16 57 18 300 1 293 -1 312 -40 312 -9 0 -21 4 -27
9 -5 6 -112 62 -239 126 -126 63 -234 120 -239 125 -15 15 -36 11 -81 -16z
m116 -60 c8 -8 23 -14 31 -14 9 0 21 -7 28 -15 7 -8 20 -15 30 -15 10 0 23 -7
30 -15 7 -8 20 -15 30 -15 10 0 23 -7 30 -15 7 -8 20 -15 30 -15 10 0 23 -7
30 -15 7 -8 20 -15 30 -15 10 0 23 -7 30 -15 7 -8 19 -15 26 -15 8 0 22 -4 32
-10 9 -5 34 -17 55 -26 21 -9 36 -21 35 -26 -3 -9 -54 -39 -88 -52 -8 -3 -22
-10 -30 -15 -8 -5 -22 -12 -30 -15 -8 -3 -22 -10 -30 -15 -8 -5 -22 -12 -30
-15 -8 -3 -22 -10 -30 -15 -8 -5 -22 -12 -30 -15 -8 -3 -22 -10 -30 -15 -8 -5
-22 -12 -30 -15 -8 -3 -22 -10 -30 -15 -8 -5 -22 -12 -30 -15 -8 -4 -35 -17
-59 -31 -44 -25 -91 -33 -91 -16 0 5 -39 28 -87 52 -49 24 -89 47 -91 52 -2 4
-9 7 -15 7 -7 1 -74 31 -150 69 -129 63 -136 68 -120 83 10 9 30 20 46 23 15
4 27 11 27 16 0 5 9 9 19 9 11 0 26 6 33 13 7 8 26 17 41 21 15 3 27 11 27 16
0 6 9 10 19 10 11 0 26 7 35 15 8 8 24 15 36 15 11 0 23 7 26 15 4 8 14 15 24
15 10 0 25 7 34 15 8 8 24 15 35 15 11 0 24 6 28 14 16 27 92 27 124 0z m-541
-294 c3 -4 16 -11 30 -15 13 -4 30 -14 38 -21 7 -8 20 -14 28 -14 9 0 22 -7
30 -15 9 -8 24 -15 35 -15 10 0 19 -4 19 -9 0 -5 14 -12 30 -16 17 -4 30 -11
30 -16 0 -5 5 -9 11 -9 6 0 43 -16 83 -35 40 -19 77 -35 81 -35 5 0 19 -10 32
-22 23 -21 23 -24 22 -237 -1 -119 -4 -227 -8 -241 -9 -32 -35 -37 -58 -11 -9
12 -25 21 -34 21 -9 0 -22 7 -29 15 -7 8 -20 15 -30 15 -10 0 -23 7 -30 15 -7
8 -21 15 -32 15 -10 0 -21 7 -24 15 -4 8 -14 15 -24 15 -10 0 -23 7 -30 15 -7
8 -20 15 -30 15 -10 0 -23 7 -30 15 -7 8 -20 15 -30 15 -10 0 -23 7 -30 15 -7
8 -20 15 -30 15 -10 0 -23 7 -30 15 -7 8 -18 15 -26 15 -10 0 -14 49 -16 243
-2 133 -1 246 0 250 4 9 44 -1 52 -13z m946 -124 c3 -13 4 -81 2 -150 l-3
-125 -38 -39 c-39 -40 -248 -155 -304 -167 -53 -11 -63 17 -62 169 2 164 8
176 114 232 44 24 96 50 115 59 19 9 46 22 60 30 14 7 44 14 67 14 37 1 43 -2
49 -23z"/>
<path d="M5640 1205 c-14 -8 -37 -14 -51 -15 -15 0 -32 -7 -39 -15 -7 -8 -20
-15 -30 -15 -10 0 -23 -7 -30 -15 -7 -8 -16 -15 -20 -15 -19 0 -151 -129 -174
-169 -79 -139 -87 -172 -84 -331 4 -144 8 -164 50 -255 31 -65 39 -76 118
-155 73 -73 180 -140 223 -140 10 0 32 -7 48 -16 53 -27 288 -9 349 27 8 5 21
11 28 14 49 20 74 36 128 80 51 43 127 138 138 173 4 12 12 22 17 22 5 0 9 10
9 23 0 12 6 31 14 42 37 55 37 322 0 382 -8 12 -14 31 -14 41 0 11 -7 25 -15
32 -8 7 -15 17 -15 22 0 17 -90 127 -136 165 -50 42 -158 103 -183 103 -9 0
-29 7 -45 15 -39 21 -250 21 -286 0z m328 -115 c75 -30 141 -81 211 -161 34
-40 81 -164 92 -246 28 -205 -104 -424 -308 -509 -63 -26 -78 -28 -189 -27
l-121 1 -82 42 c-191 100 -303 308 -273 510 24 168 126 305 285 386 102 52
258 54 385 4z"/>
<path d="M7025 1202 c-16 -10 -32 -19 -35 -22 -3 -3 -68 -36 -145 -74 -77 -38
-160 -79 -185 -91 -72 -35 -144 -75 -153 -84 -8 -8 -13 -599 -6 -604 22 -14
320 -157 337 -162 12 -3 22 -11 22 -16 0 -5 9 -9 19 -9 11 0 26 -7 35 -15 8
-8 23 -15 34 -15 11 0 25 -7 32 -15 7 -8 21 -15 32 -15 10 0 21 -7 24 -15 8
-20 60 -20 68 0 3 8 14 15 25 15 11 0 23 5 26 11 4 5 17 14 28 20 12 5 31 14
42 21 41 23 50 28 65 34 8 3 22 9 30 14 8 5 84 43 168 86 83 42 152 80 152 83
0 3 1 133 1 289 1 294 -1 312 -41 312 -10 0 -23 7 -30 15 -7 8 -18 15 -26 15
-7 0 -19 6 -26 13 -7 6 -29 19 -48 28 -82 38 -315 154 -320 159 -11 11 -72 40
-83 39 -7 0 -25 -8 -42 -17z m106 -68 c6 -8 19 -14 29 -14 10 0 23 -7 30 -15
7 -8 20 -15 30 -15 10 0 23 -7 30 -15 7 -8 20 -15 30 -15 10 0 23 -7 30 -15 7
-8 20 -15 30 -15 10 0 23 -7 30 -15 7 -8 20 -15 29 -15 9 0 25 -7 35 -15 11
-8 28 -15 38 -15 10 0 18 -4 18 -10 0 -5 7 -10 15 -10 25 0 75 -29 75 -43 -1
-15 -488 -257 -517 -257 -12 0 -23 7 -27 15 -3 8 -12 15 -20 15 -8 0 -21 6
-28 13 -12 11 -187 99 -356 179 -68 32 -71 35 -55 50 10 9 30 20 46 23 15 4
30 11 33 16 3 5 13 9 23 9 10 0 24 7 31 15 7 8 20 15 30 15 10 0 23 7 30 15 7
8 20 15 30 15 10 0 23 7 30 15 7 8 20 15 30 15 10 0 23 7 30 15 7 8 20 15 30
15 10 0 23 7 30 15 7 8 20 15 30 15 10 0 23 6 30 14 21 26 99 26 121 0z m-352
-385 c124 -61 237 -117 251 -124 l25 -14 0 -248 0 -248 -29 2 c-17 1 -34 9
-38 18 -5 8 -18 15 -29 15 -11 0 -22 7 -25 15 -4 8 -14 15 -24 15 -10 0 -23 7
-30 15 -7 8 -20 15 -30 15 -10 0 -23 7 -30 15 -7 8 -20 15 -30 15 -10 0 -23 7
-30 15 -7 8 -20 15 -30 15 -10 0 -23 7 -30 15 -7 8 -20 15 -30 15 -10 0 -23 7
-30 15 -7 8 -20 15 -30 15 -10 0 -23 7 -30 15 -7 8 -19 15 -26 15 -12 0 -14
44 -14 250 0 138 3 250 6 250 4 0 108 -50 233 -111z m749 -11 c11 -15 16 -84
14 -210 -2 -82 -4 -89 -33 -123 -17 -19 -36 -35 -42 -35 -6 0 -18 -6 -26 -14
-19 -16 -65 -40 -184 -97 -86 -41 -88 -41 -108 -23 -20 18 -21 28 -17 172 l3
154 30 25 c25 20 179 99 295 151 34 15 56 15 68 0z"/>
<path d="M8194 1205 c-10 -8 -28 -15 -40 -15 -31 0 -138 -60 -194 -108 -56
-48 -140 -153 -140 -175 0 -8 -7 -20 -15 -27 -8 -7 -15 -20 -15 -30 0 -10 -7
-34 -15 -53 -11 -26 -15 -72 -15 -157 0 -131 12 -184 67 -290 29 -57 173 -210
197 -210 7 0 19 -7 26 -15 7 -8 20 -15 30 -15 10 0 23 -7 30 -15 7 -8 23 -15
35 -15 12 0 39 -7 58 -15 49 -20 232 -20 267 0 14 8 34 14 46 15 11 0 41 11
65 25 24 13 54 29 67 35 42 18 192 178 192 204 0 7 7 19 15 26 8 7 15 20 15
29 0 9 6 25 14 36 7 11 16 40 19 65 4 25 11 67 17 94 8 39 7 63 -5 109 -8 32
-15 69 -15 82 0 13 -6 36 -14 52 -8 15 -23 46 -33 68 -10 22 -24 46 -30 53 -7
7 -13 16 -13 20 0 26 -183 182 -213 182 -8 0 -20 7 -27 15 -7 8 -24 15 -39 15
-14 1 -37 7 -51 15 -36 21 -259 21 -286 0z m296 -103 c66 -21 151 -76 201
-129 41 -44 96 -131 105 -168 3 -14 10 -27 14 -30 5 -3 11 -47 15 -98 9 -132
-10 -200 -101 -343 -36 -58 -144 -138 -220 -165 -178 -63 -373 -18 -508 117
-206 205 -195 534 24 724 61 53 151 96 230 111 63 11 175 3 240 -19z"/>
</g>
</svg>
