<?xml version="1.0" standalone="no"?>
<!DOCTYPE svg PUBLIC "-//W3C//DTD SVG 20010904//EN"
 "http://www.w3.org/TR/2001/REC-SVG-20010904/DTD/svg10.dtd">
<svg version="1.0" xmlns="http://www.w3.org/2000/svg"
 width="831.000000pt" height="597.000000pt" viewBox="0 0 831.000000 597.000000"
 preserveAspectRatio="xMidYMid meet">
<metadata>
Created by potrace 1.10, written by Peter Selinger 2001-2011
</metadata>
<g transform="translate(0.000000,597.000000) scale(0.100000,-0.100000)"
fill="#000000" stroke="none">
<path d="M5325 5780 c-239 -19 -343 -37 -565 -100 -117 -33 -232 -70 -265 -85
-16 -8 -52 -23 -80 -35 -317 -137 -558 -300 -809 -548 -78 -76 -152 -152 -166
-168 -26 -29 -142 -182 -170 -224 -8 -12 -26 -36 -38 -53 -70 -95 -206 -344
-261 -477 -12 -30 -26 -64 -31 -75 -33 -74 -125 -425 -135 -515 -12 -104 -37
-145 -51 -82 -37 169 -150 384 -266 506 -47 49 -47 50 -42 105 5 60 -3 77 -56
114 -31 21 -60 22 -98 0 -29 -17 -29 -17 -78 26 -54 46 -62 51 -184 110 -47
23 -92 46 -100 50 -14 7 -109 37 -200 61 -19 6 -87 17 -150 24 -213 27 -510
-14 -660 -91 -14 -7 -28 -13 -33 -13 -10 0 -140 -63 -147 -71 -3 -3 -27 -19
-55 -34 -87 -50 -243 -184 -313 -268 -46 -56 -126 -172 -152 -222 -9 -16 -30
-55 -46 -85 -33 -60 -86 -214 -104 -300 -36 -177 -34 -456 3 -605 22 -86 37
-137 46 -160 17 -41 53 -121 62 -138 5 -10 22 -41 38 -70 133 -246 405 -487
666 -592 167 -66 279 -95 412 -105 206 -16 411 8 563 64 25 10 59 21 75 27 52
15 256 122 284 147 8 8 30 24 50 37 59 38 173 153 253 255 119 151 153 215
209 385 18 55 34 102 36 104 11 14 24 -25 33 -99 12 -91 32 -195 55 -275 27
-93 79 -250 92 -275 7 -14 13 -29 13 -34 0 -36 243 -483 280 -516 3 -3 13 -16
21 -30 89 -140 372 -439 555 -586 93 -74 228 -171 264 -187 8 -4 42 -23 75
-42 71 -42 250 -129 285 -140 14 -4 30 -11 35 -15 6 -4 39 -17 75 -30 36 -13
69 -27 74 -32 6 -4 21 -8 34 -8 13 0 38 -6 55 -14 61 -26 169 -52 402 -96 50
-9 157 -17 335 -24 108 -5 339 8 450 25 123 19 452 101 474 118 6 5 27 12 46
16 19 4 41 11 50 16 18 9 62 28 145 60 33 13 62 27 65 30 3 4 30 18 60 33 64
31 143 73 185 100 247 159 350 240 530 421 109 110 122 125 210 235 158 198
293 428 390 665 9 22 20 49 25 60 5 11 12 31 15 45 4 14 17 54 29 90 39 109
66 205 66 230 0 13 4 37 9 54 35 116 62 415 55 597 -7 184 -15 295 -25 339 -6
25 -14 74 -19 110 -18 132 -99 421 -130 465 -4 6 -10 23 -14 40 -9 36 -91 203
-111 225 -20 22 -19 49 1 71 11 12 16 36 16 69 0 69 -33 104 -100 106 -26 1
-50 2 -54 3 -4 0 -20 24 -34 53 -27 53 -37 67 -157 218 -191 239 -524 522
-772 656 -152 82 -336 169 -382 181 -15 3 -38 12 -52 19 -14 8 -35 14 -46 14
-12 0 -25 4 -30 9 -19 19 -315 91 -435 105 -30 4 -77 11 -105 16 -68 12 -370
18 -480 10z m570 -85 c102 -16 216 -40 270 -56 128 -36 272 -83 280 -90 5 -5
15 -9 23 -9 8 0 43 -13 79 -30 35 -16 71 -30 78 -30 8 0 16 -4 20 -9 3 -6 33
-23 68 -40 212 -104 418 -249 622 -437 107 -98 172 -171 285 -319 41 -53 95
-120 119 -147 42 -46 44 -51 34 -81 -6 -18 -14 -49 -18 -69 -4 -25 -11 -38
-22 -38 -18 0 -82 -33 -223 -115 -96 -56 -228 -132 -393 -225 -34 -20 -83 -50
-109 -68 -26 -18 -50 -32 -53 -32 -4 0 -70 -38 -148 -83 -78 -46 -169 -99
-202 -118 -33 -19 -69 -40 -80 -46 -11 -7 -36 -20 -55 -29 -19 -9 -49 -27 -67
-40 -17 -13 -35 -24 -38 -24 -4 0 -26 -13 -50 -30 -24 -16 -46 -30 -49 -30 -4
0 -257 -149 -306 -180 -8 -5 -31 -18 -50 -28 -70 -36 -257 -152 -270 -167 -15
-18 -42 -19 -85 -4 -44 16 -83 4 -122 -37 l-33 -35 -92 5 c-134 8 -2322 8
-2352 0 -20 -5 -31 1 -53 24 -15 16 -43 38 -61 48 l-34 19 7 65 c9 86 64 400
74 420 5 8 12 33 15 55 4 22 15 63 23 90 43 138 74 232 83 250 5 11 25 56 45
100 19 44 40 88 46 98 5 10 24 44 40 75 17 31 53 93 80 137 48 78 63 100 184
267 62 86 257 287 381 394 84 72 191 152 290 216 89 58 383 207 449 227 17 5
55 19 85 30 30 12 89 30 130 42 41 11 84 24 95 28 41 17 283 59 410 71 133 13
537 4 650 -15z m-4230 -1355 c32 -6 82 -18 110 -27 106 -33 135 -43 152 -52
10 -5 43 -21 73 -35 30 -14 78 -39 105 -55 58 -36 61 -37 98 -51 23 -8 27 -15
26 -42 -1 -18 1 -47 5 -64 6 -28 1 -36 -66 -105 -40 -41 -100 -105 -133 -143
-63 -73 -176 -199 -365 -412 -64 -71 -127 -145 -140 -164 -33 -47 -38 -50 -88
-50 -53 0 -90 -23 -109 -67 -20 -48 -3 -101 40 -130 60 -41 122 -26 162 38
l27 41 51 -6 c79 -9 954 -10 1014 -1 46 7 53 5 59 -11 4 -11 24 -37 45 -59 36
-37 38 -43 29 -75 -5 -19 -18 -71 -29 -115 -12 -44 -30 -105 -42 -135 -11 -30
-25 -68 -31 -85 -60 -162 -235 -396 -391 -523 -174 -140 -386 -237 -592 -272
-152 -25 -274 -33 -346 -22 -41 6 -96 14 -124 17 -49 6 -241 61 -260 75 -5 4
-22 10 -36 14 -44 10 -233 120 -301 174 -86 68 -201 191 -270 287 -54 77 -168
289 -168 314 0 7 -6 33 -14 59 -40 132 -46 164 -51 252 -8 135 -6 214 10 316
18 119 51 249 74 299 6 11 19 40 31 65 60 131 189 309 288 400 226 209 475
326 777 364 57 7 320 -2 380 -14z m6132 -40 c14 -11 35 -20 47 -20 46 0 61
-11 77 -58 9 -26 40 -103 68 -172 67 -162 109 -287 132 -395 50 -232 79 -470
79 -647 0 -153 -44 -486 -85 -643 -9 -33 -20 -78 -26 -100 -6 -21 -14 -44 -18
-50 -5 -5 -19 -44 -31 -85 -13 -41 -29 -84 -36 -95 -8 -11 -14 -27 -14 -36 0
-27 -161 -337 -206 -396 -13 -17 -24 -36 -24 -41 0 -6 -19 -34 -42 -64 -24
-29 -53 -68 -66 -87 -79 -115 -315 -358 -464 -479 -83 -66 -290 -210 -317
-219 -9 -3 -23 -12 -31 -19 -27 -22 -319 -164 -339 -164 -6 0 -19 -4 -29 -10
-60 -34 -307 -106 -447 -131 -33 -6 -73 -14 -90 -19 -85 -26 -469 -42 -635
-26 -171 15 -412 58 -490 86 -14 4 -59 18 -100 30 -210 60 -532 216 -718 347
-305 216 -588 515 -769 813 -153 252 -236 441 -307 705 -9 33 -21 74 -26 90
-18 56 -37 165 -72 404 -11 80 -11 85 7 95 19 11 66 56 94 91 9 11 21 15 35
10 55 -16 2314 -29 2368 -13 49 14 85 4 103 -31 8 -16 31 -39 50 -51 44 -27
76 -21 122 25 27 27 33 40 33 77 0 48 16 70 60 83 14 4 60 27 102 51 43 24 80
44 84 44 3 0 19 10 36 21 16 12 48 32 71 44 82 43 138 75 165 93 15 11 63 40
107 66 44 26 109 65 144 86 34 22 65 40 68 40 3 0 42 22 87 49 44 26 88 51 96
55 8 3 35 19 60 34 25 15 77 44 115 66 39 21 82 47 97 57 15 11 29 19 32 19 3
0 80 46 173 101 92 56 175 104 183 107 8 3 22 11 30 18 8 6 42 27 75 45 140
76 301 175 327 201 23 23 24 22 55 -2z m-5457 -363 c8 0 27 2 42 6 25 6 31 1
79 -70 117 -174 129 -192 129 -199 0 -4 6 -15 14 -23 13 -15 103 -240 125
-311 5 -19 14 -62 20 -95 5 -33 10 -64 11 -70 5 -23 -2 -36 -42 -80 -41 -45
-44 -47 -83 -39 -60 11 -984 13 -1029 2 -33 -8 -41 -6 -62 13 -31 29 -30 53 3
74 37 24 94 85 256 270 78 88 164 185 193 215 28 30 85 93 125 140 41 47 80
92 88 100 8 8 20 30 28 48 14 33 16 34 51 27 20 -4 44 -7 52 -8z"/>
<path d="M700 3943 c-22 -11 -35 -25 -35 -38 0 -17 6 -20 35 -17 107 7 112 7
127 -13 33 -44 0 -107 -124 -235 -40 -41 -53 -61 -51 -80 3 -25 4 -25 118 -31
125 -6 136 -4 144 17 14 35 -4 44 -90 44 -46 0 -84 3 -84 6 0 4 28 37 63 73
72 77 97 123 97 178 0 85 -114 140 -200 96z"/>
<path d="M1179 3832 c-70 -36 -91 -75 -87 -157 4 -63 20 -95 67 -130 30 -23
125 -33 146 -15 18 15 19 21 2 44 -11 15 -17 16 -38 6 -21 -10 -31 -8 -60 8
-110 61 -59 225 64 205 29 -4 38 -2 43 11 9 22 -12 42 -53 49 -23 5 -46 -1
-84 -21z"/>
<path d="M1445 3836 c-22 -9 -35 -10 -48 -2 -30 18 -37 -10 -37 -155 0 -101 3
-139 13 -148 27 -21 37 9 37 109 0 94 10 128 44 152 22 16 54 7 71 -18 15 -23
16 -41 10 -129 -6 -96 -5 -104 13 -114 33 -18 42 5 42 115 0 93 2 103 25 128
30 33 60 33 81 1 14 -22 16 -42 11 -124 -7 -101 -1 -121 34 -121 25 0 29 20
29 141 0 105 -1 110 -27 139 -39 42 -93 51 -134 21 -17 -13 -36 -20 -42 -16
-7 3 -23 12 -37 20 -30 18 -46 18 -85 1z"/>
<path d="M1313 2723 c-54 -116 -73 -162 -73 -171 0 -4 -16 -41 -36 -81 -32
-66 -34 -75 -21 -89 14 -14 18 -13 41 2 14 9 26 26 26 37 0 11 5 29 10 40 9
17 22 19 104 19 102 0 109 -4 121 -58 6 -30 29 -52 55 -52 25 0 20 35 -15 118
-44 103 -47 108 -80 192 -36 89 -51 110 -78 110 -19 0 -29 -13 -54 -67z m97
-98 c16 -41 24 -74 19 -79 -8 -9 -119 -9 -128 0 -2 2 9 38 24 79 19 52 32 75
42 73 8 -2 27 -34 43 -73z"/>
<path d="M6773 3578 c-6 -7 -50 -71 -97 -141 -113 -166 -113 -170 14 -177 l95
-5 3 -42 c3 -38 6 -43 27 -43 21 0 24 5 27 42 3 36 7 43 28 48 16 4 25 13 25
25 0 11 -11 25 -25 32 -24 12 -25 16 -30 140 l-5 128 -26 3 c-14 2 -30 -3 -36
-10z m6 -259 c-21 -13 -100 -8 -105 6 -5 13 53 112 90 153 l21 24 3 -88 c2
-60 -1 -90 -9 -95z"/>
<path d="M7162 3483 c-29 -10 -53 -28 -73 -56 -25 -35 -29 -49 -29 -107 0 -75
15 -103 75 -140 26 -16 47 -20 87 -18 49 3 53 5 53 28 0 23 -3 25 -38 23 -85
-5 -139 62 -116 144 16 60 39 77 100 75 60 -1 76 20 40 50 -27 21 -42 22 -99
1z"/>
<path d="M7438 3485 c-3 -3 -31 -9 -63 -13 l-58 -7 2 -140 c2 -118 5 -142 19
-153 31 -24 44 12 36 104 -5 66 -3 88 11 117 19 41 51 55 84 37 24 -12 24 -16
21 -157 l-2 -103 31 0 c18 0 31 5 32 13 1 6 2 59 3 115 1 96 3 105 25 123 30
24 46 24 71 -1 18 -18 20 -33 20 -135 l0 -115 30 0 c22 0 30 5 31 18 0 9 0 64
-1 121 -1 120 -15 151 -75 171 -38 12 -100 -1 -107 -22 -3 -8 -19 -4 -49 10
-49 24 -53 25 -61 17z"/>
<path d="M3012 2858 c-20 -20 -14 -35 48 -109 64 -76 70 -94 42 -125 -10 -10
-31 -37 -47 -59 -16 -22 -40 -52 -53 -67 -29 -32 -23 -58 13 -58 20 0 35 15
80 85 38 59 59 83 69 79 8 -3 34 -38 57 -77 47 -80 54 -87 87 -87 39 0 26 37
-43 125 -36 46 -65 89 -65 96 0 11 47 74 97 129 28 30 31 70 5 70 -26 0 -44
-17 -87 -82 -21 -34 -44 -58 -54 -58 -10 0 -27 18 -40 41 -25 44 -79 109 -90
109 -4 0 -12 -5 -19 -12z"/>
<path d="M5441 2763 c-5 -10 -8 -97 -7 -194 2 -204 4 -209 75 -209 102 0 181
57 181 131 0 30 -7 43 -32 64 -27 23 -30 30 -20 43 49 68 47 121 -7 157 -30
21 -48 25 -108 25 -59 0 -74 -3 -82 -17z m160 -59 c24 -22 24 -35 -2 -68 -16
-21 -29 -26 -64 -26 -41 0 -43 2 -49 34 -4 18 -2 46 4 61 10 25 14 27 51 22
22 -3 49 -13 60 -23z m7 -167 c52 -48 7 -121 -72 -115 l-41 3 -3 64 c-2 43 1
67 9 72 20 12 82 -2 107 -24z"/>
</g>
</svg>
