<?xml version="1.0" standalone="no"?>
<!DOCTYPE svg PUBLIC "-//W3C//DTD SVG 20010904//EN"
 "http://www.w3.org/TR/2001/REC-SVG-20010904/DTD/svg10.dtd">
<svg version="1.0" xmlns="http://www.w3.org/2000/svg"
 width="900.000000pt" height="648.000000pt" viewBox="0 0 900.000000 648.000000"
 preserveAspectRatio="xMidYMid meet">
<metadata>
Created by potrace 1.10, written by Peter Selinger 2001-2011
</metadata>
<g transform="translate(0.000000,648.000000) scale(0.100000,-0.100000)"
fill="#000000" stroke="none">
<path d="M3305 5682 c-11 -8 -32 -72 -44 -137 -4 -22 -12 -56 -18 -75 -16 -49
-33 -118 -42 -165 -4 -22 -12 -56 -18 -75 -13 -42 -31 -110 -43 -165 -12 -55
-30 -123 -43 -165 -6 -19 -14 -53 -18 -75 -9 -47 -26 -116 -42 -165 -6 -19
-14 -53 -18 -75 -10 -51 -27 -117 -45 -175 -8 -25 -14 -55 -14 -68 0 -13 -5
-32 -11 -43 -6 -11 -14 -41 -19 -67 -9 -46 -18 -84 -45 -187 -8 -27 -21 -77
-29 -110 -8 -33 -22 -88 -30 -122 -9 -35 -23 -91 -32 -125 -8 -35 -22 -90 -31
-123 -8 -33 -21 -87 -30 -120 -8 -33 -21 -87 -30 -120 -8 -33 -21 -87 -30
-120 -8 -33 -21 -87 -30 -120 -8 -33 -21 -86 -29 -117 -8 -32 -21 -85 -29
-118 -8 -33 -21 -86 -29 -117 -8 -32 -22 -87 -32 -123 -39 -152 -51 -198 -88
-347 -8 -32 -22 -86 -30 -120 -9 -35 -22 -89 -30 -120 -51 -205 -76 -303 -92
-359 -8 -28 -14 -58 -14 -67 0 -23 -30 -97 -40 -97 -6 0 -130 181 -139 205 -2
5 -17 26 -32 46 -16 20 -29 40 -29 44 0 4 -14 24 -30 45 -17 21 -30 41 -30 45
0 4 -12 24 -27 44 -16 20 -32 44 -38 53 -5 9 -59 90 -120 180 -60 89 -111 166
-113 170 -14 32 -351 523 -364 532 -13 8 -23 8 -35 -1 -10 -7 -40 -24 -68 -38
-27 -14 -63 -35 -80 -45 -16 -11 -36 -22 -42 -25 -7 -3 -19 -7 -25 -10 -7 -3
-26 -13 -43 -23 -16 -10 -61 -36 -100 -57 -38 -21 -95 -51 -125 -68 -30 -16
-59 -33 -64 -38 -11 -10 19 -82 45 -105 16 -15 22 -13 89 28 39 23 79 48 88
53 9 6 36 23 59 38 24 15 49 27 57 27 11 0 441 -627 455 -665 2 -5 17 -26 32
-46 16 -20 29 -40 29 -44 0 -4 13 -24 30 -45 16 -21 30 -41 30 -45 0 -4 13
-24 30 -45 17 -21 30 -41 30 -45 0 -4 14 -24 30 -45 17 -21 30 -41 30 -45 0
-4 13 -24 30 -45 16 -21 30 -41 30 -45 0 -4 14 -24 30 -45 17 -21 30 -41 30
-45 0 -4 14 -24 30 -45 17 -21 30 -40 30 -43 0 -9 171 -262 183 -269 6 -4 55
-8 108 -8 104 0 113 4 124 55 3 17 12 56 20 88 26 99 46 180 62 242 14 57 28
114 59 230 15 58 39 156 60 238 8 31 21 84 29 117 8 33 21 86 29 118 22 88 43
171 61 242 18 71 39 154 61 243 8 31 21 84 29 117 8 33 22 87 30 120 8 33 22
87 30 120 8 33 22 88 31 123 8 34 22 88 30 120 8 31 21 85 30 120 24 98 44
177 60 242 8 33 21 81 29 106 8 26 15 55 15 65 0 11 6 39 14 64 14 42 23 79
60 228 8 31 22 86 31 122 9 36 23 91 31 123 8 31 21 84 29 117 8 33 22 87 30
120 8 33 22 87 30 120 8 33 22 87 30 120 8 33 22 88 31 123 8 34 21 85 29 112
27 101 36 141 44 180 4 22 12 56 18 75 18 56 34 122 40 160 3 19 12 43 21 53
14 16 135 17 2273 17 1241 0 2264 3 2273 6 24 9 24 199 0 208 -23 9 -4687 7
-4699 -2z"/>
<path d="M4968 4342 c-9 -4 -31 -29 -50 -57 -48 -71 -128 -185 -201 -287 -34
-48 -80 -113 -102 -145 -22 -32 -59 -84 -82 -115 -24 -31 -43 -59 -43 -63 0
-3 -24 -38 -53 -78 -89 -120 -157 -217 -157 -223 0 -2 -24 -37 -53 -77 -87
-117 -157 -217 -157 -222 0 -3 -33 -50 -72 -104 -40 -55 -94 -130 -121 -168
-26 -37 -68 -97 -94 -133 -26 -36 -71 -101 -100 -144 l-53 -79 0 -124 c0 -119
1 -124 23 -132 12 -4 276 -7 587 -6 311 1 575 -1 587 -6 l23 -8 2 -368 3 -368
165 0 165 0 3 373 2 372 23 2 c12 1 96 2 187 2 l165 1 3 148 3 147 -175 0
c-96 0 -181 3 -190 6 -14 6 -16 96 -16 923 0 700 -3 920 -12 929 -13 13 -180
16 -210 4z m-118 -1156 c0 -517 -3 -685 -12 -694 -14 -14 -954 -17 -976 -3
-10 6 -3 23 30 69 24 34 61 87 83 119 22 32 72 101 110 155 39 53 98 136 133
185 34 48 84 117 109 153 67 93 161 227 197 280 17 25 34 50 38 55 33 41 108
145 108 150 0 13 165 223 172 219 4 -3 8 -312 8 -688z"/>
<path d="M6690 4340 c-47 -4 -95 -12 -107 -18 -12 -7 -30 -12 -40 -12 -10 0
-31 -7 -47 -15 -15 -8 -32 -15 -36 -15 -5 0 -41 -19 -82 -42 -49 -28 -105 -75
-170 -141 -54 -54 -98 -102 -98 -107 0 -4 -16 -32 -36 -61 -70 -103 -124 -239
-159 -398 -20 -92 -19 -339 2 -421 57 -225 111 -320 261 -462 85 -80 130 -106
257 -150 80 -27 318 -30 379 -4 21 9 47 16 57 16 10 0 35 7 56 16 21 9 54 24
73 32 76 33 169 82 176 93 9 15 44 10 44 -6 0 -9 -7 -32 -15 -52 -8 -19 -15
-43 -15 -53 0 -22 -48 -136 -112 -265 -126 -254 -350 -526 -533 -650 -147 -99
-294 -149 -510 -172 l-70 -8 -3 -39 -3 -39 153 6 c84 3 176 11 203 17 119 28
172 43 197 56 14 8 33 14 41 14 9 0 28 7 44 14 15 8 35 18 43 21 8 3 29 14 45
25 17 11 37 22 45 26 8 3 22 10 30 15 8 5 22 12 30 16 8 4 67 46 130 93 124
94 244 200 300 266 113 133 150 180 150 189 0 4 14 24 30 45 17 21 30 40 30
43 0 3 14 26 30 50 17 25 30 49 30 54 0 5 17 42 38 83 36 71 62 136 82 205 4
17 13 44 18 60 39 116 71 351 72 532 0 84 -33 333 -47 357 -4 5 -10 26 -14 45
-30 143 -151 359 -278 495 -78 83 -283 216 -334 216 -7 0 -33 6 -58 14 -55 18
-167 24 -279 16z m122 -141 c87 -13 132 -36 205 -102 141 -129 230 -346 274
-666 15 -107 -3 -500 -26 -572 -7 -20 -135 -109 -157 -109 -8 0 -22 -6 -33
-13 -50 -32 -198 -67 -284 -67 -25 0 -68 6 -96 14 -44 11 -69 23 -136 62 -27
16 -106 101 -123 132 -67 126 -98 212 -132 361 -12 57 -16 127 -16 295 -1 239
6 282 66 409 27 56 121 168 160 189 13 7 39 22 57 32 30 17 118 43 157 45 7 1
45 -4 84 -10z"/>
</g>
</svg>
