<?xml version="1.0" encoding="UTF-8" standalone="no"?>
<svg
   xmlns:dc="http://purl.org/dc/elements/1.1/"
   xmlns:cc="http://creativecommons.org/ns#"
   xmlns:rdf="http://www.w3.org/1999/02/22-rdf-syntax-ns#"
   xmlns:svg="http://www.w3.org/2000/svg"
   xmlns="http://www.w3.org/2000/svg"
   xmlns:sodipodi="http://sodipodi.sourceforge.net/DTD/sodipodi-0.dtd"
   xmlns:inkscape="http://www.inkscape.org/namespaces/inkscape"
   version="1.0"
   width="768.000000pt"
   height="621.000000pt"
   viewBox="0 0 768.000000 621.000000"
   preserveAspectRatio="xMidYMid meet"
   id="svg3147"
   inkscape:version="0.48.4 r9939"
   sodipodi:docname="4.svg">
  <defs
     id="defs3205" />
  <sodipodi:namedview
     pagecolor="#ffffff"
     bordercolor="#666666"
     borderopacity="1"
     objecttolerance="10"
     gridtolerance="10"
     guidetolerance="10"
     inkscape:pageopacity="0"
     inkscape:pageshadow="2"
     inkscape:window-width="1315"
     inkscape:window-height="744"
     id="namedview3203"
     showgrid="false"
     inkscape:zoom="0.30402576"
     inkscape:cx="480"
     inkscape:cy="388.125"
     inkscape:window-x="51"
     inkscape:window-y="24"
     inkscape:window-maximized="1"
     inkscape:current-layer="g3151" />
  <metadata
     id="metadata3149">
Created by potrace 1.10, written by Peter Selinger 2001-2011
<rdf:RDF>
  <cc:Work
     rdf:about="">
    <dc:format>image/svg+xml</dc:format>
    <dc:type
       rdf:resource="http://purl.org/dc/dcmitype/StillImage" />
    <dc:title></dc:title>
  </cc:Work>
</rdf:RDF>
</metadata>
  <g
     transform="translate(0.000000,621.000000) scale(0.100000,-0.100000)"
     fill="#000000"
     stroke="none"
     id="g3151">
    <path
       d="M4067 6114 c-13 -13 -7 -62 8 -68 9 -3 15 -18 15 -39 0 -19 7 -40 15 -47 10 -8 15 -30 15 -61 0 -45 -2 -48 -27 -51 -39 -4 -39 -42 -2 -46 44 -5 79 38 79 97 0 31 5 53 15 61 8 7 15 27 15 46 0 20 6 37 16 42 24 13 15 67 -11 67 -12 0 -21 -8 -23 -20 -2 -11 -7 -29 -12 -40 -5 -11 -11 -36 -12 -55 -2 -19 -7 -35 -13 -35 -5 0 -11 16 -13 35 -1 19 -7 44 -12 55 -5 11 -10 29 -12 40 -3 20 -28 31 -41 19z"
       id="path3153" />
    <path
       d="M3821 6048 c-56 -45 -55 -62 2 -63 l32 0 0 -85 0 -85 -27 -3 c-38 -4 -38 -44 -1 -78 l27 -25 -2 -411 -2 -411 -25 -23 c-34 -32 -34 -86 0 -118 l25 -24 1 -383 c1 -273 -2 -384 -10 -387 -14 -5 -14 -67 -1 -93 7 -12 11 -172 13 -442 l2 -422 -205 2 c-174 1 -205 4 -208 17 -2 8 6 23 17 33 12 9 21 25 21 34 0 9 7 22 15 29 8 7 15 20 15 29 0 21 48 116 81 161 35 48 69 116 69 141 0 11 7 22 15 25 8 4 15 16 15 29 0 12 7 28 15 35 8 7 15 20 15 30 0 10 7 23 15 30 8 7 15 20 15 30 0 10 7 23 15 30 8 7 15 23 15 36 0 13 5 24 10 24 6 0 10 11 10 25 0 14 7 28 15 31 19 8 22 88 3 82 -7 -3 -14 -19 -16 -36 -2 -19 -11 -36 -23 -42 -10 -6 -19 -19 -19 -29 0 -10 -7 -24 -15 -31 -8 -7 -15 -20 -15 -30 0 -10 -7 -23 -15 -30 -8 -7 -15 -21 -15 -32 0 -10 -7 -21 -15 -24 -8 -4 -15 -17 -15 -30 0 -14 -7 -27 -15 -30 -8 -4 -15 -17 -15 -30 0 -14 -7 -27 -15 -30 -8 -4 -15 -16 -15 -29 0 -26 -15 -56 -51 -105 -15 -19 -39 -61 -53 -92 -15 -32 -31 -60 -37 -63 -5 -4 -9 -19 -9 -34 0 -16 -7 -34 -15 -41 -8 -7 -15 -20 -15 -29 0 -9 -5 -22 -12 -29 -7 -7 -13 -22 -13 -34 0 -21 -3 -21 -188 -21 l-187 0 -29 31 c-35 40 -47 40 -82 1 l-27 -31 -382 0 -381 0 -28 31 c-35 39 -47 39 -82 0 l-27 -31 -382 0 -382 0 -27 31 c-35 39 -47 39 -82 0 l-28 -32 -433 -1 c-426 -1 -433 -1 -433 -21 0 -20 7 -20 443 -21 317 -1 446 -4 455 -13 15 -15 86 -14 92 2 4 9 94 12 406 11 235 -1 404 -6 408 -11 10 -16 72 -43 98 -43 14 0 23 6 23 15 0 10 -10 15 -31 15 -18 0 -29 5 -27 11 5 16 831 16 836 0 5 -15 59 -14 65 2 4 10 47 12 192 11 102 -1 189 -4 191 -7 3 -3 -4 -10 -15 -17 -12 -6 -21 -19 -21 -29 0 -10 -7 -24 -15 -31 -8 -7 -15 -20 -15 -30 0 -22 -16 -54 -51 -100 -14 -19 -66 -115 -114 -213 -49 -98 -92 -180 -97 -183 -4 -3 -8 -19 -8 -35 0 -17 -6 -32 -15 -35 -8 -4 -15 -17 -15 -30 0 -14 -7 -27 -15 -30 -8 -4 -15 -14 -15 -24 0 -11 -13 -34 -30 -52 -16 -18 -30 -41 -30 -51 0 -9 -7 -20 -15 -23 -8 -4 -15 -17 -15 -30 0 -14 -7 -27 -15 -30 -8 -4 -15 -15 -15 -27 0 -21 -97 -224 -111 -233 -5 -3 -9 -19 -9 -35 0 -17 -6 -32 -15 -35 -8 -4 -15 -17 -15 -30 0 -14 -7 -27 -15 -30 -8 -4 -15 -14 -15 -24 0 -11 -13 -34 -30 -52 -16 -18 -30 -41 -30 -51 0 -9 -7 -20 -15 -23 -8 -4 -15 -15 -15 -27 0 -21 -127 -284 -142 -293 -4 -3 -8 -19 -8 -35 0 -17 -6 -32 -15 -35 -8 -4 -15 -17 -15 -30 0 -14 -7 -27 -15 -30 -8 -4 -15 -17 -15 -30 0 -14 -7 -27 -15 -30 -8 -4 -15 -14 -15 -24 0 -11 -13 -34 -30 -52 -16 -18 -30 -39 -30 -47 0 -17 -99 -219 -111 -227 -5 -3 -9 -19 -9 -35 0 -17 -6 -32 -15 -35 -8 -4 -15 -17 -15 -30 0 -14 -7 -27 -15 -30 -8 -4 -15 -17 -15 -30 0 -14 -7 -27 -15 -30 -8 -4 -15 -17 -15 -30 0 -14 -7 -27 -15 -30 -8 -4 -15 -14 -15 -24 0 -11 -13 -34 -30 -52 -16 -18 -30 -39 -30 -48 0 -17 -91 -203 -102 -208 -18 -8 -6 -22 20 -22 24 1 32 11 80 108 29 59 52 112 52 119 0 6 14 27 30 45 17 18 30 41 30 51 0 9 7 20 15 23 8 4 15 17 15 30 0 14 7 27 15 30 8 4 15 17 15 30 0 14 7 27 15 30 8 4 15 17 15 30 0 14 7 27 15 30 8 4 15 15 15 27 0 21 97 224 111 233 5 3 9 16 9 29 0 13 14 39 30 57 17 18 30 41 30 51 0 9 7 20 15 23 8 4 15 17 15 30 0 14 7 27 15 30 8 4 15 17 15 30 0 14 7 27 15 30 8 4 15 15 15 27 0 21 127 284 142 293 4 3 8 18 8 33 0 16 7 34 15 41 8 7 15 18 15 26 0 7 14 28 30 46 17 18 30 41 30 51 0 9 7 20 15 23 8 4 15 17 15 30 0 14 7 27 15 30 8 4 15 15 15 27 0 21 97 224 111 233 5 3 9 19 9 35 0 17 6 32 15 35 8 4 15 17 15 30 0 14 7 27 15 30 8 4 15 14 15 24 0 11 14 34 30 52 17 18 30 41 30 51 0 9 7 20 15 23 8 4 15 17 15 30 0 14 7 27 15 30 8 4 15 16 15 28 0 27 165 357 208 415 18 24 32 50 32 58 0 7 11 13 25 13 16 0 25 6 25 15 0 8 -4 15 -10 15 -16 0 -12 46 5 60 8 7 15 21 15 32 0 46 17 50 246 51 l215 2 0 -369 c0 -272 -3 -371 -12 -377 -15 -9 -15 -109 -1 -118 17 -11 21 -773 4 -779 -15 -5 -16 -59 0 -64 15 -5 14 -921 -2 -926 -15 -5 -12 -59 3 -65 11 -4 13 -31 9 -131 l-5 -126 28 0 27 0 -3 113 c-4 110 -4 112 19 115 26 4 72 43 72 62 0 18 -45 58 -70 62 -21 3 -21 6 -22 431 l0 428 31 28 c39 35 39 47 0 82 l-32 28 2 383 c1 330 3 383 16 391 19 10 19 44 0 54 -12 7 -15 68 -17 393 -3 379 -3 385 17 385 13 0 18 -5 16 -15 -3 -8 -7 -40 -9 -72 -3 -48 0 -60 18 -78 l22 -22 30 31 c26 27 29 35 24 78 -2 26 -5 49 -5 51 -1 1 -8 2 -16 2 -10 0 -15 -15 -17 -55 -2 -30 -7 -55 -13 -55 -5 0 -11 25 -13 55 -2 43 0 55 12 55 8 0 16 5 18 10 2 7 153 11 460 12 403 0 459 -2 473 -15 15 -16 44 -13 56 6 10 14 802 12 807 -2 5 -15 81 -14 87 2 7 18 653 16 665 -3 8 -13 58 -10 92 4 13 6 20 2 27 -16 5 -13 21 -35 35 -48 14 -14 26 -35 26 -47 0 -16 6 -23 18 -23 10 0 54 -36 96 -80 43 -44 80 -80 83 -80 3 0 65 -61 140 -135 74 -74 140 -135 147 -135 15 0 106 -92 106 -107 0 -6 41 -52 90 -102 68 -69 96 -91 113 -89 27 4 35 36 10 45 -17 6 -163 146 -163 156 0 6 -142 147 -147 147 -3 0 -64 59 -135 131 -72 72 -139 134 -149 137 -25 10 -141 124 -161 160 -10 16 -18 37 -18 46 0 9 -7 19 -15 22 -8 4 -15 11 -15 18 0 8 91 11 342 9 l343 -1 -3 -45 c-2 -30 2 -48 12 -57 13 -10 17 -8 26 14 14 38 76 100 94 93 20 -8 45 21 27 32 -7 5 -22 6 -34 4 -16 -3 -34 7 -60 33 -40 38 -61 36 -62 -7 0 -20 -5 -20 -382 -22 l-382 -1 -25 27 c-14 15 -32 27 -41 27 -18 0 -114 98 -115 117 0 15 -118 133 -134 133 -15 0 -166 152 -166 167 0 15 -118 133 -134 133 -13 0 -196 185 -196 199 0 13 -89 101 -102 101 -14 0 -238 225 -238 239 0 15 -49 61 -64 61 -15 0 -226 213 -226 227 0 15 -58 73 -73 73 -15 0 -257 242 -257 257 0 15 -58 73 -74 73 -7 0 -24 12 -38 28 -13 15 -70 71 -126 124 -61 59 -102 105 -102 117 0 11 -5 23 -11 26 -6 4 -1 19 14 38 13 18 36 58 51 89 15 32 31 60 37 63 5 4 9 20 9 36 0 17 6 32 15 35 8 4 15 17 15 30 0 14 7 27 15 30 8 4 15 17 15 30 0 14 7 27 15 30 8 4 15 17 15 30 0 14 7 27 15 30 8 4 15 16 15 29 0 12 7 28 15 35 8 7 15 21 15 31 0 11 4 19 9 19 6 0 35 52 67 115 31 64 61 118 65 121 5 3 9 12 9 20 0 9 7 22 16 31 20 20 14 57 -9 61 -12 3 -20 -4 -24 -17 -3 -12 -9 -21 -13 -21 -5 0 -12 -10 -15 -22 -13 -43 -99 -213 -112 -221 -7 -4 -13 -16 -13 -26 0 -10 -7 -24 -15 -31 -8 -7 -15 -21 -15 -32 0 -10 -7 -21 -15 -24 -8 -4 -15 -17 -15 -30 0 -14 -7 -27 -15 -30 -8 -4 -15 -17 -15 -30 0 -14 -7 -27 -15 -30 -8 -4 -15 -17 -15 -30 0 -14 -7 -27 -15 -30 -8 -4 -15 -17 -15 -30 0 -14 -7 -27 -15 -30 -8 -4 -15 -16 -15 -27 0 -12 -18 -57 -39 -102 -22 -44 -42 -88 -45 -97 -8 -26 -37 -22 -64 10 -13 15 -63 68 -113 118 -49 51 -89 99 -89 107 0 8 -11 18 -24 21 -13 3 -55 40 -94 82 -48 52 -76 75 -87 71 -8 -4 -15 -11 -15 -16 0 -7 246 -255 396 -398 7 -7 17 -13 23 -13 17 0 13 -14 -9 -33 -11 -9 -20 -21 -20 -27 0 -6 9 -18 20 -27 24 -21 26 -33 5 -33 -13 0 -19 -11 -17 -31 1 -4 -8 -15 -18 -24 -11 -10 -20 -27 -20 -37 0 -10 -7 -21 -15 -24 -8 -4 -15 -17 -15 -30 0 -14 -7 -27 -15 -30 -8 -4 -15 -17 -15 -30 0 -14 -7 -27 -15 -30 -8 -4 -15 -16 -15 -28 0 -25 -74 -176 -111 -226 -35 -47 -69 -116 -69 -139 0 -10 -7 -24 -15 -31 -8 -7 -15 -20 -15 -30 0 -10 -7 -23 -15 -30 -8 -7 -15 -20 -15 -30 0 -10 -7 -23 -15 -30 -8 -7 -15 -20 -15 -30 0 -10 -7 -23 -15 -30 -8 -7 -15 -23 -15 -36 0 -13 -4 -24 -10 -24 -5 0 -10 -10 -10 -23 0 -13 -7 -32 -15 -43 -17 -22 -20 -60 -5 -69 6 -3 13 2 17 12 3 10 15 29 25 42 10 13 18 34 18 46 0 12 7 28 15 35 8 7 15 20 15 30 0 10 7 23 15 30 8 7 15 21 15 32 0 10 7 21 15 24 8 4 15 17 15 30 0 14 7 27 15 30 8 4 15 17 15 30 0 14 7 27 15 30 8 4 15 16 15 29 0 26 15 56 51 105 15 19 46 74 69 123 23 48 46 90 51 93 5 3 9 19 9 35 0 17 6 32 15 35 8 4 15 17 15 30 0 14 7 27 15 30 8 4 15 16 15 29 0 12 7 28 15 35 8 7 15 23 15 36 0 13 4 24 9 24 5 0 11 12 13 28 2 20 9 28 28 30 14 2 29 10 33 18 10 17 27 19 27 3 0 -6 30 -43 68 -82 93 -97 91 -95 160 -159 34 -32 62 -59 62 -61 0 -4 293 -297 298 -297 5 0 32 -28 32 -33 0 -6 261 -267 267 -267 5 0 33 -27 33 -32 0 -5 263 -268 268 -268 3 0 20 -17 39 -37 61 -67 255 -263 260 -263 6 0 93 -87 93 -93 0 -6 202 -207 207 -207 3 0 48 -45 102 -100 53 -55 102 -100 109 -100 18 0 15 -13 -10 -34 -19 -17 -44 -18 -325 -18 l-304 0 -28 31 c-35 39 -47 39 -82 0 l-27 -31 -367 0 -367 0 -27 31 c-35 39 -47 39 -81 1 l-27 -31 -487 -1 -487 -1 0 426 -1 427 31 31 c36 36 38 44 11 66 -11 10 -20 23 -20 29 0 7 -5 14 -11 16 -15 5 -15 761 1 766 13 5 13 89 0 94 -7 2 -10 140 -10 418 1 463 1 456 18 487 16 28 16 29 -9 51 -17 16 -20 29 -17 83 l3 64 43 3 c23 2 42 6 42 10 0 4 -24 33 -54 64 l-54 58 -51 -42z"
       id="path3155" />
    <path
       d="M3532 6018 c-14 -14 2 -38 27 -38 9 0 53 -37 99 -83 62 -62 82 -89 82 -109 0 -44 17 -41 24 5 4 26 3 43 -4 45 -15 5 -12 23 8 38 14 10 15 15 4 26 -11 11 -16 10 -26 -4 -7 -10 -17 -18 -22 -17 -5 0 -38 34 -74 74 -64 73 -93 88 -118 63z"
       id="path3157" />
    <path
       d="M3481 5824 c-13 -13 -21 -30 -18 -39 8 -19 36 -20 43 0 4 11 21 15 55 15 l49 0 0 -34 c0 -34 -1 -35 -42 -38 -35 -2 -43 -7 -43 -23 0 -16 8 -21 43 -23 l42 -3 0 -50 0 -49 -49 0 c-34 0 -51 4 -55 15 -7 20 -35 19 -42 0 -4 -9 4 -25 20 -40 39 -36 115 -35 151 0 34 35 36 115 3 137 l-22 15 22 12 c33 18 30 70 -6 104 -38 36 -115 37 -151 1z"
       id="path3159" />
    <path
       d="M3511 5044 c-13 -13 -21 -30 -18 -39 8 -19 36 -20 43 0 4 11 21 15 55 15 l49 0 0 -48 c0 -47 -2 -51 -75 -122 -46 -44 -74 -79 -71 -87 4 -11 27 -13 98 -11 85 3 93 5 93 23 0 18 -6 20 -57 19 -37 -1 -58 3 -57 10 0 6 27 34 59 61 57 49 58 51 59 102 1 43 -3 56 -24 78 -36 35 -118 35 -154 -1z"
       id="path3165" />
    <path
       d="M3587 4008 c-23 -23 -37 -44 -33 -53 7 -19 25 -19 32 0 4 8 11 15 18 15 7 0 11 -36 11 -117 0 -111 1 -118 20 -118 19 0 20 7 20 155 0 177 -4 184 -68 118z"
       id="path3167" />
    <path
       d="M7333 3314 c-4 -10 1 -22 10 -29 10 -7 17 -20 17 -29 0 -9 7 -19 15 -22 8 -4 15 -12 15 -19 0 -7 -7 -15 -15 -19 -8 -3 -15 -14 -15 -25 0 -10 -7 -21 -15 -25 -19 -7 -19 -35 0 -42 19 -8 54 33 55 64 0 13 6 22 15 22 9 0 15 -9 15 -22 1 -31 36 -72 55 -64 19 7 19 35 0 42 -8 4 -15 15 -15 25 0 11 -7 22 -15 25 -8 4 -15 12 -15 19 0 7 7 15 15 19 8 3 15 14 15 25 0 10 7 21 15 25 20 7 19 35 -1 43 -20 8 -53 -32 -54 -64 0 -14 -6 -23 -15 -23 -8 0 -15 9 -15 20 0 27 -29 70 -46 70 -8 0 -17 -7 -21 -16z"
       id="path3169" />
    <path
       d="M3740 3161 c-6 -11 -7 -45 -4 -80 7 -59 8 -61 35 -61 37 0 59 24 59 65 0 72 -63 126 -90 76z m60 -72 c0 -52 -24 -48 -28 4 -2 28 1 37 12 37 12 0 16 -11 16 -41z"
       id="path3171" />
    <path
       d="M2957 2864 c-23 -21 -36 -42 -33 -50 7 -18 25 -18 32 1 4 8 11 15 18 15 7 0 11 -36 11 -117 0 -111 1 -118 20 -118 19 0 20 7 20 150 0 171 -4 179 -68 119z"
       id="path3173" />
    <path
       d="M1086 2856 c-19 -16 -27 -30 -23 -40 8 -20 33 -21 44 -2 5 8 28 16 53 17 l45 4 3 -37 c3 -37 3 -37 -40 -40 -35 -2 -43 -7 -43 -23 0 -16 8 -21 43 -23 l42 -3 0 -50 0 -49 -49 0 c-34 0 -51 4 -55 15 -7 20 -35 19 -42 0 -4 -9 4 -25 20 -40 39 -36 115 -35 151 0 34 35 36 115 3 137 l-22 15 22 12 c33 18 30 75 -5 106 -38 33 -107 34 -147 1z"
       id="path3175" />
    <path
       d="M2016 2855 c-19 -15 -27 -29 -23 -39 8 -20 36 -21 43 -1 4 11 21 15 55 15 l49 0 0 -48 c0 -47 -2 -51 -75 -122 -46 -44 -74 -79 -71 -87 4 -11 27 -13 98 -11 85 3 93 5 93 23 0 18 -6 20 -57 19 -37 -1 -58 3 -57 10 0 6 27 34 59 61 58 49 58 51 59 105 0 47 -3 57 -24 73 -14 10 -47 20 -73 21 -38 3 -54 -1 -76 -19z"
       id="path3177" />
    <path
       d="M4942 2839 c-25 -24 -41 -47 -38 -55 7 -18 25 -18 32 1 4 8 11 15 18 15 7 0 11 -36 11 -117 0 -111 1 -118 20 -118 19 0 20 7 20 154 0 94 -4 156 -10 157 -5 2 -29 -15 -53 -37z"
       id="path3179" />
    <path
       d="M5796 2856 c-19 -16 -27 -30 -23 -40 8 -20 36 -21 43 -1 4 11 21 15 55 15 l49 0 0 -48 c0 -47 -2 -51 -75 -122 -46 -44 -74 -79 -71 -87 4 -11 27 -13 98 -11 85 3 93 5 93 23 0 18 -6 20 -57 19 -37 -1 -58 3 -57 10 0 6 27 34 59 61 57 49 58 51 59 103 1 46 -3 56 -26 77 -38 33 -107 34 -147 1z"
       id="path3181" />
    <path
       d="M6421 2854 c-13 -13 -21 -30 -18 -39 8 -19 33 -20 44 -1 8 15 81 25 99 13 6 -3 9 -20 6 -36 -4 -27 -8 -30 -46 -33 -33 -2 -41 -7 -41 -23 0 -16 8 -21 43 -23 l42 -3 0 -50 0 -49 -49 0 c-34 0 -51 4 -55 15 -7 20 -35 19 -42 0 -4 -9 4 -25 20 -40 39 -36 115 -35 151 0 34 35 36 115 3 137 l-22 15 22 12 c33 17 29 65 -7 102 -25 24 -37 29 -78 28 -36 -1 -54 -7 -72 -25z"
       id="path3183" />
    <path
       d="M2774 2715 c-10 -25 9 -37 57 -33 36 2 44 7 44 23 0 17 -8 20 -48 23 -36 2 -49 -1 -53 -13z"
       id="path3185" />
    <path
       d="M944 2685 c-10 -25 9 -37 57 -33 36 2 44 7 44 23 0 17 -8 20 -48 23 -36 2 -49 -1 -53 -13z"
       id="path3187" />
    <path
       d="M1874 2685 c-10 -25 9 -37 57 -33 36 2 44 7 44 23 0 17 -8 20 -48 23 -36 2 -49 -1 -53 -13z"
       id="path3189" />
    <path
       d="M3587 2148 c-23 -23 -37 -44 -33 -53 7 -19 25 -19 32 0 4 8 11 15 18 15 7 0 11 -36 11 -117 0 -111 1 -118 20 -118 19 0 20 7 20 155 0 177 -4 184 -68 118z"
       id="path3191" />
    <path
       d="M3404 1995 c-10 -25 9 -37 57 -33 36 2 44 7 44 23 0 17 -8 20 -48 23 -36 2 -49 -1 -53 -13z"
       id="path3193" />
    <path
       d="M3601 1444 c-13 -13 -21 -30 -18 -39 8 -19 36 -20 43 0 4 11 21 15 55 15 l49 0 0 -48 c0 -47 -2 -51 -75 -122 -46 -44 -74 -79 -71 -87 4 -11 27 -13 98 -11 85 3 93 5 93 23 0 18 -6 20 -57 19 -32 -1 -58 2 -58 7 0 4 27 33 60 65 57 54 60 60 60 103 -1 34 -7 53 -25 74 -21 23 -31 27 -77 26 -41 -1 -58 -6 -77 -25z"
       id="path3195" />
    <path
       d="M3464 1275 c-10 -25 9 -37 57 -33 36 2 44 7 44 23 0 17 -8 20 -48 23 -36 2 -49 -1 -53 -13z"
       id="path3197" />
    <path
       d="M3571 454 c-13 -13 -21 -30 -18 -39 8 -19 36 -20 43 0 4 11 21 15 55 15 l49 0 0 -34 c0 -34 -1 -35 -42 -38 -35 -2 -43 -7 -43 -23 0 -16 8 -21 45 -25 25 -3 44 -8 43 -12 -2 -5 -3 -26 -3 -48 l0 -40 -49 0 c-34 0 -51 4 -55 15 -7 20 -35 19 -42 0 -4 -9 4 -25 20 -40 21 -20 38 -25 77 -25 42 0 54 4 74 27 34 39 35 117 3 134 l-22 12 22 15 c31 21 30 73 -3 107 -36 35 -118 35 -154 -1z"
       id="path3199" />
    <path
       d="M3434 285 c-10 -25 9 -37 57 -33 36 2 44 7 44 23 0 17 -8 20 -48 23 -36 2 -49 -1 -53 -13z"
       id="path3201" />
  </g>
</svg>
