<?xml version="1.0" standalone="no"?>
<!DOCTYPE svg PUBLIC "-//W3C//DTD SVG 20010904//EN"
 "http://www.w3.org/TR/2001/REC-SVG-20010904/DTD/svg10.dtd">
<svg version="1.0" xmlns="http://www.w3.org/2000/svg"
 width="900.000000pt" height="426.000000pt" viewBox="0 0 900.000000 426.000000"
 preserveAspectRatio="xMidYMid meet">
<metadata>
Created by potrace 1.10, written by Peter Selinger 2001-2011
</metadata>
<g transform="translate(0.000000,426.000000) scale(0.100000,-0.100000)"
fill="#000000" stroke="none">
<path d="M7190 4160 c-36 -4 -78 -12 -93 -19 -16 -6 -38 -11 -51 -11 -24 0
-70 -21 -138 -65 -84 -55 -131 -170 -143 -357 -8 -118 -8 -119 -87 -161 -26
-14 -59 -34 -75 -45 -15 -11 -71 -43 -123 -72 -52 -29 -97 -55 -100 -59 -5 -7
-116 -74 -140 -85 -19 -8 -39 -21 -115 -71 -33 -22 -76 -48 -95 -59 -19 -10
-59 -35 -89 -55 -65 -43 -73 -48 -136 -85 -28 -16 -88 -54 -135 -85 -47 -31
-100 -64 -118 -74 -18 -9 -51 -31 -74 -47 -23 -17 -45 -30 -51 -30 -5 0 -29
-13 -53 -30 -25 -16 -70 -44 -102 -61 -31 -18 -59 -35 -62 -38 -11 -13 -70
-51 -80 -51 -5 0 -10 -3 -10 -8 0 -4 -28 -23 -62 -42 -35 -19 -70 -39 -79 -45
-9 -5 -59 -36 -110 -68 -52 -32 -103 -63 -114 -70 -11 -7 -45 -29 -77 -50 -32
-20 -66 -40 -75 -44 -30 -11 -116 -65 -149 -93 -17 -15 -51 -37 -75 -49 -49
-25 -61 -32 -138 -81 -30 -19 -67 -41 -82 -50 -38 -21 -169 -100 -198 -119
-13 -9 -36 -24 -50 -33 -14 -10 -37 -23 -51 -29 -14 -5 -39 -21 -57 -35 -17
-13 -34 -24 -37 -24 -7 0 -109 -61 -116 -70 -3 -3 -57 -37 -120 -75 -63 -38
-117 -72 -120 -75 -4 -6 -185 -116 -294 -179 -22 -13 -70 -43 -106 -66 -111
-72 -154 -98 -185 -115 -83 -45 -100 -56 -105 -61 -3 -4 -27 -19 -54 -33 -27
-14 -64 -37 -82 -51 -18 -14 -35 -25 -39 -25 -3 0 -32 -17 -63 -37 -71 -46
-142 -82 -163 -83 -8 0 -19 -4 -25 -9 -5 -6 -27 -14 -49 -20 -22 -6 -76 -19
-120 -31 -44 -11 -114 -25 -155 -30 -253 -33 -264 -37 -312 -127 -15 -28 -21
-63 -24 -127 -2 -49 -5 -90 -7 -91 -1 -1 -51 1 -112 5 -60 4 -113 6 -117 4 -4
-3 -145 -7 -313 -10 -270 -4 -305 -3 -305 11 0 8 -9 24 -21 36 -17 17 -27 19
-66 13 l-45 -7 18 28 c14 22 16 32 6 58 -8 21 -10 95 -7 222 2 105 0 250 -6
324 -6 73 -8 139 -5 146 4 11 11 11 34 3 25 -10 35 -9 56 5 15 10 26 27 26 40
0 20 -81 126 -104 136 -13 5 -49 43 -63 67 -11 18 -12 18 -38 -7 -24 -23 -25
-28 -14 -53 9 -20 18 -26 32 -22 24 6 92 -43 79 -56 -12 -12 -92 2 -92 16 0 6
-4 17 -9 25 -23 36 -121 -49 -121 -104 0 -15 -6 -41 -14 -58 -20 -45 -26 -103
-13 -116 6 -6 21 -11 34 -11 27 0 42 -43 25 -71 -9 -14 -7 -46 8 -135 17 -96
18 -123 8 -150 -9 -26 -9 -41 2 -73 12 -36 11 -48 -5 -100 -11 -38 -16 -75
-12 -102 10 -72 21 -69 -239 -69 l-234 0 0 -26 0 -26 258 7 c141 4 325 5 407
3 229 -5 520 -3 950 6 215 4 707 9 1095 11 388 2 1169 6 1735 9 567 4 1602 7
2300 7 735 0 1329 5 1410 10 77 6 299 10 493 10 l352 -1 0 30 c0 30 -1 30 -52
30 -29 0 -122 -5 -207 -10 -85 -5 -157 -8 -159 -5 -3 2 28 69 67 149 160 322
178 448 85 618 -7 14 -14 33 -14 41 0 8 -7 28 -15 43 -8 16 -15 39 -15 51 0
12 -4 24 -9 28 -5 3 -13 20 -17 38 -3 17 -12 45 -19 62 -7 16 -18 48 -25 70
-13 44 -45 132 -66 182 -8 17 -14 37 -14 45 0 8 -5 19 -11 25 -6 6 -15 29 -20
50 -9 44 -63 201 -73 210 -3 3 -6 13 -6 22 -1 9 -9 34 -20 56 -11 22 -19 49
-20 61 0 11 -5 25 -11 31 -6 6 -14 26 -19 44 -13 50 -79 238 -101 286 -10 23
-19 49 -19 57 0 8 -6 27 -14 43 -21 41 -31 70 -56 148 -12 39 -28 84 -36 102
-8 17 -14 37 -14 45 0 7 -7 22 -15 32 -8 11 -15 28 -15 38 0 10 -4 26 -10 36
-11 18 -36 89 -50 137 -10 37 -29 90 -47 132 -7 17 -13 38 -13 46 0 9 -4 18
-9 22 -5 3 -12 19 -16 36 -4 17 -13 42 -21 57 -8 15 -14 36 -14 48 0 11 -4 24
-10 30 -5 5 -21 48 -35 94 -27 91 -68 180 -100 219 -60 73 -91 102 -152 143
-38 25 -79 49 -93 53 -14 4 -29 11 -35 15 -15 12 -221 19 -295 10z m265 -54
c22 -8 64 -27 93 -42 80 -41 212 -176 212 -216 0 -10 4 -18 9 -18 12 0 22 -43
12 -53 -5 -5 -12 0 -16 13 -10 32 -88 142 -128 181 -60 59 -112 85 -207 105
-96 19 -160 35 -160 40 0 10 149 2 185 -10z m-275 -16 c0 -6 -25 -9 -57 -9
-52 1 -54 2 -23 9 53 11 80 11 80 0z m187 -51 c123 -18 213 -65 280 -149 29
-36 57 -74 62 -85 27 -54 51 -116 51 -129 0 -9 14 -41 30 -71 17 -30 30 -64
30 -75 0 -11 7 -34 14 -52 36 -80 106 -265 106 -278 0 -8 7 -24 15 -34 8 -11
15 -30 15 -43 0 -12 6 -37 14 -55 58 -136 76 -183 76 -197 0 -9 5 -22 11 -28
6 -6 14 -26 19 -44 12 -46 38 -120 50 -141 6 -10 10 -24 10 -33 0 -13 7 -31
42 -110 4 -11 12 -33 17 -50 5 -16 19 -55 31 -85 12 -30 25 -68 28 -85 2 -16
11 -39 18 -50 8 -11 14 -27 14 -37 0 -9 6 -32 14 -50 8 -18 21 -49 30 -70 9
-20 16 -42 16 -50 0 -8 7 -23 15 -34 8 -10 15 -27 15 -36 0 -10 6 -32 14 -50
17 -42 35 -94 46 -133 10 -36 28 -89 46 -130 7 -16 20 -50 29 -75 9 -25 23
-60 31 -78 8 -18 14 -41 14 -50 0 -10 5 -23 12 -30 6 -6 15 -30 19 -54 8 -45
52 -181 75 -235 18 -41 18 -111 -1 -147 -8 -15 -15 -35 -15 -43 0 -14 -12 -45
-45 -118 -8 -16 -24 -52 -36 -80 -50 -116 -71 -155 -84 -155 -13 0 -45 88 -45
123 0 9 -4 18 -9 21 -5 3 -12 18 -15 33 -9 38 -47 116 -60 126 -7 5 -5 12 8
22 14 11 34 13 77 8 l59 -6 0 30 c0 18 -9 37 -22 50 -34 30 -45 35 -96 40 -26
2 -52 6 -59 8 -6 2 -23 43 -38 92 -29 97 -31 101 -44 123 -5 8 -24 60 -42 115
-18 55 -45 128 -62 163 -38 82 -33 92 41 92 72 0 86 13 62 55 -21 38 -51 53
-123 60 -67 8 -57 -9 -117 180 -23 72 -46 134 -51 139 -5 6 -9 17 -9 25 -1 9
-9 34 -20 56 -11 22 -19 46 -20 53 0 7 -12 35 -26 63 -32 64 -21 84 40 76 75
-10 95 21 51 79 -24 31 -30 33 -93 36 l-67 3 -14 45 c-7 25 -18 54 -24 65 -6
11 -14 33 -18 50 -4 16 -17 55 -29 85 -12 30 -24 64 -27 75 -5 21 -7 26 -49
122 -36 85 -25 108 42 83 21 -8 31 -8 42 4 12 12 12 20 2 52 -18 55 -24 59
-93 59 l-62 0 -36 105 c-20 58 -41 118 -47 133 -7 16 -12 33 -12 38 0 5 -4 17
-10 27 -10 18 -60 159 -87 250 -9 30 -25 60 -37 67 -15 10 -72 16 -191 20
-183 7 -170 9 -246 -46 -27 -20 -49 -4 -49 35 0 45 28 153 48 186 56 89 130
118 352 139 8 0 52 -4 97 -10z m-542 -396 c-13 -35 -28 14 -19 65 l7 47 10
-47 c5 -27 6 -56 2 -65z m994 55 c1 -10 -3 -18 -9 -18 -5 0 -10 17 -9 38 0 30
2 33 9 17 5 -11 9 -28 9 -37z m-613 -26 c23 -14 35 -265 40 -827 2 -313 6
-604 8 -645 1 -41 6 -250 9 -465 13 -685 16 -818 21 -890 2 -38 8 -130 12
-202 l7 -133 -95 0 -95 0 -11 143 c-18 228 -21 333 -27 862 -3 275 -10 572
-15 660 -5 88 -12 336 -15 551 -2 222 -9 403 -15 418 -5 14 -10 116 -10 225 0
110 -2 218 -6 240 -10 62 3 71 100 71 44 0 86 -4 92 -8z m137 -49 c8 -21 25
-69 37 -108 12 -38 33 -92 45 -120 13 -27 33 -84 45 -125 12 -41 30 -93 40
-115 49 -106 70 -159 70 -176 0 -10 4 -20 9 -23 5 -4 12 -25 16 -49 4 -23 11
-46 15 -52 4 -5 11 -28 15 -50 4 -22 10 -44 14 -50 4 -5 18 -41 31 -79 12 -38
33 -90 46 -114 13 -25 24 -49 24 -54 0 -5 13 -37 29 -71 16 -34 32 -78 36 -97
11 -53 65 -214 76 -225 5 -5 9 -15 9 -23 0 -8 6 -28 14 -45 8 -18 17 -43 19
-57 12 -58 85 -237 144 -352 7 -14 13 -40 13 -57 0 -17 4 -39 9 -49 4 -9 18
-48 30 -87 25 -76 30 -91 55 -148 9 -21 16 -44 16 -52 0 -7 6 -20 13 -27 7 -7
18 -35 25 -61 7 -27 22 -68 33 -90 23 -46 79 -208 79 -227 0 -7 6 -26 14 -43
7 -18 24 -61 36 -97 12 -36 31 -83 40 -105 39 -88 35 -98 -40 -90 -19 1 -47 3
-62 4 -23 1 -28 7 -34 36 -3 19 -10 38 -15 41 -5 3 -9 14 -9 25 0 11 -7 22
-15 25 -10 4 -15 20 -15 44 0 21 -5 40 -12 42 -6 2 -13 23 -14 47 -1 23 -9 50
-18 60 -9 10 -16 31 -16 47 0 17 -5 35 -12 42 -10 10 -31 59 -45 107 -4 11
-12 24 -20 28 -7 4 -13 25 -13 46 0 22 -6 44 -15 51 -8 7 -15 23 -15 37 0 13
-7 40 -15 60 -8 19 -15 43 -15 53 0 10 -7 23 -15 30 -8 7 -15 20 -15 29 0 9
-7 29 -15 45 -8 15 -15 34 -15 41 0 7 -7 18 -15 25 -8 7 -15 23 -15 37 0 13
-7 35 -16 49 -11 16 -15 37 -11 63 3 29 1 40 -13 49 -10 6 -20 26 -24 45 -3
19 -18 57 -31 85 -14 29 -25 60 -25 71 0 10 -7 24 -15 31 -8 7 -15 25 -15 40
0 15 -7 33 -15 40 -8 7 -15 28 -15 48 0 19 -10 56 -21 81 -12 25 -25 55 -29
66 -32 85 -63 161 -86 208 -8 16 -14 38 -14 50 -1 12 -9 40 -20 62 -11 22 -19
48 -20 57 0 9 -4 20 -10 23 -5 3 -10 16 -10 28 0 12 -7 35 -15 51 -8 15 -15
32 -15 37 0 5 -13 37 -28 71 -36 79 -52 124 -62 168 -4 19 -15 49 -24 65 -9
17 -16 36 -16 43 0 7 -4 20 -10 30 -5 9 -19 40 -30 67 -11 28 -25 58 -30 67
-22 39 -33 112 -42 276 -7 131 -6 177 3 188 15 19 31 5 52 -43z m-367 -171 c2
-114 0 -215 -2 -225 -4 -11 -34 -31 -72 -48 -36 -17 -91 -47 -122 -68 -31 -21
-76 -49 -100 -62 -25 -13 -78 -46 -119 -74 -40 -27 -96 -63 -124 -78 -27 -16
-75 -45 -106 -66 -31 -20 -63 -40 -71 -45 -18 -8 -40 -22 -97 -59 -24 -15 -46
-27 -50 -27 -5 0 -47 -27 -95 -59 -48 -33 -96 -62 -108 -66 -11 -3 -20 -10
-20 -15 0 -4 -11 -11 -25 -14 -14 -4 -51 -23 -83 -44 -77 -50 -93 -59 -120
-71 -12 -6 -35 -22 -50 -36 -15 -14 -32 -25 -38 -25 -6 0 -29 -13 -50 -28 -21
-16 -79 -53 -129 -82 -49 -30 -92 -57 -95 -60 -3 -4 -12 -10 -20 -13 -8 -4
-28 -16 -45 -27 -16 -10 -52 -31 -80 -45 -27 -15 -64 -37 -82 -51 -17 -13 -36
-24 -41 -24 -5 0 -28 -13 -50 -30 -23 -16 -44 -30 -46 -30 -3 0 -24 -13 -48
-28 -24 -16 -59 -38 -78 -48 -19 -10 -51 -30 -70 -44 -19 -14 -53 -34 -75 -45
-33 -17 -184 -113 -248 -157 -10 -7 -35 -22 -56 -33 -86 -45 -118 -64 -130
-79 -8 -9 -19 -16 -26 -16 -7 0 -18 -7 -25 -15 -7 -8 -21 -15 -32 -15 -10 0
-21 -7 -24 -15 -4 -8 -11 -15 -17 -15 -6 0 -40 -20 -76 -44 -37 -24 -84 -54
-106 -66 -22 -11 -62 -34 -90 -51 -27 -16 -57 -32 -65 -35 -8 -4 -24 -15 -35
-25 -11 -10 -49 -32 -85 -50 -35 -17 -88 -50 -117 -71 -54 -41 -119 -78 -138
-78 -6 0 -24 -13 -40 -30 -16 -16 -38 -30 -50 -30 -12 0 -34 -13 -50 -30 -16
-16 -34 -30 -41 -30 -6 0 -17 -7 -24 -15 -7 -8 -23 -15 -35 -15 -13 0 -25 -3
-27 -8 -1 -4 -42 -34 -91 -66 -48 -32 -90 -63 -93 -67 -3 -5 -14 -9 -25 -9
-10 0 -19 -4 -19 -10 0 -5 -22 -21 -49 -34 -26 -14 -61 -36 -77 -49 -16 -13
-36 -27 -44 -31 -23 -10 -47 -26 -142 -88 l-87 -58 -400 0 c-386 0 -401 1
-411 19 -15 30 -12 86 8 128 36 80 77 101 220 113 132 12 232 27 246 39 6 5
27 12 46 16 67 13 194 66 282 118 76 45 163 101 168 108 3 4 25 17 50 30 25
13 47 26 50 29 3 4 27 20 55 36 27 16 59 34 70 41 11 7 31 17 45 23 13 6 27
15 30 19 3 4 34 25 70 46 36 21 90 55 120 76 30 20 87 53 125 74 39 20 72 41
75 44 5 7 108 71 193 120 23 13 63 39 89 58 26 19 69 46 95 60 26 14 84 49
128 78 44 29 98 62 120 74 49 26 63 34 147 88 36 24 69 43 72 43 3 0 25 14 49
30 25 17 47 30 50 30 6 0 107 64 124 79 6 6 31 21 55 33 24 12 45 25 48 28 3
4 61 40 130 80 69 40 161 97 205 126 44 28 106 66 139 84 32 17 65 38 73 46 8
8 19 14 24 14 5 0 33 17 62 38 29 22 68 47 87 57 19 9 64 36 100 59 102 64
104 65 130 77 14 6 39 21 57 35 17 13 34 24 38 24 6 0 66 41 75 51 3 3 27 19
55 35 27 16 57 34 67 39 37 22 182 112 221 137 23 15 52 32 65 38 12 5 32 19
44 30 19 18 118 79 188 118 14 7 37 21 52 30 80 51 167 102 174 102 4 0 22 11
40 25 18 14 37 25 43 25 5 0 16 6 24 14 7 8 29 23 48 33 19 10 80 50 137 88
109 74 164 106 171 99 3 -2 6 -98 7 -212z m954 -59 c-1 -24 -2 -26 -11 -10 -5
9 -7 22 -4 27 10 17 15 11 15 -17z m-623 -240 c3 -10 11 -25 18 -33 13 -17 34
-83 46 -145 10 -52 58 -192 100 -290 12 -28 39 -106 46 -130 3 -11 11 -34 19
-52 8 -17 14 -36 14 -42 0 -6 6 -25 14 -43 8 -18 21 -49 30 -70 9 -20 16 -42
16 -50 0 -8 4 -18 9 -23 6 -6 21 -44 35 -85 42 -127 76 -223 92 -257 7 -17 14
-36 14 -42 0 -6 4 -19 10 -29 5 -9 33 -87 61 -172 28 -85 58 -164 65 -175 8
-11 14 -27 14 -36 0 -9 7 -30 15 -45 8 -16 15 -38 15 -50 0 -11 5 -25 11 -31
6 -6 15 -26 19 -44 8 -31 49 -146 79 -224 6 -16 18 -42 26 -57 8 -14 15 -37
15 -50 0 -13 6 -32 13 -43 8 -11 19 -38 24 -60 6 -22 25 -78 43 -125 17 -47
34 -96 37 -110 3 -14 9 -30 14 -35 12 -17 37 -94 31 -100 -3 -3 -207 -5 -454
-5 -420 0 -448 1 -448 18 -7 351 -22 884 -30 1032 -5 107 -9 411 -10 675 0
431 -7 653 -26 873 -5 51 -3 72 5 72 6 0 14 -8 18 -17z m-324 -10 c3 -5 7
-125 11 -268 3 -143 8 -334 11 -425 3 -91 8 -329 10 -530 3 -201 7 -417 10
-480 2 -63 5 -239 7 -390 l3 -275 -115 3 c-159 5 -156 8 -152 -147 3 -94 0
-122 -10 -126 -7 -2 -328 -6 -713 -9 -385 -3 -1015 -8 -1400 -11 -1611 -12
-2045 -13 -2045 -5 0 4 33 27 73 49 39 23 86 50 102 61 17 10 40 25 51 32 33
20 162 101 188 118 13 8 45 28 72 44 61 37 192 116 309 190 50 30 185 113 300
183 116 70 239 146 274 170 36 24 69 43 73 43 8 0 81 45 197 122 24 16 73 45
110 65 36 20 91 52 121 72 30 20 64 42 75 49 11 6 57 35 103 64 46 29 98 62
116 73 18 11 99 61 180 110 81 50 166 101 189 114 23 13 61 37 85 52 24 16 45
29 48 29 3 0 47 27 99 60 52 33 97 60 100 60 4 0 26 14 50 30 24 17 46 30 50
30 3 0 43 24 88 53 112 72 253 157 262 157 5 0 22 10 39 23 37 28 401 247 410
247 4 0 12 5 19 11 15 14 103 69 337 210 102 62 196 121 209 131 25 19 47 23
54 11z m-6398 -1800 c19 -69 21 -97 8 -98 -22 0 -26 -15 -4 -15 20 0 22 -4 17
-27 -8 -31 -9 -49 -4 -77 4 -24 -44 -61 -68 -52 -13 5 -15 9 -6 18 21 21 14
77 -12 102 -22 20 -24 26 -15 64 5 24 13 50 18 60 5 9 12 25 15 35 9 28 43 21
51 -10z m8152 -265 c-2 -13 -4 -5 -4 17 -1 22 1 32 4 23 2 -10 2 -28 0 -40z
m-57 -245 c0 -20 -3 -24 -11 -16 -7 7 -9 19 -6 27 10 24 17 19 17 -11z m-1651
-102 c16 -10 24 -209 9 -227 -10 -14 -207 -9 -220 4 -5 5 -7 56 -6 113 l3 104
90 6 c50 3 95 6 100 7 6 1 16 -2 24 -7z m1541 -149 c-1 -12 -40 -55 -45 -50
-9 8 26 68 36 63 5 -4 9 -9 9 -13z m-7950 -93 c0 -14 -5 -19 -17 -17 -26 5
-29 38 -4 38 15 0 21 -6 21 -21z"/>
<path d="M5310 2345 c0 -8 5 -15 10 -15 6 0 10 7 10 15 0 8 -4 15 -10 15 -5 0
-10 -7 -10 -15z"/>
<path d="M4858 2109 c30 -31 52 -32 52 -3 0 8 -10 14 -24 14 -14 0 -28 5 -31
10 -3 6 -11 10 -17 10 -6 0 3 -14 20 -31z"/>
<path d="M6453 2034 c-22 -9 -14 -33 12 -40 14 -3 39 -4 55 0 17 3 30 4 30 1
0 -2 -11 -25 -25 -51 -14 -26 -25 -55 -25 -64 0 -10 -7 -23 -15 -30 -8 -7 -15
-29 -15 -50 0 -30 4 -39 22 -43 30 -8 48 9 48 49 0 18 5 36 10 39 6 3 10 15
10 25 0 24 39 100 51 100 11 0 12 47 2 53 -13 7 -147 16 -160 11z"/>
<path d="M6663 1943 c-9 -3 -13 -32 -13 -94 l0 -89 29 0 c29 0 29 0 33 69 4
75 9 87 33 78 11 -5 15 -23 15 -77 0 -68 1 -71 23 -68 19 3 23 10 27 65 9 112
50 113 50 2 l0 -70 28 3 c26 3 27 5 30 70 4 100 -9 115 -98 115 -46 0 -74 -5
-81 -13 -9 -11 -14 -11 -26 1 -15 15 -28 17 -50 8z"/>
<path d="M6906 637 c-10 -7 -17 -22 -15 -33 5 -24 51 -31 69 -9 11 13 10 19
-5 35 -21 24 -25 24 -49 7z"/>
<path d="M470 1697 c-38 -19 -54 -78 -36 -130 16 -48 42 -60 55 -25 5 13 18
32 30 42 20 18 22 18 39 3 17 -16 20 -15 40 13 29 39 28 64 -4 89 -30 24 -86
27 -124 8z"/>
<path d="M4486 348 c-42 -38 -48 -75 -13 -80 21 -3 22 -7 18 -79 -3 -73 -2
-76 20 -82 14 -4 28 -1 34 6 15 17 4 259 -12 264 -6 2 -27 -11 -47 -29z"/>
<path d="M4626 355 c-25 -23 -26 -29 -26 -117 0 -85 2 -95 23 -113 33 -28 90
-26 116 5 17 21 20 39 21 116 0 82 -2 93 -23 112 -31 30 -77 28 -111 -3z m72
-110 c3 -91 -3 -110 -31 -99 -14 5 -17 20 -17 81 0 141 43 158 48 18z"/>
<path d="M4945 293 c-32 -2 -65 -9 -71 -14 -8 -7 -14 -6 -19 1 -3 5 -17 10
-31 10 -24 0 -24 -1 -24 -91 l0 -90 28 3 c26 3 27 5 24 53 -2 37 2 56 16 74
30 38 44 19 40 -57 -3 -66 -2 -67 22 -67 23 0 25 4 26 50 2 114 37 128 42 17
l3 -72 29 0 30 0 0 73 c0 64 -3 76 -23 95 -13 12 -25 21 -28 20 -2 -1 -31 -3
-64 -5z"/>
<path d="M6965 256 c-18 -12 -148 -15 -890 -20 -479 -3 -876 -5 -882 -6 -15 0
-17 -36 -3 -45 12 -7 817 -5 1350 4 369 6 397 5 422 -12 26 -17 28 -17 74 5
56 27 63 41 32 62 -37 24 -80 29 -103 12z"/>
<path d="M2553 233 c-25 -5 -55 -41 -47 -55 8 -13 74 -38 99 -38 13 0 25 7 29
15 5 13 109 15 855 15 l850 0 12 21 c7 15 8 24 1 31 -13 13 -1597 3 -1659 -10
-36 -8 -45 -6 -59 9 -17 18 -35 21 -81 12z"/>
</g>
</svg>
