<?xml version="1.0" encoding="UTF-8" standalone="no"?>
<!-- Created with Inkscape (http://www.inkscape.org/) -->

<svg
   xmlns:dc="http://purl.org/dc/elements/1.1/"
   xmlns:cc="http://creativecommons.org/ns#"
   xmlns:rdf="http://www.w3.org/1999/02/22-rdf-syntax-ns#"
   xmlns:svg="http://www.w3.org/2000/svg"
   xmlns="http://www.w3.org/2000/svg"
   xmlns:sodipodi="http://sodipodi.sourceforge.net/DTD/sodipodi-0.dtd"
   xmlns:inkscape="http://www.inkscape.org/namespaces/inkscape"
   id="svg2"
   version="1.1"
   inkscape:version="0.48.4 r9939"
   width="361"
   height="180"
   sodipodi:docname="sapo.svg">
  <metadata
     id="metadata8">
    <rdf:RDF>
      <cc:Work
         rdf:about="">
        <dc:format>image/svg+xml</dc:format>
        <dc:type
           rdf:resource="http://purl.org/dc/dcmitype/StillImage" />
        <dc:title />
      </cc:Work>
    </rdf:RDF>
  </metadata>
  <defs
     id="defs6" />
  <sodipodi:namedview
     pagecolor="#ffffff"
     bordercolor="#666666"
     borderopacity="1"
     objecttolerance="10"
     gridtolerance="10"
     guidetolerance="10"
     inkscape:pageopacity="0"
     inkscape:pageshadow="2"
     inkscape:window-width="1600"
     inkscape:window-height="824"
     id="namedview4"
     showgrid="false"
     inkscape:zoom="1.8541911"
     inkscape:cx="204.99884"
     inkscape:cy="93.320428"
     inkscape:window-x="0"
     inkscape:window-y="24"
     inkscape:window-maximized="1"
     inkscape:current-layer="svg2" />
  <rect
     style="fill:#ffffff;fill-opacity:1;stroke:none"
     id="rect2988"
     width="362.96152"
     height="182.28973"
     x="0"
     y="-0.13245778" />
  <path
     style="fill:#000000"
     d="M 10.913791,170.94719 10.020077,170.39437 9.8591042,139.44719 C 9.5704999,83.962859 9.8391023,13.827564 10.342125,13.324541 c 0.270436,-0.270435 34.664354,-0.520656 76.43093,-0.556046 l 75.939225,-0.06435 1.29305,0.799144 1.29304,0.799145 -0.64812,38.598781 c -0.35646,21.22933 -0.67733,56.486285 -0.71304,78.348785 l -0.0649,39.75 -2.18614,-0.006 c -1.20238,-0.004 -35.41695,0.10899 -76.032388,0.25 l -73.846278,0.256 -0.893713,-0.55281 z m 110.568639,-2.97561 -0.55018,-0.89023 0.96087,-1.79067 c 0.52849,-0.98488 1.20461,-2.57818 1.5025,-3.54068 l 0.54161,-1.75 1.09877,0 1.09878,0 -0.63478,2 -0.63478,2 0.62045,0 c 0.34124,0 2.27602,-1.125 4.29952,-2.5 l 3.67908,-2.5 -2.98214,-0.006 c -1.64017,-0.003 -4.61408,-0.45888 -6.60869,-1.01292 l -3.62655,-1.00734 -2.62345,-2.62344 -2.62344,-2.62345 0,-3.36363 0,-3.36364 2.07143,0 2.07143,0 -1.57143,-1.57143 c -2.02147,-2.02147 -2.03269,-1.95728 1.04726,-5.99529 L 121.23738,134 l 1.8246,0 1.82461,0 1.55671,2.22251 c 0.85618,1.22237 1.5567,2.79737 1.5567,3.5 l 0,1.27749 -0.98095,0 -0.98095,0 -0.6409,-2.55358 -0.64091,-2.55358 -2.12815,0.30358 L 120.5,136.5 120.4736,138 c -0.0145,0.825 -0.38108,2.06653 -0.81455,2.75895 l -0.78812,1.25895 0.58713,1.84987 0.58713,1.84986 -1.42501,1.18265 -1.425,1.18265 0.72214,2.70854 0.72213,2.70853 2.43029,1.23526 2.43029,1.23526 5.38398,0.0147 5.38398,0.0147 3.97437,-1.19075 3.97437,-1.19075 1.08592,-2.38334 1.08593,-2.38335 -1.13542,-1.81809 -1.13542,-1.8181 0.60781,-0.60781 c 1.1408,-1.14079 2.13908,-0.60976 2.80643,1.49285 l 0.66672,2.10067 0.99331,-0.99331 0.9933,-0.9933 -1.23862,-2.35736 c -0.68125,-1.29655 -1.84794,-2.71722 -2.59264,-3.15705 C 143.60931,140.26048 143,139.42849 143,138.85144 c 0,-0.57705 -0.70976,-2.54488 -1.57724,-4.37296 l -1.57723,-3.32378 -1.42277,-0.54596 -1.42276,-0.54597 -1.5,0.5756 -1.5,0.57561 0,1.27951 0,1.27951 -3.05858,0.44891 -3.05859,0.4489 -1.34329,-1.91781 -1.34329,-1.91782 -2.31376,0.33241 -2.31377,0.33241 -2.35634,3.5 -2.35635,3.5 -1.17802,0.13465 c -0.6479,0.0741 -1.57061,0.18656 -2.05045,0.25 L 111.75511,139 l 1.20854,1.4562 1.20853,1.45619 -0.64738,1.04748 -0.64737,1.04747 -2.68872,-0.58263 -2.68871,-0.58263 2.5,2.05673 2.5,2.05672 -1,0.13739 c -0.55,0.0756 -1.7875,0.0573 -2.75,-0.0406 l -1.75,-0.17802 0,2.62188 0,2.62187 -1,-0.61803 -1,-0.61803 0,-1.94099 0,-1.94098 -0.87756,0 c -0.48265,0 -1.45765,0.69898 -2.16666,1.55328 l -1.28911,1.55329 0,3.10498 0,3.10498 2.72243,2.34173 2.72243,2.34174 1.94423,0 1.94424,0 0,1.37716 0,1.37717 -4.38047,-0.49375 -4.38048,-0.49374 -1.869524,1.13032 -1.869526,1.13032 3,-0.55788 3,-0.55788 -2.25,1.66611 c -1.2375,0.91636 -2.25,2.07278 -2.25,2.56982 l 0,0.90371 2.95034,-1.52568 C 103.57303,166.68656 105.19617,166 105.55733,166 l 0.65665,0 -0.61833,1.61134 -0.61833,1.61134 1.26134,-0.53409 c 0.69374,-0.29374 2.51444,-1.13135 4.046,-1.86134 l 2.78465,-1.32725 -0.4212,-1.5 c -0.23166,-0.825 -0.76896,-2.3489 -1.19401,-3.38645 l -0.7728,-1.88645 1.33791,0.44597 c 0.73585,0.24528 1.82005,1.31918 2.40935,2.38645 0.58929,1.06726 1.63394,2.30034 2.32144,2.74017 0.6875,0.43983 1.25,1.22733 1.25,1.75 l 0,0.95031 -1.5,0 -1.5,0 0,0.93358 0,0.93358 2.75,0.35212 c 1.5125,0.19368 3.09484,0.19247 3.51631,-0.003 l 0.76631,-0.35481 -0.55019,-0.89022 z m 0.19296,-23.37513 -0.5386,-1.40355 0.54824,-2.09645 0.54823,-2.09645 1.38337,0 1.38337,0 0,1.96862 0,1.96861 1.5,-0.5756 1.5,-0.57561 0,0.74675 c 0,1.01045 -3.22402,3.39594 -4.64301,3.43543 l -1.14301,0.0318 -0.53859,-1.40355 z m 12.81151,-0.98237 -1.89537,-1.38593 0.95424,-3.76611 0.95423,-3.76612 1.66618,-1.03997 1.66617,-1.03997 1.55737,1.29249 1.55736,1.2925 0.66778,3.55959 0.66778,3.5596 -1.83245,1.33992 c -2.32144,1.69748 -3.59235,1.68767 -5.96329,-0.046 z m 5.38554,-5.53757 C 140.59421,137.92824 137.74366,135 136.87756,135 L 136,135 l 0,1.91152 0,1.91151 1.75,-0.335 c 0.9625,-0.18426 1.9176,-0.36944 2.12244,-0.41152 z m -4.86734,28.92664 -1.23867,-0.76554 2.61679,-3.85094 c 3.74801,-5.5157 3.24681,-6.01285 -1.80483,-1.7902 l -4.42161,3.696 -0.48477,1.85377 -0.48477,1.85376 -1.84362,0.1571 c -1.01399,0.0864 0.40638,0.42391 3.15638,0.75 l 5,0.5929 0.37188,-0.86565 0.37189,-0.86566 -1.23867,-0.76554 z M 141,168.5 l -1.24489,-1.5 1.56343,0 c 0.85988,0 1.84154,0.45 2.18146,1 0.33992,0.55 1.12633,1 1.74758,1 l 1.12954,0 -2.14675,-2 c -1.18071,-1.1 -2.61556,-2 -3.18856,-2 -1.68867,0 -1.17571,-1.34022 1.47547,-3.85496 L 145,158.79008 l 0,-1.89504 0,-1.89504 -1.53138,0 -1.53139,0 -0.51819,1.75 c -0.285,0.9625 -1.43121,3.47553 -2.54712,5.58452 l -2.02892,3.83451 1.73349,1.91549 c 0.95342,1.05351 2.16884,1.91548 2.70094,1.91548 l 0.96746,0 L 141,168.5 z m 16,0.75 0,-0.75 -4,0 -4,0 0,0.75 0,0.75 4,0 4,0 0,-0.75 z m -74.25,-1.5 -0.25,-1.25 2,0.3416 c 1.1,0.18789 2.15,0.75039 2.333333,1.25 l 0.333334,0.9084 1.539111,0 1.539111,0 -1.372444,-1.66587 -1.372445,-1.66588 2.601039,0.64754 2.601038,0.64754 2.656676,-2.98166 2.656675,-2.98167 1.54899,0 1.548992,0 -1.556706,-2.22251 L 98,156.55499 l 0,-2.82716 0,-2.82715 1.52568,-2.95034 1.52568,-2.95034 1.90693,0 1.90693,0 0.6066,-1.91122 0.6066,-1.91121 3.39407,-2.58879 C 111.33923,137.16495 113.33075,136 113.89809,136 l 1.03154,0 1.18201,-2.2086 c 0.6501,-1.21472 2.12843,-2.99975 3.28518,-3.96673 l 2.10318,-1.75813 2.1933,-0.0333 2.19329,-0.0333 1.35928,1.94064 1.35928,1.94064 2.44742,-1.40142 c 1.34609,-0.77078 3.01094,-1.6926 3.69967,-2.04849 l 1.25223,-0.64706 2.4856,0.62384 2.48561,0.62385 2.14882,4.234 c 1.18185,2.3287 3.21232,5.50603 4.51216,7.06073 l 2.36334,2.82672 0,2.76829 0,2.76828 -1.92325,1.74052 -1.92325,1.74052 0.53184,3.27732 0.53183,3.27731 -1.03847,1.9404 -1.03846,1.94039 1.80155,1.12509 1.80155,1.12509 1.11166,-1.11166 1.11167,-1.11167 0.65916,0.65917 0.65917,0.65917 -1.38466,1.66841 -1.38466,1.66841 1.99216,-0.59676 c 1.09569,-0.32821 3.22966,-0.89191 4.74216,-1.25265 l 2.75,-0.6559 0,1.10841 0,1.10841 1.04313,0 1.04312,0 0.0273,-13.25 c 0.015,-7.2875 0.271,-23.31526 0.5689,-35.61723 l 0.54164,-22.367238 -11.86203,0.676427 c -6.52412,0.372035 -15.09105,0.848119 -19.03763,1.057965 -8.16549,0.43417 -14.36004,1.415015 -15.8244,2.505636 l -1,0.74478 -9.5,0.69562 c -5.225,0.3826 -11.75,0.87667 -14.5,1.09793 -2.75,0.22126 -7.8125,0.62772 -11.25,0.90325 l -6.25,0.50096 0,-1.25658 0,-1.25659 5.25,-0.21531 c 2.8875,-0.11842 7.5,-0.5025 10.25,-0.8535 2.75,-0.35101 7.589899,-0.664967 10.755331,-0.697683 L 105.01069,99.608897 104.43797,97.80442 103.86522,96 l 1.06739,0 1.06739,0 0,1 0,1 4.5,0 4.5,0 0,-0.856481 0,-0.856481 2.75,-0.04666 c 1.5125,-0.02566 5,-0.30381 7.75,-0.618102 7.348,-0.839787 26.27434,-1.84967 31.75,-1.694135 l 4.75,0.134922 0.1048,-2.781531 c 0.0576,-1.529842 0.25547,-6.076591 0.43964,-10.103887 l 0.33485,-7.322356 -1.43964,1.194801 -1.43965,1.1948 0,-1.399938 c 0,-0.769966 0.65087,-2.329191 1.44639,-3.464944 l 1.44638,-2.065006 -0.0606,-27.1575 L 162.77153,15 87.885765,15 13,15 12.972857,34.25 c -0.01493,10.5875 -0.297723,31.7375 -0.628433,47 l -0.60129,27.75 5.081318,0 5.081318,0 -0.574179,-4.84804 L 20.757412,99.303915 23.128706,97.08331 25.5,94.862704 28.25,94.306352 31,93.75 31,92.875 31,92 l 2.5,0 2.5,0 0,-1 0,-1 -2.325686,0 -2.325686,0 -2.424314,-2.582309 -2.424314,-2.58231 0.01861,-9.681043 0.01861,-9.681044 2.81021,-3.684376 2.810211,-3.684376 3.200897,-1.888575 c 1.760493,-1.038717 4.397446,-2.188891 5.859894,-2.555942 l 2.658998,-0.667366 0.62146,1.005543 0.62146,1.005543 -2.810175,1.018763 c -1.545596,0.56032 -3.871265,1.561523 -5.168155,2.224897 l -2.35798,1.206133 -2.755022,4.023231 C 30.513755,65.689546 28.94355,68.625 28.539672,70 l -0.734323,2.5 2.981563,-4.60219 c 1.63986,-2.531205 4.271156,-5.803476 5.847326,-7.271715 L 39.5,57.95657 l 3.687726,-1.000061 3.687727,-1.00006 4.062273,0.649584 L 55,57.255616 l 0,0.798868 c 0,0.439377 -0.7875,1.019555 -1.75,1.289284 -0.9625,0.269729 0.680459,0.235736 3.65102,-0.07554 l 5.40102,-0.565956 -0.710037,1.148864 C 61.201483,60.483011 60.278207,61 59.54028,61 c -0.737928,0 -3.715602,1.099851 -6.617053,2.444113 L 47.64786,65.888226 43.853826,70.164764 40.059792,74.441302 37.990941,72.220651 35.92209,70 l -1.286731,0 -1.286731,0 -2.213915,2.356604 -2.213914,2.356604 -0.508212,3.393396 -0.508212,3.393396 2.033114,3.25 2.033114,3.25 1.549882,0 c 0.852435,0 2.659049,-0.726754 4.014698,-1.61501 L 40,84.76998 l 0,1.055993 c 0,0.580796 -0.45,1.334108 -1,1.674027 -0.55,0.339919 -1,0.958613 -1,1.374876 0,1.062 7.988387,5.520714 10.987789,6.132829 l 2.487789,0.507706 0.377893,1.992294 c 0.207841,1.095762 0.875304,2.305327 1.483251,2.687925 l 1.105357,0.69562 -0.603041,0.60304 -0.60304,0.60305 -2.617999,-0.65708 L 48,100.78318 47.998684,99.141592 47.997367,97.5 43.162489,95.357358 38.327611,93.214717 35.663806,93.723936 33,94.233154 l 0,1.915542 c 0,1.053548 0.652038,3.476088 1.448973,5.383424 L 35.897947,105 l 1.301026,-0.0333 c 0.715565,-0.0183 2.362077,-0.91724 3.658916,-1.99765 L 43.215777,101.00469 42.639273,99.502345 42.06277,98 l 0.861626,0 c 0.473895,0 1.142535,0.732037 1.485868,1.626748 l 0.624242,1.626752 -1.224035,1.62325 c -0.673219,0.89279 -2.143483,2.39699 -3.267253,3.34267 L 38.5,107.93884 l -1.59633,-0.48804 -1.59633,-0.48803 0.09633,4.5753 0.09633,4.57529 -2.5,1.88777 -2.5,1.88776 4.5,1.96396 4.5,1.96396 3.947597,0.50831 3.947598,0.50831 4.552402,-2.30863 c 2.503822,-1.26975 5.37577,-3.21983 6.382107,-4.33353 l 1.829704,-2.0249 -1.079704,-2.01744 L 58,112.13148 l 0,-5.45073 0,-5.45073 -2.5,-1.638063 C 54.125,98.691022 53,97.566752 53,97.093578 l 0,-0.860315 1.884975,-0.492932 1.884975,-0.492932 -0.479063,-2.506054 -0.479062,-2.506053 -2.469711,-1.125276 -2.469711,-1.125276 1.49237,-1.49237 c 1.928565,-1.928565 2.300229,-1.881405 2.888059,0.366459 l 0.486095,1.85883 2.702804,0.67836 2.702804,0.678361 2.91883,-1.456104 2.918829,-1.456104 0.56792,0.918914 L 68.118034,89 67.059017,89 66,89 l 0,1 0,1 2.30887,0 2.308871,0 1.544825,-1.25 c 0.849655,-0.6875 2.285663,-2.362628 3.19113,-3.722506 L 77,83.554988 77,81.432481 77,79.309975 75.13209,77.619539 73.264179,75.929104 72.65709,78.964552 72.05,82 70.825,82 69.6,82 70.8,80.8 72,79.6 71.977764,76.05 71.955528,72.5 70.031756,70 68.107984,67.5 66.853992,68.75 C 66.164296,69.4375 65.1849,70 64.677555,70 L 63.755111,70 65,68.5 66.244889,67 68.122445,67 70,67 l 0,-1.639903 0,-1.639903 -5.656298,0.583782 -5.656298,0.583781 -0.718856,1.163134 -0.718856,1.163133 -1.967718,-0.624529 -1.967718,-0.624529 -2.657128,2.090097 L 48,70.14516 47.90032,74.32258 47.80064,78.5 47.141713,76.154523 46.482786,73.809046 44.859674,75.654523 C 43.966962,76.669535 42.92801,78.5125 42.550893,79.75 L 41.865225,82 40.932612,82 40,82 40,80.460162 c 0,-0.846911 0.873489,-3.252017 1.941086,-5.34468 l 1.941085,-3.804843 3.56337,-3.12868 3.56337,-3.12868 5.510728,-1.602012 5.510729,-1.602012 3.942218,0.284637 3.942218,0.284637 0.792598,-0.798901 0.792598,-0.7989 -3,-2.405397 -3,-2.405397 1.027494,-0.005 c 0.565121,-0.0027 2.027621,0.69555 3.25,1.551737 L 72,59.113408 72,61.056704 72,63 l 2.8,0 2.8,0 1.2,1.2 c 0.66,0.66 1.2,1.885128 1.2,2.722506 L 80,68.445012 78.443296,66.222506 76.886592,64 l -2.574965,0 -2.574965,0 0.551478,4.11158 0.551479,4.111581 2.580191,2.693138 2.58019,2.693139 0,4.50819 0,4.50819 -2.893442,2.772093 -2.893443,2.772094 0.507723,3.785352 0.507722,3.785351 -0.949775,0.586992 -0.949775,0.58699 1.055922,5.15468 1.055923,5.15467 -2.883578,2.48035 -2.883577,2.48035 -2.83685,-0.56737 L 62,115.05 l 0,2.34014 0,2.34014 2.186075,2.88486 c 1.202341,1.58667 2.272128,3.01715 2.377305,3.17883 0.105177,0.16169 1.441059,0.52061 2.968627,0.79761 1.527568,0.277 3.571203,0.92847 4.541412,1.44771 l 1.764017,0.94408 0.61578,2.80362 0.61578,2.80363 -1.588957,3.80291 -1.588957,3.80291 -2.695541,2.52605 c -1.482547,1.38933 -4.399636,3.61126 -6.482418,4.93761 l -3.786876,2.41155 0.49388,0.79911 0.493881,0.79912 -4.707004,-0.94512 C 54.618152,152.20494 50.475,151.65266 48,151.49747 c -2.475,-0.1552 -8.2125,-0.61373 -12.75,-1.01895 l -8.25,-0.73677 0,-0.85967 0,-0.85968 -2.25,0.002 c -1.2375,10e-4 -3.950483,-0.27951 -6.02885,-0.62397 l -3.778851,-0.6263 1.151295,-1.38722 1.151295,-1.38723 -2.171879,0 -2.17188,0 0.200421,5.25 0.200421,5.25 0.897572,1.16097 0.897573,1.16097 -1.048559,0.64805 L 13,158.11803 l 0,3.94099 0,3.94098 2.25,0.15403 c 1.2375,0.0847 4.275,0.19721 6.75,0.25 l 4.5,0.096 -0.25,1.25 -0.25,1.25 28.5,0 28.5,0 -0.25,-1.25 z m -67.303851,-4.83713 -0.671884,-1.08713 1.112867,-1.11287 L 17,159.6 l 0,2.2 c 0,2.41451 -0.519459,2.78655 -1.553851,1.11287 z m 33.241351,0.4413 C 48.309375,162.97604 48,162.29167 48,161.83333 L 48,161 l 2.083333,0 2.083334,0 -0.395834,1.1875 c -0.487114,1.46134 -2.156861,2.09314 -3.083333,1.16667 z M 40,161.05902 c 0,-0.51754 0.454027,-1.22159 1.008949,-1.56455 l 1.008948,-0.62357 1.991052,0.63194 1.991051,0.63194 0,0.93261 0,0.93261 -3,0 -3,0 0,-0.94098 z m 41.75,-8.80355 -4.75,-0.36505 0,-0.99512 0,-0.99511 5.511501,0.29991 5.511501,0.2999 0.0635,0.975 c 0.07744,1.18904 -0.344289,1.24098 -6.336501,0.78047 z m 7.5,-18.50222 -3.25,-1.04257 0,-1.43867 0,-1.43868 0.75,0.33832 c 0.4125,0.18608 2.4375,0.98898 4.5,1.78423 2.0625,0.79524 3.75,1.8055 3.75,2.24501 L 95,135 93.75,134.89791 c -0.6875,-0.0562 -2.7125,-0.57124 -4.5,-1.14466 z M 150,123.88615 C 150,122.25144 154.23046,115 155.18414,115 c 1.51855,0 0.82722,2.51901 -1.72019,6.26787 C 150.82676,125.14884 150,125.77376 150,123.88615 z m -41.364,-3.6899 C 107.1862,118.10419 106,115.79909 106,115.0738 l 0,-1.31869 1.28386,1.06551 c 0.70612,0.58603 2.30991,2.89113 3.56398,5.12244 l 2.28013,4.05694 -0.92798,0 c -0.5104,0 -2.11419,-1.71169 -3.56399,-3.80375 z m -69.445017,-0.0459 -2.309017,-0.65032 0.309017,-1 c 0.169959,-0.55 0.625652,-0.89446 1.01265,-0.76546 0.386999,0.129 2.540624,0.64729 4.785836,1.15176 l 4.082202,0.91721 4.517079,-2.40176 C 54.073144,116.08079 56.362118,115 56.675359,115 c 1.204543,0 -2.161593,3.20008 -4.802866,4.56594 L 49.09932,121 45.29966,120.9003 c -2.089813,-0.0548 -4.838718,-0.39232 -6.108677,-0.75 z M 130.81166,119 c -0.35412,-0.825 -0.61371,-2.175 -0.57686,-3 0.0368,-0.825 -0.25226,-2.91966 -0.64245,-4.6548 l -0.70944,-3.1548 1.06561,-0.65858 1.06561,-0.65858 0.54973,1.43258 c 0.30235,0.78792 0.40166,3.85394 0.22069,6.81338 L 131.45551,120.5 130.81166,119 z M 138,114 l 0,-1 2.5,0 2.5,0 0,1 0,1 -2.5,0 -2.5,0 0,-1 z m -30,-20.067388 0,-3.067387 2.07017,0.657047 2.07018,0.657047 0.54931,-2.100598 0.54932,-2.100598 2.42708,-0.609158 c 1.3349,-0.335037 2.64172,-0.394522 2.90405,-0.132189 C 119.27049,87.937153 117.93106,91 116.9244,91 l -0.86163,0 0.5756,-1.5 0.57561,-1.5 -1.02317,0 -1.02317,0 -1.32402,2.991153 -1.32401,2.991152 -1.85853,-0.589873 -1.85852,-0.589873 0.66611,2.098721 L 110.13478,97 109.06739,97 108,97 l 0,-3.067388 z m 11.98943,-3.419877 1.23432,-1.487265 -0.58049,-1.512735 L 120.06277,86 l 1.46861,0 1.46862,0 0,1.8 0,1.8 -1.2,1.2 c -0.66,0.66 -1.6151,1.2 -2.12244,1.2 l -0.92245,0 1.23432,-1.487265 z m 4.7249,-0.528319 c 0.28989,-1.108571 0.92198,-2.259641 1.40462,-2.557933 l 0.87754,-0.542349 2.22426,1.557933 2.22426,1.557933 -2.16349,0 -2.16349,0 -0.61803,1 c -0.33992,0.55 -0.99935,1 -1.4654,1 l -0.84736,0 0.52709,-2.015584 z M 21.46649,87.533146 17.906976,83.758962 18.100456,78.129481 18.293935,72.5 19.639856,69.813412 c 0.740256,-1.477623 1.83629,-2.989652 2.435629,-3.360064 l 1.089709,-0.673477 -1.439779,2.860064 C 20.933537,70.212971 20.007619,72.9625 19.667818,74.75 L 19.05,78 l 0.612019,3.060096 0.612019,3.060096 2.984776,2.984776 2.984776,2.984776 -0.608793,0.608793 -0.608793,0.608793 -3.559514,-3.774184 z M 15.548056,87.09293 13.94864,84 l 0.865165,0 c 1.014023,0 3.478442,5.041086 2.797372,5.722156 -0.255037,0.255038 -1.183442,-0.928114 -2.063121,-2.629226 z m 44.143953,-0.734254 -0.674657,-0.674657 1.113769,-1.34201 C 60.743693,83.603904 61.816644,83 62.515456,83 l 1.270566,0 0.61833,1.611341 0.618329,1.61134 -1.389485,-0.533195 -1.389486,-0.533196 -0.938522,0.938522 -0.938521,0.938521 -0.674658,-0.674657 z M 127.85,86 c -0.0825,-0.55 -0.195,-1.542212 -0.25,-2.204915 L 127.5,82.59017 130,82 l 2.5,-0.59017 0.125,-1.204915 c 0.0687,-0.662703 0.18125,-1.703699 0.25,-2.313323 l 0.125,-1.108408 2.5,0.62746 2.5,0.62746 0,-1.364064 0,-1.364065 2.06105,-1.865224 2.06105,-1.865224 0.92269,1.460236 c 1.10244,1.74469 0.77045,3.18849 -0.85797,3.731297 l -1.18818,0.39606 0.58231,-1.83356 L 142.16327,73.5 140.58164,75.44113 139,77.382259 139,79.19113 139,81 l -0.94098,0 c -0.51754,0 -1.2191,-0.45 -1.55902,-1 -0.33992,-0.55 -1.04148,-1 -1.55902,-1 L 134,79 l 0,3.2 0,3.2 -1.2,-1.2 C 132.14,83.54 131.015,83 130.3,83 l -1.3,0 0,1 0,1 1.5,0 1.5,0 0,1 0,1 -2,0 -2,0 -0.15,-1 z M 143,83.860243 c 0,-1.456046 3.04572,-3.787374 5,-3.827218 l 1.5,-0.03058 -2.90554,2.498778 C 143.30052,85.334028 143,85.447651 143,83.860243 z M 149.8662,83.25 c 0.51512,-0.9625 1.01845,-2.2 1.11852,-2.75 0.29707,-1.632729 0.6613,-1.631451 2.02116,0.0071 l 1.29089,1.555422 -1.89839,1.43694 c -1.04411,0.790318 -2.25171,1.451253 -2.68356,1.468745 L 148.92963,85 149.8662,83.25 z M 64.446276,82.720592 c -0.327483,-0.853406 -0.449365,-2.827159 -0.27085,-4.386119 L 64.5,75.5 l 2,0 2,0 0.297333,2.552176 0.297333,2.552177 -2.026484,1.833943 -2.026484,1.833943 -0.595422,-1.551647 z M 13.774718,81.75 C 13.533125,81.0625 13.665124,79.375 14.068049,78 l 0.732591,-2.5 0.09968,3.75 c 0.10121,3.807569 -0.329751,4.764749 -1.125602,2.5 z m 39.260323,-0.684525 -1.035326,-1.934525 1.003056,-2.638238 1.003056,-2.638238 1.747087,0.332979 1.747086,0.332978 0.312791,2.1882 0.312791,2.188199 -1.097975,2.051585 c -1.375192,2.569571 -2.659863,2.607237 -3.992566,0.11706 z M 156,78.132612 156,76.865225 154,77.5 152,78.134775 152,77.067388 152,76 l 2,0 2,0 0,-1.377555 0,-1.377556 1.49939,-1.24438 1.49938,-1.244381 -0.63162,3.371936 C 158.01976,75.982629 157.34503,77.9275 156.86776,78.45 L 156,79.4 156,78.132612 z M 90,77 88.5,76.030626 91.809017,76.015313 95.118034,76 94.5,77 c -0.776412,1.256262 -2.556074,1.256262 -4.5,0 z m 55.30359,-0.408409 0.30202,-0.908409 2.19719,-0.335317 2.1972,-0.335316 0,1.387939 0,1.387939 -2.49922,-0.144214 -2.49921,-0.144213 0.30202,-0.908409 z m 1.22206,-3.550096 -0.65241,-1.055621 1.60651,-0.616475 c 2.19989,-0.844178 2.88424,0.08363 1.13344,1.536659 l -1.43513,1.191059 -0.65241,-1.055622 z M 87.581445,66.6844 c 1.144794,-0.858928 3.394794,-1.844955 5,-2.191172 L 95.5,63.863742 93.55887,65.431871 C 92.491249,66.294342 91.065553,67 90.390658,67 c -0.674896,0 -2.051387,0.280369 -3.058871,0.623043 L 85.5,68.246086 87.581445,66.6844 z M 84.872751,59.5 c 0.601412,-1.1 1.771426,-2.86715 2.60003,-3.926999 l 1.506554,-1.926999 0.70905,0.70905 0.709051,0.709051 -3.309081,3.217948 -3.30908,3.217949 1.093476,-2 z m -9.75675,-0.178571 c -0.0638,-0.648215 -0.823144,-1.885715 -1.68743,-2.75 L 71.857143,55 l 0.821428,0.01531 c 0.451786,0.0084 1.428206,0.399844 2.169822,0.869827 l 1.348393,0.854515 -0.482392,1.880172 L 75.232003,60.5 75.116001,59.321429 z m 4.899312,-6.348923 c 0.0084,-0.809878 0.433954,-2.134474 0.945627,-2.943546 l 0.930314,-1.471039 0.656372,0.656372 0.656372,0.656372 -1.601999,2.287174 L 80,54.445012 80.01531,52.972506 z m 30.800077,-30.490453 -0.58068,-0.580674 1.08394,-2.296844 1.08393,-2.296843 3.84241,0 3.8424,0 -0.30739,1.596154 -0.30739,1.596154 -1.48631,0 c -0.81746,0 -1.79959,0.437389 -2.18251,0.971975 l -0.6962,0.971975 -0.70581,-1.839317 -0.70581,-1.839316 -1.14996,2.148706 -1.14995,2.148705 -0.58067,-0.580675 z M 131.00988,21.063697 122.51976,20.5 l -0.33321,-1.75 -0.3332,-1.75 1.46634,0 1.46633,0 0.61718,1.608335 0.61717,1.608335 2.61294,-1.712062 2.61294,-1.712061 -0.61147,0.989377 -0.61147,0.989378 2.46908,0.471994 2.46908,0.471994 2.18513,-1.530523 2.18512,-1.530523 -0.72488,1.172878 L 137.88197,19 l 1.55901,0 1.55902,0 0,-1 c 0,-0.55 0.40766,-1 0.90591,-1 l 0.90592,0 -1.15592,2.492198 c -0.63575,1.370709 -1.38091,2.411873 -1.65591,2.313697 -0.275,-0.09818 -4.32056,-0.432165 -8.99012,-0.742198 z m -26.80025,-1.913719 0.30814,-1.600022 3.2711,-0.265273 3.27111,-0.265273 -0.99828,1.865295 -0.99827,1.865295 -2.58097,0 -2.58096,0 0.30813,-1.600022 z M 144,17.5 l 0,-1.5 2.12244,0 2.12245,0 L 147,17.5 c -0.68469,0.825 -1.63979,1.5 -2.12244,1.5 L 144,19 l 0,-1.5 z m -87.526464,130.58338 0.608311,-1.91662 5.036415,-4.58338 5.036414,-4.58338 2.045107,0 2.045106,0 L 70,138.5 l -1.244889,1.5 -1.436573,0 -1.436572,0 0.618034,1 0.618034,1 -1.524539,0 -1.524538,0 -3.034479,2.9663 c -2.872377,2.80783 -3.933122,5.114 -2.284478,4.96668 0.4125,-0.0369 3.45,-2.0015 6.75,-4.36586 l 6,-4.29884 0.319551,-2.13414 L 72.139102,137 73.069551,137 74,137 l 0,-2.8 0,-2.8 -1.2,-1.2 -1.2,-1.2 -2.365741,0 c -2.799669,0 -5.883538,1.47511 -8.980316,4.29557 l -2.246057,2.04565 -0.704174,-0.70417 -0.704175,-0.70418 3.772704,-3.26032 3.772703,-3.26033 -1.207922,-2.6511 -1.207922,-2.6511 -1.40783,-0.54023 -1.40783,-0.54024 -3.936848,2.48523 C 52.811326,124.88165 50.580801,126 50.019872,126 c -1.483201,0 -1.275608,0.73508 1.124304,3.98114 l 2.144176,2.90015 -0.673204,6.57086 -0.673204,6.57085 1.064212,1.9885 C 53.591472,149.10518 54.47421,150 54.967796,150 l 0.897429,0 0.608311,-1.91662 z m -5.67405,-7.18135 0.299487,-7.08349 -2.600378,-3.40927 L 45.898217,127 44.449109,127 43,127 l -3.906836,3.90684 -3.906836,3.90683 -3.281455,-0.22718 -3.281454,-0.22718 -2.915302,3.32035 -2.915301,3.32034 -1.365023,0 -1.365023,0 0.575604,1.5 0.575604,1.5 5.833994,0 5.833994,0 0.66004,1.06797 0.660039,1.06796 3.468923,-0.46748 3.468923,-0.46748 0.537043,1.39952 L 42.213978,148 46.356989,147.993 50.5,147.986 50.799486,140.90251 z M 21.536104,137.56565 C 26.445247,135.01875 27.223834,132.4158 23.5,131 l -2.5,-0.9505 0,-1.14719 0,-1.1472 1.5,1.24489 1.5,1.24489 0.0318,-1.87245 0.0318,-1.87244 1.218196,1.58666 C 26.876104,130.16318 30.386154,132 32.759945,132 l 1.891427,0 2.398109,-2.55267 2.398109,-2.55267 -1.473795,-0.93202 c -0.810587,-0.51261 -1.975609,-0.93891 -2.588936,-0.94733 -0.613328,-0.008 -2.314058,-0.95838 -3.779401,-2.11102 l -2.664259,-2.0957 -1.4706,0.56432 L 26,121.93723 l 0,-1.36021 0,-1.3602 -2.617594,-0.65698 -2.617594,-0.65697 -2.023637,1.79856 c -1.113,0.98922 -2.8502,3.59857 -3.860444,5.79857 l -1.836807,4 -0.02196,3.1933 -0.02196,3.19329 2.222506,1.55671 c 2.717812,1.90363 2.874334,1.90666 6.313598,0.12235 z m -2.952458,-23.81337 c -0.09141,-3.00288 -0.07815,-2.99443 -3.333646,-2.12199 l -2.25,0.60297 0,4.45943 0,4.45943 2.833646,-2.32606 2.833645,-2.32606 -0.08364,-2.74772 z m 12.823695,1.93913 1.789601,-1.30859 -0.515212,-5.94141 C 32.398363,105.17364 31.852977,101.0375 31.46976,99.25 L 30.773001,96 29.341046,96 27.909091,96 25.454545,98.454545 23,100.90909 l 0,1.6112 c 0,0.88615 0.446118,2.44477 0.991372,3.46359 l 0.991373,1.8524 -0.619266,3.09633 -0.619266,3.09632 -1.306529,-0.26446 -1.30653,-0.26447 -0.08528,0.99298 -0.08528,0.99298 3.187872,0.25852 c 1.753329,0.14219 3.412196,0.48285 3.686371,0.75702 0.789732,0.78973 1.652027,0.5942 3.572507,-0.81009 z M 69.25,111.60795 71,110.27951 l 0,-1.6008 0,-1.6008 -2.073374,-1.93164 -2.073374,-1.93164 1.925279,-1.85732 L 70.70381,99.5 71.258025,97.250996 71.81224,95.001992 70.698422,94.313614 c -0.6126,-0.378607 -2.153474,-0.799222 -3.424164,-0.9347 l -2.310346,-0.246323 0.643273,1.040839 0.643274,1.040838 -2.12523,-0.674522 L 62,93.865225 62,94.932612 62,96 l -2.5,0 -2.5,0 0,1 c 0,0.55 0.45,1 1,1 l 1,0 0,1.940983 0,1.940987 1.012381,0.62568 1.01238,0.62569 -0.912588,1.6307 -0.912589,1.63071 0.962769,2.53227 c 1.125734,2.96091 2.567975,4.0487 5.337647,4.02586 l 2,-0.0165 1.75,-1.32844 z M 61.55887,92.531803 63.5,91.063607 60.25,91.031803 57,91 l 0,0.833333 c 0,2.37011 1.953132,2.669352 4.55887,0.69847 z m 214.73087,77.780857 -0.6212,-1.61882 0.98087,-3.67485 0.98087,-3.67484 -4.56514,-2.01587 -4.56514,-2.01588 -4.26469,-0.56301 -4.26469,-0.56302 -1.02049,1.90682 -1.0205,1.90681 -2.4058,0 -2.4058,0 -0.56226,-0.90976 -0.56226,-0.90976 0.61023,-1.59024 C 252.93937,155.71561 253.5737,155 254.01337,155 l 0.79939,0 -0.52301,2 -0.52301,2 1.64801,0 1.64802,0 0.54875,-1.43001 0.54874,-1.43001 -1.83013,-3.81999 L 254.5,148.5 l 0.0566,-7.03485 0.0567,-7.03486 2.36484,-4.96514 c 4.00048,-8.39925 11.2311,-15.47562 17.39328,-17.02223 L 277,111.78318 l -0.006,0.85841 c -0.003,0.47213 -1.35348,1.62498 -3,2.5619 l -2.994,1.70349 0,1.23764 0,1.23764 1.25,-1.55669 c 0.6875,-0.85617 3.12579,-2.57941 5.41842,-3.82942 l 4.16843,-2.27274 1.81206,0.69536 1.81207,0.69535 -3.98049,1.78446 -3.98049,1.78446 -1.5,1.85044 -1.5,1.85044 1.5,-0.85593 c 0.825,-0.47076 2.625,-1.62953 4,-2.57505 1.375,-0.94551 4.525,-2.4024 7,-3.23753 l 4.5,-1.51841 0.82254,0.50535 0.82255,0.50535 -4.82255,2.2491 -4.82254,2.2491 -4.5,4.9029 -4.5,4.90291 -2,4.73467 c -1.8896,4.47332 -3.5,6.13611 -3.5,3.61386 0,-1.51924 -3.07913,-3.78873 -5.19424,-3.82844 L 262.11153,132 l -2.76868,2.38151 -2.76867,2.38152 -0.0371,6.09348 -0.0371,6.09348 2.68939,2.69167 2.6894,2.69167 3.25505,0 3.25505,0 0.38889,-1.16666 C 268.99167,152.525 269.60949,152 270.15072,152 l 0.98406,0 -0.59661,1.87973 -0.5966,1.87973 4.12482,1.65043 4.12482,1.65042 3.23039,-1.16812 3.23038,-1.16812 2.92401,1.58757 c 1.60821,0.87317 4.34274,2.34773 6.07675,3.2768 l 3.15274,1.68923 1.07582,2.36116 1.07582,2.36117 2.52144,0 2.52144,0 0,-1.3294 0,-1.3294 -2.25,0.0794 -2.25,0.0794 0.17172,-1.947 0.17172,-1.94699 L 298.17172,160.303 296.5,159 l 2,-1.54459 2,-1.54459 2.14574,0.53747 2.14574,0.53748 0.65869,-1.7165 0.65868,-1.71651 -1.53888,-1.12526 -1.53888,-1.12525 0.58222,-0.58223 0.58222,-0.58222 1.40224,0.53809 1.40223,0.53809 0,-0.74675 c 0,-0.85788 -3.12996,-3.38793 -4.25,-3.43543 L 302,147 l 0,2.32569 0,2.32568 -2.5,2.34863 -2.5,2.34863 0,-1.02131 c 0,-0.56171 0.9,-2.05901 2,-3.32732 l 2,-2.30602 0,-1.44578 0,-1.44578 -3.10576,-2.90121 -3.10575,-2.90121 1.54674,0 c 0.8507,0 1.82485,0.45 2.16477,1 0.33992,0.55 1.09156,1 1.67031,1 l 1.05227,0 -0.63062,-3.36151 -0.63062,-3.36151 1.47552,-1.22458 1.47553,-1.22458 1.04568,0.64626 1.04568,0.64627 0.95025,-2.49937 0.95026,-2.49938 2.04787,-1.09598 2.04787,-1.09599 0,-1.12042 c 0,-0.61624 -1.17002,-2.6544 -2.60005,-4.52927 l -2.60004,-3.40883 -1.90609,1.72498 -1.90608,1.72498 -0.54653,-0.54653 -0.54653,-0.54653 2.63648,-2.07386 2.63649,-2.07387 -0.57796,-0.93516 -0.57796,-0.93516 -3.8791,0.87158 c -2.13351,0.47936 -5.05255,1.31772 -6.48677,1.863 l -2.60766,0.99143 0.63253,1.64835 0.63253,1.64835 -2.15163,-1.15152 -2.15163,-1.15152 -1.83224,0.98059 c -1.00774,0.53932 -2.40104,1.66594 -3.09624,2.5036 l -1.26399,1.52302 0.0386,4.97875 0.0386,4.97875 1.68384,2.56986 1.68384,2.56986 -1.48558,-0.57007 c -0.81706,-0.31353 -2.05191,-1.62829 -2.74411,-2.92167 l -1.25855,-2.35161 0.55197,-0.8931 0.55196,-0.8931 -0.8313,-1.34509 -0.83131,-1.34508 -2.63349,4.17171 -2.63348,4.17171 -0.59098,2.95489 -0.59098,2.95489 -0.87824,-0.54279 -0.87825,-0.54278 0,-1.90347 c 0,-1.04691 0.9036,-4.31856 2.008,-7.27033 l 2.008,-5.36686 3.59945,-4.20515 3.59944,-4.20514 4.14256,-2.20196 c 2.2784,-1.21108 5.26755,-2.54593 6.64255,-2.96633 l 2.5,-0.76437 8.33169,-0.0803 8.33168,-0.0802 1.91832,1.73605 c 1.05507,0.95483 1.91831,2.14845 1.91831,2.6525 l 0,0.91644 -1.48971,-1.48972 -1.48972,-1.48971 -3.08179,-0.67688 -3.08179,-0.67687 -0.52943,0.52942 -0.52942,0.52943 2.28507,4.06573 c 2.1476,3.82114 3.91679,5.23635 3.91679,3.13313 l 0,-0.93261 1.98805,-0.63099 1.98805,-0.63098 3.00214,1.77341 3.00214,1.7734 1.20981,-1.20981 L 325.4,122 l 3.68499,0 3.68499,0 1.63806,2.5 1.63807,2.5 2.50906,0 c 1.37999,0 4.13016,0.67733 6.11149,1.50519 l 3.60243,1.50519 3.86833,3.49481 3.86834,3.49481 1.46194,0 1.46193,0 1.03519,1.93426 1.03518,1.93426 0,2.83789 0,2.8379 -3.00515,3.64577 -3.00515,3.64577 2.95091,2.95092 2.95092,2.95091 -0.26421,2.4781 -0.26421,2.47809 -1.93155,2.03296 -1.93156,2.03296 -3.90533,-0.12989 -3.90533,-0.1299 -0.25089,-1.71393 C 348.20168,165.16866 344.28674,159 343.49701,159 c -0.20175,0 -1.52111,0.43886 -2.93191,0.97525 L 338,160.9505 l 0,2.98957 0,2.98956 -1.93426,1.03519 C 335.0019,168.53417 333.032,169 331.68819,169 l -2.4433,0 -1.21299,1.46156 -1.21298,1.46155 -24.95399,0.004 -24.95399,0.004 -0.6212,-1.61883 z m 16.03299,-2.73595 2.61477,-2.42329 -4.39682,-2.57671 -4.39682,-2.57671 -2.0005,0 -2.0005,0 -1.57143,1.57143 C 279.70714,162.43571 279,163.74891 279,164.48964 c 0,0.74073 -0.26408,2.03497 -0.58684,2.87608 l -0.58685,1.52929 5.83685,0.36341 c 3.21026,0.19988 5.88363,0.4485 5.94082,0.5525 0.0572,0.10399 1.28062,-0.9014 2.71875,-2.23421 z M 298.5,169 l -0.61803,-1 -1.94099,0 -1.94098,0 0,1 0,1 2.55902,0 2.55901,0 -0.61803,-1 z m 23.5,0.025 0,-0.975 -3,0.6 -3,0.6 0,-1.19074 c 0,-0.65491 0.46583,-2.06116 1.03518,-3.125 L 318.07037,163 l 1.89526,0 1.89527,0 0.31955,-2.23673 0.31955,-2.23674 -2.92474,-2.78852 -2.92475,-2.78852 -1.02525,1.02525 L 314.6,155 l 1.2,1.2 1.2,1.2 0,3.19301 0,3.19301 -1.58179,0.60699 C 314.54823,164.72686 313.02137,165 312.0252,165 l -1.81122,0 -0.57561,1.5 -0.5756,1.5 -1.97237,0 -1.97237,0 -0.61803,1 -0.61803,1 9.05901,0 9.05902,0 0,-0.975 z m 5,-1.66347 0,-1.52044 3,0.65891 3,0.65891 0,-1.10089 0,-1.1009 -2.33522,-1.06399 -2.33521,-1.064 0.87564,-5.58388 0.87564,-5.58388 1.70957,-1.30087 1.70958,-1.30088 2.24503,2.72019 2.24504,2.72019 0.005,1.75 0.005,1.75 1.9288,0 1.9288,0 3.71108,-3.5 c 2.04109,-1.925 3.87313,-3.5 4.0712,-3.5 1.0517,0 0.11,2.63733 -1.58649,4.44317 l -1.94661,2.07207 2.19661,4.7416 2.19661,4.74159 0.86129,7.9e-4 0.86129,7.8e-4 -0.69216,-3.68957 -0.69217,-3.68956 1.58087,1.31201 1.58088,1.31201 0,2.37755 0,2.37756 1.13167,0 1.13167,0 -0.53654,-4.00023 -0.53655,-4.00022 0.97495,0.60255 c 0.53623,0.33141 1.3649,1.56901 1.84149,2.75023 l 0.86654,2.14767 0.0634,-2.72432 0.0634,-2.72432 -2.75,-1.3491 -2.75,-1.34909 -1.75,0.39674 -1.75,0.39674 0,-1.02364 c 0,-0.56299 0.63709,-1.38349 1.41574,-1.82332 0.77866,-0.43983 2.80366,-2.54907 4.5,-4.68719 L 359,145.72499 l 0,-2.82731 0,-2.82731 -2.07088,-1.1083 -2.07088,-1.1083 -3.11599,1.08624 -3.116,1.08624 -0.95777,-0.95777 -0.95777,-0.95777 2.64465,-0.66376 2.64464,-0.66377 0,-0.82349 c 0,-0.45293 -1.34693,-1.7826 -2.99318,-2.95483 l -2.99317,-2.13133 -1.00683,0.62225 C 344.45307,131.83802 344,132.76648 344,133.55902 l 0,1.44098 -0.94098,0 c -0.51754,0 -1.27222,-0.53594 -1.67705,-1.19098 l -0.73607,-1.19099 1.21879,-0.40626 1.21879,-0.40626 -1.16419,-1.40276 -1.16418,-1.40275 -2.43657,0 -2.43657,0 0.62811,1.01631 0.62812,1.01631 L 338,130.5 l 0.8618,-0.53262 0.62812,1.01631 0.62811,1.01631 -1.12711,0 -1.12711,0 2.0681,2.90437 2.06809,2.90437 0,2.4045 0,2.4045 -1.42858,1.94113 -1.42858,1.94113 -0.69218,-1.78589 -0.69218,-1.78588 -2.34406,1.53588 c -1.28923,0.84474 -3.05723,1.53589 -3.9289,1.53589 -0.87166,0 -3.02499,0.75697 -4.78518,1.68216 l -3.20034,1.68216 -4.2988,0.16664 -4.2988,0.16664 -1.1512,1.1512 L 312.6,152 l 2.87126,0 2.87126,0 1.82874,1.65499 1.82874,1.65499 0,-1.65499 0,-1.65499 1,0 1,0 0,5.78076 0,5.78076 -3,1.13238 -3,1.13237 0,1.28687 0,1.28686 1.2,-1.2 c 0.66,-0.66 1.95752,-1.2 2.88337,-1.2 l 1.68337,0 0.54932,2.10062 0.54932,2.10061 1.06731,-0.65963 C 326.51971,169.1788 327,168.19777 327,167.36153 z m 27.66667,-25.0282 C 354.3,141.96667 354,141.29167 354,140.83333 L 354,140 l 1.5,0 1.5,0 0,1.5 0,1.5 -0.83333,0 c -0.45834,0 -1.13334,-0.3 -1.5,-0.66667 z m -46.89697,21.24228 -0.46345,-2.42438 3.44376,-3.24824 3.44375,-3.24823 -2.34688,-1.80173 -2.34688,-1.80173 -1.81615,4.03928 -1.81615,4.03927 -2.93385,-0.64438 -2.93385,-0.64438 0,1.07945 0,1.07946 1.5,0 1.5,0 0,0.8 c 0,0.44 -0.5325,1.3325 -1.18333,1.98333 l -1.18334,1.18334 0.73771,0.7377 0.73771,0.73771 0.99738,-1.47104 0.99739,-1.47104 1.19313,1.75 c 0.65621,0.9625 1.58538,1.75 2.06481,1.75 l 0.87169,0 -0.46345,-2.42439 z m 28.75022,-0.59598 0.14584,-1.97963 -0.63288,0 c -0.34808,0 -1.13859,0.50571 -1.75667,1.12379 l -1.12379,1.12379 1.17379,1.27535 c 1.40688,1.52861 1.99803,1.11272 2.19371,-1.5433 z m -21.67623,-3.02265 0.34368,-2.32533 -2.34368,1.55365 -2.34369,1.55366 -0.32227,1.62503 -0.32226,1.62503 2.32226,-0.85336 2.32227,-0.85335 0.34369,-2.32533 z m 20.15261,-0.45304 2.34492,-2.49605 -0.60222,-0.60222 -0.60221,-0.60222 -2.53697,1.84828 -2.53697,1.84827 -0.0314,1.25 L 331,162 l 0.82569,0 c 0.45412,0 1.8809,-1.12323 3.17061,-2.49606 z M 335,152.88922 C 335,152.40015 334.56583,152 334.03518,152 c -1.13792,0 -3.04952,3.30131 -3.00191,5.18426 l 0.0333,1.31574 1.96673,-2.36078 c 1.0817,-1.29844 1.96673,-2.76094 1.96673,-3.25 z m -15.92634,-5.22037 3.57366,-0.16885 3.42634,-1.69808 c 1.88449,-0.93394 4.68224,-1.95963 6.21724,-2.27931 l 2.7909,-0.58124 -0.59992,-0.97069 -0.59991,-0.97068 1.5,0 c 0.825,0 1.77811,0.45 2.11803,1 0.33992,0.55 1.04148,1 1.55902,1 l 0.94098,0 0,-2.92742 0,-2.92742 -2.32649,-1.83001 -2.32648,-1.83002 -0.67946,-3.39726 c -0.37369,-1.86849 -1.18187,-4.00264 -1.79595,-4.74256 L 331.75511,124 l -2.81854,0 -2.81854,0 -0.57639,0.93262 -0.57639,0.93263 -3.01867,-0.0858 -3.01868,-0.0858 -0.91054,-1.59679 -0.91054,-1.5968 -1.74389,1.07144 c -0.95914,0.5893 -1.93642,1.64902 -2.17172,2.35494 l -0.42784,1.2835 2.05741,-0.653 2.05741,-0.653 1.06091,1.98232 c 0.58349,1.09027 1.02222,3.0244 0.97495,4.29806 l -0.086,2.31574 -0.80661,-2.67166 c -0.44363,-1.46941 -1.12002,-3.17876 -1.50307,-3.79856 l -0.69647,-1.1269 -1.25298,1.03989 -1.25298,1.03988 -0.81831,-0.74133 -0.81832,-0.74132 0.70122,1.22068 0.70123,1.22069 -2.46854,0.61956 -2.46854,0.61956 -0.62959,1.64068 -0.62959,1.64068 1.05723,0.35241 c 0.58148,0.19382 1.05723,0.71612 1.05723,1.16067 l 0,0.80825 -2.32856,0.58444 -2.32856,0.58443 -1.17144,2.57103 c -1.55412,3.41091 -1.68715,3.10408 2.57856,5.94721 l 3.75,2.4994 3,-0.56599 c 1.65,-0.3113 4.60815,-0.64198 6.57366,-0.73485 z m 4.20759,-7.91885 -0.96365,-1.25 0.63629,-2.5 0.63628,-2.5 1.95491,0 1.95492,0 0,1.47047 0,1.47046 -2.5,1.2648 -2.5,1.26479 2.55,0.0147 2.55,0.0147 1.2,-1.2 1.2,-1.2 0,-2.7433 0,-2.74329 -2.18967,-1.53371 -2.18967,-1.5337 0.53701,-0.537 0.53701,-0.53701 2.65266,2.08659 2.65266,2.08658 0,1.99316 c 0,4.01431 -2.96941,7.81665 -6.12756,7.84637 L 324.24489,141 323.28125,139.75 z M 312.25,137.91406 c -3.15399,-1.19096 -2.79965,-1.64835 0.86079,-1.11111 l 3.11078,0.45657 0.8739,-1.37976 0.8739,-1.37976 0.0153,1.21482 0.0153,1.21481 -1.75,0.91702 -1.75,0.91702 -2.25,-0.84961 z m 0.10409,-4.39442 C 312.70934,132.59387 313,131.64823 313,131.41821 313,131.1882 313.708,131 314.57332,131 l 1.57333,0 -0.33481,1.73852 -0.33481,1.73851 -1.88442,0.36291 -1.88443,0.36291 0.64591,-1.68321 z M 271.49832,125.5 l 2.85425,-5 -1.83119,1.5 C 270.87906,123.34529 268,128.84347 268,130.63455 c 0,0.93785 0.19667,0.64919 3.49832,-5.13455 z M 260,160.59362 l 0,-1.40638 2,0.52301 2,0.52301 0,-1.31663 0,-1.31663 1.11287,1.11287 1.11287,1.11287 -0.67189,1.08713 -0.67188,1.08713 -2.44099,0 -2.44098,0 0,-1.40638 z m -54.26624,-4.5884 -2.53595,-1.99478 -3.15873,0.63174 -3.15872,0.63175 -2.52549,-1.3516 -2.5255,-1.35161 -1.44036,-2.78536 -1.44037,-2.78536 -2.02398,0 c -1.11319,0 -3.35163,-0.68656 -4.97432,-1.52568 L 179,143.94864 l 0,-3.91716 0,-3.91716 -2.14417,-3.6341 -2.14417,-3.63409 1.09934,-3.58198 1.09935,-3.58199 -2.42888,-2.88655 -2.42887,-2.88655 -1.1405,-4.20453 -1.1405,-4.20453 1.77257,-4.5 1.77257,-4.5 0.16842,-3.5 0.16842,-3.5 1.24428,-2.317058 1.24428,-2.317058 -1.49833,-2.286743 c -0.82408,-1.257709 -1.78273,-3.815033 -2.13033,-5.682942 L 171.88149,75.5 l 1.74189,-4 1.74189,-4 0.089,-5.5 0.089,-5.5 2.4104,-3.241813 2.4104,-3.241813 -2.04397,-2.258187 c -1.12419,-1.242003 -2.31143,-3.356609 -2.63832,-4.699124 l -0.59434,-2.440938 1.57025,-3.309062 C 177.52127,35.489078 178.59212,34 179.0373,34 l 0.80941,0 -1.51999,3.046898 -1.51999,3.046897 0.67076,2.703103 0.67077,2.703102 2.14966,2.30267 2.14967,2.30267 -1.08946,0.69733 c -0.5992,0.383532 -2.09238,2.67515 -3.31817,5.092487 l -2.22871,4.395156 1.03224,2.265525 1.03224,2.265524 -1.99745,5.256873 -1.99746,5.256873 0.63191,3.740213 c 0.34754,2.057118 1.20578,4.525045 1.90719,5.484282 l 1.2753,1.744069 -1.41727,2.840992 -1.41728,2.840992 0.65259,2.056135 0.6526,2.056135 -1.42644,2.201037 -1.42644,2.201037 -0.63441,4.03803 -0.63441,4.03802 1.01635,3.68092 1.01635,3.68092 2.41674,2.87214 2.41675,2.87213 -1.12891,3.6783 -1.1289,3.6783 2.12756,2.87769 2.12757,2.87768 -0.55644,3.4289 -0.55643,3.42891 1.67403,1.67403 1.67403,1.67403 3.32016,0 3.32016,0 0.59667,2.37729 0.59666,2.3773 2.6436,1.73215 2.64359,1.73215 3.5109,-0.56974 3.5109,-0.56974 2.49211,1.9603 2.49211,1.96029 3.16514,0 3.16514,0 1.19168,-1.19168 1.19168,-1.19168 4.83211,0.25646 4.8321,0.25647 1.29866,-1.56478 1.29866,-1.56479 1.62755,0.001 1.62756,0.001 -3,2.59389 -3,2.59389 -4.74943,-0.44826 -4.74943,-0.44826 -1.12301,1.35315 -1.12302,1.35315 -3.2427,0 -3.24269,0 -2.53596,-1.99478 z m 38.30611,-0.45718 -1.20502,-1.45196 0.33257,-1.69206 0.33258,-1.69206 2.78603,-2.07814 2.78604,-2.07813 1.71396,1.07302 1.71397,1.07301 0.30709,2.55245 0.30709,2.55244 -2.27959,1.5967 C 249.58081,156.28149 247.81022,157 246.89994,157 l -1.65505,0 -1.20502,-1.45196 z m 5.37834,-1.15503 1.58179,-0.60699 0,-2.33399 0,-2.334 -0.95333,-0.58919 -0.95333,-0.58919 -2.04667,1.75242 -2.04667,1.75241 0,1.77776 0,1.77776 1.41821,0 c 0.78002,0 2.13002,-0.27314 3,-0.60699 z M 233.55,152.09706 c 0.5225,-0.49661 1.85,-1.05911 2.95,-1.25 l 2,-0.34706 1.5,-3.22836 1.5,-3.22836 2.11514,-0.0216 2.11514,-0.0216 2.63486,-2.07258 2.63486,-2.07258 0.0119,-3.17742 c 0.0112,-3.00335 1.82943,-10.78649 3.54558,-15.17742 l 0.78168,-2 -1.99216,1.74444 -1.99217,1.74444 -4.62451,1.39178 c -2.54349,0.76547 -4.82535,1.19095 -5.0708,0.9455 -0.24545,-0.24546 0.20984,-1.7615 1.01176,-3.36899 l 1.45804,-2.9227 -0.31465,-3.26724 L 243.5,112.5 l -3.18356,-0.3084 -3.18356,-0.30841 -1.19305,2.22924 -1.19305,2.22924 1.58828,1.16138 1.58828,1.16138 -1.30528,1.91779 c -0.7179,1.05478 -1.84508,3.49278 -2.50483,5.41778 l -1.19956,3.5 2.59893,2.25 2.59893,2.25 1.78925,0 1.78924,0 1.83815,2.03113 1.83815,2.03113 -1.71844,1.71887 -1.71843,1.71887 -5.21472,-0.0829 c -2.8681,-0.0456 -7.23973,-0.41089 -9.71473,-0.81175 -2.475,-0.40087 -4.95,-0.71216 -5.5,-0.69177 -1.75472,0.0651 -9.89137,1.84789 -13.0806,2.86611 l -3.0806,0.98353 -4.83469,-1.63161 -4.8347,-1.63161 -1.0847,-1.81265 -1.08471,-1.81265 2.36078,-1.93735 C 197.15922,133.87181 198.85636,133 199.63222,133 c 0.77587,0 3.20101,-1.1848 5.38922,-2.63289 L 209,127.73423 l -0.0119,-1.11712 c -0.007,-0.61441 -0.6408,-3.47961 -1.40949,-6.36711 l -1.39762,-5.25 1.74283,0 c 0.95855,0 2.05031,-0.30749 2.42614,-0.68332 l 0.68331,-0.68332 -3.13146,-1.31668 C 206.17954,111.59251 203.75214,111 202.50763,111 l -2.26274,0 -1.08059,1.30204 -1.0806,1.30203 0.57478,2.19797 0.57478,2.19796 -0.88878,0 c -0.48884,0 -2.58948,-1.40185 -4.66809,-3.11521 l -3.77929,-3.11522 -0.58401,0.58401 -0.58401,0.584 1.63546,2.49603 c 0.8995,1.37281 2.55246,2.98678 3.67323,3.58661 l 2.03778,1.09058 1.96222,-0.62279 1.96223,-0.62279 0,2.08096 c 0,1.14453 0.54547,2.95439 1.21215,4.02191 1.64969,2.64158 0.90007,3.07213 -3.58688,2.06016 l -3.81858,-0.86123 -2.40334,-2.25782 -2.40335,-2.25783 0,-1.31314 0,-1.31314 -4.03884,-2.54961 -4.03885,-2.54961 -1.07269,-2.71294 -1.07269,-2.71293 1.64775,-4.5 c 0.90625,-2.475 2.80734,-8.1 4.22462,-12.5 1.41729,-4.4 2.94099,-8.9 3.386,-10 0.44501,-1.1 1.0634,-3.180553 1.37419,-4.623452 0.3108,-1.442898 2.35988,-6.472229 4.55352,-11.17629 l 3.98843,-8.552838 2.05441,-1.438961 2.0544,-1.438961 -2.53012,-1.657802 L 197,50.953894 l 0,-1.441763 0,-1.441763 2.12797,-1.138858 2.12798,-1.138857 -2.62798,-2.436796 L 196,40.919062 l 0,-4.882806 0,-4.882805 2.53891,-3.017327 2.53892,-3.017326 -4.2112,-0.309399 -4.21119,-0.309399 -0.3373,-1.028735 -0.3373,-1.028734 2.91387,-1.721266 L 197.80858,19 l 2.48442,0 2.48442,0 0.6566,-3.5 0.65661,-3.5 1.62594,0 1.62595,0 1.84571,1.670346 1.84571,1.670345 1.9492,-2.092221 c 1.07206,-1.150721 2.89834,-2.393465 4.05839,-2.761652 l 2.10919,-0.6694303 0.51595,0.5159453 0.51594,0.515946 -0.71802,2.262302 -0.71803,2.262302 -1.37328,-1.878071 L 216,11.617741 215.9847,14.05887 215.9694,16.5 l -0.89737,-1.417743 -0.89738,-1.417743 -2.1937,3.417743 -2.19371,3.417743 0.57501,-1.75 0.57501,-1.75 -1.46861,0 -1.46862,0 0.25,-1.25 0.25,-1.25 -1.49018,0 -1.49018,0 -0.51431,3 -0.51432,3 -3.7455,0.310365 -3.74551,0.310366 0,0.694944 c 0,0.382219 1.65208,1.212038 3.6713,1.844042 l 3.6713,1.149099 1.5787,-0.686997 c 0.86828,-0.377848 3.03835,-1.572331 4.82238,-2.654408 L 213.98735,19.5 l 0.006,-1.143011 0.006,-1.143011 1.75,-0.745834 c 2.17221,-0.925773 3.35951,-1.15783 10.25,-2.003356 l 5.5,-0.6749 2.75,2.177636 2.75,2.177636 0,1.355992 c 0,0.745795 -0.73209,2.088084 -1.62687,2.982863 l -1.62688,1.626873 1.78953,4.194556 1.78952,4.194556 2.42875,2.110449 2.42876,2.110448 0.15032,3.889552 0.15031,3.889551 -0.80911,2.25 -0.80911,2.25 1.4124,0 1.4124,0 1.64312,1.815617 1.64311,1.815617 0.63239,3.161957 0.63239,3.161956 1.37948,1.144871 1.37949,1.144871 0,3.294222 0,3.294222 1.25,0.430351 1.25,0.430351 3,-0.99211 c 1.65,-0.54566 3.5625,-1.431918 4.25,-1.969462 l 1.25,-0.977352 0,-1.722568 0,-1.722568 1.82703,-1.653443 1.82704,-1.653443 -0.44054,-3.001544 L 264.773,52 262.1365,51.863818 259.5,51.727636 261.75,51.294267 264,50.860898 264,49.930449 264,49 l -1.34719,0 -1.34718,0 -1.08514,-2.25 -1.08513,-2.25 -0.0677,2.75 L 259,50 l -1,0 -1,0 0,-4.122445 0,-4.122444 1.37918,1.14462 1.37919,1.144621 0.4723,-2.47069 0.4723,-2.47069 -1.05148,-1.051486 C 259.07317,37.473169 257.79,37 256.8,37 l -1.8,0 0,-1.5 0,-1.5 3.3,0 3.3,0 1.2,-1.2 1.2,-1.2 0,-1.8 0,-1.8 0.83948,0 c 0.46172,0 1.33595,1.089611 1.94273,2.421357 l 1.10325,2.421357 2.04122,-0.533792 2.04123,-0.533793 2.51604,0.631488 2.51605,0.631487 0,3.480948 0,3.480948 -2.25,-0.01531 -2.25,-0.01531 1.11522,-0.734687 c 0.61337,-0.404078 1.43119,-1.747187 1.81739,-2.984687 l 0.70217,-2.25 -1.70715,0 -1.70714,0 -1.27381,1.742033 -1.27381,1.742034 1.65589,2.803188 1.65588,2.803188 -1.74232,3.035818 L 270,49.162079 270,53.08104 270,57 l 1.25,0.118421 c 0.6875,0.06513 1.54434,0.07952 1.90409,0.03197 0.35975,-0.04755 1.12027,0.475268 1.69005,1.161812 l 1.03597,1.248264 0.21622,6.679 0.21622,6.679001 -1.21929,1.469162 -1.2193,1.469163 0.31302,5.821603 L 274.5,87.5 l -2,0 -2,0 -0.54597,-4.75 -0.54597,-4.75 0.71264,0 c 0.39195,0 0.93961,0.5625 1.21702,1.25 l 0.50439,1.25 0.0789,-3.25 L 272,74 l -1,0 -1,0 0,1.083333 0,1.083334 -1.22782,-0.409275 -1.22783,-0.409275 -5.31109,4.325941 L 256.92217,84 l -2.54054,0 -2.54054,0 0.54609,2.75 c 0.30035,1.5125 1.499,8.134606 2.66367,14.71579 l 2.11758,11.96579 -0.38135,3.26656 -0.38136,3.26655 2.9158,-2.98234 C 260.92521,115.34206 262.63392,114 263.11866,114 l 0.88134,0 0,-4.3 0,-4.3 -1.11287,-1.11287 -1.11287,-1.11287 0.70451,-1.13991 0.70451,-1.13992 1.15836,0.39627 1.15836,0.39626 1.75,-1.996488 1.75,-1.996491 0,-2.346991 0,-2.34699 2.84501,0 2.84501,0 1.65499,-1.828741 L 278,89.342519 278,87.671259 278,86 l 1,0 1,0 0,2.071429 0,2.071428 -1.56898,1.568979 -1.56898,1.568978 -3.18102,0.645161 -3.18102,0.64516 -0.32207,2.77296 -0.32207,2.772955 -2.79045,1.69698 -2.79045,1.69697 0.9175,2.48024 0.91751,2.48025 -0.49069,1.87639 -0.49069,1.8764 3.1857,-0.59341 3.18571,-0.59341 -2.1065,1.73127 c -1.15858,0.9522 -3.72691,3.0033 -5.7074,4.55801 l -3.60089,2.82673 -2.5581,4.57695 -2.5581,4.57694 -1.39112,6.02158 -1.39112,6.02158 -2.34339,1.84707 c -1.28886,1.01589 -3.54438,2.11098 -5.01227,2.43352 l -2.6689,0.58645 -0.57508,2.29129 -0.57507,2.2913 -3.15526,1.09992 C 236.12142,152.50503 234.2287,153 233.65078,153 l -1.05078,0 0.95,-0.90294 z m -21.58295,-13.45612 4.46706,-1.55657 0.55934,0.90503 0.55934,0.90503 1.4736,-0.9319 c 0.81049,-0.51255 1.10955,-0.9388 0.66459,-0.94722 L 218.88197,137 l 0.66909,-1.08262 c 0.36801,-0.59545 0.80587,-2.95795 0.97302,-5.25 L 220.828,126.5 l 2.00669,-4 2.00669,-4 -0.90611,-0.32847 -0.90612,-0.32848 -3.02796,2.1561 -3.02797,2.15611 -3.06333,-2.57763 C 212.22505,118.15993 210.40075,117 209.85589,117 l -0.99067,0 0.62292,1.96263 c 0.3426,1.07945 0.77055,4.22945 0.951,7 l 0.32808,5.03737 -1.72862,0 -1.72862,0 -1.72036,1.90097 -1.72036,1.90097 -3.43463,0.64435 -3.43463,0.64434 0,1.56309 0,1.5631 2.47336,-0.62078 2.47336,-0.62077 -0.49139,1.28055 -0.49139,1.28054 3.26803,-0.16942 c 1.79742,-0.0932 5.2782,-0.86989 7.73508,-1.726 z m 26.89172,-0.26269 3.10877,-0.62176 -0.54279,-0.87824 C 241.12622,136.39521 240.04305,136 239.01771,136 l -1.86426,0 -2.97108,-2.5 -2.97108,-2.5 -1.85565,-0.0524 -1.85564,-0.0524 2.25,-1.56952 2.25,-1.56952 0,-1.94377 c 0,-1.06908 0.46583,-2.81419 1.03518,-3.87803 L 234.07037,120 l -1.47617,0 c -0.81189,0 -1.76759,0.47153 -2.12377,1.04785 l -0.64761,1.04785 -2.02044,-0.29785 -2.02044,-0.29785 -1.80219,4.56653 -1.8022,4.56652 0.68693,3.35871 0.68693,3.35871 1.47429,0.4009 1.4743,0.40089 -1.5,-1.17046 -1.5,-1.17046 2,0.69095 c 1.1,0.38002 2.54948,0.78445 3.22106,0.89872 0.67158,0.11427 1.53408,0.52079 1.91666,0.90338 0.86219,0.86218 4.13251,0.89156 8.22105,0.0739 z M 198,123.52568 C 198,122.97188 192.43222,120 191.39467,120 c -0.38755,0 0.10984,0.9 1.10533,2 l 1.80998,2 1.84501,0 C 197.16974,124 198,123.78656 198,123.52568 z m 53.04966,-3.05136 C 252.67235,119.6352 254,118.772 254,118.55611 c 0,-0.2159 0.253,-1.05183 0.56221,-1.85764 l 0.56222,-1.46511 -4.50205,2.13332 -4.50206,2.13332 -0.52877,1.25 -0.52878,1.25 1.51827,0 c 0.83506,0 2.84593,-0.68656 4.46862,-1.52568 z m -16.77789,-7.3768 C 235.2223,110.42125 236,107.96572 236,107.64079 l 0,-0.59079 -2.99752,0.5995 -2.99752,0.59951 -1.49065,-1.23713 -1.49064,-1.23713 -0.43392,1.36263 c -0.23866,0.74944 -0.71438,3.05012 -1.05715,5.11262 l -0.62323,3.75 1.04532,0 1.04531,0 0,1.94798 0,1.94798 2.77177,-0.96624 2.77176,-0.96625 1.72824,-4.86595 z m -13.63834,4.13024 2.13343,-1.72776 0.61687,-3.5 0.61688,-3.5 -6.00031,0.33882 -6.0003,0.33882 0,3.00089 0,3.00088 2.25,1.87703 c 2.78894,2.32662 3.69215,2.35086 6.38343,0.17132 z m 33.88327,-4.89359 1.52941,-2.33417 -0.77306,0.0318 c -0.42518,0.0175 -1.64656,0.6925 -2.71418,1.5 -1.06762,0.80751 -2.64262,1.47509 -3.5,1.48351 -0.85738,0.008 -2.17902,0.40811 -2.93699,0.8882 l -1.37811,0.87288 0.6291,1.0179 0.62909,1.01791 3.49267,-1.07193 3.49266,-1.07193 1.52941,-2.33417 z m -69.75912,-1.03114 -2.69697,-2.69697 -0.78031,0.78305 -0.7803,0.78305 2.36078,1.91392 c 1.29844,1.05266 2.86321,1.91392 3.47728,1.91392 l 1.11649,0 -2.69697,-2.69697 z M 196.8673,103.86338 196.8829,97.5 198.0244,94 c 0.62783,-1.925 1.51114,-4.981837 1.96292,-6.792972 l 0.82141,-3.292971 -2.90438,-3.17989 L 195,77.554277 195,76.277139 195,75 l -1.05902,0 -1.05901,0 0.71352,-1.154508 0.71353,-1.154509 -1.04115,0.643463 -1.04114,0.643464 -0.68794,3.761045 c -0.37836,2.068575 -2.05004,7.720084 -3.71485,12.558908 l -3.02693,8.797864 1.22282,2.952133 c 0.67254,1.62368 1.56898,2.95214 1.99208,2.95214 l 0.76928,0 0.51636,-3.25 c 0.91478,-5.757681 2.51604,-10.964977 3.72763,-12.122264 L 194.20584,88.5 193.48679,93 c -0.39548,2.475 -1.14172,5.304498 -1.65832,6.287773 l -0.93927,1.787777 0.59608,1.87807 0.59607,1.87807 -0.94679,0.58515 -0.9468,0.58515 0.58384,2.23263 0.58385,2.23262 2.07227,1.68279 2.07228,1.6828 0.67583,-1.80304 c 0.37171,-0.99166 0.68287,-4.66655 0.69147,-8.16641 z m -8.61781,4.13756 c -1.07572,-0.87106 -2.4945,-2.59022 -3.15284,-3.82035 l -1.197,-2.23661 -0.94982,0.58703 C 182.42742,102.85387 182,103.73195 182,104.48229 l 0,1.36426 2.61301,3.10538 2.613,3.10538 1.48967,-1.23631 1.48966,-1.23631 -1.95585,-1.58375 z m 63.597,1.24906 2.06806,-1.75 -1.15362,-5 c -0.6345,-2.75 -1.46839,-5.225 -1.8531,-5.5 -0.38471,-0.275 -0.71035,-1.85 -0.72365,-3.5 -0.0258,-3.203554 -1.84027,-10.675416 -2.18554,-9 -0.11334,0.55 -0.36388,6.7375 -0.55676,13.75 l -0.35068,12.75 1.34362,0 c 0.73899,0 2.27424,-0.7875 3.41167,-1.75 z m -25.83881,-5.26018 1.78502,-2.36646 -0.46867,-1.22134 -0.46867,-1.221337 1.82232,-0.580065 1.82232,-0.580064 0.26496,-3.885207 0.26495,-3.885206 -5.76495,-0.499393 c -3.17073,-0.274666 -5.86918,-0.414232 -5.99655,-0.310147 -0.12737,0.104085 -0.63727,2.635031 -1.1331,5.624323 L 217.23381,100.5 217.1169,97.666667 217,94.833333 l -1.25,0.4162 -1.25,0.4162 -0.29995,1.545756 -0.29995,1.545756 1.63031,1.630305 1.6303,1.63031 -0.375,1.125 -0.375,1.125 -1.70535,-1.70536 -1.70536,-1.70536 0,-1.789897 0,-1.789899 -2.54181,0.485898 -2.54181,0.485897 0.39944,1.125431 0.39944,1.12543 1.54025,-0.12187 1.54025,-0.12187 -0.29397,2.62187 c -0.16169,1.44203 -0.0583,3.0093 0.22971,3.48283 l 0.52369,0.86096 5.98373,-0.43282 5.98374,-0.43283 1.78502,-2.36645 z m -8.39474,1.32241 2.11293,-0.41541 0.64329,-6.154632 0.64328,-6.154632 0.90665,-0.906646 0.90665,-0.906645 1.08713,0.671884 L 225,92.118034 225,96.5 l 0,4.38197 -1.06653,0.65915 -1.06653,0.65915 -0.6168,-0.6168 -0.61681,-0.6168 1.18334,-1.183337 L 224,98.6 l 0,-2.8 0,-2.8 -0.87219,0 -0.87219,0 -0.66557,4.162239 -0.66557,4.162241 0.97347,0.97347 0.97348,0.97348 -1.36429,1.36428 -1.36428,1.36429 -2.32143,-0.13618 -2.32143,-0.13618 2.11294,-0.41541 z M 235.25,104.29427 c -1.2375,-0.23836 -3.2625,-0.23836 -4.5,0 l -2.25,0.43337 4.5,0 4.5,0 -2.25,-0.43337 z m 3.22909,-5.38947 -0.638,-2.9048 1.07945,0 1.07946,0 0,2 0,2 0.8,0 c 0.44,0 1.34,-0.54 2,-1.2 l 1.2,-1.2 0,-4.177555 0,-4.177556 -1.41097,-1.171003 -1.41097,-1.171003 -0.57799,0.935196 -0.57798,0.935195 -3.51104,0.658676 -3.51105,0.658676 -0.0137,2.204687 c -0.008,1.212578 -0.28675,3.223875 -0.62052,4.469549 l -0.60687,2.264863 1.62052,-0.621852 L 235,97.786022 235,95.093011 235,92.4 l 1.13571,-1.135714 1.13572,-1.135715 1.36428,1.364286 C 239.38607,92.243214 240,93.339286 240,93.928571 240,95.409203 238.27873,95.27772 237.66228,93.75 l -0.50439,-1.25 -0.0789,2.55 -0.0789,2.55 -1.15762,1.157618 -1.15762,1.157619 1.27093,1.531373 1.27092,1.53137 0.94524,-0.58419 0.94524,-0.58419 -0.638,-2.9048 z M 240.91943,97 l -0.51821,-1.5 0.55585,-3.5 0.55586,-3.5 0.63582,1 0.63583,1 -0.67347,4 -0.67348,4 -0.5182,-1.5 z M 214.86648,92.909764 217,90.92209 l 0,-2.794378 c 0,-1.536908 -0.24135,-3.03573 -0.53634,-3.330715 l -0.53633,-0.536337 -3.21367,1.127766 c -1.76751,0.620272 -3.77616,1.488181 -4.46366,1.928687 l -1.25,0.800921 0,2.449457 0,2.449457 -1.95452,-1.220619 -1.95452,-1.220619 -0.79548,0.801781 -0.79548,0.801781 2.88998,2.309547 2.88998,2.309546 2.7265,-0.950463 c 1.49958,-0.522754 3.68659,-1.844916 4.86002,-2.938138 z M 236.50363,86.994135 237.11803,86 l 1.94099,0 1.94098,0 0,-1.622445 0,-1.622444 -1.54929,1.285794 -1.54928,1.285793 -7.20072,0.08665 L 223.5,85.5 l -2.80242,-0.782209 -2.80242,-0.782209 0.97017,1.812787 0.97018,1.812787 8.02685,0.213557 8.02686,0.213556 0.61441,-0.994134 z m -25.00157,-2.633298 1.66563,-0.639164 -1.33384,-0.936967 -1.33385,-0.936968 1,-0.440125 c 0.55,-0.242069 1.6671,-0.861511 2.48244,-1.376539 L 215.46487,79.094659 212.54534,76.04733 209.62582,73 l -2.37963,0 -2.37963,0 -3.51323,-2.679665 -3.51322,-2.679665 -0.90474,1.429665 c -0.49761,0.786316 -0.91164,2.215869 -0.92006,3.176784 L 196,73.994238 199.61636,77.997119 203.23272,82 l 1.2612,0 c 0.69365,0 1.82139,0.675 2.50608,1.5 1.38256,1.665877 2.0644,1.796253 4.50206,0.860837 z M 230.36399,80.77993 229.75,79.786475 229,81 228.25,82.213525 227.56598,81.106763 226.88197,80 l 0.93769,0 0.9377,0 1.25886,-3.039148 1.25885,-3.039149 -2.2423,-2.386824 -2.24231,-2.386824 0.66379,-1.074027 C 227.81933,67.483312 228.52735,67 229.02763,67 l 0.9096,0 -0.5756,1.5 -0.57561,1.5 1.10699,0 1.10699,0 0,-1 0,-1 1.94098,0 1.94099,0 0.78405,1.25 c 0.43124,0.6875 0.65451,2.0375 0.49616,3 l -0.2879,1.75 0.63429,0 c 0.34886,0 1.34143,-0.707143 2.20572,-1.571429 l 1.57142,-1.571428 1.48103,1.481022 1.48102,1.481022 -1.32094,1.414065 -1.32093,1.414065 -2.30295,-0.440236 L 236,75.766846 l 0,1.683965 0,1.683964 2.25,-0.632894 2.25,-0.632894 -1.5,1.050194 -1.5,1.050193 1.72695,0.01531 1.72694,0.01531 1.64872,-2.516264 1.64872,-2.516264 -0.46426,-4.831646 -0.46426,-4.831647 -1.9114,-2.620664 C 239.05344,59.450581 238.43323,59.360936 238.41216,62.25 l -0.0164,2.25 1.55212,1.324157 L 241.5,67.148315 240,66.5 l -1.5,-0.648315 1.75,1.4344 C 242.4191,69.064003 242.48069,70 240.42857,70 l -1.57143,0 -1.38095,-1.380952 -1.38095,-1.380953 0.70238,-0.743275 0.70238,-0.743275 -2.17578,0.668059 -2.17578,0.668059 -0.88698,-1.584952 -0.88699,-1.584952 -5.16521,-1.362556 -5.1652,-1.362556 -2.02203,3.27171 -2.02203,3.271711 0,2.064578 0,2.064579 -1.93051,0.612721 -1.93052,0.612721 2.95952,4.76087 2.95952,4.76087 4.19116,0.247297 c 2.30514,0.136014 4.38819,0.444318 4.62899,0.685121 0.2408,0.240803 1.03677,-0.05926 1.76882,-0.666808 l 1.331,-1.104631 -0.61399,-0.993456 z M 237.75,81.75 237.33333,80.5 235.91667,80.48664 234.5,80.47328 l 0.0394,-2.73664 0.0394,-2.736639 -1.03942,0.002 -1.03942,0.002 -0.19608,2.823932 -0.19609,2.823932 2.69609,1.0677 c 1.48284,0.587235 2.84608,1.115571 3.02941,1.17408 0.18334,0.05851 0.14584,-0.456119 -0.0833,-1.143619 z m 21.46726,-2.672827 4.60882,-2.922826 -1.64422,-3.627559 -1.64423,-3.627558 -2.51881,0.593026 -2.51882,0.593026 -1.66029,1.957359 c -2.18365,2.574357 -2.64467,2.472892 -3.02329,-0.665397 L 250.5,68.754487 248.35552,70.627244 246.21105,72.5 l -0.61304,2.704042 -0.61304,2.704041 2.19607,2.045959 2.19608,2.045958 2.61566,0 2.61566,0 4.60882,-2.922827 z m 9.43168,-6.896271 c -0.21103,-0.374496 -1.17728,-2.384493 -2.14722,-4.466659 l -1.76354,-3.785758 0.63091,-0.630909 L 266,62.666667 266,63.833333 266,65 l 1,0 1,0 0,-1.940983 0,-1.940983 -0.88669,-0.548007 -0.8867,-0.548006 -1.24369,1.498558 -1.24369,1.498558 0.54049,4.02965 0.54049,4.02965 1.2032,1.449771 1.2032,1.449771 0.90301,-0.558088 c 0.49665,-0.306948 0.73035,-0.864493 0.51932,-1.238989 z M 234.36163,71.5 l 0.5756,-1.5 -1.36163,0 -1.36162,0 -0.57561,1.5 -0.5756,1.5 1.36163,0 1.36162,0 0.57561,-1.5 z m 40.30504,-1.362796 0,-2.862796 -1.89942,0.496709 -1.89942,0.49671 0.98794,0.987941 0.98794,0.987942 -0.52884,1.378145 L 271.78602,73 l 1.44032,0 1.44033,0 0,-2.862796 z M 214.91079,67.684276 C 216.05986,65.310627 217,62.835627 217,62.184276 L 217,61 l 1,0 1,0 0,-1.377555 c 0,-1.721851 -1.89592,-3.326267 -4.46375,-3.777423 L 212.5725,55.5 l -0.40159,1.968168 -0.40159,1.968168 1.57154,-1.304258 1.57153,-1.304258 1.04381,0.645107 C 216.53029,57.827736 217,58.561203 217,59.102854 l 0,0.98482 -1.25,-0.16232 c -0.6875,-0.08928 -1.75625,-0.109002 -2.375,-0.04384 L 212.25,60 l -0.57589,2.879464 -0.5759,2.879465 -1.66815,1.668154 -1.66816,1.668155 -0.54148,-0.541488 -0.54149,-0.541488 1.66053,-1.834872 C 209.25276,65.168211 210,63.680452 210,62.871259 210,62.062067 210.54,60.86 211.2,60.2 l 1.2,-1.2 -1.09301,0 -1.09301,0 -0.57963,1.510498 c -0.3188,0.830773 -0.65244,1.843273 -0.74141,2.25 -0.089,0.406726 -1.00129,1.327519 -2.02736,2.046206 L 205,66.113408 l 0,1.202749 0,1.202749 1.99488,1.245823 1.99488,1.245823 2.87538,-4.619709 2.87538,-4.619709 0.68876,1.114433 L 216.11803,64 215.05902,64 214,64 l 0,1.416667 c 0,0.779166 -0.39052,1.566666 -0.86782,1.75 C 212.65489,67.35 211.94956,68.5125 211.5648,69.75 l -0.69958,2.25 0.97819,0 0.97818,0 2.0892,-4.315724 z m -10.52877,-2.157201 c 1.3601,-1.360108 3.27497,-3.830693 4.25526,-5.490188 l 1.78234,-3.017264 -1.04973,-1.04973 -1.04973,-1.04973 -2.41008,2.041884 -2.41008,2.041885 1.75,-0.608955 1.75,-0.608955 0,1.215397 0,1.215397 -2.59565,-0.651467 -2.59566,-0.651468 -1.40434,1.165504 C 199.63196,60.720413 199,61.666347 199,62.181462 l 0,0.936572 1,-0.618034 1,-0.618034 0.15753,1.809017 c 0.0866,0.994959 0.13665,2.371517 0.11112,3.059017 -0.0646,1.738129 0.2926,1.597837 3.11337,-1.222925 z m 43.39083,-0.92787 1.09387,-2.400796 -1.9274,-0.504025 -1.92739,-0.504025 0.61903,-3.09518 L 246.25,55 l -1.875,0.01531 -1.875,0.01531 1.35676,0.859687 1.35677,0.859687 -1.15465,0.713613 -1.15465,0.713613 -1.40119,-0.537686 -1.40118,-0.537685 0.53304,1.38908 c 0.29317,0.763994 1.64263,2.116114 2.9988,3.00471 l 2.46576,1.615629 -0.61712,1.944363 L 244.86522,67 l 0.90688,0 c 0.49878,0 1.39911,-1.080358 2.00075,-2.400795 z m 26.76827,0.334264 c 0.36253,-0.586592 0.4535,-1.272185 0.20214,-1.523539 C 274.04579,62.712453 271,64.093301 271,65.106989 L 271,66 l 1.44098,0 c 0.79254,0 1.7376,-0.479939 2.10014,-1.066531 z m -38.87079,-2.516746 0.60756,-1.583277 -2.12783,-2.127834 -2.12784,-2.127834 -1.21111,1.211111 L 229.6,59 l 1.74384,0 1.74383,0 -0.16232,1.25 c -0.0893,0.6875 -0.109,1.8125 -0.0438,2.5 L 233,64 l 1.03138,0 1.03139,0 0.60756,-1.583277 z M 274,59.877555 274,59 l -1.44098,0 c -0.79254,0 -1.7191,0.45 -2.05902,1 l -0.61803,1 0.64804,1.048558 0.64805,1.048559 1.41097,-1.171003 C 273.36506,61.282062 274,60.360211 274,59.877555 z M 269.39597,56.75 c -0.40635,-1.2375 -0.68964,-3.0375 -0.62954,-4 l 0.10927,-1.75 -1.5173,0 -1.51731,0 0.69705,3.25 c 0.8476,3.951897 1.28248,4.75 2.58826,4.75 l 1.00838,0 -0.73881,-2.25 z m -34.11668,-3.502758 c 1.05901,-0.958387 2.57927,-3.006828 3.37835,-4.552093 l 1.45289,-2.809571 0.1573,-3.944513 0.15729,-3.944513 -1.63502,-1.63502 -1.63502,-1.635021 -1.71366,0.657594 -1.71366,0.657593 1.63612,1.807892 c 2.12353,2.346474 2.06298,3.454131 -0.30602,5.598044 l -1.94213,1.757609 -1.3052,-0.435067 -1.3052,-0.435067 2.24733,-1.202738 2.24734,-1.202739 0,-1.573224 0,-1.573224 -2.5,0.62746 -2.5,0.62746 0,-1.781924 0,-1.781923 2.24416,-0.987129 2.24416,-0.987128 0.31732,-1.688516 0.31733,-1.688517 -1.97815,-1.97815 -1.97815,-1.97815 0.66666,-0.703231 0.66667,-0.70323 -6.21253,0.430996 -6.21252,0.430997 -1.95677,1.770846 -1.95676,1.770846 0.54226,5.254019 0.54227,5.254019 -1.14204,2.133912 -1.14203,2.133911 -2.41717,-1.101336 -2.41717,-1.101335 -1.56377,0.600075 L 207,43.93723 l 0,3.008332 0,3.008332 2.45104,1.605981 2.45103,1.605981 2.04897,-0.650316 L 216,51.865225 216.0147,50.682612 216.0294,49.5 l 1.26223,2.49485 1.26222,2.49485 2.97304,0.686825 2.97303,0.686825 4.42692,-0.436794 4.42691,-0.436793 1.92546,-1.742521 z M 227,50.5 225.75511,49 224.37756,49 223,49 l 0,-0.893011 c 0,-0.491156 0.59479,-1.121256 1.32177,-1.400221 l 1.32176,-0.507209 1.18671,1.90022 1.18671,1.900221 1.67707,0 1.67708,0 2.31051,-2.17061 2.3105,-2.170609 0.57793,0.577921 0.57792,0.577921 -2.25432,2.592689 L 232.63933,52 230.44211,52 228.24489,52 227,50.5 z m -17.42688,-2.17005 -0.64086,-1.670051 1.25033,-0.772747 1.25033,-0.772747 1.28354,1.065242 1.28354,1.065242 0,1.568685 0,1.568685 -1.58164,-1.941129 -1.58163,-1.94113 0.55025,1.75 0.55025,1.75 -0.86163,0 c -0.47389,0 -1.15001,-0.751523 -1.50248,-1.67005 z m 12.12812,-7.962047 C 221.31556,39.982223 221,39.291667 221,38.833333 L 221,38 l 1.91667,0 1.91666,0 0.44643,-1.25 0.44643,-1.25 0.85154,0.797964 0.85153,0.797963 -1.07181,1.702037 c -1.17633,1.868009 -3.55584,2.67031 -4.65621,1.569939 z M 218,33.464817 C 218,32.3435 221.27066,28 222.11501,28 L 223,28 l 0,1.345012 0,1.345013 -1.82874,1.654987 C 219.34332,33.999271 218,34.473613 218,33.464817 z m 51.64364,13.302764 c 0.41892,-0.67783 0.82028,-2.02783 0.8919,-3 L 270.66576,42 268.9821,42 c -0.92601,0 -3.1008,0.494021 -4.83288,1.097825 L 261,44.19565 l 0,1.102175 0,1.102175 1.2,-1.2 1.2,-1.2 1.8,0 1.8,0 0,1 0,1 -1.05902,0 -1.05901,0 0.61803,1 c 0.33992,0.55 1.23992,1 2,1 l 1.38197,0 0.76167,-1.232419 z m -63.79119,-3.343082 1.17347,-2.575501 3.69367,0.318228 3.69367,0.318228 0.64236,-2.492727 0.64236,-2.492727 -1.39421,-3.48035 -1.39421,-3.480351 1.79522,-1.376387 c 0.98737,-0.757013 3.29722,-2.025896 5.13299,-2.819741 l 3.33776,-1.443354 -0.54527,-1.42097 -0.54528,-1.420969 1.60127,-1.601267 1.60126,-1.601266 2.6042,0.653611 c 3.22076,0.808359 3.48865,1.066588 2.59933,2.50554 l -0.70923,1.147558 -2.3909,-0.600079 L 225,20.961896 l 0,0.951664 0,0.951665 2,0.634775 2,0.634775 1.94885,-0.61854 1.94885,-0.61854 0.63377,-1.996835 0.63377,-1.996836 -1.20507,-1.452012 L 231.75511,16 l -3.25543,0 -3.25543,0 -3.87213,1.604058 c -2.12966,0.882232 -5.74785,3.132232 -8.04042,5 L 209.16341,26 l -2.33171,0.0318 -2.3317,0.0318 -1.54589,1.218196 c -0.85024,0.670009 -2.31274,2.330825 -3.25,3.690703 L 198,33.445012 l 0,2.616465 0,2.616465 2.75,3.624585 c 1.5125,1.993522 3.01527,3.640985 3.33948,3.661029 0.32422,0.02004 1.11755,-1.122531 1.76297,-2.539057 z M 268.5,40 l 0.61803,-1 -2,0 -2,0 -0.61803,1 -0.61803,1 2,0 2,0 0.61803,-1 z m -0.95888,-3.066531 c 0.95362,-1.542991 0.31314,-1.824913 -2.79112,-1.228587 l -2.75,0.528272 0,0.883423 0,0.883423 2.44098,0 2.44099,0 0.65915,-1.066531 z M 288,136.07143 C 288,134.98414 290.82106,132 291.84892,132 293.03298,132 297,135.05731 297,135.96984 l 0,0.85643 -3.1563,-1.16313 -3.1563,-1.16314 -0.42704,1.25 C 289.76599,137.19713 288,137.44826 288,136.07143 z m 44.60699,-20.65322 c -0.33385,-0.86998 -0.56641,-2.55748 -0.5168,-3.75 l 0.0902,-2.16821 0.96779,3.3634 0.96779,3.36341 3.19202,-0.61201 3.19202,-0.61201 -1.5,0.98329 c -0.825,0.54081 -2.46436,0.99019 -3.64301,0.99861 L 333.21398,117 332.60699,115.41821 z M 322,112.25 l 0,-0.75 2.90451,0 2.90451,0 -0.46353,0.75 -0.46352,0.75 -2.44099,0 -2.44098,0 0,-0.75 z m -15.884,-1.4433 -0.116,-1.69329 -2.22251,-1.55671 -2.2225,-1.5567 1.60006,0 1.60006,0 1.20502,1.45196 1.20502,1.45196 -0.46657,1.79804 -0.46658,1.79804 -0.116,-1.6933 z m 5.134,0.53102 -1.25,-0.50439 0,-1.85765 0,-1.85765 -1,-0.61803 -1,-0.61803 0,-1.63212 0,-1.63211 1.4682,1.94113 c 0.8075,1.06762 1.4825,2.72863 1.5,3.69113 L 311,110 l 1.25,0.11848 c 0.6875,0.0652 1.85766,0.0351 2.60035,-0.0669 l 1.35035,-0.18536 -0.65936,1.06688 c -0.68986,1.1162 -2.17968,1.25667 -4.29134,0.4046 z m 5.75,-6.93659 c 0,-0.32938 0.63718,-2.01688 1.41596,-3.75 0.77879,-1.733122 1.61514,-4.50113 1.85858,-6.15113 0.24343,-1.65 0.75326,-3.71942 1.13296,-4.598711 l 0.69037,-1.598712 -8.77191,-0.674262 -8.77191,-0.674262 -0.97702,-0.977026 L 302.6,85 l 4.14098,0 4.14099,0 0.69577,1.125788 0.69578,1.125788 5.36324,-0.553535 5.36324,-0.553535 0,2.727747 0,2.727747 -1.13278,1.132783 -1.13279,1.132782 0.62572,1.6306 0.62572,1.630599 1.00707,-0.622399 c 1.65532,-1.023046 1.15592,0.01147 -1.49172,3.090096 -1.37433,1.598049 -2.49933,3.468039 -2.5,4.155539 L 319,105 l -1,0 c -0.55,0 -1,-0.26949 -1,-0.59887 z m 7.18517,-12.616885 c 0.60776,-1.806335 1.51006,-3.804857 2.00511,-4.44116 l 0.9001,-1.156915 3.57131,0.986085 3.5713,0.986084 2.6335,-0.644974 2.63351,-0.644975 -1.70923,1.73932 -1.70923,1.73932 -4.05907,-1.339615 -4.05907,-1.339615 -1.4499,1.9161 c -0.79744,1.053855 -1.4642,2.452042 -1.4817,3.107083 -0.0175,0.655041 -0.46376,1.457951 -0.99172,1.784245 l -0.95992,0.593262 1.10501,-3.284245 z m -27.06636,-5.141085 -1.12607,-1.356839 0.63728,-3.186439 0.63729,-3.18644 -2.35019,-2.501664 -2.35019,-2.501664 1.06243,-1.705057 1.06243,-1.705057 3.08338,-1.027668 3.08339,-1.027667 2.51089,-2.709298 2.51089,-2.709298 3.30983,0.619202 c 1.82041,0.340562 3.73733,1.009696 4.25983,1.486966 C 313.9725,65.609507 315.35048,66 316.51217,66 l 2.11217,0 4.28244,-2.069048 4.28243,-2.069048 3.44716,1.635786 3.44717,1.635785 5.2253,-0.652858 5.22531,-0.652859 1.8967,2.095836 1.89671,2.095837 -1.33276,2.490285 L 345.66204,73 l 1.33715,2.498493 1.33716,2.498494 -0.58716,0.587153 -0.58715,0.587153 -1.18752,-2.218902 -1.18752,-2.218902 0.62071,-3.881708 0.62071,-3.881709 -2.38772,-1.087917 -2.38771,-1.087917 -2.01944,1.080772 -2.01945,1.080772 -5.17166,-1.535819 -5.17166,-1.535819 -4.37523,2.118009 -4.37522,2.118009 -4.59511,-1.560081 C 310.99791,65.702036 308.03469,65 306.9403,65 l -1.9898,0 -0.93005,2.446207 -0.93004,2.446207 -3.62505,0.680062 -3.62504,0.680061 -0.54144,1.410977 -0.54144,1.410976 1.62128,1.791496 1.62128,1.791495 0,4.203484 0,4.203483 2.25,0.90439 2.25,0.904389 -2.12756,0.06339 L 298.24489,88 297.11881,86.64316 z m -14.17355,-1.910143 2.44526,-1.237499 1.8358,-3.143325 1.8358,-3.143324 -1.48908,-4.322082 -1.48908,-4.322081 1.44614,-1.59797 1.44615,-1.59797 0.59808,-2.990397 0.59808,-2.990396 -1.58621,-1.316431 -1.5862,-1.316431 0,-1.532543 0,-1.532543 1.91006,1.728584 1.91007,1.728583 0.59783,2.381937 0.59782,2.381938 -2.02812,3.610909 -2.02813,3.610909 1.15138,3.842965 1.15138,3.842964 -0.64325,2.562916 -0.64325,2.562916 -2.17646,2.027677 L 284.62288,86 282.56144,85.985258 280.5,85.970516 282.94526,84.733017 z M 339,84.927367 l 0,-0.976869 2.25,-0.841718 c 1.2375,-0.462946 3.2625,-1.157132 4.5,-1.542637 l 2.25,-0.700918 0,0.851688 0,0.851688 -4.5,1.667817 -4.5,1.667818 0,-0.976869 z M 302.63148,81.29815 C 302.28417,80.950834 302,79.196991 302,77.400721 l 0,-3.265946 2.07536,-0.658693 2.07536,-0.658694 0.61431,0.614307 0.61431,0.614307 -2.18967,1.533703 C 303.98535,76.423242 303,77.553286 303,78.090914 l 0,0.977507 2.75,-0.370798 2.75,-0.370797 0.0127,-1.592834 c 0.007,-0.876058 0.34452,-1.924594 0.75,-2.330079 L 310,73.666667 310,74.833333 310,76 l 1,0 1,0 0,-1.5 0,-1.5 1,0 1,0 0,3.5 0,3.5 -1,0 c -0.55,0 -1,-0.45 -1,-1 0,-0.55 -0.45,-1 -1,-1 l -1,0 0,1.468615 0,1.468615 -1.42186,-0.545618 -1.42186,-0.545619 -1.94666,1.04182 -1.94665,1.041819 -0.63149,-0.631482 z M 316.17621,80.776206 315,79.6 l 0,-2.8 0,-2.8 1,0 1,0 0,2.622445 0,2.622444 1.36011,-1.128794 1.36012,-1.128795 -0.50164,-2.624158 -0.50164,-2.624159 1.39152,0.46776 1.39153,0.46776 -0.30015,2.499324 -0.30015,2.499324 2.02978,-0.149538 c 1.11638,-0.08225 2.33894,-0.458704 2.71682,-0.836575 L 326.33333,76 324.66667,76 323,76 l 0.0153,-0.75 c 0.008,-0.4125 0.41298,-1.37803 0.89902,-2.145622 l 0.8837,-1.395621 1.74931,3.382795 1.74931,3.382796 1.5331,-3.237174 1.5331,-3.237174 1.31858,0 1.31857,0 0,1.5 0,1.5 -1.5,0 -1.5,0 0,2.067388 0,2.067387 2,-0.634775 2,-0.634775 0,1.098772 0,1.098773 -1.40909,0.540719 -1.4091,0.54072 -3.8108,-1.052212 -3.81079,-1.052213 -0.90197,0.901963 -0.90196,0.901963 -1.39088,-0.533731 -1.39088,-0.53373 -1.31106,1.088082 -1.31106,1.088082 -1.1762,-1.176207 z M 337,75 l 0,-3 1,0 1,0 0,3 0,3 -1,0 -1,0 0,-3 z M 258,58.081787 c 0,-1.055016 -0.27314,-2.630016 -0.60699,-3.5 L 256.78602,53 l -2.95203,0 -2.95202,0 0.61803,-1 0.61803,-1 2.19099,0.01531 c 1.20504,0.0084 2.79252,0.396607 3.52773,0.862633 l 1.33676,0.847321 0.33805,3.637367 L 259.84962,60 258.92481,60 258,60 l 0,-1.918213 z m -70.86899,-5.442334 -2.21021,-2.352661 -0.5773,-3.557459 -0.57729,-3.557459 1.50039,-2.142108 1.50039,-2.142107 -0.52122,4.624249 -0.52122,4.624249 2.22578,3.010532 c 2.73938,3.705213 2.19351,4.699772 -0.81932,1.492764 z m 4.92168,-1.231469 -3.26866,-3.592016 1.10799,-1.107984 L 191,45.6 l 0,1.649314 0,1.649314 3.25,3.046059 3.25,3.046058 -1.08932,0.0046 c -0.59913,0.0025 -2.56022,-1.61178 -4.35799,-3.587389 z m 97.66391,-2.33174 0.52635,-3.924207 -2.52718,-2.527178 -2.52718,-2.527177 0.78405,-3.47637 0.78405,-3.476371 -1.14277,-2.32247 L 284.47115,28.5 281.23558,27.543203 278,26.586407 l 0,-0.900192 0,-0.900193 1.58179,0.606989 C 280.45177,25.726855 282.01094,26 283.0466,26 l 1.88303,0 1.20024,2.242659 1.20023,2.242658 -0.10605,4.655749 -0.10605,4.655749 1.941,1.75658 1.941,1.75658 0,4.285996 0,4.285995 -0.90487,0.559243 -0.90488,0.559242 0.52635,-3.924207 z M 275,46.719532 l 0,-4.398502 2.65213,-1.208389 2.65212,-1.20839 1.04788,1.047875 L 282.4,42 l -2.7,0 -2.7,0 0,3.940983 0,3.940983 -1,0.618034 -1,0.618034 0,-4.398502 z m -95.70616,-15.620621 -1.18725,-1.90109 0.98557,-3.569427 0.98557,-3.569428 2.18364,-1.529483 L 184.44501,19 l 1.82952,0 1.82951,0 0.96326,-2.75 0.96325,-2.75 3.06421,-1.749104 3.0642,-1.749104 2.57611,0.646563 2.57611,0.646563 1.36438,-1.8658987 1.36438,-1.8658985 7.23003,-0.3397876 7.23003,-0.3397877 -1.5,1.0416989 -1.5,1.0416989 -3.32981,-0.6097359 -3.32982,-0.6097358 -2.67018,1.374633 c -1.46861,0.7560482 -3.03825,1.9525244 -3.48811,2.6588354 l -0.81792,1.284203 -3.20895,-0.602003 -3.20896,-0.602004 -2.65618,2.089357 -2.65619,2.089357 -0.31694,2.193047 -0.31694,2.193046 -3.34265,0.679678 c -1.83846,0.373823 -3.76295,1.099981 -4.27666,1.613684 l -0.934,0.934007 -0.13991,2.923344 c -0.0769,1.607839 0.2082,3.710844 0.63365,4.673344 l 0.77355,1.75 -0.86644,0 c -0.47655,0 -1.40071,-0.85549 -2.0537,-1.901089 z M 277,22.567388 l 0,-1.432613 -2.08694,-0.662368 -2.08694,-0.662369 -3.39798,0.637465 -3.39798,0.637464 0.54001,-1.407235 0.54001,-1.407236 -3.13182,-2.635248 L 260.84655,13 l -3.89911,0 -3.8991,0 -3.27417,-1.996262 L 246.5,9.0074761 244.38486,9.0037381 242.26972,9 l -2.48229,1.952569 -2.48229,1.952569 -0.90257,-0.858332 c -0.49641,-0.472083 -2.60376,-1.800739 -4.68299,-2.9525693 L 227.93917,7 225.16958,7 222.4,7 221.21667,8.1833333 220.03333,9.3666667 219.29563,8.6289603 218.55792,7.891254 220.02896,6.9609398 221.5,6.0306255 225.61045,6.0153128 229.72091,6 l 3.70965,2.5174367 3.70965,2.5174363 2.56475,-2.0174363 L 242.26972,7 l 2.11514,0.00374 2.11514,0.00374 3.40102,2.0734018 3.40101,2.0734022 2.00655,-0.524725 2.00655,-0.524725 3.17454,1.326405 3.17453,1.326405 2.22557,2.829356 2.22557,2.829356 3.78468,-0.273262 3.78467,-0.273262 1.65765,2.529903 C 279.26057,23.327315 279.38345,24 278,24 l -1,0 0,-1.432612 z"
     id="path2987"
     inkscape:connector-curvature="0" />
  <rect
     style="fill:#ffffff;fill-opacity:1;stroke:none"
     id="rect2982"
     width="40.938271"
     height="11.4159"
     x="300.50848"
     y="70.55085" />
  <text
     xml:space="preserve"
     style="font-size:11.62875652px;font-style:normal;font-variant:normal;font-weight:bold;font-stretch:normal;text-align:center;line-height:125%;letter-spacing:0px;word-spacing:0px;text-anchor:middle;fill:#000000;fill-opacity:1;stroke:none;font-family:Comic Sans MS;-inkscape-font-specification:Sans Bold"
     x="320.6792"
     y="80.45076"
     id="text2984"
     sodipodi:linespacing="125%"><tspan
       sodipodi:role="line"
       id="tspan2986"
       x="320.6792"
       y="80.45076">CHUAC!</tspan></text>
</svg>
