<?xml version="1.0" encoding="UTF-8" standalone="no"?>
<svg
   xmlns:dc="http://purl.org/dc/elements/1.1/"
   xmlns:cc="http://creativecommons.org/ns#"
   xmlns:rdf="http://www.w3.org/1999/02/22-rdf-syntax-ns#"
   xmlns:svg="http://www.w3.org/2000/svg"
   xmlns="http://www.w3.org/2000/svg"
   xmlns:sodipodi="http://sodipodi.sourceforge.net/DTD/sodipodi-0.dtd"
   xmlns:inkscape="http://www.inkscape.org/namespaces/inkscape"
   version="1.0"
   width="708.000000pt"
   height="567.000000pt"
   viewBox="0 0 708.000000 567.000000"
   preserveAspectRatio="xMidYMid meet"
   id="svg3245"
   inkscape:version="0.48.4 r9939"
   sodipodi:docname="3.svg">
  <defs
     id="defs3321" />
  <sodipodi:namedview
     pagecolor="#ffffff"
     bordercolor="#666666"
     borderopacity="1"
     objecttolerance="10"
     gridtolerance="10"
     guidetolerance="10"
     inkscape:pageopacity="0"
     inkscape:pageshadow="2"
     inkscape:window-width="1600"
     inkscape:window-height="824"
     id="namedview3319"
     showgrid="false"
     inkscape:zoom="0.47090568"
     inkscape:cx="915.91643"
     inkscape:cy="407.47644"
     inkscape:window-x="0"
     inkscape:window-y="24"
     inkscape:window-maximized="1"
     inkscape:current-layer="svg3245" />
  <metadata
     id="metadata3247">
Created by potrace 1.10, written by Peter Selinger 2001-2011
<rdf:RDF>
  <cc:Work
     rdf:about="">
    <dc:format>image/svg+xml</dc:format>
    <dc:type
       rdf:resource="http://purl.org/dc/dcmitype/StillImage" />
  </cc:Work>
</rdf:RDF>
</metadata>
  <g
     transform="translate(0.000000,567.000000) scale(0.100000,-0.100000)"
     fill="#000000"
     stroke="none"
     id="g3249">
    <path
       d="M200 2810 l0 -2760 3375 0 3375 0 0 2760 0 2760 -3375 0 -3375 0 0 -2760z m6690 0 l0 -2700 -3315 0 -3315 0 0 2700 0 2700 3315 0 3315 0 0 -2700z"
       id="path3251" />
    <path
       d="M987 5391 l-39 -6 0 -130 c-1 -109 2 -131 16 -139 27 -18 51 5 51 50 l0 39 54 3 c68 4 90 27 91 95 0 39 -5 52 -26 72 -28 26 -62 30 -147 16z m108 -91 l0 -55 -40 0 -40 0 -3 44 c-5 63 2 73 45 69 l38 -3 0 -55z"
       id="path3253" />
    <path
       d="M1617 5358 c-40 -43 -45 -58 -22 -58 12 0 15 -14 15 -65 0 -52 5 -72 22 -95 12 -17 30 -30 40 -30 25 0 36 30 15 42 -23 12 -25 136 -2 144 20 8 19 30 -1 38 -10 4 -13 13 -9 25 3 10 0 23 -8 29 -10 8 -22 1 -50 -30z"
       id="path3255" />
    <path
       d="M1240 5333 c-34 -14 -49 -47 -50 -110 0 -52 4 -66 24 -87 34 -37 96 -36 131 1 21 23 25 37 25 88 0 51 -4 65 -25 88 -25 27 -67 35 -105 20z m65 -108 c0 -68 -1 -70 -25 -70 -23 0 -25 4 -28 59 -4 73 2 88 30 84 21 -3 23 -8 23 -73z"
       id="path3257" />
    <path
       d="M1494 5326 c-4 -10 0 -22 9 -29 12 -9 17 -33 19 -97 3 -83 4 -85 28 -85 25 0 25 2 28 88 2 71 0 88 -13 93 -8 3 -15 12 -15 20 0 8 -4 14 -9 14 -5 0 -16 3 -25 6 -10 4 -18 0 -22 -10z"
       id="path3259" />
    <path
       d="M1756 5315 c-23 -21 -26 -32 -26 -90 0 -58 3 -69 26 -90 19 -17 39 -25 64 -25 25 0 45 8 64 25 23 21 26 32 26 90 0 58 -3 69 -26 90 -19 17 -39 25 -64 25 -25 0 -45 -8 -64 -25z m89 -90 c0 -68 -1 -70 -25 -70 -23 0 -25 4 -28 59 -4 73 2 88 30 84 21 -3 23 -8 23 -73z"
       id="path3261" />
    <path
       d="M1966 5315 c-14 -13 -26 -32 -26 -43 0 -21 39 -62 61 -62 21 -1 62 -38 54 -50 -9 -15 -41 -12 -55 5 -14 16 -60 21 -60 6 0 -6 11 -21 24 -35 34 -38 97 -36 137 3 16 16 29 36 29 43 0 16 -52 58 -72 58 -20 1 -60 38 -53 50 9 14 41 12 54 -4 15 -18 45 -26 62 -15 11 6 7 15 -16 39 -38 40 -99 42 -139 5z"
       id="path3263" />
    <path
       d="M1400 5226 c0 -96 2 -105 20 -111 33 -10 40 3 40 72 0 47 5 72 16 84 14 16 14 19 -5 38 -12 12 -32 21 -46 21 l-25 0 0 -104z"
       id="path3265" />
    <path
       d="M598 4819 c-35 -38 -37 -43 -39 -118 -2 -70 1 -80 23 -104 20 -21 35 -27 66 -27 58 0 92 37 92 101 0 55 -27 86 -80 91 -30 3 -35 7 -35 28 0 30 35 40 55 15 14 -16 60 -21 60 -6 0 6 -11 21 -24 35 -36 39 -73 34 -118 -15z m77 -149 c0 -52 -1 -55 -25 -55 -23 0 -25 4 -28 58 l-3 58 28 -3 c27 -3 28 -5 28 -58z"
       id="path3267" />
    <path
       d="M796 4835 c-25 -23 -26 -29 -26 -117 0 -86 2 -95 25 -121 36 -38 97 -38 132 -1 22 24 24 35 25 118 1 85 -1 94 -24 119 -34 36 -94 38 -132 2z m89 -120 c0 -100 0 -100 -25 -100 -25 0 -25 1 -28 89 -3 105 0 118 30 114 22 -3 23 -7 23 -103z"
       id="path3269" />
    <path
       d="M1098 4723 c-21 -26 -4 -48 41 -53 l44 -5 0 -235 0 -235 -44 0 c-37 0 -44 -3 -44 -20 0 -17 7 -20 44 -20 l43 0 1 -235 0 -235 -44 -5 c-39 -4 -44 -8 -44 -30 0 -22 5 -26 44 -30 l44 -5 0 -235 -1 -235 -43 0 c-37 0 -44 -3 -44 -20 0 -17 7 -20 44 -20 l43 0 1 -250 0 -250 -44 -5 c-39 -4 -44 -8 -44 -30 0 -22 5 -26 44 -30 l44 -5 0 -235 -1 -235 -43 0 c-37 0 -44 -3 -44 -20 0 -17 7 -20 44 -20 l43 0 1 -235 0 -235 -44 -5 c-32 -4 -45 -10 -47 -24 -6 -28 14 -41 59 -37 l41 3 -3 -43 c-3 -31 1 -45 14 -53 30 -19 52 4 48 52 l-3 42 662 0 662 0 -3 -42 c-4 -48 18 -71 48 -52 13 8 17 22 14 52 l-3 42 677 0 677 0 -4 -41 c-2 -31 1 -44 15 -53 30 -19 53 4 49 53 l-4 41 662 0 662 0 -4 -41 c-4 -49 19 -72 50 -53 13 9 16 22 14 53 l-4 41 674 -2 673 -3 0 -45 c0 -38 3 -45 20 -45 20 0 20 8 23 1663 2 1335 0 1663 -10 1667 -7 3 -1290 6 -2851 8 -2201 1 -2841 -1 -2849 -10z m5662 -290 l0 -238 -208 -3 c-114 -2 -328 -3 -477 -2 -148 0 -1294 2 -2545 5 l-2275 5 -3 235 -2 235 2755 0 2755 0 0 -237z m-980 -509 c3 -124 3 -230 0 -235 -6 -9 -352 -10 -2852 -9 l-1678 0 0 233 c0 129 2 236 4 238 2 2 1021 3 2263 2 l2258 -3 5 -226z m980 -7 l0 -237 -187 2 c-143 2 -188 6 -187 16 1 6 2 111 3 231 1 199 3 220 18 223 10 2 93 3 185 3 l168 0 0 -238z m-420 187 c14 -37 14 -2541 -1 -2549 -6 -4 -13 -4 -17 0 -4 4 -8 576 -9 1272 l-1 1265 -234 2 c-213 1 -233 2 -236 19 -3 16 14 17 243 17 l245 0 10 -26z m-133 -128 l28 -24 3 -904 c4 -1040 -4 -1388 -31 -1416 -14 -13 -39 -18 -125 -20 -121 -4 -158 6 -172 44 -6 16 -13 198 -16 433 -3 223 -10 423 -14 444 -5 21 -4 53 1 70 11 40 12 959 0 1007 -5 22 -3 64 5 110 7 41 13 111 14 155 0 123 3 125 155 125 117 0 126 -1 152 -24z m-1809 -592 l-3 -236 -387 -1 -387 -2 -3 130 -3 130 -297 3 c-234 2 -298 0 -300 -10 0 -7 -2 -66 -2 -131 l-1 -118 -420 -5 c-456 -5 -876 -5 -1160 -1 l-180 3 -3 237 -2 237 1575 0 1575 0 -2 -236z m1384 229 c2 -5 2 -111 0 -238 l-3 -230 -387 2 -387 1 -3 236 -2 236 389 0 c215 0 391 -3 393 -7z m978 -230 l0 -238 -183 1 -182 1 -5 229 c-3 126 -4 232 -2 237 2 4 86 7 188 7 l184 0 0 -237z m-2299 -295 c1 -978 -2 -1512 -9 -1522 -10 -15 -18 863 -14 1497 2 317 7 517 13 517 5 0 9 -189 10 -492z m501 -13 c5 -774 -1 -1515 -12 -1515 -6 0 -10 203 -12 505 -5 774 1 1515 12 1515 6 0 10 -203 12 -505z m-124 452 c14 -15 18 -48 24 -220 9 -270 9 -1179 0 -1446 -9 -264 -1 -251 -162 -251 -161 0 -153 -11 -162 242 -8 263 -8 1206 0 1461 9 246 -1 232 165 231 97 0 120 -3 135 -17z m-1280 -194 c-3 -17 -23 -18 -238 -19 l-235 -1 -2 -878 c-1 -482 -4 -880 -8 -883 -23 -24 -26 61 -23 890 2 724 5 878 17 891 12 15 42 17 253 17 223 0 239 -1 236 -17z m-113 -111 c20 -5 36 -20 48 -43 16 -33 17 -78 18 -504 0 -470 -7 -913 -17 -993 -5 -37 -9 -44 -42 -58 -25 -10 -69 -15 -136 -15 -145 1 -139 -8 -147 239 -12 332 -10 1287 2 1319 20 54 30 58 141 61 57 1 117 -1 133 -6z m-1838 -149 c1 -15 4 -128 5 -251 l3 -222 -182 0 -183 0 0 248 c0 137 2 251 4 253 2 2 82 3 178 2 l173 -1 2 -29z m1411 -222 l2 -251 -396 2 -397 3 2 245 c1 134 6 247 11 250 4 3 181 4 392 4 l383 -2 3 -251z m1380 0 l2 -251 -389 0 c-249 0 -391 4 -393 10 -1 5 -2 119 0 252 l3 243 387 -2 387 -1 3 -251z m1384 11 c2 -133 2 -247 0 -252 -2 -6 -144 -10 -393 -10 l-389 0 0 248 c0 137 2 251 4 253 2 2 178 4 390 4 l385 0 3 -243z m978 -10 l0 -252 -186 2 -186 3 1 244 c1 135 4 247 6 250 1 3 85 6 184 6 l181 0 0 -253z m-4585 219 c13 -21 -31 -26 -243 -26 l-223 0 -2 -745 c-2 -700 -3 -745 -19 -748 -17 -3 -18 38 -18 752 0 708 1 756 18 765 22 13 479 15 487 2z m-95 -129 c20 -17 23 -31 32 -178 5 -87 9 -175 8 -194 0 -19 -3 -210 -5 -425 -4 -418 -8 -487 -31 -509 -33 -33 -239 -35 -271 -3 -17 17 -18 59 -18 651 0 609 1 635 19 655 17 19 30 21 131 21 94 0 117 -3 135 -18z m-467 -638 l-2 -237 -178 0 -178 0 -3 236 -2 237 182 0 183 0 -2 -236z m1405 0 l-3 -236 -388 0 c-214 0 -391 2 -393 5 -3 3 -7 419 -5 460 1 4 179 7 396 7 l395 0 -2 -236z m1380 0 l-3 -236 -387 -1 -387 -2 -3 230 c-2 127 -2 233 0 238 2 4 178 7 393 7 l389 0 -2 -236z m1384 229 c2 -5 2 -111 0 -238 l-3 -230 -387 2 -387 1 -3 236 -2 236 389 0 c215 0 391 -3 393 -7z m978 -230 l0 -238 -183 1 -182 1 -5 229 c-3 126 -4 232 -2 237 2 4 86 7 188 7 l184 0 0 -237z m-5148 -514 l0 -234 -181 -3 -181 -2 0 233 c0 129 2 236 4 238 2 2 84 4 181 3 l176 -1 1 -234z m1406 -3 l2 -236 -394 0 -395 0 -3 231 c-2 126 0 233 4 237 4 4 182 6 395 5 l388 -1 3 -236z m1380 0 l2 -236 -390 0 -390 0 0 238 0 237 387 -2 388 -1 3 -236z m1382 2 l0 -238 -390 0 -390 0 0 233 c0 129 2 236 4 238 2 2 178 4 390 4 l386 0 0 -237z m982 9 c2 -125 2 -232 0 -237 -6 -16 -372 -13 -372 3 -2 70 2 451 4 456 2 3 85 6 185 6 l180 0 3 -228z"
       id="path3271" />
    <path
       d="M595 4282 c-3 -3 -5 -16 -5 -28 0 -13 -7 -27 -16 -32 -10 -6 -17 -24 -18 -48 -1 -36 1 -39 27 -42 18 -2 33 3 41 13 7 10 21 15 32 13 16 -3 19 -12 19 -58 0 -45 -3 -55 -18 -58 -11 -2 -28 6 -38 17 -23 24 -57 28 -65 6 -10 -25 46 -64 92 -65 61 0 94 34 94 98 0 61 -28 92 -83 92 -43 0 -46 8 -13 40 17 15 33 21 50 18 32 -6 51 5 43 26 -5 13 -20 16 -71 15 -36 -1 -68 -4 -71 -7z"
       id="path3273" />
    <path
       d="M796 4265 c-25 -23 -26 -29 -26 -117 0 -86 2 -95 25 -121 36 -38 97 -38 132 -1 22 24 25 35 25 119 0 84 -3 95 -25 119 -33 35 -93 36 -131 1z m89 -120 c0 -100 0 -100 -25 -100 -25 0 -25 1 -28 89 -3 105 0 118 30 114 22 -3 23 -7 23 -103z"
       id="path3275" />
    <path
       d="M673 3724 c-13 -14 -23 -34 -23 -44 0 -11 -9 -24 -20 -30 -14 -8 -19 -17 -15 -30 4 -13 -1 -22 -15 -30 -22 -12 -27 -44 -7 -57 6 -4 28 -8 47 -8 31 0 35 -3 40 -30 4 -24 10 -30 30 -30 19 0 26 6 28 25 2 14 11 31 19 37 15 12 15 14 0 31 -12 13 -17 41 -19 102 -3 76 -5 85 -23 88 -11 1 -30 -9 -42 -24z m7 -119 c0 -41 -2 -45 -24 -45 -31 0 -40 14 -21 30 8 7 15 23 15 36 0 15 6 24 15 24 11 0 15 -12 15 -45z"
       id="path3277" />
    <path
       d="M826 3725 c-25 -23 -26 -29 -26 -120 0 -91 1 -97 26 -120 38 -36 98 -34 132 2 23 25 24 33 23 120 -2 82 -5 96 -25 118 -32 34 -93 35 -130 0z m89 -120 c0 -100 0 -100 -25 -100 -25 0 -25 1 -28 89 -3 105 0 118 30 114 22 -3 23 -7 23 -103z"
       id="path3279" />
    <path
       d="M607 3214 c-32 -27 -30 -54 2 -54 11 0 29 9 40 21 25 27 56 22 56 -11 0 -17 -6 -26 -20 -28 -41 -7 -49 -12 -36 -25 6 -6 21 -12 34 -12 20 0 22 -5 22 -55 0 -49 -2 -55 -22 -58 -14 -2 -26 4 -33 17 -13 24 -58 28 -66 6 -10 -25 46 -64 92 -65 62 0 94 34 94 100 0 36 -4 52 -15 56 -8 4 -15 12 -15 19 0 7 7 15 15 19 23 9 18 44 -11 71 -37 34 -98 34 -137 -1z"
       id="path3281" />
    <path
       d="M825 3213 c-23 -26 -25 -35 -25 -118 0 -83 2 -92 25 -118 36 -38 97 -38 133 0 23 25 24 33 23 120 -2 82 -5 96 -25 118 -34 36 -96 35 -131 -2z m90 -118 c0 -100 0 -100 -25 -100 -25 0 -25 1 -28 89 -3 105 0 118 30 114 22 -3 23 -7 23 -103z"
       id="path3283" />
    <path
       d="M577 2674 c-17 -14 -27 -31 -23 -39 8 -22 53 -18 66 6 18 33 54 21 58 -20 3 -30 -4 -40 -62 -96 -96 -92 -88 -114 39 -112 73 2 80 4 80 22 0 18 -6 20 -51 17 -29 -2 -54 0 -57 5 -3 5 21 35 54 68 49 49 59 65 59 92 0 76 -102 112 -163 57z"
       id="path3285" />
    <path
       d="M796 2675 c-25 -23 -26 -29 -26 -120 0 -91 1 -97 26 -120 38 -35 98 -34 131 1 22 24 25 35 25 119 0 84 -3 95 -25 119 -33 35 -93 36 -131 1z m89 -120 c0 -100 0 -100 -25 -100 -25 0 -25 1 -28 89 -3 105 0 118 30 114 22 -3 23 -7 23 -103z"
       id="path3287" />
    <path
       d="M623 2145 c-46 -48 -56 -85 -24 -85 10 0 21 7 25 15 3 8 10 15 17 15 7 0 10 -28 8 -87 -3 -70 0 -88 12 -96 9 -6 24 -7 33 -4 15 6 16 23 14 144 -3 130 -4 138 -23 140 -12 1 -36 -15 -62 -42z"
       id="path3289" />
    <path
       d="M796 2165 c-25 -23 -26 -29 -26 -120 0 -91 1 -97 26 -120 38 -35 98 -34 131 1 22 24 25 35 25 119 0 84 -3 95 -25 119 -33 35 -93 36 -131 1z m89 -120 c0 -100 0 -100 -25 -100 -25 0 -25 1 -28 89 -3 105 0 118 30 114 22 -3 23 -7 23 -103z"
       id="path3291" />
    <path
       d="M791 1653 c-21 -25 -23 -37 -23 -118 0 -83 2 -94 24 -118 36 -38 100 -38 136 0 23 25 25 34 24 119 -1 83 -3 94 -25 118 -35 37 -102 37 -136 -1z m94 -118 c0 -100 0 -100 -25 -100 -25 0 -25 1 -28 89 -3 105 0 118 30 114 22 -3 23 -7 23 -103z"
       id="path3293" />
    <path
       d="M1946 1223 c-3 -4 -6 -17 -6 -30 0 -13 -7 -26 -15 -29 -11 -4 -15 -21 -15 -58 0 -37 -5 -56 -18 -67 -22 -19 -23 -78 -1 -92 26 -16 49 -1 49 33 0 29 2 30 45 30 43 0 45 -1 45 -30 0 -34 23 -49 49 -33 22 14 21 73 -1 92 -13 11 -18 30 -18 67 0 36 -4 54 -14 57 -8 3 -16 18 -18 34 -3 24 -8 28 -39 30 -20 1 -39 -1 -43 -4z m54 -123 c0 -47 -3 -60 -15 -60 -12 0 -15 13 -15 60 0 47 3 60 15 60 12 0 15 -13 15 -60z"
       id="path3295" />
    <path
       d="M3203 1217 c-3 -5 -5 -64 -5 -132 0 -68 2 -127 5 -132 3 -4 39 -9 81 -11 72 -3 78 -1 105 25 23 23 27 35 23 66 -3 23 -9 37 -18 37 -8 0 -14 7 -14 15 0 8 6 15 14 15 9 0 15 14 18 37 4 31 0 43 -23 66 -27 26 -33 28 -105 25 -42 -2 -78 -7 -81 -11z m142 -72 c0 -40 0 -40 -40 -40 -36 0 -40 2 -43 28 -6 47 4 59 45 55 37 -3 38 -4 38 -43z m0 -120 c0 -40 0 -40 -40 -40 -36 0 -40 2 -43 28 -6 47 4 59 45 55 37 -3 38 -4 38 -43z"
       id="path3297" />
    <path
       d="M4646 1187 c-37 -39 -39 -46 -39 -102 0 -57 2 -62 41 -102 35 -38 46 -43 84 -43 48 1 104 39 94 65 -7 19 -55 19 -62 0 -10 -26 -43 -28 -69 -3 -21 19 -25 32 -25 83 0 51 4 64 25 83 26 25 59 23 69 -3 7 -19 55 -19 62 0 4 8 -6 25 -23 39 -21 19 -39 25 -73 25 -40 0 -49 -5 -84 -42z"
       id="path3299" />
    <path
       d="M6023 1217 c-7 -12 -6 -257 1 -265 4 -3 34 -7 67 -9 59 -4 60 -3 101 39 39 41 41 46 41 103 0 57 -2 62 -41 103 -40 42 -42 42 -102 40 -34 -2 -64 -7 -67 -11z m123 -49 c20 -19 24 -33 24 -83 0 -51 -4 -64 -25 -83 -13 -13 -32 -22 -42 -20 -15 3 -18 16 -21 92 -2 49 -1 95 2 103 8 20 35 16 62 -9z"
       id="path3301" />
    <path
       d="M3463 434 c-8 -21 7 -35 35 -32 l27 3 3 -117 3 -118 29 0 29 0 3 118 3 117 25 0 c18 0 25 6 25 20 0 18 -7 20 -88 21 -65 1 -90 -2 -94 -12z"
       id="path3303" />
    <path
       d="M3687 444 c-19 -19 -6 -35 26 -32 39 4 45 32 7 36 -14 2 -29 0 -33 -4z"
       id="path3305" />
    <path
       d="M3866 383 c-12 -12 -6 -33 9 -33 12 0 15 -17 15 -90 l0 -90 30 0 30 0 0 67 c0 47 5 72 16 84 14 16 14 19 -4 37 -19 19 -85 36 -96 25z"
       id="path3307" />
    <path
       d="M3983 374 c-4 -10 0 -20 10 -26 14 -7 17 -25 17 -93 l0 -85 30 0 30 0 0 83 c0 74 -2 85 -25 110 -29 31 -53 35 -62 11z"
       id="path3309" />
    <path
       d="M4125 363 c-21 -24 -25 -37 -25 -88 1 -82 20 -105 89 -105 50 0 91 23 91 50 0 16 -46 12 -60 -5 -21 -25 -54 -15 -58 17 -3 26 -2 27 55 30 l58 3 3 37 c7 79 -97 120 -153 61z m93 -45 c3 -25 0 -28 -27 -28 -26 0 -31 4 -31 23 0 30 9 39 35 35 13 -2 21 -12 23 -30z"
       id="path3311" />
    <path
       d="M4336 365 c-14 -13 -26 -32 -26 -43 0 -21 39 -62 61 -62 18 -1 59 -35 59 -49 0 -16 -46 -13 -60 4 -14 17 -60 21 -60 5 0 -27 41 -50 90 -50 42 0 55 5 75 26 14 15 25 31 25 35 0 13 -54 59 -70 59 -22 1 -63 38 -55 50 9 14 41 12 54 -4 15 -18 45 -26 62 -15 11 6 7 15 -16 39 -38 40 -99 42 -139 5z"
       id="path3313" />
    <path
       d="M3680 275 l0 -105 30 0 30 0 0 105 0 105 -30 0 -30 0 0 -105z"
       id="path3315" />
    <path
       d="M3770 275 l0 -105 30 0 30 0 0 67 c0 47 5 72 16 84 14 16 14 19 -5 38 -12 12 -32 21 -46 21 l-25 0 0 -105z"
       id="path3317" />
  </g>
  <path
     style="fill:#000000;fill-opacity:1;fill-rule:nonzero;stroke:none"
     d="m 236.67959,337.88046 c -5.56134,-0.24672 -12.98874,1.25123 -11.87194,8.49337 -1.91807,50.25211 -1.83192,100.85809 -0.84464,151.19124 -0.17579,7.50308 7.03632,11.64782 13.98355,10.55804 8.46162,-0.40181 23.09779,2.56751 25.05776,-9.10338 3.51512,-34.61822 2.74779,-69.68991 2.96135,-104.50055 -0.91352,-17.6914 0.78186,-36.39687 -4.46294,-53.30707 -6.43241,-4.94729 -17.19105,-2.8065 -24.82314,-3.33165 z"
     id="path5466"
     inkscape:connector-curvature="0"
     transform="scale(0.8,0.8)" />
  <path
     style="fill:#000000;fill-opacity:1;fill-rule:nonzero;stroke:none"
     d="m 405.18603,304.28241 c -11.21928,0.89549 -9.74862,15.62189 -10.5667,23.60207 -0.41094,55.13743 -0.32383,110.35388 1.22869,165.45737 -0.54105,7.29958 3.82978,16.92876 12.76351,15.20359 8.83566,-1.45944 20.85226,2.24435 27.31015,-5.49019 4.51615,-19.52684 2.31864,-40.31388 3.69531,-60.34469 0.43,-43.53104 2.04233,-87.30665 -1.63063,-130.68558 -5.16091,-11.75902 -23.09638,-6.19306 -32.80033,-7.74257 z"
     id="path5468"
     inkscape:connector-curvature="0"
     transform="scale(0.8,0.8)" />
  <path
     style="fill:#000000;fill-opacity:1;fill-rule:nonzero;stroke:none"
     d="m 590.96074,264.20875 c -8.16314,0.10016 -21.27162,-1.5844 -23.04,9.33801 -4.02792,35.26902 -1.44893,71.04767 -2.25239,106.51897 0.80619,39.88982 -0.94002,80.01062 2.15854,119.75172 1.72672,10.73247 14.63373,8.72587 22.57076,8.77491 7.04075,1.42107 15.83631,-1.19765 16.32978,-9.57263 3.66157,-36.20089 2.3149,-72.85328 3.08717,-109.24054 -0.55527,-38.36494 0.3928,-76.94252 -2.89948,-115.15316 -0.22582,-7.44495 -7.29343,-12.09157 -14.45261,-10.44074 l -1.5014,0.0235 -3.7e-4,0 z"
     id="path5470"
     inkscape:connector-curvature="0"
     transform="scale(0.8,0.8)" />
  <path
     style="fill:#000000;fill-opacity:1;fill-rule:nonzero;stroke:none"
     d="m 755.52551,207.47684 c -6.15904,0.83281 -17.78121,-1.34059 -18.11292,7.7895 -4.09875,33.6282 -1.70183,67.75774 -2.62225,101.59182 0.5849,60.40602 -1.15657,120.99428 2.80995,181.27 0.21006,9.65247 11.16888,11.60298 18.81593,10.27284 6.57359,-1.19931 16.0342,1.27714 20.69463,-4.36033 4.8087,-29.77728 2.81261,-60.38729 3.83218,-90.51708 0.44812,-66.11603 0.26883,-132.23406 0.34412,-198.3511 -5.91462,-8.01768 -16.66724,-8.27202 -25.76164,-7.69565 z"
     id="path5472"
     inkscape:connector-curvature="0"
     transform="scale(0.8,0.8)" />
</svg>
