<?xml version="1.0" standalone="no"?>
<!DOCTYPE svg PUBLIC "-//W3C//DTD SVG 20010904//EN"
 "http://www.w3.org/TR/2001/REC-SVG-20010904/DTD/svg10.dtd">
<svg version="1.0" xmlns="http://www.w3.org/2000/svg"
 width="900.000000pt" height="561.000000pt" viewBox="0 0 900.000000 561.000000"
 preserveAspectRatio="xMidYMid meet">
<metadata>
Created by potrace 1.10, written by Peter Selinger 2001-2011
</metadata>
<g transform="translate(0.000000,561.000000) scale(0.100000,-0.100000)"
fill="#000000" stroke="none">
<path d="M8908 5255 c-3 -55 -5 -1234 -6 -2620 l-2 -2520 -4415 0 c-3885 0
-4415 -2 -4413 -15 2 -8 20 -17 43 -21 22 -4 54 -13 70 -21 25 -11 770 -13
4316 -16 2358 -1 4317 1 4355 5 63 7 70 10 84 38 13 26 15 328 18 2585 2 1405
0 2573 -3 2595 -3 22 -14 51 -25 65 l-19 25 -3 -100z"/>
<path d="M297 5303 c-4 -3 -7 -1112 -7 -2463 0 -2188 2 -2459 15 -2470 12 -10
587 -11 2923 -6 1599 4 3481 8 4182 9 l1275 2 0 2465 0 2465 -4191 3 c-2305 1
-4194 -1 -4197 -5z m833 -798 c7 -8 18 -15 24 -15 21 0 88 -77 84 -96 -6 -34
-41 -27 -83 16 -35 36 -44 40 -87 40 -70 0 -128 -37 -154 -99 -18 -43 -18 -70
2 -117 25 -60 77 -104 124 -104 47 0 107 28 116 53 9 28 44 55 63 50 15 -4 19
3 24 38 3 24 11 45 16 47 6 2 11 11 11 21 0 20 19 41 38 41 7 0 21 7 30 16 20
20 98 13 137 -12 58 -38 83 -151 51 -229 -20 -47 -83 -85 -141 -85 -25 0 -45
4 -45 10 0 5 -11 12 -25 16 -15 4 -34 23 -51 51 -28 49 -28 49 -52 2 -25 -49
-90 -79 -169 -79 -34 0 -63 4 -63 9 0 5 -10 13 -22 16 -36 11 -87 66 -98 105
-13 48 -13 166 1 193 16 31 81 97 95 97 6 0 17 7 24 15 9 10 32 15 75 15 43 0
66 -5 75 -15z m1285 -6 c10 -16 6 -412 -4 -422 -5 -5 -18 -6 -30 -2 -20 6 -21
12 -21 214 0 114 3 211 7 214 10 11 41 8 48 -4z m455 -44 c0 -43 2 -46 30 -51
39 -8 40 -38 3 -56 -28 -13 -28 -14 -28 -113 0 -97 0 -99 25 -105 18 -4 25
-13 25 -30 0 -22 -5 -25 -38 -28 -31 -3 -43 2 -63 24 -24 25 -25 32 -23 130 2
85 0 107 -14 122 -22 24 -21 44 1 59 12 7 19 24 20 44 1 33 15 49 45 49 14 0
17 -9 17 -45z m1996 21 c3 -13 4 -32 2 -42 -2 -13 6 -20 30 -27 41 -13 42 -41
2 -62 l-30 -16 0 -93 0 -94 30 -11 c17 -5 30 -16 30 -23 0 -37 -58 -50 -98
-22 -21 14 -22 23 -22 131 0 111 -1 116 -25 135 -14 11 -25 24 -25 29 0 5 11
15 25 21 18 8 25 19 25 39 0 40 10 59 31 59 11 0 21 -9 25 -24z m-3106 -81
c16 -20 54 -19 85 1 33 21 80 12 111 -22 23 -24 24 -32 24 -152 0 -136 -7
-164 -37 -146 -15 9 -19 30 -23 129 -5 129 -13 144 -63 131 -34 -8 -42 -35
-38 -131 3 -93 -9 -135 -39 -135 -11 0 -21 1 -21 3 -1 1 -5 61 -8 132 l-6 130
-29 3 c-19 2 -36 -4 -52 -19 -23 -22 -25 -29 -23 -127 2 -110 -6 -136 -39
-116 -15 10 -17 32 -20 168 l-3 156 30 0 c16 0 33 -5 36 -10 4 -7 14 -5 28 5
27 19 71 19 87 0z m383 3 c54 27 124 -4 158 -69 24 -47 25 -128 2 -176 -28
-61 -127 -105 -160 -72 -24 24 -41 3 -36 -43 6 -47 -13 -76 -42 -64 -13 4 -15
37 -15 215 0 220 3 233 44 207 16 -10 26 -10 49 2z m536 -8 c61 -31 95 -101
75 -154 -5 -13 -24 -16 -99 -16 -121 0 -129 -3 -110 -41 10 -19 28 -32 54 -40
35 -10 43 -9 74 10 75 46 105 12 40 -46 -31 -27 -47 -33 -84 -33 -104 0 -159
58 -159 168 1 84 22 127 76 153 51 24 86 24 133 -1z m468 -3 c63 -33 103 -123
71 -155 -8 -8 -48 -12 -114 -12 -57 0 -106 -4 -109 -10 -7 -12 64 -80 85 -80
8 0 35 9 59 20 52 24 60 25 68 4 4 -11 -7 -27 -32 -50 -33 -29 -46 -34 -86
-34 -99 0 -159 66 -159 176 0 35 4 64 8 64 4 0 12 13 18 28 13 33 75 70 119
71 17 1 49 -9 72 -22z m513 -7 c23 -23 25 -33 28 -150 2 -69 8 -130 13 -136
21 -26 -25 -33 -52 -8 -18 16 -59 12 -59 -7 0 -5 -25 -9 -56 -9 -51 0 -58 3
-90 36 -38 41 -41 58 -18 107 18 37 53 58 129 76 55 13 71 24 61 40 -11 17
-121 14 -136 -4 -14 -17 -60 -21 -60 -5 0 22 35 63 65 76 18 9 54 13 90 11 49
-2 66 -8 85 -27z m382 16 c8 -7 23 -16 35 -20 24 -8 37 -44 22 -62 -12 -14
-44 -8 -60 12 -14 17 -109 19 -109 2 0 -25 34 -48 72 -48 21 0 38 -4 38 -10 0
-5 11 -10 25 -10 18 0 31 -10 45 -32 24 -40 25 -55 5 -96 -20 -40 -65 -62
-125 -62 -42 0 -53 5 -89 40 -49 48 -55 80 -13 80 19 0 38 -10 55 -30 27 -29
50 -36 94 -24 44 12 36 52 -13 59 -52 8 -108 32 -136 60 -33 31 -38 83 -10
108 49 44 136 62 164 33z m346 -14 c38 -27 64 -89 53 -128 l-7 -29 -100 -3
c-54 -1 -103 -7 -107 -11 -14 -14 9 -46 47 -66 35 -19 35 -19 85 4 46 22 81
23 81 3 0 -5 -18 -25 -40 -45 -35 -33 -45 -37 -95 -37 -30 0 -55 4 -55 9 0 5
-13 14 -29 19 -60 21 -91 154 -52 227 42 81 147 108 219 57z m329 -7 c21 -24
23 -35 23 -153 0 -136 -7 -164 -37 -146 -15 9 -18 29 -21 124 -1 63 -8 120
-14 127 -17 21 -72 16 -96 -10 -19 -20 -22 -36 -24 -132 -3 -110 -3 -110 -28
-110 l-25 0 -3 163 -2 162 29 0 c16 0 33 -5 36 -10 4 -6 14 -4 28 6 34 24 105
13 134 -21z m434 14 c50 -25 83 -88 70 -135 l-7 -29 -100 -3 c-54 -1 -103 -7
-107 -11 -14 -14 9 -46 47 -66 35 -19 35 -19 85 4 46 22 81 23 81 3 0 -5 -18
-25 -40 -45 -35 -33 -45 -37 -95 -37 -30 0 -55 4 -55 9 0 5 -12 13 -28 19 -17
6 -35 25 -50 54 -44 89 -20 191 55 235 48 28 93 29 144 2z m346 -14 c21 -24
23 -35 23 -153 0 -136 -7 -164 -37 -146 -15 9 -18 29 -21 124 -1 63 -8 120
-14 127 -17 21 -72 16 -96 -10 -19 -20 -22 -36 -24 -132 -3 -110 -3 -110 -28
-110 l-25 0 -3 163 -2 162 29 0 c16 0 33 -5 36 -10 4 -6 14 -4 28 6 34 24 105
13 134 -21z m292 0 c43 -39 67 -44 76 -16 17 53 171 69 218 23 20 -20 23 -36
28 -150 3 -70 7 -133 10 -141 6 -21 -32 -27 -43 -7 -11 20 -42 21 -58 1 -8
-10 -31 -15 -65 -15 -55 0 -73 12 -119 75 -15 20 -15 20 -22 0 -10 -27 -55
-75 -71 -75 -17 0 -16 -10 2 -34 20 -26 19 -29 -11 -65 -29 -35 -76 -42 -110
-17 -15 12 -17 18 -8 33 6 10 22 20 35 21 33 5 47 20 26 28 -9 3 -17 17 -17
30 0 17 -7 25 -25 30 -61 15 -89 157 -46 242 12 23 28 42 37 42 8 0 22 7 30
15 9 8 33 15 55 15 31 0 47 -8 78 -35z m469 3 c-2 -17 -10 -23 -28 -23 -18 0
-26 6 -28 23 -3 19 1 22 28 22 27 0 31 -3 28 -22z m0 -275 c-2 -22 -8 -28 -28
-28 -20 0 -26 6 -28 28 -3 24 0 27 28 27 28 0 31 -3 28 -27z m-1634 -929 c14
-5 16 -39 16 -274 0 -235 -2 -269 -16 -274 -29 -11 -1534 -7 -1555 4 -18 10
-19 24 -19 268 0 187 3 261 12 270 9 9 196 12 779 12 422 0 774 -3 783 -6z
m-2966 -180 c38 -11 21 -83 -28 -124 -4 -3 -17 -32 -30 -65 -12 -33 -26 -69
-31 -80 -4 -11 -13 -48 -20 -83 -14 -67 -29 -88 -55 -78 -14 5 -15 15 -10 59
4 28 7 60 7 69 0 10 4 20 10 23 5 4 9 13 9 21 0 16 38 106 49 114 3 3 16 20
29 38 28 39 25 41 -83 44 -76 3 -80 4 -83 27 -2 13 2 28 10 32 15 10 191 12
226 3z m309 -30 c21 -16 34 -36 39 -59 3 -20 10 -38 15 -41 15 -9 10 -166 -6
-194 -8 -14 -14 -34 -15 -45 0 -34 -58 -65 -121 -65 -68 0 -117 27 -126 70 -3
17 -10 33 -14 36 -11 6 -12 198 -1 208 4 4 12 23 17 43 8 27 21 41 55 60 54
29 107 25 157 -13z m277 21 c8 -8 21 -15 29 -15 20 0 31 -17 51 -74 21 -64 22
-200 1 -240 -8 -15 -15 -35 -15 -42 0 -26 -61 -54 -117 -54 -72 0 -98 15 -124
68 -19 41 -21 59 -17 162 2 63 10 126 17 140 25 52 142 88 175 55z m4635 9
c22 -5 31 -12 31 -26 0 -20 -17 -59 -30 -68 -12 -8 -70 -119 -70 -133 0 -6 -6
-24 -14 -39 -8 -15 -17 -57 -21 -93 -7 -59 -10 -66 -32 -71 -16 -4 -28 -2 -34
7 -11 16 -2 79 12 94 5 5 9 19 9 32 0 27 36 134 47 142 14 10 53 70 53 81 0 6
-34 10 -90 10 l-90 0 0 29 c0 16 6 32 13 34 18 8 179 8 216 1z m307 -29 c43
-33 54 -84 30 -130 -17 -30 -17 -33 4 -68 12 -20 26 -37 32 -37 12 0 47 41 48
56 0 6 9 19 20 29 11 10 20 22 20 28 0 5 15 27 33 48 17 21 43 52 56 69 16 21
30 30 45 28 20 -3 21 -9 24 -130 2 -115 5 -129 22 -138 27 -14 26 -56 0 -63
-16 -4 -20 -14 -20 -46 0 -28 -5 -44 -15 -47 -24 -9 -45 15 -45 51 0 41 -10
45 -111 45 -78 0 -80 0 -98 -31 -30 -49 -68 -69 -130 -69 -70 0 -110 26 -135
87 -19 45 -19 46 2 87 12 22 27 49 34 58 10 14 9 20 -5 36 -27 30 -22 82 13
124 46 55 114 60 176 13z m-1558 -108 c2 -101 6 -129 17 -133 19 -8 19 -60 1
-67 -9 -4 -16 -23 -18 -49 -3 -39 -6 -43 -30 -46 -21 -3 -28 1 -29 15 -3 29
-5 57 -7 70 -1 8 -30 13 -89 15 l-88 3 -3 31 c-2 17 3 38 10 45 7 8 29 39 48
69 18 30 46 67 62 82 15 15 28 32 28 39 0 25 44 60 70 57 l25 -3 3 -128z
m-2940 41 c7 -7 12 -29 12 -50 0 -37 1 -38 38 -38 41 0 62 -14 62 -42 0 -12
-11 -19 -34 -24 -19 -3 -39 -3 -44 0 -11 7 -35 -18 -26 -27 4 -3 3 -22 0 -42
-12 -62 -66 -41 -66 26 0 37 -1 38 -42 41 -40 3 -43 5 -43 33 0 28 3 30 43 33
42 3 42 3 42 42 0 27 6 42 18 49 22 13 26 13 40 -1z m2340 0 c7 -7 12 -29 12
-50 0 -37 1 -38 38 -38 41 0 62 -14 62 -42 0 -12 -11 -19 -34 -24 -19 -3 -39
-3 -44 0 -11 7 -35 -18 -26 -27 4 -3 3 -22 0 -42 -5 -24 -12 -35 -24 -35 -28
0 -42 21 -42 62 0 37 -1 38 -39 38 -46 0 -62 16 -50 48 7 18 16 22 49 22 40 0
40 0 40 40 0 27 6 42 18 49 22 13 26 13 40 -1z m1240 -40 c18 -18 15 -38 -7
-46 -11 -4 -76 -6 -145 -4 -124 3 -126 4 -126 26 0 12 3 26 7 29 12 13 258 8
271 -5z m6 -141 c8 -14 8 -20 -4 -27 -16 -11 -239 -14 -264 -4 -16 6 -22 35
-9 48 4 3 65 5 136 4 112 -3 131 -5 141 -21z"/>
<path d="M1343 4332 c-36 -23 -43 -119 -12 -168 16 -27 27 -34 53 -34 77 0
121 100 77 175 -15 25 -24 30 -62 33 -24 1 -49 -1 -56 -6z"/>
<path d="M2123 4313 c-27 -41 -20 -131 13 -160 33 -30 55 -29 93 3 28 23 31
31 31 83 0 47 -4 61 -23 79 -35 33 -91 30 -114 -5z"/>
<path d="M2550 4320 c-31 -31 -16 -40 58 -40 84 0 99 8 72 38 -28 30 -101 31
-130 2z"/>
<path d="M3012 4317 c-12 -13 -19 -27 -15 -30 3 -4 42 -7 85 -7 59 0 78 3 78
13 0 48 -109 66 -148 24z"/>
<path d="M3590 4231 c0 -6 -16 -11 -36 -11 -48 0 -74 -16 -74 -46 0 -16 8 -28
25 -36 38 -17 115 21 115 57 0 14 0 28 1 33 0 4 -7 8 -15 10 -9 2 -16 -1 -16
-7z"/>
<path d="M4236 4321 c-10 -11 -15 -25 -11 -30 7 -12 147 -15 158 -4 4 3 -3 17
-15 30 -29 31 -106 33 -132 4z"/>
<path d="M5016 4321 c-10 -11 -15 -25 -11 -30 7 -12 147 -15 158 -4 4 3 -3 17
-15 30 -29 31 -106 33 -132 4z"/>
<path d="M5650 4320 c-30 -30 -29 -133 3 -166 12 -13 34 -24 48 -24 26 0 71
39 83 74 5 14 12 17 31 12 20 -5 32 1 60 29 24 24 45 35 64 35 40 0 101 27
101 45 0 21 -112 21 -130 0 -7 -8 -25 -15 -40 -15 -15 0 -33 -7 -40 -15 -18
-22 -33 -19 -65 15 -35 36 -84 41 -115 10z"/>
<path d="M6020 4230 c0 -5 -20 -10 -44 -10 -81 0 -107 -67 -34 -85 26 -7 83
16 100 40 14 19 9 65 -7 65 -8 0 -15 -4 -15 -10z"/>
<path d="M3140 2901 c0 -124 4 -201 10 -203 5 -1 323 -2 705 0 l695 2 0 200 0
200 -705 0 -705 0 0 -199z"/>
<path d="M1810 2889 c-19 -35 -21 -55 -18 -128 2 -70 7 -92 26 -118 33 -47 81
-46 116 0 24 31 26 42 25 128 -1 124 -16 153 -82 157 -45 3 -47 2 -67 -39z"/>
<path d="M2144 2922 c-35 -24 -50 -178 -25 -254 20 -62 96 -78 133 -28 14 20
19 45 20 115 1 107 -7 152 -32 165 -22 12 -80 13 -96 2z"/>
<path d="M7052 2918 c-21 -21 -14 -66 12 -83 56 -37 120 8 97 68 -9 24 -16 27
-54 27 -24 0 -48 -5 -55 -12z"/>
<path d="M7381 2799 c-23 -33 -39 -64 -36 -70 8 -12 61 -12 83 0 14 7 16 21
14 70 -2 34 -7 61 -11 61 -5 0 -27 -27 -50 -61z"/>
<path d="M7053 2749 c-28 -18 -33 -27 -33 -58 0 -67 85 -105 138 -61 36 30 39
71 7 108 -32 38 -65 41 -112 11z"/>
<path d="M5515 2815 c-22 -35 -43 -64 -47 -65 -5 0 -8 -7 -8 -16 0 -12 10 -14
53 -12 l52 3 3 69 c2 38 -1 72 -5 77 -4 4 -26 -21 -48 -56z"/>
</g>
</svg>
