<?xml version="1.0" encoding="UTF-8" standalone="no"?>
<svg
   xmlns:dc="http://purl.org/dc/elements/1.1/"
   xmlns:cc="http://creativecommons.org/ns#"
   xmlns:rdf="http://www.w3.org/1999/02/22-rdf-syntax-ns#"
   xmlns:svg="http://www.w3.org/2000/svg"
   xmlns="http://www.w3.org/2000/svg"
   xmlns:sodipodi="http://sodipodi.sourceforge.net/DTD/sodipodi-0.dtd"
   xmlns:inkscape="http://www.inkscape.org/namespaces/inkscape"
   version="1.0"
   width="481.23367"
   height="430.86154"
   viewBox="0 0 384.98694 344.68923"
   preserveAspectRatio="xMidYMid meet"
   id="svg3031"
   inkscape:version="0.48.4 r9939"
   sodipodi:docname="6a.svg">
  <defs
     id="defs3113">
    <clipPath
       clipPathUnits="userSpaceOnUse"
       id="clipPath4527">
      <rect
         style="fill:none;stroke:#000000;stroke-width:8;stroke-miterlimit:4;stroke-opacity:1;stroke-dasharray:none"
         id="rect4529"
         width="3849.8694"
         height="3791.2422"
         x="621.69934"
         y="-3810.7844"
         transform="scale(1,-1)" />
    </clipPath>
  </defs>
  <sodipodi:namedview
     pagecolor="#ffffff"
     bordercolor="#666666"
     borderopacity="1"
     objecttolerance="10"
     gridtolerance="10"
     guidetolerance="10"
     inkscape:pageopacity="0"
     inkscape:pageshadow="2"
     inkscape:window-width="1600"
     inkscape:window-height="824"
     id="namedview3111"
     showgrid="false"
     inkscape:zoom="0.28946445"
     inkscape:cx="-285.67983"
     inkscape:cy="-214.11757"
     inkscape:window-x="0"
     inkscape:window-y="24"
     inkscape:window-maximized="1"
     inkscape:current-layer="svg3031"
     fit-margin-top="0"
     fit-margin-left="0"
     fit-margin-right="0"
     fit-margin-bottom="0" />
  <metadata
     id="metadata3033">
Created by potrace 1.10, written by Peter Selinger 2001-2011
<rdf:RDF>
  <cc:Work
     rdf:about="">
    <dc:format>image/svg+xml</dc:format>
    <dc:type
       rdf:resource="http://purl.org/dc/dcmitype/StillImage" />
    <dc:title></dc:title>
  </cc:Work>
</rdf:RDF>
</metadata>
  <g
     transform="matrix(0.1,0,0,-0.1,-62.169934,360.8009)"
     id="g3035"
     clip-path="url(#clipPath4527)"
     style="fill:#000000;stroke:none">
    <path
       d="m 2513,3603 c -18,-2 -33,-8 -33,-14 0,-5 -21,-39 -46,-76 -26,-38 -62,-97 -82,-133 -49,-92 -114,-188 -159,-236 -35,-37 -85,-126 -113,-200 -6,-17 -27,-46 -46,-65 -19,-18 -34,-39 -34,-46 0,-11 -105,-13 -554,-13 -360,0 -555,-3 -558,-10 -2,-5 -2,-419 0,-920 l 2,-910 542,-2 541,-3 20,-35 c 10,-19 35,-51 53,-69 19,-19 37,-46 40,-60 3,-15 12,-40 20,-58 8,-17 14,-34 14,-38 0,-9 56,-80 91,-116 27,-27 135,-196 146,-228 7,-18 61,-98 81,-119 6,-7 12,-20 12,-28 0,-8 4,-14 8,-14 5,0 14,-12 20,-26 10,-21 18,-25 49,-22 23,2 40,10 47,23 6,11 27,43 47,70 20,28 53,82 73,120 48,88 111,181 181,265 30,36 57,77 60,92 4,15 11,30 16,33 5,4 9,17 9,31 0,15 16,43 44,72 24,26 51,62 60,79 l 16,33 526,2 525,3 -1,910 c 0,706 -3,911 -13,917 -6,4 -242,8 -522,8 l -511,0 -39,47 c -55,65 -85,111 -85,128 0,25 -60,128 -99,170 -34,36 -80,99 -106,143 -5,9 -20,31 -32,49 -13,17 -27,42 -33,55 -12,28 -30,57 -47,76 -7,7 -13,18 -13,23 0,15 -64,98 -75,97 -5,-1 -25,-3 -42,-5 z m 66,-114 c 12,-22 32,-52 46,-67 14,-15 25,-34 25,-43 0,-9 7,-22 15,-29 8,-7 15,-20 15,-30 0,-10 6,-23 14,-29 8,-7 24,-31 36,-54 12,-22 48,-70 81,-105 32,-36 59,-70 59,-76 0,-6 11,-28 24,-47 14,-20 28,-49 32,-64 4,-15 25,-46 48,-67 35,-35 38,-42 25,-51 -12,-9 -140,-11 -472,-9 -509,3 -488,-1 -427,69 17,18 30,43 30,53 0,11 3,20 8,20 4,0 27,34 51,76 25,42 58,88 73,102 38,35 94,112 103,143 4,13 14,33 21,44 8,11 14,29 14,40 0,12 18,38 39,59 22,21 42,48 45,60 3,13 18,26 38,32 18,6 34,12 34,13 1,0 12,-17 23,-40 z m -21,-720 c 265,1 482,-2 482,-6 6,-522 3,-1723 -5,-1723 -5,-1 -234,-1 -508,-1 l -499,0 1,861 c 0,473 3,865 7,871 3,6 13,7 23,4 9,-4 233,-6 499,-6 z m -600,-14 c 6,-6 6,-1717 -1,-1719 -1,-1 -227,1 -502,4 l -500,5 -2,849 c -2,486 1,854 6,860 10,12 987,14 999,1 z m 2102,1 c 7,-10 10,-261 10,-861 0,-467 -1,-850 -3,-852 -6,-5 -959,-5 -964,1 -6,6 -5,1705 1,1715 3,5 217,9 475,9 377,1 472,-2 481,-12 z M 3012,974 c 5,-3 -7,-26 -27,-50 -20,-25 -50,-70 -67,-102 -17,-31 -43,-76 -59,-100 -16,-24 -29,-46 -29,-50 0,-4 -25,-34 -55,-67 -51,-56 -125,-183 -125,-214 0,-7 -15,-30 -32,-50 -18,-21 -43,-49 -55,-64 -30,-35 -66,-35 -82,-1 -6,15 -27,45 -46,68 -18,23 -36,53 -40,69 -4,15 -11,30 -16,33 -5,3 -9,13 -9,24 0,19 -39,73 -107,148 -24,26 -43,52 -43,59 0,7 -20,42 -44,77 -25,35 -48,75 -51,88 -4,14 -26,48 -50,75 -25,28 -42,53 -39,55 7,7 964,9 976,2 z"
       id="path3037"
       inkscape:connector-curvature="0" />
    <path
       d="m 2420,3100 c 0,-13 5,-20 13,-17 6,2 12,10 12,17 0,7 -6,15 -12,18 -8,2 -13,-5 -13,-18 z"
       id="path3039"
       inkscape:connector-curvature="0" />
    <path
       d="m 2757,3023 c -12,-11 -8,-23 8,-23 8,0 15,7 15,15 0,16 -12,20 -23,8 z"
       id="path3041"
       inkscape:connector-curvature="0" />
    <path
       d="m 2540,395 c 0,-8 5,-15 10,-15 6,0 10,7 10,15 0,8 -4,15 -10,15 -5,0 -10,-7 -10,-15 z"
       id="path3043"
       inkscape:connector-curvature="0" />
    <path
       d="m 7324,3449 c -10,-12 -47,-42 -82,-67 -34,-26 -78,-67 -98,-91 -19,-25 -54,-57 -79,-71 -24,-14 -60,-47 -80,-73 -20,-26 -53,-56 -74,-67 -22,-11 -50,-33 -62,-50 -30,-39 -58,-69 -90,-95 -13,-11 -66,-58 -117,-103 -51,-45 -97,-82 -100,-82 -4,0 -53,-45 -109,-100 -56,-55 -107,-100 -113,-100 -10,0 -83,-69 -121,-115 -9,-11 -36,-31 -59,-45 -22,-14 -59,-48 -81,-77 -22,-29 -57,-62 -79,-73 -66,-34 -88,-65 -88,-125 1,-50 3,-54 53,-101 105,-100 141,-129 179,-149 21,-11 57,-38 80,-61 23,-24 54,-46 69,-49 15,-4 30,-11 33,-16 3,-5 12,-9 21,-9 9,0 26,-9 37,-19 12,-10 46,-32 78,-49 31,-16 67,-39 79,-51 13,-12 35,-24 49,-27 14,-3 46,-12 72,-20 26,-8 55,-14 65,-14 11,0 28,-7 39,-15 10,-8 28,-15 39,-15 11,0 33,-7 49,-15 15,-8 37,-15 48,-15 10,0 47,-6 81,-14 34,-8 74,-17 90,-21 25,-5 37,-28 20,-38 -5,-2 -1,-1 7,2 31,11 372,13 383,2 17,-17 24,-13 23,12 -1,20 5,23 69,28 97,9 218,30 231,40 6,5 33,12 60,15 27,4 59,13 71,20 12,8 39,14 59,14 65,0 176,42 319,120 33,18 67,37 75,41 30,16 109,49 118,49 5,0 35,25 67,55 32,30 68,58 79,61 28,9 86,53 86,66 0,5 29,39 64,74 36,34 66,69 67,76 6,45 -17,75 -91,123 -19,12 -78,65 -131,116 -134,131 -248,233 -267,240 -19,7 -90,81 -116,121 -9,13 -37,35 -63,48 -52,26 -93,58 -93,74 -1,20 -37,55 -80,77 -23,12 -58,44 -78,71 -21,27 -67,71 -104,98 -38,28 -68,55 -68,62 0,7 -25,31 -56,53 -30,21 -100,83 -156,137 -56,54 -104,98 -107,98 -3,1 -22,14 -41,30 -41,36 -51,37 -76,9 z m 52,-64 c 4,-8 13,-15 20,-15 8,0 55,-40 104,-90 49,-49 96,-90 104,-90 8,0 17,-8 21,-19 6,-21 63,-75 120,-113 36,-24 83,-68 172,-160 44,-45 71,-68 81,-68 4,0 26,-21 48,-46 21,-26 62,-61 89,-79 57,-38 105,-81 105,-96 0,-16 31,-44 88,-79 28,-17 52,-35 52,-39 0,-13 73,-81 87,-81 7,0 13,-5 13,-10 0,-6 11,-15 25,-20 14,-5 25,-14 25,-19 0,-12 114,-131 126,-131 5,0 33,-22 61,-49 28,-27 59,-53 69,-59 14,-8 8,-18 -45,-71 -33,-34 -61,-68 -61,-76 0,-8 -7,-15 -15,-15 -8,0 -15,9 -15,20 0,13 -5,18 -15,14 -10,-4 -14,-17 -12,-38 2,-26 -2,-32 -22,-34 -13,-2 -37,-18 -54,-35 -32,-33 -111,-87 -126,-87 -5,0 -11,-7 -15,-15 -3,-8 -15,-15 -27,-15 -18,0 -74,-25 -189,-85 -59,-31 -69,-35 -86,-35 -9,0 -27,-9 -41,-20 -14,-11 -35,-20 -46,-20 -11,0 -34,-4 -51,-9 -17,-6 -69,-17 -116,-26 -47,-9 -108,-23 -136,-31 -28,-8 -68,-14 -90,-14 -21,0 -52,-8 -69,-17 -26,-14 -64,-17 -255,-17 -193,-1 -233,2 -280,17 -67,23 -104,33 -150,42 -19,4 -44,14 -55,21 -11,8 -38,14 -61,14 -23,0 -55,7 -71,15 -15,8 -54,24 -85,36 -31,12 -69,33 -84,46 -15,12 -31,23 -36,23 -5,0 -16,7 -24,15 -9,8 -24,15 -33,15 -10,0 -24,7 -31,15 -7,8 -21,15 -31,15 -11,0 -19,4 -19,9 0,5 -21,20 -46,33 -25,12 -55,34 -65,47 -21,26 -72,61 -90,61 -16,0 -199,185 -198,201 0,8 21,30 46,49 46,36 82,68 195,176 36,34 75,67 88,74 13,7 53,42 90,79 132,130 216,207 255,233 45,31 105,91 105,106 0,6 9,14 21,17 37,12 92,54 111,86 20,33 66,79 79,79 4,0 47,38 95,85 48,47 92,85 98,85 6,0 60,48 120,105 60,58 113,105 118,105 5,0 11,-7 14,-15 z"
       id="path3045"
       inkscape:connector-curvature="0" />
    <path
       d="m 7400,3300 c 0,-5 7,-10 15,-10 8,0 15,5 15,10 0,6 -7,10 -15,10 -8,0 -15,-4 -15,-10 z"
       id="path3047"
       inkscape:connector-curvature="0" />
    <path
       d="m 7360,3250 c 0,-5 7,-10 15,-10 8,0 15,5 15,10 0,6 -7,10 -15,10 -8,0 -15,-4 -15,-10 z"
       id="path3049"
       inkscape:connector-curvature="0" />
    <path
       d="m 7554,3119 c -3,-6 -1,-16 5,-22 8,-8 11,-5 11,11 0,24 -5,28 -16,11 z"
       id="path3051"
       inkscape:connector-curvature="0" />
    <path
       d="m 7106,3043 c -11,-11 -6,-23 9,-23 8,0 15,4 15,9 0,13 -16,22 -24,14 z"
       id="path3053"
       inkscape:connector-curvature="0" />
    <path
       d="m 7047,2984 c -9,-10 2,-24 19,-24 8,0 14,7 14,15 0,15 -21,21 -33,9 z"
       id="path3055"
       inkscape:connector-curvature="0" />
    <path
       d="m 6890,2836 c 0,-14 4,-27 9,-31 12,-7 25,31 16,45 -11,18 -25,10 -25,-14 z"
       id="path3057"
       inkscape:connector-curvature="0" />
    <path
       d="m 6626,2693 c -11,-11 -6,-23 9,-23 8,0 15,4 15,9 0,13 -16,22 -24,14 z"
       id="path3059"
       inkscape:connector-curvature="0" />
    <path
       d="m 6620,2580 c 0,-5 6,-10 14,-10 8,0 18,5 21,10 3,6 -3,10 -14,10 -12,0 -21,-4 -21,-10 z"
       id="path3061"
       inkscape:connector-curvature="0" />
    <path
       d="m 8156,2383 c -11,-11 -6,-23 9,-23 8,0 15,4 15,9 0,13 -16,22 -24,14 z"
       id="path3063"
       inkscape:connector-curvature="0" />
    <path
       d="m 8580,2146 c 0,-9 7,-16 16,-16 17,0 14,22 -4,28 -7,2 -12,-3 -12,-12 z"
       id="path3065"
       inkscape:connector-curvature="0" />
    <path
       d="m 8420,1870 c 0,-5 9,-10 20,-10 11,0 20,5 20,10 0,6 -9,10 -20,10 -11,0 -20,-4 -20,-10 z"
       id="path3067"
       inkscape:connector-curvature="0" />
    <path
       d="m 6650,1721 c 0,-11 30,-19 48,-14 23,8 12,23 -18,23 -16,0 -30,-4 -30,-9 z"
       id="path3069"
       inkscape:connector-curvature="0" />
    <path
       d="m 6720,1690 c 0,-5 12,-10 28,-9 24,0 25,1 7,9 -27,12 -35,12 -35,0 z"
       id="path3071"
       inkscape:connector-curvature="0" />
    <path
       d="m 7933,1693 c -7,-2 -13,-9 -13,-15 0,-12 41,-6 41,7 1,12 -11,15 -28,8 z"
       id="path3073"
       inkscape:connector-curvature="0" />
    <path
       d="m 8010,1660 c -12,-8 -9,-10 13,-10 15,0 27,5 27,10 0,13 -20,13 -40,0 z"
       id="path3075"
       inkscape:connector-curvature="0" />
    <path
       d="m 6950,3365 c 0,-8 7,-15 15,-15 8,0 15,7 15,15 0,8 -7,15 -15,15 -8,0 -15,-7 -15,-15 z"
       id="path3077"
       inkscape:connector-curvature="0" />
    <path
       d="m 7700,3305 c 0,-8 7,-15 15,-15 8,0 15,7 15,15 0,8 -7,15 -15,15 -8,0 -15,-7 -15,-15 z"
       id="path3079"
       inkscape:connector-curvature="0" />
    <path
       d="m 3110,3065 c 0,-8 7,-15 15,-15 8,0 15,7 15,15 0,8 -7,15 -15,15 -8,0 -15,-7 -15,-15 z"
       id="path3081"
       inkscape:connector-curvature="0" />
    <path
       d="m 5934,2526 c -8,-22 3,-33 18,-18 9,9 9,15 0,24 -9,9 -13,7 -18,-6 z"
       id="path3083"
       inkscape:connector-curvature="0" />
    <path
       d="m 384,2476 c -3,-9 11,-32 34,-56 41,-43 52,-75 52,-156 0,-71 -12,-104 -51,-144 -44,-45 -48,-56 -18,-65 25,-8 68,29 92,78 8,18 21,45 28,61 16,34 18,128 2,148 -5,7 -13,24 -16,38 -4,14 -23,45 -42,68 -37,42 -71,54 -81,28 z"
       id="path3085"
       inkscape:connector-curvature="0" />
    <path
       d="m 218,2453 c -10,-2 -18,-10 -18,-16 0,-7 -6,-24 -14,-38 -7,-14 -16,-42 -20,-62 -4,-21 -11,-37 -16,-37 -4,0 -12,-14 -15,-32 -8,-33 -16,-47 -52,-80 -31,-29 -14,-48 43,-48 52,0 63,14 34,45 l -22,23 25,17 c 17,11 41,15 74,13 41,-3 48,-6 51,-26 2,-13 -3,-25 -12,-28 -21,-8 -21,-30 0,-38 20,-8 88,-8 108,0 22,9 20,31 -4,39 -25,8 -53,56 -74,130 -10,33 -22,71 -28,85 -24,59 -28,62 -60,53 z m 16,-102 c 9,-10 18,-31 19,-47 2,-27 0,-29 -36,-28 -45,2 -59,12 -34,25 10,6 17,22 17,39 0,35 10,38 34,11 z"
       id="path3087"
       inkscape:connector-curvature="0" />
    <path
       d="m 5383,1904 c -3,-9 6,-28 25,-47 18,-18 35,-47 38,-65 4,-18 11,-35 15,-38 14,-8 10,-81 -7,-133 -9,-30 -27,-57 -45,-70 -32,-24 -38,-58 -13,-68 20,-7 78,55 105,114 25,54 25,154 1,205 -23,48 -82,118 -99,118 -8,0 -16,-7 -20,-16 z"
       id="path3089"
       inkscape:connector-curvature="0" />
    <path
       d="m 5087,1883 c -13,-13 -7,-32 13,-38 18,-6 20,-15 20,-115 0,-101 -1,-109 -21,-115 -12,-4 -19,-14 -17,-23 3,-14 19,-17 102,-20 93,-3 101,-1 136,23 58,40 58,95 1,143 -13,10 -13,14 -3,19 18,7 32,46 25,72 -11,41 -62,61 -160,61 -49,0 -93,-3 -96,-7 z m 189,-54 c 37,-31 0,-73 -59,-67 -27,2 -33,8 -35,31 -6,49 4,60 44,54 20,-3 42,-11 50,-18 z m 11,-125 c 32,-44 4,-87 -58,-88 l -44,-1 -3,44 c -5,66 1,75 50,68 23,-3 48,-14 55,-23 z"
       id="path3091"
       inkscape:connector-curvature="0" />
    <path
       d="m 6020,1775 c 0,-8 5,-15 10,-15 6,0 10,7 10,15 0,8 -4,15 -10,15 -5,0 -10,-7 -10,-15 z"
       id="path3093"
       inkscape:connector-curvature="0" />
    <path
       d="m 6993,1394 c -31,-15 -111,-101 -146,-156 -9,-15 -17,-38 -17,-51 0,-14 -7,-42 -16,-63 -21,-50 -20,-203 1,-263 8,-24 15,-52 15,-63 0,-29 34,-76 117,-163 50,-53 82,-75 109,-75 12,0 35,-6 51,-14 80,-40 111,-48 179,-43 73,5 152,25 175,43 8,7 40,20 73,30 48,15 63,25 82,56 13,21 24,41 24,46 0,5 19,29 42,53 69,73 94,164 84,315 -6,106 -27,160 -84,221 -22,23 -43,51 -47,62 -9,29 -63,71 -91,71 -24,0 -34,-23 -14,-35 5,-3 21,-30 34,-59 14,-29 32,-56 40,-59 9,-4 16,-14 16,-23 0,-9 6,-14 13,-11 7,3 23,-6 36,-19 18,-19 22,-31 17,-55 -4,-20 1,-42 14,-67 25,-47 28,-137 4,-150 -13,-7 -14,-13 -5,-29 8,-16 7,-24 -8,-37 -10,-9 -21,-30 -25,-47 -7,-37 -32,-38 -39,-1 -9,41 -24,59 -37,46 -13,-13 0,-53 24,-73 20,-17 20,-27 0,-35 -10,-4 -25,1 -34,9 -13,11 -20,13 -25,5 -4,-6 5,-20 19,-31 14,-11 26,-25 26,-30 0,-14 -28,-11 -32,3 -3,9 -15,4 -36,-14 -27,-23 -30,-28 -17,-36 13,-7 12,-10 -10,-20 -14,-6 -25,-17 -25,-23 0,-7 -14,-8 -42,-4 -35,6 -40,5 -35,-9 9,-22 -20,-27 -128,-24 -79,3 -90,5 -89,21 1,12 -6,17 -23,17 -16,0 -27,7 -30,20 -4,15 -14,20 -39,20 -18,0 -36,-4 -39,-10 -9,-15 -35,-12 -35,5 0,8 12,22 26,31 l 25,17 -28,23 c -33,27 -50,29 -72,10 -23,-21 -43,-2 -72,64 -6,14 -15,33 -20,42 -12,24 -11,52 2,65 12,12 7,192 -6,246 -5,17 -3,27 4,27 6,0 11,-6 11,-14 0,-8 5,-18 12,-22 16,-10 48,32 48,63 0,22 -3,24 -25,19 -30,-8 -31,1 -5,32 13,16 26,22 39,17 18,-5 19,-2 14,29 -3,22 -2,36 5,36 14,0 72,56 72,69 0,15 -19,13 -57,-5 z m 17,-699 c 0,-8 -4,-15 -9,-15 -5,0 -14,7 -21,15 -10,13 -9,15 9,15 12,0 21,-6 21,-15 z"
       id="path3095"
       inkscape:connector-curvature="0" />
    <path
       d="m 7590,1175 c 0,-8 5,-15 10,-15 6,0 10,7 10,15 0,8 -4,15 -10,15 -5,0 -10,-7 -10,-15 z"
       id="path3097"
       inkscape:connector-curvature="0" />
    <path
       d="m 7647,966 c -11,-28 -8,-36 13,-36 23,0 25,9 7,34 -13,18 -14,18 -20,2 z"
       id="path3099"
       inkscape:connector-curvature="0" />
    <path
       d="m 6890,860 c 0,-21 4,-30 13,-27 6,2 12,14 12,27 0,13 -6,25 -12,28 -9,2 -13,-7 -13,-28 z"
       id="path3101"
       inkscape:connector-curvature="0" />
    <path
       d="m 6930,790 c 0,-19 3,-21 12,-12 9,9 9,15 0,24 -9,9 -12,7 -12,-12 z"
       id="path3103"
       inkscape:connector-curvature="0" />
    <path
       d="m 7427,704 c -11,-12 3,-24 29,-24 16,0 24,5 22,13 -5,13 -40,22 -51,11 z"
       id="path3105"
       inkscape:connector-curvature="0" />
    <path
       d="m 6772,548 c 6,-18 28,-21 28,-4 0,9 -7,16 -16,16 -9,0 -14,-5 -12,-12 z"
       id="path3107"
       inkscape:connector-curvature="0" />
    <path
       d="m 2870,455 c 0,-8 7,-15 15,-15 8,0 15,7 15,15 0,8 -7,15 -15,15 -8,0 -15,-7 -15,-15 z"
       id="path3109"
       inkscape:connector-curvature="0" />
  </g>
</svg>
