<?xml version="1.0" standalone="no"?>
<!DOCTYPE svg PUBLIC "-//W3C//DTD SVG 20010904//EN"
 "http://www.w3.org/TR/2001/REC-SVG-20010904/DTD/svg10.dtd">
<svg version="1.0" xmlns="http://www.w3.org/2000/svg"
 width="699.000000pt" height="501.000000pt" viewBox="0 0 699.000000 501.000000"
 preserveAspectRatio="xMidYMid meet">
<metadata>
Created by potrace 1.10, written by Peter Selinger 2001-2011
</metadata>
<g transform="translate(0.000000,501.000000) scale(0.100000,-0.100000)"
fill="#000000" stroke="none">
<path d="M1181 4705 c-9 -11 -28 -45 -41 -75 -13 -30 -31 -64 -41 -75 -9 -11
-28 -42 -41 -70 -14 -27 -35 -66 -47 -85 -12 -19 -33 -60 -48 -90 -14 -30 -29
-57 -33 -60 -10 -7 -100 -170 -133 -242 -15 -31 -32 -60 -38 -63 -5 -4 -21
-30 -35 -58 -14 -29 -33 -65 -44 -82 -11 -16 -31 -55 -45 -85 -14 -30 -32 -61
-39 -70 -18 -19 -69 -112 -119 -215 -21 -44 -47 -89 -56 -100 -10 -11 -24 -36
-32 -55 -7 -19 -26 -54 -41 -77 -16 -23 -38 -61 -49 -85 -11 -24 -31 -61 -45
-83 -13 -22 -24 -48 -24 -57 0 -17 73 -18 1393 -18 l1394 0 18 38 c25 51 29
59 69 125 20 32 36 65 36 72 0 7 7 20 15 28 8 8 22 34 31 58 10 24 37 74 61
110 23 37 43 73 43 81 0 8 18 39 40 69 23 29 43 65 47 79 3 14 15 36 28 50 12
14 48 79 80 145 33 66 70 134 82 151 13 17 23 36 23 41 0 6 7 16 15 23 8 7 15
21 15 32 0 10 13 36 29 56 16 20 36 53 46 72 10 19 22 42 27 50 4 8 17 35 28
60 11 25 24 52 29 60 46 72 81 133 81 140 0 5 13 28 28 52 45 67 86 151 83
166 -1 1 -625 4 -1387 5 -1374 2 -1385 2 -1403 -18z m2668 -102 c-16 -31 -35
-63 -43 -72 -8 -9 -46 -77 -84 -151 -95 -184 -144 -274 -152 -280 -13 -11 -70
-111 -70 -124 0 -7 -8 -24 -18 -37 -10 -13 -24 -40 -32 -59 -7 -19 -28 -58
-46 -85 -18 -28 -39 -64 -46 -80 -7 -17 -26 -49 -41 -73 -15 -23 -38 -62 -50
-85 -12 -23 -38 -68 -59 -99 -21 -31 -38 -66 -38 -77 0 -11 -5 -23 -11 -26 -5
-4 -22 -32 -36 -63 -14 -31 -37 -75 -52 -97 -35 -55 -51 -85 -51 -99 0 -6 -11
-23 -25 -38 l-24 -28 -1323 0 c-786 -1 -1324 3 -1326 8 -1 5 8 22 21 38 31 39
67 102 67 119 0 8 12 29 28 47 15 18 49 78 76 133 58 119 52 108 99 178 20 31
37 63 37 71 0 8 11 27 24 43 14 16 37 56 52 89 15 32 37 73 49 89 12 17 33 53
46 80 13 28 34 67 46 87 13 21 23 44 23 52 0 9 13 30 28 48 39 46 62 84 62
104 0 9 12 30 26 47 25 30 74 126 74 145 0 5 9 17 21 28 11 10 39 57 61 104
22 47 47 93 56 103 14 16 91 17 1338 17 l1322 0 -29 -57z"/>
<path d="M1887 4124 c-8 -8 7 -36 49 -91 19 -25 34 -51 34 -58 0 -8 9 -19 20
-25 29 -15 25 -36 -15 -84 -19 -24 -35 -49 -35 -57 0 -8 -17 -28 -37 -45 -45
-38 -41 -64 11 -64 28 0 43 9 75 43 22 23 41 52 41 64 0 12 4 24 9 27 15 10
42 -5 52 -28 16 -36 51 -91 63 -98 16 -11 74 -10 81 1 5 8 -66 121 -101 162
-29 32 -7 104 49 165 33 35 37 84 8 84 -30 0 -71 -18 -71 -32 0 -6 -10 -27
-22 -45 -30 -44 -55 -40 -82 14 -12 24 -32 46 -46 52 -38 15 -76 21 -83 15z"/>
<path d="M5355 4710 c-60 -10 -85 -18 -160 -50 -22 -10 -60 -26 -85 -36 -24
-11 -56 -30 -70 -44 -14 -14 -42 -33 -61 -44 -20 -10 -46 -34 -58 -52 -13 -18
-32 -36 -42 -39 -11 -4 -26 -20 -34 -36 -9 -16 -28 -43 -43 -61 -36 -42 -72
-105 -72 -125 0 -9 -6 -24 -13 -32 -20 -23 -47 -102 -47 -135 0 -15 -7 -55
-16 -89 -29 -113 -3 -330 56 -462 52 -116 71 -155 84 -162 7 -4 21 -21 32 -38
23 -37 129 -145 141 -145 5 0 32 -19 60 -43 28 -24 66 -50 84 -57 66 -25 104
-42 129 -55 91 -47 432 -51 518 -6 56 30 105 51 118 51 26 0 176 104 197 138
5 7 14 17 20 22 7 5 27 21 45 36 17 14 32 33 32 42 0 10 16 30 35 45 19 15 35
34 35 41 0 7 17 45 39 84 50 92 60 120 77 227 22 140 15 294 -18 405 -18 63
-112 244 -139 270 -15 14 -30 35 -34 48 -3 12 -24 34 -46 48 -21 13 -39 28
-39 33 0 21 -188 151 -218 151 -9 0 -26 6 -37 14 -11 7 -48 23 -83 35 -73 25
-287 36 -387 21z m305 -70 c41 -7 79 -16 85 -21 5 -5 17 -9 27 -9 10 0 54 -20
98 -45 44 -25 83 -45 88 -45 5 0 23 -15 40 -32 17 -18 55 -57 85 -87 30 -29
61 -65 68 -80 7 -14 26 -42 41 -62 15 -20 28 -40 28 -44 0 -4 7 -21 14 -38 50
-108 68 -184 73 -298 3 -68 1 -138 -6 -170 -18 -88 -82 -252 -113 -287 -15
-18 -28 -38 -28 -45 0 -16 -184 -207 -199 -207 -6 0 -36 -16 -67 -36 -139 -89
-390 -129 -548 -88 -122 31 -171 47 -186 59 -8 6 -37 24 -65 39 -57 32 -99 69
-212 187 -52 54 -128 203 -151 292 -22 92 -28 349 -8 399 9 21 16 52 16 68 0
16 4 31 9 34 5 3 12 18 15 32 4 14 25 54 46 88 22 35 40 67 40 72 0 5 13 22
30 39 146 147 148 149 313 242 12 7 31 13 43 13 11 0 24 3 28 8 4 4 47 14 94
24 94 18 184 17 302 -2z"/>
<path d="M5330 4029 c0 -6 20 -41 45 -78 25 -37 45 -71 45 -77 0 -5 14 -22 31
-39 29 -29 30 -32 27 -110 l-3 -80 40 0 40 0 -4 81 c-3 75 -1 85 23 120 14 21
26 44 26 50 0 7 12 23 28 36 26 24 62 80 62 99 0 5 -20 9 -44 9 -47 0 -76 -24
-76 -62 0 -25 -64 -93 -78 -84 -7 4 -12 15 -12 25 0 10 -7 24 -15 31 -8 7 -15
20 -15 29 -1 34 -36 61 -79 61 -23 0 -41 -5 -41 -11z"/>
<path d="M5357 2003 c-2 -5 -10 -28 -17 -53 -7 -25 -19 -52 -26 -60 -25 -31
-74 -122 -74 -137 0 -9 -9 -26 -19 -37 -26 -28 -71 -115 -71 -136 0 -9 -9 -25
-20 -35 -11 -10 -52 -83 -91 -164 -39 -80 -77 -153 -85 -161 -7 -8 -20 -35
-30 -60 -10 -25 -31 -64 -46 -87 -16 -23 -38 -63 -50 -90 -11 -26 -31 -61 -43
-78 -12 -16 -32 -54 -46 -82 -13 -29 -27 -53 -31 -53 -5 0 -8 -8 -8 -18 0 -10
-7 -27 -15 -38 -8 -10 -15 -26 -15 -35 0 -9 -16 -37 -35 -62 -19 -25 -35 -52
-35 -59 0 -7 -16 -40 -35 -73 -19 -33 -41 -76 -50 -95 -10 -19 -32 -58 -51
-87 -19 -28 -34 -56 -34 -62 0 -8 274 -11 944 -11 l944 0 6 24 c9 37 -9 76
-34 73 -17 -1 -24 7 -35 37 -8 22 -22 51 -33 65 -10 14 -34 58 -52 96 -19 39
-44 84 -56 100 -12 17 -29 48 -39 70 -33 78 -108 220 -126 241 -11 11 -19 27
-19 35 0 20 -56 123 -75 139 -8 7 -15 19 -15 28 0 8 -16 43 -35 76 -52 89 -51
87 -74 136 -11 25 -25 52 -30 60 -24 42 -41 79 -41 89 0 7 -11 23 -23 37 -13
14 -34 51 -47 82 -13 31 -36 73 -52 93 -15 20 -28 44 -28 52 0 17 -67 134 -81
143 -5 3 -9 14 -9 25 0 46 -48 100 -63 72z m88 -246 c32 -67 65 -129 72 -138
8 -9 30 -49 49 -90 20 -41 47 -88 60 -105 13 -18 31 -51 40 -75 9 -24 23 -51
31 -60 7 -8 13 -20 13 -25 0 -13 59 -124 81 -153 11 -13 19 -30 19 -38 0 -7
17 -41 38 -76 20 -34 46 -82 57 -107 10 -25 34 -65 52 -89 18 -24 33 -50 33
-57 0 -17 105 -222 125 -244 8 -9 15 -21 15 -26 0 -13 49 -104 71 -133 11 -13
19 -28 19 -32 0 -5 -376 -9 -846 -9 l-845 0 23 32 c24 35 67 117 68 131 0 5
11 23 24 40 25 35 116 216 116 233 0 6 12 26 26 45 15 19 38 59 52 89 13 30
31 62 38 70 18 22 64 111 64 125 0 6 12 27 26 46 25 33 34 51 109 210 19 42
43 87 54 100 10 13 30 49 44 79 15 30 49 96 77 145 27 50 66 123 86 163 20 39
39 72 43 72 3 -1 33 -56 66 -123z"/>
<path d="M5182 928 c-5 -7 -10 -59 -10 -116 0 -80 3 -105 14 -109 21 -8 45 17
39 38 -7 23 11 59 29 59 8 0 28 -23 45 -51 22 -34 37 -49 49 -47 25 5 26 40 1
68 -12 14 -28 35 -37 48 -14 22 -13 25 16 52 30 27 44 70 23 70 -26 0 -58 -21
-71 -46 -15 -29 -39 -53 -53 -54 -4 0 -7 17 -6 38 4 55 -15 78 -39 50z"/>
<path d="M939 1989 c-10 -6 -13 -1734 -3 -1750 3 -5 563 -9 1390 -9 l1384 0
-2 880 -3 880 -1378 3 c-759 1 -1383 -1 -1388 -4z m2711 -874 l0 -815 -1330 0
-1330 0 0 815 0 815 1330 0 1330 0 0 -815z"/>
<path d="M2265 1299 c-4 -5 -4 -22 0 -36 l6 -26 88 7 c51 4 91 3 95 -2 8 -13
-22 -52 -40 -52 -8 0 -18 -9 -22 -19 -7 -18 -45 -67 -118 -151 -35 -40 -47
-69 -38 -94 5 -14 27 -16 164 -16 151 0 159 1 165 20 14 43 -10 52 -117 44
-118 -8 -122 -2 -49 78 95 103 141 174 141 218 l0 40 -134 0 c-84 0 -137 -4
-141 -11z"/>
</g>
</svg>
