<?xml version="1.0" standalone="no"?>
<!DOCTYPE svg PUBLIC "-//W3C//DTD SVG 20010904//EN"
 "http://www.w3.org/TR/2001/REC-SVG-20010904/DTD/svg10.dtd">
<svg version="1.0" xmlns="http://www.w3.org/2000/svg"
 width="900.000000pt" height="540.000000pt" viewBox="0 0 900.000000 540.000000"
 preserveAspectRatio="xMidYMid meet">
<metadata>
Created by potrace 1.10, written by Peter Selinger 2001-2011
</metadata>
<g transform="translate(0.000000,540.000000) scale(0.100000,-0.100000)"
fill="#000000" stroke="none">
<path d="M2707 4679 c-15 -11 -31 -38 -37 -60 -5 -21 -15 -58 -22 -81 -6 -24
-15 -61 -19 -83 -4 -22 -13 -60 -19 -85 -18 -69 -37 -148 -55 -225 -9 -38 -21
-88 -27 -110 -15 -55 -37 -152 -47 -200 -4 -22 -12 -56 -18 -75 -13 -41 -33
-123 -73 -300 -12 -56 -31 -131 -45 -185 -29 -112 -37 -142 -44 -180 -4 -22
-13 -58 -19 -80 -6 -22 -18 -71 -27 -110 -18 -77 -37 -156 -55 -225 -6 -25
-15 -63 -19 -85 -4 -22 -13 -60 -20 -85 -18 -66 -38 -145 -57 -230 -9 -41 -23
-95 -30 -119 -8 -25 -14 -54 -14 -65 0 -12 -6 -41 -14 -66 -14 -45 -31 -113
-46 -180 -7 -34 -17 -73 -47 -195 -8 -33 -20 -85 -28 -115 -7 -30 -18 -75 -25
-100 -6 -25 -15 -65 -20 -90 -10 -52 -29 -111 -40 -123 -4 -5 -14 4 -22 20
-19 38 -97 181 -119 218 -10 17 -30 53 -44 80 -15 28 -42 77 -60 110 -19 33
-46 83 -60 110 -14 28 -35 66 -47 85 -11 19 -32 57 -47 83 -14 27 -40 74 -57
105 -30 56 -61 113 -110 202 -34 62 -60 87 -109 106 -41 15 -45 15 -91 -5 -26
-12 -62 -32 -78 -45 -17 -12 -38 -26 -46 -29 -8 -4 -28 -16 -45 -27 -16 -11
-37 -23 -45 -27 -8 -4 -46 -25 -85 -48 -38 -22 -77 -44 -85 -48 -58 -29 -100
-71 -100 -100 0 -9 12 -29 26 -46 29 -34 73 -42 94 -16 7 8 17 15 22 15 5 0
42 19 81 43 40 24 79 47 87 50 8 4 29 16 45 26 38 25 61 26 68 4 4 -10 22 -45
41 -78 19 -33 45 -80 57 -105 13 -25 42 -76 64 -115 23 -38 51 -90 64 -115 12
-25 32 -61 43 -80 11 -19 32 -57 47 -83 72 -134 90 -166 119 -217 17 -30 43
-77 57 -105 15 -27 41 -77 60 -110 19 -33 46 -84 61 -113 61 -114 135 -157
216 -125 44 17 98 82 98 117 0 12 6 41 14 66 18 56 35 123 45 175 4 22 13 58
19 80 6 22 18 72 27 110 9 39 21 88 27 110 6 22 15 58 19 80 4 22 13 60 19 85
37 140 65 255 100 410 11 49 30 126 45 185 16 59 35 137 45 185 4 19 13 58 20
85 6 28 18 75 25 105 8 30 19 75 26 100 7 25 16 63 20 85 4 22 13 60 19 85 13
50 34 136 55 220 7 30 19 78 25 105 7 28 16 66 20 85 10 48 29 126 45 185 17
65 36 141 45 185 4 19 13 58 20 85 6 28 18 76 26 108 8 31 20 83 28 115 8 31
19 77 26 102 6 25 15 63 19 85 4 22 13 60 20 85 13 46 30 116 51 205 6 27 16
55 22 62 8 11 536 13 2803 13 1537 0 2801 3 2810 6 8 4 22 19 31 35 13 26 13
32 -1 59 -8 16 -24 34 -34 40 -14 7 -929 10 -2854 10 l-2834 0 -26 -21z"/>
<path d="M3565 3603 c-50 -16 -107 -38 -135 -55 -8 -4 -22 -11 -30 -15 -52
-22 -147 -112 -211 -198 -61 -83 -76 -110 -124 -220 -34 -77 -66 -244 -66
-345 -1 -114 29 -252 74 -350 45 -98 168 -242 232 -272 11 -5 40 -20 65 -33
25 -13 54 -24 65 -25 11 0 31 -7 45 -15 35 -20 218 -20 267 0 19 8 44 15 54
15 11 0 48 14 82 30 35 17 67 30 70 30 4 0 36 18 71 40 42 25 68 35 72 29 17
-28 -102 -328 -176 -444 -11 -16 -23 -37 -27 -45 -14 -32 -124 -168 -185 -230
-129 -133 -229 -195 -418 -259 -19 -7 -77 -16 -128 -21 -51 -5 -97 -12 -103
-15 -5 -4 -9 -20 -9 -37 l0 -31 133 7 c72 4 152 11 177 16 97 18 247 72 315
113 11 7 43 25 70 41 28 16 52 32 55 35 3 4 30 24 60 45 71 50 210 180 270
251 83 98 210 289 210 314 0 5 12 30 26 56 26 50 49 107 64 160 4 17 13 44 18
60 37 109 47 193 47 410 0 179 -3 229 -17 270 -9 28 -19 61 -21 75 -8 37 -33
101 -67 172 -109 224 -273 375 -476 441 -68 22 -277 22 -349 0z m269 -124 c26
-11 75 -47 110 -79 94 -88 150 -208 202 -430 28 -120 21 -478 -12 -591 -6 -20
-77 -69 -134 -93 -25 -10 -59 -24 -76 -31 -17 -7 -65 -19 -106 -26 -145 -24
-243 17 -345 148 -18 22 -33 44 -33 49 0 4 -6 15 -13 23 -7 9 -21 36 -31 61
-64 159 -77 233 -77 426 1 193 17 267 87 396 21 38 119 125 167 147 61 28 198
28 261 0z"/>
<path d="M5375 3604 c-154 -47 -268 -126 -366 -253 -48 -62 -74 -107 -142
-246 -17 -35 -38 -128 -51 -232 -10 -83 -10 -123 1 -205 25 -207 69 -304 192
-427 90 -90 156 -130 271 -166 95 -29 287 -11 390 36 14 7 41 19 60 27 19 8
42 19 50 24 8 4 22 11 30 15 8 3 26 15 39 25 52 40 64 13 35 -77 -29 -88 -65
-180 -86 -215 -4 -8 -11 -22 -14 -30 -3 -8 -10 -22 -15 -30 -5 -8 -14 -24 -19
-35 -6 -11 -19 -33 -30 -50 -11 -16 -23 -37 -27 -45 -47 -104 -366 -410 -426
-410 -7 0 -18 -5 -25 -12 -26 -26 -195 -72 -312 -85 -75 -8 -75 -8 -75 -38 0
-30 1 -30 60 -33 79 -5 267 16 330 35 217 68 387 171 579 350 65 61 211 232
223 262 4 7 21 36 39 62 44 66 144 277 144 304 0 8 6 29 14 47 57 135 80 451
48 663 -45 299 -246 598 -472 701 -93 42 -154 54 -275 53 -77 0 -138 -6 -170
-15z m279 -134 c127 -60 245 -237 276 -412 5 -27 11 -52 15 -57 3 -6 12 -69
21 -142 12 -107 13 -154 5 -243 -6 -61 -14 -139 -17 -173 -5 -60 -8 -65 -52
-103 -26 -22 -54 -40 -63 -40 -8 0 -19 -4 -25 -9 -24 -24 -199 -71 -264 -71
-51 0 -128 26 -169 57 -45 34 -105 93 -114 113 -4 8 -16 29 -27 45 -11 17 -22
37 -26 45 -3 8 -11 29 -18 45 -26 60 -38 101 -46 150 -5 28 -13 74 -19 104
-30 151 1 412 60 511 5 8 13 24 18 35 21 45 113 125 180 157 24 11 64 17 118
17 73 1 91 -3 147 -29z"/>
<path d="M7175 3601 c-190 -53 -357 -203 -462 -416 -48 -96 -63 -134 -63 -159
0 -13 -7 -40 -15 -60 -12 -28 -16 -76 -16 -194 0 -119 4 -166 16 -194 8 -21
15 -46 15 -57 0 -11 6 -35 14 -53 8 -18 17 -40 20 -48 26 -68 112 -174 196
-242 33 -27 123 -74 190 -99 57 -21 225 -23 295 -4 92 26 201 72 304 130 14 8
29 11 34 8 29 -18 -93 -326 -184 -460 -16 -24 -29 -47 -29 -50 0 -5 -36 -53
-90 -118 -51 -63 -195 -197 -244 -229 -48 -30 -93 -53 -176 -88 -48 -21 -161
-46 -245 -55 -69 -8 -70 -8 -70 -38 0 -29 1 -30 55 -33 74 -5 262 15 330 35
250 71 515 255 715 493 57 67 150 205 173 255 6 11 28 59 51 108 22 48 41 94
41 103 0 8 6 27 14 42 32 66 65 252 73 417 15 321 -90 617 -292 821 -98 100
-172 146 -300 188 -68 22 -267 20 -350 -3z m261 -119 c131 -60 210 -156 277
-337 51 -137 84 -396 67 -515 -6 -41 -13 -114 -17 -162 -7 -106 -14 -115 -138
-176 -126 -61 -244 -83 -327 -63 -111 28 -214 121 -271 244 -65 141 -75 181
-97 391 -10 105 11 308 38 363 5 10 20 40 33 67 33 68 104 141 169 175 47 25
67 29 141 30 64 1 97 -4 125 -17z"/>
</g>
</svg>
