<?xml version="1.0" encoding="UTF-8" standalone="no"?>
<svg
   xmlns:dc="http://purl.org/dc/elements/1.1/"
   xmlns:cc="http://creativecommons.org/ns#"
   xmlns:rdf="http://www.w3.org/1999/02/22-rdf-syntax-ns#"
   xmlns:svg="http://www.w3.org/2000/svg"
   xmlns="http://www.w3.org/2000/svg"
   xmlns:sodipodi="http://sodipodi.sourceforge.net/DTD/sodipodi-0.dtd"
   xmlns:inkscape="http://www.inkscape.org/namespaces/inkscape"
   version="1.0"
   width="516.14197"
   height="165.6281"
   viewBox="0 0 412.91357 132.50248"
   preserveAspectRatio="xMidYMid meet"
   id="svg3109"
   inkscape:version="0.48.4 r9939"
   sodipodi:docname="3.svg">
  <defs
     id="defs3133" />
  <sodipodi:namedview
     pagecolor="#ffffff"
     bordercolor="#666666"
     borderopacity="1"
     objecttolerance="10"
     gridtolerance="10"
     guidetolerance="10"
     inkscape:pageopacity="0"
     inkscape:pageshadow="2"
     inkscape:window-width="1600"
     inkscape:window-height="824"
     id="namedview3131"
     showgrid="false"
     fit-margin-top="0"
     fit-margin-left="0"
     fit-margin-right="0"
     fit-margin-bottom="0"
     inkscape:zoom="0.816"
     inkscape:cx="553.30119"
     inkscape:cy="24.862955"
     inkscape:window-x="0"
     inkscape:window-y="24"
     inkscape:window-maximized="1"
     inkscape:current-layer="g3113" />
  <metadata
     id="metadata3111">
Created by potrace 1.10, written by Peter Selinger 2001-2011
<rdf:RDF>
  <cc:Work
     rdf:about="">
    <dc:format>image/svg+xml</dc:format>
    <dc:type
       rdf:resource="http://purl.org/dc/dcmitype/StillImage" />
    <dc:title></dc:title>
  </cc:Work>
</rdf:RDF>
</metadata>
  <g
     transform="matrix(0.1,0,0,-0.1,-25.031997,148.5)"
     id="g3113"
     style="fill:#000000;stroke:none">
    <path
       d="m 1308,1481 c -53,-3 -101,-11 -106,-16 C 1190,1452 969,1164 950,1136 925,1100 341,317 312,281 297,263 276,234 266,217 227,157 130,160 1865,160 l 1582,0 43,50 c 23,27 58,73 77,102 19,29 38,55 42,58 8,6 120,159 189,260 25,36 48,67 52,70 4,3 25,30 46,61 21,31 49,69 61,85 13,16 45,61 72,99 28,39 54,75 59,80 5,6 26,35 47,65 50,72 123,173 133,185 5,6 26,35 47,65 21,30 45,61 52,68 15,16 17,41 3,62 -8,13 -96,15 -692,15 -376,0 -739,-1 -808,-3 -69,-2 -426,-1 -795,1 -369,3 -714,2 -767,-2 z m 1432,-60 c 0,-2 -17,-25 -37,-50 -21,-25 -47,-58 -58,-73 -11,-15 -65,-87 -120,-160 -55,-73 -112,-150 -125,-170 -14,-21 -28,-38 -31,-38 -4,0 -27,-30 -53,-67 -26,-38 -61,-86 -79,-109 -18,-23 -39,-51 -47,-64 -8,-12 -19,-28 -25,-34 -5,-6 -33,-42 -62,-81 -28,-38 -70,-95 -93,-125 -74,-99 -138,-190 -143,-203 -5,-14 -37,8 -37,27 -1,6 -9,29 -20,51 -11,22 -19,45 -20,52 0,6 -3,13 -7,15 -8,3 -20,26 -107,208 -20,41 -41,82 -46,90 -5,8 -32,62 -60,120 -28,58 -54,112 -59,120 -5,8 -32,62 -61,120 -28,58 -55,112 -60,120 -5,8 -19,37 -30,63 -12,27 -39,78 -61,113 -21,35 -39,68 -39,72 0,4 333,7 740,7 407,0 740,-2 740,-4 z m 1560,-4 c 0,-13 -30,-57 -75,-112 -14,-16 -38,-48 -52,-70 -15,-22 -54,-75 -85,-117 -32,-42 -58,-82 -58,-87 0,-6 -3,-11 -7,-11 -5,0 -30,-31 -56,-68 -27,-37 -77,-107 -113,-157 -35,-49 -68,-95 -73,-101 -16,-20 -76,-101 -91,-123 -32,-48 -141,-197 -154,-211 -7,-8 -28,-39 -46,-68 -18,-29 -37,-51 -43,-49 -12,4 -11,1 -78,142 -28,61 -64,135 -79,165 -15,30 -42,84 -60,120 -48,98 -73,149 -108,215 -17,33 -42,85 -56,115 -14,30 -34,71 -45,90 -11,19 -37,71 -57,115 -21,44 -40,82 -43,85 -10,8 -70,128 -66,132 7,7 1445,2 1445,-5 z M 2848,1317 c 49,-103 103,-212 120,-242 6,-11 30,-58 51,-105 22,-47 49,-101 60,-120 10,-19 43,-84 72,-145 30,-60 57,-111 61,-113 5,-2 8,-9 8,-15 0,-13 101,-219 111,-227 3,-3 10,-16 14,-30 4,-14 19,-42 32,-63 14,-22 22,-41 20,-43 -7,-7 -1492,-6 -1495,1 -1,3 21,36 51,73 29,37 82,105 117,152 35,47 68,90 72,95 5,6 71,96 148,200 77,105 146,197 153,205 30,34 307,409 307,416 0,9 41,54 49,54 3,0 26,-42 49,-93 z m -1611,56 c 11,-34 44,-108 67,-153 13,-25 37,-72 54,-105 17,-33 42,-85 56,-115 14,-30 34,-71 45,-90 12,-19 39,-73 61,-120 21,-47 48,-101 59,-120 11,-19 38,-73 60,-120 22,-47 49,-101 60,-120 11,-19 30,-57 43,-85 12,-27 33,-67 45,-87 13,-21 23,-41 23,-45 0,-8 -1471,-6 -1479,2 -4,5 28,49 73,100 15,17 39,48 54,70 15,22 32,45 38,50 6,6 33,41 59,80 27,38 55,76 62,84 8,8 22,26 31,40 20,32 24,37 62,81 16,19 30,38 30,42 0,4 6,13 13,20 7,7 31,38 52,68 21,30 44,61 52,68 7,7 28,36 47,65 19,29 43,61 54,72 10,12 36,45 57,75 21,30 41,57 45,60 4,3 23,28 42,55 90,129 103,145 115,145 8,0 16,-8 20,-17 z"
       id="path3129"
       inkscape:connector-curvature="0" />
  </g>
</svg>
