<?xml version="1.0" standalone="no"?>
<!DOCTYPE svg PUBLIC "-//W3C//DTD SVG 20010904//EN"
 "http://www.w3.org/TR/2001/REC-SVG-20010904/DTD/svg10.dtd">
<svg version="1.0" xmlns="http://www.w3.org/2000/svg"
 width="900.000000pt" height="2325.000000pt" viewBox="0 0 900.000000 2325.000000"
 preserveAspectRatio="xMidYMid meet">
<metadata>
Created by potrace 1.10, written by Peter Selinger 2001-2011
</metadata>
<g transform="translate(0.000000,2325.000000) scale(0.100000,-0.100000)"
fill="#000000" stroke="none">
<path d="M4961 20693 c-22 -32 -61 -87 -86 -123 -25 -36 -68 -96 -95 -135 -28
-38 -77 -108 -108 -156 -68 -100 -105 -152 -112 -159 -3 -3 -9 -13 -15 -22
-17 -28 -197 -285 -247 -353 -27 -35 -48 -67 -48 -70 0 -2 -27 -42 -60 -87
-108 -150 -123 -171 -161 -227 -21 -31 -60 -87 -88 -126 -55 -78 -181 -258
-196 -283 -5 -9 -35 -51 -65 -93 -30 -43 -77 -110 -105 -149 -27 -39 -76 -107
-107 -151 -32 -43 -58 -83 -58 -88 0 -5 -6 -14 -14 -20 -7 -6 -35 -44 -62 -84
-26 -39 -54 -76 -61 -80 -7 -4 -13 -13 -13 -19 0 -5 -12 -27 -27 -47 -16 -20
-32 -43 -38 -52 -5 -9 -34 -50 -62 -90 -29 -41 -97 -137 -150 -215 -54 -77
-116 -167 -138 -199 -22 -31 -52 -72 -67 -90 -16 -18 -28 -36 -28 -40 0 -4
-13 -24 -30 -45 -16 -21 -30 -43 -30 -48 0 -6 -6 -15 -13 -19 -7 -4 -34 -39
-60 -78 -94 -138 -111 -161 -151 -214 -22 -29 -45 -62 -51 -72 -22 -40 -130
-196 -151 -219 -23 -25 -23 -28 -24 -304 -1 -153 2 -282 7 -287 5 -5 552 -10
1258 -11 l1250 -3 5 -785 5 -785 360 0 360 0 3 779 c2 609 5 782 15 788 6 4
184 8 393 8 339 0 383 2 388 16 3 9 6 143 6 299 0 224 -3 285 -13 294 -10 7
-135 12 -398 13 l-384 3 -5 1940 -5 1940 -241 3 -242 2 -41 -57z m-201 -2374
l0 -1459 -1035 0 c-959 0 -1035 1 -1035 17 0 9 7 23 15 32 9 9 42 54 75 101
32 47 66 93 74 103 9 9 16 22 16 27 0 6 5 10 10 10 6 0 15 10 20 23 12 26 29
53 50 78 8 9 40 54 70 98 30 45 78 114 107 154 29 39 62 86 73 102 12 17 49
69 83 117 34 47 78 109 97 138 19 28 43 61 54 73 19 23 104 146 121 176 10 17
61 87 127 173 15 20 28 40 28 43 0 4 14 24 30 45 17 21 30 43 30 48 0 6 6 15
14 19 7 4 25 26 39 48 52 78 118 170 137 191 11 12 20 25 20 29 0 3 19 32 43
63 24 31 52 72 62 90 11 17 23 32 27 32 5 0 13 10 18 23 6 12 43 68 82 123 40
56 105 148 145 205 39 57 83 120 98 139 80 107 125 170 125 175 0 4 19 32 43
63 50 66 70 95 98 139 12 18 25 30 30 27 5 -3 9 -608 9 -1465z"/>
<path d="M1431 11420 c-19 -5 -53 -27 -79 -53 l-45 -46 0 -74 c1 -67 4 -80 29
-112 15 -20 44 -45 65 -56 38 -19 89 -19 2803 -19 l2765 0 41 21 c23 12 54 40
68 62 22 34 27 51 26 104 0 41 -6 69 -16 80 -8 10 -18 26 -21 36 -4 9 -17 21
-31 27 -13 5 -26 15 -28 22 -4 11 -496 13 -2774 15 -1523 0 -2784 -3 -2803 -7z"/>
<path d="M4115 8040 c-11 -5 -54 -9 -95 -10 -123 -2 -324 -32 -344 -51 -6 -5
-22 -9 -36 -9 -14 0 -35 -7 -46 -15 -10 -8 -27 -15 -37 -15 -9 0 -25 -4 -35
-9 -9 -5 -55 -28 -102 -51 -47 -23 -94 -47 -105 -53 -66 -40 -111 -72 -118
-83 -4 -8 -13 -14 -18 -14 -33 0 -309 -276 -309 -309 0 -5 -6 -14 -14 -18 -11
-7 -41 -50 -81 -115 -16 -27 -97 -180 -132 -250 -7 -14 -13 -37 -13 -50 0 -12
-7 -32 -15 -42 -8 -11 -15 -31 -15 -45 0 -14 -7 -35 -15 -45 -8 -11 -15 -32
-15 -47 0 -14 -7 -32 -15 -39 -8 -7 -15 -29 -15 -49 0 -20 -4 -41 -9 -46 -5
-6 -14 -44 -19 -85 -6 -41 -16 -96 -22 -122 -6 -26 -10 -62 -8 -80 l3 -33 66
-3 67 -3 21 36 c11 20 21 42 21 48 0 15 49 118 110 232 29 57 108 170 134 194
14 14 26 29 26 34 0 12 129 136 197 190 99 79 222 149 345 197 48 19 79 28
213 60 40 10 162 20 245 21 131 1 332 -35 402 -72 10 -5 26 -9 35 -9 10 0 38
-14 63 -30 25 -16 48 -30 52 -30 4 0 27 -13 51 -30 25 -16 48 -30 52 -30 4 0
22 -13 39 -29 17 -16 62 -58 100 -93 168 -155 295 -374 336 -580 4 -21 13 -44
19 -52 7 -9 12 -45 12 -86 0 -39 5 -83 10 -98 13 -34 13 -295 1 -319 -6 -10
-10 -49 -11 -87 0 -38 -7 -92 -15 -120 -8 -28 -22 -78 -31 -111 -8 -33 -20
-73 -26 -90 -6 -16 -15 -47 -20 -68 -5 -21 -13 -45 -18 -55 -5 -9 -17 -43 -26
-75 -10 -31 -24 -62 -32 -68 -7 -6 -13 -20 -13 -31 0 -11 -7 -32 -14 -46 -8
-15 -31 -61 -51 -102 -52 -108 -116 -223 -175 -316 -46 -71 -127 -201 -140
-223 -13 -22 -145 -203 -172 -236 -5 -5 -25 -32 -45 -59 -20 -28 -43 -57 -51
-65 -7 -9 -43 -54 -79 -101 -66 -86 -154 -188 -387 -444 -132 -146 -896 -919
-933 -946 -12 -8 -116 -105 -232 -215 -115 -110 -238 -225 -272 -256 -62 -55
-63 -56 -67 -117 -2 -34 -1 -73 2 -87 l6 -25 1753 0 1753 0 17 29 c9 16 17 35
17 42 0 7 13 47 30 88 16 42 50 135 75 206 25 72 52 142 60 157 8 14 15 34 15
44 0 10 14 54 31 98 18 45 37 97 44 116 7 19 19 53 28 75 8 22 28 76 44 120
36 97 53 147 56 160 1 6 -33 11 -84 13 l-85 3 -53 -83 c-75 -117 -189 -231
-271 -270 -128 -62 -210 -86 -340 -97 -47 -5 -100 -13 -117 -19 -43 -14 -2017
-17 -2011 -3 1 5 129 140 283 300 347 361 572 600 605 645 14 19 97 110 185
204 204 216 358 387 440 487 22 27 59 70 82 96 24 25 65 75 93 110 113 145
290 379 290 383 0 3 22 38 49 78 159 237 208 322 345 598 15 30 34 68 42 83 8
16 14 35 14 42 0 7 6 26 14 42 61 126 114 314 143 513 18 127 28 407 14 423
-5 7 -13 45 -16 85 -4 40 -12 75 -16 78 -5 3 -9 14 -9 24 0 26 -40 150 -57
175 -7 11 -13 29 -13 41 0 12 -7 27 -15 34 -8 7 -15 20 -15 30 0 10 -7 23 -15
30 -8 7 -15 17 -15 23 0 6 -30 56 -67 112 -119 176 -395 440 -555 530 -99 56
-258 128 -328 148 -30 8 -79 23 -109 31 -29 9 -62 16 -72 16 -11 0 -27 5 -37
10 -9 6 -78 15 -152 20 -74 5 -157 12 -185 15 -27 2 -59 0 -70 -5z"/>
</g>
</svg>
