<?xml version="1.0" standalone="no"?>
<!DOCTYPE svg PUBLIC "-//W3C//DTD SVG 20010904//EN"
 "http://www.w3.org/TR/2001/REC-SVG-20010904/DTD/svg10.dtd">
<svg version="1.0" xmlns="http://www.w3.org/2000/svg"
 width="900.000000pt" height="438.000000pt" viewBox="0 0 900.000000 438.000000"
 preserveAspectRatio="xMidYMid meet">
<metadata>
Created by potrace 1.10, written by Peter Selinger 2001-2011
</metadata>
<g transform="translate(0.000000,438.000000) scale(0.100000,-0.100000)"
fill="#000000" stroke="none">
<path d="M966 4273 c-9 -26 -16 -61 -16 -79 0 -18 -5 -45 -11 -61 -6 -15 -17
-59 -25 -98 -8 -38 -21 -97 -29 -130 -26 -113 -45 -200 -60 -270 -7 -38 -21
-99 -29 -135 -9 -36 -23 -99 -32 -140 -19 -94 -39 -185 -59 -275 -8 -38 -20
-97 -26 -130 -6 -33 -15 -69 -19 -80 -4 -11 -13 -47 -20 -80 -7 -33 -18 -89
-26 -125 -8 -36 -21 -96 -29 -135 -8 -38 -28 -133 -45 -210 -43 -191 -55 -247
-75 -340 -18 -85 -37 -170 -61 -275 -8 -36 -21 -96 -29 -135 -8 -38 -21 -101
-30 -140 -9 -38 -23 -101 -31 -140 -23 -110 -41 -194 -59 -270 -8 -38 -22
-101 -30 -140 -7 -38 -21 -101 -30 -140 -9 -38 -23 -101 -31 -140 -21 -103
-39 -184 -74 -340 -18 -77 -33 -149 -33 -160 -2 -20 5 -20 926 -23 767 -2 928
0 933 11 3 8 0 34 -6 58 -15 56 -37 155 -55 244 -8 39 -22 100 -30 137 -26
116 -45 200 -60 273 -8 39 -21 99 -29 135 -64 283 -90 404 -120 550 -18 86
-32 150 -76 345 -33 147 -49 220 -74 345 -9 41 -23 104 -32 140 -8 36 -22 97
-29 135 -8 39 -22 100 -30 137 -26 116 -45 200 -60 273 -8 39 -21 102 -30 140
-9 39 -20 93 -25 120 -5 28 -17 79 -25 115 -25 104 -42 181 -53 235 -22 105
-53 251 -62 285 -5 19 -18 80 -30 135 -12 55 -27 123 -35 150 -25 92 -35 145
-35 184 0 45 -15 91 -29 91 -5 0 -16 -21 -25 -47z m44 -260 c5 -32 15 -92 23
-133 9 -41 23 -111 31 -155 9 -44 23 -109 32 -145 8 -36 21 -94 29 -130 7 -36
21 -99 30 -140 9 -41 23 -104 31 -140 8 -36 21 -96 29 -135 8 -38 21 -99 29
-135 66 -293 93 -415 120 -550 9 -41 23 -104 31 -140 9 -36 22 -96 30 -135 7
-38 21 -101 30 -140 9 -38 23 -99 30 -135 8 -36 21 -96 29 -135 8 -38 22 -101
31 -140 9 -38 22 -101 30 -140 8 -38 22 -101 31 -140 32 -143 45 -202 59 -270
8 -38 21 -101 30 -140 9 -38 22 -101 30 -140 8 -38 22 -99 31 -135 19 -77 41
-184 55 -260 5 -30 17 -74 26 -98 10 -27 13 -46 6 -53 -6 -6 -328 -8 -864 -7
-752 3 -854 5 -852 18 7 48 25 128 32 145 5 11 15 47 21 80 7 33 18 89 26 125
7 36 20 94 28 130 9 36 23 99 31 140 8 41 21 104 29 140 8 36 22 97 31 135 8
39 22 102 30 140 7 39 21 99 29 135 9 36 23 99 32 140 25 123 41 197 74 345
55 246 81 364 106 485 7 36 20 94 29 130 8 36 22 97 30 135 8 39 21 102 30
140 9 39 22 102 30 140 14 67 28 128 60 273 9 37 22 99 30 137 8 39 21 102 30
140 17 73 36 160 59 273 8 37 23 110 34 162 11 52 24 115 27 140 8 52 33 116
41 107 3 -3 10 -32 14 -64z"/>
<path d="M4052 4298 c-7 -7 -12 -38 -12 -70 0 -32 -6 -75 -14 -95 -18 -49 -56
-215 -56 -246 0 -13 -3 -27 -7 -31 -5 -4 -13 -33 -19 -64 -21 -102 -54 -256
-89 -410 -8 -37 -22 -98 -30 -137 -8 -38 -21 -101 -30 -140 -9 -38 -22 -101
-30 -140 -14 -67 -28 -128 -60 -272 -9 -38 -22 -99 -30 -138 -8 -38 -21 -101
-30 -140 -9 -38 -22 -99 -30 -135 -15 -75 -32 -151 -75 -345 -47 -210 -59
-263 -76 -345 -32 -158 -43 -208 -64 -295 -11 -49 -25 -110 -30 -135 -5 -25
-16 -76 -25 -115 -9 -38 -22 -101 -30 -140 -14 -68 -27 -127 -59 -270 -9 -38
-23 -101 -31 -140 -8 -38 -21 -101 -30 -140 -27 -119 -46 -209 -52 -242 l-5
-33 931 0 931 0 0 23 c0 13 -9 63 -21 113 -21 90 -35 156 -63 294 -9 41 -23
107 -32 145 -30 134 -81 364 -118 540 -8 39 -22 102 -31 140 -9 39 -22 102
-30 140 -8 39 -21 99 -30 135 -22 98 -44 197 -60 275 -8 39 -21 102 -30 140
-9 39 -20 90 -25 115 -5 25 -18 86 -30 135 -12 50 -27 119 -35 155 -23 118
-52 250 -105 485 -30 134 -40 182 -74 340 -8 39 -22 102 -31 140 -9 39 -22
102 -30 140 -8 39 -21 100 -30 138 -31 137 -45 203 -56 257 -6 30 -22 97 -35
147 -13 51 -27 124 -30 163 -6 56 -10 70 -23 70 -10 0 -22 -5 -29 -12z m48
-309 c5 -35 16 -95 24 -134 8 -38 19 -99 26 -135 6 -36 15 -74 20 -85 6 -11
14 -47 20 -80 9 -58 27 -144 56 -270 7 -33 20 -94 29 -135 9 -41 23 -104 31
-140 18 -77 37 -167 58 -270 9 -41 23 -104 32 -140 8 -36 22 -96 29 -135 8
-38 22 -100 30 -137 26 -116 45 -200 60 -273 8 -38 21 -101 30 -140 9 -38 20
-88 24 -110 25 -128 44 -212 51 -230 5 -11 13 -47 19 -80 14 -76 32 -163 101
-470 33 -148 49 -222 74 -345 9 -41 23 -104 32 -140 8 -36 21 -96 29 -135 18
-93 40 -183 54 -218 6 -16 9 -33 5 -38 -3 -5 -355 -9 -866 -9 l-860 0 5 27 c2
16 14 64 26 108 12 44 26 103 31 130 10 54 30 151 54 255 8 36 22 99 31 140 9
41 22 102 29 135 27 119 46 211 57 270 6 33 14 69 19 80 4 11 14 47 20 80 23
114 39 190 55 260 9 39 22 102 30 140 15 72 34 159 61 275 8 36 21 97 29 135
8 39 21 102 30 140 9 39 22 99 30 135 14 72 38 180 61 280 8 36 19 92 25 125
6 33 14 67 17 75 6 15 16 58 47 205 32 148 43 199 75 345 75 344 87 401 100
494 17 117 44 124 60 15z"/>
<path d="M1603 4225 c-3 -9 0 -39 6 -68 7 -29 18 -81 26 -117 30 -147 54 -257
105 -485 33 -147 49 -220 74 -345 9 -41 23 -104 32 -140 8 -36 22 -96 29 -135
8 -38 21 -100 30 -137 36 -162 46 -206 54 -254 5 -28 14 -70 20 -92 13 -48 28
-117 71 -327 6 -33 16 -69 20 -80 5 -11 13 -47 19 -80 14 -76 32 -163 101
-470 33 -148 49 -222 74 -345 9 -41 23 -104 32 -140 8 -36 21 -96 29 -135 7
-38 21 -101 30 -140 9 -38 23 -100 31 -137 32 -154 44 -206 59 -268 17 -66 49
-225 60 -292 3 -22 12 -38 19 -38 14 0 29 47 52 165 7 39 21 99 29 135 24 96
44 186 60 265 14 66 23 105 60 273 9 37 20 94 26 127 6 33 15 69 19 80 4 11
13 47 20 80 7 33 18 89 26 125 8 36 21 97 29 135 8 39 28 133 45 210 43 192
55 247 75 340 37 176 45 213 60 275 9 36 22 97 30 135 8 39 21 102 30 140 15
66 27 122 59 275 8 36 21 97 30 135 10 39 24 102 32 140 8 39 21 99 29 135 9
36 22 99 31 140 23 114 40 192 74 345 79 350 112 513 114 555 l1 25 -923 3
c-825 2 -923 0 -929 -13z m1787 -57 c-1 -7 -8 -42 -16 -78 -8 -36 -22 -94 -30
-130 -8 -36 -22 -95 -30 -132 -8 -38 -20 -98 -28 -135 -8 -38 -22 -99 -31
-138 -8 -38 -22 -101 -30 -140 -8 -38 -21 -99 -30 -135 -8 -36 -22 -99 -31
-140 -23 -111 -39 -189 -74 -345 -42 -189 -55 -246 -75 -340 -17 -80 -30 -137
-59 -270 -9 -38 -23 -101 -31 -140 -7 -38 -21 -99 -29 -135 -9 -36 -23 -99
-31 -140 -15 -74 -30 -143 -60 -277 -9 -38 -22 -99 -30 -138 -7 -38 -21 -99
-29 -135 -9 -36 -23 -99 -32 -140 -8 -41 -21 -104 -29 -140 -7 -36 -26 -123
-41 -195 -15 -71 -30 -139 -34 -150 -7 -20 -19 -75 -45 -215 -25 -134 -30
-151 -40 -153 -5 -1 -13 23 -17 53 -4 30 -14 89 -22 130 -8 41 -22 109 -30
150 -8 41 -22 107 -31 145 -20 83 -40 174 -60 270 -8 39 -21 102 -30 140 -9
39 -22 102 -30 140 -8 39 -21 99 -30 135 -22 93 -44 194 -60 275 -8 39 -21 99
-29 135 -71 314 -102 457 -117 540 -5 30 -14 69 -20 86 -5 18 -14 54 -19 80
-9 50 -29 145 -56 264 -9 36 -22 95 -30 133 -8 37 -20 97 -28 135 -8 37 -22
99 -31 137 -9 39 -22 102 -30 140 -8 39 -21 100 -30 138 -30 136 -43 194 -60
272 -9 44 -23 107 -31 140 -7 33 -20 92 -28 130 -8 39 -20 86 -25 105 -6 19
-11 45 -11 57 l0 23 860 0 c682 0 860 -3 860 -12z"/>
<path d="M4703 4224 c-3 -8 -1 -25 5 -37 5 -12 15 -49 21 -82 6 -33 18 -91 26
-130 17 -72 33 -149 59 -270 8 -38 22 -101 31 -140 9 -38 22 -101 30 -140 8
-38 22 -101 31 -140 15 -68 27 -124 58 -270 8 -38 22 -101 31 -140 9 -38 22
-101 30 -140 8 -38 22 -99 31 -135 8 -36 22 -94 29 -130 28 -137 53 -253 105
-485 33 -147 49 -220 74 -345 9 -41 23 -104 32 -140 8 -36 22 -96 29 -135 8
-38 22 -101 30 -140 9 -38 23 -99 31 -135 8 -36 21 -96 29 -135 8 -38 21 -101
30 -140 9 -38 20 -92 25 -118 12 -62 39 -183 51 -223 6 -18 14 -54 19 -80 20
-109 32 -161 46 -202 8 -23 14 -57 14 -75 0 -42 29 -117 46 -117 8 0 15 20 19
58 3 31 10 75 15 97 5 22 12 58 15 80 4 22 10 44 13 50 4 5 12 35 18 65 22
103 44 205 59 270 9 36 22 99 31 140 27 135 54 257 120 550 8 36 21 97 29 135
8 39 21 99 29 135 8 36 22 99 31 140 9 41 23 104 30 140 7 36 21 97 30 135 9
39 23 102 31 140 18 85 37 176 59 270 8 39 22 102 30 140 7 39 21 99 29 135 9
36 23 99 32 140 25 125 41 198 74 345 40 177 54 240 75 340 9 44 23 107 30
140 40 180 48 216 60 275 17 79 40 180 55 239 6 24 8 52 5 62 -6 18 -34 19
-931 19 -830 0 -925 -2 -931 -16z m1797 -59 c0 -8 -6 -34 -14 -57 -8 -24 -19
-68 -25 -98 -11 -53 -24 -115 -56 -257 -9 -38 -22 -99 -30 -138 -8 -38 -21
-101 -30 -140 -9 -38 -22 -101 -30 -140 -8 -38 -21 -99 -29 -135 -8 -36 -22
-94 -30 -130 -29 -130 -47 -216 -56 -264 -5 -26 -14 -62 -19 -80 -6 -17 -15
-56 -20 -86 -12 -69 -31 -156 -71 -335 -43 -192 -58 -258 -75 -340 -20 -99
-38 -182 -68 -315 -14 -63 -28 -128 -32 -145 -3 -16 -13 -59 -21 -95 -8 -36
-21 -96 -29 -135 -14 -68 -27 -127 -59 -270 -9 -38 -23 -101 -31 -140 -7 -38
-21 -99 -29 -135 -9 -36 -23 -101 -32 -145 -8 -44 -22 -111 -30 -150 -7 -38
-18 -99 -24 -134 -6 -36 -12 -67 -15 -69 -7 -7 -32 63 -40 109 -3 24 -16 87
-27 139 -22 105 -39 187 -62 300 -9 41 -23 104 -32 140 -8 36 -22 97 -29 135
-8 39 -21 99 -29 135 -27 122 -48 215 -62 285 -8 39 -21 99 -30 135 -8 36 -22
97 -29 135 -8 39 -21 99 -30 135 -22 98 -44 197 -60 275 -8 39 -21 99 -29 135
-63 278 -83 372 -120 550 -8 36 -21 99 -31 140 -39 173 -89 402 -119 550 -9
41 -23 104 -32 140 -8 36 -22 97 -29 135 -24 116 -40 185 -82 353 l-5 22 866
0 c754 0 866 -2 866 -15z"/>
<path d="M6742 1145 l3 -1065 1050 0 c578 0 1056 0 1063 0 10 0 12 216 10
1062 l-3 1063 -1063 3 -1062 2 2 -1065z m2045 982 c2 -2 4 -449 4 -993 l0
-989 -991 0 -992 0 1 990 c0 545 1 992 1 995 0 6 1971 3 1977 -3z"/>
</g>
</svg>
