<?xml version="1.0" standalone="no"?>
<!DOCTYPE svg PUBLIC "-//W3C//DTD SVG 20010904//EN"
 "http://www.w3.org/TR/2001/REC-SVG-20010904/DTD/svg10.dtd">
<svg version="1.0" xmlns="http://www.w3.org/2000/svg"
 width="777.000000pt" height="573.000000pt" viewBox="0 0 777.000000 573.000000"
 preserveAspectRatio="xMidYMid meet">
<metadata>
Created by potrace 1.10, written by Peter Selinger 2001-2011
</metadata>
<g transform="translate(0.000000,573.000000) scale(0.100000,-0.100000)"
fill="#000000" stroke="none">
<path d="M6860 5715 c0 -8 5 -15 10 -15 6 0 10 7 10 15 0 8 -4 15 -10 15 -5 0
-10 -7 -10 -15z"/>
<path d="M6203 5578 c-5 -7 -17 -69 -27 -138 -10 -68 -20 -128 -22 -132 -3 -4
-35 -6 -73 -5 -39 1 -74 -3 -82 -9 -8 -7 -27 -15 -44 -18 -16 -4 -45 -20 -64
-36 -48 -42 -35 -45 -229 46 -51 24 -95 44 -98 44 -3 0 -20 7 -37 15 -59 27
-191 75 -208 75 -19 0 -148 38 -171 51 -10 5 -24 9 -31 9 -7 0 -35 15 -62 33
-88 56 -105 63 -115 47 -16 -25 -11 -52 10 -57 11 -3 20 -9 20 -13 0 -5 13
-11 30 -15 16 -4 32 -10 35 -15 6 -10 64 -40 77 -40 5 0 33 -11 61 -25 29 -13
72 -27 97 -30 40 -6 129 -35 170 -55 9 -4 31 -11 50 -15 19 -4 71 -25 115 -45
110 -52 154 -70 176 -70 26 0 33 -18 16 -38 -16 -18 -45 -116 -49 -167 -3 -25
-8 -31 -33 -33 -16 -2 -34 -7 -40 -11 -5 -4 -39 -18 -75 -31 -36 -14 -89 -37
-117 -52 -29 -15 -61 -28 -71 -28 -10 0 -22 -4 -27 -8 -6 -5 -32 -17 -60 -27
-27 -10 -81 -32 -120 -50 -124 -57 -143 -65 -155 -65 -21 0 -115 -34 -147 -53
-23 -13 -33 -26 -33 -43 0 -33 26 -41 58 -18 37 27 67 40 137 60 33 9 71 23
85 30 39 20 149 68 215 94 88 34 123 49 191 81 33 16 65 29 71 29 10 0 59 21
95 41 39 21 58 5 58 -48 0 -14 14 -45 30 -70 33 -49 36 -70 16 -116 -28 -68
-56 -145 -71 -202 -9 -33 -20 -67 -25 -76 -5 -9 -12 -34 -16 -55 -3 -22 -10
-43 -14 -49 -4 -5 -11 -26 -15 -45 -4 -19 -17 -65 -31 -102 -21 -61 -22 -69
-7 -83 17 -18 33 -16 43 6 4 8 12 23 17 34 6 12 14 41 17 65 4 25 11 54 16 65
15 36 68 209 75 245 5 31 18 63 46 121 4 9 10 37 14 63 4 25 12 46 18 46 5 0
25 -11 43 -25 18 -14 35 -25 39 -25 3 0 27 -9 52 -21 35 -16 66 -21 122 -21
l76 1 28 -57 c15 -31 27 -63 27 -70 0 -7 13 -41 29 -76 17 -34 33 -75 36 -89
4 -15 11 -30 16 -33 5 -3 9 -12 9 -20 0 -9 13 -44 29 -77 15 -34 32 -73 36
-87 10 -34 34 -60 56 -60 29 0 32 18 11 63 -11 23 -30 65 -42 92 -12 28 -28
64 -36 82 -8 17 -14 38 -14 46 0 9 -4 19 -10 22 -5 3 -10 14 -10 23 -1 9 -9
35 -20 57 -11 22 -19 44 -20 48 0 5 -18 44 -39 86 l-39 78 40 18 c23 10 58 33
78 52 l38 33 68 -35 c38 -19 73 -35 77 -35 5 0 52 -29 105 -65 148 -99 173
-117 210 -152 47 -45 130 -98 183 -119 24 -10 61 -32 82 -51 20 -18 48 -33 61
-33 14 0 27 -4 31 -9 3 -5 34 -13 69 -16 52 -6 70 -4 93 10 29 17 31 17 71 -9
49 -31 54 -31 112 -8 71 27 90 44 90 75 0 42 -26 45 -60 7 -38 -43 -105 -53
-134 -21 -17 19 -18 24 -6 46 11 20 11 27 0 40 -25 30 -60 5 -60 -43 0 -11
-11 -27 -24 -35 -21 -14 -31 -14 -97 -1 -117 23 -168 60 -169 124 0 19 9 49
20 65 24 36 25 54 4 62 -9 3 -27 -5 -44 -22 -25 -24 -34 -27 -67 -20 -45 8
-107 68 -116 113 -11 56 3 101 41 130 30 23 44 27 98 25 61 -2 124 -24 124
-43 0 -19 29 -10 41 12 10 19 7 25 -26 53 -34 28 -39 37 -43 87 -9 111 29 155
142 164 68 6 105 -8 121 -44 14 -32 51 -29 69 7 17 32 40 41 112 41 55 0 78
15 72 47 -6 29 -126 21 -178 -12 -41 -26 -70 -32 -70 -15 0 5 -14 17 -31 26
-31 15 -67 15 -145 -1 -29 -6 -31 -5 -27 18 6 30 -12 39 -58 27 -19 -5 -54
-14 -79 -20 -25 -7 -59 -18 -77 -26 -17 -8 -38 -14 -46 -14 -9 0 -18 -4 -22
-9 -3 -5 -20 -13 -38 -16 -17 -4 -59 -16 -92 -27 -33 -11 -105 -27 -160 -34
-55 -7 -116 -16 -136 -20 -36 -6 -36 -6 -43 35 -3 22 -17 61 -31 87 -14 26
-25 50 -25 54 0 4 20 21 45 39 24 17 52 39 61 48 9 9 41 36 72 60 32 24 93 79
137 122 44 43 106 95 138 115 64 40 69 59 15 64 -41 4 -63 -13 -248 -188 -20
-19 -77 -69 -126 -110 -49 -41 -93 -81 -97 -87 -12 -19 -31 -16 -58 8 -35 31
-97 69 -112 69 -7 0 -21 6 -29 13 -15 11 -15 16 -2 52 19 54 35 226 22 243 -6
6 -14 12 -18 12 -4 0 -12 -6 -17 -12z m14 -353 c12 -8 28 -15 36 -15 27 0 127
-92 127 -117 0 -7 4 -13 9 -13 5 0 13 -15 16 -32 4 -18 12 -39 19 -47 18 -23
10 -154 -12 -198 -20 -38 -74 -93 -91 -93 -5 0 -16 -6 -23 -13 -20 -20 -112
-47 -160 -47 -73 0 -203 61 -260 123 -40 44 -72 155 -66 231 13 161 132 252
313 240 38 -2 79 -11 92 -19z m976 -172 c4 -3 -6 -14 -23 -24 -58 -36 -86
-143 -55 -213 8 -18 5 -19 -42 -13 -70 8 -112 -6 -155 -50 -82 -87 -47 -215
83 -298 20 -13 47 -25 60 -27 16 -2 24 -9 24 -23 0 -50 -74 -12 -185 93 -30
28 -63 55 -72 58 -10 3 -18 9 -18 13 0 5 -30 29 -67 54 -59 39 -87 56 -163 96
-30 16 -86 40 -109 46 -17 5 -20 10 -12 18 6 6 11 22 11 37 0 14 6 36 13 50
11 22 22 26 102 37 246 32 317 46 367 74 10 5 23 9 30 9 7 0 42 16 78 34 61
32 118 45 133 29z"/>
<path d="M6022 4874 c1 -9 9 -19 16 -22 9 -3 13 2 10 14 -1 9 -9 19 -16 22 -9
3 -13 -2 -10 -14z"/>
<path d="M4255 5299 c-137 -26 -176 -44 -231 -108 l-21 -25 -34 27 c-19 15
-40 32 -46 37 -7 6 -26 13 -43 17 -17 3 -33 10 -36 14 -7 12 -111 11 -119 -1
-3 -5 -21 -10 -39 -10 -56 0 -156 -88 -156 -137 0 -35 -13 -34 -49 1 -20 19
-60 44 -89 55 -64 25 -163 28 -186 6 -8 -8 -18 -15 -22 -15 -4 0 -14 -7 -23
-15 -9 -8 -35 -30 -58 -50 -23 -20 -51 -56 -63 -81 -24 -50 -35 -52 -106 -28
-26 9 -60 13 -76 10 -15 -3 -42 -9 -59 -12 -43 -9 -139 -75 -172 -117 -47 -61
-29 -161 37 -216 26 -22 133 -20 184 3 25 11 46 16 51 10 4 -5 13 -33 19 -62
15 -70 33 -94 99 -138 47 -31 66 -38 125 -42 58 -4 77 -1 116 18 26 13 59 34
75 48 l27 26 48 -45 c50 -48 68 -59 147 -86 59 -20 261 -25 273 -7 4 6 17 14
29 18 11 4 40 27 62 51 34 37 41 52 41 85 0 32 4 40 18 40 11 0 27 -9 37 -20
38 -42 105 -65 190 -65 75 0 84 2 141 38 34 21 74 52 90 70 27 30 29 38 29
112 0 73 -3 84 -30 125 -17 25 -34 50 -38 57 -5 8 9 21 37 38 63 37 116 114
116 169 0 13 -7 38 -16 57 -20 41 -111 129 -133 129 -10 0 -21 4 -26 9 -15 13
-76 18 -120 10z m135 -75 c14 -7 32 -16 40 -19 31 -13 55 -59 55 -106 0 -83
-75 -152 -165 -153 -58 -1 -67 -28 -19 -54 61 -32 90 -66 101 -112 22 -97 7
-148 -57 -191 -64 -44 -114 -54 -198 -40 -39 7 -74 15 -77 19 -3 4 -22 18 -42
32 -20 14 -40 36 -43 50 -8 30 -33 60 -50 60 -17 0 -27 -28 -19 -53 3 -10 3
-48 -1 -82 -5 -54 -11 -68 -41 -98 -41 -40 -143 -74 -191 -63 -15 4 -50 11
-78 17 -63 13 -123 40 -163 74 -26 22 -32 34 -32 66 0 28 -5 41 -19 49 -30 16
-40 12 -47 -17 -16 -64 -64 -104 -147 -123 -125 -28 -244 77 -236 209 4 80 -8
89 -65 46 -18 -14 -48 -28 -67 -31 -19 -4 -42 -11 -52 -16 -26 -14 -104 18
-111 46 -3 11 -6 39 -6 62 0 45 14 62 90 110 39 24 55 28 125 28 62 0 89 -5
120 -21 21 -11 45 -19 52 -16 6 3 19 28 27 56 36 119 179 214 268 178 13 -5
34 -12 48 -15 35 -7 104 -77 126 -125 17 -40 44 -59 64 -46 13 8 13 52 0 60
-24 15 -6 93 32 144 32 42 66 54 163 55 83 1 93 -1 134 -28 58 -37 91 -74 91
-101 0 -33 22 -56 48 -49 23 7 32 47 12 59 -5 3 -10 18 -10 33 0 29 54 92 80
92 9 0 20 4 26 9 12 13 131 29 174 23 19 -2 46 -11 60 -18z"/>
<path d="M4136 4903 c-11 -11 -6 -23 9 -23 8 0 15 4 15 9 0 13 -16 22 -24 14z"/>
<path d="M3622 4778 c6 -18 28 -21 28 -4 0 9 -7 16 -16 16 -9 0 -14 -5 -12
-12z"/>
<path d="M555 5247 c-57 -30 -194 -127 -229 -163 -21 -20 -20 -53 0 -61 10 -3
25 5 42 23 75 82 240 184 296 184 72 0 115 -81 100 -189 -7 -56 10 -80 45 -61
17 9 21 20 21 60 0 51 17 80 49 80 9 0 21 4 26 9 6 6 28 13 50 16 47 8 70 -11
92 -73 20 -57 16 -105 -14 -157 -25 -46 -26 -48 -8 -61 27 -20 31 -18 62 29
25 37 36 44 93 59 36 9 95 16 131 17 66 1 66 1 92 -36 31 -45 44 -126 28 -174
-6 -20 -26 -44 -48 -59 -32 -22 -47 -25 -119 -25 -72 0 -89 4 -137 29 -77 42
-117 22 -61 -29 20 -19 28 -38 32 -74 4 -43 1 -51 -26 -79 -16 -17 -47 -39
-69 -50 l-38 -20 -65 30 c-70 33 -89 51 -90 85 0 35 -11 53 -30 53 -19 0 -23
-9 -35 -67 -3 -17 -13 -37 -21 -44 -8 -6 -14 -21 -14 -33 0 -26 -110 -136
-136 -136 -40 0 -65 14 -85 46 -26 43 -42 43 -66 2 -11 -18 -33 -39 -49 -47
-55 -26 -59 -28 -59 -42 0 -9 13 -15 36 -17 30 -2 42 3 68 28 l31 31 32 -24
c74 -55 119 -47 199 34 32 32 67 80 79 106 20 46 21 46 40 27 34 -33 49 -44
63 -44 8 0 26 -10 41 -21 21 -17 36 -20 68 -16 23 3 44 10 47 15 3 5 15 12 26
16 49 16 111 100 117 157 2 24 7 33 18 31 8 -2 44 -6 80 -9 56 -4 72 -2 116
21 65 32 112 81 119 120 13 70 -1 142 -39 198 -49 75 -98 96 -176 78 -30 -7
-70 -15 -87 -17 -18 -3 -33 -9 -33 -14 0 -5 -11 -9 -25 -9 -22 0 -25 4 -25 38
-1 98 -38 159 -111 181 -43 13 -63 8 -142 -35 -34 -19 -57 -12 -57 17 0 13
-17 39 -40 61 -37 34 -46 38 -93 37 -38 0 -68 -9 -112 -32z"/>
<path d="M2995 5231 c-6 -11 9 -23 19 -14 9 9 7 23 -3 23 -6 0 -12 -4 -16 -9z"/>
<path d="M7372 5231 c2 -7 7 -12 11 -12 12 1 9 15 -3 20 -7 2 -11 -2 -8 -8z"/>
<path d="M7435 4840 c-4 -6 -3 -16 3 -22 6 -6 12 -6 17 2 4 6 3 16 -3 22 -6 6
-12 6 -17 -2z"/>
<path d="M2456 4602 c-3 -6 -1 -14 5 -17 15 -10 25 3 12 16 -7 7 -13 7 -17 1z"/>
<path d="M7517 4514 c-9 -10 2 -24 19 -24 8 0 14 7 14 15 0 15 -21 21 -33 9z"/>
<path d="M1170 4361 c0 -17 37 -54 43 -44 3 5 -5 19 -19 32 -13 13 -24 18 -24
12z"/>
<path d="M4600 4000 c0 -5 9 -10 21 -10 11 0 17 5 14 10 -3 6 -13 10 -21 10
-8 0 -14 -4 -14 -10z"/>
<path d="M4152 3926 c-17 -8 -44 -27 -58 -43 -35 -38 -84 -147 -84 -188 0 -42
-13 -51 -42 -31 -32 22 -173 22 -219 0 -61 -30 -96 -62 -102 -94 -8 -36 -32
-49 -54 -27 -12 12 -21 13 -39 5 -13 -6 -24 -14 -24 -18 0 -22 -43 -52 -87
-60 -26 -4 -77 -13 -113 -20 -36 -6 -83 -20 -106 -30 -40 -18 -94 -71 -94 -92
0 -5 15 -24 33 -42 29 -29 67 -46 141 -61 26 -6 28 -9 23 -42 -4 -20 -3 -42 2
-47 5 -6 6 -31 2 -55 -5 -40 -11 -47 -51 -69 -25 -14 -61 -40 -80 -59 -19 -18
-38 -33 -42 -33 -4 0 -23 9 -43 20 -38 21 -100 27 -110 10 -3 -5 -15 -10 -26
-10 -10 0 -39 -20 -65 -45 -25 -25 -49 -45 -53 -45 -12 0 -21 117 -21 272 0
75 -5 160 -12 188 -11 46 -10 53 5 62 10 5 28 26 40 46 23 35 23 36 5 74 -10
21 -22 38 -27 38 -4 0 -18 9 -31 20 -13 11 -33 20 -45 20 -11 0 -26 5 -32 11
-7 7 -31 9 -65 5 -29 -3 -109 -10 -178 -15 -139 -10 -258 -32 -307 -57 -40
-21 -73 -74 -73 -117 0 -32 21 -61 65 -92 17 -11 21 -27 23 -98 l4 -84 -105
-5 c-130 -7 -155 -3 -163 28 -3 13 -24 40 -46 60 l-41 37 -70 -7 c-39 -4 -78
-13 -86 -20 -23 -21 -56 -24 -56 -6 0 8 10 16 23 18 13 2 26 10 29 18 3 8 11
14 19 14 27 0 54 39 54 78 0 44 -11 61 -63 91 -33 20 -45 22 -112 16 -41 -4
-75 -11 -75 -15 0 -4 -11 -11 -24 -14 -23 -6 -38 -33 -50 -86 -6 -31 21 -67
55 -72 30 -4 31 -22 1 -26 -13 -2 -25 3 -28 12 -3 9 -16 16 -28 16 -12 0 -32
7 -45 16 -17 12 -26 13 -34 5 -6 -6 -20 -11 -32 -11 -29 0 -102 -56 -121 -91
-18 -35 -26 -36 -65 -7 -16 12 -65 29 -109 39 -73 15 -83 15 -142 -1 -35 -9
-76 -22 -93 -29 -37 -15 -105 -86 -105 -109 0 -10 -5 -23 -11 -29 -16 -16 -23
-130 -11 -180 11 -49 2 -57 -48 -43 -56 16 -122 -28 -144 -97 -4 -13 -11 -23
-15 -23 -27 0 -120 -110 -121 -142 -1 -7 -9 -31 -20 -53 -19 -40 -28 -154 -14
-189 8 -20 33 -20 58 -1 17 13 22 13 42 0 13 -8 39 -15 59 -15 42 0 45 -14 11
-49 -14 -15 -52 -78 -84 -141 -33 -63 -68 -129 -78 -146 -15 -27 -16 -36 -6
-59 l12 -27 238 7 c130 5 282 9 337 10 279 7 509 17 590 25 50 5 196 12 325
15 129 3 312 10 405 15 94 5 355 15 580 20 226 6 417 13 425 15 8 2 128 6 265
10 138 3 263 8 279 11 43 9 102 11 461 19 182 3 359 10 395 15 36 5 205 12
375 15 171 3 355 10 410 16 55 6 253 14 440 19 499 13 1174 38 1184 44 18 11
468 11 482 -1 8 -6 29 -14 48 -18 31 -7 33 -9 18 -20 -12 -8 -92 -14 -254 -19
-468 -13 -550 -16 -738 -26 -104 -6 -374 -15 -600 -20 -225 -6 -477 -14 -560
-20 -82 -5 -253 -12 -380 -14 -126 -3 -264 -7 -305 -10 -41 -2 -194 -9 -340
-16 -146 -6 -272 -13 -280 -15 -8 -2 -134 -6 -280 -10 -146 -3 -357 -10 -470
-15 -113 -5 -311 -12 -440 -15 -129 -3 -310 -10 -402 -15 -92 -6 -279 -12
-415 -15 -137 -3 -318 -10 -403 -15 -85 -5 -267 -12 -405 -15 -137 -3 -333
-10 -435 -15 -148 -8 -350 -15 -552 -20 -26 0 -22 -27 7 -46 22 -14 35 -15
103 -5 42 6 259 16 482 23 223 6 434 13 470 14 77 4 520 19 1005 34 193 6 411
15 485 21 74 5 306 15 515 20 209 6 400 13 425 15 25 2 212 9 415 14 204 5
441 14 528 19 87 6 217 11 290 11 73 1 182 5 242 11 61 5 270 14 465 19 195 5
446 15 557 21 199 11 254 8 223 -11 -8 -6 -27 -10 -43 -10 -15 0 -35 -4 -45
-10 -9 -5 -43 -21 -74 -35 -31 -14 -72 -42 -91 -62 l-36 -36 -34 17 c-19 9
-53 16 -75 16 -21 0 -54 5 -72 12 -25 8 -45 8 -84 -2 -187 -46 -325 -195 -326
-351 0 -26 7 -66 15 -90 19 -52 9 -66 -33 -45 -48 25 -95 20 -154 -16 -77 -45
-92 -62 -128 -136 -27 -53 -33 -78 -34 -132 0 -77 17 -122 75 -192 22 -26 39
-51 39 -56 0 -5 -16 -12 -35 -15 -68 -11 -106 -52 -147 -157 -19 -49 -24 -135
-8 -145 6 -3 10 -13 10 -22 0 -54 108 -185 164 -199 31 -7 33 -27 6 -61 -38
-48 -19 -188 29 -212 23 -12 97 -22 104 -14 9 8 -35 53 -53 53 -22 0 -50 56
-50 98 1 46 18 70 70 93 59 26 51 43 -31 70 -116 38 -186 120 -196 231 -7 72
18 145 65 190 32 32 36 33 117 33 46 0 87 3 90 7 15 14 -8 47 -39 58 -40 13
-97 71 -127 128 -48 95 -18 251 59 302 20 14 40 29 43 34 4 5 30 11 58 14 64
6 120 -21 177 -85 29 -32 46 -44 58 -40 26 10 18 47 -17 81 -49 47 -71 126
-65 238 5 87 6 90 50 146 25 31 63 66 84 78 22 11 57 30 78 42 36 19 50 21
140 16 115 -6 152 -21 176 -72 10 -21 22 -32 36 -32 28 0 35 20 18 51 -7 13
-13 27 -14 30 -1 28 125 105 220 134 30 9 65 21 76 27 26 12 76 7 159 -16 115
-32 155 -62 243 -181 26 -36 73 -149 70 -172 -4 -37 27 -56 48 -28 49 67 114
105 180 105 37 0 137 -49 170 -84 26 -28 80 -138 95 -196 32 -122 12 -319 -38
-387 -39 -53 -28 -83 31 -83 12 0 32 -10 44 -23 18 -19 22 -36 23 -99 2 -55
-2 -83 -13 -100 -8 -13 -18 -37 -22 -54 -4 -17 -18 -42 -32 -54 -33 -32 -30
-55 15 -106 44 -50 51 -76 51 -182 0 -75 -34 -222 -52 -222 -11 0 -10 -37 0
-44 5 -3 18 -3 29 0 15 4 29 28 52 87 25 67 31 99 33 177 2 85 -1 101 -25 151
-15 31 -36 66 -47 79 l-20 23 20 22 c11 12 20 27 20 33 0 7 4 20 9 30 46 86
51 104 48 170 -4 75 -19 104 -75 142 -35 25 -35 32 -3 100 13 28 16 68 16 196
0 104 -4 166 -11 175 -6 8 -15 25 -19 39 -16 57 -72 155 -105 181 -70 56 -130
81 -200 82 -54 1 -71 -3 -100 -24 -19 -13 -40 -30 -46 -38 -17 -21 -42 -6 -52
31 -12 42 -66 132 -112 185 -42 49 -129 98 -188 106 -47 6 -60 13 -48 24 12
12 269 21 614 22 177 1 322 4 322 9 5 75 5 140 2 149 -6 19 -26 16 -40 -7 -15
-24 -64 -27 -82 -5 -7 8 -24 15 -39 15 -54 0 -101 13 -101 27 0 7 9 24 20 36
12 12 33 42 47 67 15 25 31 50 37 56 6 6 20 27 31 47 11 20 23 37 27 37 5 0 8
6 8 14 0 25 41 66 65 66 28 0 39 13 31 38 -5 15 -20 17 -152 14 -89 -3 -164 1
-192 8 -25 6 -99 14 -165 17 l-120 6 -19 44 c-17 38 -23 43 -52 43 -22 0 -48
-11 -79 -35 -45 -34 -80 -44 -91 -26 -3 5 1 14 9 21 10 8 15 31 15 66 l0 54
39 0 c27 0 46 7 65 25 33 31 33 47 -3 87 l-29 33 -124 0 c-86 0 -139 -5 -178
-17 -30 -9 -58 -14 -62 -10 -3 4 -9 32 -12 62 -3 30 -8 73 -11 96 -7 41 -6 41
42 71 27 17 64 34 81 37 39 9 136 -20 176 -51 45 -37 51 -27 47 71 -3 77 -1
90 19 119 29 41 84 77 119 77 29 0 86 -47 96 -81 8 -23 38 -25 55 -4 10 12 9
23 -4 55 -16 41 -22 136 -8 157 4 6 26 19 50 28 41 17 45 17 77 -1 24 -13 35
-27 40 -51 11 -62 69 -25 59 38 -9 53 17 104 65 128 22 12 49 21 59 21 35 0
123 -47 148 -79 14 -18 44 -7 44 16 0 25 -9 36 -55 63 -22 13 -43 29 -47 34
-4 6 -39 12 -78 14 -63 4 -75 2 -110 -22 -25 -16 -49 -45 -65 -77 -19 -36 -30
-48 -38 -41 -30 23 -87 23 -134 0 -56 -28 -83 -69 -83 -125 0 -32 -4 -43 -15
-43 -9 0 -18 7 -21 15 -14 36 -114 3 -171 -55 -32 -33 -63 -109 -63 -155 0
-27 -9 -28 -80 -6 -41 13 -125 -3 -169 -32 -47 -31 -71 -34 -71 -9 0 24 28 62
45 62 8 0 29 6 47 14 18 8 49 21 69 30 87 38 57 132 -62 195 l-64 34 -240 3
c-488 6 -751 6 -780 -1 -33 -7 -81 -27 -133 -53 -41 -21 -72 -69 -72 -111 0
-46 63 -110 116 -118 22 -3 52 -12 69 -19 l30 -12 -3 -109 c-2 -92 -15 -204
-28 -251 -6 -19 -24 -4 -24 19 0 21 -24 62 -53 92 -22 22 -61 38 -112 46 l-40
6 0 65 c0 58 -4 71 -36 120 -50 77 -123 140 -163 140 -48 0 -59 11 -46 45 20
53 -12 131 -87 213 -40 42 -55 52 -81 52 -32 0 -32 0 -32 53 0 47 -5 60 -45
115 -55 75 -113 107 -178 97 -47 -7 -71 -24 -107 -74 l-24 -35 -11 25 c-20 47
-40 70 -84 96 -55 32 -150 41 -199 19z m157 -58 c57 -29 70 -42 100 -102 18
-38 22 -57 17 -94 -7 -59 3 -77 38 -68 25 6 26 9 26 85 0 72 2 81 29 111 26
30 34 33 77 32 69 -3 76 -6 117 -61 31 -40 38 -58 41 -107 4 -55 3 -61 -27
-92 -26 -27 -29 -34 -17 -42 27 -17 49 -11 72 20 27 37 52 38 87 3 73 -75 87
-139 47 -210 -19 -33 -22 -45 -13 -57 10 -13 18 -14 48 -5 30 10 43 9 69 -5
18 -9 38 -16 44 -16 6 0 27 -19 46 -41 19 -22 41 -47 48 -55 8 -8 19 -43 25
-78 9 -54 8 -71 -6 -107 -22 -56 -12 -66 48 -49 36 10 54 10 83 1 69 -21 115
-81 115 -149 0 -38 -5 -50 -31 -74 -36 -31 -50 -34 -74 -15 -20 16 -40 75 -27
82 18 12 9 46 -16 55 -14 5 -147 14 -297 21 -150 6 -315 13 -366 16 l-94 4 6
37 c4 20 11 49 17 63 11 29 7 190 -5 226 -6 18 -4 24 10 29 81 27 154 88 154
129 0 12 -13 36 -30 55 -33 37 -52 42 -245 67 -140 17 -654 29 -693 15 -15 -5
-33 -7 -39 -5 -24 8 -13 53 21 91 l34 37 106 3 c103 4 107 3 156 -27 32 -20
52 -27 56 -19 4 6 6 48 5 93 -2 63 2 86 14 98 8 9 15 22 15 31 0 8 15 30 33
50 26 27 42 35 78 39 24 2 46 4 48 5 2 1 24 -8 50 -20z m-1530 -356 c50 -27
65 -52 46 -79 -22 -31 -77 -53 -133 -53 -27 0 -62 -4 -78 -10 -16 -5 -97 -16
-180 -24 -121 -12 -161 -13 -200 -3 l-49 12 0 45 c0 47 -1 46 75 79 30 13 160
31 295 40 173 12 189 12 224 -7z m829 -29 c2 -8 -6 -13 -22 -13 -17 0 -26 5
-26 16 0 19 41 16 48 -3z m2512 -33 c182 9 322 -2 436 -36 50 -15 84 -42 84
-68 0 -18 -37 -42 -80 -51 -19 -4 -41 -12 -49 -18 -9 -8 -117 -12 -340 -14
-179 -1 -353 -4 -386 -7 -256 -21 -445 15 -445 86 0 40 94 97 163 99 23 1 53
5 67 10 14 5 126 5 250 2 124 -4 259 -6 300 -3z m-1805 -20 c147 -12 275 -29
303 -40 32 -14 29 -51 -6 -77 -23 -17 -49 -22 -123 -27 -52 -3 -150 -10 -219
-15 -244 -19 -850 -9 -995 16 -61 11 -75 19 -75 42 0 24 19 39 61 47 19 4 41
10 49 15 9 4 42 10 74 14 33 3 68 11 79 16 44 24 584 29 852 9z m-2624 -51
c42 -30 35 -88 -10 -89 -9 -1 -29 -11 -45 -24 -26 -22 -28 -28 -23 -68 3 -23
8 -52 12 -63 5 -15 -1 -24 -24 -38 -17 -10 -36 -15 -42 -11 -11 6 -3 95 11
124 4 8 10 30 13 48 l7 32 -45 0 c-53 0 -61 10 -40 49 11 22 26 33 58 41 23 6
47 13 52 15 24 9 49 4 76 -16z m1090 -200 c3 -85 14 -208 23 -274 10 -66 21
-158 26 -205 4 -47 13 -105 18 -130 6 -25 14 -80 18 -122 l7 -77 -36 -36 c-38
-38 -57 -39 -57 -4 0 49 -65 127 -155 186 -45 30 -54 32 -100 27 -50 -7 -118
-35 -130 -54 -7 -11 -98 -14 -108 -3 -4 3 -1 13 5 21 18 21 23 275 8 387 -36
277 -48 381 -43 387 2 5 47 8 99 8 95 0 119 -11 69 -30 -14 -5 -30 -22 -36
-37 -6 -16 -15 -36 -20 -45 -13 -26 -11 -78 8 -215 21 -154 24 -157 152 -150
117 7 168 20 199 50 l26 26 -18 115 c-27 180 -63 234 -191 282 -45 17 -47 19
-25 25 14 4 66 8 115 8 50 1 97 6 105 11 8 5 20 8 25 7 6 -2 13 -69 16 -158z
m-256 62 c3 -5 18 -13 33 -16 35 -9 91 -75 103 -120 5 -19 13 -52 19 -72 12
-46 13 -123 1 -141 -5 -9 -43 -15 -112 -19 -137 -8 -134 -11 -144 151 -4 68
-4 139 0 156 10 43 83 88 100 61z m-1065 -34 c45 -22 45 -23 46 -77 2 -65 -9
-98 -33 -107 -69 -25 -133 -122 -138 -208 -4 -62 24 -115 78 -147 21 -13 48
-30 59 -39 l22 -16 -24 -64 c-13 -35 -27 -68 -31 -74 -4 -5 -10 -26 -14 -45
-9 -49 -24 -65 -70 -76 -51 -11 -768 -11 -898 0 -54 5 -100 13 -103 18 -8 13
35 143 67 203 26 48 28 50 70 50 l44 0 -3 43 c-3 37 1 47 31 77 31 31 38 34
73 28 21 -3 49 -12 64 -20 56 -29 90 -7 61 41 -10 17 -24 57 -31 88 -11 50
-11 64 4 115 23 76 37 104 56 110 8 3 37 16 63 29 38 19 65 24 123 24 41 0 82
-4 92 -9 9 -6 28 -12 42 -15 32 -7 90 -62 90 -86 0 -25 25 -43 50 -35 24 7 24
15 7 58 -19 46 -5 87 39 117 67 45 101 49 164 17z m3025 -117 c-1 -77 -7 -161
-14 -195 -9 -40 -14 -134 -15 -280 l-1 -220 -29 0 c-26 0 -30 4 -42 52 -17 67
-51 121 -100 158 -34 26 -47 30 -94 28 -30 -1 -56 -7 -58 -13 -2 -5 -9 -10
-15 -10 -16 0 -87 -71 -87 -87 0 -7 -4 -13 -10 -13 -5 0 -10 -6 -10 -12 0 -7
-10 -33 -23 -58 -22 -44 -53 -64 -61 -38 -2 7 -12 40 -22 73 -22 75 -38 101
-88 136 -48 36 -110 39 -149 9 -14 -11 -29 -20 -34 -20 -5 0 -36 -27 -71 -61
-45 -45 -63 -70 -68 -97 -8 -45 -17 -52 -72 -52 l-42 0 1 413 1 414 96 -4
c194 -7 631 -5 782 4 85 6 171 9 190 9 l35 -1 0 -135z m1957 69 c4 -30 11 -76
17 -104 5 -27 10 -73 10 -102 1 -28 6 -64 12 -80 6 -15 13 -107 16 -203 3 -96
6 -191 7 -210 1 -33 -1 -35 -29 -35 -24 0 -31 5 -33 25 -2 14 -7 30 -12 35 -4
6 -10 22 -14 36 -3 15 -19 41 -35 58 -28 30 -32 31 -108 31 -114 -1 -168 -38
-208 -143 -18 -48 -19 -48 -59 -45 -37 3 -41 6 -44 33 -3 30 -10 50 -40 113
-17 35 -55 63 -113 81 -32 10 -42 9 -80 -11 -35 -18 -58 -44 -109 -121 -72
-107 -78 -108 -101 -22 -10 35 -6 197 7 285 16 109 24 221 22 310 l-2 105 90
1 c474 8 615 12 620 17 3 2 44 4 92 2 l87 -2 7 -54z m-4568 5 c47 -48 38 -54
-83 -54 -68 0 -112 4 -117 11 -3 6 6 24 22 40 25 26 34 29 90 29 53 0 65 -4
88 -26z m361 -181 c3 -54 11 -111 17 -126 14 -36 5 -341 -11 -360 -12 -15
-119 -12 -136 5 -5 5 -13 71 -17 146 -7 145 -24 349 -34 394 l-5 27 78 4 c43
1 83 4 90 5 7 1 13 -30 18 -95z m-427 70 c6 -10 10 -58 11 -107 1 -49 4 -93 7
-98 3 -4 8 -36 10 -71 3 -34 10 -96 16 -137 5 -41 11 -88 11 -105 l2 -30 -86
3 c-61 2 -101 -2 -138 -14 -63 -20 -77 -12 -87 52 -3 24 -9 46 -13 48 -9 6 -5
351 4 401 10 48 18 55 70 55 22 0 47 5 55 10 8 5 41 10 72 10 45 0 59 -4 66
-17z m194 -48 c4 -33 14 -148 21 -255 8 -107 18 -203 22 -213 17 -40 -49 -62
-105 -34 -21 11 -25 20 -26 70 -1 32 -7 93 -13 135 -6 42 -16 122 -22 177 -6
55 -13 119 -16 143 l-5 43 68 -3 69 -3 7 -60z m-516 -171 c4 -153 -4 -169 -56
-119 -52 50 -48 152 10 225 18 22 35 38 38 35 3 -3 7 -66 8 -141z m1835 2 c-2
-75 2 -122 9 -137 19 -34 -9 -49 -90 -49 -36 0 -126 -5 -199 -11 -159 -12
-161 -12 -161 73 0 61 15 102 47 128 66 55 77 60 122 60 52 0 65 -8 106 -63
23 -30 30 -35 42 -25 10 8 13 22 9 43 -5 26 -1 36 26 62 44 40 70 54 83 42 5
-5 8 -59 6 -123z m3571 26 c18 -18 2 -26 -59 -26 l-57 -1 -1 -117 c-1 -96 1
-118 13 -123 28 -10 100 7 133 31 18 13 39 24 46 24 17 0 17 -54 0 -68 -7 -6
-74 -11 -164 -11 -117 0 -159 -4 -182 -16 -33 -16 -77 -20 -85 -7 -3 5 8 19
25 31 l30 23 -2 131 -2 132 59 6 c93 9 233 4 246 -9z m-1764 -74 c56 -7 102
-16 102 -22 0 -24 -33 -95 -47 -100 -8 -4 -65 -1 -127 6 -137 16 -437 16 -490
1 -58 -17 -65 -11 -59 55 2 31 6 63 9 70 3 11 54 12 256 7 139 -3 299 -11 356
-17z m1430 -75 c-4 -127 -22 -125 -26 2 -2 81 0 95 13 95 13 0 15 -14 13 -97z
m-1078 -14 c0 -22 -26 -43 -45 -35 -13 4 -12 11 7 41 21 37 37 34 38 -6z
m-204 -26 c3 -16 14 -56 25 -90 10 -34 19 -68 19 -75 0 -7 -16 -28 -35 -47
-38 -38 -41 -36 -49 44 -3 28 -8 67 -12 88 -4 26 -1 48 10 72 20 42 34 44 42
8z m-217 -52 c68 -6 107 -14 112 -23 5 -7 9 -34 9 -59 0 -26 7 -63 16 -84 23
-55 14 -67 -48 -63 -45 3 -53 6 -58 26 -13 57 -112 122 -187 122 -40 0 -114
-26 -121 -42 -2 -5 -10 -8 -18 -8 -8 0 -24 -16 -35 -35 l-21 -35 -91 0 c-51 0
-96 4 -102 8 -5 4 -10 48 -10 97 l0 90 55 6 c87 9 385 9 499 0z m411 -5 c0 -9
-19 -15 -56 -20 -59 -7 -74 -3 -74 20 0 11 15 14 65 14 48 0 65 -4 65 -14z
m-2136 -24 c2 -4 1 -23 -3 -42 -6 -31 -11 -35 -48 -42 -23 -4 -51 -11 -61 -17
-14 -8 -216 -15 -309 -11 -16 0 -18 86 -2 95 25 16 414 31 423 17z m2489 -1
c59 -23 106 -146 80 -210 -27 -64 -104 -117 -155 -107 -74 15 -136 96 -122
160 10 47 125 166 160 166 7 0 24 -4 37 -9z m-2017 -42 c13 -13 24 -28 24 -35
0 -7 4 -14 10 -16 14 -5 32 -108 25 -149 -8 -45 -54 -90 -115 -112 -63 -23
-82 -21 -138 13 -63 39 -87 81 -80 145 5 39 13 55 54 96 88 89 165 109 220 58z
m456 2 c47 -41 78 -108 78 -168 0 -43 -5 -56 -36 -91 -58 -66 -130 -76 -215
-30 -37 21 -69 71 -69 110 0 29 57 142 85 168 48 45 113 50 157 11z m1205 4
c5 -15 -52 -46 -71 -39 -22 8 -20 20 7 39 24 17 58 17 64 0z m1691 -1 c20 -3
32 -11 32 -21 0 -8 -31 -52 -68 -97 -75 -90 -142 -182 -142 -194 0 -5 -10 -20
-22 -34 -20 -22 -34 -27 -98 -32 -41 -3 -92 -8 -112 -12 -23 -4 -38 -2 -38 4
0 9 62 89 79 102 19 15 143 173 171 218 50 82 64 86 198 66z m-804 -31 c13
-21 30 -54 37 -74 15 -45 3 -82 -42 -125 -27 -26 -36 -28 -104 -29 -68 0 -76
2 -103 28 -68 66 -39 181 56 223 15 7 51 13 79 13 50 1 54 -1 77 -36z m1194
-7 c2 -7 -3 -20 -11 -27 -21 -22 -133 -189 -157 -236 -12 -23 -27 -46 -33 -51
-18 -15 -337 -26 -337 -12 0 11 33 62 58 88 6 7 12 17 12 20 0 4 10 18 23 32
21 23 96 120 140 182 17 24 18 25 160 22 112 -3 143 -6 145 -18z m-638 -4 c0
-11 -20 -41 -45 -68 -25 -27 -87 -101 -137 -165 l-93 -116 -134 -7 c-74 -4
-137 -4 -142 1 -5 5 30 46 76 93 46 47 103 111 126 143 24 31 45 57 48 57 3 0
17 16 31 36 l24 37 66 -5 c36 -3 79 -2 95 2 58 14 85 11 85 -8z m-5381 -64 c6
-35 19 -92 28 -128 28 -112 26 -114 -88 -122 -67 -4 -82 14 -57 67 36 74 52
118 84 233 8 29 22 8 33 -50z m5061 47 c0 -16 -27 -32 -37 -22 -3 4 -3 13 0
22 8 20 37 20 37 0z m-3997 -17 c52 -28 147 -139 147 -173 0 -25 -30 -77 -58
-100 -71 -56 -228 -79 -286 -42 -58 39 -80 176 -37 236 45 63 180 108 234 79z
m2885 -20 c2 -14 16 -36 33 -48 27 -22 39 -50 20 -50 -10 0 -67 -88 -93 -145
-46 -98 -34 -89 -133 -96 -50 -3 -109 -9 -132 -13 -46 -8 -54 2 -34 42 5 9 18
40 30 67 12 28 26 58 32 67 5 10 9 23 9 30 0 12 78 98 128 142 21 18 87 36
122 32 8 -1 16 -13 18 -28z m-483 0 c60 -47 76 -143 33 -193 -17 -20 -30 -22
-117 -24 -88 -1 -100 1 -124 22 -19 16 -29 36 -33 69 -13 96 38 148 147 148
53 0 72 -4 94 -22z m-2767 -14 c80 -6 92 -9 92 -25 0 -10 -8 -23 -19 -28 -28
-15 -412 -40 -528 -34 -61 3 -113 1 -132 -5 -25 -9 -34 -8 -46 4 -18 19 -20
80 -2 87 18 8 530 8 635 1z m1096 -50 c7 -19 -7 -44 -57 -96 -19 -21 -45 -49
-56 -64 -12 -15 -57 -67 -102 -115 l-80 -87 -102 -4 c-56 -2 -110 -8 -119 -12
-12 -6 -20 -3 -24 8 -4 11 5 28 27 50 19 18 57 60 86 92 28 32 64 73 80 90 15
17 48 54 71 83 39 46 48 51 85 52 23 0 62 4 87 8 74 14 97 12 104 -5z m-306
-18 c-2 -8 -35 -48 -73 -88 -72 -75 -174 -190 -214 -243 -15 -19 -32 -30 -49
-31 -15 0 -123 -4 -239 -8 -211 -8 -233 -5 -198 24 8 7 29 37 46 66 30 54 51
66 66 40 13 -23 82 -46 140 -46 107 0 211 49 263 125 17 25 38 45 46 45 20 0
89 69 98 97 5 15 17 23 39 26 68 8 79 7 75 -7z m3454 -11 c-2 -10 -47 -62 -99
-116 l-96 -98 -106 -3 c-58 -2 -113 -7 -122 -11 -30 -15 -32 23 -3 51 14 15
32 41 39 59 16 38 30 41 65 13 19 -15 40 -20 85 -19 77 0 126 27 179 98 38 50
64 62 58 26z m-1784 3 c7 -7 12 -26 12 -44 0 -17 7 -37 15 -44 25 -21 17 -61
-27 -127 l-42 -63 -85 -1 c-47 0 -126 -6 -176 -13 -49 -7 -93 -11 -98 -9 -9 5
4 28 37 68 14 17 29 35 34 40 4 6 31 46 59 90 76 118 72 115 173 115 53 0 91
-5 98 -12z m1382 -13 c8 -10 5 -24 -12 -56 -12 -24 -25 -46 -28 -49 -3 -3 -17
-23 -30 -45 -41 -66 -50 -72 -134 -77 -56 -4 -79 -2 -82 7 -7 17 35 96 60 115
22 17 84 79 103 103 15 19 107 21 123 2z m-2092 -44 c2 -32 -2 -48 -15 -61
-10 -9 -25 -27 -33 -40 -8 -12 -35 -50 -60 -84 l-45 -61 -117 -7 c-64 -4 -133
-11 -152 -16 -53 -15 -62 10 -22 62 13 17 26 40 30 52 6 19 13 21 104 20 89
-1 100 1 137 25 51 34 78 63 105 117 17 33 28 42 44 40 17 -2 22 -11 24 -47z
m442 40 c0 -6 -4 -13 -10 -16 -5 -3 -10 -14 -10 -23 0 -10 -8 -25 -17 -34 -26
-25 -43 -46 -43 -55 0 -5 -8 -16 -17 -24 -10 -9 -25 -26 -33 -38 -8 -13 -23
-32 -32 -43 -10 -12 -18 -24 -18 -28 0 -16 -38 -21 -192 -26 -180 -6 -181 -5
-117 66 22 25 47 60 54 78 15 34 48 44 59 17 3 -8 14 -15 24 -15 10 0 27 -7
38 -15 11 -9 42 -14 77 -15 53 0 64 4 107 38 27 20 51 44 54 52 23 58 76 114
76 81z m1184 -25 c18 -44 71 -83 124 -92 23 -4 42 -8 42 -9 0 -1 -8 -17 -17
-36 -32 -64 -36 -66 -170 -67 -70 -1 -124 2 -128 8 -3 5 7 31 22 57 41 70 49
84 73 131 12 23 26 42 31 42 5 0 15 -15 23 -34z m-2115 6 c-5 -29 11 -90 26
-102 22 -19 18 -44 -14 -92 -16 -24 -33 -56 -36 -71 -7 -26 -9 -27 -80 -27
-39 0 -120 -3 -180 -7 -75 -4 -107 -3 -104 5 2 5 40 48 84 94 92 96 156 172
168 196 6 13 23 18 73 19 56 2 65 -1 63 -15z m1681 4 c0 -8 -12 -38 -26 -68
-44 -90 -53 -112 -60 -140 -5 -22 -12 -28 -33 -28 -14 0 -97 -3 -183 -7 -87
-3 -158 -2 -158 2 0 5 11 22 24 39 13 17 26 41 30 54 9 26 21 27 60 7 17 -9
56 -15 101 -15 60 0 77 4 101 22 45 35 63 61 64 88 0 32 10 46 35 53 36 9 45
7 45 -7z m-3025 -31 c3 -14 7 -37 10 -51 7 -32 -18 -64 -51 -64 -28 0 -33 7
-40 64 -9 62 -2 76 40 76 30 0 36 -4 41 -25z m141 -5 c1 -14 4 -43 8 -65 5
-29 3 -45 -9 -60 -8 -11 -38 -54 -65 -96 l-50 -75 -147 -12 c-82 -7 -158 -15
-170 -18 -34 -9 -29 17 14 84 20 31 49 79 63 106 14 27 31 62 39 76 7 15 21
31 31 38 16 10 18 5 24 -48 9 -79 24 -93 90 -85 71 10 99 37 93 90 -3 22 -8
53 -12 68 l-8 28 49 -3 c44 -3 49 -5 50 -28z m-589 5 c3 -9 -2 -24 -11 -34 -9
-10 -16 -21 -16 -25 0 -7 -39 -61 -93 -130 -12 -15 -32 -47 -44 -69 -37 -67
-50 -75 -128 -81 -38 -2 -80 -7 -92 -11 -37 -12 -39 19 -4 64 17 21 31 42 31
45 0 9 42 69 55 78 6 4 44 8 85 8 70 0 78 2 108 30 31 28 33 33 27 74 -7 41
-5 44 22 54 40 15 53 14 60 -3z m263 -3 c0 -21 -18 -42 -37 -42 -19 0 -16 37
5 49 25 15 32 13 32 -7z m-92 -7 c7 -3 12 -22 12 -50 0 -54 -14 -63 -70 -45
-33 11 -39 17 -43 49 -6 49 7 63 52 55 20 -3 42 -7 49 -9z m-1103 -5 c4 -6
-16 -39 -44 -75 -50 -63 -107 -152 -145 -228 -25 -48 -35 -53 -123 -60 -69 -5
-73 -5 -73 15 0 11 29 68 63 127 35 58 72 124 82 145 30 67 42 75 125 79 41 1
83 4 92 5 9 1 20 -3 23 -8z m347 5 c8 -9 -147 -244 -217 -329 -19 -23 -26 -25
-147 -27 -70 -2 -130 0 -134 4 -4 4 5 24 20 45 14 21 26 43 26 50 0 7 5 12 10
12 6 0 10 5 10 10 0 10 66 110 80 120 3 3 17 23 30 45 13 22 29 45 35 51 5 6
57 11 114 12 58 2 107 5 110 7 6 7 56 6 63 0z m258 -16 c0 -9 -7 -22 -15 -29
-9 -8 -15 -29 -15 -56 0 -23 -6 -49 -12 -56 -17 -19 -36 -48 -48 -76 -5 -12
-15 -28 -20 -35 -6 -6 -19 -26 -29 -43 l-19 -31 -128 -6 c-71 -3 -132 -3 -136
1 -5 5 9 26 30 49 47 51 72 84 72 97 0 5 12 25 28 45 27 36 32 43 70 116 l22
40 100 1 c88 0 100 -2 100 -17z m360 -65 c0 -37 37 -63 88 -64 46 0 54 -13 25
-46 -10 -11 -29 -41 -43 -68 -14 -26 -33 -52 -42 -57 -22 -12 -208 -12 -208 0
0 8 57 102 77 126 15 17 69 109 76 128 9 25 27 12 27 -19z"/>
<path d="M4907 3134 c-9 -10 2 -24 19 -24 8 0 14 7 14 15 0 15 -21 21 -33 9z"/>
<path d="M1217 2894 c-9 -10 2 -24 19 -24 8 0 14 7 14 15 0 15 -21 21 -33 9z"/>
<path d="M3684 3171 c-93 -17 -159 -146 -152 -300 4 -121 4 -121 148 -121 153
0 186 12 195 72 9 59 -10 237 -29 274 -32 63 -86 88 -162 75z m88 -65 c9 -12
20 -34 24 -51 3 -16 10 -35 16 -41 5 -7 7 -54 6 -105 l-3 -94 -80 -6 c-44 -3
-93 -3 -110 1 l-30 6 0 91 c0 56 5 101 14 119 7 16 18 38 23 49 5 11 23 30 40
42 37 26 72 22 100 -11z"/>
<path d="M4161 3173 c-38 -7 -87 -63 -105 -120 -11 -35 -16 -88 -16 -162 0
-151 -2 -150 161 -145 103 3 126 7 137 22 16 20 12 243 -5 264 -6 7 -13 24
-17 38 -7 29 -29 56 -70 88 -28 22 -38 24 -85 15z m69 -60 c11 -10 20 -23 20
-30 0 -7 4 -13 8 -13 12 0 34 -111 39 -192 l5 -66 -74 -7 c-41 -4 -85 -5 -98
-3 l-25 3 1 127 c0 122 1 127 28 162 30 40 63 47 96 19z"/>
<path d="M5770 3104 c-67 -53 -82 -90 -87 -214 -6 -143 -9 -140 139 -143 76
-1 121 2 128 9 20 20 33 158 21 226 -6 34 -14 64 -19 67 -4 3 -15 18 -24 33
-10 15 -31 29 -48 33 -16 4 -32 11 -35 16 -11 16 -29 10 -75 -27z m107 -46
c38 -42 47 -71 47 -155 0 -100 -13 -118 -79 -107 -22 4 -55 8 -73 9 -18 1 -36
5 -40 9 -4 4 -5 37 -3 73 7 143 88 236 148 171z"/>
<path d="M6121 3108 c-62 -61 -87 -159 -61 -247 6 -23 6 -39 -1 -47 -6 -7 -9
-23 -7 -36 3 -25 -8 -25 163 -13 146 10 135 1 135 103 -1 57 -7 104 -18 137
-38 106 -65 134 -133 135 -38 0 -51 -5 -78 -32z m113 -27 c10 -4 24 -25 32
-47 17 -50 36 -196 26 -205 -4 -4 -45 -9 -92 -11 l-85 -3 0 108 0 109 33 29
c33 29 51 34 86 20z"/>
<path d="M6627 2833 c-4 -3 -7 -57 -7 -119 0 -104 2 -113 20 -119 30 -10 79 4
90 25 13 25 13 176 0 201 -8 14 -21 19 -54 19 -23 0 -46 -3 -49 -7z m68 -113
c0 -81 -1 -85 -22 -88 -22 -3 -23 -1 -23 88 0 89 1 91 23 88 21 -3 22 -7 22
-88z"/>
<path d="M5726 2458 c-24 -34 -20 -75 10 -103 34 -32 52 -31 88 1 23 22 27 32
23 61 -8 44 -28 63 -71 63 -25 0 -39 -6 -50 -22z m69 -31 c21 -16 13 -37 -15
-37 -23 0 -32 13 -24 34 7 20 15 20 39 3z"/>
<path d="M3660 2463 c-71 -13 -94 -91 -39 -137 40 -34 50 -33 93 8 45 42 49
85 10 115 -15 12 -29 20 -33 20 -3 -1 -17 -4 -31 -6z m36 -58 c8 -21 -15 -47
-39 -43 -27 4 -32 22 -12 42 21 20 44 21 51 1z"/>
<path d="M4122 2427 c-43 -46 -16 -127 42 -127 27 0 86 53 86 77 0 8 -9 28
-21 44 -26 37 -75 40 -107 6z m66 -53 c-4 -21 -18 -27 -38 -14 -12 7 -11 12 5
30 20 22 39 14 33 -16z"/>
<path d="M6202 2444 l-30 -36 19 -33 c23 -39 45 -50 68 -33 51 38 56 86 12
117 -16 12 -31 21 -34 21 -3 0 -19 -16 -35 -36z m56 -42 c2 -7 -3 -12 -12 -12
-9 0 -16 7 -16 16 0 17 22 14 28 -4z"/>
<path d="M2473 2385 c-12 -8 -28 -28 -36 -44 -20 -40 0 -85 48 -108 35 -17 38
-17 73 2 51 28 68 65 47 104 -29 57 -87 77 -132 46z m81 -54 c21 -23 12 -49
-20 -57 -42 -11 -72 34 -42 64 17 17 42 15 62 -7z"/>
<path d="M4862 2397 c-12 -13 -22 -31 -22 -40 0 -22 39 -57 65 -57 46 0 84 77
53 108 -20 20 -72 14 -96 -11z m52 -32 c-4 -8 -10 -15 -15 -15 -5 0 -9 7 -9
15 0 8 7 15 15 15 9 0 12 -6 9 -15z"/>
<path d="M2455 3761 c-7 -12 12 -24 25 -16 11 7 4 25 -10 25 -5 0 -11 -4 -15
-9z"/>
<path d="M2997 3553 c-12 -11 -8 -23 8 -23 8 0 15 7 15 15 0 16 -12 20 -23 8z"/>
<path d="M7440 3365 c0 -2 9 -9 20 -15 16 -9 20 -8 20 5 0 8 -9 15 -20 15 -11
0 -20 -2 -20 -5z"/>
<path d="M7195 3160 c-4 -6 -3 -16 3 -22 6 -6 12 -6 17 2 4 6 3 16 -3 22 -6 6
-12 6 -17 -2z"/>
<path d="M4003 1861 c-82 -21 -145 -70 -179 -138 -24 -47 -54 -71 -54 -42 0 5
-13 15 -30 20 -16 6 -30 14 -30 18 0 9 -112 66 -175 88 -38 14 -78 18 -168 17
-114 -1 -121 -3 -184 -35 -84 -43 -153 -115 -197 -204 -35 -68 -36 -73 -30
-148 4 -43 11 -80 15 -83 5 -3 9 -15 9 -28 0 -20 -7 -24 -72 -34 -136 -21
-197 -66 -269 -198 -22 -39 -39 -147 -27 -169 5 -8 8 -23 6 -32 -2 -12 -17 -4
-62 35 -56 50 -77 58 -133 53 -32 -2 -36 14 -13 56 11 21 20 48 20 60 0 12 5
25 10 28 15 10 12 121 -6 173 -26 81 -62 122 -139 161 -65 33 -76 36 -163 36
l-94 0 -22 37 c-22 37 -98 103 -146 126 -14 7 -49 17 -78 22 -30 5 -58 12 -63
16 -5 3 -69 0 -142 -7 -125 -11 -208 -32 -243 -62 -51 -42 -77 -75 -105 -132
-19 -40 -36 -62 -43 -58 -6 4 -24 17 -41 29 -93 69 -261 49 -350 -40 -47 -48
-61 -75 -75 -148 -12 -69 -8 -119 14 -173 29 -68 34 -83 29 -88 -2 -3 -37 -3
-76 -1 -66 5 -75 3 -117 -24 -63 -41 -90 -98 -90 -191 0 -87 26 -152 90 -224
47 -52 47 -76 2 -75 -48 2 -152 -89 -152 -132 0 -10 -5 -22 -11 -26 -13 -8 -8
-57 15 -134 13 -45 25 -62 66 -95 27 -22 59 -48 71 -57 27 -22 92 -24 108 -4
10 12 8 17 -8 25 -11 6 -27 11 -37 11 -24 0 -96 58 -130 105 -24 33 -29 50
-29 101 0 55 3 64 34 100 43 49 69 62 129 66 42 3 47 6 50 28 2 14 -4 34 -13
45 -101 130 -135 196 -135 265 0 44 20 103 44 129 23 25 111 46 162 37 133
-23 129 -27 84 69 -16 35 -30 71 -30 79 0 8 -4 18 -10 21 -15 10 -12 125 6
175 30 87 109 140 209 140 66 0 172 -51 181 -87 6 -23 36 -39 54 -28 5 3 10
19 10 34 0 39 65 160 106 198 19 17 49 35 67 38 18 4 37 11 43 16 6 5 80 10
165 11 150 3 155 2 209 -24 85 -42 113 -71 160 -168 5 -10 18 -14 36 -12 16 2
63 4 104 4 106 1 164 -25 210 -95 34 -50 35 -55 35 -147 -1 -71 -5 -103 -18
-125 -9 -16 -17 -35 -17 -41 0 -6 -11 -21 -25 -34 -14 -13 -25 -34 -25 -46 0
-22 3 -22 94 -21 l94 2 54 -50 c30 -27 69 -70 86 -95 27 -39 32 -54 32 -104 0
-63 -20 -108 -71 -158 -43 -42 -48 -57 -31 -92 8 -17 19 -39 24 -48 11 -23 10
-115 -1 -122 -4 -3 -11 -19 -14 -36 -12 -58 -100 -130 -159 -130 -23 0 -34
-25 -19 -44 9 -10 22 -11 58 -5 26 5 49 13 52 17 4 4 18 15 32 24 14 9 43 42
64 74 37 55 38 59 38 148 1 71 -3 98 -16 116 -23 33 -21 45 9 65 26 17 27 17
21 -4 -18 -69 55 -271 103 -286 26 -8 25 -20 -5 -43 -29 -23 -48 -67 -40 -92
5 -15 62 -36 71 -27 2 2 -2 17 -8 34 -10 26 -9 34 4 47 9 9 25 16 35 16 48 0
57 52 14 74 -70 37 -131 150 -131 244 0 41 5 63 15 72 8 7 15 18 15 25 0 18
67 75 89 75 10 0 26 9 36 20 15 16 15 22 5 35 -7 8 -19 15 -27 15 -18 0 -60
27 -100 66 -22 21 -37 49 -48 89 -24 93 -20 155 15 228 38 80 55 100 110 127
25 12 54 26 64 32 11 6 57 13 103 16 46 2 83 9 83 14 0 5 -7 31 -16 59 -22 67
-16 238 9 263 9 10 17 22 17 27 0 6 19 31 43 56 71 76 149 106 272 106 124 0
161 -13 343 -118 29 -16 52 -35 52 -42 0 -12 30 -33 49 -33 5 0 19 28 30 63
42 125 114 177 244 177 111 0 166 -21 232 -91 l56 -59 -7 -60 c-7 -67 -1 -73
53 -46 90 45 132 41 233 -25 76 -51 94 -70 126 -136 25 -53 28 -68 28 -174 l1
-117 -33 -41 c-47 -59 -38 -75 36 -68 46 5 65 2 101 -16 53 -26 111 -83 111
-108 0 -10 5 -21 10 -24 14 -8 13 -100 -1 -144 -11 -34 -41 -99 -66 -143 -23
-41 -73 -85 -103 -91 -39 -8 -39 -31 -1 -83 43 -58 51 -137 20 -199 -13 -25
-41 -63 -62 -85 -43 -42 -44 -70 -3 -70 37 0 69 43 137 182 20 39 -5 162 -37
189 -12 10 -4 21 43 68 134 131 178 344 96 461 -31 45 -119 104 -171 115 -41
9 -50 30 -29 67 19 33 24 182 7 193 -5 3 -10 20 -10 36 0 38 -40 125 -72 160
-14 15 -45 39 -69 55 -24 16 -46 31 -49 34 -30 32 -70 44 -148 45 l-84 0 -14
40 c-13 40 -87 120 -132 144 -49 26 -139 50 -182 49 -25 0 -73 -8 -107 -17z
m-1249 -1184 c17 -12 16 -15 -14 -46 -18 -17 -34 -30 -37 -27 -6 6 19 86 27
86 3 0 14 -6 24 -13z"/>
<path d="M7287 1486 c-3 -8 -2 -18 3 -21 13 -8 24 15 12 27 -6 6 -11 4 -15 -6z"/>
<path d="M1017 1213 c-12 -11 -8 -23 8 -23 8 0 15 7 15 15 0 16 -12 20 -23 8z"/>
<path d="M4640 935 c0 -8 7 -15 15 -15 8 0 15 7 15 15 0 8 -7 15 -15 15 -8 0
-15 -7 -15 -15z"/>
<path d="M2872 879 c2 -6 8 -10 13 -10 5 0 11 4 13 10 2 6 -4 11 -13 11 -9 0
-15 -5 -13 -11z"/>
<path d="M3608 723 c-22 -6 -31 -32 -13 -39 8 -4 15 -17 15 -29 0 -13 5 -36
12 -52 6 -15 17 -55 24 -88 35 -170 48 -212 91 -294 28 -53 28 -51 2 -51 -17
0 -49 20 -130 82 -9 7 -40 34 -69 60 -28 27 -56 48 -61 48 -6 0 -17 7 -26 16
-21 20 -77 15 -81 -9 -2 -10 4 -20 15 -23 46 -15 84 -40 168 -109 50 -41 117
-89 150 -106 33 -17 62 -35 65 -40 10 -16 52 -14 63 2 7 12 2 32 -20 80 -46
98 -93 232 -93 265 0 10 -7 32 -15 48 -8 15 -15 48 -15 73 0 25 -6 59 -14 76
-7 18 -17 45 -22 61 -9 31 -18 36 -46 29z"/>
<path d="M3744 705 c-4 -8 1 -30 10 -49 9 -19 16 -41 16 -49 0 -9 4 -18 9 -21
5 -3 14 -30 21 -58 7 -29 16 -66 20 -83 5 -16 16 -57 25 -90 9 -33 23 -77 31
-98 8 -20 14 -53 14 -72 0 -24 6 -37 20 -45 27 -15 40 -5 40 31 0 17 7 44 16
62 38 73 157 207 184 207 10 0 14 33 5 42 -25 24 -115 -50 -180 -147 -20 -31
-40 -53 -45 -50 -8 5 -11 17 -29 114 -12 62 -36 131 -81 236 -5 11 -12 31 -16
45 -11 39 -49 55 -60 25z"/>
<path d="M6444 665 c-7 -17 4 -37 17 -30 12 8 12 45 -1 45 -6 0 -13 -7 -16
-15z"/>
<path d="M6597 674 c-8 -8 1 -24 14 -24 5 0 9 7 9 15 0 15 -12 20 -23 9z"/>
<path d="M4315 611 c-6 -11 9 -23 19 -14 9 9 7 23 -3 23 -6 0 -12 -4 -16 -9z"/>
<path d="M4262 520 c-12 -12 -22 -24 -22 -28 0 -4 -10 -18 -23 -32 -12 -14
-34 -43 -47 -65 -13 -22 -27 -42 -31 -45 -5 -4 -46 -88 -93 -192 -9 -20 -16
-43 -16 -51 0 -8 -6 -20 -14 -27 -22 -17 -8 -40 24 -40 29 0 40 15 40 56 0 13
4 32 10 42 12 22 50 109 50 116 0 15 77 130 115 172 45 50 62 84 50 103 -9 16
-18 14 -43 -9z"/>
<path d="M6406 504 c-9 -24 -7 -94 5 -139 16 -62 37 -180 33 -184 -6 -7 -47
18 -80 47 -16 15 -56 45 -89 67 -33 22 -66 46 -73 53 -16 14 -32 15 -52 2 -20
-12 -4 -40 36 -60 16 -8 31 -18 32 -22 2 -5 9 -8 15 -9 7 0 32 -16 57 -35 25
-19 65 -47 88 -62 24 -15 53 -35 64 -45 12 -9 29 -17 40 -17 15 0 18 8 18 48
0 26 -4 63 -10 82 -11 40 -30 176 -33 233 -2 47 -38 76 -51 41z"/>
<path d="M1247 503 c-12 -11 -8 -51 7 -65 7 -8 17 -33 21 -56 4 -23 10 -44 15
-47 4 -3 11 -22 15 -42 3 -21 14 -59 22 -84 9 -25 13 -54 9 -64 -6 -17 -8 -17
-29 2 -31 28 -151 111 -179 123 -13 6 -41 21 -63 34 -23 14 -58 27 -78 31 -35
7 -37 6 -37 -19 0 -18 5 -26 18 -26 32 -1 94 -37 207 -120 22 -16 46 -29 53
-30 11 0 67 -35 82 -50 3 -3 18 -16 34 -28 56 -43 97 -16 57 39 -13 18 -24 50
-27 82 -6 66 -50 227 -80 295 -14 30 -32 40 -47 25z"/>
<path d="M1374 495 c-4 -8 -4 -32 -1 -52 27 -184 34 -206 85 -287 13 -21 25
-55 26 -75 1 -28 6 -37 21 -39 16 -2 23 6 33 40 23 73 129 218 226 309 22 21
36 41 32 48 -12 19 -47 12 -70 -12 -75 -83 -104 -116 -126 -145 -14 -19 -30
-39 -36 -46 -6 -6 -14 -21 -18 -33 -4 -11 -14 -28 -24 -36 -17 -15 -19 -13
-41 36 -13 29 -28 62 -33 73 -6 12 -11 65 -12 119 -2 71 -6 99 -17 106 -21 13
-39 11 -45 -6z"/>
<path d="M6562 493 c-6 -13 -8 -393 -3 -455 2 -20 43 -5 59 20 29 48 78 99
129 134 51 36 114 68 132 68 6 0 11 4 11 9 0 5 10 13 23 17 12 3 30 13 39 21
10 9 25 13 35 9 16 -7 14 -10 -12 -29 -16 -12 -57 -51 -92 -87 -108 -114 -135
-170 -82 -170 21 0 58 35 59 57 0 7 6 16 13 20 6 4 26 28 42 52 35 51 105 114
155 139 46 22 50 47 11 60 -17 6 -31 16 -31 21 0 19 -25 12 -96 -24 -37 -19
-74 -35 -81 -35 -7 0 -13 -4 -13 -10 0 -5 -5 -10 -11 -10 -30 0 -175 -88 -192
-116 -12 -21 -38 -44 -49 -44 -7 0 -8 23 -4 67 22 241 20 275 -14 293 -15 8
-21 7 -28 -7z"/>
<path d="M1812 306 c-61 -63 -116 -125 -122 -137 -5 -13 -14 -31 -18 -39 -38
-67 -41 -90 -13 -90 23 0 51 25 51 46 0 32 68 119 165 212 79 75 101 102 93
110 -24 24 -47 9 -156 -102z"/>
<path d="M2876 372 c-3 -6 -1 -14 5 -17 15 -10 25 3 12 16 -7 7 -13 7 -17 1z"/>
<path d="M3262 371 c2 -7 7 -12 11 -12 12 1 9 15 -3 20 -7 2 -11 -2 -8 -8z"/>
<path d="M3202 319 c1 -13 8 -23 13 -21 15 3 12 35 -3 40 -9 3 -13 -3 -10 -19z"/>
<path d="M890 260 c-20 -13 -4 -40 36 -60 43 -23 156 -105 183 -134 27 -29 59
-34 67 -12 6 16 -50 71 -130 126 -28 19 -52 38 -54 43 -2 4 -8 7 -14 7 -5 0
-21 9 -35 20 -29 23 -32 23 -53 10z"/>
<path d="M3313 255 c-3 -9 3 -25 13 -36 18 -20 27 -26 111 -69 26 -14 53 -28
58 -32 6 -4 31 -24 58 -43 51 -38 74 -43 84 -20 8 21 -62 80 -146 123 -36 19
-84 47 -105 63 -45 33 -64 36 -73 14z"/>
<path d="M6075 229 c-4 -11 -5 -22 -3 -23 1 -1 43 -29 93 -61 49 -33 98 -63
108 -67 10 -4 33 -19 51 -33 41 -31 56 -32 56 -1 0 25 -54 72 -130 112 -19 11
-60 36 -91 57 -65 43 -75 45 -84 16z"/>
</g>
</svg>
