<?xml version="1.0" standalone="no"?>
<!DOCTYPE svg PUBLIC "-//W3C//DTD SVG 20010904//EN"
 "http://www.w3.org/TR/2001/REC-SVG-20010904/DTD/svg10.dtd">
<svg version="1.0" xmlns="http://www.w3.org/2000/svg"
 width="792.000000pt" height="486.000000pt" viewBox="0 0 792.000000 486.000000"
 preserveAspectRatio="xMidYMid meet">
<metadata>
Created by potrace 1.10, written by Peter Selinger 2001-2011
</metadata>
<g transform="translate(0.000000,486.000000) scale(0.100000,-0.100000)"
fill="#000000" stroke="none">
<path d="M104 4676 c-4 -12 0 -24 10 -31 14 -11 16 -47 17 -305 0 -198 -3
-296 -10 -303 -14 -14 -14 -40 0 -54 7 -7 10 -109 10 -303 0 -267 -1 -293 -17
-305 -17 -12 -17 -14 -1 -38 15 -23 17 -60 17 -302 0 -236 -2 -276 -15 -281
-19 -8 -19 -28 0 -44 23 -19 23 -608 0 -616 -19 -8 -19 -33 0 -40 23 -9 23
-609 0 -618 -19 -7 -19 -32 0 -40 23 -8 23 -611 0 -620 -19 -7 -19 -32 0 -40
13 -5 15 -48 15 -303 0 -294 0 -299 -22 -317 -55 -48 -243 -46 3858 -46 4135
0 3890 -3 3844 50 -19 22 -20 38 -20 317 0 252 2 294 15 299 8 4 15 12 15 19
0 7 -7 18 -15 25 -13 11 -15 58 -15 311 0 297 0 298 22 310 l22 12 -22 17
c-22 18 -22 22 -22 313 0 250 2 296 15 307 19 16 19 36 0 44 -13 5 -15 47 -15
297 0 259 2 294 18 321 16 28 16 30 0 39 -17 9 -18 34 -18 288 0 235 2 280 15
291 8 7 15 19 15 27 0 7 -7 16 -15 19 -13 5 -15 49 -15 305 0 257 2 300 15
305 19 8 19 28 0 44 -13 11 -15 57 -15 306 0 257 2 294 16 302 9 5 14 18 12
31 l-3 21 -3853 3 c-3794 2 -3852 2 -3858 -17z m7626 -341 l0 -295 -3775 0
-3775 0 0 295 0 295 3775 0 3775 0 0 -295z m2 -365 c2 -5 1 -138 -2 -295 l-5
-286 -3772 -2 -3773 -2 0 298 0 297 3774 0 c2486 0 3775 -3 3778 -10z m-3794
-927 c2 -223 0 -283 -10 -283 -557 -4 -3748 -3 -3748 0 0 13 -1 546 0 555 0 8
582 11 1878 10 l1877 0 3 -282z m3796 0 c1 -156 -1 -283 -4 -283 -3 0 -846 0
-1874 0 l-1869 0 1 277 c0 153 1 281 1 285 1 3 843 5 1872 5 l1872 -2 1 -282z
m-3799 -638 c0 -168 -3 -305 -7 -305 -5 0 -850 0 -1879 0 l-1871 0 1 295 c0
162 0 300 1 305 0 7 633 10 1878 10 l1878 0 -1 -305z m3805 0 c3 -165 5 -301
4 -303 0 -1 -846 -2 -1879 -2 l-1878 0 1 297 c0 164 1 301 1 306 1 4 844 6
1874 5 l1872 -3 5 -300z m-3805 -660 l0 -305 -1867 -1 c-1028 -1 -1873 -2
-1879 -3 -8 -1 -11 88 -10 304 0 168 0 306 1 308 0 1 845 2 1878 2 l1878 0 -1
-305z m3807 4 c2 -165 0 -303 -3 -305 -4 -2 -849 -4 -1879 -4 l-1872 0 -2 305
-1 305 1877 0 1877 0 3 -301z m-3817 -359 c7 0 10 -107 10 -305 l0 -305 -1878
2 -1879 3 1 303 c0 166 0 303 1 305 0 1 840 1 1867 0 1028 -2 1873 -3 1878 -3z
m3810 -4 c6 -2 9 -110 7 -305 l-3 -301 -1877 0 -1877 0 2 307 c1 170 2 308 2
308 1162 0 3739 -6 3746 -9z m-3800 -952 c0 -163 -3 -298 -7 -300 -15 -10
-3748 -9 -3748 1 -1 33 -1 591 0 595 0 3 845 4 1877 3 l1878 -3 0 -296z m3805
296 c8 0 0 -584 -8 -592 -9 -9 -3742 -16 -3743 -8 0 7 -1 594 0 600 1 3 3516
3 3751 0z"/>
<path d="M3245 4493 c-94 -24 -139 -159 -81 -244 62 -91 188 -90 235 2 67 128
-26 274 -154 242z m94 -75 c27 -27 31 -39 31 -83 0 -43 -4 -56 -28 -78 -63
-61 -141 -17 -142 78 0 42 5 56 29 83 38 41 70 41 110 0z"/>
<path d="M3582 4491 c-10 -6 -14 -41 -15 -132 -2 -120 -3 -124 -24 -127 -17
-3 -26 3 -33 22 -7 19 -17 26 -35 26 -32 0 -34 -34 -4 -70 17 -20 31 -25 64
-25 73 0 81 15 89 161 7 142 -1 171 -42 145z"/>
<path d="M4082 4484 c-40 -21 -54 -45 -50 -87 4 -38 51 -74 111 -84 75 -12 74
-83 -2 -83 -28 0 -41 6 -61 30 -32 39 -63 33 -54 -9 12 -50 78 -80 147 -67 51
10 77 38 77 83 0 51 -29 79 -106 102 -61 18 -77 38 -54 66 22 26 67 18 92 -15
14 -20 30 -30 43 -28 30 4 29 33 -2 67 -35 39 -93 49 -141 25z"/>
<path d="M4355 4491 l-50 -6 2 -145 c2 -168 -4 -158 113 -159 86 -1 120 6 120
24 0 19 -24 25 -110 25 l-78 0 -5 33 c-2 17 -3 35 0 40 2 4 40 7 84 7 77 0 79
1 79 24 0 31 -22 38 -85 31 -60 -8 -91 11 -79 49 10 31 22 36 95 36 47 0 70 4
79 15 10 12 8 16 -15 25 -28 11 -67 11 -150 1z"/>
<path d="M4560 4488 c-40 -15 -15 -38 40 -38 47 0 53 -17 45 -145 -8 -122 -10
-115 38 -119 9 -1 13 34 17 129 l5 130 40 5 c27 3 41 10 43 23 2 9 -2 17 -10
18 -62 5 -203 3 -218 -3z"/>
<path d="M2926 4482 c-3 -5 -2 -72 1 -150 7 -161 0 -152 109 -152 114 0 122
46 9 52 l-60 3 4 128 3 127 -30 0 c-17 0 -33 -4 -36 -8z"/>
<path d="M3747 4483 c-4 -3 -7 -21 -7 -39 0 -19 -6 -34 -15 -38 -8 -3 -15 -16
-15 -29 0 -24 -27 -97 -55 -148 -12 -22 -12 -29 -2 -37 18 -15 31 -4 52 46 18
41 20 42 66 42 47 0 48 -1 68 -45 17 -39 24 -45 50 -45 24 0 31 4 31 20 0 11
-4 20 -10 20 -5 0 -10 5 -10 11 0 5 -8 29 -18 52 -31 71 -51 121 -58 147 -3
14 -11 31 -16 38 -11 13 -50 17 -61 5z m34 -93 c23 -13 26 -58 3 -67 -24 -9
-48 21 -40 51 7 29 10 30 37 16z"/>
<path d="M4859 4469 c-6 -12 -9 -29 -6 -38 2 -10 -4 -23 -14 -30 -11 -6 -19
-21 -19 -33 0 -20 -24 -80 -56 -139 -12 -23 -12 -28 1 -39 20 -16 40 0 57 46
13 38 34 47 89 42 30 -3 36 -8 47 -44 15 -46 47 -64 71 -39 12 12 12 16 0 31
-15 18 -77 172 -86 214 -3 14 -10 31 -16 38 -15 19 -55 14 -68 -9z m61 -108
c0 -28 -26 -46 -45 -31 -18 15 -20 57 -2 63 19 7 47 -12 47 -32z"/>
<path d="M2597 3833 c-4 -3 -7 -71 -7 -149 0 -136 1 -144 21 -155 27 -14 154
-8 171 9 19 19 1 27 -70 32 l-67 5 -1 120 c0 67 -4 126 -8 133 -8 13 -29 16
-39 5z"/>
<path d="M2813 3833 c-22 -8 -14 -32 12 -39 32 -8 60 13 44 32 -11 14 -33 17
-56 7z"/>
<path d="M4138 3833 c-16 -4 -18 -20 -20 -134 -1 -71 -2 -137 -2 -146 -1 -13
8 -19 32 -21 l34 -3 -4 58 -3 58 55 5 c70 7 98 25 111 73 21 78 -20 118 -120
116 -36 -1 -74 -3 -83 -6z m152 -57 c6 -8 10 -25 8 -38 -3 -20 -9 -23 -56 -26
-56 -3 -84 9 -76 34 2 8 6 21 9 29 6 20 98 21 115 1z"/>
<path d="M3110 3805 c0 -14 -7 -28 -15 -31 -8 -4 -15 -12 -15 -19 0 -7 7 -18
15 -25 11 -9 15 -35 15 -102 0 -82 2 -89 22 -97 24 -9 68 -3 68 10 0 4 -11 19
-25 33 -33 33 -35 110 -5 149 24 30 25 43 4 51 -9 3 -14 15 -12 28 2 19 -2 24
-24 26 -24 3 -28 0 -28 -23z"/>
<path d="M3680 3801 c0 -30 -2 -31 -43 -31 -92 0 -138 -110 -81 -193 31 -47
58 -58 119 -49 l48 7 2 125 c1 69 3 134 6 145 3 16 -2 21 -23 23 -25 3 -28 0
-28 -27z m-6 -93 c3 -13 6 -39 6 -58 0 -59 -10 -80 -36 -80 -74 0 -67 158 7
160 9 0 19 -10 23 -22z"/>
<path d="M3848 3770 c-40 -8 -78 -70 -78 -128 0 -37 7 -55 29 -81 24 -29 34
-34 74 -35 35 -1 51 4 71 23 36 34 19 49 -34 31 -31 -10 -46 -11 -66 -1 -39
17 -24 36 32 39 99 5 117 22 91 84 -24 56 -64 80 -119 68z m60 -62 c17 -17 -4
-38 -38 -38 -34 0 -55 21 -38 38 7 7 24 12 38 12 14 0 31 -5 38 -12z"/>
<path d="M4783 3765 c-31 -22 -56 -110 -44 -153 11 -36 49 -102 65 -114 12 -9
-10 -28 -32 -28 -20 0 -10 -34 11 -38 55 -11 99 37 61 65 -17 12 -16 15 20 45
35 28 37 33 22 44 -14 10 -23 9 -47 -4 -26 -15 -31 -15 -39 -2 -17 26 -22 74
-10 104 9 26 14 28 45 23 45 -7 62 12 38 41 -25 29 -63 36 -90 17z"/>
<path d="M4983 3758 c-40 -28 -57 -76 -49 -136 12 -87 85 -126 151 -81 39 27
51 63 42 136 -9 84 -82 125 -144 81z m98 -65 c12 -32 6 -88 -12 -109 -23 -28
-55 -17 -74 26 -17 38 -17 43 -2 75 14 29 22 35 47 35 24 0 33 -6 41 -27z"/>
<path d="M2815 3760 c-4 -6 -7 -59 -8 -118 l-1 -107 32 -3 33 -3 -3 118 c-3
112 -4 118 -25 121 -11 2 -24 -2 -28 -8z"/>
<path d="M2917 3741 c-9 -16 -17 -36 -17 -43 0 -20 56 -69 89 -77 37 -10 36
-45 -3 -49 -16 -2 -33 1 -39 7 -15 15 -47 14 -47 -2 0 -21 33 -46 68 -53 40
-8 76 14 90 55 14 39 -10 72 -68 95 -41 16 -53 42 -24 53 8 3 28 -4 44 -15 29
-22 40 -20 40 8 0 28 -34 50 -76 50 -33 0 -43 -5 -57 -29z"/>
<path d="M3242 3754 c-25 -17 -28 -34 -10 -52 9 -9 17 -7 34 9 47 44 100 -6
57 -54 -17 -18 -17 -19 2 -33 27 -20 9 -48 -33 -52 -30 -3 -31 -2 -25 32 5 31
3 36 -14 36 -40 0 -53 -36 -32 -84 14 -31 63 -42 95 -21 14 9 25 11 29 5 3 -6
16 -10 29 -10 23 0 23 1 18 103 -3 72 -9 107 -20 120 -19 22 -99 23 -130 1z"/>
<path d="M4398 3758 c-12 -10 -18 -38 -23 -120 l-7 -108 31 0 c18 0 31 5 32
13 0 6 0 44 0 82 -1 78 2 85 42 103 16 7 27 18 25 25 -6 17 -79 21 -100 5z"/>
<path d="M4541 3744 c-21 -22 -24 -35 -24 -98 0 -64 3 -76 24 -97 31 -31 103
-33 137 -4 39 34 21 69 -20 41 -30 -21 -61 -20 -82 3 -23 26 -7 35 64 36 l55
0 3 44 c3 36 -1 48 -24 72 -37 39 -98 40 -133 3z m104 -28 c31 -22 12 -48 -32
-44 -45 4 -58 33 -21 47 31 13 32 13 53 -3z"/>
<path d="M5178 3748 c-21 -33 -27 -53 -20 -64 11 -15 70 -54 97 -64 28 -11 33
-37 9 -47 -8 -3 -33 0 -55 7 -52 18 -69 3 -34 -30 37 -34 115 -34 144 1 43 52
15 105 -69 126 -38 10 -47 36 -14 41 11 2 33 -4 49 -12 32 -17 45 -13 45 13 0
32 -33 51 -87 51 -42 0 -53 -4 -65 -22z"/>
<path d="M1622 3190 c-6 -11 -12 -25 -12 -32 -1 -7 -9 -31 -20 -53 -11 -22
-19 -45 -20 -51 0 -6 -14 -37 -31 -69 -32 -60 -32 -85 -1 -85 24 0 42 19 42
46 0 34 27 54 70 54 43 0 62 -19 74 -72 5 -23 12 -28 37 -28 39 0 48 24 20 54
-11 12 -21 28 -21 34 0 6 -9 31 -19 54 -11 24 -29 71 -41 106 -18 50 -27 62
-44 62 -12 0 -27 -9 -34 -20z m53 -131 c-4 -5 -17 -9 -31 -9 -29 0 -33 33 -7
63 17 18 18 18 31 -13 7 -17 10 -35 7 -41z"/>
<path d="M1972 3198 c-7 -7 -12 -20 -12 -30 0 -17 -28 -29 -60 -26 -8 0 -32 0
-52 0 l-38 -2 0 -115 c0 -94 3 -117 15 -121 31 -12 45 14 38 76 -3 32 -3 70 1
84 7 30 42 48 75 39 19 -5 21 -13 21 -82 0 -121 0 -121 79 -118 l66 2 0 115 0
115 -30 0 c-50 1 -77 15 -72 36 6 24 -15 43 -31 27z m86 -148 c2 -30 0 -70 -3
-89 l-6 -33 -25 23 c-20 19 -24 32 -24 85 0 62 7 75 40 71 11 -2 16 -17 18
-57z"/>
<path d="M2055 3201 c-11 -18 5 -31 36 -31 24 0 30 4 27 18 -4 19 -52 29 -63
13z"/>
<path d="M2195 3141 c-26 -11 -59 -102 -50 -139 3 -15 17 -44 31 -64 19 -30
31 -38 54 -38 17 0 30 -4 30 -10 0 -5 -18 -10 -39 -10 -48 0 -71 -8 -71 -25 0
-30 97 -33 133 -5 35 28 47 76 47 191 l0 96 -46 7 c-56 7 -63 7 -89 -3z m82
-75 c18 -38 13 -71 -15 -106 l-18 -22 -29 24 c-21 19 -28 33 -27 58 2 81 58
110 89 46z"/>
<path d="M2422 3142 c-6 -5 -23 -23 -37 -42 -36 -48 -34 -105 5 -158 28 -39
33 -42 78 -42 66 0 103 37 110 110 4 43 1 56 -22 89 -15 22 -37 42 -49 45 -31
8 -70 7 -85 -2z m82 -64 c37 -52 3 -138 -47 -122 -12 4 -25 12 -29 18 -12 18
-9 101 4 114 19 19 55 14 72 -10z"/>
<path d="M6564 3215 c-31 -47 15 -63 56 -19 21 21 22 27 10 34 -25 16 -49 11
-66 -15z"/>
<path d="M4623 3202 c-8 -5 -12 -45 -12 -125 0 -65 -3 -122 -6 -127 -11 -18
15 -50 40 -50 23 0 24 4 27 68 l3 67 39 -3 c51 -4 94 14 111 49 22 41 18 77
-10 104 -21 22 -33 25 -102 25 -43 0 -83 -4 -90 -8z m134 -38 c28 -8 38 -36
23 -64 -9 -18 -19 -21 -58 -18 -43 3 -47 5 -50 31 -2 16 -1 35 2 43 6 14 44
18 83 8z"/>
<path d="M5776 3201 c-3 -4 -3 -60 1 -123 5 -105 8 -118 32 -147 25 -30 32
-33 86 -33 53 -1 61 2 83 28 37 45 42 68 42 180 0 104 0 104 -24 104 -36 0
-40 -14 -37 -112 1 -48 0 -97 -4 -108 -8 -25 -48 -42 -80 -34 -34 9 -47 51
-44 146 2 46 0 89 -5 96 -8 14 -42 16 -50 3z"/>
<path d="M6285 3201 c-11 -18 5 -31 36 -31 24 0 30 4 27 18 -4 19 -52 29 -63
13z"/>
<path d="M6407 3204 c-4 -4 -7 -17 -7 -30 0 -25 -21 -37 -70 -38 l-35 -1 0
-115 0 -115 25 0 c25 0 25 1 30 105 3 58 8 104 13 103 32 -9 36 -21 39 -113
l3 -95 33 -3 c26 -3 32 0 32 16 0 11 -7 25 -15 32 -11 9 -15 32 -15 80 0 51 4
69 15 74 19 7 19 32 1 39 -8 3 -16 18 -18 33 -3 27 -18 41 -31 28z"/>
<path d="M6845 3200 c-10 -16 4 -30 31 -30 17 0 24 5 24 20 0 15 -7 20 -24 20
-14 0 -28 -4 -31 -10z"/>
<path d="M4920 3141 l-35 -6 -9 -102 c-10 -121 -6 -136 31 -131 l28 3 3 97 3
97 27 3 c19 2 27 9 27 23 0 22 -19 26 -75 16z"/>
<path d="M5045 3126 c-27 -24 -29 -30 -30 -100 0 -65 3 -78 24 -100 33 -36 98
-36 130 -2 19 20 21 27 11 46 l-12 22 -14 -21 c-28 -39 -106 -17 -90 25 5 13
16 16 52 11 63 -7 92 16 76 61 -26 76 -95 103 -147 58z m95 -41 c18 -22 3 -35
-41 -35 -31 0 -39 4 -39 18 0 10 3 22 7 25 12 12 60 7 73 -8z"/>
<path d="M5279 3143 c-17 -4 -31 -28 -48 -81 -12 -39 14 -130 48 -166 28 -30
27 -40 -11 -54 -25 -9 -30 -14 -20 -24 19 -19 80 -15 97 8 19 25 19 44 0 44
-23 0 -18 13 15 45 48 46 35 79 -19 50 -29 -14 -30 -14 -51 12 -23 29 -21 59
6 101 12 18 18 20 34 12 25 -13 60 -13 60 1 0 7 -11 22 -26 35 -24 23 -48 27
-85 17z"/>
<path d="M5468 3128 c-64 -57 -66 -139 -5 -205 49 -55 161 -10 174 69 10 64
-3 103 -45 132 -47 32 -91 33 -124 4z m90 -40 c7 -7 12 -36 12 -65 0 -41 -4
-54 -18 -62 -61 -32 -101 58 -57 129 9 14 48 13 63 -2z"/>
<path d="M6146 3143 c-4 -4 -22 -6 -41 -5 l-35 3 0 -121 c0 -120 0 -121 23
-118 20 3 22 9 25 78 3 109 7 120 42 120 35 0 43 -18 40 -103 -3 -96 -3 -99
23 -95 21 3 22 6 19 103 -2 93 -4 102 -28 123 -25 22 -54 28 -68 15z"/>
<path d="M6760 3141 l-35 -6 0 -115 c0 -111 1 -115 22 -118 22 -3 22 0 25 94
l3 98 33 8 c34 9 43 32 16 42 -9 3 -19 5 -22 5 -4 -1 -23 -4 -42 -8z"/>
<path d="M6990 3144 c-23 -7 -70 -87 -70 -120 0 -16 14 -50 30 -76 29 -46 32
-48 78 -48 66 0 103 37 110 110 4 43 1 56 -22 89 -32 46 -70 60 -126 45z m78
-69 c18 -39 14 -83 -8 -105 -24 -24 -29 -24 -58 -4 -17 12 -22 25 -22 63 0 53
12 71 50 71 19 0 30 -8 38 -25z"/>
<path d="M6517 3122 c-21 -22 -22 -52 -3 -52 7 0 19 7 26 16 19 21 74 15 78
-10 2 -10 -3 -23 -12 -28 -17 -10 -22 -38 -7 -38 13 0 21 -27 15 -45 -8 -20
-63 -20 -70 0 -4 8 -1 22 6 30 10 12 9 16 -4 21 -42 16 -68 -33 -44 -83 13
-27 15 -28 93 -28 l80 0 -4 100 c-4 122 -12 135 -86 135 -38 0 -56 -5 -68 -18z"/>
<path d="M6857 3134 c-4 -4 -7 -59 -7 -121 0 -113 0 -114 23 -111 21 3 22 6
22 118 -1 95 -3 115 -16 118 -8 1 -18 0 -22 -4z"/>
<path d="M1679 2546 c-2 -3 -3 -64 -2 -136 2 -72 3 -138 3 -147 0 -12 7 -14
35 -10 19 3 37 1 40 -4 4 -5 21 -9 40 -9 29 0 37 6 59 44 35 60 35 118 0 169
-23 35 -29 38 -67 35 -39 -3 -41 -2 -41 27 -1 26 -5 30 -31 33 -17 2 -33 1
-36 -2z m139 -124 c6 -9 12 -33 12 -53 0 -65 -52 -92 -84 -44 -22 33 -20 60 5
95 23 30 43 30 67 2z"/>
<path d="M2134 2536 c-3 -8 -1 -47 5 -86 6 -39 9 -100 5 -134 -5 -52 -4 -64 9
-69 27 -10 34 15 36 128 1 61 3 124 4 140 2 26 -2 30 -26 33 -17 2 -29 -2 -33
-12z"/>
<path d="M1936 2456 c-36 -48 -36 -121 0 -176 24 -36 31 -40 70 -40 41 0 46 3
79 48 47 63 46 100 -1 158 -33 39 -41 44 -79 44 -37 0 -46 -5 -69 -34z m110
-33 c18 -25 17 -88 -2 -107 -36 -37 -94 -4 -94 54 0 59 65 94 96 53z"/>
<path d="M2256 2469 c-47 -37 -24 -72 25 -37 20 15 30 17 52 9 34 -13 34 -34
2 -55 -30 -20 -32 -36 -5 -36 15 0 20 -7 20 -25 0 -22 -4 -25 -35 -25 -27 0
-35 4 -35 18 0 10 5 23 12 30 17 17 6 22 -28 14 -23 -7 -30 -14 -32 -41 -5
-47 21 -81 61 -81 18 0 38 5 44 11 7 7 17 8 30 1 39 -21 49 0 48 97 0 78 -3
93 -23 115 -29 34 -96 36 -136 5z"/>
<path d="M6100 2554 c-54 -16 -77 -201 -34 -274 19 -33 23 -35 74 -35 50 0 56
3 76 32 41 61 41 196 0 247 -21 27 -78 42 -116 30z m58 -52 c7 -5 17 -24 22
-43 23 -80 3 -159 -40 -159 -27 0 -39 28 -41 91 -3 91 20 135 59 111z"/>
<path d="M5589 2533 c-8 -10 -32 -45 -54 -78 -22 -33 -46 -66 -53 -74 -7 -7
-12 -25 -10 -40 3 -24 7 -26 53 -29 54 -4 75 -15 75 -42 0 -10 7 -20 15 -24
18 -7 45 19 45 44 0 10 5 22 10 25 14 9 12 43 -2 47 -9 3 -13 32 -13 94 0 88
0 89 -26 92 -15 2 -31 -4 -40 -15z m15 -130 c8 -29 -5 -43 -41 -43 -33 0 -38
19 -12 46 29 31 45 30 53 -3z"/>
<path d="M5882 2509 c-52 -42 -60 -72 -18 -68 46 3 46 3 43 -92 -2 -78 1 -93
16 -103 12 -8 22 -8 35 0 15 10 17 27 15 148 -1 75 -5 141 -8 146 -11 18 -32
10 -83 -31z"/>
<path d="M5732 2287 c-6 -6 -9 -32 -8 -57 2 -40 5 -45 26 -45 19 0 26 7 33 32
18 61 -18 111 -51 70z"/>
<path d="M2042 1901 c-20 -12 -10 -45 14 -49 31 -4 49 22 29 42 -19 18 -25 19
-43 7z"/>
<path d="M2362 1898 c-8 -8 -12 -57 -12 -154 0 -118 3 -144 16 -155 28 -23 45
13 37 82 -9 93 7 125 56 112 19 -5 21 -12 21 -94 0 -78 2 -90 20 -99 11 -6 25
-8 30 -5 6 3 10 44 10 90 0 67 -4 91 -21 119 -19 33 -25 36 -65 36 -40 0 -44
2 -44 24 0 14 -7 32 -16 40 -19 19 -17 19 -32 4z"/>
<path d="M1364 1799 c-26 -27 -29 -37 -29 -91 1 -56 3 -62 38 -94 50 -46 85
-45 126 2 17 19 29 39 26 45 -9 13 -37 11 -59 -6 -25 -19 -31 -19 -50 1 -21
21 -21 97 0 115 12 10 20 10 35 1 25 -16 69 -15 69 1 0 27 -45 57 -86 57 -32
0 -46 -6 -70 -31z"/>
<path d="M1562 1807 c-12 -13 -22 -28 -22 -34 0 -22 30 -22 50 -1 17 18 25 20
47 12 15 -5 29 -17 31 -27 4 -18 -13 -27 -87 -47 l-43 -12 5 -46 c5 -49 25
-72 63 -72 12 0 27 7 34 15 9 11 17 12 30 5 40 -21 50 -3 50 87 0 80 -10 119
-34 135 -6 4 -32 8 -57 8 -35 0 -51 -5 -67 -23z m97 -116 c22 -14 -4 -51 -38
-51 -15 0 -30 3 -34 6 -10 10 5 35 27 44 27 11 29 11 45 1z"/>
<path d="M1775 1820 c-4 -6 -7 -57 -8 -112 0 -88 2 -102 19 -115 32 -23 43 5
37 95 -6 82 0 96 42 104 11 2 20 10 20 18 0 19 -99 27 -110 10z"/>
<path d="M1904 1817 c-2 -7 -3 -62 -2 -123 3 -101 4 -109 23 -109 18 0 20 8
23 96 l3 96 34 10 c24 8 37 8 41 1 4 -6 6 -50 5 -98 -2 -92 4 -106 39 -95 18
6 19 15 17 113 l-2 107 -45 7 c-76 11 -130 9 -136 -5z"/>
<path d="M2141 1818 c-16 -6 -20 -20 -23 -105 -4 -86 -2 -100 14 -115 36 -33
48 -13 48 81 0 103 7 119 47 105 27 -9 28 -11 33 -104 4 -77 8 -95 21 -98 9
-2 19 5 21 16 9 34 -3 166 -19 200 -14 32 -16 33 -69 30 -30 -2 -63 -6 -73
-10z"/>
<path d="M2596 1797 c-39 -51 -37 -126 5 -178 44 -56 82 -55 138 6 52 56 56
105 14 157 -38 45 -42 48 -90 48 -36 0 -46 -5 -67 -33z m102 -29 c15 -15 16
-82 2 -109 -25 -45 -90 -4 -90 56 0 54 54 87 88 53z"/>
<path d="M5859 1881 c-33 -34 -40 -89 -13 -115 14 -15 13 -19 -10 -47 -14 -17
-26 -34 -26 -39 0 -5 15 -28 33 -52 27 -36 39 -44 71 -46 32 -3 44 2 72 29 37
35 47 91 20 106 -22 12 -23 49 -2 71 18 21 18 22 -4 57 -44 71 -93 83 -141 36z
m87 -39 c6 -4 15 -21 18 -38 6 -29 5 -32 -21 -36 -48 -6 -63 1 -63 31 0 42 34
64 66 43z m21 -138 c10 -26 -14 -64 -41 -64 -51 0 -67 20 -50 64 8 22 82 22
91 0z"/>
<path d="M6097 1899 c-28 -16 -47 -76 -47 -149 0 -69 21 -148 43 -162 14 -9
69 -10 91 -2 45 17 74 129 57 219 -15 81 -86 127 -144 94z m79 -84 c30 -72 9
-175 -37 -175 -26 0 -49 50 -49 105 0 95 56 141 86 70z"/>
<path d="M5603 1892 c-12 -8 -63 -79 -63 -88 0 -3 -16 -26 -35 -51 -55 -72
-44 -107 31 -96 42 5 43 5 58 -31 23 -55 66 -46 66 14 0 9 7 23 16 31 14 12
14 14 -2 26 -16 11 -19 28 -19 106 0 84 -2 92 -20 95 -11 1 -25 -1 -32 -6z m1
-148 c8 -30 -5 -44 -41 -44 -35 0 -38 19 -8 50 32 33 40 32 49 -6z"/>
<path d="M5727 1633 c-9 -19 0 -108 11 -107 29 2 33 5 43 31 15 41 2 83 -26
83 -13 0 -26 -3 -28 -7z"/>
<path d="M1675 1240 c-12 -20 6 -50 29 -50 28 0 50 24 42 45 -6 17 -61 21 -71
5z"/>
<path d="M1812 1155 c-38 -32 -62 -83 -55 -117 7 -38 67 -105 100 -111 37 -7
57 5 93 57 39 58 38 90 -5 149 -30 40 -40 47 -69 47 -22 0 -45 -9 -64 -25z
m97 -54 c12 -16 21 -37 21 -46 0 -25 -39 -75 -57 -75 -31 0 -53 31 -53 73 0
73 52 101 89 48z"/>
<path d="M2026 1154 c-30 -33 -41 -78 -31 -131 9 -50 30 -72 77 -79 44 -8 41
-24 -5 -24 -41 0 -60 -13 -55 -36 2 -13 13 -20 37 -22 47 -5 72 3 104 33 27
25 27 27 27 150 l0 125 -27 0 c-16 0 -44 3 -64 6 -31 5 -40 2 -63 -22z m94
-43 c14 -27 13 -104 -2 -119 -16 -16 -53 -15 -66 1 -11 13 -16 46 -14 84 4 47
62 71 82 34z"/>
<path d="M2261 1154 c-29 -24 -31 -30 -31 -98 0 -66 2 -74 28 -98 15 -14 35
-28 45 -31 26 -10 80 16 106 49 20 25 22 38 19 88 -4 51 -9 63 -36 87 -42 38
-89 39 -131 3z m75 -32 c34 -22 41 -94 13 -129 -17 -19 -57 -16 -69 6 -5 11
-10 38 -10 60 0 54 33 86 66 63z"/>
<path d="M1683 1158 c-4 -7 -6 -61 -4 -120 3 -100 2 -107 -19 -118 -33 -18
-23 -54 17 -58 51 -5 60 21 61 168 1 124 -3 139 -35 140 -6 0 -15 -6 -20 -12z"/>
<path d="M5521 1236 c-7 -8 -16 -39 -21 -68 -4 -29 -11 -63 -15 -75 -6 -20 -4
-23 19 -23 15 0 37 7 50 15 15 10 33 14 50 9 23 -6 26 -11 26 -54 0 -43 -3
-48 -26 -54 -15 -4 -38 -1 -56 9 -45 22 -70 20 -66 -6 5 -33 53 -64 98 -64 57
0 110 56 113 115 1 36 -3 47 -31 71 -22 20 -43 29 -67 29 -71 0 -51 47 23 52
43 3 47 5 47 28 0 24 -3 25 -66 28 -49 2 -69 -1 -78 -12z"/>
<path d="M5867 1226 c-22 -18 -30 -36 -39 -88 -15 -93 -4 -151 33 -183 42 -34
85 -33 127 5 28 26 32 36 32 78 0 46 -3 51 -38 76 -22 15 -52 26 -71 26 -28 0
-32 3 -29 23 2 18 9 22 38 20 19 0 47 -4 63 -8 23 -6 27 -4 27 12 0 57 -91 82
-143 39z m77 -132 c12 -4 16 -20 16 -55 0 -44 -2 -49 -27 -55 -20 -6 -31 -2
-45 16 -22 27 -23 49 -2 78 16 23 30 27 58 16z"/>
<path d="M6083 1238 c-4 -7 -11 -38 -15 -68 -4 -30 -9 -64 -10 -75 -4 -26 28
-32 52 -10 13 12 27 15 49 10 29 -6 31 -10 31 -51 0 -38 -4 -46 -26 -56 -21
-10 -31 -9 -60 7 -26 14 -37 16 -46 7 -9 -9 -7 -18 8 -39 23 -31 65 -47 99
-39 33 8 85 83 85 121 0 42 -52 92 -100 97 -27 2 -35 7 -35 23 0 16 8 21 35
23 62 4 80 12 80 31 0 10 -7 22 -16 25 -29 11 -123 6 -131 -6z"/>
<path d="M5728 973 c-3 -7 -2 -57 1 -95 2 -21 42 -6 52 19 15 41 2 83 -26 83
-13 0 -25 -3 -27 -7z"/>
<path d="M1934 573 c-3 -10 -11 -29 -17 -43 -6 -14 -12 -28 -14 -31 -1 -3 5
-16 14 -29 12 -16 16 -42 14 -94 -1 -39 2 -76 6 -82 15 -21 49 -25 64 -8 12
15 11 19 -9 32 -19 12 -22 23 -22 79 0 47 4 65 15 69 19 8 19 43 0 68 -8 11
-15 28 -15 38 0 23 -29 24 -36 1z"/>
<path d="M1520 523 c-58 -7 -60 -12 -60 -158 0 -105 3 -135 15 -145 23 -19 43
-5 47 32 3 31 5 33 39 30 30 -3 40 2 64 29 24 30 27 39 23 96 -3 52 -9 68 -33
93 -16 16 -36 29 -44 28 -9 0 -32 -3 -51 -5z m68 -62 c19 -12 25 -81 10 -111
-29 -55 -78 -28 -78 43 0 65 28 94 68 68z"/>
<path d="M1737 519 c-21 -13 -58 -82 -62 -121 -3 -19 5 -42 26 -73 29 -43 33
-45 78 -45 38 0 54 6 76 26 39 36 21 52 -34 31 -43 -18 -76 -12 -99 16 -16 19
10 27 96 27 l62 0 0 33 c0 25 -10 44 -38 75 -40 43 -69 52 -105 31z m81 -61
c19 -19 14 -35 -13 -40 -36 -7 -75 2 -75 18 0 29 65 45 88 22z"/>
<path d="M2059 502 c-30 -27 -32 -32 -32 -101 0 -61 3 -75 23 -96 43 -45 160
-24 160 29 0 20 -30 21 -56 1 -26 -20 -41 -19 -76 6 -40 29 -23 39 65 39 l67
0 0 43 c0 36 -6 47 -35 75 -44 40 -75 41 -116 4z m99 -58 c4 -26 -29 -37 -71
-26 -26 7 -27 8 -11 30 21 31 77 28 82 -4z"/>
<path d="M2293 506 c-26 -23 -28 -29 -28 -105 0 -70 3 -83 22 -103 29 -29 86
-28 117 1 27 26 31 26 56 1 21 -21 83 -27 109 -11 9 6 19 4 29 -5 28 -29 39 0
36 101 -2 85 -4 99 -25 121 -34 36 -88 33 -134 -7 -19 -17 -35 -35 -35 -39 0
-18 42 -22 59 -6 32 29 91 15 91 -21 0 -7 -19 -17 -42 -23 -58 -14 -108 -37
-108 -50 0 -5 -14 -10 -30 -10 -17 0 -39 -5 -49 -12 -36 -22 -51 -4 -51 61 0
66 18 85 51 55 12 -11 27 -14 44 -10 32 8 32 17 -4 55 -35 38 -70 40 -108 7z
m297 -141 c0 -15 -38 -45 -57 -45 -28 0 -38 17 -23 35 11 14 80 22 80 10z"/>
<path d="M5503 571 c-13 -11 -23 -30 -23 -45 0 -21 5 -26 24 -26 13 0 29 7 36
15 19 23 67 19 81 -6 9 -18 6 -29 -23 -70 -18 -27 -52 -62 -75 -79 -31 -21
-43 -36 -43 -55 l0 -25 105 0 c96 0 105 2 105 19 0 23 -23 33 -56 25 -13 -3
-36 -3 -51 1 -24 6 -26 8 -12 18 121 90 145 144 93 213 -25 32 -30 34 -83 34
-40 -1 -62 -6 -78 -19z"/>
<path d="M5852 565 c-36 -46 -46 -81 -32 -116 21 -49 48 -69 96 -69 45 0 58
-9 48 -33 -8 -23 -45 -28 -78 -12 -36 18 -56 19 -56 2 0 -23 29 -55 56 -60 35
-6 94 10 94 27 0 7 9 21 20 31 17 15 20 31 20 97 0 74 -2 82 -32 119 -28 34
-36 39 -74 39 -33 0 -47 -5 -62 -25z m113 -57 c3 -13 2 -36 -3 -53 -7 -26 -13
-30 -42 -30 -28 0 -35 5 -43 28 -15 46 5 77 48 77 28 0 36 -4 40 -22z"/>
<path d="M6082 573 c-5 -10 -12 -49 -15 -86 -5 -55 -3 -69 9 -74 8 -3 23 2 33
11 19 17 39 20 65 10 11 -4 16 -19 16 -50 0 -39 -3 -46 -26 -54 -20 -8 -34 -6
-57 5 -55 28 -71 16 -41 -30 17 -27 61 -40 102 -30 37 9 82 69 82 112 0 48
-45 93 -93 93 -23 0 -37 6 -41 16 -10 26 11 43 47 38 38 -6 73 15 64 40 -10
24 -133 23 -145 -1z"/>
<path d="M5724 309 c-3 -6 -1 -16 4 -21 8 -8 8 -17 1 -30 -12 -23 -4 -38 22
-38 23 0 43 44 34 77 -6 25 -48 33 -61 12z"/>
</g>
</svg>
