<?xml version="1.0" standalone="no"?>
<!DOCTYPE svg PUBLIC "-//W3C//DTD SVG 20010904//EN"
 "http://www.w3.org/TR/2001/REC-SVG-20010904/DTD/svg10.dtd">
<svg version="1.0" xmlns="http://www.w3.org/2000/svg"
 width="648.000000pt" height="492.000000pt" viewBox="0 0 648.000000 492.000000"
 preserveAspectRatio="xMidYMid meet">
<metadata>
Created by potrace 1.10, written by Peter Selinger 2001-2011
</metadata>
<g transform="translate(0.000000,492.000000) scale(0.100000,-0.100000)"
fill="#000000" stroke="none">
<path d="M1877 4793 c-14 -14 -6 -53 13 -63 11 -6 20 -21 20 -34 0 -13 7 -26
15 -30 10 -3 15 -19 15 -46 0 -30 4 -40 16 -40 12 0 14 -9 12 -42 -3 -39 -6
-43 -33 -48 -55 -10 -40 -70 18 -70 34 0 77 39 77 71 0 11 7 22 15 25 8 4 15
17 15 30 0 14 7 27 15 30 10 4 15 20 15 45 0 26 5 42 15 45 8 4 15 17 15 30 0
13 9 28 21 34 29 16 23 64 -9 68 -30 5 -51 -14 -45 -38 3 -12 -1 -22 -11 -26
-9 -3 -16 -16 -16 -29 0 -12 -7 -28 -15 -35 -8 -7 -15 -23 -15 -36 0 -15 -6
-24 -15 -24 -9 0 -15 9 -15 24 0 13 -7 29 -15 36 -8 7 -15 23 -15 35 0 13 -7
26 -16 29 -8 3 -14 14 -12 23 1 10 -1 24 -5 31 -9 13 -49 17 -60 5z"/>
<path d="M1587 4653 c-4 -3 -7 -13 -7 -21 0 -8 -6 -28 -14 -45 -8 -18 -17 -39
-20 -47 -3 -8 -19 -37 -35 -65 -39 -66 -39 -75 4 -75 l35 0 0 -402 0 -403 -30
-20 c-19 -12 -30 -29 -30 -43 0 -12 -7 -25 -15 -28 -8 -4 -15 -12 -15 -19 0
-7 7 -15 15 -19 8 -3 15 -16 15 -28 0 -14 11 -31 30 -43 l30 -20 0 -1138 0
-1137 -745 0 c-410 0 -749 -1 -754 -4 -9 -6 -9 -72 1 -81 3 -3 341 -5 752 -5
l746 0 0 -505 0 -505 45 0 45 0 0 505 0 505 1093 0 1092 0 20 -30 c12 -19 29
-30 43 -30 12 0 25 -7 28 -15 8 -19 30 -19 38 0 3 8 16 15 28 15 14 0 31 11
43 30 l20 30 1060 -2 1060 -3 -3 -42 c-3 -50 10 -61 46 -37 47 31 156 84 174
84 19 0 50 39 42 52 -3 4 -12 8 -21 8 -8 0 -29 6 -46 14 -18 8 -39 17 -47 20
-8 3 -39 20 -69 37 -63 36 -82 33 -79 -13 3 -30 1 -33 -24 -32 -16 0 -493 1
-1060 2 l-1033 2 -20 30 c-12 18 -29 30 -41 30 -12 0 -28 10 -36 22 l-15 22
-12 -22 c-7 -12 -21 -22 -34 -22 -13 0 -30 -12 -42 -30 l-20 -30 -1092 0
-1093 0 0 1138 0 1137 30 20 c19 12 30 29 30 43 0 12 7 25 15 28 8 4 15 12 15
19 0 7 -7 15 -15 19 -8 3 -15 16 -15 28 0 14 -11 31 -30 43 l-30 20 0 403 0
402 44 0 c53 0 65 13 39 43 -23 26 -76 132 -83 166 -5 25 -42 56 -53 44z"/>
<path d="M1208 3599 c-56 -57 -71 -90 -46 -105 7 -4 23 8 41 29 16 21 33 37
39 37 6 0 9 -49 7 -132 -3 -115 -1 -133 14 -142 12 -8 22 -8 33 -1 14 9 16 35
16 183 0 94 -4 176 -7 182 -13 21 -42 6 -97 -51z"/>
<path d="M1974 3648 c-3 -4 -5 -85 -6 -180 -1 -149 2 -174 16 -183 11 -7 21
-7 34 1 14 9 16 23 13 83 l-3 71 71 0 c68 0 72 1 107 36 50 51 51 84 3 134
l-38 39 -96 3 c-53 2 -99 0 -101 -4z m186 -78 c11 -11 20 -22 20 -25 0 -3 -9
-14 -20 -25 -15 -15 -33 -20 -75 -20 l-55 0 0 45 0 45 55 0 c42 0 60 -5 75
-20z"/>
<path d="M3919 1778 c-5 -10 -21 -18 -34 -18 -20 0 -25 -5 -25 -25 0 -13 -7
-28 -16 -33 -13 -7 -16 -26 -16 -92 0 -66 3 -85 16 -92 9 -5 16 -20 16 -33 0
-20 5 -25 25 -25 14 0 28 -7 31 -15 4 -10 20 -15 50 -15 32 0 44 4 44 15 0 26
24 16 49 -20 15 -23 31 -35 47 -35 33 0 41 20 16 41 -25 20 -30 74 -8 86 23
13 25 172 2 185 -9 5 -16 20 -16 33 0 20 -5 25 -25 25 -13 0 -28 8 -33 17 -14
24 -110 25 -123 1z m129 -72 c19 -21 22 -35 22 -105 0 -79 -1 -81 -25 -81 -13
0 -28 6 -32 14 -8 14 -25 20 -50 17 -18 -1 -16 -28 2 -35 8 -3 15 -10 15 -16
0 -18 -43 -11 -67 12 -20 19 -23 31 -23 96 0 94 20 122 90 122 34 0 50 -6 68
-24z"/>
<path d="M3878 749 c-56 -57 -71 -90 -46 -105 7 -4 23 8 41 29 16 21 33 37 39
37 6 0 9 -49 8 -127 -1 -71 -2 -134 -1 -140 1 -16 47 -17 57 -2 8 14 8 345 -1
359 -13 21 -42 6 -97 -51z"/>
<path d="M6077 623 c-17 -16 -4 -50 28 -77 48 -40 48 -79 -1 -122 -42 -38 -45
-77 -5 -82 28 -4 70 40 71 76 0 13 6 22 15 22 9 0 15 -9 15 -22 1 -36 43 -80
71 -76 40 5 37 44 -5 82 -26 23 -36 40 -36 61 0 21 10 38 36 61 42 38 45 77 6
82 -29 4 -72 -39 -72 -74 0 -15 -6 -24 -15 -24 -9 0 -15 9 -15 24 0 45 -67 95
-93 69z"/>
</g>
</svg>
