<?xml version="1.0" encoding="UTF-8" standalone="no"?>
<svg
   xmlns:dc="http://purl.org/dc/elements/1.1/"
   xmlns:cc="http://creativecommons.org/ns#"
   xmlns:rdf="http://www.w3.org/1999/02/22-rdf-syntax-ns#"
   xmlns:svg="http://www.w3.org/2000/svg"
   xmlns="http://www.w3.org/2000/svg"
   xmlns:sodipodi="http://sodipodi.sourceforge.net/DTD/sodipodi-0.dtd"
   xmlns:inkscape="http://www.inkscape.org/namespaces/inkscape"
   version="1.0"
   width="900.000000pt"
   height="240.000000pt"
   viewBox="0 0 900.000000 240.000000"
   preserveAspectRatio="xMidYMid meet"
   id="svg2"
   inkscape:version="0.91 r13725"
   sodipodi:docname="1.svg">
  <defs
     id="defs286" />
  <sodipodi:namedview
     pagecolor="#ffffff"
     bordercolor="#666666"
     borderopacity="1"
     objecttolerance="10"
     gridtolerance="10"
     guidetolerance="10"
     inkscape:pageopacity="0"
     inkscape:pageshadow="2"
     inkscape:window-width="1366"
     inkscape:window-height="692"
     id="namedview284"
     showgrid="false"
     inkscape:zoom="0.87466667"
     inkscape:cx="451.33395"
     inkscape:cy="182.81406"
     inkscape:window-x="0"
     inkscape:window-y="24"
     inkscape:window-maximized="1"
     inkscape:current-layer="svg2" />
  <metadata
     id="metadata4">
Created by potrace 1.10, written by Peter Selinger 2001-2011
<rdf:RDF>
  <cc:Work
     rdf:about="">
    <dc:format>image/svg+xml</dc:format>
    <dc:type
       rdf:resource="http://purl.org/dc/dcmitype/StillImage" />
  </cc:Work>
</rdf:RDF>
</metadata>
  <g
     transform="translate(0.000000,240.000000) scale(0.100000,-0.100000)"
     fill="#000000"
     stroke="none"
     id="g6">
    <path
       d="M66 2294 c-3 -8 -1 -24 5 -35 10 -19 24 -20 785 -17 425 2 774 1 775 -2 0 -3 1 -193 2 -423 l2 -417 -778 0 c-428 0 -782 -2 -787 -5 -13 -8 -13 -42 0 -50 5 -3 360 -6 787 -5 l778 1 0 -192 0 -191 -672 2 c-477 0 -673 -2 -678 -10 -4 -6 -4 -22 -1 -36 l7 -25 672 1 672 1 -2 -163 c-1 -116 -6 -173 -16 -197 l-15 -35 -761 2 -761 2 -12 -25 c-7 -17 -8 -29 -2 -35 13 -13 8804 -14 8817 -1 5 5 7 21 3 34 l-6 24 -875 -5 -875 -5 2 202 3 202 842 -1 c463 0 849 -3 857 -6 27 -10 57 15 54 44 l-3 27 -875 2 -875 2 -3 191 -2 191 876 -1 c881 -1 894 -1 894 30 0 30 -18 31 -894 33 l-878 2 1 195 c1 107 5 197 9 200 4 3 394 3 867 0 483 -3 865 -1 873 4 17 12 15 51 -3 66 -11 9 -36 11 -88 6 -39 -3 -1055 -6 -2255 -7 -1701 0 -2187 3 -2199 12 -11 10 -22 10 -46 1 -36 -13 -173 -14 -1625 -13 l-962 1 2 185 3 186 3551 -1 c1954 0 3565 -3 3581 -6 35 -7 56 13 51 48 l-3 23 -4406 3 c-4001 2 -4407 1 -4413 -14z m3374 -686 c3 -106 2 -196 -1 -201 -3 -4 -396 -6 -874 -5 l-868 3 2 195 c1 107 4 197 6 200 2 3 392 4 867 3 l863 -2 5 -193z m1808 187 c3 -2 5 -92 6 -200 l1 -195 -877 0 -878 0 0 198 c0 109 2 201 5 204 6 6 1737 -1 1743 -7z m1820 -195 l2 -200 -330 0 c-287 0 -330 2 -330 15 0 19 -34 19 -50 0 -11 -13 -79 -15 -528 -13 l-515 3 1 192 c0 106 3 196 5 200 3 5 396 7 874 6 l868 -2 3 -201z m-3626 -267 c2 -5 1 -90 -2 -191 l-5 -183 -864 0 c-475 0 -866 2 -868 5 -3 3 -6 330 -4 369 1 4 392 7 870 7 479 0 871 -3 873 -7z m1812 -186 c1 -103 -1 -187 -4 -187 -3 0 -396 0 -875 -1 l-870 0 -2 191 -1 190 875 -2 876 -3 1 -188z m1814 3 l-3 -191 -870 0 c-478 1 -872 1 -875 1 -4 0 -4 363 -1 378 1 1 395 2 876 2 l875 0 -2 -190z m-3633 -456 l0 -196 -878 -1 c-874 -2 -878 -2 -870 18 4 11 8 97 9 192 1 95 4 176 7 180 3 4 394 7 869 6 l863 -3 0 -196z m1810 197 c10 -1 12 -377 2 -387 -2 -3 -395 -5 -873 -5 l-869 0 -2 188 c-1 103 -1 193 1 199 3 7 261 10 868 8 474 -1 868 -2 873 -3z m1820 -198 l0 -198 -867 -2 c-542 -1 -870 2 -874 8 -7 12 -9 374 -1 385 3 5 392 8 874 7 l868 -3 0 -197z"
       id="path8" />
    <path
       d="M2138 1703 c-15 -4 -18 -17 -18 -89 0 -86 -4 -94 -40 -72 -25 16 -42 1 -34 -29 4 -14 19 -26 41 -34 31 -10 39 -9 62 8 24 18 27 29 34 113 6 72 5 95 -5 102 -7 4 -15 7 -18 7 -3 -1 -13 -3 -22 -6z"
       id="path10" />
    <path
       d="M2763 1704 c-20 -9 -15 -31 8 -37 29 -8 51 2 47 22 -3 16 -33 24 -55 15z"
       id="path12" />
    <path
       d="M2235 1624 c-9 -14 -14 -32 -11 -40 3 -8 1 -23 -6 -33 -19 -31 18 -70 65 -71 62 0 74 11 72 70 -1 35 -8 58 -23 75 -30 34 -74 34 -97 -1z m53 -31 c2 -8 -6 -13 -22 -13 -17 0 -26 5 -26 16 0 19 41 16 48 -3z m8 -69 c-5 -13 -10 -14 -18 -6 -6 6 -8 18 -4 28 5 13 10 14 18 6 6 -6 8 -18 4 -28z"
       id="path14" />
    <path
       d="M2384 1637 c-3 -8 -4 -45 -2 -83 3 -61 5 -69 23 -69 17 0 21 8 25 60 4 53 8 60 28 63 24 4 25 1 26 -73 1 -47 3 -50 29 -53 27 -3 27 -3 27 60 0 87 -19 108 -96 108 -37 0 -56 -4 -60 -13z"
       id="path16" />
    <path
       d="M2592 1627 c-26 -28 -30 -92 -6 -125 25 -36 134 -30 134 7 0 27 -9 30 -40 14 -34 -17 -50 -11 -50 19 0 18 5 20 38 15 31 -4 41 -1 50 14 16 26 15 36 -8 59 -29 29 -90 27 -118 -3z m74 -28 c10 -17 -13 -36 -27 -22 -12 12 -4 33 11 33 5 0 12 -5 16 -11z"
       id="path18" />
    <path
       d="M2852 1642 c-9 -6 -12 -30 -10 -83 3 -72 4 -74 30 -77 27 -3 27 -2 30 59 3 58 5 64 28 69 14 3 25 12 25 20 0 17 -81 26 -103 12z"
       id="path20" />
    <path
       d="M3000 1628 c-14 -15 -20 -35 -20 -68 0 -57 20 -79 77 -86 58 -7 93 28 93 91 0 60 -24 85 -85 85 -33 0 -50 -6 -65 -22z m88 -56 c4 -37 -12 -64 -34 -55 -15 5 -20 73 -7 87 16 16 38 -1 41 -32z"
       id="path22" />
    <path
       d="M2758 1628 c-6 -18 -1 -126 7 -138 3 -5 15 -10 26 -10 17 0 19 7 19 80 0 78 -1 80 -24 80 -13 0 -26 -6 -28 -12z"
       id="path24" />
    <path
       d="M3746 1731 l-58 -6 -3 -103 c-3 -94 -1 -104 18 -117 29 -21 45 -3 49 53 3 47 3 47 41 50 30 3 37 7 35 20 -2 10 -13 17 -28 18 -47 1 -51 4 -48 27 2 16 11 23 33 25 50 5 59 10 45 27 -7 8 -15 14 -19 13 -3 -1 -32 -4 -65 -7z"
       id="path26" />
    <path
       d="M4748 1733 c-30 -8 -21 -33 10 -33 16 0 32 3 35 7 7 7 -11 34 -22 32 -3 -1 -14 -3 -23 -6z"
       id="path28" />
    <path
       d="M3881 1656 c-16 -17 -21 -36 -21 -73 0 -43 4 -53 25 -67 13 -9 40 -16 59 -16 41 0 80 28 67 49 -8 12 -14 12 -41 1 -35 -14 -57 -3 -46 25 4 12 14 14 40 10 29 -6 36 -3 46 15 15 28 -1 70 -27 71 -10 0 -32 2 -50 3 -23 3 -38 -3 -52 -18z m77 -34 c2 -7 -6 -12 -17 -12 -21 0 -27 11 -14 24 9 9 26 2 31 -12z"
       id="path30" />
    <path
       d="M4058 1669 c-25 -14 -22 -46 7 -113 22 -50 28 -56 55 -56 20 0 32 6 36 18 3 9 12 29 20 44 19 35 18 104 -1 112 -30 11 -44 -5 -47 -55 -4 -67 -22 -67 -28 0 -5 57 -14 67 -42 50z"
       id="path32" />
    <path
       d="M4240 1655 c-15 -16 -20 -35 -20 -72 0 -43 4 -53 25 -67 42 -28 125 -15 125 19 0 22 -15 26 -50 14 -25 -9 -34 -9 -41 2 -14 23 11 41 47 34 27 -5 35 -2 44 15 9 17 8 27 -5 46 -8 13 -19 24 -23 25 -56 8 -83 4 -102 -16z m78 -33 c2 -7 -6 -12 -17 -12 -21 0 -27 11 -14 24 9 9 26 2 31 -12z"
       id="path34" />
    <path
       d="M4418 1669 c-14 -8 -18 -24 -18 -77 0 -70 10 -92 42 -92 19 0 19 2 22 85 1 47 3 50 29 53 20 3 27 8 25 20 -4 20 -73 28 -100 11z"
       id="path36" />
    <path
       d="M4565 1652 c-32 -34 -33 -89 -4 -126 16 -21 29 -26 62 -26 42 1 77 18 77 38 0 19 -17 22 -50 11 -25 -9 -34 -9 -41 2 -14 23 11 41 46 35 27 -5 33 -3 43 18 16 36 -11 65 -66 70 -36 4 -47 0 -67 -22z m83 -30 c2 -7 -6 -12 -17 -12 -21 0 -27 11 -14 24 9 9 26 2 31 -12z"
       id="path38" />
    <path
       d="M4832 1671 c-9 -5 -12 -30 -10 -87 3 -77 4 -79 28 -79 24 0 25 3 28 63 2 44 7 64 17 68 53 16 52 14 31 30 -22 15 -73 19 -94 5z"
       id="path40" />
    <path
       d="M4975 1654 c-34 -37 -34 -96 0 -129 18 -19 35 -25 68 -25 55 0 77 23 84 83 5 38 2 48 -21 70 -37 38 -97 38 -131 1z m83 -58 c4 -46 -10 -65 -33 -46 -15 13 -21 71 -8 84 18 18 38 -1 41 -38z"
       id="path42" />
    <path
       d="M4737 1663 c-4 -3 -7 -37 -7 -73 0 -71 14 -98 45 -86 12 4 15 23 15 86 0 77 -1 80 -23 80 -13 0 -27 -3 -30 -7z"
       id="path44" />
    <path
       d="M5750 1590 c0 -90 3 -112 15 -116 25 -10 44 15 47 64 4 59 28 70 28 13 0 -30 6 -44 22 -56 21 -14 24 -14 35 2 15 20 17 63 4 63 -16 0 -42 32 -37 46 3 7 -2 18 -10 24 -8 7 -14 25 -14 41 0 28 -2 29 -45 29 l-45 0 0 -110z"
       id="path46" />
    <path
       d="M5919 1698 c-4 -8 -11 -57 -12 -88 -2 -31 0 -35 21 -32 22 3 24 1 20 -39 -2 -31 1 -44 14 -52 9 -6 20 -9 23 -5 3 3 7 53 9 112 l3 106 -38 0 c-22 0 -40 -1 -40 -2z"
       id="path48" />
    <path
       d="M6068 1639 c-25 -14 -22 -29 5 -29 28 0 37 -7 31 -24 -3 -7 -15 -11 -27 -9 -15 2 -28 -5 -41 -23 -18 -25 -18 -26 5 -50 20 -21 31 -24 74 -22 l50 3 3 52 c5 84 -45 135 -100 102z m42 -98 c0 -23 -16 -36 -25 -21 -9 14 1 40 15 40 5 0 10 -9 10 -19z"
       id="path50" />
    <path
       d="M6204 1643 c-8 -6 -11 -83 -5 -156 1 -5 11 -7 24 -5 19 3 22 10 25 61 3 51 6 59 28 68 14 5 24 15 22 22 -5 14 -77 21 -94 10z"
       id="path52" />
    <path
       d="M6343 1624 c-13 -14 -23 -39 -23 -55 0 -41 38 -109 61 -109 11 0 22 -7 25 -15 10 -24 34 -18 34 9 0 14 4 36 10 51 12 32 -12 46 -39 21 -23 -21 -31 -12 -31 34 0 47 7 53 36 33 13 -8 30 -13 38 -10 13 5 13 10 0 36 -13 26 -21 31 -52 31 -27 0 -43 -7 -59 -26z"
       id="path54" />
    <path
       d="M6511 1624 c-23 -30 -27 -70 -9 -108 12 -29 28 -36 82 -38 54 -2 76 23 76 88 0 63 -21 84 -86 84 -34 0 -47 -5 -63 -26z m87 -52 c4 -41 -14 -68 -34 -51 -15 12 -19 70 -7 83 16 16 38 -1 41 -32z"
       id="path56" />
    <path
       d="M2108 1258 c-30 -12 -16 -33 25 -36 20 -2 37 -7 37 -11 0 -5 -11 -25 -25 -45 -33 -49 -35 -121 -4 -129 37 -10 49 2 49 49 0 27 9 61 25 90 38 72 35 82 -31 86 -30 1 -64 0 -76 -4z"
       id="path58" />
    <path
       d="M2286 1238 c-11 -15 -16 -45 -16 -94 0 -82 15 -104 70 -104 47 0 59 22 60 108 0 59 -4 76 -20 92 -27 27 -75 26 -94 -2z m72 -92 c3 -61 1 -67 -15 -64 -13 2 -19 14 -21 47 -4 55 5 94 21 88 7 -2 13 -29 15 -71z"
       id="path60" />
    <path
       d="M2456 1244 c-18 -17 -18 -16 -20 -99 -2 -77 14 -105 60 -105 56 0 74 27 74 113 0 59 -4 77 -18 90 -23 21 -76 22 -96 1z m52 -96 c-2 -40 -7 -73 -13 -73 -5 0 -11 33 -13 73 -2 60 0 72 13 72 13 0 15 -12 13 -72z"
       id="path62" />
    <path
       d="M2702 1244 c-19 -13 -22 -24 -22 -87 0 -88 16 -117 64 -117 52 0 66 24 66 112 0 60 -4 78 -18 91 -23 21 -61 22 -90 1z m61 -66 c7 -47 -3 -98 -19 -98 -10 0 -14 17 -14 65 0 49 3 65 14 65 8 0 16 -14 19 -32z"
       id="path64" />
    <path
       d="M2861 1234 c-28 -36 -29 -138 -2 -171 26 -31 80 -31 105 -1 26 30 27 132 2 171 -25 37 -76 38 -105 1z m69 -89 c0 -60 -3 -75 -15 -75 -12 0 -15 15 -15 75 0 60 3 75 15 75 12 0 15 -15 15 -75z"
       id="path66" />
    <path
       d="M3036 1247 c-15 -11 -19 -28 -19 -95 0 -95 9 -112 63 -112 56 0 70 22 70 108 0 59 -4 76 -20 92 -23 23 -68 26 -94 7z m54 -102 c0 -48 -3 -65 -14 -65 -7 0 -16 14 -20 32 -8 43 3 98 20 98 11 0 14 -16 14 -65z"
       id="path68" />
    <path
       d="M2601 1078 c-13 -32 9 -54 38 -39 25 14 28 46 5 55 -26 10 -34 7 -43 -16z"
       id="path70" />
    <path
       d="M5586 1225 c-45 -43 -46 -64 -5 -72 31 -6 31 -7 26 -54 -5 -41 -3 -50 13 -59 40 -21 48 -4 52 98 2 53 -1 103 -6 110 -15 21 -43 13 -80 -23z"
       id="path86" />
    <path
       d="M5824 1239 c-15 -17 -18 -33 -15 -92 3 -83 18 -107 66 -107 50 0 65 25 65 108 0 59 -4 76 -20 92 -26 26 -72 26 -96 -1z m76 -95 c0 -57 -2 -65 -17 -62 -14 2 -19 15 -21 56 -3 52 11 88 29 76 5 -3 9 -34 9 -70z"
       id="path88" />
    <path
       d="M5996 1244 c-19 -18 -18 -12 -20 -94 -3 -82 12 -110 61 -110 53 0 72 30 73 111 0 56 -3 69 -23 87 -27 26 -69 29 -91 6z m60 -59 c7 -39 -6 -106 -21 -108 -6 -1 -11 29 -13 71 -2 59 0 72 12 72 9 0 18 -13 22 -35z"
       id="path90" />
    <path
       d="M6156 1238 c-11 -15 -16 -45 -16 -94 0 -81 15 -104 67 -104 46 0 65 28 69 107 4 59 1 72 -16 91 -28 30 -83 30 -104 0z m72 -100 c-2 -41 -7 -54 -20 -56 -16 -3 -18 5 -18 55 0 62 17 96 33 68 4 -8 7 -39 5 -67z"
       id="path92" />
    <path
       d="M6396 1235 c-25 -37 -22 -149 4 -175 27 -27 80 -26 104 2 26 30 27 132 2 171 -25 37 -86 39 -110 2z m72 -87 c-2 -40 -7 -73 -13 -73 -5 0 -11 33 -13 73 -2 60 0 72 13 72 13 0 15 -12 13 -72z"
       id="path94" />
    <path
       d="M6576 1247 c-23 -17 -29 -158 -8 -188 17 -25 73 -26 95 -1 25 28 24 163 -1 185 -22 20 -61 22 -86 4z m54 -104 c0 -56 -2 -64 -17 -61 -13 2 -19 15 -21 47 -4 60 4 92 23 85 11 -5 15 -23 15 -71z"
       id="path96" />
    <path
       d="M6732 1237 c-18 -19 -22 -35 -22 -88 1 -80 20 -109 75 -109 55 0 74 29 75 111 0 56 -3 69 -23 87 -31 29 -77 29 -105 -1z m66 -89 c-2 -40 -7 -73 -13 -73 -5 0 -11 33 -13 73 -2 60 0 72 13 72 13 0 15 -12 13 -72z"
       id="path98" />
    <path
       d="M5727 1094 c-15 -16 -7 -53 14 -59 27 -9 42 6 37 36 -3 24 -36 38 -51 23z"
       id="path100" />
    <path
       d="M6303 1093 c-20 -8 -15 -41 8 -54 31 -16 56 9 40 40 -12 21 -24 24 -48 14z"
       id="path102" />
    <path
       d="M2103 811 c-20 -13 -34 -31 -38 -52 -6 -27 -3 -35 20 -55 16 -13 36 -24 46 -24 24 0 33 -18 18 -36 -8 -10 -15 -12 -23 -4 -12 12 -53 13 -61 1 -9 -15 45 -51 77 -51 48 0 67 33 68 116 0 60 -4 75 -23 97 -27 32 -42 33 -84 8z m57 -77 c0 -15 -27 -26 -35 -14 -3 5 -3 21 1 36 7 26 8 26 20 9 8 -11 14 -24 14 -31z"
       id="path104" />
    <path
       d="M2265 805 c-22 -23 -25 -34 -25 -98 1 -84 19 -117 68 -117 51 0 67 30 64 118 -2 68 -6 80 -28 100 -32 28 -47 28 -79 -3z m65 -107 c0 -51 -3 -68 -14 -68 -24 0 -34 88 -15 137 16 42 29 11 29 -69z"
       id="path106" />
    <path
       d="M2436 809 c-24 -19 -26 -26 -26 -98 0 -91 15 -121 61 -121 50 0 68 32 69 121 0 66 -3 78 -23 97 -29 27 -47 28 -81 1z m50 -118 c-5 -58 -9 -66 -25 -56 -12 7 -15 127 -4 139 18 17 35 -30 29 -83z"
       id="path108" />
    <path
       d="M2678 809 c-26 -19 -28 -26 -28 -93 0 -86 22 -126 69 -126 47 0 61 26 61 117 0 70 -3 82 -23 101 -29 27 -44 27 -79 1z m62 -104 c0 -54 -15 -80 -31 -54 -14 22 -11 107 4 112 22 8 27 -3 27 -58z"
       id="path110" />
    <path
       d="M2845 807 c-24 -20 -27 -31 -30 -95 -3 -64 0 -76 20 -98 31 -34 75 -32 102 4 17 22 20 40 17 97 -2 61 -6 73 -29 92 -33 29 -47 29 -80 0z m53 -108 c-2 -41 -7 -74 -13 -74 -11 0 -20 129 -10 153 13 35 26 -9 23 -79z"
       id="path112" />
    <path
       d="M3013 811 c-21 -17 -23 -28 -23 -104 0 -69 3 -87 18 -100 23 -21 56 -22 87 -1 23 15 25 22 25 99 0 81 -1 84 -29 104 -36 26 -49 26 -78 2z m57 -98 c0 -39 -17 -76 -31 -68 -10 7 -13 108 -2 118 13 14 33 -16 33 -50z"
       id="path114" />
    <path
       d="M2570 619 c0 -27 3 -30 28 -27 21 2 28 9 30 31 3 24 0 27 -27 27 -28 0 -31 -3 -31 -31z"
       id="path116" />
    <path
       d="M3822 827 c-12 -13 -22 -35 -22 -50 0 -32 32 -67 60 -67 24 0 35 -22 25 -47 -6 -17 -7 -17 -19 0 -13 17 -56 23 -69 10 -4 -3 5 -17 19 -30 33 -31 80 -30 109 1 20 22 22 31 16 94 -7 80 -28 112 -71 112 -15 0 -36 -10 -48 -23z m68 -53 c0 -24 -5 -34 -15 -34 -15 0 -20 35 -9 64 10 25 24 8 24 -30z"
       id="path118" />
    <path
       d="M4002 833 c-17 -15 -21 -32 -23 -93 -3 -91 11 -120 57 -120 50 0 64 25 64 113 0 66 -3 79 -22 97 -27 25 -49 25 -76 3z m52 -55 c12 -20 -4 -110 -21 -115 -7 -3 -14 13 -18 41 -12 78 10 119 39 74z"
       id="path120" />
    <path
       d="M4151 824 c-29 -36 -29 -148 -2 -181 26 -31 79 -31 107 0 17 17 22 36 23 90 1 60 -2 71 -23 92 -34 34 -78 33 -105 -1z m67 -101 c-2 -38 -7 -68 -13 -68 -11 0 -19 129 -10 154 13 33 26 -17 23 -86z"
       id="path122" />
    <path
       d="M4394 823 c-23 -24 -25 -34 -20 -74 9 -63 1 -79 -33 -73 -31 6 -57 -16 -47 -41 8 -23 57 -19 63 5 3 11 11 20 19 20 7 0 18 -9 24 -20 15 -29 76 -27 101 3 27 33 27 145 -2 181 -28 36 -72 35 -105 -1z m64 -100 c-2 -39 -7 -67 -13 -66 -12 3 -19 106 -10 142 12 46 26 -2 23 -76z"
       id="path124" />
    <path
       d="M4572 830 c-19 -18 -22 -31 -22 -99 0 -89 14 -111 68 -111 48 0 60 26 55 118 -4 61 -9 81 -25 95 -27 22 -49 22 -76 -3z m63 -98 c0 -62 -6 -79 -24 -67 -12 7 -15 117 -4 129 17 17 28 -6 28 -62z"
       id="path126" />
    <path
       d="M4734 829 c-12 -14 -20 -43 -25 -91 -6 -63 -4 -72 16 -94 28 -30 77 -32 105 -4 16 16 20 33 20 93 0 64 -3 76 -23 95 -29 28 -68 28 -93 1z m54 -106 c-2 -38 -7 -68 -13 -68 -11 0 -19 129 -10 154 13 33 26 -17 23 -86z"
       id="path128" />
    <path
       d="M5587 732 c-20 -21 -37 -45 -37 -54 0 -18 23 -30 44 -22 12 5 16 -7 18 -53 3 -54 5 -58 28 -58 25 0 25 2 31 100 3 55 3 106 1 113 -8 24 -48 12 -85 -26z"
       id="path130" />
    <path
       d="M5821 751 c-16 -12 -22 -24 -17 -36 6 -17 24 -17 70 1 21 8 21 -14 1 -36 -14 -15 -14 -18 0 -30 8 -7 15 -23 15 -37 0 -21 -4 -24 -37 -21 -48 4 -55 -20 -14 -45 49 -29 101 4 101 65 0 13 -6 30 -12 36 -10 10 -10 17 0 32 41 65 -43 121 -107 71z"
       id="path132" />
    <path
       d="M5992 747 c-31 -33 -32 -142 -1 -181 26 -33 68 -34 97 -3 30 32 31 150 3 185 -25 29 -71 29 -99 -1z m62 -70 c7 -56 -6 -113 -24 -102 -5 3 -10 40 -10 81 0 56 3 74 14 74 9 0 16 -18 20 -53z"
       id="path134" />
    <path
       d="M6158 745 c-13 -17 -18 -43 -18 -97 0 -81 16 -108 65 -108 43 0 62 30 70 110 7 66 5 73 -16 96 -30 32 -78 32 -101 -1z m71 -100 c1 -50 -14 -78 -29 -55 -14 21 -12 97 2 123 l12 22 7 -25 c4 -14 7 -43 8 -65z"
       id="path136" />
    <path
       d="M6398 745 c-13 -17 -18 -43 -18 -93 0 -59 3 -72 23 -90 14 -13 36 -22 54 -22 45 0 63 34 63 115 0 85 -18 115 -69 115 -26 -1 -41 -7 -53 -25z m70 -95 c-4 -107 -22 -108 -26 -2 -2 69 0 82 13 82 13 0 15 -13 13 -80z"
       id="path138" />
    <path
       d="M6574 749 c-16 -18 -18 -33 -15 -102 4 -87 14 -106 58 -107 47 0 63 28 63 112 0 65 -3 81 -20 98 -26 26 -62 25 -86 -1z m54 -94 c3 -61 -11 -93 -28 -65 -11 17 -13 90 -4 115 13 32 29 7 32 -50z"
       id="path140" />
    <path
       d="M6732 747 c-31 -33 -32 -142 -1 -181 27 -34 77 -36 107 -3 18 19 22 35 22 93 0 61 -3 74 -23 92 -31 29 -77 29 -105 -1z m66 -94 c-2 -44 -7 -78 -13 -78 -6 0 -11 34 -13 78 -2 65 0 77 13 77 13 0 15 -12 13 -77z"
       id="path142" />
    <path
       d="M5723 584 c-8 -22 10 -49 33 -49 14 0 20 8 22 33 3 29 1 32 -23 32 -14 0 -28 -7 -32 -16z"
       id="path144" />
    <path
       d="M6305 586 c-16 -12 -17 -16 -6 -30 7 -9 22 -16 33 -16 15 0 19 6 16 27 -4 32 -17 38 -43 19z"
       id="path146" />
    <path
       d="M4442 2198 c-24 -24 -10 -67 15 -47 9 9 21 8 42 -1 17 -6 35 -9 40 -5 17 10 13 55 -4 55 -8 0 -15 -4 -15 -10 0 -16 -27 -12 -34 5 -7 18 -28 19 -44 3z"
       id="path148" />
    <path
       d="M3235 2170 c-10 -16 -14 -205 -5 -220 4 -6 18 -10 31 -8 20 2 25 10 29 43 5 37 8 40 37 43 40 4 63 34 63 83 0 28 -6 41 -25 53 -27 18 -120 22 -130 6z m101 -56 c9 -35 -2 -56 -28 -52 -27 4 -33 24 -19 61 12 32 38 27 47 -9z"
       id="path150" />
    <path
       d="M4003 2168 c-7 -8 -9 -50 -4 -118 5 -96 8 -105 26 -105 19 0 20 7 20 115 0 97 -2 115 -16 118 -9 1 -21 -3 -26 -10z"
       id="path152" />
    <path
       d="M4852 2163 c-7 -14 -9 -136 -3 -210 1 -9 20 -13 59 -13 81 0 95 17 99 117 3 67 1 79 -19 100 -28 30 -122 34 -136 6z m108 -107 c0 -59 -21 -99 -41 -79 -17 17 -23 112 -9 148 l12 30 19 -24 c13 -16 19 -39 19 -75z"
       id="path154" />
    <path
       d="M6913 2168 c-5 -7 -13 -21 -16 -30 -4 -11 -17 -18 -32 -18 -44 0 -65 -28 -65 -85 0 -68 26 -95 93 -95 59 0 62 7 62 135 0 83 -3 100 -16 103 -9 1 -20 -3 -26 -10z m-13 -93 c14 -17 8 -81 -9 -98 -19 -19 -41 13 -41 58 0 23 3 45 7 48 11 12 30 8 43 -8z"
       id="path156" />
    <path
       d="M3434 2095 c-16 -18 -21 -35 -20 -69 2 -56 32 -86 86 -86 77 0 121 100 68 156 -32 33 -104 32 -134 -1z m94 -63 c2 -42 0 -54 -14 -59 -35 -13 -62 75 -32 105 26 26 43 9 46 -46z"
       id="path158" />
    <path
       d="M3619 2118 c0 -2 -1 -49 -1 -106 -1 -119 10 -145 44 -99 11 15 29 27 41 27 12 1 32 9 45 19 18 16 22 29 22 74 0 71 -17 87 -93 87 -31 0 -57 -1 -58 -2z m99 -67 c5 -46 -5 -81 -23 -81 -29 0 -40 73 -18 113 12 20 38 0 41 -32z"
       id="path160" />
    <path
       d="M3807 2113 c-4 -3 -7 -34 -7 -67 0 -80 24 -106 98 -106 66 0 74 11 70 102 -3 70 -4 73 -28 73 -24 0 -25 -2 -22 -55 3 -62 -14 -97 -42 -87 -13 5 -16 21 -16 77 0 67 -1 70 -23 70 -13 0 -27 -3 -30 -7z"
       id="path162" />
    <path
       d="M4091 2095 c-18 -20 -20 -25 -7 -25 9 0 16 5 16 11 0 6 12 9 27 7 33 -4 44 -28 12 -28 -20 0 -69 -41 -69 -59 0 -4 13 -19 28 -34 30 -29 88 -37 110 -15 7 7 12 37 12 68 0 46 -4 61 -23 78 -31 30 -76 28 -106 -3z m67 -90 c-2 -14 -7 -26 -13 -26 -5 0 -11 12 -13 26 -2 18 1 25 13 25 12 0 15 -7 13 -25z"
       id="path164" />
    <path
       d="M4267 2102 c-24 -27 -22 -98 5 -149 13 -24 28 -45 35 -48 22 -8 43 6 43 30 0 12 7 28 15 35 23 19 7 31 -31 24 l-35 -6 3 38 c3 37 5 39 35 36 39 -4 51 13 27 39 -22 24 -75 25 -97 1z"
       id="path166" />
    <path
       d="M4434 2105 c-4 -8 -12 -15 -19 -15 -24 0 -28 -21 -6 -27 24 -6 28 -28 6 -37 -43 -16 17 -85 76 -86 48 0 59 15 59 78 0 42 -5 59 -22 78 -27 28 -85 33 -94 9z m56 -30 c0 -10 -10 -15 -30 -15 -20 0 -30 5 -30 15 0 10 10 15 30 15 20 0 30 -5 30 -15z m-2 -70 c-2 -14 -7 -26 -13 -26 -5 0 -11 12 -13 26 -2 18 1 25 13 25 12 0 15 -7 13 -25z"
       id="path168" />
    <path
       d="M4597 2102 c-11 -12 -17 -36 -17 -70 0 -65 23 -92 78 -92 56 0 82 31 82 97 0 43 -4 53 -25 67 -33 22 -98 21 -118 -2z m83 -72 c0 -43 -19 -67 -38 -48 -16 16 -15 95 1 101 21 8 37 -14 37 -53z"
       id="path170" />
    <path
       d="M5055 2092 c-51 -69 -12 -152 70 -152 31 0 47 6 63 23 12 13 19 27 15 30 -13 13 -52 7 -62 -10 -8 -14 -14 -16 -28 -7 -10 6 -18 20 -18 30 0 16 9 20 55 24 64 6 76 26 39 66 -34 36 -106 34 -134 -4z m90 -12 c8 -13 -20 -24 -41 -16 -20 8 -9 26 16 26 10 0 22 -5 25 -10z"
       id="path172" />
    <path
       d="M5251 2096 c-26 -28 -21 -66 8 -66 10 0 24 -7 31 -15 7 -8 19 -15 26 -15 8 0 14 -7 14 -15 0 -8 -7 -15 -15 -15 -9 0 -18 7 -21 15 -8 19 -54 20 -54 2 0 -44 86 -62 128 -27 30 25 27 64 -5 68 -13 2 -23 8 -23 13 0 5 -12 14 -26 19 -14 6 -22 14 -19 20 9 15 35 12 41 -5 8 -19 54 -20 54 -2 0 48 -100 64 -139 23z"
       id="path174" />
    <path
       d="M5438 2095 c-27 -36 -23 -104 6 -132 34 -32 95 -31 126 2 21 22 22 25 5 31 -10 4 -30 0 -46 -10 -34 -20 -49 -14 -49 20 0 22 4 24 43 24 24 0 52 6 63 14 18 14 18 15 -10 45 -25 26 -37 31 -75 31 -37 -1 -50 -5 -63 -25z m92 -20 c0 -9 -9 -15 -25 -15 -16 0 -25 6 -25 15 0 9 9 15 25 15 16 0 25 -6 25 -15z"
       id="path176" />
    <path
       d="M5619 2118 c-1 -2 -3 -38 -5 -80 -2 -57 1 -80 12 -89 29 -24 43 -3 46 68 3 60 5 68 23 68 18 0 21 -8 25 -70 5 -67 6 -70 30 -70 24 0 25 3 28 68 2 48 7 70 18 74 28 11 44 -17 44 -78 0 -95 46 -89 51 7 2 39 -2 57 -18 78 -20 25 -23 26 -137 26 -64 0 -117 -1 -117 -2z"
       id="path178" />
    <path
       d="M5927 2113 c-11 -10 -8 -196 3 -213 9 -13 14 -11 33 13 14 16 33 27 48 27 40 0 69 38 69 91 -1 66 -25 89 -92 89 -30 0 -58 -3 -61 -7z m94 -50 c14 -38 -1 -88 -26 -88 -17 0 -21 8 -23 49 -2 32 1 52 10 57 21 14 28 11 39 -18z"
       id="path180" />
    <path
       d="M6112 2033 c3 -86 3 -88 28 -88 24 0 25 3 30 70 5 63 7 70 28 73 12 2 22 10 22 18 0 10 -14 14 -55 14 l-56 0 3 -87z"
       id="path182" />
    <path
       d="M6262 2097 c-16 -16 -22 -36 -22 -66 0 -56 33 -91 87 -91 40 1 89 32 78 50 -9 15 -36 12 -57 -7 -17 -15 -20 -15 -35 -1 -26 27 -9 47 44 50 41 3 48 6 51 25 8 58 -101 88 -146 40z m88 -22 c0 -16 -35 -21 -44 -6 -8 12 4 21 26 21 10 0 18 -7 18 -15z"
       id="path184" />
    <path
       d="M6458 2099 c-23 -25 -25 -111 -3 -129 14 -12 14 -15 0 -30 -10 -11 -12 -20 -6 -24 5 -4 14 1 19 10 6 10 19 14 38 12 38 -4 39 -32 2 -36 -16 -2 -28 -8 -28 -13 0 -27 108 16 116 46 3 11 4 56 2 100 l-3 80 -60 2 c-48 2 -63 -2 -77 -18z m80 -18 c9 -5 12 -25 10 -57 -3 -42 -6 -49 -25 -52 -18 -3 -23 3 -29 33 -6 35 7 85 23 85 5 0 14 -4 21 -9z"
       id="path186" />
    <path
       d="M6641 2095 c-18 -20 -20 -25 -7 -25 9 0 16 5 16 10 0 6 14 10 30 10 36 0 43 -30 8 -31 -13 0 -33 -13 -45 -28 l-22 -28 30 -32 c25 -28 34 -32 71 -29 l43 3 3 62 c2 48 -1 69 -15 88 -25 34 -79 34 -112 0z m67 -90 c-2 -14 -7 -26 -13 -26 -5 0 -11 12 -13 26 -2 18 1 25 13 25 12 0 15 -7 13 -25z"
       id="path188" />
    <path
       d="M7002 2096 c-12 -14 -18 -27 -13 -30 5 -4 14 1 19 10 5 9 18 14 33 12 28 -4 29 -21 2 -28 -23 -6 -63 -41 -63 -55 0 -6 13 -24 29 -39 24 -23 36 -27 72 -24 l44 3 3 67 c2 57 0 70 -18 88 -28 28 -79 26 -108 -4z m66 -91 c-2 -14 -7 -26 -13 -26 -5 0 -11 12 -13 26 -2 18 1 25 13 25 12 0 15 -7 13 -25z"
       id="path190" />
    <path
       d="M527 1852 c-36 -38 -38 -92 -3 -92 13 0 29 -6 36 -14 6 -8 21 -16 33 -18 14 -2 23 -11 25 -26 4 -29 -23 -40 -47 -18 -19 18 -71 22 -71 6 0 -5 10 -20 23 -32 17 -18 33 -23 69 -22 59 1 89 31 85 84 -2 29 -6 36 -27 38 -14 2 -29 10 -33 18 -4 8 -17 14 -27 14 -13 0 -20 7 -20 19 0 25 21 32 45 15 44 -33 80 -7 44 32 -33 35 -96 34 -132 -4z"
       id="path192" />
    <path
       d="M727 1802 c-24 -27 -23 -123 1 -145 29 -26 94 -22 122 8 21 22 22 25 5 31 -10 4 -30 -1 -47 -11 -33 -19 -52 -10 -46 21 2 15 15 20 53 24 46 5 50 7 47 29 -1 14 -10 33 -19 43 -22 25 -94 24 -116 0z m73 -27 c0 -8 -7 -15 -15 -15 -8 0 -15 7 -15 15 0 8 7 15 15 15 8 0 15 -7 15 -15z"
       id="path194" />
    <path
       d="M897 1813 c-13 -12 -7 -51 8 -57 8 -3 15 -16 15 -30 0 -13 -7 -26 -15 -30 -8 -3 -15 -17 -15 -31 0 -21 5 -25 30 -25 27 0 30 3 30 30 0 20 5 30 15 30 10 0 15 -10 15 -31 0 -27 3 -30 28 -27 31 3 45 44 18 54 -21 8 -21 60 0 68 27 10 13 51 -18 54 -25 3 -28 0 -28 -27 0 -21 -5 -31 -15 -31 -10 0 -15 10 -15 30 0 25 -4 30 -23 30 -13 0 -27 -3 -30 -7z"
       id="path196" />
    <path
       d="M1081 1794 c-26 -34 -28 -100 -3 -130 29 -34 76 -40 117 -14 33 20 35 25 35 74 0 67 -26 96 -87 96 -33 0 -46 -6 -62 -26z m85 -51 c7 -39 -4 -68 -27 -68 -15 0 -25 65 -15 91 11 28 35 14 42 -23z"
       id="path198" />
    <path
       d="M7730 1705 c0 -14 -7 -28 -15 -31 -9 -4 -15 -19 -15 -37 0 -17 -6 -38 -14 -46 -15 -17 -19 -33 -17 -69 2 -34 53 -27 61 8 4 19 13 26 38 28 29 3 34 -1 43 -27 13 -36 33 -40 49 -11 l11 21 26 -21 c18 -14 41 -20 74 -20 39 0 51 4 68 26 27 35 28 97 2 123 -11 11 -34 21 -52 23 -26 2 -34 9 -39 28 -4 18 -13 26 -33 28 l-27 3 0 -90 c0 -50 -4 -91 -9 -91 -17 0 -41 44 -41 75 0 17 -5 36 -11 42 -7 7 -12 22 -13 35 -1 20 -7 23 -43 26 -40 3 -43 2 -43 -23z m58 -59 c5 -26 -7 -68 -18 -61 -15 9 -13 88 3 83 6 -3 14 -13 15 -22z m212 -51 c0 -32 -5 -47 -15 -51 -23 -9 -45 15 -45 51 0 38 6 45 37 45 21 0 23 -5 23 -45z"
       id="path200" />
    <path
       d="M8215 1721 c-7 -13 17 -24 40 -19 9 1 16 8 16 13 0 14 -48 19 -56 6z"
       id="path202" />
    <path
       d="M8302 1618 l3 -113 28 -3 27 -3 0 115 0 116 -30 0 -31 0 3 -112z"
       id="path204" />
    <path
       d="M8095 1671 c-6 -5 -9 -45 -7 -90 3 -70 6 -81 22 -81 31 0 41 24 34 79 -6 49 -6 51 21 61 49 19 59 7 52 -59 -7 -63 6 -89 38 -77 12 4 15 23 15 86 l0 80 -42 0 c-24 -1 -61 2 -83 5 -23 4 -44 2 -50 -4z"
       id="path206" />
    <path
       d="M377 1254 c-4 -4 -7 -53 -7 -110 0 -109 8 -126 50 -104 15 8 18 18 13 44 -5 32 10 76 26 76 15 0 28 -45 23 -83 -4 -37 -3 -38 23 -35 l28 3 1 105 1 105 -25 0 c-21 0 -26 -6 -30 -35 -4 -27 -10 -35 -25 -35 -15 0 -21 8 -25 35 -4 26 -11 36 -25 38 -12 2 -24 0 -28 -4z"
       id="path208" />
    <path
       d="M7440 1240 c-38 -38 -18 -102 34 -111 22 -5 44 -34 33 -45 -4 -4 -18 -2 -31 6 -25 13 -56 8 -56 -9 0 -21 52 -51 79 -45 46 11 55 28 56 110 2 63 -2 81 -17 96 -24 24 -73 23 -98 -2z m76 -66 c-3 -8 -10 -14 -16 -14 -17 0 -23 29 -9 46 11 14 13 14 22 -1 5 -9 6 -23 3 -31z"
       id="path210" />
    <path
       d="M7607 1237 c-8 -13 -17 -52 -19 -87 -2 -55 0 -68 18 -87 28 -31 79 -31 105 0 14 16 18 38 19 88 0 56 -3 69 -23 87 -32 30 -80 29 -100 -1z m61 -89 c-2 -40 -7 -73 -13 -73 -5 0 -11 33 -13 73 -2 60 0 72 13 72 13 0 15 -12 13 -72z"
       id="path212" />
    <path
       d="M7777 1242 c-13 -14 -17 -38 -17 -94 0 -85 14 -108 67 -108 43 0 60 25 65 101 5 63 -2 95 -26 111 -21 14 -73 8 -89 -10z m63 -97 c0 -51 -3 -65 -15 -65 -12 0 -15 14 -15 65 0 51 3 65 15 65 12 0 15 -14 15 -65z"
       id="path214" />
    <path
       d="M8016 1235 c-25 -37 -22 -149 4 -175 27 -27 77 -26 104 3 18 19 20 32 18 87 -5 83 -22 110 -72 110 -29 0 -41 -6 -54 -25z m72 -87 c-2 -40 -7 -73 -13 -73 -5 0 -11 33 -13 73 -2 60 0 72 13 72 13 0 15 -12 13 -72z"
       id="path216" />
    <path
       d="M8195 1246 c-16 -11 -19 -28 -21 -87 -2 -91 12 -119 60 -119 51 0 66 24 66 106 0 82 -17 114 -59 114 -15 0 -36 -6 -46 -14z m55 -102 c0 -57 -2 -64 -20 -64 -18 0 -20 7 -20 63 0 68 4 79 26 70 10 -4 14 -23 14 -69z"
       id="path218" />
    <path
       d="M8348 1235 c-13 -17 -18 -42 -18 -87 1 -79 21 -108 75 -108 55 0 74 29 75 111 0 56 -3 69 -23 87 -32 31 -86 29 -109 -3z m67 -88 c0 -92 -19 -91 -23 1 -2 57 0 73 10 70 9 -3 13 -26 13 -71z"
       id="path220" />
    <path
       d="M617 1212 c-26 -11 -57 -63 -57 -97 1 -50 30 -75 87 -75 83 0 117 63 73 135 -25 40 -61 53 -103 37z m59 -66 c11 -45 1 -71 -26 -71 -21 0 -26 5 -28 33 -4 45 3 62 27 62 13 0 23 -9 27 -24z"
       id="path222" />
    <path
       d="M860 1213 c-51 -3 -87 -9 -92 -16 -4 -7 -8 -45 -8 -85 l0 -73 28 3 c26 3 27 5 24 53 -3 40 1 54 16 69 20 17 21 17 32 -3 6 -12 10 -43 8 -69 -3 -45 -2 -47 24 -50 27 -3 27 -2 30 60 3 60 4 63 28 63 24 0 25 -3 28 -63 3 -62 3 -63 30 -60 25 3 27 6 30 59 3 50 0 59 -27 87 -16 18 -37 31 -48 30 -10 -1 -56 -4 -103 -5z"
       id="path224" />
    <path
       d="M1096 1198 c-21 -19 -26 -33 -28 -75 -2 -68 12 -83 72 -83 47 0 80 20 80 48 0 17 -35 15 -50 -3 -14 -17 -29 -19 -49 -6 -10 7 -11 13 -2 30 9 17 21 21 56 21 39 0 45 3 45 20 0 29 -44 70 -74 70 -14 0 -36 -10 -50 -22z"
       id="path226" />
    <path
       d="M1345 1211 l-90 -6 -3 -82 -3 -83 31 0 c30 0 30 0 30 58 0 62 14 89 37 71 8 -7 13 -34 13 -70 0 -59 0 -59 30 -59 l30 0 0 60 c0 46 4 62 16 67 24 9 35 -16 31 -70 -4 -42 -1 -50 17 -57 38 -14 46 -2 46 66 0 56 -3 66 -27 89 -15 14 -37 24 -48 23 -11 -1 -60 -4 -110 -7z"
       id="path228" />
    <path
       d="M7923 1093 c-20 -8 -15 -41 8 -54 31 -16 56 9 40 40 -12 21 -24 24 -48 14z"
       id="path230" />
    <path
       d="M442 822 c-9 -6 -14 -41 -15 -118 l-2 -109 28 -3 c29 -4 30 -2 27 67 -1 32 2 42 12 39 7 -3 14 -17 16 -33 2 -15 11 -39 19 -52 l16 -24 24 23 c18 17 23 31 21 58 -2 26 1 36 14 38 14 3 17 -7 20 -55 3 -54 5 -58 28 -58 l25 0 0 110 0 110 -38 3 c-29 3 -38 -1 -43 -15 -3 -10 -10 -27 -14 -38 -5 -11 -13 -33 -18 -50 -5 -16 -16 -31 -26 -33 -14 -3 -16 3 -11 35 9 69 -40 132 -83 105z"
       id="path232" />
    <path
       d="M902 817 c-8 -9 -11 -51 -9 -118 2 -104 2 -104 27 -104 l25 0 0 115 c0 97 -2 115 -16 118 -9 1 -21 -3 -27 -11z"
       id="path234" />
    <path
       d="M987 823 c-4 -3 -7 -58 -7 -120 l0 -114 28 3 c26 3 27 4 24 63 -3 70 8 96 35 79 14 -8 19 -27 21 -78 3 -63 4 -66 27 -66 24 0 25 2 25 68 0 59 -3 72 -23 90 -13 12 -35 22 -50 22 -20 0 -27 5 -27 20 0 24 -38 48 -53 33z"
       id="path236" />
    <path
       d="M7243 792 c-22 -14 -73 -84 -67 -93 3 -5 16 -9 29 -9 22 0 24 -4 27 -62 3 -60 4 -63 28 -63 l25 0 0 115 c0 94 -3 115 -15 117 -8 2 -20 0 -27 -5z"
       id="path238" />
    <path
       d="M7441 781 c-16 -12 -22 -24 -18 -36 6 -14 15 -15 47 -10 38 6 40 5 40 -17 0 -16 -14 -37 -41 -60 -33 -29 -40 -41 -37 -64 3 -28 5 -29 66 -32 51 -2 62 0 62 13 0 15 -10 19 -42 16 -30 -3 -28 16 7 60 42 53 46 95 12 127 -28 27 -64 28 -96 3z"
       id="path240" />
    <path
       d="M7609 774 c-21 -23 -24 -33 -21 -97 2 -57 7 -76 24 -94 29 -31 67 -29 95 4 19 21 23 38 23 93 0 55 -4 72 -23 93 -29 34 -66 35 -98 1z m61 -94 c0 -64 -3 -80 -15 -80 -12 0 -15 15 -15 73 0 41 3 77 7 80 17 18 23 0 23 -73z"
       id="path242" />
    <path
       d="M7782 777 c-19 -20 -22 -35 -22 -98 0 -66 3 -78 23 -97 56 -52 102 -12 110 96 6 70 5 75 -20 98 -33 30 -63 31 -91 1z m53 -165 c-12 -12 -25 24 -25 69 0 25 6 51 13 58 10 10 13 -1 15 -55 2 -36 0 -69 -3 -72z"
       id="path244" />
    <path
       d="M8022 777 c-18 -20 -22 -35 -22 -96 0 -62 3 -77 23 -97 30 -32 70 -31 96 2 17 21 21 41 21 94 0 53 -4 73 -21 94 -26 33 -68 34 -97 3z m68 -103 c0 -59 -3 -74 -15 -74 -12 0 -15 15 -15 73 0 41 3 77 6 80 16 16 24 -10 24 -79z"
       id="path246" />
    <path
       d="M8194 779 c-28 -31 -30 -159 -2 -194 24 -31 58 -32 86 -2 19 20 22 35 22 98 0 66 -3 78 -23 97 -29 28 -59 28 -83 1z m50 -45 c11 -30 6 -111 -8 -123 -11 -9 -15 -7 -20 11 -13 50 -5 128 14 128 4 0 11 -7 14 -16z"
       id="path248" />
    <path
       d="M8353 776 c-20 -20 -23 -35 -23 -96 0 -61 3 -76 23 -96 29 -31 64 -30 99 3 25 24 28 33 28 93 0 60 -3 69 -28 93 -35 33 -70 34 -99 3z m65 -101 c-2 -44 -8 -70 -15 -73 -10 -3 -13 16 -13 71 0 40 3 77 7 81 16 15 24 -15 21 -79z"
       id="path250" />
    <path
       d="M1400 771 l-35 -6 0 -85 0 -85 30 0 c29 0 30 1 31 50 1 28 2 57 3 65 1 9 16 21 34 28 31 12 31 13 13 27 -21 16 -21 16 -76 6z"
       id="path252" />
    <path
       d="M717 764 c-4 -4 -7 -37 -7 -74 0 -85 14 -100 94 -100 l57 0 -3 88 c-3 79 -5 87 -23 87 -18 0 -21 -8 -25 -70 -4 -62 -7 -70 -25 -70 -18 0 -21 8 -25 70 -4 52 -9 71 -20 73 -9 1 -19 0 -23 -4z"
       id="path254" />
    <path
       d="M1183 740 c-30 -38 -29 -87 2 -122 32 -37 101 -40 133 -5 12 13 19 27 15 30 -12 13 -46 7 -59 -10 -10 -14 -17 -16 -31 -7 -10 6 -18 20 -18 30 0 16 9 20 55 24 64 6 76 26 38 65 -18 19 -33 25 -68 24 -37 0 -49 -5 -67 -29z m92 -15 c0 -5 -10 -11 -22 -13 -16 -2 -23 2 -23 13 0 11 7 15 23 13 12 -2 22 -7 22 -13z"
       id="path256" />
    <path
       d="M7344 616 c-11 -29 0 -51 26 -51 21 0 25 5 25 30 0 24 -5 31 -23 33 -13 2 -24 -3 -28 -12z"
       id="path258" />
    <path
       d="M7928 623 c-34 -9 -14 -63 23 -63 20 0 30 31 17 54 -9 16 -11 17 -40 9z"
       id="path260" />
    <path
       d="M7214 373 c-14 -10 -24 -195 -12 -217 11 -20 42 -21 58 -2 6 8 10 34 8 58 l-3 43 38 3 c42 4 54 32 13 32 -37 0 -56 10 -56 31 0 17 11 23 63 31 10 2 19 8 20 13 2 12 -113 19 -129 8z"
       id="path262" />
    <path
       d="M7766 347 c-38 -35 -46 -57 -21 -57 11 0 15 -13 15 -53 0 -44 4 -58 24 -77 15 -13 32 -20 41 -16 14 5 14 9 0 42 -19 47 -19 88 0 104 11 9 13 16 5 24 -5 5 -10 20 -10 32 0 36 -15 36 -54 1z"
       id="path264" />
    <path
       d="M8223 368 c-6 -7 -10 -56 -11 -110 -1 -100 9 -127 43 -114 12 4 15 27 15 121 0 106 -1 115 -19 115 -10 0 -23 -6 -28 -12z"
       id="path266" />
    <path
       d="M8304 367 c-2 -7 -3 -58 -2 -113 l3 -99 47 -9 c62 -12 94 3 114 50 14 34 14 38 -6 59 -18 20 -19 23 -5 35 22 18 19 43 -8 68 -18 17 -36 22 -80 22 -39 0 -59 -4 -63 -13z m111 -47 c0 -20 -6 -26 -27 -28 -25 -3 -28 0 -28 28 0 28 3 31 28 28 21 -2 27 -8 27 -28z m3 -86 c3 -24 -24 -57 -42 -51 -6 2 -12 20 -14 41 -3 36 -2 37 25 34 20 -2 29 -9 31 -24z"
       id="path268" />
    <path
       d="M8532 347 c-39 -41 -44 -101 -11 -153 25 -41 47 -54 91 -54 41 0 78 42 78 90 0 28 -2 30 -40 30 -41 0 -49 -7 -29 -27 15 -15 4 -43 -16 -43 -52 0 -75 98 -32 138 27 26 40 27 57 7 14 -17 60 -20 60 -4 0 22 -45 48 -86 49 -33 0 -46 -6 -72 -33z"
       id="path270" />
    <path
       d="M8724 367 c-2 -7 -3 -60 -2 -118 l3 -104 68 -3 c65 -3 67 -2 67 22 0 26 -25 41 -53 30 -10 -3 -20 2 -27 16 -18 34 -6 50 39 50 22 0 42 4 46 9 8 14 -28 31 -52 25 -23 -6 -46 17 -37 39 4 10 21 17 47 19 67 5 49 23 -26 26 -50 2 -69 -1 -73 -11z"
       id="path272" />
    <path
       d="M7393 304 c-33 -31 -33 -111 1 -143 33 -31 92 -26 119 11 25 33 30 94 11 123 -22 34 -99 39 -131 9z m82 -64 c0 -38 -3 -45 -20 -45 -15 0 -21 8 -23 33 -4 45 4 64 25 60 14 -3 18 -13 18 -48z"
       id="path274" />
    <path
       d="M8062 317 c-6 -7 -9 -23 -5 -36 8 -32 57 -26 61 8 5 36 -34 55 -56 28z"
       id="path276" />
    <path
       d="M7560 241 c0 -58 4 -82 15 -91 27 -23 47 6 43 64 -3 58 5 76 32 76 17 0 19 -9 22 -72 3 -62 6 -73 22 -76 27 -5 36 15 36 81 0 80 -18 97 -105 97 l-65 0 0 -79z"
       id="path278" />
    <path
       d="M7878 295 c-45 -60 -1 -155 71 -155 27 0 44 7 60 24 35 37 7 62 -38 34 -23 -14 -51 -4 -51 18 0 13 9 15 53 12 51 -3 52 -2 55 25 5 45 -22 67 -82 67 -42 -1 -54 -5 -68 -25z m90 -22 c2 -8 -5 -13 -17 -13 -21 0 -35 13 -24 24 10 10 36 3 41 -11z"
       id="path280" />
    <path
       d="M8061 202 c-6 -10 -7 -29 -4 -41 4 -17 12 -21 32 -19 20 2 27 9 29 32 5 43 -38 64 -57 28z"
       id="path282" />
  </g>
  <text
     xml:space="preserve"
     style="font-style:normal;font-weight:normal;font-size:25px;line-height:125%;font-family:sans-serif;text-align:center;letter-spacing:0px;word-spacing:0px;text-anchor:middle;fill:#000000;fill-opacity:1;stroke:none;stroke-width:1px;stroke-linecap:butt;stroke-linejoin:miter;stroke-opacity:1"
     x="436.73422"
     y="132.75854"
     id="text4608"
     sodipodi:linespacing="125%"><tspan
       sodipodi:role="line"
       id="tspan4610"
       x="436.73422"
       y="132.75854"
       style="font-weight:bold">800.000</tspan></text>
</svg>
