<?xml version="1.0" encoding="UTF-8" standalone="no"?>
<svg
   xmlns:dc="http://purl.org/dc/elements/1.1/"
   xmlns:cc="http://creativecommons.org/ns#"
   xmlns:rdf="http://www.w3.org/1999/02/22-rdf-syntax-ns#"
   xmlns:svg="http://www.w3.org/2000/svg"
   xmlns="http://www.w3.org/2000/svg"
   xmlns:sodipodi="http://sodipodi.sourceforge.net/DTD/sodipodi-0.dtd"
   xmlns:inkscape="http://www.inkscape.org/namespaces/inkscape"
   version="1.0"
   width="699.000000pt"
   height="435.000000pt"
   viewBox="0 0 699.000000 435.000000"
   preserveAspectRatio="xMidYMid meet"
   id="svg3877"
   inkscape:version="0.48.4 r9939"
   sodipodi:docname="22.svg">
  <defs
     id="defs3895" />
  <sodipodi:namedview
     pagecolor="#ffffff"
     bordercolor="#666666"
     borderopacity="1"
     objecttolerance="10"
     gridtolerance="10"
     guidetolerance="10"
     inkscape:pageopacity="0"
     inkscape:pageshadow="2"
     inkscape:window-width="1600"
     inkscape:window-height="824"
     id="namedview3893"
     showgrid="false"
     inkscape:zoom="0.43402299"
     inkscape:cx="436.875"
     inkscape:cy="271.875"
     inkscape:window-x="0"
     inkscape:window-y="24"
     inkscape:window-maximized="1"
     inkscape:current-layer="g3881" />
  <metadata
     id="metadata3879">
Created by potrace 1.10, written by Peter Selinger 2001-2011
<rdf:RDF>
  <cc:Work
     rdf:about="">
    <dc:format>image/svg+xml</dc:format>
    <dc:type
       rdf:resource="http://purl.org/dc/dcmitype/StillImage" />
  </cc:Work>
</rdf:RDF>
</metadata>
  <g
     transform="translate(0.000000,435.000000) scale(0.100000,-0.100000)"
     fill="#000000"
     stroke="none"
     id="g3881">
    <path
       d="M2047 4143 c-12 -15 -145 -149 -295 -298 -151 -148 -368 -364 -483 -478 l-209 -209 0 -1152 0 -1153 22 -29 c12 -16 31 -36 42 -44 10 -8 41 -37 67 -65 27 -27 53 -54 59 -60 6 -5 21 -20 33 -33 12 -12 32 -32 45 -45 12 -12 99 -97 193 -189 93 -93 175 -168 182 -168 7 0 23 -18 36 -39 13 -22 34 -44 47 -50 13 -6 24 -15 24 -19 0 -17 48 -61 73 -67 15 -4 42 1 70 14 25 12 50 21 54 21 4 0 23 14 42 30 18 17 44 30 56 30 26 0 145 58 145 70 0 5 16 12 35 16 19 3 38 10 41 15 3 5 13 9 23 9 10 0 24 7 31 15 7 8 32 25 56 37 24 12 44 25 44 29 0 5 17 11 37 15 21 4 51 15 68 26 16 10 42 23 58 29 15 6 27 15 27 20 0 4 16 11 35 15 19 3 38 10 41 15 3 5 13 9 23 9 10 0 24 7 31 15 7 8 32 25 56 37 24 12 44 25 44 29 0 5 17 11 38 15 32 6 76 27 92 44 5 5 26 15 130 64 56 27 148 80 162 94 6 6 19 12 29 12 15 0 121 52 146 72 7 6 654 9 1681 8 1411 0 1671 2 1681 14 8 10 11 306 9 1155 -3 1002 -5 1143 -18 1151 -9 6 -643 10 -1695 10 -1860 -1 -1707 -6 -1774 65 -19 20 -64 56 -100 80 -36 25 -79 56 -95 70 -16 14 -36 25 -45 25 -9 0 -25 13 -35 29 -18 26 -61 58 -224 167 -34 23 -71 53 -83 67 -11 15 -37 34 -57 44 -20 9 -54 30 -74 47 -20 17 -63 49 -94 71 -32 22 -74 54 -94 71 -19 17 -45 34 -57 38 -12 4 -31 18 -42 32 -10 13 -40 33 -65 44 -24 11 -53 30 -63 43 -10 12 -39 39 -65 60 -59 47 -107 51 -141 10z m115 -58 c25 -25 50 -45 56 -45 36 0 1 -63 -49 -90 -25 -14 -82 7 -116 42 l-32 33 30 45 c28 42 46 59 60 60 4 0 27 -20 51 -45z m-69 -175 c8 0 20 -7 27 -15 16 -19 60 -20 60 -1 0 7 12 22 28 31 15 10 38 31 51 47 l24 29 26 -24 c14 -14 50 -41 78 -60 29 -18 62 -46 73 -60 12 -15 40 -35 63 -45 23 -10 48 -26 56 -35 7 -10 46 -38 85 -64 39 -26 76 -52 82 -58 46 -42 74 -64 92 -70 12 -3 30 -17 41 -31 10 -13 37 -32 60 -42 22 -10 51 -30 63 -43 30 -31 118 -99 130 -99 5 0 20 -13 34 -29 13 -16 43 -36 66 -46 23 -9 60 -34 82 -56 23 -21 46 -39 53 -39 7 0 13 -6 13 -12 0 -10 -228 -13 -1110 -11 -610 1 -1109 6 -1108 10 1 4 13 17 27 28 14 11 32 28 40 39 8 10 23 26 34 35 11 9 86 81 168 161 81 80 165 161 186 181 21 20 47 47 59 60 12 13 32 34 45 46 21 19 45 42 94 93 8 8 36 36 62 62 27 26 61 61 77 78 l29 30 48 -45 c27 -25 55 -45 62 -45z m2362 -780 l900 0 -2 -1115 -3 -1115 -920 -3 -920 -2 -2 1115 c-2 613 -1 1119 1 1123 2 5 13 6 25 3 11 -3 426 -6 921 -6z m-995 -17 c0 -17 0 -2211 0 -2220 0 -10 -2350 -10 -2350 0 0 9 0 2203 0 2220 0 9 242 12 1175 12 933 0 1175 -3 1175 -12z m3363 -1098 l-3 -1115 -710 -1 -710 0 -3 1116 -2 1115 715 0 715 0 -2 -1115z m-3463 -1195 c0 -6 -6 -12 -12 -14 -78 -20 -161 -56 -178 -77 -4 -5 -53 -28 -130 -63 -14 -6 -43 -23 -65 -37 -22 -15 -55 -30 -72 -34 -18 -3 -35 -11 -38 -16 -4 -5 -13 -9 -22 -9 -8 0 -32 -13 -52 -28 -20 -15 -58 -38 -86 -50 -27 -13 -58 -27 -67 -33 -10 -5 -22 -9 -27 -9 -6 0 -29 -13 -53 -29 -24 -16 -58 -32 -75 -36 -18 -3 -35 -11 -38 -16 -4 -5 -13 -9 -22 -9 -8 0 -32 -13 -52 -28 -34 -27 -160 -92 -176 -92 -5 0 -33 -17 -63 -37 l-54 -38 -17 24 c-24 35 -64 72 -85 81 -11 4 -36 2 -55 -5 -68 -22 -101 -37 -101 -45 0 -4 -7 -11 -16 -14 -14 -6 -52 24 -112 89 -12 13 -90 90 -117 116 -34 33 -64 63 -88 88 -12 13 -37 37 -55 55 -104 97 -202 197 -202 206 0 6 -20 20 -45 32 -25 12 -45 26 -45 30 0 4 500 8 1110 8 756 0 1110 -3 1110 -10z m-1362 -626 c29 -29 33 -37 21 -45 -8 -5 -21 -9 -30 -9 -8 0 -26 -11 -39 -25 -13 -14 -30 -25 -39 -25 -16 0 -81 58 -81 72 0 12 93 68 114 68 10 0 34 -16 54 -36z"
       id="path3887" />
    <path
       d="M2113 4043 c-20 -8 -15 -31 8 -38 25 -8 43 13 27 32 -11 14 -15 14 -35 6z"
       id="path3889" />
    <path
       d="M1913 164 c-7 -19 2 -28 22 -21 19 8 19 23 0 31 -9 3 -18 -1 -22 -10z"
       id="path3891" />
  </g>
</svg>
