<?xml version="1.0" encoding="UTF-8" standalone="no"?>
<svg
   xmlns:dc="http://purl.org/dc/elements/1.1/"
   xmlns:cc="http://creativecommons.org/ns#"
   xmlns:rdf="http://www.w3.org/1999/02/22-rdf-syntax-ns#"
   xmlns:svg="http://www.w3.org/2000/svg"
   xmlns="http://www.w3.org/2000/svg"
   xmlns:sodipodi="http://sodipodi.sourceforge.net/DTD/sodipodi-0.dtd"
   xmlns:inkscape="http://www.inkscape.org/namespaces/inkscape"
   version="1.0"
   width="861.000000pt"
   height="516.000000pt"
   viewBox="0 0 861.000000 516.000000"
   preserveAspectRatio="xMidYMid meet"
   id="svg6323"
   inkscape:version="0.48.4 r9939"
   sodipodi:docname="11.svg">
  <defs
     id="defs6657" />
  <sodipodi:namedview
     pagecolor="#ffffff"
     bordercolor="#666666"
     borderopacity="1"
     objecttolerance="10"
     gridtolerance="10"
     guidetolerance="10"
     inkscape:pageopacity="0"
     inkscape:pageshadow="2"
     inkscape:window-width="1600"
     inkscape:window-height="824"
     id="namedview6655"
     showgrid="false"
     inkscape:zoom="0.51744868"
     inkscape:cx="535.359"
     inkscape:cy="619.16213"
     inkscape:window-x="0"
     inkscape:window-y="24"
     inkscape:window-maximized="1"
     inkscape:current-layer="svg6323" />
  <metadata
     id="metadata6325">
Created by potrace 1.10, written by Peter Selinger 2001-2011
<rdf:RDF>
  <cc:Work
     rdf:about="">
    <dc:format>image/svg+xml</dc:format>
    <dc:type
       rdf:resource="http://purl.org/dc/dcmitype/StillImage" />
  </cc:Work>
</rdf:RDF>
</metadata>
  <g
     transform="translate(0.000000,516.000000) scale(0.100000,-0.100000)"
     fill="#000000"
     stroke="none"
     id="g6327">
    <path
       d="M8483 5153 c4 -3 2 -12 -4 -20 -10 -11 -337 -13 -1962 -13 -1623 0 -1953 -2 -1964 -13 -12 -11 -14 -407 -13 -2373 0 -2337 0 -2359 20 -2378 19 -20 40 -20 1985 -21 l1965 0 0 2381 c0 1310 -3 2396 -6 2413 -4 17 -11 31 -17 31 -6 0 -7 -3 -4 -7z m-788 -119 c66 -1 248 -3 405 -4 157 -1 293 -4 303 -7 14 -3 17 -13 15 -36 -3 -28 -7 -33 -38 -37 -44 -6 -48 -34 -5 -38 16 -2 33 -9 37 -15 11 -17 10 -275 -1 -282 -15 -9 -51 45 -51 76 0 35 -12 42 -44 28 -19 -9 -32 -9 -56 1 -23 9 -34 10 -39 2 -8 -14 -6 -186 3 -201 10 -15 148 -15 164 1 20 20 34 -5 30 -53 l-3 -43 -55 1 c-30 1 -86 6 -125 13 -142 24 -177 24 -192 4 -7 -10 -13 -36 -13 -58 0 -23 -4 -48 -10 -56 -7 -12 -12 -12 -28 4 -17 14 -20 31 -20 92 -1 42 -5 81 -10 87 -5 7 -12 30 -15 52 -6 37 -39 110 -85 189 -9 17 -48 63 -87 103 -69 73 -101 91 -213 124 -21 7 -36 19 -42 35 -14 36 -13 37 23 28 17 -5 86 -9 152 -10z m-2440 -5 c11 -17 -23 -46 -60 -52 -67 -11 -152 -75 -241 -181 -81 -97 -96 -121 -127 -196 -34 -82 -67 -201 -67 -240 0 -11 -7 -20 -15 -20 -8 0 -15 6 -15 14 0 7 -8 24 -19 37 -19 24 -19 83 0 95 15 9 10 44 -6 51 -9 3 -22 -2 -29 -12 -8 -11 -20 -16 -29 -12 -14 5 -16 35 -14 246 1 149 6 244 12 250 7 7 109 12 268 14 141 2 260 7 264 10 10 11 71 8 78 -4z m1835 -3 c276 -5 345 -12 385 -41 33 -23 127 -70 162 -80 31 -8 169 -158 177 -192 4 -15 18 -37 32 -50 13 -12 24 -31 24 -42 0 -19 14 -58 46 -126 9 -18 16 -68 17 -120 l2 -90 45 -5 45 -5 -1 -222 c-1 -173 -5 -227 -15 -240 -12 -13 -14 -144 -16 -742 -2 -515 -6 -734 -14 -754 -8 -18 -8 -31 -1 -40 13 -16 26 -177 23 -290 -2 -48 2 -93 7 -100 5 -7 8 -34 5 -62 -13 -158 -14 -239 -3 -266 10 -22 10 -32 1 -43 -7 -8 -8 -17 -3 -20 5 -3 10 -97 11 -208 1 -112 4 -218 7 -235 4 -18 3 -45 0 -59 l-7 -26 -99 7 c-85 6 -103 5 -129 -11 -30 -18 -31 -18 -58 2 -17 13 -31 37 -39 66 -6 25 -14 51 -18 57 -13 21 -47 11 -64 -19 -18 -32 -46 -40 -56 -15 -10 27 6 174 20 186 21 17 17 35 -12 54 -42 27 -47 10 -45 -140 1 -74 -1 -140 -4 -146 -5 -7 -14 -4 -27 8 -20 18 -20 17 -17 -21 4 -36 2 -40 -26 -48 -25 -7 -33 -4 -52 17 -22 25 -38 92 -31 136 2 19 9 24 33 24 l30 0 1 80 c1 46 -5 94 -12 114 -8 18 -14 52 -14 75 0 37 -22 96 -48 129 -5 7 -12 31 -15 55 -7 58 11 76 71 69 46 -5 57 -1 170 57 56 29 182 135 182 153 0 7 7 16 15 19 8 4 15 17 15 30 0 14 7 27 15 30 11 5 15 22 15 65 0 44 4 61 15 65 30 12 15 48 -38 93 -28 24 -62 48 -74 54 -12 5 -27 22 -33 37 -6 15 -24 37 -39 48 -17 12 -31 34 -35 54 -4 18 -17 41 -31 50 -23 17 -24 17 -30 -2 -9 -28 -39 -25 -59 5 -10 14 -29 31 -44 37 -15 7 -34 17 -42 24 -8 6 -51 14 -95 17 -44 3 -94 11 -111 17 -25 9 -38 7 -75 -10 -24 -11 -56 -30 -70 -41 -21 -17 -30 -19 -47 -10 -32 17 -87 13 -115 -9 -14 -11 -31 -20 -37 -20 -7 0 -42 -11 -79 -24 -43 -15 -73 -21 -86 -15 -11 4 -41 8 -67 8 -44 1 -48 -1 -48 -23 0 -27 33 -56 64 -56 11 0 47 -13 81 -29 33 -17 87 -35 120 -42 88 -18 147 -71 127 -113 -5 -11 -14 -33 -21 -48 -6 -17 -18 -28 -30 -28 -22 0 -61 -49 -61 -77 0 -25 -9 -35 -60 -70 -81 -56 -113 -96 -113 -144 0 -34 6 -47 27 -66 33 -28 50 -29 83 -3 14 11 29 20 33 20 5 0 35 -22 67 -48 80 -67 86 -68 159 -32 52 26 66 30 84 20 12 -6 20 -17 17 -23 -2 -7 -36 -34 -75 -61 l-72 -48 0 -53 c0 -37 -6 -60 -20 -78 -11 -14 -20 -35 -20 -46 0 -12 -4 -21 -10 -21 -5 0 -10 -10 -10 -23 0 -12 -6 -31 -13 -42 -18 -28 -39 -103 -32 -115 3 -6 24 -10 45 -10 72 0 86 -40 45 -128 -25 -54 -50 -67 -74 -38 -6 7 -39 17 -74 21 -90 11 -447 14 -453 4 -3 -5 -27 -9 -54 -9 -41 0 -52 4 -69 26 -23 30 -27 64 -9 82 7 7 35 12 62 12 69 0 120 26 124 63 2 16 -1 34 -7 41 -6 7 -23 35 -37 62 -14 27 -32 53 -40 57 -8 4 -14 14 -14 21 0 6 -15 27 -34 45 -20 19 -37 48 -41 68 -4 23 -13 37 -31 43 -27 11 -28 14 -14 41 7 13 21 19 44 19 28 0 42 9 85 56 59 64 66 104 29 155 -19 26 -27 29 -54 24 -23 -4 -33 -1 -38 10 -7 20 16 29 50 21 53 -14 71 33 29 78 -19 20 -25 38 -25 70 0 27 -6 48 -15 56 -8 7 -15 20 -15 30 0 10 7 23 15 30 8 7 15 19 15 26 0 9 11 14 28 14 48 0 68 32 63 104 -1 33 -8 67 -14 75 -14 16 -33 49 -46 79 -6 12 -21 27 -34 33 -12 6 -27 20 -32 32 -9 19 -19 22 -73 25 -40 2 -69 -2 -78 -9 -12 -10 -18 -9 -31 4 -14 14 -14 19 0 55 20 50 8 58 -57 36 -52 -18 -86 -63 -86 -113 0 -42 -21 -40 -54 4 -15 19 -33 35 -41 35 -8 0 -18 6 -22 14 -4 7 -27 17 -50 21 -47 7 -46 8 -43 -57 2 -45 -13 -49 -42 -12 -28 35 -50 27 -68 -26 -15 -42 -18 -45 -47 -42 -22 2 -38 -3 -52 -17 -12 -12 -32 -21 -46 -21 -17 0 -29 -9 -39 -28 -8 -15 -23 -36 -35 -46 -20 -18 -21 -18 -31 8 -5 15 -10 35 -10 45 0 20 -27 48 -36 38 -4 -3 -2 -19 4 -36 8 -22 7 -34 -3 -48 -14 -18 -10 -59 6 -77 15 -17 10 -37 -21 -76 -16 -21 -30 -49 -30 -62 0 -14 -13 -37 -30 -54 -32 -32 -38 -59 -15 -68 15 -6 21 -47 8 -60 -4 -4 -9 -22 -10 -39 -1 -18 -5 -48 -8 -68 -5 -26 -3 -39 9 -48 9 -8 16 -21 16 -31 0 -20 22 -41 68 -64 41 -21 59 -61 37 -82 -20 -20 -20 -84 0 -84 16 0 30 42 21 65 -3 10 2 19 17 26 18 8 35 3 92 -26 58 -31 76 -36 109 -31 27 5 44 2 55 -8 9 -8 31 -16 50 -18 49 -4 49 -24 -1 -48 -42 -20 -111 -95 -153 -167 -19 -32 -19 -33 3 -62 18 -25 21 -38 16 -75 -8 -54 6 -65 64 -48 20 6 55 7 77 4 51 -9 60 -41 20 -78 -29 -27 -76 -30 -253 -18 l-92 7 0 123 c0 129 -4 154 -25 154 -26 0 -42 -185 -21 -247 10 -31 -1 -48 -21 -32 -12 10 -19 10 -36 0 -12 -8 -22 -10 -24 -4 -2 5 -39 8 -88 5 -83 -4 -85 -4 -94 20 -9 25 -3 68 17 119 11 29 9 760 -3 779 -4 6 -2 16 3 23 6 7 9 65 8 132 -1 91 -5 126 -17 143 -12 16 -15 37 -11 72 4 39 1 55 -13 70 -17 19 -17 21 0 41 16 17 17 24 7 51 -8 22 -8 34 -1 38 6 4 9 37 7 81 -3 68 -5 74 -25 77 -29 4 -46 -36 -37 -85 4 -20 8 -110 10 -202 1 -91 4 -195 7 -231 2 -36 0 -72 -5 -81 -5 -11 -2 -21 7 -29 11 -9 12 -17 5 -31 -8 -14 -5 -23 12 -38 21 -20 21 -21 3 -41 -16 -17 -17 -31 -12 -103 4 -46 4 -87 0 -90 -3 -4 -21 2 -38 13 -32 20 -33 20 -56 1 -21 -17 -22 -22 -11 -40 6 -11 12 -29 12 -38 -1 -14 -5 -12 -21 9 -11 15 -40 37 -65 47 l-44 20 0 114 c0 92 -3 116 -15 121 -28 10 -36 -29 -30 -137 4 -56 13 -119 21 -140 8 -20 14 -49 14 -64 0 -28 35 -109 51 -119 12 -7 12 -51 0 -59 -6 -3 -31 0 -56 6 -35 9 -52 9 -71 0 -30 -13 -23 -31 13 -31 29 0 63 -25 63 -47 0 -16 66 -18 76 -2 4 7 24 9 55 5 45 -6 49 -5 49 14 0 13 -12 28 -30 38 -20 11 -30 24 -28 37 4 25 31 31 51 11 9 -9 27 -20 41 -26 24 -9 26 -14 26 -70 0 -73 -19 -115 -56 -124 -15 -4 -39 -16 -52 -27 -14 -10 -35 -19 -47 -19 -27 0 -43 -43 -25 -65 17 -20 116 31 132 67 7 15 19 30 26 33 17 6 28 -23 13 -38 -6 -6 -11 -37 -11 -68 0 -81 -5 -89 -54 -89 -98 0 -101 -60 -4 -71 52 -6 108 -32 108 -50 0 -12 -86 -91 -116 -107 -13 -7 -30 -27 -38 -45 -7 -18 -44 -62 -82 -99 l-69 -68 -81 0 c-55 0 -85 4 -92 13 -6 7 -10 41 -9 76 2 77 13 86 90 72 61 -11 142 -4 157 14 6 7 7 20 4 29 -6 15 -20 17 -114 13 -59 -3 -113 -1 -120 3 -8 5 -14 32 -16 69 -5 84 11 93 160 101 110 5 111 5 111 30 0 25 -1 25 -90 27 -49 1 -105 -2 -124 -7 -46 -12 -61 2 -61 56 0 41 18 74 42 74 5 0 7 12 4 27 -7 29 5 39 74 58 28 9 80 43 80 53 0 4 -4 14 -10 22 -7 11 -13 12 -32 2 -22 -11 -87 -17 -136 -14 -21 2 -23 6 -20 45 3 40 5 42 38 45 19 1 42 5 50 8 13 5 13 7 -1 17 -28 21 -33 54 -9 67 15 8 20 21 20 53 0 23 7 53 16 65 17 24 16 93 -1 99 -6 2 -19 -22 -30 -54 -21 -58 -42 -80 -67 -70 -13 5 -15 33 -11 199 7 295 9 362 13 373 2 6 -2 22 -8 37 -12 28 -18 1282 -6 1312 8 22 34 20 35 -1 0 -10 1 -61 2 -113 l2 -95 28 -3 c31 -4 36 15 13 51 -7 12 -16 52 -19 90 -6 60 -4 67 11 67 10 0 27 -7 38 -15 10 -8 27 -15 37 -15 23 0 94 45 109 70 14 23 43 26 55 8 4 -7 34 -30 66 -52 31 -21 57 -40 57 -42 0 -3 -5 -13 -12 -24 -19 -30 1 -75 32 -75 23 0 25 3 22 38 -4 46 17 57 62 34 17 -8 52 -18 79 -22 26 -3 47 -10 47 -15 0 -5 12 -10 28 -12 l27 -3 3 -137 c2 -129 4 -138 24 -149 35 -19 47 10 46 110 0 68 -4 91 -19 109 -36 46 16 81 74 51 14 -8 129 -13 350 -15 181 -2 332 -5 335 -8 2 -3 0 -11 -6 -18 -6 -7 -10 -38 -10 -69 0 -30 -5 -66 -12 -78 -10 -19 -9 -30 5 -62 l18 -38 -43 -88 c-52 -108 -67 -142 -75 -169 -3 -12 -17 -34 -30 -48 -32 -35 -42 -74 -22 -82 20 -7 57 13 57 31 0 8 8 20 19 27 10 7 21 23 25 36 4 12 25 32 47 45 27 15 37 27 33 37 -11 25 -5 57 15 92 45 75 101 192 101 209 0 11 7 22 15 25 8 4 15 16 15 29 0 12 7 28 16 36 8 7 24 30 35 51 25 49 64 68 143 70 66 2 92 -6 66 -22 -22 -13 -26 -258 -5 -266 28 -11 47 16 42 60 -2 25 2 55 11 75 13 28 13 38 3 65 -30 71 -29 72 94 66 201 -9 565 -4 578 9 6 6 32 11 58 11 27 0 54 6 61 14 8 7 25 17 38 21 14 4 27 10 30 14 11 14 70 51 81 51 9 0 10 -25 7 -90 -3 -50 -2 -93 3 -96 5 -3 19 -2 30 1 21 7 21 11 15 117 l-7 110 88 88 c100 99 167 190 176 238 4 18 14 40 22 48 8 9 15 30 15 48 0 17 5 37 11 43 16 16 7 98 -11 98 -9 0 -16 -11 -18 -27 -2 -14 -10 -32 -18 -38 -8 -7 -14 -22 -14 -34 -1 -11 -7 -32 -15 -46 -8 -14 -14 -34 -15 -45 0 -38 -101 -172 -232 -311 -55 -58 -94 -90 -128 -105 -19 -9 -48 -22 -65 -30 -65 -29 -437 -54 -550 -37 -22 3 -134 9 -250 13 l-210 8 -25 -24 c-34 -33 -61 -75 -85 -133 -21 -49 -48 -77 -62 -63 -4 4 -2 17 5 27 19 30 14 101 -8 130 -18 24 -22 25 -197 32 -98 4 -245 9 -328 11 -183 5 -337 17 -350 27 -5 5 -31 11 -58 15 -26 4 -49 11 -52 15 -3 5 -23 11 -44 15 -55 9 -157 62 -222 115 -60 49 -119 120 -119 144 0 8 -6 21 -14 28 -7 8 -16 41 -21 73 -4 33 -11 65 -17 72 -5 6 -11 105 -14 219 -3 169 -1 212 11 236 8 17 18 52 21 79 4 27 13 54 20 60 8 6 14 21 14 33 0 11 7 30 15 40 8 11 15 28 15 38 0 10 5 18 10 18 6 0 15 10 20 23 15 33 28 51 100 129 83 90 173 158 211 158 18 0 32 7 39 20 8 15 21 20 50 20 22 0 40 5 40 10 0 6 11 15 24 19 13 5 331 13 707 16 376 4 685 8 686 8 1 1 21 1 45 0 23 -2 144 -5 268 -7z m1240 -434 c0 -26 -4 -33 -17 -30 -10 2 -22 16 -28 32 -8 23 -6 30 10 42 24 18 35 4 35 -44z m-3662 -164 c30 -30 -1 -94 -33 -68 -25 20 -13 80 15 80 3 0 11 -5 18 -12z m3605 -44 c71 -1 133 -6 138 -11 5 -5 8 -596 7 -1519 l-3 -1509 -68 0 c-37 0 -67 -3 -67 -7 0 -5 0 -11 0 -15 0 -5 30 -10 67 -13 61 -4 68 -7 71 -28 2 -12 -6 -34 -17 -49 l-21 -26 20 -14 c14 -10 20 -24 18 -41 -3 -25 -7 -27 -54 -30 -40 -2 -54 1 -69 18 -28 31 -55 26 -55 -9 0 -16 -6 -31 -15 -35 -17 -6 -19 -15 -5 -36 8 -12 13 -11 33 8 28 27 77 28 127 4 37 -18 48 -49 35 -99 l-6 -25 -151 5 c-144 5 -153 7 -170 29 -16 21 -18 58 -19 478 -2 678 -2 675 -17 693 -18 22 -18 1423 0 1444 7 9 13 112 16 311 3 221 8 304 18 323 10 20 11 36 4 60 -6 19 -10 44 -10 56 0 30 28 56 49 46 9 -4 74 -8 144 -9z m-3534 -109 c24 -24 18 -75 -12 -97 -29 -21 -36 -48 -13 -48 24 0 28 -16 36 -152 4 -71 13 -135 19 -141 6 -6 11 -26 11 -43 0 -35 33 -105 75 -160 31 -40 31 -42 2 -68 -52 -47 -53 -48 -95 -36 -44 11 -102 68 -102 99 0 10 -7 32 -15 47 -12 24 -15 82 -15 325 0 202 3 298 11 306 12 12 72 -8 98 -32z m1361 -1832 c0 -28 -21 -53 -44 -53 -41 0 -49 50 -14 88 l23 23 17 -21 c10 -12 18 -29 18 -37z m-187 -37 c31 -29 57 -58 57 -62 0 -5 -7 -20 -16 -32 -15 -21 -15 -25 0 -41 10 -11 16 -36 16 -68 0 -47 -2 -52 -30 -63 -25 -11 -34 -10 -56 5 -26 17 -26 18 -20 102 7 82 6 85 -24 135 -57 92 -14 107 73 24z m1414 6 c55 -9 109 -43 145 -93 21 -28 48 -39 48 -19 0 34 79 -38 94 -87 4 -13 18 -24 36 -28 16 -3 47 -26 69 -50 46 -50 51 -78 27 -161 -8 -27 -14 -58 -13 -68 1 -13 -6 -22 -20 -25 -11 -3 -48 -31 -80 -62 -93 -87 -130 -101 -270 -101 -111 0 -194 -11 -288 -38 -86 -25 -95 -24 -128 7 -39 36 -92 67 -132 77 -31 8 -55 23 -55 35 0 10 83 67 109 76 11 3 21 11 21 16 0 5 10 9 21 9 26 0 69 43 69 69 0 29 13 33 31 9 l18 -23 25 24 c35 33 33 49 -6 53 l-33 3 0 70 0 70 44 3 c23 2 55 -1 70 -6 31 -11 71 1 71 22 0 8 -16 24 -35 36 -29 18 -47 21 -104 19 -55 -3 -73 0 -88 14 -14 12 -37 17 -79 17 -58 0 -111 21 -99 40 5 9 58 20 117 24 19 2 45 10 58 19 14 9 44 19 66 23 23 3 55 15 70 26 24 16 41 18 99 14 39 -3 93 -9 122 -14z m-1087 -103 c32 -21 21 -49 -21 -49 -23 0 -30 -4 -25 -15 3 -9 -3 -19 -16 -26 -16 -9 -26 -7 -47 8 -33 25 -38 56 -12 82 24 24 85 24 121 0z m-510 -54 c0 -12 4 -25 9 -30 5 -6 11 -21 13 -35 2 -20 8 -24 26 -22 20 3 22 0 16 -22 -6 -26 10 -38 19 -13 2 7 8 8 13 3 5 -5 4 -11 -3 -13 -21 -7 -15 -23 22 -64 19 -22 35 -46 35 -54 0 -18 36 -39 45 -25 16 25 22 6 9 -26 -14 -34 -14 -36 6 -41 18 -5 21 -11 16 -34 -3 -17 0 -32 9 -39 16 -13 89 -143 99 -177 6 -19 2 -25 -18 -33 -22 -8 -25 -15 -24 -52 0 -29 -7 -55 -23 -80 -32 -49 -78 -53 -120 -8 l-29 30 0 -30 c0 -23 -4 -30 -20 -30 -16 0 -20 7 -20 31 0 35 -41 82 -63 73 -7 -2 -25 9 -41 25 -18 18 -34 27 -46 24 -11 -3 -35 4 -53 16 -19 12 -46 21 -61 21 -37 0 -106 56 -106 87 0 13 -8 31 -18 41 -27 27 -32 47 -18 68 7 11 16 44 19 75 3 31 15 75 26 97 14 28 19 50 15 71 -6 27 -4 31 15 31 11 0 21 4 21 10 0 13 132 140 146 140 7 0 22 9 35 20 22 17 25 18 37 3 6 -9 12 -26 12 -38z m610 -10 c0 -26 -14 -33 -25 -15 -9 14 1 40 15 40 5 0 10 -11 10 -25z m-23 -131 c3 -9 -3 -21 -17 -31 -13 -9 -30 -24 -39 -35 -8 -10 -25 -18 -37 -18 -33 0 -49 -26 -38 -58 8 -22 16 -27 43 -27 25 -1 41 -9 67 -38 19 -20 34 -40 34 -44 -1 -5 -22 -18 -48 -30 -35 -16 -53 -33 -66 -59 -15 -33 -16 -39 -2 -53 14 -13 22 -13 65 -2 58 15 71 10 71 -26 0 -64 -209 -182 -227 -127 -2 6 8 25 22 42 23 28 26 37 20 79 -4 26 -11 63 -17 80 -11 36 -82 138 -135 193 -18 19 -33 40 -33 46 0 14 75 79 92 79 21 0 22 -47 2 -62 -25 -18 -8 -77 25 -81 21 -3 23 -1 17 20 -18 57 -18 68 5 100 42 60 57 68 126 68 48 0 65 -4 70 -16z m953 -514 c0 -21 -34 -45 -50 -35 -16 10 -12 33 8 44 27 16 42 13 42 -9z m-2267 -36 c53 20 62 20 81 0 35 -34 10 -68 -58 -77 -25 -4 -57 -2 -71 3 -29 11 -51 51 -41 76 6 16 8 16 26 -1 19 -17 22 -17 63 -1z m2186 -47 c6 -8 8 -17 4 -20 -10 -11 -51 -8 -58 3 -17 27 33 42 54 17z m-2511 -29 c-3 -25 -34 -36 -51 -19 -14 14 9 41 35 41 14 0 19 -6 16 -22z m1458 -5 c35 -38 28 -58 -21 -57 -22 1 -41 7 -43 13 -2 6 -10 11 -18 11 -20 0 -29 27 -14 45 20 24 68 18 96 -12z m1145 -14 c22 -16 29 -28 29 -55 0 -22 6 -37 15 -40 17 -7 20 -46 5 -75 -10 -17 -22 -19 -116 -19 -88 0 -106 3 -111 16 -3 9 0 26 8 38 7 11 24 41 36 66 47 90 81 107 134 69z m-1366 -57 c-9 -9 -35 8 -35 24 0 16 2 16 20 -1 11 -10 18 -20 15 -23z m1193 -8 c2 -12 -3 -28 -10 -35 -15 -15 -48 -111 -48 -139 0 -9 9 -25 19 -34 34 -31 15 -49 -42 -42 -57 6 -76 18 -60 38 6 7 13 30 17 51 4 20 11 37 16 37 6 0 10 8 10 18 0 10 7 27 15 38 8 10 15 27 15 37 1 53 61 80 68 31z m-1108 -44 c0 -27 -4 -50 -9 -50 -5 0 -17 -8 -26 -17 -13 -13 -21 -14 -35 -5 -10 6 -27 8 -37 6 -11 -3 -38 2 -59 11 -37 16 -38 17 -20 31 11 8 26 14 33 14 15 0 17 16 3 25 -6 4 -7 11 -4 17 5 7 11 5 20 -6 14 -19 47 -14 72 10 7 8 24 14 38 14 22 0 24 -4 24 -50z m181 9 c11 -5 24 -21 29 -35 8 -20 16 -24 54 -24 45 0 45 0 85 -67 41 -68 43 -83 13 -83 -9 0 -26 -7 -36 -15 -11 -8 -30 -15 -43 -15 -13 0 -38 -8 -56 -17 -27 -15 -60 -18 -222 -18 -207 0 -289 8 -320 31 -20 15 -20 15 0 30 15 12 33 14 75 8 30 -4 64 -8 75 -9 11 -1 37 -7 58 -14 33 -11 49 -10 110 5 40 10 90 30 112 44 35 23 40 30 40 65 0 26 -7 48 -22 66 -31 36 -30 59 3 59 14 0 34 -5 45 -11z m-421 -79 c0 -19 -29 -68 -42 -73 -17 -6 -48 11 -48 25 0 21 43 58 67 58 13 0 23 -5 23 -10z m-1060 -25 c0 -8 -4 -15 -9 -15 -5 0 -15 -2 -23 -5 -18 -7 -42 10 -34 24 11 17 66 14 66 -4z m1140 -29 c0 -8 -7 -19 -15 -26 -12 -10 -16 -9 -21 4 -7 18 13 49 27 40 5 -3 9 -11 9 -18z m76 3 c22 -24 10 -52 -24 -57 -26 -4 -41 40 -22 63 16 20 23 19 46 -6z m83 12 c21 -14 5 -43 -21 -39 -29 4 -39 48 -11 48 10 0 24 -4 32 -9z m1236 -26 c0 -27 13 -35 58 -35 43 0 48 12 11 28 -14 7 -22 17 -19 22 10 16 43 12 54 -7 9 -17 10 -17 28 0 27 24 33 22 33 -12 0 -25 -7 -31 -52 -51 -29 -12 -82 -26 -118 -31 -64 -8 -65 -7 -97 24 -33 32 -42 61 -23 72 6 4 20 -5 31 -19 26 -34 53 -35 45 -2 -7 28 1 38 29 34 12 -2 20 -10 20 -23z m-1309 -164 c5 -5 46 -11 92 -13 60 -2 85 -7 92 -18 20 -31 3 -50 -49 -57 -31 -4 -41 -10 -41 -24 0 -9 -11 -26 -25 -37 -14 -11 -25 -23 -25 -28 0 -4 -10 -18 -22 -31 -26 -28 -64 -29 -98 -3 -20 16 -23 22 -14 37 9 14 8 23 -4 40 -24 38 -9 53 53 53 30 0 55 4 55 9 0 10 -34 21 -67 21 -27 0 -36 14 -28 40 5 15 15 20 39 20 17 0 36 -4 42 -9z m267 -21 c6 -23 -10 -37 -24 -23 -10 10 -2 43 11 43 4 0 10 -9 13 -20z m1074 -14 c-9 -23 -37 -20 -37 3 0 21 20 33 34 20 5 -4 6 -15 3 -23z m-77 -6 c6 -11 17 -20 25 -20 13 0 35 -28 35 -44 0 -12 -46 -5 -64 9 -11 8 -28 15 -38 15 -18 0 -23 16 -12 44 9 22 41 20 54 -4z m-776 -69 c3 -5 22 -12 42 -15 41 -8 59 -41 74 -130 4 -28 20 -77 34 -109 39 -88 43 -123 16 -137 -28 -15 -20 -22 41 -36 36 -8 51 -8 58 0 13 16 2 62 -20 82 -10 9 -19 25 -19 35 0 10 -10 25 -22 33 -35 25 -11 34 97 37 55 2 114 9 130 15 24 10 35 10 55 -2 14 -7 35 -13 46 -14 12 0 27 -6 33 -14 8 -10 41 -13 128 -12 l116 1 34 -45 c22 -31 32 -54 30 -74 -2 -23 4 -32 30 -47 42 -24 73 -55 73 -74 0 -13 -42 -15 -319 -15 -176 0 -327 3 -336 6 -8 4 -22 19 -31 35 -19 38 -32 37 -36 -3 l-3 -33 -348 -3 c-393 -3 -380 -6 -336 74 16 30 32 45 51 49 30 7 37 22 13 31 -24 10 -18 63 12 102 l26 35 194 -6 c109 -3 195 -1 198 4 3 5 1 18 -5 29 -8 16 -20 21 -43 20 -52 -3 -59 -1 -55 17 2 11 15 20 33 23 43 7 46 44 6 81 -17 15 -31 34 -31 42 0 24 23 36 34 18z m-109 -27 c19 -19 4 -44 -27 -44 -24 0 -34 26 -18 45 16 19 25 19 45 -1z m-551 -4 c20 -7 26 -17 26 -39 0 -38 -21 -54 -73 -54 -23 0 -53 -5 -67 -11 -30 -15 -60 -10 -60 9 0 19 59 85 84 95 29 12 60 12 90 0z m1140 -7 c6 -4 31 -10 55 -13 51 -6 64 -25 27 -40 -14 -5 -26 -14 -26 -20 0 -5 -18 -10 -40 -10 -28 0 -40 4 -40 14 0 8 5 18 10 21 13 8 13 25 1 25 -6 0 -31 -20 -56 -45 -25 -25 -50 -43 -55 -40 -5 3 -29 -3 -54 -15 -52 -23 -75 -18 -119 26 -33 33 -61 89 -52 103 7 12 329 6 349 -6z m718 5 l46 2 46 -70 c25 -38 46 -76 46 -85 0 -8 11 -20 24 -25 13 -5 44 -30 69 -56 30 -31 51 -45 61 -41 22 9 20 38 -3 44 -10 3 -27 21 -37 40 -11 19 -43 60 -71 91 -76 80 -67 128 19 104 18 -5 72 -7 120 -4 70 4 93 1 113 -12 16 -11 46 -16 91 -16 61 0 70 -3 104 -32 20 -18 49 -42 63 -52 15 -10 27 -28 27 -38 0 -12 5 -17 13 -14 6 3 20 9 30 12 26 9 22 18 -33 67 -46 41 -61 66 -42 68 4 0 23 2 42 3 19 1 43 6 52 10 25 11 28 -15 25 -194 -2 -152 -2 -154 -25 -160 -13 -3 -23 -9 -23 -15 0 -5 10 -12 23 -15 20 -5 23 -12 23 -50 l0 -44 -145 1 c-80 0 -155 3 -168 7 -32 11 -65 62 -58 91 5 21 3 25 -15 25 -11 0 -34 14 -51 32 -24 26 -31 29 -39 17 -5 -8 -9 -22 -9 -31 0 -11 -10 -18 -27 -20 -41 -5 -34 -22 12 -29 46 -6 73 -19 98 -47 20 -22 19 -58 -1 -56 -6 1 -134 2 -282 2 l-271 2 -24 26 c-14 15 -30 44 -35 65 -6 23 -18 40 -30 44 -10 3 -22 15 -25 26 -4 10 -10 19 -15 19 -12 0 -43 67 -36 78 3 5 35 12 72 15 40 4 74 13 85 23 11 10 32 15 56 14 21 -2 73 -2 116 -1 85 1 96 12 56 52 -18 18 -29 20 -75 15 -30 -3 -79 -9 -109 -12 -42 -5 -56 -3 -58 7 -3 8 -10 31 -16 52 -15 45 -2 70 33 61 12 -3 33 0 46 5 14 6 34 7 45 4 11 -3 41 -6 67 -5z m-2042 -17 c0 -23 -54 -96 -92 -124 -24 -18 -31 -19 -55 -8 -18 8 -75 12 -177 10 -183 -2 -190 3 -99 87 l58 54 183 0 c173 0 182 -1 182 -19z m644 -4 c11 -8 17 -23 14 -38 -3 -21 -10 -25 -49 -29 -26 -3 -54 -11 -62 -19 -9 -7 -28 -11 -44 -9 -22 2 -27 7 -25 23 10 59 119 107 166 72z m-198 -8 c10 -17 -13 -36 -27 -22 -12 12 -4 33 11 33 5 0 12 -5 16 -11z m1158 -40 c41 -14 71 -18 97 -14 26 5 47 2 66 -8 15 -9 36 -18 46 -21 9 -3 17 -12 17 -20 0 -17 -31 -22 -181 -31 l-95 -7 -27 36 c-30 38 -33 56 -15 74 16 16 24 15 92 -9z m-1174 -35 c0 -8 -9 -14 -20 -14 -19 0 -27 19 -14 33 10 9 34 -4 34 -19z m1022 -1 c9 -10 19 -28 22 -40 6 -20 4 -23 -21 -23 -41 0 -103 19 -103 32 0 40 75 62 102 31z m-1739 -76 l167 -1 0 -27 c0 -17 -7 -32 -19 -38 -10 -6 -26 -26 -35 -46 -17 -35 -21 -38 -65 -39 -34 -1 -40 -26 -7 -26 14 0 26 -2 26 -4 0 -2 -13 -30 -30 -62 l-29 -59 -256 -5 c-141 -3 -263 -1 -271 3 -18 10 -18 36 1 43 8 3 17 13 20 22 5 16 52 42 103 57 23 7 30 29 12 40 -6 4 14 30 45 59 30 30 55 58 55 63 0 15 53 31 85 25 17 -3 105 -5 198 -5z m695 -8 c40 1 42 0 42 -28 0 -16 -6 -31 -15 -35 -8 -3 -15 -14 -15 -25 0 -24 -38 -62 -60 -60 -30 3 -33 -1 -15 -21 24 -26 23 -84 -1 -111 -16 -18 -33 -19 -295 -19 -188 0 -280 3 -284 11 -4 6 1 19 11 30 67 68 81 80 101 85 12 3 32 -2 47 -11 20 -13 44 -16 123 -13 l98 3 3 28 3 28 -133 -3 c-73 -1 -138 1 -145 5 -8 5 -5 15 12 33 14 15 27 36 31 48 3 11 15 31 26 43 20 22 24 22 222 17 110 -3 220 -5 244 -5z m-1198 -183 c0 -6 -22 -36 -49 -66 -46 -51 -50 -53 -75 -42 -21 9 -26 18 -26 49 0 61 10 68 96 69 34 1 54 -3 54 -10z"
       id="path6329" />
    <path
       d="M8222 4971 c-21 -13 -11 -55 15 -59 28 -4 50 32 32 54 -13 16 -28 18 -47 5z"
       id="path6331" />
    <path
       d="M7835 4887 c-26 -20 -10 -37 36 -37 32 0 39 4 39 19 0 31 -43 41 -75 18z"
       id="path6333" />
    <path
       d="M8217 4873 c-4 -3 -7 -30 -7 -60 0 -46 3 -53 20 -53 21 0 50 45 50 78 0 32 -43 56 -63 35z"
       id="path6335" />
    <path
       d="M7916 4201 c-25 -27 -26 -29 -10 -45 14 -15 19 -15 38 -3 22 15 30 67 11 74 -6 2 -23 -10 -39 -26z"
       id="path6371" />
    <path
       d="M4874 3443 c-19 -60 -20 -83 -27 -441 -3 -154 -1 -215 8 -222 29 -24 35 13 35 204 1 147 4 197 15 216 9 16 15 57 15 115 1 50 5 109 9 132 6 33 5 43 -6 47 -27 11 -32 6 -49 -51z"
       id="path6401" />
    <path
       d="M7042 3314 c-13 -26 -8 -202 6 -216 8 -8 15 -8 27 2 24 20 18 191 -7 216 -15 15 -17 15 -26 -2z"
       id="path6403" />
    <path
       d="M5067 3314 c-4 -4 -7 -69 -7 -145 0 -76 -5 -150 -11 -166 -8 -21 -14 -161 -9 -246 0 -5 17 -7 37 -5 l37 3 0 280 c1 275 1 280 -19 283 -12 2 -24 0 -28 -4z"
       id="path6405" />
    <path
       d="M5714 3275 c-4 -9 -4 -34 -1 -55 3 -22 -1 -60 -8 -85 -10 -33 -11 -53 -4 -75 8 -21 8 -39 0 -60 -7 -20 -7 -39 0 -58 7 -19 6 -38 -1 -56 -6 -18 -7 -34 0 -45 5 -10 6 -21 2 -25 -3 -4 -7 -43 -8 -87 0 -65 3 -82 18 -96 38 -34 42 -9 40 284 -1 232 2 282 14 301 23 35 14 66 -19 70 -18 2 -29 -2 -33 -13z"
       id="path6407" />
    <path
       d="M7574 3234 c-4 -17 -1 -31 8 -40 13 -13 18 -13 39 5 23 19 24 19 5 40 -26 28 -44 26 -52 -5z"
       id="path6409" />
    <path
       d="M4699 3234 c-10 -13 -10 -23 0 -57 7 -23 16 -68 21 -100 4 -31 12 -63 18 -70 6 -6 12 -67 14 -134 3 -124 9 -146 31 -124 14 14 11 258 -3 276 -4 5 -11 36 -14 67 -4 31 -14 62 -22 69 -8 6 -14 26 -14 45 0 39 -12 50 -31 28z"
       id="path6411" />
    <path
       d="M7574 3106 c-8 -21 -1 -59 12 -63 18 -6 45 27 42 51 -4 25 -45 35 -54 12z"
       id="path6413" />
    <path
       d="M6567 3033 c-10 -10 -8 -61 2 -67 13 -9 39 3 45 20 12 31 -26 69 -47 47z"
       id="path6415" />
    <path
       d="M7462 3005 c2 -14 8 -26 13 -26 6 0 11 12 13 26 2 18 -1 25 -13 25 -12 0 -15 -7 -13 -25z"
       id="path6417" />
    <path
       d="M7037 3014 c-15 -15 4 -94 22 -94 11 0 33 59 29 77 -3 18 -38 30 -51 17z"
       id="path6419" />
    <path
       d="M7546 2972 c-14 -44 26 -71 55 -36 9 11 10 20 2 32 -15 25 -50 27 -57 4z"
       id="path6421" />
    <path
       d="M5353 2933 c-11 -34 -7 -60 12 -67 22 -8 45 22 45 60 0 29 -3 34 -24 34 -17 0 -27 -8 -33 -27z"
       id="path6423" />
    <path
       d="M6562 2918 c-13 -13 -16 -66 -6 -92 17 -43 68 -1 62 51 -4 33 -39 58 -56 41z"
       id="path6425" />
    <path
       d="M7555 2859 c-4 -6 -8 -71 -9 -144 -1 -92 -6 -138 -15 -148 -20 -25 -10 -61 18 -65 13 -2 27 0 32 5 4 4 9 62 11 127 2 97 6 124 21 142 14 18 15 27 6 41 -18 29 -57 55 -64 42z"
       id="path6427" />
    <path
       d="M6147 2803 c-4 -3 -7 -16 -7 -28 0 -12 -3 -25 -7 -29 -8 -8 -11 -27 -16 -101 -2 -37 0 -40 25 -43 38 -5 57 34 40 82 -15 40 -15 73 -2 81 18 11 11 45 -8 45 -10 0 -22 -3 -25 -7z"
       id="path6429" />
    <path
       d="M5362 2768 c-28 -28 -2 -88 33 -74 17 6 20 39 5 67 -12 22 -21 24 -38 7z"
       id="path6431" />
    <path
       d="M6563 2747 c-8 -13 -14 -212 -6 -239 5 -21 36 -24 50 -5 6 6 10 63 9 126 -1 108 -2 114 -23 122 -15 5 -25 4 -30 -4z"
       id="path6433" />
    <path
       d="M7015 2721 c-3 -5 -8 -53 -10 -106 -4 -82 -3 -97 11 -102 26 -10 45 24 38 69 -4 21 -1 59 6 84 11 39 11 47 -1 55 -18 11 -36 11 -44 0z"
       id="path6435" />
    <path
       d="M4825 2710 c-9 -15 4 -30 26 -30 12 0 19 7 19 20 0 21 -33 29 -45 10z"
       id="path6437" />
    <path
       d="M4920 2675 c0 -9 6 -12 15 -9 8 4 15 10 15 15 0 5 -7 9 -15 9 -8 0 -15 -7 -15 -15z"
       id="path6439" />
    <path
       d="M7430 2645 c0 -8 7 -15 15 -15 8 0 15 7 15 15 0 8 -7 15 -15 15 -8 0 -15 -7 -15 -15z"
       id="path6441" />
    <path
       d="M4761 2596 c-9 -10 -9 -16 -1 -21 17 -10 37 12 24 25 -8 8 -15 6 -23 -4z"
       id="path6443" />
    <path
       d="M5411 2591 c-7 -12 -18 -17 -30 -14 -23 6 -34 -10 -26 -37 7 -23 46 -27 67 -7 7 7 26 18 41 25 39 17 33 46 -10 50 -23 2 -34 -2 -42 -17z"
       id="path6445" />
    <path
       d="M5691 2577 c-19 -21 -20 -25 -6 -37 13 -11 19 -8 40 14 14 15 25 31 25 37 0 18 -37 9 -59 -14z"
       id="path6447" />
    <path
       d="M4819 2548 c0 -2 -3 -59 -6 -128 -2 -69 -9 -129 -14 -135 -14 -14 -11 -61 6 -75 8 -7 15 -26 15 -42 0 -23 4 -29 18 -26 15 3 17 21 17 203 0 182 -2 200 -17 203 -10 2 -18 2 -19 0z"
       id="path6449" />
    <path
       d="M4737 2513 c-11 -10 -8 -63 3 -63 13 0 32 48 24 61 -6 11 -18 12 -27 2z"
       id="path6451" />
    <path
       d="M5376 2461 c-19 -20 -18 -62 0 -68 6 -2 21 5 34 15 18 14 22 25 16 45 -8 32 -26 35 -50 8z"
       id="path6453" />
    <path
       d="M4827 2113 c-4 -3 -7 -21 -7 -40 0 -23 5 -33 15 -33 11 0 15 11 15 40 0 38 -8 49 -23 33z"
       id="path6455" />
    <path
       d="M4825 1991 c-7 -12 12 -24 25 -16 11 7 4 25 -10 25 -5 0 -11 -4 -15 -9z"
       id="path6457" />
    <path
       d="M6567 1933 c-4 -3 -7 -19 -7 -35 0 -30 25 -39 48 -16 16 16 15 23 -4 42 -17 17 -27 20 -37 9z"
       id="path6459" />
    <path
       d="M4732 1834 c4 -21 22 -23 26 -1 2 10 -3 17 -13 17 -10 0 -15 -6 -13 -16z"
       id="path6461" />
    <path
       d="M6567 1713 c-4 -3 -7 -22 -7 -40 0 -33 2 -34 33 -31 24 2 33 8 35 24 5 34 -40 69 -61 47z"
       id="path6463" />
    <path
       d="M7546 1630 c-7 -43 7 -84 27 -77 16 5 27 66 16 94 -14 37 -36 28 -43 -17z"
       id="path6465" />
    <path
       d="M6576 1567 c-14 -10 -17 -25 -14 -72 l3 -60 38 -3 c35 -3 37 -2 37 27 0 16 -5 33 -10 36 -7 4 -7 13 0 26 8 13 7 25 0 39 -12 23 -29 25 -54 7z"
       id="path6467" />
    <path
       d="M7520 1495 c-17 -20 3 -45 37 -45 28 0 40 24 23 45 -16 19 -44 19 -60 0z"
       id="path6469" />
    <path
       d="M5384 1395 c-8 -20 4 -35 26 -35 23 0 32 13 24 34 -8 20 -43 21 -50 1z"
       id="path6471" />
    <path
       d="M6565 1368 c-2 -7 -3 -85 -2 -173 2 -160 2 -160 26 -163 13 -2 28 1 33 6 13 13 13 79 -1 96 -12 14 -3 143 10 152 18 11 8 46 -18 69 -32 28 -42 30 -48 13z"
       id="path6473" />
    <path
       d="M7520 1361 c0 -27 13 -33 35 -17 21 15 12 36 -16 36 -12 0 -19 -7 -19 -19z"
       id="path6475" />
    <path
       d="M5000 1296 c0 -11 10 -16 31 -16 38 0 35 24 -4 28 -19 2 -27 -1 -27 -12z"
       id="path6477" />
    <path
       d="M8213 1644 c-3 -8 -1 -26 6 -40 8 -17 8 -31 1 -44 -12 -23 -13 -87 -1 -94 16 -10 39 5 45 30 5 17 16 26 37 31 17 3 33 13 36 22 3 9 13 24 20 33 20 23 8 38 -30 38 -18 0 -45 9 -62 20 -36 24 -44 25 -52 4z"
       id="path6479" />
    <path
       d="M8349 1460 c-10 -15 -30 -22 -66 -27 -29 -3 -58 -12 -64 -19 -6 -8 -24 -14 -39 -14 -31 0 -48 -34 -28 -57 17 -21 61 -12 73 16 10 22 13 23 82 17 72 -7 100 3 66 23 -15 8 -16 13 -5 30 25 42 8 71 -19 31z"
       id="path6481" />
    <path
       d="M8245 1270 c-3 -5 0 -13 9 -16 21 -8 61 -1 61 11 0 14 -62 19 -70 5z"
       id="path6483" />
    <path
       d="M8275 1211 c-6 -11 25 -31 48 -31 8 0 20 6 26 14 9 11 8 15 -5 20 -24 9 -62 7 -69 -3z"
       id="path6485" />
    <path
       d="M7265 2217 c-23 -18 -14 -33 25 -41 42 -8 50 -34 17 -62 -14 -12 -32 -24 -39 -26 -23 -8 12 -56 57 -78 52 -25 71 -25 78 -1 5 20 55 31 109 23 55 -8 61 -89 11 -147 -24 -28 -33 -30 -107 -35 -66 -4 -81 -8 -84 -22 -5 -24 52 -53 67 -34 6 7 32 13 57 14 30 0 56 7 72 19 31 23 92 129 92 160 0 28 -53 83 -79 83 -11 0 -23 5 -26 10 -8 12 -55 13 -55 1 0 -9 -99 -45 -106 -38 -4 4 11 35 48 97 l20 34 -31 28 c-35 31 -94 38 -126 15z"
       id="path6487" />
    <path
       d="M7418 1993 c-11 -3 -18 -14 -18 -29 0 -19 5 -24 25 -24 14 0 28 -7 31 -15 4 -8 10 -15 15 -15 19 0 50 42 47 63 -2 18 -10 22 -43 24 -22 0 -48 -1 -57 -4z"
       id="path6489" />
    <path
       d="M7145 1890 c3 -5 12 -10 20 -10 8 0 17 5 20 10 4 6 -5 10 -20 10 -15 0 -24 -4 -20 -10z"
       id="path6491" />
    <path
       d="M5945 1529 c-11 -17 0 -20 21 -4 17 13 17 14 2 15 -9 0 -20 -5 -23 -11z"
       id="path6493" />
    <path
       d="M6225 580 c-11 -18 5 -48 28 -54 26 -7 59 26 50 49 -6 17 -68 21 -78 5z"
       id="path6495" />
    <path
       d="M6898 573 c-31 -5 -34 -11 -15 -37 20 -27 62 -18 62 13 0 27 -6 30 -47 24z"
       id="path6497" />
    <path
       d="M6746 563 c-12 -12 -6 -33 9 -33 8 0 15 6 15 14 0 17 -14 28 -24 19z"
       id="path6499" />
    <path
       d="M8157 563 c-15 -15 -6 -33 17 -33 22 0 44 16 35 24 -10 9 -46 15 -52 9z"
       id="path6501" />
    <path
       d="M5021 592 c-14 -4 -26 -13 -28 -19 -5 -14 32 -21 132 -25 76 -3 80 -2 83 20 3 18 -1 22 -21 22 -13 0 -51 2 -83 5 -32 2 -70 1 -83 -3z"
       id="path6503" />
    <path
       d="M4940 576 c0 -8 4 -17 8 -20 13 -8 35 11 28 23 -10 16 -36 14 -36 -3z"
       id="path6505" />
    <path
       d="M97 5097 c-16 -11 -17 -167 -15 -2407 l3 -2395 55 3 c99 5 807 12 1140 11 179 -1 442 -1 585 -1 143 0 557 0 920 0 363 0 725 1 805 2 149 4 435 3 641 -2 101 -2 119 1 143 18 l26 19 0 2369 c0 2250 -1 2369 -17 2382 -26 18 -4261 20 -4286 1z m643 -93 c17 -14 119 -15 137 -2 8 6 613 9 1565 9 l1553 -1 3 -36 c3 -32 6 -35 30 -32 18 2 31 12 40 31 8 16 29 35 48 43 47 20 138 18 155 -2 21 -26 -14 -44 -83 -44 -44 0 -58 -4 -58 -14 0 -8 4 -17 9 -21 14 -8 24 -88 16 -124 -8 -36 -40 -50 -63 -27 -15 15 -15 19 2 47 11 18 14 35 9 40 -11 11 -204 18 -598 20 -176 1 -337 6 -357 12 -72 19 -130 -45 -108 -122 10 -35 0 -384 -11 -396 -5 -5 -46 -8 -92 -6 -109 3 -120 13 -115 101 l3 65 -60 0 c-33 0 -66 -4 -73 -9 -8 -6 -21 -5 -35 2 -35 18 -107 11 -119 -11 -7 -14 -6 -23 5 -34 12 -12 39 -15 122 -15 l106 1 -2 -37 c-1 -20 1 -51 5 -68 4 -17 2 -43 -5 -60 -6 -16 -12 -84 -14 -151 -3 -103 -1 -122 12 -127 14 -6 14 -8 -1 -24 -20 -23 -21 -46 -1 -62 14 -11 14 -15 1 -29 -12 -14 -15 -136 -20 -816 -4 -440 -3 -805 1 -810 8 -10 30 -27 92 -67 14 -10 35 -18 46 -18 11 0 33 -7 49 -15 15 -8 40 -15 55 -15 15 0 36 -7 47 -15 10 -8 29 -15 42 -15 13 0 25 -8 28 -17 3 -10 11 -28 16 -40 16 -32 4 -50 -34 -51 -40 -1 -78 -40 -78 -82 0 -23 -8 -33 -42 -53 -61 -36 -138 -111 -138 -135 0 -28 19 -75 33 -84 7 -4 31 -8 54 -8 29 0 62 -11 105 -34 53 -30 75 -35 143 -39 62 -3 84 -1 98 11 16 14 19 14 35 -1 16 -17 15 -19 -13 -41 -54 -43 -82 -71 -100 -99 -17 -27 -17 -28 1 -42 18 -13 18 -15 2 -47 -85 -170 -101 -222 -79 -257 7 -10 21 -12 54 -7 41 6 48 4 71 -21 34 -36 33 -60 -5 -106 -36 -43 -66 -48 -96 -13 -30 34 -130 79 -159 72 -31 -8 -40 -45 -24 -104 16 -58 35 -97 61 -123 10 -10 19 -25 19 -33 0 -12 -7 -12 -37 -4 -48 13 -57 20 -87 73 -16 29 -20 47 -14 53 16 16 2 41 -27 52 -14 5 -25 14 -25 19 0 5 -10 31 -22 58 -22 45 -23 61 -23 259 0 166 -3 214 -14 228 -31 37 -36 1 -36 -254 0 -227 -2 -251 -18 -267 -17 -17 -19 -17 -31 0 -14 18 -36 23 -36 8 0 -4 -21 -17 -47 -27 -36 -14 -68 -18 -128 -15 -44 1 -84 6 -88 10 -4 4 -8 280 -9 612 -1 520 -3 607 -16 628 -15 25 -16 107 -8 1076 0 28 -1 84 -3 125 -3 93 7 441 18 615 4 72 7 206 5 298 -3 187 0 197 58 164 43 -25 68 -22 68 7 0 17 -11 30 -37 46 -44 26 -131 39 -142 21 -5 -7 -7 -43 -5 -81 1 -44 -2 -72 -10 -79 -24 -20 -159 -25 -218 -7 -31 9 -74 16 -95 16 -22 0 -48 7 -59 15 -43 33 -84 4 -84 -60 0 -22 -6 -50 -14 -61 -14 -19 -15 -19 -83 3 -39 13 -108 25 -163 28 -183 12 -178 13 -189 -52 l-7 -38 -129 3 c-85 2 -133 8 -138 15 -4 7 -5 33 -2 60 9 70 -4 87 -69 87 -29 0 -90 5 -135 11 -60 8 -89 8 -109 0 l-27 -11 2 -319 3 -319 -45 -41 c-61 -56 -85 -52 -50 9 19 33 19 94 0 110 -18 15 -21 13 -33 -20 -9 -23 -10 -22 -17 17 -7 47 1 103 16 103 5 0 14 11 21 25 12 26 -2 55 -26 55 -18 0 -46 -59 -46 -96 0 -47 -23 -54 -60 -18 -41 40 -40 78 5 121 52 51 47 74 -27 112 -46 24 -54 41 -34 83 14 30 15 42 5 82 -13 54 -28 58 -49 13 -18 -39 -50 -49 -50 -15 0 13 -4 29 -9 37 -5 7 -4 28 2 48 10 32 9 36 -18 57 -21 17 -30 34 -31 56 -2 44 -55 115 -85 115 -20 0 -24 -6 -27 -35 -2 -27 4 -42 27 -67 17 -17 36 -33 43 -36 10 -3 8 -10 -6 -26 -22 -25 -44 -27 -52 -6 -4 8 -17 15 -30 15 -33 0 -32 -32 3 -65 31 -28 61 -33 69 -10 4 8 14 15 24 15 14 0 21 -12 29 -48 19 -91 49 -144 122 -214 38 -37 69 -71 69 -77 0 -20 -22 -22 -42 -4 -12 10 -23 14 -25 8 -17 -47 -66 -42 -119 11 -39 38 -40 42 -18 58 19 15 8 46 -16 46 -32 0 -70 -19 -70 -35 0 -8 16 -32 35 -53 l34 -39 -29 -21 c-16 -12 -40 -22 -54 -22 -14 0 -28 -5 -31 -10 -8 -13 34 -49 58 -50 20 0 80 30 85 43 5 10 48 9 70 -2 9 -5 30 -13 46 -17 23 -7 30 -15 31 -37 0 -20 15 -41 48 -72 41 -38 47 -48 47 -84 0 -23 7 -53 16 -67 21 -32 21 -95 0 -125 -9 -13 -16 -31 -16 -40 0 -9 -9 -28 -20 -42 -11 -14 -20 -33 -20 -41 0 -18 -9 -31 -57 -82 -26 -28 -38 -34 -73 -34 -35 0 -46 5 -68 32 -15 17 -37 41 -50 53 -12 12 -22 31 -22 42 0 10 -9 36 -20 58 -27 54 -26 73 7 81 40 9 145 44 165 55 37 20 28 99 -12 99 -19 0 -24 -10 -21 -37 1 -7 -8 -13 -21 -13 -38 0 -68 12 -68 26 0 19 -20 28 -33 15 -9 -9 -6 -16 12 -30 20 -15 22 -21 12 -39 -12 -23 -51 -38 -75 -29 -8 3 -23 26 -34 50 -19 43 -20 67 -18 651 1 333 5 609 10 613 4 4 91 7 194 5 103 -1 216 2 252 6 69 8 86 6 110 -14z m3505 -64 c4 -6 19 -9 33 -8 l27 3 3 -162 2 -163 -28 0 c-44 0 -62 27 -59 87 1 37 -3 56 -15 70 -14 15 -18 37 -18 95 0 41 3 78 7 81 10 11 41 8 48 -3z m-449 -115 c15 -20 20 -19 44 5 23 23 43 25 88 9 22 -7 36 -7 51 0 30 17 51 3 51 -33 0 -17 4 -37 8 -44 5 -6 2 -49 -6 -93 -7 -45 -10 -84 -7 -88 4 -3 68 -6 143 -6 l137 0 0 -1805 0 -1804 -88 -1 -89 0 6 80 c3 44 7 100 9 125 2 25 0 56 -5 70 -7 19 -5 27 8 37 23 16 10 43 -20 43 -35 0 -59 -27 -51 -58 3 -14 7 -77 9 -141 1 -64 5 -125 10 -136 7 -20 4 -20 -66 -17 -320 15 -306 15 -313 -8 -4 -12 -4 -25 0 -28 4 -4 60 -9 126 -10 65 -2 119 -7 119 -11 0 -4 -9 -16 -20 -26 -11 -10 -20 -28 -20 -39 0 -12 -9 -36 -21 -55 -17 -29 -24 -33 -52 -28 -17 2 -39 -1 -49 -7 -9 -5 -21 -6 -25 -2 -4 5 -2 11 5 13 25 9 11 21 -35 28 -62 9 -66 12 -48 38 8 12 15 29 15 38 0 26 -40 70 -78 86 -95 39 -96 140 -1 113 46 -14 79 9 79 53 0 17 -7 41 -15 51 -8 11 -15 33 -15 48 0 16 -7 45 -15 65 -8 19 -15 50 -15 69 0 18 -4 35 -9 39 -5 3 -13 20 -16 38 -4 17 -20 48 -36 68 -16 20 -29 41 -29 47 0 5 -8 20 -18 33 -27 35 -33 67 -15 84 11 11 19 12 34 4 14 -7 30 -7 47 -1 15 5 42 7 59 5 23 -4 40 1 59 16 15 12 38 21 52 21 41 0 134 103 180 199 35 73 37 81 23 96 -15 15 -15 17 1 26 16 9 16 12 -4 44 -15 26 -18 44 -14 69 5 25 3 37 -7 43 -8 4 -22 23 -31 40 -9 18 -30 40 -46 48 -20 11 -30 23 -30 39 0 26 -35 76 -54 76 -6 0 -17 14 -23 31 -13 35 -35 35 -43 0 -5 -23 -5 -23 -55 12 l-50 34 0 144 c-1 136 -2 144 -20 147 -33 4 -50 -13 -39 -40 5 -13 7 -48 4 -78 -3 -30 -1 -69 4 -87 7 -25 5 -37 -14 -63 -21 -29 -26 -31 -59 -25 -69 13 -201 1 -266 -25 -46 -17 -93 -30 -112 -30 -11 0 -32 -13 -46 -30 -23 -25 -35 -30 -73 -30 -25 0 -58 -7 -74 -15 -20 -10 -43 -13 -69 -9 -75 12 -72 -3 -68 410 3 255 7 376 15 391 7 12 12 63 12 114 0 72 -4 97 -16 111 -14 15 -15 20 -4 33 10 12 10 19 2 27 -16 16 -15 43 3 58 11 9 13 27 8 78 -3 37 -9 71 -14 76 -4 5 -3 18 3 30 6 11 13 90 15 181 2 88 6 166 8 173 3 8 2 19 -2 25 -7 12 -5 279 3 286 2 2 68 3 146 1 213 -5 233 -6 245 -13 8 -5 10 -60 7 -186 -4 -193 4 -254 31 -217 11 14 14 59 14 184 0 129 3 169 14 180 11 10 43 14 128 14 117 -1 150 8 128 34 -14 17 -92 19 -120 4 -15 -8 -23 -7 -35 5 -11 11 -26 14 -44 10 -29 -6 -60 14 -60 41 0 19 -25 18 -55 -2 -18 -12 -28 -13 -44 -5 -11 6 -30 10 -43 8 l-23 -2 -3 225 c-1 123 0 230 3 237 7 21 666 8 681 -12z m344 -151 c0 -17 -22 -14 -28 4 -2 7 3 12 12 12 9 0 16 -7 16 -16z m-3068 -318 c4 -6 4 -60 1 -121 -5 -97 -9 -474 -14 -1549 -1 -235 1 -290 12 -297 8 -5 18 -4 24 2 6 6 11 265 12 737 2 431 6 751 12 787 6 33 10 110 10 172 0 62 2 117 6 124 8 12 37 10 148 -10 32 -6 71 -8 87 -5 16 4 31 1 35 -5 13 -22 0 -453 -19 -646 -8 -77 -9 -140 -3 -175 5 -31 5 -191 1 -365 -4 -170 -8 -339 -8 -375 l-1 -65 30 0 30 0 7 75 c15 142 21 675 9 761 -7 50 -7 86 -2 93 5 6 10 119 12 251 1 139 6 248 12 260 12 23 10 106 -2 118 -13 13 0 150 15 166 10 11 19 12 36 5 13 -6 52 -10 88 -8 72 2 90 -7 90 -42 0 -29 14 -30 47 -4 25 19 102 29 104 13 0 -5 1 -417 3 -918 2 -694 5 -915 14 -932 22 -40 -16 -83 -73 -83 -32 0 -43 25 -21 49 39 43 -2 80 -89 80 -51 1 -64 -3 -84 -24 -38 -40 -51 -33 -51 29 0 115 -76 163 -98 61 l-8 -40 -79 -5 c-92 -6 -153 -33 -222 -97 -37 -35 -43 -45 -43 -81 0 -23 5 -42 11 -42 5 0 15 -13 20 -30 7 -20 18 -30 31 -30 28 0 126 -48 137 -68 15 -26 -15 -62 -53 -62 -45 0 -59 -13 -58 -52 1 -39 -3 -47 -41 -71 -39 -25 -87 -95 -87 -128 0 -31 40 -112 71 -145 11 -12 39 -29 62 -39 76 -30 92 -40 103 -64 7 -13 18 -27 25 -31 6 -5 9 -15 6 -24 -8 -22 -56 -21 -73 2 -12 16 -14 15 -38 -7 -23 -21 -24 -27 -12 -40 7 -9 17 -26 20 -38 4 -13 12 -23 17 -23 5 0 9 -4 9 -10 0 -5 -7 -10 -15 -10 -8 0 -15 5 -15 10 0 43 -85 -36 -164 -153 -34 -50 -33 -74 4 -95 33 -19 36 -37 17 -112 l-12 -45 -90 -5 c-49 -3 -103 -3 -120 0 l-30 6 0 139 c0 77 -3 145 -7 151 -4 6 -4 24 1 40 14 51 8 54 -105 54 -58 0 -115 -5 -126 -11 -16 -8 -24 -8 -35 4 -21 21 -8 37 30 37 18 0 43 7 55 16 16 11 42 15 90 14 96 -3 92 -5 92 43 0 36 -5 47 -29 65 -25 18 -38 21 -75 16 -31 -5 -46 -3 -46 4 0 14 36 24 69 20 21 -3 26 3 38 42 7 25 19 50 26 55 8 6 22 34 31 63 24 70 29 277 8 294 -9 8 -11 20 -6 37 10 37 5 84 -10 99 -13 14 -145 20 -165 8 -16 -10 -88 12 -95 30 -3 9 -6 24 -6 33 0 10 -7 32 -16 50 -14 29 -14 36 1 84 19 62 17 296 -3 320 -10 11 -9 17 3 27 14 11 14 15 0 30 -18 20 -15 105 6 138 10 16 11 28 2 54 -11 34 -11 131 1 298 4 52 8 113 9 136 1 23 10 48 20 58 9 10 17 26 17 35 0 10 7 24 15 31 8 7 15 17 15 23 0 53 127 194 152 169 8 -8 8 -22 0 -50 -11 -37 -14 -320 -9 -852 l2 -225 25 0 c25 0 25 0 31 120 3 66 9 130 13 142 5 13 5 31 1 40 -4 10 -7 33 -6 51 2 18 -2 38 -7 45 -5 7 -6 38 0 77 9 74 9 72 2 159 -4 43 -2 72 7 88 10 19 10 31 1 57 -16 44 -15 167 3 361 9 91 15 268 15 411 0 138 3 254 7 257 10 11 197 -5 205 -17z m948 3 c63 -17 214 -23 239 -9 15 8 26 7 40 -2 26 -16 30 -80 15 -203 -7 -51 -8 -97 -3 -106 6 -11 4 -21 -6 -29 -8 -7 -12 -17 -9 -22 4 -5 6 -51 6 -101 0 -51 0 -442 -1 -871 -1 -562 2 -782 10 -792 15 -18 20 -133 8 -157 -7 -12 -7 -23 1 -32 8 -10 8 -19 1 -34 -7 -13 -8 -22 -1 -26 8 -5 7 -313 -2 -620 0 -11 2 -92 6 -180 3 -88 3 -168 0 -178 -10 -32 -47 -38 -102 -17 -43 17 -52 17 -70 5 -17 -13 -21 -13 -32 0 -9 11 -16 12 -26 4 -9 -8 -23 -8 -46 0 -20 6 -50 7 -75 2 -48 -9 -59 -2 -69 47 -6 31 -32 51 -38 29 -17 -63 -22 -70 -71 -88 -27 -10 -52 -15 -56 -11 -4 4 -10 32 -13 63 -9 70 -1 77 87 77 87 -1 107 15 89 65 -7 18 -12 42 -12 52 0 45 -42 141 -70 160 -26 18 -50 53 -50 75 0 4 14 11 31 15 35 8 69 -15 69 -47 0 -26 27 -22 33 4 4 13 15 28 25 33 45 24 69 34 97 40 54 12 168 152 187 230 22 94 27 124 28 166 0 30 -5 51 -15 59 -8 7 -15 20 -15 30 0 10 -7 23 -15 30 -8 7 -15 28 -15 47 0 43 -50 99 -115 132 -25 12 -54 35 -65 52 -12 16 -29 29 -39 29 -45 0 -60 57 -45 180 13 117 18 247 16 435 -1 61 0 182 3 270 3 129 1 162 -10 175 -12 14 -14 62 -9 306 3 159 7 325 9 369 6 177 5 203 -3 270 -8 59 -7 72 6 83 9 6 23 10 31 7 9 -2 36 -10 61 -16z m-1370 -563 c0 -16 -18 -31 -27 -22 -8 8 5 36 17 36 5 0 10 -6 10 -14z m-438 -222 c17 -69 16 -79 -12 -79 -23 0 -25 4 -28 54 -5 93 18 107 40 25z m19 -127 c22 -10 41 -28 48 -46 7 -16 23 -39 37 -52 13 -12 24 -30 24 -40 0 -9 7 -22 15 -29 8 -7 15 -29 15 -49 0 -20 8 -49 17 -66 12 -22 16 -52 14 -115 -1 -46 5 -118 13 -160 10 -54 14 -147 14 -330 -1 -140 2 -268 6 -285 10 -47 -5 -60 -42 -41 -17 9 -42 16 -55 16 -13 0 -36 10 -51 21 l-27 22 2 296 c1 174 6 301 12 309 5 6 25 12 43 12 27 0 34 4 34 19 0 12 -11 25 -27 33 -39 18 -40 48 -3 83 26 25 30 36 30 81 0 47 -3 54 -34 78 -39 30 -53 32 -75 12 -16 -14 -35 -20 -57 -17 -8 1 -12 40 -12 119 -1 115 3 157 16 150 4 -2 23 -11 43 -21z m295 -102 c4 -8 -2 -27 -12 -42 -20 -31 -20 -31 -15 -695 2 -265 6 -350 15 -358 16 -13 20 -155 5 -192 -6 -15 -8 -36 -4 -45 3 -10 7 -97 8 -193 2 -145 5 -181 20 -207 9 -18 17 -40 17 -50 0 -10 9 -36 20 -58 11 -22 20 -45 20 -51 0 -26 -119 -34 -140 -9 -7 8 -27 15 -46 15 -18 0 -35 4 -39 10 -3 5 10 30 30 55 22 29 35 58 35 76 0 17 5 40 12 52 15 28 20 214 19 742 -1 410 -5 509 -22 530 -4 6 -10 67 -12 135 -4 122 -21 208 -45 232 -17 17 -15 48 2 48 8 0 18 -4 21 -10 10 -17 51 -11 70 10 22 24 34 25 41 5z m-228 -187 c33 -33 -11 -108 -64 -108 -23 0 -25 -3 -20 -25 8 -30 -8 -65 -29 -65 -21 0 -20 73 0 90 9 7 14 18 12 24 -17 46 -17 56 2 75 23 23 80 28 99 9z m-76 -463 c-1 -115 -2 -230 -3 -255 -1 -25 2 -57 6 -72 5 -20 1 -35 -15 -58 l-23 -32 28 -22 c29 -23 29 -22 9 -126 -7 -37 -31 -73 -45 -65 -4 3 -8 195 -8 426 l-1 420 27 -3 27 -3 -2 -210z m1293 -270 c0 -58 -16 -66 -48 -23 -28 38 -17 80 21 76 25 -3 27 -6 27 -53z m215 -42 c0 -8 -14 -31 -31 -51 -29 -33 -31 -38 -24 -90 6 -52 5 -56 -21 -77 l-27 -21 -44 43 c-32 33 -42 50 -38 64 4 10 11 19 16 19 5 0 9 17 9 38 0 20 4 42 8 49 10 16 57 33 92 33 16 0 32 5 35 10 9 14 25 3 25 -17z m1895 -2 c91 -33 105 -44 145 -104 22 -33 40 -63 40 -67 0 -5 9 -11 19 -15 27 -8 86 -93 94 -133 4 -20 2 -42 -5 -55 -7 -12 -13 -31 -14 -42 -3 -24 -21 -96 -26 -99 -1 -2 -27 -22 -56 -44 -30 -23 -60 -42 -68 -42 -7 0 -38 -12 -69 -26 -33 -16 -64 -24 -77 -21 -40 10 -178 -20 -241 -52 -72 -37 -134 -42 -162 -11 -10 11 -26 20 -35 20 -9 0 -25 7 -36 15 -10 8 -28 15 -40 15 -11 0 -29 7 -40 15 -10 8 -28 15 -39 15 -27 1 -105 37 -105 48 0 18 140 102 170 102 9 0 29 13 45 30 21 22 34 28 52 24 21 -6 23 -3 23 32 0 22 -7 48 -15 58 -20 26 -20 106 -1 106 8 0 18 -5 21 -10 4 -6 12 -7 23 -1 10 5 25 5 39 -2 15 -7 31 -7 46 -1 12 5 40 7 61 4 33 -4 40 -9 41 -29 1 -14 7 -27 13 -29 7 -2 12 -12 12 -22 0 -38 40 -36 58 4 5 12 25 27 46 33 20 6 36 10 36 9 0 -23 -28 -65 -53 -81 -57 -36 -44 -85 22 -85 56 0 66 -12 37 -43 -14 -15 -34 -27 -44 -27 -24 0 -36 -28 -21 -46 15 -18 50 -18 75 1 10 8 32 15 48 15 39 0 91 56 99 106 6 33 3 41 -25 66 -17 15 -36 28 -41 28 -6 0 -7 17 -3 39 l6 40 -42 3 c-40 3 -43 5 -46 36 -2 21 -12 38 -28 49 -23 15 -28 15 -61 -1 -27 -13 -61 -16 -149 -15 -63 0 -117 5 -120 10 -7 12 -48 11 -60 -1 -13 -13 -97 4 -128 25 -11 8 -36 15 -56 15 -91 0 -105 31 -19 42 85 12 151 29 191 49 21 11 46 19 57 19 10 0 43 11 73 25 47 22 67 25 168 25 88 0 127 -4 165 -19z m-2275 -56 c7 -8 26 -15 42 -15 34 0 50 -27 25 -42 -10 -5 -17 -16 -17 -25 0 -13 -8 -14 -47 -8 -71 10 -97 42 -53 65 11 6 20 17 20 25 0 19 14 19 30 0z m-977 -131 c4 -8 21 -14 37 -14 26 0 30 -4 30 -27 0 -46 -13 -57 -61 -50 -47 6 -88 45 -89 84 0 34 64 39 83 7z m1513 2 c3 -8 18 -16 35 -20 21 -4 29 -11 29 -26 0 -11 6 -20 14 -20 8 0 34 -29 58 -65 32 -48 49 -65 66 -65 24 0 32 -35 10 -43 -10 -3 -10 -7 -2 -18 19 -24 25 -91 11 -129 -23 -62 -83 -144 -127 -172 -23 -16 -46 -28 -51 -28 -5 0 -16 -11 -25 -25 -17 -26 -43 -32 -61 -14 -7 7 -19 3 -39 -16 -16 -14 -37 -34 -47 -43 -13 -12 -20 -13 -29 -4 -17 17 -28 15 -28 -7 0 -11 -4 -23 -10 -26 -5 -3 -10 -21 -10 -40 0 -19 -4 -36 -9 -39 -11 -7 8 -64 27 -85 10 -10 10 -16 1 -27 -15 -18 -44 -3 -63 34 l-15 27 -1 -37 c0 -31 -4 -38 -19 -38 -11 0 -23 5 -27 11 -4 8 -9 8 -17 0 -18 -18 -37 -13 -48 13 -10 20 -8 29 10 52 12 15 21 41 21 60 0 39 22 46 42 15 17 -28 48 -9 48 29 0 19 7 33 20 40 36 19 23 33 -25 26 -36 -6 -45 -4 -45 7 0 8 -11 22 -24 30 -22 15 -25 15 -38 0 -7 -9 -17 -30 -23 -46 -10 -31 -14 -34 -74 -61 -34 -16 -83 -21 -93 -10 -3 3 0 18 8 33 16 32 73 66 127 76 20 4 37 11 37 15 0 5 2 15 6 23 3 9 -6 19 -25 27 -19 7 -31 20 -31 31 0 10 -9 23 -20 29 -11 6 -20 18 -20 26 0 11 6 13 20 9 24 -8 24 -7 4 35 -16 30 -16 33 0 42 13 7 16 17 11 35 -5 22 -3 25 15 20 16 -4 23 1 30 17 5 13 16 26 25 30 13 4 16 15 13 36 -4 27 -2 30 22 30 23 0 29 6 41 47 12 38 20 48 48 58 35 11 71 47 71 71 0 7 10 19 23 25 12 7 26 18 30 25 4 8 17 14 27 14 10 0 22 5 25 10 9 15 65 12 71 -4z m-1103 -82 c11 -4 17 -15 15 -28 -3 -18 -12 -22 -73 -27 -87 -8 -145 -25 -145 -44 0 -17 5 -18 85 -15 37 1 67 8 77 17 9 8 21 12 26 9 15 -9 24 -106 12 -121 -13 -15 -3 -132 11 -141 5 -3 9 -16 9 -29 0 -29 -26 -45 -72 -45 -18 0 -46 -9 -63 -20 -32 -21 -80 -27 -90 -11 -3 6 -7 89 -9 185 -3 96 -7 180 -10 185 -3 5 -2 21 4 35 8 21 16 26 44 26 18 0 39 6 46 14 19 23 86 29 133 10z m661 -3 c13 -14 16 -28 11 -50 -5 -24 -3 -31 9 -31 8 0 20 9 26 20 15 28 26 25 39 -10 8 -23 7 -30 -2 -29 -26 3 -37 -2 -37 -15 0 -8 -21 -26 -47 -42 -27 -15 -59 -35 -72 -46 -30 -23 -111 -145 -111 -168 0 -20 47 -65 77 -74 22 -7 37 -32 27 -47 -14 -23 -68 -8 -120 34 -29 23 -64 50 -78 60 -28 19 -51 86 -41 118 4 11 16 30 28 43 25 26 150 96 172 96 22 0 48 45 40 70 -3 11 -10 20 -15 20 -18 0 -32 40 -19 56 18 21 92 18 113 -5z m-1169 -31 c4 -6 -5 -10 -19 -10 -14 0 -26 5 -26 10 0 6 9 10 19 10 11 0 23 -4 26 -10z m163 -47 c3 -18 -3 -23 -25 -28 -15 -3 -49 -12 -74 -20 -26 -8 -74 -15 -108 -15 -61 0 -61 0 -61 29 0 38 10 43 44 25 40 -20 64 -18 98 11 25 21 39 25 77 23 39 -3 46 -6 49 -25z m840 -20 c2 -8 -6 -13 -22 -13 -17 0 -26 5 -26 16 0 19 41 16 48 -3z m2392 -13 c37 -20 43 -47 18 -80 -26 -36 -53 -41 -42 -7 3 12 11 24 15 25 22 9 7 32 -20 32 -34 0 -51 18 -30 31 19 12 36 11 59 -1z m-560 -13 c0 -22 -11 -27 -33 -16 -16 9 -17 13 -6 20 21 13 39 11 39 -4z m-2677 -89 c-3 -35 -12 -70 -19 -78 -11 -13 -11 -20 1 -44 19 -36 19 -52 0 -60 -11 -4 -15 -20 -15 -56 0 -41 -5 -56 -25 -75 -13 -14 -34 -25 -46 -25 -12 0 -36 -9 -53 -19 -17 -11 -47 -21 -66 -23 l-35 -3 1 198 c1 134 6 203 13 210 7 7 46 12 89 13 43 0 86 6 97 12 11 6 30 12 42 12 20 0 21 -3 16 -62z m3020 -264 c3 -4 2 -15 -3 -24 -7 -13 -5 -21 5 -30 23 -19 1 -48 -45 -60 -21 -6 -42 -15 -45 -20 -3 -6 -15 -10 -26 -10 -35 0 -21 52 18 70 18 8 33 21 33 28 0 38 41 67 63 46z m-2746 -106 c18 -7 33 -15 33 -18 0 -10 -102 -50 -111 -44 -13 8 -11 48 3 62 15 15 33 15 75 0z m873 -49 c0 -5 -7 -9 -15 -9 -15 0 -20 12 -9 23 8 8 24 -1 24 -14z m1956 -13 c21 -21 34 -44 34 -59 0 -14 5 -29 10 -32 6 -3 10 -16 10 -29 0 -12 6 -28 13 -35 10 -10 6 -17 -16 -37 -26 -22 -36 -24 -143 -24 -113 0 -114 0 -114 24 0 13 7 29 15 36 8 7 15 18 15 25 0 42 95 164 129 165 7 0 28 -15 47 -34z m-3221 14 c3 -5 -3 -10 -15 -10 -12 0 -18 5 -15 10 3 6 10 10 15 10 5 0 12 -4 15 -10z m3065 -30 c0 -5 -6 -13 -12 -17 -14 -8 -24 -24 -58 -87 -15 -28 -21 -59 -23 -115 -3 -87 -10 -94 -74 -64 -44 21 -53 51 -29 88 9 13 16 32 16 41 0 9 6 28 14 42 8 15 17 35 20 44 2 9 21 24 40 33 19 9 40 23 47 31 13 16 59 19 59 4z m-3076 -25 c17 -8 58 -19 91 -23 33 -4 59 -11 58 -17 -3 -18 -62 -26 -171 -23 -103 3 -107 4 -110 26 -6 42 4 52 54 52 25 0 60 -7 78 -15z m1036 -40 c7 -8 21 -15 31 -15 26 0 35 -21 16 -35 -10 -7 -17 -24 -17 -39 0 -31 -1 -31 -42 -10 -25 13 -32 14 -39 2 -15 -22 2 -77 32 -108 28 -27 37 -50 22 -50 -14 0 -98 34 -118 47 -11 7 -43 13 -72 13 -65 0 -68 13 -17 76 27 33 43 44 65 44 21 0 35 10 56 38 43 57 60 65 83 37z m-662 -56 c1 -8 -28 -35 -68 -61 l-71 -48 -169 0 c-102 0 -171 4 -175 10 -3 6 2 13 12 16 10 3 46 19 80 35 35 16 74 29 87 29 14 0 28 5 32 11 4 7 23 9 51 5 27 -3 51 -1 63 7 15 9 24 9 39 0 10 -6 22 -8 27 -3 9 9 60 18 79 15 6 -1 11 -8 13 -16z m-433 -28 c0 -17 -56 -34 -69 -21 -5 5 -6 16 -2 25 8 21 71 17 71 -4z m533 1 c9 -6 10 -16 1 -40 -10 -28 -15 -31 -66 -38 -67 -8 -87 5 -48 32 14 11 36 27 48 36 24 19 45 22 65 10z m1018 -35 c18 -62 -4 -99 -46 -77 -19 10 -34 67 -24 93 6 16 31 26 50 20 6 -2 15 -18 20 -36z m-399 -23 c5 -15 -28 -27 -40 -15 -5 5 -6 14 -2 21 8 13 37 9 42 -6z m101 -10 c28 -19 28 -40 1 -55 -46 -24 -96 34 -51 60 23 14 24 14 50 -5z m107 -34 c0 -30 -35 -40 -54 -16 -20 24 -6 48 26 44 22 -2 28 -8 28 -28z m87 20 c5 0 8 -10 6 -22 -4 -28 -45 -38 -54 -14 -9 24 4 49 22 42 9 -3 20 -6 26 -6z m1873 -19 c0 -8 -4 -16 -10 -18 -16 -5 -38 14 -30 26 9 16 40 9 40 -8z m83 -12 c2 -13 8 -29 13 -35 6 -7 2 -18 -11 -29 -30 -27 -43 -8 -35 49 8 49 27 58 33 15z m-168 6 c7 -8 10 -25 6 -40 -8 -29 8 -33 42 -9 20 13 24 14 37 1 8 -9 20 -17 27 -19 20 -7 -1 -27 -41 -38 -43 -11 -71 -5 -71 16 0 8 -10 14 -23 14 -29 0 -47 18 -47 45 0 41 45 60 70 30z m-112 -4 c21 -13 10 -46 -16 -49 -24 -4 -38 18 -28 43 6 17 24 19 44 6z m-2900 -16 c10 -9 -27 -45 -46 -45 -13 0 -38 -11 -55 -24 -76 -57 -158 -83 -182 -59 -18 17 -21 129 -4 135 12 4 282 -3 287 -7z m302 -42 c0 -31 -7 -57 -18 -71 -18 -23 -22 -24 -190 -23 -95 0 -176 0 -182 1 -24 1 -6 22 38 44 26 14 70 41 97 60 49 35 52 35 153 36 l102 0 0 -47z m414 8 c3 -5 22 -12 42 -16 l36 -6 -5 -52 c-6 -63 -33 -89 -86 -85 l-36 3 -3 83 c-3 81 -3 82 22 82 14 0 27 -4 30 -9z m491 -62 c12 -36 -2 -67 -32 -71 -38 -4 -38 -21 0 -38 17 -8 34 -24 36 -34 3 -18 -3 -19 -105 -13 -96 5 -171 21 -190 39 -3 4 0 16 6 28 9 17 9 28 0 45 -9 17 -9 28 -1 44 11 20 19 21 146 21 126 0 134 -1 140 -21z m-340 -54 c0 -30 -39 -27 -43 3 -3 20 0 23 20 20 15 -2 23 -10 23 -23z m2099 -12 c38 -18 43 -30 38 -81 -4 -30 -7 -33 -32 -27 -20 4 -31 2 -37 -10 -8 -13 -15 -14 -36 -6 -27 10 -27 12 -12 40 8 16 19 33 25 36 5 3 10 19 10 36 0 34 -1 34 44 12z m-367 -49 c2 -6 -3 -19 -11 -29 -12 -16 -19 -18 -32 -9 -33 20 -41 44 -20 60 17 12 23 12 40 1 11 -8 21 -18 23 -23z m-2306 9 c5 -5 -22 -41 -59 -82 -100 -106 -175 -137 -236 -95 -21 14 -167 9 -198 -7 -26 -14 -65 -11 -82 7 -17 16 -21 102 -7 138 4 10 26 26 48 35 34 13 82 16 284 14 133 -1 246 -6 250 -10z m532 -43 c10 -28 15 -30 60 -30 51 0 116 -29 136 -62 26 -42 -9 -48 -109 -20 -48 14 -68 25 -77 43 -9 18 -23 25 -54 29 -75 9 -77 70 -2 70 29 0 36 -5 46 -30z m2027 -12 c0 -12 -10 -9 -26 6 -20 21 -17 28 6 14 11 -7 20 -16 20 -20z m-2210 12 c12 -8 13 -13 3 -30 -22 -34 -16 -58 15 -62 21 -2 27 -8 27 -27 0 -21 -5 -24 -35 -24 -42 0 -110 21 -110 34 0 5 -21 9 -47 9 -39 0 -51 -5 -68 -26 -15 -19 -30 -26 -51 -26 -16 1 -53 2 -81 3 -70 2 -89 23 -48 52 15 12 45 36 64 54 l36 33 120 0 c66 0 127 5 135 10 19 12 21 12 40 0z m994 -5 c69 0 90 -3 96 -15 10 -21 30 -80 39 -115 8 -30 32 -86 50 -115 4 -8 17 -42 27 -75 10 -33 28 -73 41 -88 24 -30 31 -81 12 -92 -5 -4 -163 -7 -350 -7 -330 0 -341 1 -355 20 -8 11 -11 29 -7 39 4 11 -6 6 -25 -14 -18 -18 -32 -36 -32 -40 0 -12 -540 -7 -576 5 -19 6 -37 6 -47 1 -9 -5 -165 -10 -346 -11 -254 -1 -334 2 -346 12 -23 19 -19 26 28 53 23 14 51 34 61 46 18 19 30 21 147 21 70 0 139 -4 153 -10 37 -14 543 -17 557 -3 6 6 8 20 5 31 -6 19 -17 20 -388 21 -371 1 -438 6 -375 30 20 8 27 18 27 36 0 34 -32 34 -50 0 -28 -52 -68 -66 -177 -63 l-98 3 0 70 0 70 130 6 c72 3 152 3 178 1 45 -5 48 -7 42 -29 -9 -37 19 -39 54 -4 l30 31 264 0 c145 0 266 -3 270 -6 3 -3 1 -15 -6 -25 -8 -13 -8 -22 -1 -29 8 -8 19 -1 39 25 l29 35 242 0 242 0 11 -32 c12 -33 26 -30 33 7 3 19 10 20 129 16 132 -3 169 2 169 24 0 21 -24 25 -141 25 l-109 0 6 24 c3 14 -1 37 -11 56 -34 65 1 83 140 73 55 -4 140 -8 189 -8z m731 -25 c31 -29 66 -86 58 -94 -4 -3 -17 -6 -30 -6 -16 0 -27 -8 -33 -25 -11 -29 -37 -42 -52 -27 -13 13 -68 -5 -68 -23 0 -17 31 -24 79 -18 25 4 51 0 72 -11 18 -9 57 -16 90 -16 55 0 59 -2 89 -40 30 -38 31 -42 16 -59 -18 -20 -14 -27 31 -46 42 -18 93 -64 93 -85 0 -32 -26 -43 -72 -33 -49 11 -594 10 -619 -1 -25 -11 -67 32 -74 76 -6 31 -4 38 17 51 23 15 98 11 140 -7 22 -10 45 29 29 48 -11 13 -95 13 -163 1 -57 -9 -115 73 -97 138 6 23 2 33 -27 63 -19 20 -34 47 -34 58 0 12 -7 31 -15 42 -8 10 -15 22 -15 26 0 7 302 15 472 13 78 -1 91 -4 113 -25z m338 7 c8 -13 54 -50 102 -82 47 -32 88 -62 91 -66 2 -4 -9 -17 -25 -28 -30 -22 -81 -28 -81 -11 0 6 -10 15 -22 20 -13 6 -36 19 -53 30 -16 11 -37 23 -45 26 -8 4 -24 15 -36 26 -20 18 -20 21 -6 63 11 36 19 45 37 45 13 0 29 -10 38 -23z m1135 -31 c2 -27 -1 -53 -6 -58 -11 -11 -51 8 -65 30 -5 7 -31 22 -58 34 -27 12 -49 25 -49 29 0 7 112 17 160 15 11 -1 16 -15 18 -50z m-264 29 c11 -8 30 -15 42 -15 13 0 25 -4 28 -9 6 -9 32 -22 129 -65 58 -26 49 -46 -23 -46 -55 0 -60 2 -66 25 -5 19 -11 24 -25 20 -11 -3 -29 -8 -41 -11 -13 -4 -31 -13 -40 -21 -21 -19 -55 -9 -64 19 -5 16 0 27 15 39 26 22 27 46 1 54 -11 3 -20 11 -20 16 0 14 43 10 64 -6z m-2345 -9 c28 -34 -41 -83 -98 -70 -27 7 -71 41 -71 56 0 4 24 8 53 9 28 0 61 4 72 9 28 12 31 12 44 -4z m1939 -20 c5 -25 -85 -116 -115 -116 -28 0 -65 35 -61 58 2 9 17 19 36 23 17 3 47 18 65 32 36 30 70 31 75 3z m-703 -115 c3 -5 0 -13 -5 -16 -16 -10 -62 4 -55 15 8 13 52 13 60 1z m1373 -108 l-3 -88 -34 -3 c-18 -2 -38 1 -44 7 -9 9 -78 7 -134 -5 -28 -5 -30 -30 -3 -39 11 -3 64 -3 118 0 l99 7 6 -38 c11 -65 3 -69 -125 -66 l-113 4 -43 41 c-42 41 -42 42 -22 57 26 19 17 30 -26 30 -22 0 -49 13 -90 45 -90 67 -119 94 -112 100 3 4 32 8 64 11 90 6 106 6 141 -1 20 -5 39 -2 51 6 13 10 60 15 146 17 l127 4 -3 -89z m-1056 3 c69 -6 91 -5 110 8 18 12 61 15 206 16 l184 1 39 -40 c42 -41 49 -65 23 -75 -30 -12 -72 -6 -78 10 -6 16 -8 16 -24 0 -21 -18 -57 -21 -67 -6 -10 16 -417 13 -440 -3 -15 -12 -16 -15 -4 -23 18 -11 80 -13 414 -15 l280 -2 58 -34 c31 -19 57 -36 57 -38 0 -2 -6 -10 -13 -17 -11 -10 -89 -13 -382 -12 l-369 1 -38 44 c-27 31 -36 49 -32 65 5 18 -1 26 -24 38 -17 9 -44 33 -61 53 -28 34 -30 39 -15 50 12 9 24 9 52 -1 21 -7 76 -17 124 -20z m-2943 -112 c2 -2 -3 -14 -12 -26 -36 -55 -99 -104 -117 -93 -11 7 -14 118 -3 129 7 7 123 -2 132 -10z"
       id="path6507" />
    <path
       d="M644 4952 c-11 -9 -31 -34 -43 -54 -13 -21 -30 -38 -40 -38 -25 0 -57 -25 -43 -34 18 -11 14 -24 -8 -31 -42 -13 -16 -155 34 -187 21 -14 63 -8 80 11 15 17 30 19 129 17 89 -2 118 -6 140 -20 39 -26 165 -18 225 15 36 19 46 21 62 11 32 -19 114 -15 160 9 33 17 50 20 83 14 23 -4 58 -8 77 -9 19 -1 42 -6 51 -10 8 -3 29 0 45 9 32 17 129 20 168 6 33 -13 213 7 243 26 29 19 29 47 1 67 -25 18 -85 21 -108 6 -12 -7 -12 -12 4 -28 17 -20 16 -20 -14 -27 -26 -6 -37 -2 -61 21 -16 15 -31 36 -34 45 -10 30 -65 34 -113 9 -22 -12 -46 -28 -53 -36 -6 -8 -27 -14 -45 -14 -30 0 -34 3 -34 25 0 18 8 29 26 37 22 10 25 17 20 41 -11 54 -30 81 -69 96 -32 12 -44 12 -77 1 -22 -7 -45 -19 -51 -27 -15 -17 -63 -17 -78 1 -27 32 -56 25 -126 -31 -32 -26 -68 -44 -78 -39 -9 3 -9 5 1 5 7 1 12 15 12 39 -1 28 -7 41 -26 56 -33 24 -105 17 -143 -13 -49 -39 -70 -44 -91 -19 -14 18 -23 21 -35 13 -27 -16 -22 -30 13 -33 31 -3 44 -24 22 -37 -13 -8 -1 -35 17 -35 8 0 40 23 71 50 61 55 97 63 126 31 25 -27 11 -48 -16 -25 -26 24 -53 7 -53 -32 0 -31 24 -48 82 -60 23 -4 34 0 54 20 13 14 28 26 32 26 5 0 23 11 40 24 47 35 80 38 97 7 13 -26 3 -50 -27 -62 -28 -11 -22 -29 11 -29 54 0 54 -48 0 -74 -50 -23 -70 -20 -96 14 -27 37 -57 36 -75 0 -15 -30 -38 -39 -81 -32 -18 2 -44 -1 -58 -8 -32 -18 -78 4 -70 32 3 10 9 27 12 38 10 33 -25 38 -48 7 -16 -21 -23 -25 -42 -17 -24 9 -46 -3 -46 -26 0 -17 -47 -26 -69 -15 -21 11 -37 59 -24 72 4 4 21 9 38 11 39 4 43 27 10 67 -31 36 -51 40 -60 11 -8 -26 -30 -25 -49 2 -14 19 -13 24 6 51 12 16 34 37 50 46 15 9 28 19 28 24 0 14 -65 6 -86 -11z m894 -91 c7 -9 12 -27 10 -41 -3 -23 -31 -37 -85 -42 -16 -2 -16 -4 -3 -29 6 -10 20 -19 30 -19 11 0 20 -4 20 -10 0 -5 -18 -10 -40 -10 -33 0 -40 3 -40 20 0 10 -10 25 -22 31 -13 6 -24 13 -26 14 -7 6 26 71 44 86 36 32 87 32 112 0z m-895 -78 c4 -3 0 -14 -9 -24 -12 -13 -15 -28 -10 -49 5 -27 2 -32 -21 -41 -41 -15 -73 3 -73 41 0 48 28 79 71 80 20 0 39 -3 42 -7z m1106 -32 c11 -7 7 -13 -17 -25 -17 -9 -38 -16 -47 -16 -14 0 -14 3 2 25 19 26 39 31 62 16z"
       id="path6509" />
    <path
       d="M334 4805 c-22 -34 -13 -99 18 -132 24 -26 92 -63 116 -63 24 0 8 27 -38 62 -51 38 -64 82 -35 112 22 22 12 46 -19 46 -16 0 -32 -9 -42 -25z"
       id="path6511" />
    <path
       d="M437 4563 c-11 -11 -8 -58 5 -71 15 -15 45 -16 54 -1 3 6 -2 26 -12 45 -18 33 -33 42 -47 27z"
       id="path6513" />
    <path
       d="M2127 4543 c-3 -5 -1 -17 4 -28 7 -17 8 -17 8 8 1 27 -4 34 -12 20z"
       id="path6515" />
    <path
       d="M566 4323 c-13 -14 -6 -121 10 -137 16 -17 26 -15 59 14 11 10 32 20 47 24 34 8 54 41 37 62 -16 20 -43 17 -64 -6 -27 -30 -52 -25 -60 10 -7 31 -18 44 -29 33z"
       id="path6517" />
    <path
       d="M2630 4025 c0 -9 5 -15 11 -13 6 2 11 8 11 13 0 5 -5 11 -11 13 -6 2 -11 -4 -11 -13z"
       id="path6519" />
    <path
       d="M2635 3939 c-10 -15 3 -25 16 -12 7 7 7 13 1 17 -6 3 -14 1 -17 -5z"
       id="path6521" />
    <path
       d="M2606 3223 c-11 -11 -6 -23 9 -23 8 0 15 4 15 9 0 13 -16 22 -24 14z"
       id="path6523" />
    <path
       d="M2630 2194 c0 -9 7 -14 17 -12 25 5 28 28 4 28 -12 0 -21 -6 -21 -16z"
       id="path6525" />
    <path
       d="M2695 2139 c-10 -15 3 -25 16 -12 7 7 7 13 1 17 -6 3 -14 1 -17 -5z"
       id="path6527" />
    <path
       d="M2747 2116 c-3 -8 7 -28 22 -45 22 -24 30 -28 38 -19 16 21 23 47 17 63 -8 19 -70 20 -77 1z"
       id="path6529" />
    <path
       d="M2750 1881 c-12 -23 -3 -51 16 -51 24 0 36 36 18 54 -20 20 -21 20 -34 -3z"
       id="path6531" />
    <path
       d="M3644 4430 c-25 -10 -35 -30 -27 -58 2 -11 -3 -32 -12 -46 -16 -24 -16 -28 -2 -44 12 -13 13 -28 7 -67 -4 -27 -7 -81 -6 -119 1 -54 5 -71 19 -80 27 -17 34 4 36 115 1 54 6 110 11 125 6 14 10 40 10 58 0 56 16 61 134 36 31 -6 78 -9 104 -6 26 3 70 3 97 -2 l50 -7 -2 -55 c-1 -30 -5 -80 -8 -110 -9 -89 -13 -186 -14 -330 0 -74 0 -148 0 -164 -1 -35 14 -56 39 -56 15 0 17 19 21 198 2 108 3 227 4 263 0 41 5 72 14 82 9 12 12 32 9 62 -7 56 3 64 71 63 36 0 59 5 69 16 25 24 3 38 -64 40 -52 2 -59 4 -74 31 -15 28 -18 28 -88 26 -41 -1 -79 2 -85 7 -7 6 -37 10 -67 10 -60 1 -199 11 -215 16 -5 2 -19 0 -31 -4z"
       id="path6533" />
    <path
       d="M3780 4145 c0 -8 5 -15 10 -15 6 0 10 7 10 15 0 8 -4 15 -10 15 -5 0 -10 -7 -10 -15z"
       id="path6535" />
    <path
       d="M3625 3952 c-15 -10 -55 -70 -55 -81 0 -19 42 -41 60 -31 23 12 36 89 18 106 -7 7 -17 10 -23 6z"
       id="path6537" />
    <path
       d="M3582 3788 c-16 -16 -15 -49 3 -72 12 -15 12 -22 0 -40 -15 -24 -24 -229 -11 -259 5 -9 4 -23 0 -30 -5 -6 -8 -143 -6 -304 3 -256 5 -292 19 -298 9 -3 21 -1 27 5 14 14 17 866 3 893 -6 14 -3 25 12 41 26 27 26 38 3 59 -22 20 -34 21 -50 5z"
       id="path6539" />
    <path
       d="M3229 3753 c-7 -17 -9 -65 -6 -119 4 -68 2 -99 -9 -119 -8 -16 -14 -56 -14 -94 0 -58 3 -71 24 -90 16 -15 26 -19 31 -11 9 15 19 403 11 435 -8 33 -24 32 -37 -2z"
       id="path6541" />
    <path
       d="M4027 3569 c-14 -8 -17 -17 -11 -37 10 -36 13 -150 18 -572 7 -573 13 -719 33 -749 13 -20 17 -58 20 -198 2 -103 0 -180 -6 -191 -12 -22 3 -42 30 -42 24 0 52 47 45 76 -4 13 -11 24 -16 24 -16 0 -12 32 7 52 15 17 15 19 -3 39 -17 19 -18 21 -1 30 20 12 23 55 3 62 -10 4 -13 26 -13 85 1 52 -4 86 -12 96 -17 20 -19 100 -21 764 -2 464 -4 544 -17 557 -17 18 -31 18 -56 4z"
       id="path6543" />
    <path
       d="M3203 3283 c-4 -9 -1 -19 5 -21 15 -5 16 -34 1 -49 -7 -7 -11 -94 -12 -249 l-2 -239 32 0 33 0 2 275 c1 151 -1 281 -6 288 -11 18 -46 15 -53 -5z"
       id="path6545" />
    <path
       d="M3204 2584 c-18 -26 -17 -27 5 -45 31 -26 49 -24 57 5 15 62 -29 91 -62 40z"
       id="path6547" />
    <path
       d="M4084 1719 c-3 -6 3 -23 13 -38 16 -20 18 -30 9 -44 -14 -22 3 -51 32 -55 19 -3 21 1 20 72 l0 76 -33 0 c-19 0 -37 -5 -41 -11z"
       id="path6549" />
    <path
       d="M4088 1524 c-15 -16 -15 -20 -2 -46 12 -24 13 -32 3 -45 -11 -13 -10 -18 6 -29 11 -8 29 -13 40 -12 16 2 20 11 21 43 0 22 3 47 7 55 16 36 -46 63 -75 34z"
       id="path6551" />
    <path
       d="M768 2428 c-4 -101 0 -138 18 -145 8 -3 21 0 29 7 13 10 15 33 13 114 -3 101 -3 101 -29 104 l-27 3 -4 -83z"
       id="path6553" />
    <path
       d="M1064 2176 c-9 -23 0 -51 17 -54 19 -4 32 23 24 49 -7 22 -33 25 -41 5z"
       id="path6555" />
    <path
       d="M1103 1503 c-16 -6 -17 -89 -1 -99 14 -9 38 23 38 51 0 27 -21 54 -37 48z"
       id="path6557" />
    <path
       d="M2125 3849 c-10 -15 3 -25 16 -12 7 7 7 13 1 17 -6 3 -14 1 -17 -5z"
       id="path6559" />
    <path
       d="M2216 3723 c-3 -4 -6 -23 -6 -44 0 -30 5 -39 21 -44 32 -10 56 17 43 51 -9 26 -46 49 -58 37z"
       id="path6561" />
    <path
       d="M2030 1235 c0 -8 7 -15 15 -15 8 0 15 7 15 15 0 8 -7 15 -15 15 -8 0 -15 -7 -15 -15z"
       id="path6563" />
    <path
       d="M1462 1001 c-22 -6 -22 -7 13 -23 32 -14 37 -14 42 -1 3 8 0 19 -8 24 -16 10 -15 10 -47 0z"
       id="path6565" />
    <path
       d="M1552 986 c1 -10 8 -17 13 -17 15 1 12 24 -3 29 -9 3 -13 -2 -10 -12z"
       id="path6567" />
    <path
       d="M1642 588 c-16 -16 -15 -30 1 -52 13 -18 15 -17 41 9 21 21 25 30 15 41 -14 17 -41 18 -57 2z"
       id="path6569" />
    <path
       d="M1815 593 c-32 -8 -38 -19 -19 -38 14 -13 27 -16 63 -11 49 7 71 20 56 35 -13 11 -74 20 -100 14z"
       id="path6571" />
    <path
       d="M2023 593 c-27 -10 -7 -63 24 -63 19 0 29 50 12 61 -15 10 -18 10 -36 2z"
       id="path6573" />
    <path
       d="M2626 582 c-3 -5 4 -19 15 -30 19 -21 29 -22 173 -22 124 0 156 3 166 15 7 8 19 15 26 15 8 0 14 4 14 9 0 18 -383 31 -394 13z"
       id="path6575" />
    <path
       d="M5843 272 c-48 -2 -63 -7 -67 -20 -2 -9 -3 -64 -3 -122 l2 -105 73 -3 c66 -3 75 -1 92 20 25 29 27 93 4 102 -15 6 -15 8 -2 24 24 28 27 48 12 71 -22 30 -42 36 -111 33z m52 -67 c0 -25 -4 -30 -25 -30 -16 0 -26 6 -28 18 -6 30 6 49 30 45 18 -2 23 -9 23 -33z m3 -68 c6 -7 8 -27 3 -47 -6 -29 -11 -35 -31 -35 -22 0 -25 5 -28 39 -4 49 29 75 56 43z"
       id="path6577" />
    <path
       d="M8364 267 c-29 -17 -84 -82 -84 -99 0 -8 -9 -23 -20 -33 -19 -17 -19 -20 -4 -36 9 -10 33 -19 53 -21 31 -3 36 -7 39 -30 3 -25 8 -28 38 -28 30 0 34 3 34 25 0 14 7 28 15 31 8 4 15 12 15 19 0 7 -7 15 -15 19 -11 4 -15 22 -15 74 0 39 -5 73 -12 80 -15 15 -17 15 -44 -1z m-6 -95 c5 -30 -15 -62 -38 -62 -13 0 -20 7 -20 20 0 11 5 20 10 20 6 0 10 8 10 18 0 38 33 41 38 4z"
       id="path6579" />
    <path
       d="M915 227 c-41 -35 -45 -43 -45 -86 0 -43 3 -50 44 -84 40 -33 51 -37 100 -37 31 0 56 -4 56 -10 0 -5 7 -10 15 -10 8 0 15 5 15 10 0 6 -7 10 -15 10 -9 0 -15 10 -15 26 0 14 7 32 15 40 9 10 15 34 15 63 0 41 -5 51 -37 83 -52 49 -89 48 -148 -5z m107 -14 c28 -25 25 -111 -6 -140 l-23 -22 -21 22 c-11 12 -23 41 -27 65 -6 37 -4 47 16 68 27 28 36 30 61 7z"
       id="path6581" />
    <path
       d="M3053 258 c-6 -7 -9 -62 -7 -123 3 -110 3 -110 28 -113 14 -2 26 0 27 5 0 4 2 55 3 113 2 103 -4 130 -29 130 -7 0 -17 -6 -22 -12z"
       id="path6583" />
    <path
       d="M3273 258 c-6 -7 -13 -22 -15 -33 -3 -16 -10 -19 -37 -17 -52 5 -81 -28 -81 -92 1 -79 21 -96 109 -96 l72 0 -3 122 c-3 103 -6 123 -19 126 -9 1 -21 -3 -26 -10z m-29 -84 c12 -5 16 -21 16 -66 0 -59 0 -59 -27 -56 -26 3 -28 7 -31 52 -5 71 3 85 42 70z"
       id="path6585" />
    <path
       d="M3750 262 c-6 -2 -10 -51 -10 -123 l0 -119 80 0 c62 0 80 3 80 14 0 18 -25 28 -54 20 -29 -7 -48 16 -44 53 3 25 7 28 46 31 34 3 43 7 40 20 -2 12 -13 17 -37 17 -37 0 -58 22 -47 50 5 14 13 16 40 11 31 -6 57 6 43 20 -6 6 -122 11 -137 6z"
       id="path6587" />
    <path
       d="M4062 240 c-13 -23 -24 -30 -49 -30 -50 0 -86 -37 -89 -92 -3 -38 1 -49 25 -72 26 -25 33 -27 102 -24 l74 3 3 106 c2 87 0 110 -13 123 -23 23 -34 20 -53 -14z m-2 -125 c0 -56 -13 -72 -51 -60 -15 5 -19 16 -19 55 0 52 16 72 51 63 16 -4 19 -15 19 -58z"
       id="path6589" />
    <path
       d="M4347 264 c-4 -4 -7 -61 -7 -126 l0 -118 100 0 c78 0 100 3 100 14 0 17 -31 26 -87 26 l-42 0 -3 103 c-3 101 -3 102 -28 105 -14 2 -29 0 -33 -4z"
       id="path6591" />
    <path
       d="M6767 263 c-2 -4 -3 -60 -2 -123 l1 -115 29 0 28 0 1 120 1 120 -27 3 c-14 2 -28 0 -31 -5z"
       id="path6593" />
    <path
       d="M7713 229 c-51 -47 -59 -85 -16 -74 15 3 32 7 38 8 5 1 10 -27 10 -68 l0 -70 35 0 35 0 -4 115 c-2 63 -5 118 -8 123 -11 18 -52 3 -90 -34z"
       id="path6595" />
    <path
       d="M7891 239 c-17 -22 -21 -38 -16 -57 7 -27 41 -66 60 -68 5 -1 16 -2 23 -3 14 -1 17 -47 3 -55 -5 -3 -14 1 -21 9 -13 15 -51 20 -63 8 -4 -3 5 -17 19 -30 29 -27 104 -34 104 -9 0 8 7 16 15 20 12 4 15 24 15 89 0 74 -3 86 -23 105 -36 34 -88 30 -116 -9z m79 -55 c0 -31 -4 -44 -14 -44 -17 0 -27 58 -14 83 14 28 28 10 28 -39z"
       id="path6597" />
    <path
       d="M8083 242 c-21 -29 -21 -29 -3 -58 16 -24 17 -31 6 -44 -7 -8 -16 -28 -20 -43 -15 -62 78 -102 132 -58 26 23 30 76 6 102 -15 17 -15 19 0 34 40 40 1 95 -67 95 -25 0 -38 -7 -54 -28z m73 -27 c7 -18 -14 -47 -27 -39 -5 3 -9 16 -9 30 0 27 27 34 36 9z m2 -118 c3 -32 0 -37 -17 -37 -18 0 -21 6 -21 41 0 33 3 40 18 37 12 -2 18 -14 20 -41z"
       id="path6599" />
    <path
       d="M1372 248 c5 -15 28 -18 29 -3 0 6 -7 12 -17 13 -10 3 -15 -1 -12 -10z"
       id="path6601" />
    <path
       d="M2217 253 c-4 -3 -7 -58 -7 -120 l0 -114 33 3 32 3 -3 52 c-4 58 2 75 23 66 10 -3 15 -19 15 -43 0 -45 31 -80 57 -64 46 29 40 76 -11 82 -22 3 -26 8 -26 34 0 17 -8 49 -17 69 -16 34 -22 39 -54 39 -20 0 -39 -3 -42 -7z"
       id="path6603" />
    <path
       d="M2412 248 c-6 -6 -12 -19 -12 -28 0 -9 -5 -21 -11 -27 -19 -19 -6 -48 26 -53 32 -6 34 -13 24 -85 -4 -27 -1 -30 27 -33 l31 -3 -1 118 -1 118 -35 3 c-19 2 -41 -3 -48 -10z"
       id="path6605" />
    <path
       d="M2726 229 c-30 -35 -31 -42 -11 -59 11 -9 15 -30 13 -79 l-3 -66 30 0 30 0 -4 63 c-2 50 1 67 15 83 13 15 15 22 6 31 -18 18 -15 25 13 32 37 9 21 26 -25 26 -30 0 -43 -6 -64 -31z"
       id="path6607" />
    <path
       d="M4578 209 c-14 -8 -18 -24 -18 -78 0 -63 2 -69 30 -89 23 -17 43 -22 94 -22 77 0 77 0 73 115 -2 65 -4 70 -26 73 -34 5 -42 -15 -35 -79 6 -62 -8 -86 -46 -74 -19 6 -21 13 -18 76 2 53 -1 72 -12 79 -18 12 -21 12 -42 -1z"
       id="path6609" />
    <path
       d="M4809 208 c-17 -7 -19 -18 -19 -98 l0 -90 30 0 29 0 3 73 c3 70 4 72 31 75 17 2 27 -2 28 -10 1 -7 2 -40 3 -73 1 -60 1 -60 31 -60 l30 0 3 73 3 72 29 0 c17 0 30 -5 31 -12 0 -7 1 -40 2 -73 2 -60 2 -60 32 -60 l30 0 0 67 c1 54 -3 73 -20 92 -19 24 -27 25 -138 28 -65 2 -127 0 -138 -4z"
       id="path6611" />
    <path
       d="M6375 192 c-14 -15 -25 -34 -25 -43 0 -9 -3 -30 -6 -45 -13 -66 87 -113 136 -64 38 38 14 64 -30 32 -15 -12 -30 -18 -34 -15 -3 4 -6 30 -6 60 0 55 14 69 40 38 7 -8 21 -15 31 -15 44 0 2 64 -48 73 -27 5 -37 2 -58 -21z"
       id="path6613" />
    <path
       d="M6921 213 c-39 -8 -60 -42 -61 -99 0 -68 26 -94 94 -94 63 0 85 25 85 95 0 78 -43 113 -118 98z m47 -42 c9 -5 12 -25 10 -62 -3 -50 -5 -54 -28 -54 -23 0 -25 4 -28 54 -3 49 6 71 28 71 3 0 11 -4 18 -9z"
       id="path6615" />
    <path
       d="M7331 194 c-22 -28 -23 -45 -3 -52 7 -2 12 3 12 12 0 10 9 16 25 16 16 0 25 -6 25 -15 0 -9 -9 -15 -22 -15 -20 0 -68 -42 -68 -60 0 -4 11 -19 25 -34 20 -22 32 -26 80 -26 l55 0 2 60 c0 33 1 63 2 68 3 20 -43 60 -76 66 -31 6 -39 3 -57 -20z m69 -108 c0 -31 -14 -40 -30 -21 -15 18 -6 45 15 45 9 0 15 -9 15 -24z"
       id="path6617" />
    <path
       d="M1137 203 c-4 -3 -7 -35 -7 -71 0 -53 4 -68 23 -88 19 -20 32 -24 89 -24 79 0 81 2 76 115 -3 67 -4 70 -28 70 -24 0 -25 -3 -30 -75 -4 -62 -8 -75 -23 -78 -35 -7 -50 18 -45 78 3 30 3 61 1 68 -5 13 -45 17 -56 5z"
       id="path6619" />
    <path
       d="M1467 203 c-3 -5 -7 -46 -8 -93 l-4 -85 30 0 30 0 0 68 c0 71 10 89 46 80 16 -5 19 -15 19 -79 l0 -74 30 0 30 0 0 71 c0 60 -4 75 -22 95 -19 20 -33 24 -85 24 -34 0 -64 -3 -66 -7z"
       id="path6621" />
    <path
       d="M1694 183 c-28 -42 -28 -111 -1 -139 18 -19 32 -24 78 -24 74 0 99 24 99 97 0 68 -28 93 -105 93 -46 0 -55 -3 -71 -27z m104 -70 c3 -45 0 -52 -18 -58 -32 -10 -50 12 -50 60 0 49 6 57 40 53 23 -3 25 -8 28 -55z"
       id="path6623" />
    <path
       d="M2560 181 c-14 -21 -16 -31 -8 -39 9 -9 9 -15 0 -24 -18 -18 -14 -56 9 -79 16 -16 30 -19 72 -17 l52 3 0 65 c1 83 -21 118 -71 118 -26 0 -39 -7 -54 -27z m61 -26 c0 -5 -12 -11 -26 -13 -18 -2 -25 1 -25 13 0 12 7 15 25 13 14 -2 26 -7 26 -13z m7 -72 c-4 -33 -24 -41 -33 -14 -8 25 1 41 21 41 11 0 14 -8 12 -27z"
       id="path6625" />
    <path
       d="M2874 183 c-18 -17 -24 -28 -16 -31 14 -4 17 -42 3 -42 -21 0 -18 -32 5 -60 22 -26 33 -30 72 -30 66 0 71 6 67 75 -3 33 -4 63 -5 66 0 3 -9 15 -20 27 -28 30 -70 28 -106 -5z m56 -28 c0 -15 -43 -12 -48 3 -3 10 4 13 22 10 15 -2 26 -7 26 -13z m20 -70 c0 -18 -5 -25 -20 -25 -15 0 -20 7 -20 25 0 18 5 25 20 25 15 0 20 -7 20 -25z"
       id="path6627" />
    <path
       d="M3408 199 c-25 -14 -22 -27 7 -31 34 -4 35 -22 2 -28 -16 -3 -36 -18 -47 -35 l-19 -30 26 -27 c22 -23 35 -28 72 -28 25 0 51 4 58 8 6 4 13 35 14 70 2 53 -1 65 -21 87 -25 26 -62 32 -92 14z m50 -117 c3 -17 -2 -22 -17 -22 -16 0 -21 6 -21 26 0 33 33 30 38 -4z"
       id="path6629" />
    <path
       d="M5166 191 c-27 -30 -28 -115 -2 -146 30 -35 112 -36 144 -2 12 13 19 27 15 30 -12 12 -44 7 -60 -8 -19 -19 -42 -16 -57 7 -16 27 4 39 65 41 48 2 54 4 57 25 2 15 -5 33 -19 48 -30 32 -116 35 -143 5z m94 -36 c0 -9 -9 -15 -25 -15 -16 0 -25 6 -25 15 0 9 9 15 25 15 16 0 25 -6 25 -15z"
       id="path6631" />
    <path
       d="M5367 203 c-4 -3 -7 -46 -7 -95 l0 -88 30 0 c17 0 30 6 31 13 1 6 2 39 3 72 1 57 2 60 28 63 32 4 41 -18 36 -91 -3 -52 -3 -52 27 -52 30 0 30 1 37 70 7 67 6 71 -18 93 -21 18 -37 22 -93 22 -37 0 -71 -3 -74 -7z"
       id="path6633" />
    <path
       d="M6021 184 c-12 -14 -20 -29 -16 -32 3 -4 10 -1 14 7 9 14 66 11 66 -4 0 -5 -11 -12 -25 -13 -14 -2 -36 -17 -49 -33 l-24 -30 29 -30 c23 -24 36 -29 73 -29 25 0 51 4 56 8 6 4 10 35 10 69 0 51 -4 66 -24 87 -33 35 -80 35 -110 0z m77 -97 c4 -20 -25 -34 -40 -19 -15 15 -1 44 19 40 10 -2 19 -11 21 -21z"
       id="path6635" />
    <path
       d="M6197 203 c-3 -4 -4 -46 -4 -93 l2 -85 33 -3 34 -3 -4 73 -3 73 30 5 c18 3 30 11 30 20 0 11 -14 16 -57 18 -31 2 -58 -1 -61 -5z"
       id="path6637" />
    <path
       d="M6551 180 c-26 -36 -25 -90 3 -132 16 -25 24 -28 75 -28 58 1 110 27 96 50 -9 15 -46 12 -66 -6 -25 -22 -59 -10 -59 22 0 22 4 24 46 24 82 0 107 32 58 76 -20 19 -36 24 -78 24 -47 0 -55 -3 -75 -30z m107 -27 c2 -8 -6 -13 -22 -13 -26 0 -40 12 -29 24 11 11 46 2 51 -11z"
       id="path6639" />
    <path
       d="M7084 199 c-4 -7 -7 -48 -8 -93 l-1 -81 32 -3 32 -3 3 73 3 73 30 0 30 0 0 -70 0 -70 33 -3 32 -3 0 74 c0 64 -3 76 -23 95 -19 18 -35 22 -90 22 -38 0 -69 -5 -73 -11z"
       id="path6641" />
    <path
       d="M1362 113 c3 -86 3 -88 28 -88 25 0 25 1 24 85 0 85 0 85 -28 88 l-27 3 3 -88z"
       id="path6643" />
    <path
       d="M1995 116 c-16 -12 -17 -16 -6 -30 18 -21 99 -22 107 -1 15 39 -60 61 -101 31z"
       id="path6645" />
    <path
       d="M3563 84 c-7 -3 -13 -19 -13 -35 0 -27 3 -29 36 -29 34 0 35 1 32 33 -3 32 -24 44 -55 31z"
       id="path6647" />
    <path
       d="M4160 75 c-19 -23 -3 -55 30 -55 20 0 29 6 33 22 11 41 -36 66 -63 33z"
       id="path6649" />
    <path
       d="M5588 79 c-10 -5 -18 -16 -18 -23 0 -20 44 -56 68 -56 19 0 22 6 22 39 0 49 -30 65 -72 40z"
       id="path6651" />
    <path
       d="M7497 84 c-24 -24 10 -84 47 -84 14 0 17 8 14 43 -3 37 -6 42 -28 45 -14 2 -29 0 -33 -4z"
       id="path6653" />
  </g>
  <text
     xml:space="preserve"
     style="font-size:35.84013367px;font-style:normal;font-variant:normal;font-weight:bold;font-stretch:normal;text-align:start;line-height:125%;letter-spacing:0px;word-spacing:0px;text-anchor:start;fill:#000000;fill-opacity:1;stroke:none;font-family:Arial;-inkscape-font-specification:Arial Bold"
     x="630.66852"
     y="53.473244"
     id="text6966"
     sodipodi:linespacing="125%"><tspan
       sodipodi:role="line"
       id="tspan6968"
       x="630.66852"
       y="53.473244"
       style="text-align:center;text-anchor:middle">Acabou de</tspan><tspan
       sodipodi:role="line"
       x="630.66852"
       y="98.273415"
       id="tspan6970"
       style="text-align:center;text-anchor:middle">passar a paz</tspan><tspan
       sodipodi:role="line"
       x="630.66852"
       y="143.07358"
       id="tspan6972"
       style="text-align:center;text-anchor:middle">numa caixinha</tspan></text>
</svg>
