<?xml version="1.0" standalone="no"?>
<!DOCTYPE svg PUBLIC "-//W3C//DTD SVG 20010904//EN"
 "http://www.w3.org/TR/2001/REC-SVG-20010904/DTD/svg10.dtd">
<svg version="1.0" xmlns="http://www.w3.org/2000/svg"
 width="900.000000pt" height="1746.000000pt" viewBox="0 0 900.000000 1746.000000"
 preserveAspectRatio="xMidYMid meet">
<metadata>
Created by potrace 1.10, written by Peter Selinger 2001-2011
</metadata>
<g transform="translate(0.000000,1746.000000) scale(0.100000,-0.100000)"
fill="#000000" stroke="none">
<path d="M4144 15428 c-14 -29 -29 -60 -34 -68 -5 -8 -26 -49 -46 -90 -20 -41
-46 -92 -56 -113 -10 -20 -23 -47 -28 -60 -6 -12 -14 -29 -19 -37 -5 -8 -17
-33 -27 -55 -11 -22 -31 -61 -46 -88 -16 -26 -28 -53 -28 -58 0 -9 -133 -281
-493 -1007 -56 -113 -55 -115 141 -123 81 -3 176 -11 212 -17 36 -6 94 -16
130 -22 144 -24 277 -59 368 -96 18 -8 39 -14 46 -14 24 0 256 -122 351 -184
50 -33 128 -93 174 -135 88 -79 227 -231 243 -266 10 -22 20 -38 65 -108 17
-26 36 -62 43 -80 7 -17 26 -60 41 -95 16 -34 29 -69 29 -78 0 -8 7 -36 15
-62 32 -101 57 -384 36 -405 -6 -6 -11 -34 -11 -62 -1 -27 -8 -68 -16 -90 -9
-22 -19 -56 -23 -75 -4 -19 -15 -48 -24 -65 -23 -41 -35 -62 -47 -82 -6 -10
-14 -28 -20 -40 -10 -23 -18 -35 -96 -125 -45 -52 -95 -99 -195 -183 -42 -34
-160 -96 -244 -128 -90 -33 -119 -38 -247 -44 -173 -7 -251 10 -416 91 -35 17
-68 37 -74 43 -6 7 -14 13 -19 13 -4 0 -28 14 -52 30 -25 17 -48 30 -52 30 -4
0 -24 12 -44 28 -96 73 -128 85 -223 90 -68 3 -91 1 -109 -12 -13 -9 -31 -16
-40 -16 -24 0 -107 -85 -124 -127 -8 -20 -15 -63 -15 -97 0 -118 95 -249 228
-315 95 -47 123 -59 157 -64 17 -3 50 -11 75 -18 60 -18 504 -17 575 0 28 7
73 16 100 21 28 4 61 13 75 18 14 6 52 18 85 27 69 20 75 22 95 34 8 5 45 22
83 37 37 15 90 42 118 61 28 18 55 33 59 33 5 0 29 14 53 30 25 17 50 30 55
30 6 0 31 17 55 38 24 20 57 47 73 60 147 114 187 156 300 307 59 81 69 96
108 170 12 22 34 58 47 80 14 22 34 63 44 90 10 28 24 59 30 70 7 11 20 47 30
80 10 33 23 76 30 95 42 116 59 484 30 638 -19 102 -41 184 -61 230 -8 18 -14
40 -14 48 0 14 -15 48 -41 94 -5 8 -12 22 -15 30 -3 8 -10 22 -15 30 -5 8 -13
25 -19 38 -11 26 -89 142 -106 157 -6 5 -21 26 -32 46 -24 40 -255 269 -299
297 -16 9 -54 36 -84 60 -31 23 -59 42 -63 42 -5 0 -25 13 -46 30 -52 41 -331
180 -361 180 -8 0 -20 5 -26 11 -6 6 -26 14 -44 19 -19 5 -68 20 -109 33 -145
48 -286 82 -383 92 -41 5 -60 12 -67 25 -8 14 20 77 135 307 l144 288 673 5
672 5 12 25 c7 14 39 81 72 150 32 69 68 145 78 170 10 25 31 67 47 94 16 28
29 61 30 75 l2 26 -793 3 -793 2 -25 -52z"/>
<path d="M1072 8569 c-42 -12 -92 -80 -92 -125 0 -43 33 -98 74 -124 l33 -20
3388 0 3388 0 33 20 c38 24 74 80 74 117 0 38 -27 87 -63 114 l-32 24 -3385 2
c-2103 1 -3397 -2 -3418 -8z"/>
<path d="M2702 6026 c-17 -7 -37 -17 -44 -24 -7 -7 -19 -12 -27 -12 -8 0 -96
-40 -196 -89 -163 -81 -329 -162 -666 -325 -64 -31 -122 -62 -128 -70 -14 -17
-2 -53 27 -80 21 -18 22 -18 65 3 24 11 50 21 58 21 8 0 23 7 33 15 11 8 32
15 47 15 15 0 40 5 56 11 41 16 132 14 173 -4 43 -19 97 -67 118 -104 50 -93
53 -198 49 -1913 -2 -1187 -6 -1595 -15 -1625 -6 -22 -14 -53 -17 -68 -3 -16
-27 -50 -54 -77 -64 -64 -116 -79 -316 -94 l-160 -11 -3 -62 -3 -63 840 0 839
0 4 45 c6 77 -2 86 -74 86 -107 0 -247 14 -260 27 -7 7 -26 12 -43 12 -24 0
-41 11 -76 48 -68 70 -85 111 -88 216 -2 49 -7 100 -12 113 -5 14 -9 843 -9
2012 0 1532 -3 1990 -12 1999 -15 15 -62 14 -106 -2z"/>
<path d="M5890 6030 c-14 -4 -47 -8 -75 -9 -58 -1 -173 -27 -230 -52 -170 -74
-241 -118 -365 -223 -210 -180 -367 -401 -502 -706 -10 -25 -24 -52 -29 -60
-11 -18 -9 -11 -49 -140 -18 -58 -39 -120 -46 -138 -8 -18 -14 -46 -14 -62 0
-16 -6 -49 -14 -72 -8 -24 -17 -63 -20 -88 -4 -24 -11 -49 -16 -55 -4 -5 -10
-46 -13 -90 -3 -44 -10 -109 -17 -145 -12 -67 -32 -392 -31 -515 0 -125 21
-458 32 -515 6 -30 14 -84 19 -120 17 -124 52 -288 73 -340 5 -14 13 -41 17
-60 11 -50 50 -159 81 -226 10 -23 19 -45 19 -49 0 -15 86 -183 127 -247 24
-37 43 -69 43 -71 0 -7 65 -103 95 -141 14 -17 35 -44 47 -61 48 -65 217 -223
288 -270 124 -82 206 -120 325 -152 74 -20 408 -30 440 -13 11 5 40 14 65 19
55 12 120 35 183 67 27 13 53 24 58 24 5 0 22 8 37 19 15 10 59 39 97 64 87
56 190 146 247 213 24 28 60 71 82 96 35 42 53 69 72 108 5 8 24 39 45 70 20
30 51 87 69 125 17 39 47 102 64 140 55 118 66 145 66 160 0 8 6 29 14 47 23
54 76 227 76 250 0 12 6 44 14 72 34 120 59 303 77 566 12 168 5 681 -10 725
-5 17 -15 76 -20 132 -6 55 -15 121 -20 145 -15 64 -31 138 -41 183 -14 67
-48 176 -76 243 -8 18 -14 39 -14 47 0 7 -7 26 -15 42 -7 15 -23 48 -34 73
-25 58 -79 169 -94 195 -7 11 -25 43 -41 70 -16 28 -56 85 -88 128 -32 43 -58
80 -58 83 0 18 -233 251 -306 306 -52 40 -186 113 -279 153 -44 19 -120 36
-205 45 -41 5 -86 11 -100 14 -14 2 -36 1 -50 -4z m229 -253 c78 -30 89 -38
172 -125 49 -51 89 -97 89 -102 0 -5 13 -28 28 -52 36 -54 106 -221 137 -325
8 -29 22 -75 30 -102 8 -27 15 -59 15 -70 0 -12 5 -31 10 -41 20 -37 65 -308
80 -479 6 -64 14 -154 19 -201 12 -108 12 -692 0 -870 -22 -351 -44 -590 -60
-651 -5 -20 -12 -65 -15 -100 -3 -35 -10 -77 -16 -94 -6 -16 -14 -52 -19 -80
-12 -77 -35 -182 -47 -212 -5 -16 -20 -61 -32 -101 -13 -40 -27 -75 -31 -78
-5 -3 -9 -12 -9 -21 0 -18 -29 -78 -61 -128 -10 -16 -23 -39 -28 -51 -15 -33
-109 -132 -170 -177 -98 -74 -178 -106 -287 -115 -52 -4 -100 -4 -107 0 -7 4
-24 8 -39 8 -46 0 -149 61 -225 134 -40 38 -73 74 -73 82 0 7 -6 17 -14 21 -8
4 -41 62 -74 128 -62 127 -79 168 -92 225 -8 34 -18 65 -46 140 -7 19 -20 71
-29 115 -9 44 -23 110 -31 146 -8 37 -14 76 -14 88 0 11 -6 40 -14 63 -8 24
-17 91 -19 150 -3 58 -8 111 -12 118 -7 12 -26 416 -26 565 0 117 19 562 26
620 4 28 8 86 11 130 2 44 9 94 14 110 5 17 14 91 20 165 6 74 14 142 17 150
3 8 9 38 14 65 14 93 37 210 48 243 29 84 33 100 42 136 5 21 21 64 36 95 14
31 34 76 46 101 74 165 239 339 367 389 97 38 249 33 369 -12z"/>
</g>
</svg>
