<?xml version="1.0" encoding="UTF-8" standalone="no"?>
<svg
   xmlns:dc="http://purl.org/dc/elements/1.1/"
   xmlns:cc="http://creativecommons.org/ns#"
   xmlns:rdf="http://www.w3.org/1999/02/22-rdf-syntax-ns#"
   xmlns:svg="http://www.w3.org/2000/svg"
   xmlns="http://www.w3.org/2000/svg"
   xmlns:sodipodi="http://sodipodi.sourceforge.net/DTD/sodipodi-0.dtd"
   xmlns:inkscape="http://www.inkscape.org/namespaces/inkscape"
   version="1.0"
   width="900.000000pt"
   height="1065.000000pt"
   viewBox="0 0 900.000000 1065.000000"
   preserveAspectRatio="xMidYMid meet"
   id="svg3301"
   inkscape:version="0.48.4 r9939"
   sodipodi:docname="2.svg">
  <defs
     id="defs3443" />
  <sodipodi:namedview
     pagecolor="#ffffff"
     bordercolor="#666666"
     borderopacity="1"
     objecttolerance="10"
     gridtolerance="10"
     guidetolerance="10"
     inkscape:pageopacity="0"
     inkscape:pageshadow="2"
     inkscape:window-width="1600"
     inkscape:window-height="824"
     id="namedview3441"
     showgrid="false"
     inkscape:zoom="0.50141506"
     inkscape:cx="678.81569"
     inkscape:cy="650.13783"
     inkscape:window-x="0"
     inkscape:window-y="24"
     inkscape:window-maximized="1"
     inkscape:current-layer="svg3301" />
  <metadata
     id="metadata3303">
Created by potrace 1.10, written by Peter Selinger 2001-2011
<rdf:RDF>
  <cc:Work
     rdf:about="">
    <dc:format>image/svg+xml</dc:format>
    <dc:type
       rdf:resource="http://purl.org/dc/dcmitype/StillImage" />
  </cc:Work>
</rdf:RDF>
</metadata>
  <g
     transform="translate(0.000000,1065.000000) scale(0.100000,-0.100000)"
     fill="#000000"
     stroke="none"
     id="g3305"
     style="fill:#1a1a1a">
    <path
       d="M107 10523 c-4 -3 -7 -1404 -7 -3113 0 -3030 0 -3107 19 -3124 10 -9 26 -38 35 -64 19 -53 30 -77 75 -174 17 -37 31 -73 31 -80 0 -7 12 -33 26 -58 37 -64 54 -116 64 -190 5 -36 16 -110 24 -165 8 -55 20 -147 26 -205 11 -105 35 -216 50 -235 5 -5 24 -51 44 -101 60 -151 122 -233 316 -415 19 -17 46 -39 60 -48 15 -9 40 -26 56 -39 49 -39 128 -87 164 -101 19 -8 49 -20 65 -26 71 -29 197 -68 280 -88 78 -18 123 -21 335 -21 219 0 254 2 330 21 170 44 356 111 400 145 45 34 124 87 160 107 65 37 233 199 270 262 14 23 40 60 57 81 18 22 33 48 33 58 0 11 5 22 10 25 15 10 56 93 73 151 17 59 54 134 65 134 15 0 32 -24 32 -44 0 -24 76 -204 95 -226 7 -8 20 -31 28 -50 56 -126 185 -266 364 -396 177 -128 250 -162 518 -236 109 -31 113 -31 360 -32 208 0 263 3 330 18 149 34 359 106 399 137 11 9 39 26 61 38 45 24 125 78 168 113 45 36 187 180 187 189 0 4 16 24 35 45 19 20 35 41 35 46 0 5 18 37 40 70 22 34 40 66 40 70 0 5 16 43 35 84 19 41 35 82 35 92 0 20 33 129 42 137 3 4 11 -13 17 -37 25 -107 44 -158 80 -228 21 -41 42 -86 46 -100 17 -58 187 -254 305 -353 31 -26 120 -89 158 -112 9 -5 32 -20 50 -33 28 -20 55 -33 147 -72 47 -19 216 -70 290 -87 67 -15 121 -18 330 -17 245 2 252 2 360 31 219 60 331 100 374 135 17 12 67 46 112 73 78 48 107 71 212 173 42 41 177 220 177 235 0 4 13 28 28 54 16 27 38 76 50 108 11 33 30 83 42 110 18 41 22 76 27 195 2 83 11 164 19 189 8 25 14 57 14 73 0 45 39 179 66 225 l24 42 -2 3303 -3 3303 -4391 3 c-2415 1 -4394 -1 -4397 -5z m1681 -784 c2 -9 -11 -31 -28 -49 -25 -27 -33 -30 -45 -20 -20 17 -19 32 6 64 23 30 62 32 67 5z m4448 -110 c60 -18 103 -114 104 -227 0 -84 -18 -138 -64 -188 -41 -46 -41 -46 -112 -47 -56 -1 -77 3 -106 21 -46 28 -76 97 -86 194 l-7 73 -29 -32 c-31 -35 -62 -48 -139 -59 -26 -3 -50 -10 -53 -16 -3 -5 -7 -43 -9 -85 -2 -41 -8 -80 -13 -85 -5 -5 -25 -8 -43 -6 l-34 3 -3 220 c-3 258 -9 245 108 245 142 0 188 -31 216 -145 l7 -30 12 41 c29 95 52 119 128 133 43 9 68 6 123 -10z m-5171 -3 c18 -8 48 -33 64 -57 30 -41 31 -45 31 -156 0 -131 -10 -163 -64 -211 -34 -30 -42 -32 -110 -32 -68 0 -75 2 -112 34 -47 40 -64 96 -64 204 1 127 27 188 95 218 40 18 117 17 160 0z m695 -1 c16 -19 26 -373 12 -420 -7 -26 -13 -30 -42 -30 -55 0 -60 21 -59 243 1 184 2 193 22 207 27 19 51 19 67 0z m330 -6 c64 -25 89 -132 43 -181 -28 -30 -29 -45 -4 -66 14 -13 22 -40 29 -102 6 -46 8 -88 6 -92 -8 -13 -72 -9 -81 5 -4 6 -12 45 -18 86 -9 63 -14 77 -37 94 -23 17 -33 19 -55 11 -27 -9 -28 -12 -33 -104 l-5 -95 -43 -3 c-38 -3 -43 0 -52 23 -6 14 -10 113 -10 220 0 157 3 196 15 208 12 12 35 14 117 10 57 -2 114 -9 128 -14z m220 1 c18 -18 20 -33 20 -189 0 -141 3 -172 16 -185 22 -22 50 -20 74 6 19 20 20 34 20 195 l0 173 25 10 c26 10 55 4 67 -14 4 -6 8 -83 8 -171 0 -135 -3 -166 -19 -201 -28 -61 -52 -74 -142 -74 -70 0 -81 3 -110 27 -52 44 -59 74 -59 250 0 87 4 163 8 169 18 28 66 30 92 4z m537 -8 c35 -25 58 -65 50 -86 -11 -28 -71 -20 -105 14 -49 49 -117 34 -110 -24 3 -32 0 -30 121 -86 96 -45 107 -58 107 -135 0 -46 -7 -56 -64 -100 -29 -22 -43 -25 -119 -25 l-86 0 -36 37 c-30 31 -35 43 -33 73 3 33 5 35 41 38 35 3 39 1 53 -33 21 -50 55 -64 99 -40 19 10 37 27 41 37 8 26 -38 74 -85 88 -73 22 -108 42 -124 70 -38 64 -6 170 56 190 52 16 161 6 194 -18z m440 12 c84 -13 133 -162 98 -300 -32 -130 -66 -154 -214 -154 -89 0 -101 2 -111 19 -6 12 -10 101 -10 219 0 208 1 214 45 225 21 5 136 0 192 -9z m871 5 c36 -12 75 -68 70 -101 -3 -20 -9 -23 -43 -23 -32 0 -42 5 -52 25 -27 55 -89 41 -111 -25 -18 -53 -10 -196 12 -230 28 -43 53 -49 81 -21 34 34 33 78 -2 111 -40 36 -23 59 45 63 79 5 92 -14 92 -132 0 -73 -4 -98 -16 -110 -20 -20 -43 -20 -50 -1 -8 19 -33 19 -58 0 -11 -9 -41 -15 -68 -15 -43 0 -54 5 -91 39 l-42 40 0 148 c0 140 1 150 24 182 13 18 38 39 55 47 38 16 112 18 154 3z m429 -36 c34 -41 32 -124 -3 -166 l-25 -30 25 -21 c22 -19 25 -29 27 -101 2 -110 4 -105 -41 -105 -49 0 -60 20 -60 106 0 76 -11 94 -60 94 -36 0 -39 -2 -45 -32 -3 -18 -6 -62 -8 -98 l-2 -65 -38 -3 c-67 -6 -67 -4 -67 234 0 213 0 214 23 219 40 9 131 10 192 3 48 -7 64 -13 82 -35z m174 37 c18 -10 19 -23 19 -223 0 -229 -2 -237 -52 -237 -21 0 -31 6 -37 23 -5 13 -10 111 -10 219 -2 193 -1 197 21 212 26 19 33 19 59 6z m316 -6 c57 -11 98 -92 83 -160 -14 -60 -69 -94 -154 -94 -54 0 -60 -11 -62 -99 -1 -43 -5 -84 -8 -90 -4 -6 -23 -11 -42 -11 -28 0 -36 5 -44 26 -15 39 -13 396 3 417 16 22 143 28 224 11z m400 -7 c14 -13 15 -21 7 -35 -9 -13 -28 -18 -85 -20 -40 -2 -79 -8 -87 -14 -8 -7 -12 -26 -10 -47 l3 -36 70 -3 c76 -3 95 -13 95 -48 0 -27 -15 -33 -105 -36 l-60 -3 0 -60 0 -60 89 -5 c70 -4 91 -9 100 -22 8 -13 8 -23 0 -35 -10 -16 -29 -18 -150 -18 l-139 0 -3 220 c-2 188 0 222 13 231 9 7 59 11 130 10 95 -1 117 -4 132 -19z m1119 12 c91 -23 120 -90 112 -257 -5 -103 -19 -137 -73 -174 -37 -26 -47 -27 -147 -28 -96 0 -108 2 -108 18 -4 137 -1 433 5 441 8 14 153 14 211 0z m444 -3 c6 -8 10 -25 8 -38 -3 -21 -9 -23 -78 -28 -88 -6 -100 -12 -100 -49 0 -40 17 -50 95 -53 l70 -3 0 -35 0 -35 -70 -3 c-38 -2 -75 -8 -82 -14 -7 -6 -13 -30 -13 -54 0 -55 16 -64 109 -64 60 0 72 -3 81 -20 8 -14 8 -26 0 -40 -10 -19 -19 -20 -148 -18 l-137 3 -3 224 c-2 173 1 226 10 233 7 4 65 8 129 8 90 0 119 -3 129 -14z m-5653 -8 c9 -11 27 -100 48 -229 5 -36 29 -68 41 -56 3 3 9 32 13 64 4 32 10 63 13 69 4 6 12 39 17 73 13 79 23 91 76 91 61 0 62 -11 15 -145 -11 -33 -29 -104 -40 -158 -11 -57 -28 -110 -40 -127 -19 -26 -27 -30 -71 -30 -48 0 -50 1 -68 43 -11 23 -26 69 -34 102 -8 33 -20 80 -26 105 -18 71 -33 181 -27 196 7 18 70 19 83 2z m2270 0 c6 -7 20 -58 33 -113 12 -55 35 -137 51 -183 16 -46 29 -99 29 -118 0 -35 0 -35 -42 -32 -38 3 -44 7 -52 33 -22 76 -21 75 -85 75 -63 0 -75 -7 -87 -55 -4 -17 -11 -36 -17 -42 -12 -16 -73 -17 -82 -2 -8 13 29 184 56 259 11 30 29 80 39 111 9 32 21 62 24 68 10 15 121 14 133 -1z m-2553 -819 c6 -5 5 -18 -2 -33 -10 -23 -17 -25 -89 -28 -75 -3 -78 -4 -87 -31 -17 -48 1 -62 82 -65 75 -3 98 -16 88 -50 -8 -23 -46 -33 -102 -25 -54 7 -76 -14 -72 -71 l3 -41 89 -5 c101 -6 119 -18 98 -64 -12 -26 -12 -26 -141 -26 -71 0 -132 4 -136 9 -5 9 -10 257 -7 378 l2 62 88 4 c102 4 173 -1 186 -14z m277 11 c45 -13 81 -69 60 -94 -24 -29 -101 -14 -101 20 0 8 -12 20 -26 26 -24 11 -29 9 -51 -16 -41 -48 -13 -90 81 -119 57 -18 110 -66 119 -108 10 -41 -11 -95 -49 -128 -33 -29 -40 -31 -115 -31 -57 0 -89 5 -107 16 -75 45 -90 118 -27 130 41 7 49 3 81 -47 20 -33 30 -40 52 -37 36 4 60 47 47 83 -8 22 -26 34 -90 59 -68 26 -83 36 -98 66 -35 70 -3 168 59 181 46 10 126 10 165 -1z m429 -30 c0 -30 -15 -40 -60 -40 -19 0 -33 -7 -40 -19 -6 -11 -10 -90 -10 -184 0 -178 0 -177 -55 -177 -55 0 -55 -1 -55 184 0 187 -2 196 -54 196 -47 0 -61 15 -57 57 1 13 182 22 283 15 45 -4 48 -6 48 -32z m1121 30 c6 0 9 -15 7 -32 l-3 -33 -70 -3 c-82 -4 -97 -13 -93 -61 l3 -36 80 -5 c75 -5 80 -7 83 -29 5 -36 -11 -44 -81 -42 -76 2 -90 -9 -85 -71 l3 -43 80 -3 c61 -2 83 -7 93 -19 16 -22 15 -38 -4 -57 -23 -23 -245 -23 -268 0 -14 14 -16 44 -14 222 l3 207 115 5 c63 3 121 5 128 3 8 -2 18 -3 23 -3z m2016 -4 c16 -7 17 -38 1 -54 -7 -7 -27 -12 -45 -12 -22 0 -36 -6 -43 -19 -6 -11 -10 -90 -10 -185 l0 -166 -24 -6 c-60 -15 -61 -15 -66 176 -3 96 -9 181 -13 188 -5 7 -29 12 -57 12 -36 0 -49 4 -54 17 -17 43 -26 -23 -26 -193 0 -126 -4 -184 -12 -192 -16 -16 -73 -15 -87 2 -8 9 -11 77 -9 222 l3 209 48 3 c27 2 54 -1 60 -7 8 -6 17 -5 28 2 16 12 277 14 306 3z m327 -15 c48 -45 65 -223 32 -333 -23 -77 -56 -98 -156 -98 -85 0 -114 16 -154 84 -24 41 -26 54 -26 153 0 63 4 113 11 120 5 5 18 25 27 44 23 45 66 60 165 56 63 -3 81 -8 101 -26z m353 9 c68 -30 70 -100 2 -100 -19 0 -40 11 -64 36 -28 27 -41 34 -58 28 -35 -10 -47 -24 -47 -55 0 -31 22 -51 80 -70 19 -7 59 -26 88 -43 61 -36 79 -76 62 -136 -14 -48 -19 -54 -67 -79 -62 -31 -170 -30 -222 4 -26 16 -41 34 -46 54 -17 79 68 101 100 25 24 -57 106 -56 121 1 8 32 -10 75 -31 75 -36 0 -146 54 -165 80 -26 37 -28 128 -2 160 34 42 176 54 249 20z m1171 -7 c35 -26 50 -66 32 -87 -22 -28 -58 -19 -100 24 -34 34 -43 39 -59 30 -43 -22 -51 -49 -51 -166 0 -106 1 -114 26 -143 14 -17 31 -31 37 -31 23 1 68 50 70 77 2 22 -5 30 -36 46 -30 14 -38 23 -35 40 3 21 8 22 83 22 l80 0 5 -87 c7 -130 16 -127 58 17 11 39 25 84 30 100 6 17 18 57 27 90 9 33 18 66 21 73 2 8 26 12 72 12 l68 0 22 -44 c12 -24 22 -49 22 -57 0 -26 50 -210 64 -238 8 -14 17 -43 21 -63 6 -34 5 -38 -19 -44 -45 -11 -72 3 -89 45 -18 44 -31 51 -92 51 -58 0 -75 -8 -75 -34 0 -55 -48 -80 -105 -54 -19 9 -28 9 -37 0 -7 -7 -21 -12 -33 -12 -12 0 -26 5 -33 12 -9 9 -18 9 -37 0 -38 -17 -130 -15 -145 3 -7 8 -19 15 -27 15 -27 0 -46 70 -47 175 -1 134 9 191 40 218 36 31 59 37 142 33 54 -2 80 -8 100 -23z m1424 17 c33 -10 78 -50 78 -71 0 -17 -33 -39 -60 -39 -21 0 -36 9 -51 30 -29 38 -46 44 -75 25 -49 -32 -18 -104 51 -121 42 -10 97 -38 117 -61 23 -25 31 -90 15 -133 -19 -53 -74 -80 -167 -80 -65 0 -81 4 -114 26 l-39 27 -19 -27 c-19 -26 -21 -26 -143 -26 -92 0 -125 3 -134 14 -8 9 -11 77 -9 222 l3 209 134 3 c78 1 138 -1 144 -7 7 -7 4 -19 -7 -35 -15 -24 -22 -26 -91 -26 -71 0 -76 -2 -87 -25 -8 -19 -8 -31 0 -50 11 -23 16 -25 86 -25 59 0 77 -3 84 -16 25 -44 -12 -64 -120 -64 l-46 0 -7 -41 c-10 -58 3 -67 108 -71 l89 -3 5 28 c10 47 95 50 113 3 21 -56 65 -71 100 -34 44 47 20 86 -68 114 -83 25 -132 74 -139 136 -5 40 -2 49 26 81 18 20 44 38 59 40 54 8 128 7 164 -3z m-6176 -45 c23 -66 52 -176 64 -243 6 -35 18 -79 27 -97 20 -41 6 -65 -37 -65 -30 0 -54 22 -65 60 -10 33 -22 40 -73 40 -48 0 -82 -14 -82 -34 0 -7 -10 -25 -21 -40 -17 -22 -28 -27 -58 -24 -35 3 -36 4 -33 38 1 19 13 64 26 100 13 36 33 108 46 160 13 52 29 108 37 123 14 27 16 28 84 25 l71 -3 14 -40z m425 16 c24 -24 29 -38 29 -77 0 -40 -5 -53 -32 -81 l-31 -32 31 -30 c31 -28 32 -32 32 -109 0 -85 -4 -92 -55 -92 -32 0 -42 16 -49 85 -10 85 -13 92 -48 104 -25 9 -36 8 -55 -4 -21 -14 -23 -23 -23 -95 0 -76 -1 -80 -24 -86 -62 -15 -61 -19 -66 214 -3 117 -3 217 -2 222 2 6 57 10 134 10 l130 0 29 -29z m690 -6 c4 -16 13 -57 19 -90 24 -131 27 -145 34 -152 12 -12 24 17 36 86 14 76 38 161 53 179 15 19 133 16 141 -4 10 -27 7 -394 -4 -415 -12 -22 -59 -26 -78 -7 -8 8 -12 50 -12 122 0 61 -5 118 -10 126 -5 8 -10 13 -10 10 -6 -57 -34 -168 -54 -212 -23 -51 -29 -58 -55 -58 -37 0 -45 12 -59 88 -6 34 -20 82 -31 105 -11 23 -23 51 -28 62 -5 13 -9 -26 -11 -104 -1 -74 -7 -130 -14 -138 -7 -9 -26 -13 -47 -11 l-36 3 -3 210 c-1 115 0 215 3 223 3 9 25 12 82 10 77 -3 77 -3 84 -33z m615 8 c3 -16 12 -48 20 -73 7 -25 22 -74 32 -110 l19 -65 8 40 c4 22 12 45 16 51 5 6 13 34 19 62 5 28 16 67 24 87 l15 36 73 -3 73 -3 3 -209 c3 -224 0 -236 -47 -236 -47 0 -51 14 -51 156 0 186 -13 184 -53 -6 -7 -30 -15 -59 -18 -65 -4 -5 -10 -25 -14 -43 -7 -33 -38 -51 -70 -38 -20 7 -44 64 -55 130 -13 73 -33 138 -45 139 -6 1 -12 -49 -15 -127 -5 -140 -12 -155 -62 -143 -18 5 -27 16 -32 38 -8 40 -8 372 0 393 5 13 22 16 80 16 72 0 74 -1 80 -27z m444 -149 c4 -151 7 -175 24 -193 24 -27 58 -27 82 0 17 18 20 42 24 193 l5 171 48 3 47 3 0 -168 c0 -209 -6 -235 -63 -262 -47 -23 -180 -30 -192 -10 -4 5 -17 14 -30 19 -14 5 -32 28 -44 56 -18 40 -21 67 -21 193 0 104 4 151 12 159 8 8 32 12 58 10 l45 -3 5 -171z m1720 -4 l5 -175 80 -5 c76 -5 80 -6 89 -32 17 -50 -2 -58 -133 -58 -78 0 -121 4 -129 12 -13 13 -18 419 -5 432 4 4 25 6 48 4 l40 -3 5 -175z m320 -8 c5 -195 7 -202 57 -202 39 0 48 34 53 215 l5 170 50 0 50 0 0 -180 c0 -164 -2 -182 -20 -206 -34 -45 -70 -59 -150 -59 -68 0 -77 3 -117 33 l-43 33 -3 193 -2 192 57 -3 58 -3 5 -183z m1324 157 c38 -44 36 -104 -4 -154 l-30 -38 25 -23 c31 -28 37 -53 33 -134 -2 -53 -6 -65 -21 -68 -57 -11 -87 28 -87 112 0 52 -8 64 -49 76 -59 17 -71 1 -71 -88 0 -85 -9 -102 -49 -102 -52 0 -53 2 -51 225 0 115 3 212 6 217 3 4 65 8 139 8 l133 0 26 -31z m864 -357 c4 -41 -12 -62 -47 -62 -34 0 -51 17 -51 50 0 36 19 51 60 48 32 -3 35 -6 38 -36z m-7048 -297 c25 -30 -45 -92 -79 -70 -19 11 -12 43 15 64 32 25 47 26 64 6z m2772 -12 c11 -10 18 -27 16 -42 -3 -27 -9 -28 -76 -15 -20 4 -38 2 -47 -6 -19 -16 -45 -6 -45 17 0 21 28 58 50 66 25 10 81 -1 102 -20z m2053 -4 c41 -36 43 -44 14 -60 -18 -9 -27 -7 -50 10 l-28 21 -35 -21 c-33 -19 -36 -19 -42 -4 -9 23 12 64 38 75 41 16 67 11 103 -21z m-1176 5 c2 -2 1 -14 -3 -28 -6 -23 -10 -25 -92 -28 -47 -2 -91 0 -96 3 -16 10 -4 43 20 55 20 10 159 8 171 -2z m-3588 -134 c45 -43 59 -89 59 -196 0 -101 -17 -152 -67 -198 -36 -34 -42 -35 -109 -36 -64 0 -75 3 -109 30 -21 17 -47 45 -58 63 -19 30 -20 31 -31 12 -6 -11 -31 -39 -55 -62 -44 -43 -44 -43 -119 -43 -86 0 -128 19 -156 73 -28 51 -19 71 32 75 42 3 44 2 59 -37 15 -39 18 -41 59 -41 38 0 44 3 50 25 9 34 -3 75 -24 82 -74 24 -144 65 -162 95 -39 65 -15 149 52 184 42 22 133 22 174 1 55 -28 86 -106 48 -121 -38 -15 -65 -6 -85 28 -11 19 -27 37 -35 40 -20 8 -62 -13 -66 -33 -9 -43 4 -58 92 -99 57 -26 97 -52 111 -71 12 -17 26 -28 31 -25 4 3 8 41 8 86 0 93 16 135 65 173 81 61 169 59 236 -5z m421 40 c23 0 42 -11 74 -44 43 -42 44 -46 45 -107 1 -143 -3 -222 -13 -245 -9 -19 -8 -28 7 -45 37 -39 -20 -77 -67 -45 -15 11 -45 16 -95 16 -70 0 -75 2 -113 36 -48 44 -60 82 -60 194 1 115 12 156 53 198 34 33 93 55 125 46 8 -2 27 -4 44 -4z m1578 -15 c39 -20 66 -56 85 -112 19 -61 35 -77 35 -36 0 78 48 142 123 164 73 21 158 -15 192 -82 30 -56 16 -79 -47 -79 -25 0 -32 6 -45 39 -19 47 -51 68 -82 52 -29 -16 -36 -50 -36 -176 0 -135 10 -157 63 -153 35 3 38 6 53 53 15 48 17 50 56 53 26 2 44 -2 52 -12 20 -24 -4 -80 -52 -127 -40 -38 -43 -39 -109 -39 -66 0 -70 1 -113 41 -38 35 -45 47 -51 95 -7 63 -12 61 -45 -20 -34 -85 -79 -116 -168 -116 -59 0 -70 3 -104 31 -21 17 -43 43 -51 57 -20 40 -28 123 -20 208 6 64 12 81 38 114 54 67 146 85 226 45z m1960 3 c49 -19 79 -69 90 -149 11 -73 6 -162 -12 -208 -5 -13 -26 -41 -48 -62 -39 -38 -42 -39 -112 -39 -65 0 -75 3 -113 32 -38 29 -44 39 -54 94 -21 115 -8 257 28 297 44 51 143 67 221 35z m-3289 2 c18 -10 19 -23 19 -188 0 -125 4 -182 12 -190 20 -20 76 -15 88 7 6 11 10 91 10 188 0 185 2 193 57 193 51 0 56 -19 51 -216 -3 -168 -4 -174 -28 -199 -40 -43 -73 -55 -149 -55 -66 0 -71 2 -97 33 -48 57 -54 84 -54 256 0 142 2 161 18 170 22 13 48 14 73 1z m562 -5 c20 -19 10 -54 -17 -60 -11 -3 -50 -6 -85 -7 -65 -3 -65 -3 -74 -38 -12 -46 8 -60 88 -60 65 0 85 -11 85 -45 0 -35 -20 -45 -92 -45 -56 0 -69 -3 -78 -19 -10 -19 -6 -88 6 -100 3 -3 47 -8 97 -11 84 -5 92 -7 95 -26 6 -39 -17 -45 -159 -42 l-134 3 -3 220 c-1 121 0 225 2 232 8 20 249 18 269 -2z m227 -5 c12 -12 20 -33 20 -54 0 -19 9 -63 20 -98 11 -34 20 -68 20 -75 0 -6 5 -24 11 -40 8 -22 12 -24 19 -13 6 8 10 32 10 53 0 21 6 52 14 70 7 18 16 53 20 79 10 64 38 98 82 98 20 0 37 -6 40 -14 7 -19 -13 -130 -36 -196 -10 -30 -29 -95 -41 -144 -12 -48 -29 -94 -37 -102 -8 -9 -35 -14 -68 -14 -62 0 -67 7 -85 110 -6 30 -17 75 -25 100 -31 92 -58 224 -50 245 8 22 62 19 86 -5z m1304 10 c30 -11 33 -31 10 -54 -11 -11 -35 -16 -84 -16 -72 0 -80 -5 -80 -55 0 -34 19 -44 90 -47 63 -3 65 -4 68 -31 5 -45 -13 -57 -83 -57 -48 0 -64 -4 -69 -16 -11 -28 -6 -91 7 -102 7 -6 49 -12 92 -14 67 -3 80 -6 83 -21 8 -40 -14 -47 -152 -47 -89 0 -136 4 -144 12 -9 9 -12 73 -12 225 0 191 2 213 18 222 22 13 223 14 256 1z m276 0 c11 -6 26 -35 36 -68 10 -31 23 -64 30 -72 6 -8 14 -24 18 -35 3 -11 15 -31 26 -45 l20 -25 0 116 c0 124 5 139 51 139 58 0 61 -12 57 -240 -2 -113 -8 -211 -12 -218 -8 -13 -73 -16 -100 -6 -9 3 -16 12 -16 19 0 7 -6 26 -14 42 -8 15 -28 55 -44 88 -17 33 -35 61 -41 63 -7 2 -11 -29 -11 -96 0 -112 -7 -125 -62 -120 l-33 3 -3 224 c-2 173 1 226 10 233 18 11 66 10 88 -2z m512 -7 c8 -10 23 -52 33 -93 9 -41 23 -86 30 -100 6 -14 20 -59 30 -100 21 -88 21 -90 37 -111 20 -28 3 -49 -40 -49 -45 0 -56 10 -74 66 l-13 39 -60 0 -60 0 -25 -50 c-22 -45 -29 -50 -61 -53 -65 -6 -67 10 -16 165 26 76 55 171 67 211 23 79 35 90 101 91 22 1 42 -6 51 -16z m720 0 c16 -18 33 -90 47 -199 9 -69 16 -84 36 -84 16 0 19 10 35 120 23 153 37 180 90 180 14 0 34 -6 45 -13 17 -13 17 -16 0 -63 -9 -27 -21 -67 -26 -89 -27 -130 -70 -267 -90 -291 -7 -8 -31 -14 -60 -14 -41 0 -50 4 -68 29 -12 16 -30 72 -41 127 -32 160 -48 227 -59 256 -8 22 -7 31 5 43 21 20 67 19 86 -2z m535 11 c27 -7 36 -29 23 -54 -8 -16 -24 -20 -88 -22 l-77 -3 -3 -42 c-4 -49 1 -51 103 -55 l60 -3 3 -37 c4 -43 -3 -46 -103 -50 l-60 -3 -3 -54 c-2 -37 1 -57 10 -62 7 -5 43 -9 80 -9 36 0 73 -3 82 -6 21 -8 21 -50 0 -58 -9 -3 -71 -6 -139 -6 -116 0 -125 1 -135 21 -14 25 -11 418 3 437 10 13 200 18 244 6z m157 -357 c13 -10 17 -24 14 -57 -3 -41 -6 -45 -31 -48 -39 -5 -57 14 -57 59 0 52 36 74 74 46z m-4990 -777 c98 -50 136 -97 170 -211 26 -87 27 -96 15 -153 -13 -68 -50 -149 -83 -184 -53 -59 -179 -98 -349 -108 -63 -4 -115 -12 -119 -18 -4 -6 -8 -103 -8 -216 0 -147 -3 -209 -12 -218 -8 -8 -49 -12 -120 -12 -107 0 -109 0 -118 26 -13 35 -13 1074 0 1109 l10 26 272 -3 273 -3 69 -35z m2610 24 c12 -31 6 -141 -8 -153 -9 -8 -51 -11 -122 -9 l-109 3 -3 88 -3 87 120 0 c99 0 120 -3 125 -16z m-1842 -277 c4 -6 7 -50 6 -97 l-3 -85 -70 -6 c-98 -9 -131 -24 -163 -73 l-27 -41 -5 -280 -5 -280 -106 -3 c-81 -2 -109 1 -118 11 -8 11 -11 125 -9 428 l3 414 110 0 110 0 3 -33 c5 -45 25 -50 59 -13 55 61 190 97 215 58z m485 7 c144 -30 203 -79 234 -195 21 -79 27 -253 9 -264 -6 -4 -105 -6 -220 -5 -132 0 -217 -3 -230 -10 -15 -8 -20 -21 -20 -54 0 -79 19 -148 48 -179 24 -26 32 -28 80 -25 61 5 96 32 106 81 12 58 29 67 133 67 72 0 95 -3 99 -14 8 -21 -13 -116 -34 -154 -22 -41 -112 -108 -165 -124 -61 -17 -252 -14 -304 5 -72 27 -148 92 -171 145 -40 94 -44 122 -40 302 3 166 5 178 32 240 48 111 100 152 236 183 85 20 116 20 207 1z m2064 -1 c67 -20 110 -51 141 -100 23 -38 23 -41 26 -378 2 -225 0 -349 -7 -368 l-11 -28 -112 3 -113 3 -5 330 c-3 182 -7 331 -8 331 -1 1 -19 13 -40 28 -46 31 -85 33 -132 5 -62 -37 -60 -26 -60 -359 0 -231 -3 -310 -13 -323 -11 -15 -27 -17 -122 -15 l-110 3 0 425 0 425 113 3 112 3 0 -30 c0 -44 14 -45 65 -7 78 60 183 78 276 49z m739 1 c165 -28 209 -66 224 -194 3 -25 6 -187 7 -360 l2 -315 -99 0 -99 0 -18 38 c-22 43 -38 46 -65 13 -46 -59 -163 -88 -267 -66 -117 24 -184 127 -172 264 8 98 30 140 99 186 64 43 77 47 236 82 91 20 106 26 125 52 29 41 27 85 -7 129 -27 35 -31 37 -86 37 -52 0 -61 -3 -83 -30 -14 -16 -28 -43 -32 -59 -10 -47 -24 -52 -126 -49 l-94 3 -3 35 c-7 74 42 160 112 197 40 21 160 51 212 52 22 1 83 -6 134 -15z m1425 -3 c119 -27 161 -54 199 -128 19 -38 21 -114 4 -131 -8 -8 -45 -12 -99 -12 -79 0 -89 2 -103 22 -9 12 -16 30 -16 39 0 10 -12 31 -26 48 -23 28 -32 31 -79 31 -46 0 -58 -4 -84 -31 -61 -61 -27 -143 70 -169 24 -6 64 -17 89 -25 25 -7 66 -19 92 -25 73 -19 147 -80 175 -143 31 -72 29 -124 -7 -199 -58 -121 -200 -178 -400 -163 -110 9 -166 28 -213 73 -57 54 -79 103 -75 165 l3 52 100 0 100 0 13 -40 c7 -22 26 -52 42 -67 26 -24 39 -28 91 -28 54 0 64 3 90 29 60 61 23 136 -84 170 -34 11 -87 29 -117 41 -30 12 -71 26 -90 32 -36 11 -98 68 -131 122 -24 39 -26 138 -3 181 50 97 99 132 214 154 30 6 64 13 75 15 44 8 94 5 170 -13z m803 -6 c86 -23 127 -58 174 -153 41 -82 42 -86 43 -190 l0 -107 -229 -3 c-162 -2 -234 -6 -244 -15 -12 -9 -14 -30 -9 -107 5 -90 7 -96 37 -122 23 -21 41 -28 73 -28 63 0 101 28 125 92 l20 53 103 0 104 0 -2 -41 c-2 -55 -49 -150 -87 -176 -17 -12 -35 -27 -41 -34 -35 -39 -193 -62 -311 -44 -91 14 -136 34 -180 82 -80 87 -104 167 -104 350 0 154 9 209 48 283 63 124 104 149 292 179 36 6 126 -4 188 -19z m-4492 -16 c4 -7 15 -54 25 -106 11 -52 30 -134 44 -181 14 -47 25 -97 25 -110 0 -31 31 -164 41 -176 4 -5 10 9 14 30 3 22 10 53 16 69 12 32 20 73 39 195 11 73 34 162 62 245 l13 40 109 3 c60 1 113 -1 118 -6 5 -5 2 -21 -7 -38 -8 -16 -15 -41 -15 -55 0 -36 -66 -293 -84 -328 -9 -16 -25 -73 -37 -128 -11 -54 -29 -118 -39 -143 -11 -25 -24 -65 -30 -90 -7 -25 -17 -51 -22 -57 -7 -9 -49 -13 -144 -13 -95 0 -135 4 -141 13 -14 23 -42 112 -43 137 0 14 -10 50 -21 80 -11 30 -33 100 -48 155 -16 55 -40 129 -54 165 -14 36 -28 88 -31 116 -4 29 -13 65 -21 80 -8 16 -17 48 -21 72 l-7 42 126 0 c83 0 128 -4 133 -11z m822 -402 c1 -274 -1 -414 -8 -428 -10 -18 -20 -19 -123 -17 l-112 3 -3 428 -2 428 122 -3 123 -3 3 -408z m2307 18 l0 -80 -244 -3 c-189 -2 -246 1 -253 10 -12 20 -9 133 4 146 9 9 74 12 253 10 l240 -3 0 -80z m1889 -215 c26 -9 26 -11 26 -114 0 -57 -3 -111 -6 -120 -5 -13 -24 -16 -110 -16 -125 0 -124 -1 -124 132 0 96 4 111 30 121 25 9 157 8 184 -3z m-4397 -755 c-3 -19 -2 -35 2 -35 13 0 64 -51 57 -57 -3 -3 -12 0 -20 6 -8 7 -32 11 -53 9 -36 -3 -38 -2 -35 26 3 25 38 86 50 86 3 0 2 -16 -1 -35z m2923 12 c1 -7 10 -23 20 -36 25 -29 50 -21 50 15 0 15 3 24 8 20 4 -4 7 -20 7 -34 0 -41 30 -35 31 6 2 67 33 51 41 -22 5 -36 2 -47 -11 -52 -9 -3 -23 -1 -31 6 -11 10 -18 9 -30 -4 -25 -25 -45 -19 -51 14 -4 20 -13 30 -24 30 -19 0 -46 52 -35 70 8 12 25 4 25 -13z m1052 -29 c-7 -7 -12 -27 -12 -46 0 -26 -4 -33 -17 -30 -22 4 -31 91 -12 114 11 13 15 12 33 -5 16 -16 18 -23 8 -33z m-6083 6 c20 -21 23 -30 15 -52 -8 -22 -15 -27 -39 -24 -17 1 -45 3 -62 4 -28 2 -33 6 -33 28 0 35 -17 50 -50 43 -15 -3 -31 0 -34 6 -5 7 9 11 43 11 46 0 51 -2 51 -22 0 -30 19 -58 27 -40 2 6 11 12 18 12 22 0 29 22 11 32 -9 5 -14 13 -11 19 11 17 40 9 64 -17z m681 4 c17 -22 19 -22 37 -5 20 18 53 23 53 9 0 -5 -11 -14 -25 -20 -14 -6 -25 -19 -25 -27 0 -9 11 -20 25 -25 14 -5 25 -16 25 -24 0 -26 -23 -66 -37 -66 -14 0 -17 6 -27 51 -5 22 -13 27 -47 32 -53 7 -59 14 -29 38 20 15 22 21 11 28 -14 9 -7 31 10 31 6 0 19 -10 29 -22z m1668 13 c9 -5 12 -24 10 -52 -4 -52 -22 -59 -26 -9 -2 19 -8 38 -14 41 -6 4 -7 12 -4 18 8 13 16 14 34 2z m3632 -46 c0 -34 -4 -55 -11 -55 -7 0 -9 10 -5 24 9 37 -3 56 -35 56 -55 0 -29 26 29 29 20 1 22 -3 22 -54z m-6759 35 c14 -8 19 -21 19 -50 0 -48 -9 -54 -49 -34 -36 18 -39 29 -10 45 15 8 18 14 10 22 -25 25 -6 36 30 17z m194 -2 c20 -9 25 -18 25 -49 0 -54 -29 -58 -90 -11 -3 2 6 12 20 22 25 19 25 19 5 34 -17 13 -18 15 -3 16 9 0 29 -5 43 -12z m183 -36 c4 -49 -18 -66 -46 -38 -16 16 -16 18 6 34 16 13 21 23 16 36 -5 14 -3 17 7 14 8 -3 15 -22 17 -46z m77 28 c-4 -13 -1 -22 9 -26 22 -9 20 -44 -2 -44 -10 0 -23 -5 -29 -11 -8 -8 -13 -7 -18 1 -4 7 -1 16 6 21 12 8 11 12 -3 23 -24 18 -22 35 5 46 34 13 39 12 32 -10z m395 10 c0 -5 -6 -10 -14 -10 -8 0 -18 5 -21 10 -3 6 3 10 14 10 12 0 21 -4 21 -10z m76 -7 c-5 -11 1 -23 15 -34 42 -31 -1 -53 -46 -23 -29 19 -31 31 -8 56 21 23 48 24 39 1z m351 9 c9 -6 10 -21 5 -52 -10 -57 -26 -58 -30 -2 -5 66 -42 52 -42 -15 0 -25 0 -26 -20 -8 -27 24 -25 39 8 64 28 21 58 26 79 13z m461 -4 c7 -7 12 -28 12 -48 l0 -36 -50 -2 c-48 -2 -50 -1 -50 24 0 16 5 24 13 21 22 -8 48 13 42 34 -7 22 14 26 33 7z m1271 -2 c16 -19 10 -88 -8 -94 -11 -4 -13 3 -7 28 4 23 1 41 -9 57 -13 19 -13 23 -1 23 7 0 19 -6 25 -14z m261 -1 c-15 -18 -5 -35 21 -35 12 0 23 10 29 25 6 16 17 25 30 25 20 0 20 -1 4 -17 -16 -16 -15 -18 15 -31 41 -16 35 -38 -10 -35 -19 1 -36 -3 -39 -7 -8 -13 -80 0 -77 14 1 6 -4 10 -10 9 -7 -2 -13 4 -13 13 0 28 20 54 42 54 17 0 18 -3 8 -15z m192 -39 c-2 -25 -7 -46 -12 -46 -13 0 -20 61 -9 81 16 30 25 15 21 -35z m162 29 c28 -26 26 -46 -8 -74 -22 -18 -39 -5 -25 20 7 15 6 27 -5 49 -19 38 0 41 38 5z m226 10 c7 -8 18 -15 25 -15 7 0 15 7 19 15 8 23 29 18 23 -6 -9 -33 23 -37 45 -6 25 34 51 34 76 2 l20 -25 16 25 c14 21 24 25 67 25 31 0 48 -4 44 -10 -3 -5 -14 -10 -24 -10 -12 0 -20 -12 -27 -37 -11 -46 -46 -57 -65 -22 l-12 23 -14 -27 c-18 -35 -35 -35 -32 1 4 49 0 62 -21 62 -22 0 -26 -23 -11 -63 6 -14 6 -29 0 -38 -8 -11 -13 -10 -26 9 -8 12 -22 22 -29 22 -7 0 -21 12 -31 26 l-16 26 -15 -27 c-10 -21 -19 -26 -35 -21 -12 3 -28 6 -34 6 -7 0 -13 9 -13 20 0 15 7 20 27 20 21 0 24 3 15 12 -7 7 -12 16 -12 20 0 14 27 9 40 -7z m438 -4 c21 -19 30 -65 14 -75 -4 -2 -23 -1 -42 3 -38 7 -53 37 -25 47 14 6 14 8 -1 25 -16 18 -16 19 7 19 13 -1 34 -9 47 -19z m1984 7 c-9 -9 -15 -9 -24 0 -9 9 -7 12 12 12 19 0 21 -3 12 -12z m118 4 c0 -19 -23 -32 -37 -21 -20 17 -15 29 12 29 14 0 25 -4 25 -8z m40 -7 c0 -8 -4 -15 -9 -15 -13 0 -22 16 -14 24 11 11 23 6 23 -9z m90 10 c0 -3 -9 -14 -20 -25 -20 -20 -20 -20 -20 5 0 18 5 25 20 25 11 0 20 -2 20 -5z m100 -5 c0 -5 9 -10 20 -10 16 0 20 -7 20 -35 0 -39 -21 -55 -44 -36 -10 8 -21 8 -40 1 -48 -18 -55 -14 -44 25 10 29 14 33 30 24 11 -6 27 -8 35 -5 14 6 14 9 -2 26 -18 19 -17 20 3 20 12 0 22 -4 22 -10z m384 -21 c5 -14 6 -38 2 -53 -5 -22 -10 -25 -20 -16 -8 6 -26 8 -41 4 -24 -6 -26 -4 -23 17 2 15 12 25 27 29 25 6 42 30 22 30 -6 0 -11 5 -11 11 0 21 35 3 44 -22z m65 24 c0 -5 -4 -17 -9 -28 -8 -18 -9 -17 -9 8 -1 15 4 27 9 27 6 0 10 -3 9 -7z m-6960 -42 c8 -14 5 -23 -15 -42 -21 -20 -27 -21 -34 -9 -14 21 -12 31 7 52 20 23 30 23 42 -1z m5901 -16 c0 -19 -4 -35 -10 -35 -5 0 -10 6 -10 13 0 6 -3 22 -6 35 -5 16 -2 22 10 22 12 0 16 -9 16 -35z m302 -5 c-6 -41 -12 -38 -12 6 0 19 4 33 8 30 5 -3 7 -19 4 -36z m-4713 -7 c10 -19 9 -23 -4 -23 -10 0 -15 9 -15 27 0 29 2 29 19 -4z m4900 -44 l-12 -24 -10 22 c-5 12 -7 30 -3 39 6 16 8 16 22 2 13 -13 14 -20 3 -39z m-5389 32 c0 -10 -30 -24 -37 -17 -3 3 -2 9 2 15 8 13 35 15 35 2z m-578 -106 c10 -21 17 -25 47 -23 32 3 36 1 36 -22 0 -21 -5 -25 -30 -25 -16 0 -30 -4 -30 -10 0 -5 11 -10 24 -10 26 -1 39 -19 21 -30 -5 -3 -30 -3 -55 1 -37 5 -46 11 -51 31 -6 20 -12 24 -40 21 -40 -4 -46 -22 -9 -26 31 -4 28 -26 -4 -30 -35 -5 -61 25 -61 70 0 35 2 38 28 36 58 -4 80 2 85 22 7 27 25 25 39 -5z m2277 5 c22 -19 26 -35 22 -102 -1 -22 -43 -33 -70 -18 -17 8 -21 20 -21 56 0 49 14 84 33 84 7 -1 23 -10 36 -20z m-1056 -19 c42 3 55 -1 59 -18 7 -28 -2 -43 -25 -44 -22 0 -22 0 1 -9 12 -5 22 -14 22 -19 0 -19 -23 -23 -62 -10 -34 11 -38 16 -33 36 3 13 1 33 -6 44 -6 11 -8 28 -4 37 6 16 7 15 17 -1 5 -10 19 -17 31 -16z m1797 -7 c0 -11 -6 -14 -16 -10 -9 3 -18 6 -20 6 -2 0 -4 9 -4 20 0 18 3 19 20 10 11 -6 20 -18 20 -26z m427 4 c34 -33 44 -68 18 -68 -8 0 -19 -9 -25 -20 -13 -25 -46 -26 -59 -2 -9 18 -13 100 -5 114 10 17 39 7 71 -24z m2009 -5 c-3 -21 -6 -51 -7 -68 -1 -19 -5 -9 -10 25 -9 60 -6 80 12 80 8 0 10 -12 5 -37z m905 20 c1 -10 2 -34 3 -53 1 -32 4 -35 31 -35 20 0 30 -5 30 -15 0 -11 -12 -15 -43 -16 -23 0 -44 2 -46 5 -2 3 -6 34 -10 69 -7 58 -6 62 14 62 12 0 21 -7 21 -17z m232 -45 c-5 -41 -10 -50 -36 -63 -16 -8 -40 -15 -51 -15 -27 0 -66 27 -66 46 0 20 36 18 44 -3 5 -13 9 -14 19 -4 9 9 9 14 -3 21 -12 7 -12 12 0 35 11 21 19 25 41 20 19 -4 28 -2 33 11 12 32 25 0 19 -48z m-6954 38 c10 -12 17 -12 44 -1 23 9 37 10 54 2 17 -8 30 -7 49 3 22 12 27 12 34 0 10 -16 -5 -40 -24 -40 -6 0 -18 -15 -26 -33 -9 -18 -27 -36 -42 -41 -23 -8 -32 -6 -53 14 -14 13 -25 34 -25 47 0 13 -6 23 -12 23 -7 0 -23 3 -35 6 -21 6 -23 3 -23 -30 0 -34 1 -35 29 -30 32 7 44 -4 31 -26 -8 -12 -15 -13 -42 -2 -21 8 -36 8 -42 2 -16 -16 -63 -12 -70 6 -6 15 -8 15 -25 0 -10 -9 -25 -14 -35 -10 -19 7 -20 16 -4 32 8 8 8 15 -2 27 -10 12 -10 18 0 30 19 23 31 18 24 -9 -4 -19 -1 -25 21 -30 36 -9 47 1 39 36 -6 29 -5 30 19 24 14 -3 32 -9 41 -12 10 -4 18 0 22 10 8 20 38 21 53 2z m701 -32 c3 -25 8 -34 13 -26 5 7 5 21 2 32 -5 15 0 22 21 30 33 13 66 4 62 -18 -2 -9 -14 -19 -28 -23 l-25 -6 28 -11 c33 -14 36 -45 5 -66 -15 -11 -26 -12 -39 -6 -10 6 -32 10 -50 10 -28 0 -31 3 -27 24 3 14 2 30 -2 37 -11 16 9 71 24 66 6 -2 13 -21 16 -43z m604 14 l29 -21 17 23 18 23 11 -22 12 -22 24 25 c28 30 25 29 60 16 32 -12 28 -34 -6 -35 -20 0 -25 -6 -29 -34 -7 -45 -26 -50 -34 -10 -5 26 -8 29 -21 19 -11 -9 -12 -17 -5 -30 7 -13 7 -21 0 -25 -16 -10 -32 6 -27 27 7 24 -17 35 -38 18 -13 -11 -15 -8 -15 20 0 25 -4 31 -17 28 -13 -2 -19 -16 -23 -48 -5 -47 -23 -58 -28 -18 -9 78 -25 86 -36 18 -6 -39 -18 -51 -31 -29 -5 7 -13 5 -25 -6 -11 -10 -31 -15 -52 -13 -28 2 -34 7 -36 31 -4 30 21 39 32 11 3 -8 11 -12 17 -8 9 5 8 10 -2 18 -8 6 -19 20 -25 31 -10 19 -8 20 30 22 22 0 44 -4 48 -11 5 -6 8 -1 8 12 0 23 2 23 58 17 32 -4 70 -16 86 -27z m1447 16 c10 -13 10 -17 -2 -25 -30 -19 -57 -3 -45 26 7 20 30 19 47 -1z m178 -14 c-32 -8 -41 -60 -11 -60 22 0 46 -23 35 -33 -15 -16 -44 -5 -53 19 -14 37 -12 65 7 86 13 14 19 16 31 6 13 -11 11 -13 -9 -18z m164 21 c19 -7 27 -20 32 -50 4 -23 8 -41 10 -41 23 0 33 15 28 44 -5 31 -3 33 28 39 19 3 44 9 57 13 16 5 22 2 22 -10 0 -9 -6 -16 -14 -16 -17 0 -26 -21 -26 -60 0 -16 -7 -30 -16 -34 -24 -9 -62 -7 -69 4 -4 7 -12 7 -24 0 -24 -13 -31 -4 -31 41 0 21 -4 40 -9 44 -11 6 -34 -29 -25 -38 3 -3 2 -13 -4 -22 -7 -14 -10 -8 -15 26 -5 41 4 69 24 69 4 0 19 -4 32 -9z m841 -10 c14 7 32 9 41 5 15 -5 14 -9 -6 -25 -21 -18 -22 -21 -9 -34 10 -10 27 -13 48 -10 30 5 33 8 30 37 -2 25 1 31 17 31 10 0 26 -12 34 -27 33 -58 -23 -114 -71 -72 -19 18 -20 18 -29 1 -13 -22 -24 -22 -59 5 -21 15 -30 30 -30 50 0 24 -4 28 -30 28 -16 0 -30 4 -30 9 0 17 24 19 47 5 17 -11 28 -11 47 -3z m370 8 c18 -8 29 -9 38 -2 7 6 31 9 53 7 22 -1 46 -3 53 -3 8 -1 12 -17 11 -48 -1 -46 -1 -46 -9 -15 -10 43 -17 49 -40 34 -11 -7 -27 -12 -35 -12 -8 0 -15 -9 -15 -20 0 -11 -8 -24 -17 -27 -10 -4 -24 -13 -31 -20 -16 -16 -44 -17 -59 -2 -8 8 -17 8 -31 0 -29 -15 -52 -14 -52 4 0 8 7 15 15 15 8 0 24 9 36 21 25 25 11 49 -29 49 -43 0 -12 18 38 23 25 2 46 4 47 5 1 1 13 -3 27 -9z m1166 -53 c0 -37 -14 -61 -29 -52 -12 8 -15 98 -4 110 12 12 33 -26 33 -58z m86 54 c19 0 18 -29 -1 -36 -8 -4 -16 -16 -16 -28 -1 -20 -2 -20 -6 -1 -3 11 -15 28 -26 37 -19 15 -20 19 -7 28 8 5 21 8 28 5 8 -3 20 -5 28 -5z m850 -5 c36 10 54 7 76 -12 16 -14 18 -14 24 1 9 24 33 19 40 -9 4 -14 4 -29 0 -32 -3 -3 -1 -12 5 -19 16 -19 4 -44 -21 -44 -16 0 -21 5 -18 23 2 16 -8 31 -37 54 -34 28 -42 30 -54 19 -9 -9 -11 -24 -7 -40 7 -28 33 -35 42 -11 9 24 24 18 24 -10 0 -33 -38 -43 -74 -20 -20 13 -26 26 -26 51 0 30 -3 34 -25 34 -14 0 -25 4 -25 8 0 17 12 21 30 10 10 -7 28 -8 46 -3z m370 -13 c-22 -5 -30 3 -21 18 5 8 11 7 22 -2 15 -12 14 -13 -1 -16z m238 -12 c-14 -14 -38 5 -30 26 6 16 8 16 23 1 11 -11 14 -20 7 -27z m-6386 2 c2 -13 -1 -29 -7 -36 -7 -9 -7 -16 0 -23 15 -15 3 -33 -20 -33 -22 0 -51 40 -51 69 0 23 37 53 60 49 8 -2 16 -14 18 -26z m367 18 c3 -5 -3 -10 -14 -10 -12 0 -21 5 -21 10 0 6 6 10 14 10 8 0 18 -4 21 -10z m1495 0 c13 -7 21 -7 25 0 10 15 35 12 35 -5 0 -8 -7 -15 -15 -15 -23 0 -18 -36 7 -52 12 -8 18 -19 14 -26 -10 -17 -36 -15 -36 3 0 20 -15 19 -47 -2 -25 -17 -26 -16 -49 11 -28 32 -30 58 -8 80 18 18 47 21 74 6z m1037 -17 c16 -20 5 -43 -20 -43 -16 0 -18 -3 -9 -12 18 -18 14 -38 -8 -38 -33 0 -54 82 -28 108 14 14 48 6 65 -15z m131 -36 c3 -53 2 -57 -19 -57 -23 0 -59 26 -59 42 0 4 9 8 21 8 16 0 20 6 19 28 -3 40 -2 44 18 40 13 -2 18 -15 20 -61z m1734 48 c13 -18 8 -73 -8 -89 -8 -9 -29 -16 -45 -16 -22 0 -29 5 -29 20 0 11 4 20 9 20 5 0 7 18 4 39 -5 39 -5 39 28 38 19 -1 37 -6 41 -12z m368 0 c0 -8 -7 -15 -15 -15 -8 0 -15 7 -15 15 0 8 7 15 15 15 8 0 15 -7 15 -15z m233 -35 c12 -61 1 -82 -32 -61 -12 8 -12 12 -2 24 8 10 9 17 1 22 -5 3 -13 -1 -16 -9 -3 -9 -12 -16 -19 -16 -7 0 -16 -7 -19 -16 -3 -9 -15 -14 -28 -12 -18 2 -24 11 -26 36 -4 37 9 41 31 10 14 -20 18 -21 26 -8 24 35 -4 79 -32 51 -16 -16 -27 -13 -27 8 0 18 7 19 67 16 l68 -3 8 -42z m180 44 c11 -11 -3 -24 -18 -18 -8 4 -12 10 -9 15 6 11 18 12 27 3z m112 -6 c33 -15 33 -53 -1 -85 -30 -28 -58 -27 -62 3 -2 16 2 20 20 20 18 -1 23 4 23 24 0 20 -5 25 -22 23 -15 -2 -23 3 -23 12 0 18 29 19 65 3z m853 -4 c20 -14 23 -14 28 0 3 9 13 16 21 16 12 0 14 -7 10 -30 -5 -21 -2 -32 9 -38 13 -7 14 -13 6 -29 -10 -17 -21 -20 -84 -19 -62 1 -73 4 -76 19 -2 10 3 26 12 36 11 13 13 20 5 28 -30 30 30 45 69 17z m-7444 -11 c10 -25 -5 -43 -30 -37 -18 5 -24 2 -24 -10 0 -10 9 -16 25 -16 14 0 25 -5 25 -10 0 -16 -31 -24 -48 -13 -18 11 -34 61 -27 84 6 19 72 21 79 2z m1244 -6 c6 -28 -16 -49 -38 -37 -12 6 -21 6 -25 1 -3 -5 4 -13 15 -16 27 -9 20 -30 -10 -30 -28 0 -53 58 -38 88 13 25 91 20 96 -6z m4764 5 c17 -17 -3 -44 -29 -39 -30 6 -40 -9 -13 -18 26 -8 21 -29 -8 -33 -29 -4 -57 59 -41 90 9 17 18 19 47 15 19 -4 39 -10 44 -15z m-2336 -49 c7 -10 14 -24 14 -30 0 -14 -37 -17 -64 -7 -22 8 -20 41 2 47 30 8 35 7 48 -10z m-2366 -12 c0 -5 -6 -13 -13 -19 -15 -13 -42 1 -33 17 8 13 46 15 46 2z m2889 0 c19 -12 4 -31 -25 -31 -17 0 -24 5 -24 20 0 21 24 27 49 11z m2291 -5 c0 -8 -5 -18 -11 -22 -14 -8 -33 11 -25 25 10 16 36 13 36 -3z m193 -1 c-3 -17 -29 -29 -48 -21 -14 5 -15 9 -5 22 14 16 56 16 53 -1z m-6700 -113 c9 -74 1 -94 -36 -90 -36 4 -47 23 -17 31 23 6 27 39 6 56 -12 10 -10 15 7 36 12 13 24 22 28 19 3 -2 9 -25 12 -52z m6447 30 c0 -9 5 -24 10 -32 8 -13 11 -12 22 3 13 18 15 17 33 -3 19 -21 19 -22 2 -32 -15 -8 -16 -12 -6 -24 19 -23 -5 -43 -31 -26 -12 7 -21 8 -25 2 -7 -11 -45 -13 -69 -4 -11 4 -16 18 -15 43 1 31 2 33 8 11 4 -14 15 -26 24 -28 23 -5 23 44 0 57 -15 8 -15 11 7 34 26 27 40 27 40 -1z m-2705 -62 c1 -51 -2 -60 -17 -60 -20 0 -24 20 -6 38 9 9 9 18 -1 38 -9 20 -9 30 0 40 18 22 23 9 24 -56z m487 16 c3 -45 21 -57 38 -26 9 16 9 25 1 33 -15 15 -14 27 3 27 21 0 28 -16 33 -66 l3 -44 -50 2 -50 2 0 37 c0 48 -23 69 -49 44 -19 -16 -19 -16 -15 2 5 19 62 44 76 33 4 -3 8 -23 10 -44z m-3692 30 c0 -23 22 -31 32 -12 13 23 48 21 48 -4 0 -11 -3 -20 -7 -20 -5 0 -15 -4 -22 -9 -12 -8 -11 -13 10 -30 22 -18 23 -20 5 -27 -10 -4 -27 -2 -37 4 -11 7 -20 8 -24 2 -3 -6 -17 -10 -31 -10 -17 0 -27 8 -34 26 -13 33 -12 54 1 32 12 -22 49 -24 49 -3 0 8 -7 15 -15 15 -15 0 -21 31 -8 43 12 12 33 7 33 -7z m184 8 c23 -9 20 -24 -4 -24 -11 0 -20 7 -20 15 0 17 2 18 24 9z m5186 -8 c6 -8 21 -16 33 -18 15 -2 23 -11 25 -30 3 -23 -2 -30 -34 -43 -38 -16 -64 -14 -64 4 0 5 9 13 20 16 25 8 25 27 0 50 -11 10 -17 22 -14 26 8 13 20 11 34 -5z m205 4 c3 -6 -1 -13 -9 -16 -8 -3 -18 -15 -22 -26 -5 -18 -7 -18 -24 -3 -16 15 -18 15 -24 0 -9 -23 2 -36 26 -33 12 2 23 -2 25 -9 6 -17 -77 -29 -88 -12 -26 42 12 106 56 95 13 -3 27 -2 30 4 8 13 22 13 30 0z m-6050 -20 c0 -7 -6 -15 -12 -17 -8 -3 -13 4 -13 17 0 13 5 20 13 18 6 -3 12 -11 12 -18z m115 -5 c23 -25 23 -27 8 -53 -20 -33 -62 -51 -85 -36 -11 7 -18 26 -19 52 -2 35 1 42 17 42 10 0 19 5 19 10 0 19 37 10 60 -15z m75 15 c-3 -5 -13 -10 -21 -10 -8 0 -14 5 -14 10 0 6 9 10 21 10 11 0 17 -4 14 -10z m125 -3 c0 -14 -20 -37 -32 -37 -12 0 -10 24 4 38 16 16 28 15 28 -1z m432 4 c2 -4 13 -12 26 -15 15 -5 24 -3 28 8 3 9 13 16 21 16 11 0 13 -7 9 -25 -5 -21 -2 -27 19 -35 34 -13 55 -12 33 1 -24 13 -23 36 1 49 28 15 32 13 25 -14 -4 -18 -1 -27 13 -34 24 -13 43 -5 43 19 0 22 18 26 26 5 15 -40 -57 -77 -141 -72 -37 2 -40 4 -40 31 0 15 -6 30 -12 32 -8 3 -13 -4 -13 -15 0 -39 -11 -52 -44 -52 -47 0 -57 11 -49 51 l7 34 6 -30 c7 -39 34 -40 38 -2 2 19 -3 33 -15 43 -16 12 -16 13 -1 14 9 0 18 -4 20 -9z m430 -7 c21 -7 32 -37 23 -64 -6 -20 -64 -38 -85 -25 -18 11 -5 30 21 30 29 0 41 41 15 51 -9 3 -16 11 -16 16 0 5 6 7 13 4 6 -3 20 -9 29 -12z m210 -9 c-5 -30 -5 -49 -1 -65 2 -9 -4 -16 -17 -18 -28 -4 -38 33 -23 77 13 36 46 40 41 6z m188 20 c0 -3 -8 -17 -17 -31 -14 -22 -14 -27 -2 -35 23 -15 29 -10 29 22 0 24 4 30 18 27 18 -3 31 -58 13 -58 -6 0 -26 -14 -45 -30 -20 -18 -37 -26 -41 -20 -3 5 -3 37 1 70 5 50 10 60 25 60 11 0 19 -2 19 -5z m155 -4 c3 -6 2 -29 -2 -53 -7 -42 -7 -42 -14 -13 -10 46 -10 75 0 75 6 0 12 -4 16 -9z m94 -9 c5 -10 9 -26 8 -36 -1 -11 4 -21 12 -24 10 -3 12 1 9 16 -4 12 0 26 8 33 12 9 14 5 14 -25 0 -30 -4 -38 -27 -47 -42 -16 -77 -8 -81 19 -2 13 3 25 12 28 9 3 16 17 16 30 0 28 15 31 29 6z m1251 3 c0 -19 -26 -26 -55 -15 -38 14 -30 29 15 28 25 0 40 -5 40 -13z m140 -41 c0 -23 -22 -48 -33 -37 -9 9 -9 78 0 87 11 10 33 -24 33 -50z m140 46 c0 -5 7 -10 15 -10 16 0 29 -37 23 -67 -2 -10 -10 -18 -18 -18 -10 0 -16 13 -18 43 -2 27 -8 42 -17 42 -8 0 -16 -17 -21 -42 -7 -43 -7 -43 -16 -15 -15 43 -3 77 27 77 14 0 25 -4 25 -10z m180 0 c0 -5 -7 -10 -15 -10 -8 0 -15 5 -15 10 0 6 7 10 15 10 8 0 15 -4 15 -10z m240 0 c0 -5 11 -10 24 -10 14 0 28 5 31 10 11 18 27 10 22 -10 -7 -26 27 -47 49 -29 11 9 14 8 14 -9 0 -12 5 -24 10 -27 6 -3 10 -10 10 -16 0 -15 -26 -10 -41 7 -12 14 -14 14 -25 -1 -20 -27 -46 -12 -38 21 6 25 5 26 -21 20 -15 -4 -33 -2 -40 4 -10 8 -15 8 -20 0 -10 -16 2 -25 33 -25 41 0 35 -29 -6 -33 -58 -6 -82 39 -44 86 18 23 42 29 42 12z m274 -12 c3 -13 1 -27 -4 -32 -6 -6 -3 -14 8 -22 15 -12 15 -15 2 -24 -17 -11 -110 -14 -110 -3 0 15 34 43 53 43 16 0 19 5 14 30 -5 25 -3 30 12 30 11 0 21 -9 25 -22z m1566 18 c0 -2 3 -11 6 -20 4 -11 0 -16 -14 -16 -20 0 -36 23 -25 34 7 7 33 8 33 2z m127 -10 c-12 -10 -17 -24 -15 -43 4 -37 32 -38 36 0 4 36 22 35 22 -3 0 -33 -27 -53 -63 -48 -47 7 -26 109 22 108 14 -1 13 -3 -2 -14z m391 -2 c22 -15 28 -47 16 -78 -11 -28 -84 -18 -84 11 0 12 3 13 15 3 8 -6 19 -9 25 -5 14 9 13 58 -2 73 -17 17 4 15 30 -4z m77 -7 c-4 -15 -1 -28 9 -36 18 -15 5 -51 -19 -51 -21 0 -28 19 -13 37 10 13 10 17 1 20 -14 5 -18 35 -6 46 16 17 33 6 28 -16z m355 -18 c0 -17 6 -32 15 -35 27 -11 17 -36 -12 -32 -25 3 -28 8 -31 42 -2 21 -1 45 2 53 9 23 26 5 26 -28z m121 -13 c5 -6 16 -2 29 9 20 18 20 18 20 -9 0 -23 4 -27 22 -24 14 2 25 12 29 28 l6 25 8 -27 c12 -47 4 -53 -72 -53 l-70 0 2 50 c3 60 6 69 12 35 3 -14 9 -29 14 -34z m89 44 c0 -5 -7 -10 -15 -10 -8 0 -15 5 -15 10 0 6 7 10 15 10 8 0 15 -4 15 -10z m140 0 c0 -5 -7 -10 -15 -10 -8 0 -15 5 -15 10 0 6 7 10 15 10 8 0 15 -4 15 -10z m93 -37 c-13 -10 -14 -16 -5 -25 36 -36 -7 -52 -45 -16 -31 29 -29 45 10 68 30 19 33 19 45 3 11 -15 10 -20 -5 -30z m83 24 c-4 -19 0 -26 19 -35 14 -6 25 -18 25 -26 0 -16 -41 -29 -64 -20 -18 7 -22 24 -6 24 20 0 10 28 -12 34 l-23 6 25 20 c33 26 43 25 36 -3z m94 16 c-1 -17 -28 -44 -35 -34 -3 6 0 17 7 25 14 16 28 21 28 9z m208 -9 c18 -12 22 -24 20 -52 -3 -36 -5 -37 -44 -40 -35 -3 -45 1 -63 24 -20 25 -28 54 -15 54 3 0 19 -9 36 -21 33 -24 45 -20 29 9 -23 43 -5 55 37 26z m-5928 -9 c0 -10 -10 -15 -27 -15 -26 0 -26 1 -7 15 25 19 34 19 34 0z m1500 -29 c0 -39 -15 -56 -52 -56 -24 0 -28 4 -28 26 0 22 2 24 15 14 19 -15 35 -5 35 24 0 12 3 26 6 29 13 13 24 -5 24 -37z m290 24 c0 -11 -7 -20 -15 -20 -17 0 -18 2 -9 24 9 23 24 20 24 -4z m1152 -26 c3 -46 -3 -61 -22 -49 -11 7 -14 78 -3 88 15 15 21 5 25 -39z m-4174 2 c2 -15 -2 -34 -9 -42 -15 -18 -71 -15 -77 4 -3 10 4 13 24 10 26 -3 29 0 32 30 4 40 25 38 30 -2z m4232 -1 c0 -19 -4 -35 -10 -35 -5 0 -10 6 -10 13 0 6 -3 22 -6 35 -5 16 -2 22 10 22 12 0 16 -9 16 -35z m-914 -41 c-3 -8 -19 -14 -40 -14 -38 0 -55 15 -37 33 7 7 16 6 29 -6 22 -20 41 -6 43 33 2 24 2 24 6 -3 3 -16 2 -35 -1 -43z m794 60 c0 -16 -23 -44 -35 -44 -18 0 -19 5 -3 30 12 18 38 28 38 14z m-3993 -30 c9 -24 -21 -48 -52 -40 l-26 7 23 24 c27 28 46 32 55 9z m1141 -8 c5 -23 -12 -40 -32 -33 -12 5 -13 10 -3 31 13 28 30 29 35 2z m5738 9 c4 -8 17 -15 30 -15 14 0 24 -6 24 -14 0 -10 -15 -13 -60 -12 -60 1 -65 5 -54 39 7 21 52 23 60 2z m-7226 -25 c0 -5 -5 -12 -11 -16 -14 -8 -33 11 -25 25 7 11 36 4 36 -9z m1250 0 c0 -21 -24 -28 -35 -10 -8 14 3 30 21 30 8 0 14 -9 14 -20z m2000 -6 c0 -8 -4 -14 -10 -14 -5 0 -10 9 -10 21 0 11 5 17 10 14 6 -3 10 -13 10 -21z m2360 11 c10 -12 9 -16 -5 -21 -19 -8 -40 9 -31 25 10 15 21 14 36 -4z m-2165 -5 c8 -13 -14 -52 -26 -45 -15 10 -11 55 5 55 8 0 18 -4 21 -10z m3468 3 c11 -10 -13 -33 -34 -33 -12 0 -19 7 -19 20 0 14 7 20 23 20 13 0 27 -3 30 -7z m-5908 -243 c202 -24 252 -33 324 -56 42 -14 96 -37 121 -50 25 -13 56 -28 70 -33 66 -24 240 -159 339 -263 77 -81 162 -221 189 -313 84 -281 84 -387 1 -683 -27 -96 -116 -235 -218 -340 -44 -46 -200 -169 -249 -197 -91 -52 -116 -65 -124 -65 -6 0 -40 -14 -76 -31 -37 -17 -103 -37 -147 -46 -44 -8 -102 -22 -130 -31 -70 -22 -276 -23 -375 0 -41 9 -110 24 -153 33 -43 8 -104 29 -137 45 -33 17 -68 30 -78 30 -11 0 -37 13 -58 28 -21 16 -67 43 -101 62 -35 18 -63 36 -63 41 0 4 -17 18 -38 31 -34 21 -90 78 -180 184 -54 64 -109 158 -161 274 -25 56 -51 223 -51 324 0 113 28 283 56 336 13 25 24 50 24 56 0 7 16 36 36 65 20 30 43 68 51 84 18 35 24 41 136 155 128 131 178 167 341 244 139 67 187 82 306 97 52 6 115 15 140 19 67 11 116 11 205 0z m2920 -16 c274 -38 467 -137 696 -356 55 -52 109 -119 109 -135 0 -4 16 -28 35 -51 33 -42 67 -119 80 -179 4 -15 13 -44 20 -63 19 -47 45 -195 45 -255 0 -61 -28 -222 -45 -255 -7 -14 -18 -50 -25 -80 -14 -63 -41 -119 -79 -170 -15 -19 -33 -48 -41 -63 -31 -63 -243 -257 -330 -303 -19 -11 -49 -29 -66 -41 -16 -12 -43 -25 -60 -29 -16 -4 -54 -19 -85 -34 -31 -15 -92 -35 -135 -44 -44 -9 -97 -21 -119 -27 -104 -26 -148 -31 -260 -26 -78 3 -134 10 -159 21 -21 9 -51 16 -67 16 -47 0 -153 28 -202 54 -25 14 -64 30 -85 35 -21 6 -54 22 -73 36 -19 13 -52 34 -73 46 -22 11 -61 39 -88 60 -28 21 -53 39 -57 39 -18 0 -231 264 -231 287 0 6 -13 27 -29 47 -20 25 -35 62 -47 114 -10 42 -24 90 -32 106 -9 19 -16 77 -19 170 -5 133 1 201 25 271 6 17 20 63 32 103 12 40 30 82 40 95 9 12 27 43 40 69 13 26 36 60 52 75 15 15 28 32 28 38 0 8 43 55 125 134 58 56 213 163 255 176 14 4 54 22 90 40 82 41 151 61 265 76 50 6 115 15 145 19 66 10 176 4 325 -16z m2695 16 c36 -6 100 -15 143 -21 92 -12 225 -52 282 -84 22 -13 51 -26 64 -30 73 -22 328 -230 387 -315 133 -192 157 -251 189 -447 18 -110 19 -214 4 -297 -27 -153 -52 -243 -80 -287 -16 -25 -29 -48 -29 -52 0 -12 -113 -164 -153 -205 -82 -84 -334 -262 -370 -262 -13 0 -53 -15 -142 -55 -39 -17 -118 -35 -154 -35 -16 0 -46 -7 -67 -17 -56 -24 -297 -25 -374 -1 -30 9 -89 22 -130 29 -41 6 -111 27 -154 45 -44 19 -83 34 -88 34 -14 0 -181 103 -228 141 -40 31 -135 123 -186 181 -49 55 -116 167 -168 281 -73 161 -74 531 -2 682 80 167 145 264 237 355 112 109 243 208 299 225 14 4 48 20 75 36 59 33 169 64 280 80 44 6 103 15 130 19 75 11 162 11 235 0z"
       id="path3307"
       style="fill:#1a1a1a" />
    <path
       d="M6123 9562 c-23 -14 -33 -64 -33 -158 0 -141 34 -200 94 -161 29 19 36 54 36 168 0 119 -16 159 -65 159 -11 0 -25 -4 -32 -8z"
       id="path3309"
       style="fill:#1a1a1a" />
    <path
       d="M5744 9548 c-4 -7 -9 -32 -10 -55 -2 -51 19 -68 67 -58 47 11 67 76 33 109 -18 19 -80 21 -90 4z"
       id="path3311"
       style="fill:#1a1a1a" />
    <path
       d="M937 9557 c-21 -15 -34 -151 -23 -241 9 -68 38 -96 84 -80 42 14 62 66 62 159 0 131 -21 175 -82 175 -13 0 -32 -6 -41 -13z"
       id="path3313"
       style="fill:#1a1a1a" />
    <path
       d="M1958 9559 c-14 -7 -18 -23 -18 -64 0 -45 3 -55 20 -60 40 -13 110 29 110 66 0 43 -74 81 -112 58z"
       id="path3315"
       style="fill:#1a1a1a" />
    <path
       d="M3174 9557 c-2 -7 -3 -80 -2 -162 3 -136 5 -150 21 -153 35 -7 68 9 87 41 26 42 28 182 4 232 -21 44 -98 74 -110 42z"
       id="path3317"
       style="fill:#1a1a1a" />
    <path
       d="M4406 9544 c-9 -23 -7 -77 3 -93 11 -18 65 -19 85 -1 19 15 21 81 4 98 -18 18 -85 15 -92 -4z"
       id="path3319"
       style="fill:#1a1a1a" />
    <path
       d="M4946 9543 c-8 -28 -4 -87 7 -100 15 -20 65 -15 87 7 24 24 26 57 4 88 -20 28 -90 32 -98 5z"
       id="path3321"
       style="fill:#1a1a1a" />
    <path
       d="M6497 9552 c-3 -4 -6 -69 -8 -145 -3 -115 0 -140 13 -153 13 -14 22 -14 50 -5 47 16 58 44 58 154 0 116 -20 157 -74 157 -19 0 -37 -3 -39 -8z"
       id="path3323"
       style="fill:#1a1a1a" />
    <path
       d="M3577 9493 c-2 -4 -12 -35 -21 -67 -19 -65 -14 -76 35 -76 43 0 50 18 30 78 -19 55 -35 80 -44 65z"
       id="path3325"
       style="fill:#1a1a1a" />
    <path
       d="M5115 8745 c-24 -23 -25 -30 -25 -148 0 -111 2 -127 21 -151 36 -45 78 -31 107 37 18 43 15 191 -5 230 -31 61 -61 70 -98 32z"
       id="path3327"
       style="fill:#1a1a1a" />
    <path
       d="M7045 8663 c-3 -16 -11 -45 -17 -66 -13 -44 -2 -59 42 -55 20 2 26 9 28 35 8 77 -39 153 -53 86z"
       id="path3329"
       style="fill:#1a1a1a" />
    <path
       d="M1946 8699 c-14 -41 -26 -97 -26 -121 0 -21 6 -29 25 -34 58 -14 67 14 36 104 -20 59 -28 71 -35 51z"
       id="path3331"
       style="fill:#1a1a1a" />
    <path
       d="M2276 8734 c-3 -9 -6 -33 -6 -54 0 -46 22 -63 69 -54 86 18 67 124 -22 124 -23 0 -37 -6 -41 -16z"
       id="path3333"
       style="fill:#1a1a1a" />
    <path
       d="M7387 8743 c-4 -3 -7 -30 -7 -59 0 -43 3 -54 19 -59 22 -7 70 3 89 18 21 16 15 74 -10 91 -23 16 -79 22 -91 9z"
       id="path3335"
       style="fill:#1a1a1a" />
    <path
       d="M1293 7923 c-27 -41 -31 -215 -6 -263 15 -29 24 -36 55 -38 61 -5 70 21 66 173 -3 112 -5 128 -22 141 -32 23 -73 18 -93 -13z"
       id="path3337"
       style="fill:#1a1a1a" />
    <path
       d="M1798 7945 c-22 -13 -28 -24 -34 -71 -9 -75 1 -220 16 -239 7 -9 29 -15 51 -15 30 0 42 5 55 26 34 52 27 263 -9 292 -23 18 -52 21 -79 7z"
       id="path3339"
       style="fill:#1a1a1a" />
    <path
       d="M3339 7941 c-22 -17 -24 -28 -27 -128 -2 -62 1 -126 7 -151 11 -40 13 -42 50 -42 61 0 66 14 66 166 0 105 -3 136 -15 148 -27 25 -56 28 -81 7z"
       id="path3341"
       style="fill:#1a1a1a" />
    <path
       d="M5305 7948 c-11 -6 -23 -16 -27 -22 -12 -17 -9 -265 2 -287 12 -22 84 -27 97 -6 32 50 44 190 22 258 -12 35 -43 69 -63 69 -6 0 -20 -6 -31 -12z"
       id="path3343"
       style="fill:#1a1a1a" />
    <path
       d="M4931 7863 c-5 -10 -10 -43 -12 -73 l-4 -55 39 -3 c37 -3 38 -2 32 22 -3 14 -9 38 -12 54 -3 15 -7 37 -10 50 -5 26 -20 29 -33 5z"
       id="path3345"
       style="fill:#1a1a1a" />
    <path
       d="M1078 6740 c-16 -10 -18 -29 -18 -164 0 -108 4 -157 13 -170 11 -15 22 -16 109 -7 126 13 149 28 168 113 22 100 -9 185 -77 213 -47 20 -172 29 -195 15z"
       id="path3347"
       style="fill:#1a1a1a" />
    <path
       d="M2502 6459 c-35 -47 -52 -130 -32 -154 9 -11 36 -15 110 -15 54 0 105 3 114 6 20 8 20 46 1 112 -20 66 -52 92 -115 92 -45 0 -50 -3 -78 -41z"
       id="path3349"
       style="fill:#1a1a1a" />
    <path
       d="M5392 6164 c-75 -20 -110 -40 -132 -77 -34 -56 -22 -147 24 -179 6 -4 31 -8 56 -8 50 0 100 25 125 64 18 27 31 149 21 190 -7 30 -18 31 -94 10z"
       id="path3351"
       style="fill:#1a1a1a" />
    <path
       d="M7499 6477 c-38 -32 -49 -59 -49 -120 0 -41 4 -56 16 -61 30 -11 209 -7 222 6 28 28 4 128 -41 169 -41 37 -108 40 -148 6z"
       id="path3353"
       style="fill:#1a1a1a" />
    <path
       d="M3746 5021 c-7 -11 3 -41 14 -41 11 0 21 30 14 41 -3 5 -9 9 -14 9 -5 0 -11 -4 -14 -9z"
       id="path3355"
       style="fill:#1a1a1a" />
    <path
       d="M4898 5023 c-19 -5 -25 -23 -9 -23 5 0 16 -3 25 -6 12 -4 16 0 16 15 0 21 -2 22 -32 14z"
       id="path3357"
       style="fill:#1a1a1a" />
    <path
       d="M1188 5032 c-20 -22 -6 -65 19 -60 22 4 29 50 10 66 -11 9 -17 8 -29 -6z"
       id="path3359"
       style="fill:#1a1a1a" />
    <path
       d="M5390 5035 c-18 -21 -4 -65 20 -65 21 0 45 34 35 50 -14 22 -43 30 -55 15z"
       id="path3361"
       style="fill:#1a1a1a" />
    <path
       d="M3560 5005 c0 -27 10 -31 41 -15 30 17 24 40 -11 40 -25 0 -30 -4 -30 -25z"
       id="path3363"
       style="fill:#1a1a1a" />
    <path
       d="M8287 5004 c-4 -4 -7 -17 -7 -28 0 -19 1 -19 17 -3 12 11 14 20 7 27 -6 6 -13 7 -17 4z"
       id="path3365"
       style="fill:#1a1a1a" />
    <path
       d="M917 4828 c-7 -26 -1 -38 19 -38 9 0 14 11 14 30 0 35 -25 41 -33 8z"
       id="path3367"
       style="fill:#1a1a1a" />
    <path
       d="M1575 4450 c-33 -4 -77 -15 -98 -24 -21 -9 -60 -21 -86 -26 -27 -5 -73 -23 -102 -41 -30 -18 -70 -41 -89 -51 -19 -11 -44 -25 -55 -31 -11 -7 -41 -24 -65 -38 -66 -39 -270 -254 -270 -285 0 -6 -8 -18 -18 -28 -11 -9 -25 -35 -32 -59 -7 -23 -26 -69 -42 -101 -35 -70 -53 -167 -53 -286 0 -88 21 -227 36 -246 5 -6 21 -47 37 -91 16 -44 44 -101 63 -126 66 -90 128 -172 144 -187 8 -8 27 -28 42 -43 15 -16 55 -45 88 -64 33 -20 74 -47 91 -60 17 -13 35 -23 39 -23 5 0 45 -18 91 -40 45 -22 108 -45 140 -51 33 -6 84 -18 114 -26 88 -25 379 -21 495 6 156 37 180 44 195 56 8 6 45 24 83 40 37 15 72 34 79 42 6 8 24 21 40 29 62 32 141 101 222 194 47 54 86 101 86 104 0 3 17 34 38 68 21 35 47 95 59 133 12 39 30 94 39 123 14 44 16 77 11 185 -7 138 -21 197 -72 298 -14 28 -25 56 -25 62 0 6 -6 18 -14 26 -8 9 -25 35 -38 58 -27 48 -158 201 -174 202 -5 1 -34 21 -63 46 -29 25 -57 42 -62 39 -5 -3 -24 8 -41 25 -18 17 -39 31 -48 31 -9 0 -25 9 -35 20 -10 11 -26 20 -35 20 -10 0 -20 7 -24 15 -3 8 -12 15 -19 15 -8 0 -20 7 -27 15 -8 9 -30 15 -59 15 -26 0 -55 6 -66 14 -60 42 -358 68 -520 46z m631 -134 c7 -10 21 -17 31 -16 37 4 55 0 50 -12 -2 -7 0 -21 5 -31 7 -14 16 -16 42 -12 23 5 36 2 45 -9 8 -9 20 -16 29 -16 23 0 63 -49 60 -73 -2 -12 2 -22 9 -22 6 0 15 -3 19 -7 4 -5 -2 -8 -12 -8 -15 0 -20 -7 -19 -24 0 -13 3 -28 8 -32 11 -11 8 -44 -4 -44 -6 0 -13 9 -16 20 -3 11 -9 20 -14 20 -5 0 -9 9 -9 19 0 12 -7 18 -17 17 -12 -1 -17 5 -15 18 2 11 -1 16 -10 14 -8 -3 -12 -17 -10 -36 2 -18 2 -32 0 -32 -22 1 -143 47 -200 77 -24 12 -32 12 -65 -2 -54 -23 -159 -29 -167 -10 -3 8 -12 15 -20 15 -8 0 -27 7 -43 14 -15 8 -36 17 -46 20 -13 4 -17 12 -12 26 3 10 1 29 -5 41 -15 27 3 42 43 34 27 -4 36 1 74 49 11 13 19 13 69 -5 63 -21 94 -24 94 -9 0 6 -11 10 -24 10 -24 0 -41 12 -30 22 2 3 37 4 76 3 54 -2 74 -6 84 -19z m-405 -166 c117 -67 158 -115 184 -215 14 -52 6 -111 -20 -145 -6 -8 -16 -27 -23 -42 -13 -31 -106 -94 -171 -116 -30 -10 -63 -13 -107 -9 -60 6 -64 5 -55 -12 6 -10 17 -23 25 -30 8 -7 22 -34 31 -61 9 -27 22 -53 29 -59 12 -10 53 -99 86 -188 6 -17 22 -40 34 -52 20 -19 27 -20 72 -11 216 44 256 45 312 2 17 -13 33 -20 34 -16 1 5 2 47 2 92 1 111 13 122 133 122 62 0 84 3 81 12 -3 7 -15 15 -29 18 -17 4 -24 13 -24 30 0 25 1 25 101 28 84 2 103 0 107 -13 10 -24 -3 -44 -29 -47 -14 -2 -25 -7 -25 -13 1 -6 61 -15 138 -21 76 -6 139 -12 141 -13 1 0 2 -14 2 -29 0 -55 -16 -59 -239 -64 -170 -4 -206 -8 -216 -21 -6 -9 -12 -62 -13 -126 -3 -107 -2 -110 22 -126 13 -9 27 -27 30 -40 6 -23 10 -24 99 -27 87 -3 92 -4 95 -26 3 -17 -14 -40 -65 -91 -94 -94 -98 -96 -190 -77 -42 9 -81 20 -87 25 -6 4 -23 11 -38 15 -62 15 -105 146 -51 154 25 4 66 49 57 64 -3 5 -16 1 -28 -10 -22 -21 -144 -62 -182 -62 -25 0 -119 -22 -202 -47 -33 -9 -73 -13 -105 -10 -45 4 -55 10 -96 54 -25 28 -55 65 -66 84 -30 51 -46 44 -62 -28 -14 -60 -13 -63 11 -110 14 -26 26 -52 26 -56 0 -5 11 -18 24 -28 13 -10 27 -31 31 -46 3 -15 20 -47 36 -71 45 -67 59 -99 52 -118 -5 -14 -16 -16 -80 -10 -41 3 -87 12 -101 20 -15 7 -54 21 -86 31 -33 9 -103 39 -155 66 -121 63 -126 66 -184 115 -40 34 -53 54 -73 110 -27 79 -32 185 -10 237 7 18 16 55 20 82 6 43 22 96 79 249 14 37 68 102 120 142 57 44 117 65 212 73 79 6 80 6 50 21 -41 20 -69 81 -73 160 -6 102 10 146 76 208 86 79 132 98 228 92 44 -3 91 -12 105 -20z m255 -126 c-4 -12 -10 -14 -17 -7 -5 5 -7 17 -3 27 4 12 10 14 17 7 5 -5 7 -17 3 -27z"
       id="path3369"
       style="fill:#1a1a1a" />
    <path
       d="M4366 4449 c-32 -5 -82 -17 -110 -27 -28 -11 -68 -22 -89 -26 -21 -4 -68 -25 -104 -47 -36 -23 -76 -45 -87 -50 -94 -43 -234 -155 -293 -236 -25 -34 -49 -63 -53 -63 -10 0 -121 -224 -152 -305 -20 -53 -23 -78 -23 -205 0 -142 1 -147 39 -260 21 -63 45 -122 52 -130 7 -9 23 -37 34 -63 12 -26 33 -61 48 -76 15 -16 38 -46 52 -66 42 -63 118 -133 190 -176 30 -18 69 -43 85 -55 17 -12 54 -32 83 -43 30 -12 59 -27 66 -34 12 -12 47 -21 226 -63 105 -24 375 -25 480 -1 41 10 107 25 145 33 39 9 77 22 85 29 8 8 40 23 70 35 30 12 64 29 75 39 11 10 52 38 90 64 121 79 259 231 307 337 9 19 25 55 36 80 36 78 43 103 58 190 27 167 8 335 -51 455 -19 39 -35 74 -35 78 0 38 -206 287 -238 287 -8 0 -26 12 -40 28 -34 35 -98 82 -111 82 -5 0 -16 9 -23 19 -16 23 -59 31 -66 13 -2 -7 5 -16 17 -19 14 -3 21 -13 21 -29 0 -29 15 -39 32 -21 10 12 15 11 32 -4 19 -18 19 -19 -7 -39 -15 -12 -27 -31 -27 -42 0 -11 -10 -33 -21 -50 -18 -25 -27 -29 -50 -24 -16 3 -43 16 -60 28 -26 19 -42 23 -100 22 -38 -1 -69 2 -69 7 0 5 -4 9 -10 9 -15 0 -12 -38 6 -65 11 -16 16 -49 17 -102 1 -95 -16 -135 -86 -205 -78 -78 -114 -85 -175 -35 -32 27 -47 33 -71 29 -17 -2 -31 -7 -31 -11 0 -4 -10 -18 -21 -30 -19 -20 -28 -22 -66 -17 -55 7 -100 30 -108 56 -3 11 -18 29 -33 40 -51 41 -62 68 -62 160 1 93 11 120 67 183 17 19 60 50 95 68 60 30 69 32 188 34 150 3 140 2 140 20 0 8 12 22 26 31 21 15 31 15 58 6 40 -15 123 -16 131 -2 8 12 65 13 84 1 10 -6 25 -4 44 5 16 9 27 17 25 18 -52 44 -113 76 -145 76 -20 0 -57 10 -82 22 -81 39 -353 59 -505 37z m334 -181 c0 -5 -7 -8 -15 -8 -15 0 -20 21 -8 33 7 7 23 -11 23 -25z m565 -225 c-6 -24 -8 -25 -16 -10 -13 22 -35 22 -43 0 -6 -15 -8 -15 -16 -3 -17 27 -11 40 19 40 17 0 33 5 37 11 12 20 27 -8 19 -38z m-857 -381 c28 -18 28 -33 -2 -63 -13 -13 -33 -42 -44 -63 -12 -21 -37 -52 -57 -68 -43 -36 -44 -48 -5 -48 45 0 80 -20 80 -46 0 -21 3 -22 58 -17 31 3 66 11 77 18 11 6 43 18 72 24 57 14 107 4 151 -29 19 -15 28 -16 60 -7 62 19 62 23 -4 124 -24 37 -44 72 -44 79 0 6 -6 17 -14 23 -21 18 -26 50 -10 66 8 8 32 20 53 26 55 16 143 -12 174 -55 12 -17 34 -41 49 -54 15 -13 29 -31 32 -40 3 -9 19 -26 35 -36 16 -11 36 -32 45 -47 9 -16 29 -41 44 -58 15 -16 46 -53 69 -83 24 -29 64 -80 90 -112 45 -56 48 -63 48 -119 0 -56 -2 -61 -36 -91 -59 -50 -99 -60 -164 -41 -44 12 -67 28 -114 77 -92 94 -93 91 -86 -159 6 -203 6 -209 -15 -236 -12 -15 -28 -27 -37 -27 -8 0 -29 -7 -46 -14 -44 -20 -203 -46 -285 -46 -90 0 -292 29 -317 46 -11 8 -27 14 -37 14 -9 0 -24 7 -32 16 -23 23 -24 444 -1 488 9 16 14 31 12 32 -2 2 -42 -36 -88 -85 -73 -76 -93 -91 -138 -105 -73 -21 -136 -4 -187 51 -19 21 -24 37 -24 81 0 46 5 60 32 96 30 38 166 201 256 304 20 24 41 51 46 60 19 32 110 117 145 134 41 20 121 15 159 -10z"
       id="path3371"
       style="fill:#1a1a1a" />
    <path
       d="M4720 4221 c0 -13 37 -24 51 -15 8 4 7 9 -2 15 -19 12 -49 11 -49 0z"
       id="path3373"
       style="fill:#1a1a1a" />
    <path
       d="M7170 4450 c-25 -4 -63 -15 -86 -23 -22 -8 -66 -20 -97 -27 -72 -15 -299 -143 -377 -214 -22 -20 -44 -36 -49 -36 -5 0 -20 -17 -32 -37 -13 -21 -37 -52 -54 -70 -53 -56 -82 -97 -105 -153 -13 -30 -32 -67 -42 -83 -42 -60 -60 -153 -61 -312 -1 -143 17 -277 42 -310 4 -5 23 -44 42 -85 18 -41 58 -106 89 -144 30 -37 67 -86 83 -107 33 -46 63 -58 86 -34 15 15 12 20 -35 63 -29 26 -58 58 -65 72 -7 14 -25 41 -40 60 -15 19 -41 62 -59 95 l-32 60 16 70 c8 39 17 115 20 170 3 55 10 115 16 133 13 46 74 119 127 151 24 14 43 30 43 35 0 4 -15 22 -34 40 -74 69 -87 154 -36 243 39 68 95 96 195 97 107 1 164 -28 212 -109 48 -80 46 -127 -8 -197 -54 -68 -78 -88 -111 -88 -44 0 -42 -18 10 -74 27 -30 56 -69 65 -88 9 -18 28 -44 42 -58 15 -14 36 -42 46 -62 20 -40 47 -49 68 -24 9 11 9 29 0 78 -15 88 -4 115 53 123 59 9 318 2 318 -8 0 -33 134 72 248 195 24 25 53 49 65 52 23 7 77 77 77 101 0 8 13 36 28 62 16 26 31 56 34 65 4 9 15 18 25 21 10 2 2 2 -17 0 -20 -2 -74 1 -120 6 -49 6 -109 7 -142 2 -39 -5 -69 -4 -94 5 -38 13 -64 9 -64 -10 0 -6 -11 -24 -24 -41 -19 -23 -27 -27 -36 -18 -14 13 -5 33 15 33 7 0 18 14 24 31 9 27 8 37 -9 64 -25 40 -25 66 -2 95 15 19 22 21 39 12 22 -12 60 -6 84 14 16 14 146 13 197 -2 26 -8 28 2 5 28 -15 17 -15 18 6 18 22 0 53 -14 84 -39 13 -11 20 -12 29 -3 20 20 30 14 96 -48 49 -47 62 -65 57 -80 -4 -11 -14 -20 -23 -20 -9 0 -24 -5 -32 -10 -11 -7 -6 -10 20 -10 25 0 46 10 75 34 l40 34 -21 20 c-11 11 -31 23 -44 27 -13 4 -33 17 -44 29 -12 13 -43 34 -71 47 -27 13 -53 28 -56 32 -15 21 -83 47 -122 47 -24 0 -47 4 -53 9 -5 5 -36 19 -68 30 -49 17 -92 22 -235 25 -97 3 -196 1 -221 -4z m528 -86 c32 -9 27 -24 -7 -24 -30 0 -46 12 -34 24 8 7 12 7 41 0z m-368 -333 c0 -12 -29 -23 -41 -15 -18 10 -9 24 16 24 14 0 25 -4 25 -9z m158 -192 c-18 -12 -48 -11 -48 0 0 11 30 19 48 13 11 -4 11 -6 0 -13z m-78 1 c-20 -13 -40 -13 -40 0 0 6 12 10 28 10 21 0 24 -2 12 -10z"
       id="path3375"
       style="fill:#1a1a1a" />
    <path
       d="M8230 4048 c0 -7 12 -24 27 -40 20 -21 27 -40 31 -82 2 -30 2 -66 -2 -79 -6 -24 -50 -82 -88 -116 -10 -8 -18 -19 -18 -23 0 -4 24 -19 52 -33 53 -27 96 -67 123 -116 9 -17 18 -82 25 -178 9 -137 8 -155 -10 -212 -18 -58 -86 -171 -138 -228 -53 -58 -186 -191 -191 -191 -34 1 -39 45 -50 448 -1 33 -22 27 -66 -19 -89 -91 -125 -92 -314 -2 -51 24 -107 47 -123 50 -21 4 -40 20 -61 50 -32 44 -45 52 -51 31 -42 -155 -51 -167 -128 -171 -50 -3 -64 -9 -105 -43 -26 -22 -60 -47 -74 -56 -14 -9 -75 -63 -135 -121 -60 -57 -119 -107 -131 -111 -12 -4 -25 -15 -28 -25 -3 -9 -19 -27 -35 -39 -17 -13 -30 -28 -30 -35 0 -16 62 -55 145 -94 22 -10 47 -23 55 -29 8 -7 47 -19 85 -27 39 -9 106 -24 150 -33 104 -23 376 -24 456 -1 30 8 74 18 99 22 62 9 117 28 170 59 25 14 52 26 61 26 8 0 39 17 67 38 28 20 70 48 92 62 41 24 167 151 226 226 41 51 116 197 132 254 48 173 57 285 30 410 -19 91 -61 205 -89 243 -11 15 -28 46 -38 70 -31 70 -121 156 -121 115z"
       id="path3377"
       style="fill:#1a1a1a" />
    <path
       d="M7845 3712 c-16 -10 -63 -49 -103 -87 -41 -39 -84 -76 -95 -84 -12 -7 -33 -27 -46 -43 l-23 -29 26 -24 c15 -14 31 -25 35 -25 5 0 28 -9 52 -20 24 -11 51 -20 59 -20 13 0 94 97 178 213 26 36 43 56 67 75 21 17 10 32 -23 32 -15 1 -38 7 -52 15 -32 18 -38 18 -75 -3z"
       id="path3379"
       style="fill:#1a1a1a" />
    <path
       d="M6786 3218 c-10 -41 -7 -228 5 -228 16 0 159 132 153 142 -3 4 -13 8 -23 8 -10 0 -38 23 -63 50 -51 56 -63 60 -72 28z"
       id="path3381"
       style="fill:#1a1a1a" />
    <path
       d="M3475 1882 c-73 -3 -95 -13 -95 -42 0 -16 9 -17 88 -13 87 6 112 14 112 38 0 17 -22 21 -105 17z"
       id="path3383"
       style="fill:#1a1a1a" />
    <path
       d="M932 1871 c-11 -6 -13 -51 -12 -201 0 -106 3 -197 6 -201 3 -5 54 -9 115 -9 95 0 110 2 121 19 11 18 13 17 59 -7 44 -22 53 -24 91 -14 24 6 61 10 83 9 l40 -2 0 138 c0 136 0 139 -25 157 -18 14 -41 20 -87 20 -52 0 -66 -4 -92 -26 -59 -49 -23 -95 43 -55 42 26 63 27 71 1 9 -27 -9 -47 -48 -56 -60 -13 -105 -44 -117 -80 -7 -22 -19 -36 -33 -39 -31 -7 -124 -1 -133 8 -5 4 -9 79 -10 167 -1 87 -5 163 -8 169 -8 13 -45 14 -64 2z m428 -299 c0 -26 -28 -62 -49 -62 -46 0 -56 61 -14 84 32 16 63 6 63 -22z"
       id="path3385"
       style="fill:#1a1a1a" />
    <path
       d="M4392 1860 c-12 -12 -22 -31 -22 -44 0 -13 -9 -31 -20 -41 -25 -23 -25 -37 0 -60 17 -15 20 -33 22 -134 l3 -116 34 -3 c18 -2 38 1 43 6 6 6 10 55 9 110 -1 81 2 103 15 116 31 32 39 13 44 -110 l5 -119 40 0 40 0 5 110 c5 109 5 110 33 123 48 23 57 12 57 -75 0 -59 5 -85 19 -106 35 -54 85 -73 152 -58 50 11 67 26 75 68 9 48 -17 53 -61 14 -20 -17 -42 -31 -49 -31 -23 0 -48 37 -44 67 l3 28 93 3 c68 2 93 -1 97 -10 2 -7 9 -32 15 -55 17 -68 39 -87 97 -85 27 0 56 2 64 4 10 2 15 -9 17 -42 4 -54 17 -73 46 -64 43 12 46 29 46 221 l0 183 -27 11 c-17 6 -36 6 -53 0 -16 -5 -33 -5 -41 0 -8 5 -32 9 -55 9 -46 0 -65 -15 -89 -73 -8 -20 -18 -37 -21 -37 -10 0 -43 44 -44 57 0 30 -43 53 -98 53 -46 0 -60 -5 -89 -30 -36 -32 -53 -32 -53 1 0 26 -25 35 -54 19 -18 -9 -28 -9 -46 0 -13 7 -36 9 -56 5 -35 -6 -74 8 -74 26 0 6 10 19 22 28 13 11 19 24 15 34 -10 25 -87 23 -115 -3z m476 -152 c17 -17 15 -45 -4 -52 -25 -10 -42 -7 -59 10 -15 15 -15 18 1 35 20 22 45 24 62 7z m302 -17 c5 -11 10 -44 10 -73 0 -66 -21 -100 -58 -96 -22 2 -28 10 -35 43 -8 38 -3 117 9 136 10 17 63 10 74 -10z"
       id="path3387"
       style="fill:#1a1a1a" />
    <path
       d="M6238 1859 c-10 -5 -18 -21 -18 -34 0 -13 -12 -37 -26 -55 l-26 -31 26 -24 c24 -22 26 -30 26 -110 0 -82 10 -121 34 -137 21 -14 96 -9 102 7 8 20 29 19 60 -1 34 -23 123 -23 158 -1 36 24 53 61 36 82 -20 24 -47 18 -72 -15 -12 -16 -30 -30 -39 -30 -22 0 -49 37 -49 67 0 27 16 32 110 35 51 2 65 6 68 20 6 29 -17 94 -43 122 -21 22 -32 26 -83 26 -51 0 -64 -4 -83 -25 -13 -13 -29 -25 -36 -25 -15 0 -27 -95 -21 -161 4 -42 3 -49 -13 -49 -27 0 -39 31 -39 104 0 59 3 67 25 82 14 9 25 25 25 35 0 11 -11 29 -25 41 -14 12 -25 32 -25 45 0 16 -8 27 -26 33 -30 12 -25 12 -46 -1z m295 -161 c23 -36 -45 -67 -73 -33 -10 13 -9 19 6 36 21 23 52 22 67 -3z"
       id="path3389"
       style="fill:#1a1a1a" />
    <path
       d="M7750 1850 c-11 -11 -20 -31 -20 -45 0 -15 -9 -31 -25 -41 -23 -15 -27 -15 -51 1 -21 13 -37 16 -73 10 -62 -9 -93 -10 -111 -2 -35 16 -43 -7 -45 -139 -2 -142 5 -174 34 -174 48 0 51 6 51 114 0 104 7 127 42 139 34 12 47 -23 50 -132 3 -117 14 -135 62 -113 26 11 26 13 26 127 0 106 1 115 19 115 26 0 31 -19 31 -119 0 -112 12 -131 80 -131 38 0 52 5 64 21 l15 21 36 -22 c36 -22 108 -30 151 -16 20 6 54 58 54 82 0 28 -30 26 -65 -5 -20 -17 -44 -31 -54 -31 -39 0 -67 64 -38 88 7 6 46 12 87 14 l75 3 3 32 c4 38 -30 108 -59 123 -30 17 -106 14 -132 -4 -74 -51 -72 -46 -70 -151 1 -93 1 -96 -20 -93 -20 3 -22 10 -25 88 -3 81 -2 86 23 106 l26 21 -25 30 c-14 17 -26 40 -26 51 0 21 -34 52 -57 52 -7 0 -22 -9 -33 -20z m304 -143 c30 -22 16 -52 -26 -55 -28 -2 -39 1 -47 17 -21 38 34 67 73 38z"
       id="path3391"
       style="fill:#1a1a1a" />
    <path
       d="M2270 1783 c-59 -9 -97 -46 -85 -83 8 -25 33 -25 65 0 32 25 66 25 80 0 9 -17 6 -23 -22 -40 -18 -11 -41 -20 -51 -20 -30 0 -77 -33 -84 -58 -8 -33 4 -93 21 -111 8 -8 30 -14 48 -13 130 5 165 8 176 15 15 10 17 185 1 240 -5 20 -20 43 -32 51 -25 15 -79 24 -117 19z m59 -182 c34 -22 4 -91 -40 -91 -44 0 -49 72 -6 90 28 11 29 11 46 1z"
       id="path3393"
       style="fill:#1a1a1a" />
    <path
       d="M4021 1780 c-19 -5 -49 -24 -67 -44 -18 -20 -36 -36 -40 -36 -4 0 -22 18 -41 40 -33 38 -38 40 -89 40 -67 0 -86 -9 -114 -55 -19 -31 -22 -47 -18 -124 3 -77 6 -93 26 -114 47 -50 156 -43 203 13 l26 31 34 -34 c53 -53 145 -58 216 -12 21 14 24 22 21 67 l-3 51 -70 36 c-70 36 -92 65 -60 77 9 4 32 -1 51 -10 62 -29 99 -16 70 25 -31 45 -85 63 -145 49z m-211 -87 c40 -51 13 -183 -37 -183 -8 0 -25 11 -38 25 -21 20 -25 34 -25 80 0 46 4 60 25 80 31 32 48 31 75 -2z m220 -96 c53 -18 66 -26 68 -46 7 -45 -53 -56 -90 -17 -13 14 -36 26 -53 28 -23 2 -31 9 -33 26 -6 38 4 54 25 41 10 -6 47 -20 83 -32z"
       id="path3395"
       style="fill:#1a1a1a" />
    <path
       d="M6990 1783 c-8 -3 -30 -11 -47 -19 -29 -13 -35 -13 -58 2 -18 12 -36 14 -67 10 -24 -4 -66 -7 -95 -6 -28 0 -54 -4 -58 -9 -3 -6 -6 -72 -6 -148 1 -99 4 -139 13 -145 19 -12 66 -10 74 3 4 7 8 57 8 113 1 56 6 107 10 114 10 16 51 15 64 -1 6 -7 13 -62 14 -123 l3 -109 30 0 30 0 5 113 c5 123 11 134 65 130 l30 -3 2 -100 c4 -142 6 -147 51 -143 31 3 37 7 40 28 1 14 5 45 9 70 l6 45 8 -45 c15 -77 89 -119 177 -99 49 11 74 37 70 73 -4 44 -39 47 -68 7 -36 -52 -94 -30 -88 33 l3 31 77 3 c44 2 80 8 86 15 15 18 -7 103 -34 132 -20 21 -32 25 -82 25 -58 0 -61 -1 -101 -45 -22 -24 -41 -55 -42 -67 -1 -15 -6 -6 -15 23 -20 65 -71 106 -114 92z m303 -85 c22 -34 -41 -66 -71 -36 -16 16 -15 23 4 43 20 19 53 16 67 -7z"
       id="path3397"
       style="fill:#1a1a1a" />
    <path
       d="M1492 1773 c-30 -6 -39 -29 -19 -51 13 -15 23 -47 46 -153 4 -20 17 -52 27 -70 17 -29 27 -34 60 -37 54 -4 55 -4 94 146 13 51 37 56 44 10 3 -18 8 -50 11 -70 8 -52 34 -79 83 -88 91 -16 166 18 160 74 -4 43 -32 45 -73 6 -38 -37 -63 -36 -85 2 -26 47 -7 62 86 68 l79 5 -2 55 c-1 47 -5 58 -32 82 -26 23 -41 28 -82 28 -28 0 -60 -5 -71 -11 -25 -13 -68 -58 -68 -70 0 -5 -5 -9 -10 -9 -7 0 -9 13 -5 33 8 39 -12 62 -45 52 -27 -9 -39 -34 -48 -103 -6 -52 -9 -57 -32 -57 -23 0 -26 5 -35 66 -10 66 -27 100 -49 98 -6 -1 -21 -4 -34 -6z m423 -88 c0 -28 -3 -30 -35 -30 -25 0 -36 5 -38 18 -5 27 18 48 47 45 22 -2 26 -8 26 -33z"
       id="path3399"
       style="fill:#1a1a1a" />
    <path
       d="M2505 1755 c-19 -18 -25 -35 -25 -69 0 -52 15 -71 70 -86 61 -16 86 -50 58 -78 -19 -19 -43 -14 -73 14 -31 29 -59 28 -63 -2 -5 -32 32 -71 75 -77 84 -13 173 37 173 98 0 28 -43 73 -80 82 -39 10 -90 44 -90 59 0 24 30 28 65 10 66 -36 110 0 61 49 -21 21 -34 25 -86 25 -51 0 -65 -4 -85 -25z"
       id="path3401"
       style="fill:#1a1a1a" />
    <path
       d="M2898 1769 c-16 -9 -18 -27 -18 -148 0 -149 5 -166 52 -159 22 3 23 7 28 116 5 115 11 131 51 132 32 0 39 -23 39 -125 0 -109 6 -125 50 -125 44 0 50 16 50 125 0 65 4 105 12 113 16 16 55 15 65 0 4 -7 10 -62 13 -123 5 -108 5 -110 30 -113 50 -5 54 6 52 140 -3 152 -13 171 -89 176 -36 2 -53 -1 -63 -13 -16 -19 -34 -19 -65 1 -18 12 -36 14 -67 10 -62 -10 -91 -10 -108 -3 -8 4 -23 2 -32 -4z"
       id="path3403"
       style="fill:#1a1a1a" />
    <path
       d="M3404 1771 c-11 -5 -28 -21 -38 -36 -17 -25 -17 -29 -2 -44 15 -14 20 -14 60 8 49 25 79 25 84 -2 5 -26 -15 -46 -57 -53 -43 -8 -97 -38 -105 -60 -9 -24 -7 -61 6 -88 14 -33 61 -46 119 -35 24 4 59 6 77 2 54 -9 58 1 52 146 -6 159 -9 164 -108 168 -37 2 -76 -1 -88 -6z m100 -167 c21 -8 21 -58 0 -79 -9 -9 -28 -15 -43 -13 -37 4 -43 59 -9 82 25 18 29 19 52 10z"
       id="path3405"
       style="fill:#1a1a1a" />
    <path
       d="M5505 1766 c-16 -11 -19 -30 -22 -117 -2 -57 -9 -109 -15 -116 -13 -17 -54 -17 -65 0 -4 6 -10 62 -13 122 l-5 110 -40 0 -40 0 -3 -130 c-2 -128 -2 -132 22 -154 17 -16 36 -23 63 -22 110 2 172 7 178 12 8 9 9 285 1 298 -10 15 -38 14 -61 -3z"
       id="path3407"
       style="fill:#1a1a1a" />
    <path
       d="M5645 1739 l-45 -42 0 -85 c0 -84 0 -85 34 -117 58 -55 147 -56 204 -3 24 24 28 48 10 66 -22 22 -52 13 -70 -19 -22 -38 -55 -36 -78 3 -25 45 -6 62 71 66 104 4 112 7 103 45 -11 53 -41 102 -69 115 -14 7 -46 12 -71 12 -38 0 -51 -6 -89 -41z m123 -31 c17 -17 15 -47 -3 -54 -22 -9 -62 3 -68 21 -13 32 45 59 71 33z"
       id="path3409"
       style="fill:#1a1a1a" />
    <path
       d="M5907 1765 c-12 -12 -14 -40 -11 -151 2 -75 7 -140 10 -145 8 -13 61 -11 70 2 3 6 6 45 5 86 -2 109 6 142 37 150 49 12 57 -4 62 -128 l5 -114 27 -3 c39 -5 45 20 38 159 -4 96 -8 121 -24 138 -21 23 -84 29 -104 9 -9 -9 -21 -9 -50 0 -49 15 -48 15 -65 -3z"
       id="path3411"
       style="fill:#1a1a1a" />
    <path
       d="M8197 1543 c-4 -3 -7 -21 -7 -40 0 -37 16 -49 55 -39 46 12 29 86 -20 86 -12 0 -25 -3 -28 -7z"
       id="path3413"
       style="fill:#1a1a1a" />
    <path
       d="M104 927 c-2 -7 -3 -85 -2 -172 l3 -160 4394 -3 c2600 -1 4397 2 4400 7 3 5 5 84 3 175 l-3 166 -4395 0 c-3579 0 -4396 -2 -4400 -13z m4142 -105 c13 -9 3 -117 -11 -117 -5 0 -11 18 -13 40 -2 23 -10 46 -20 53 -15 11 -15 14 -2 22 18 12 31 12 46 2z m594 -22 c13 -25 -25 -103 -48 -98 -13 3 -17 14 -17 56 1 54 15 75 42 65 7 -3 18 -13 23 -23z m734 24 c11 -4 13 -10 7 -18 -5 -6 -11 -31 -13 -55 -4 -54 -28 -69 -28 -18 0 48 -9 67 -31 67 -16 0 -19 -7 -18 -43 3 -68 -19 -89 -44 -41 l-13 25 -12 -25 c-22 -49 -42 -26 -42 50 0 47 20 68 43 45 13 -13 59 -15 73 -2 8 8 29 15 56 20 3 0 14 -2 22 -5z m766 -4 c0 -6 -11 -15 -25 -20 -28 -11 -32 -25 -9 -34 12 -5 8 -13 -20 -42 -26 -27 -40 -34 -53 -29 -10 5 -26 7 -35 6 -35 -4 -75 27 -82 64 -11 59 9 72 48 30 l23 -25 12 26 c9 21 17 25 46 23 18 -2 37 0 41 4 11 11 54 8 54 -3z m126 -17 c29 -19 31 -52 4 -84 -22 -28 -22 -28 -24 28 -1 24 -5 46 -9 49 -14 14 -22 -9 -20 -57 2 -42 -1 -49 -16 -49 -14 0 -20 10 -25 39 -3 22 -4 47 -1 55 3 9 7 23 10 32 6 19 42 13 81 -13z m-4069 1 c4 -11 16 -14 42 -12 31 3 36 0 39 -19 5 -35 32 -29 32 6 0 41 13 45 38 12 26 -36 35 -71 22 -91 -8 -12 -13 -13 -30 -2 -25 15 -45 15 -69 0 -23 -14 -51 -4 -58 22 -6 24 -19 26 -27 4 -3 -8 -10 -13 -15 -10 -12 8 -23 70 -15 90 8 20 33 21 41 0z m246 6 c-19 -8 -23 -17 -23 -55 0 -29 -4 -44 -10 -40 -12 7 -3 73 13 93 5 6 17 12 26 11 11 0 9 -3 -6 -9z m380 -27 c-1 -21 -2 -50 -2 -65 -1 -17 -7 -28 -15 -28 -24 0 -35 75 -16 111 18 32 35 23 33 -18z m437 28 c0 -5 -5 -11 -12 -13 -11 -4 -15 -54 -6 -87 1 -7 -3 -16 -9 -18 -10 -3 -13 13 -13 61 0 59 2 66 20 66 11 0 20 -4 20 -9z m110 -47 c0 -13 -5 -35 -11 -51 -10 -27 -11 -27 -25 -9 -8 11 -14 31 -15 45 -1 24 -2 24 -16 -9 l-16 -35 -8 44 c-10 51 -6 60 20 44 14 -9 20 -7 30 10 13 20 14 20 27 2 8 -10 14 -29 14 -41z m57 38 c-10 -10 -17 -36 -18 -58 l-1 -39 -14 34 c-13 29 -13 36 1 57 8 13 23 24 32 24 15 0 15 -1 0 -18z m137 2 c3 -9 6 -34 6 -56 0 -40 0 -40 -31 -34 -17 3 -38 6 -46 6 -8 0 -11 5 -8 10 3 6 15 10 26 10 21 0 25 10 8 27 -16 16 -1 53 21 53 10 0 21 -7 24 -16z m94 -17 c2 -15 -1 -27 -7 -27 -5 0 -11 -10 -13 -22 -2 -13 -10 -23 -18 -23 -16 0 -20 55 -6 90 10 26 41 14 44 -18z m90 21 c17 -17 15 -83 -2 -97 -12 -10 -17 -7 -29 15 l-14 27 -11 -33 c-10 -27 -14 -31 -27 -20 -22 18 -19 51 5 57 11 3 20 13 20 22 0 19 19 41 35 41 6 0 16 -5 23 -12z m66 -25 c-2 -21 -3 -50 -3 -65 -1 -17 -7 -28 -15 -28 -17 0 -26 22 -26 65 0 45 9 65 30 65 13 0 16 -7 14 -37z m346 28 c0 -5 -7 -11 -15 -15 -10 -3 -15 -19 -15 -46 0 -41 -14 -52 -38 -28 -19 19 -15 68 6 74 9 3 24 9 32 14 20 12 30 12 30 1z m110 -1 c0 -5 -7 -10 -15 -10 -8 0 -15 5 -15 10 0 6 7 10 15 10 8 0 15 -4 15 -10z m153 3 c6 -5 -45 -43 -58 -43 -12 0 -3 24 13 36 19 15 35 17 45 7z m117 -3 c-20 -13 -40 -13 -40 0 0 6 12 10 28 10 21 0 24 -2 12 -10z m175 -11 c9 -27 -19 -59 -36 -42 -15 15 -3 63 16 63 7 0 17 -10 20 -21z m115 -11 c-12 -20 -17 -41 -14 -55 8 -30 0 -29 -20 1 -15 24 -14 26 10 55 34 41 49 40 24 -1z m156 18 c15 -11 20 -25 19 -55 -1 -51 -11 -62 -25 -26 l-10 27 -36 -21 c-19 -12 -44 -21 -55 -21 -16 0 -19 7 -19 45 0 43 1 45 29 45 17 0 33 5 36 10 9 14 37 12 61 -4z m129 -2 c-15 -11 -17 -18 -9 -31 14 -23 -11 -73 -37 -73 -10 0 -19 6 -20 13 0 6 -2 23 -4 37 -7 52 7 65 70 68 20 1 20 1 0 -14z m353 -17 c4 -35 15 -34 49 3 27 31 68 45 43 15 -18 -22 -17 -83 3 -97 11 -9 14 -18 8 -27 -8 -12 -12 -12 -26 2 -15 16 -36 20 -110 21 -37 1 -44 29 -19 81 20 42 47 44 52 2z m228 8 c4 -15 13 -25 24 -25 20 0 50 25 50 41 0 5 9 9 20 9 19 0 19 0 1 -31 -14 -23 -17 -38 -11 -60 9 -30 2 -37 -18 -17 -8 8 -15 8 -24 0 -12 -9 -98 -6 -98 4 0 2 4 13 9 26 5 13 12 35 15 51 8 34 24 35 32 2z m704 10 c-7 -8 -12 -34 -12 -57 1 -56 -6 -64 -34 -37 -36 34 -32 76 9 94 42 18 52 18 37 0z m-3701 -11 c2 -2 -3 -12 -11 -21 -9 -10 -18 -27 -20 -38 -5 -32 -23 -23 -26 13 -5 49 4 65 30 56 13 -3 25 -8 27 -10z m299 -12 c4 -29 26 -28 40 3 15 32 33 32 72 -1 24 -21 28 -29 19 -40 -13 -16 -49 -19 -49 -3 0 5 -14 -5 -31 -23 l-30 -33 -19 23 c-11 13 -24 20 -34 16 -13 -5 -16 1 -16 33 0 22 3 43 7 47 14 13 38 1 41 -22z m978 -9 c7 -38 -8 -83 -29 -83 -35 0 -87 71 -74 102 2 8 24 14 50 15 45 1 47 1 53 -34z m2576 -9 c11 -25 16 -49 11 -54 -14 -12 -93 1 -93 15 0 8 5 17 10 20 6 3 10 16 10 29 0 54 36 48 62 -10z m-3972 7 c0 -16 7 -34 15 -41 16 -14 20 -40 6 -40 -5 0 -16 11 -25 25 -18 27 -22 85 -6 85 6 0 10 -13 10 -29z m1640 19 c0 -6 -4 -18 -9 -28 -5 -9 -12 -25 -15 -35 -10 -30 -26 -9 -26 34 0 35 3 39 25 39 14 0 25 -5 25 -10z m1381 -3 c-1 -12 -15 -9 -19 4 -3 6 1 10 8 8 6 -3 11 -8 11 -12z m243 4 c8 -13 -5 -71 -15 -71 -5 0 -9 18 -9 40 0 37 11 52 24 31z m597 -4 c-1 -12 -15 -9 -19 4 -3 6 1 10 8 8 6 -3 11 -8 11 -12z m-1930 -16 c21 -17 22 -20 7 -26 -10 -4 -24 1 -38 15 -22 22 -40 19 -40 -6 0 -8 9 -14 21 -14 12 0 19 -5 17 -12 -3 -7 -18 -13 -34 -13 -23 0 -30 5 -32 23 -7 50 53 70 99 33z m-218 -23 c7 -25 1 -38 -17 -38 -14 0 -28 45 -18 55 12 12 30 3 35 -17z m387 -16 c0 -13 -12 -22 -22 -16 -10 6 -1 24 13 24 5 0 9 -4 9 -8z"
       id="path3415"
       style="fill:#1a1a1a" />
    <path
       d="M5135 790 c-8 -12 20 -24 35 -15 5 3 10 10 10 16 0 12 -37 12 -45 -1z"
       id="path3417"
       style="fill:#1a1a1a" />
    <path
       d="M4595 421 c-11 -11 -78 -14 -178 -8 -66 5 -68 4 -82 -23 -13 -25 -13 -29 0 -34 23 -9 370 -6 384 4 17 10 5 47 -17 54 -45 12 -98 16 -107 7z"
       id="path3419"
       style="fill:#1a1a1a" />
    <path
       d="M5038 405 c-11 -23 -10 -29 6 -40 9 -7 38 -13 62 -13 38 0 47 4 56 24 14 29 9 35 -34 39 -18 1 -43 6 -55 10 -18 6 -25 2 -35 -20z"
       id="path3421"
       style="fill:#1a1a1a" />
    <path
       d="M3984 411 c-8 -9 -4 -30 10 -44 11 -10 45 -13 153 -12 76 1 141 3 145 4 4 0 2 12 -4 26 -10 23 -16 25 -87 26 -42 0 -107 1 -144 2 -38 1 -71 0 -73 -2z"
       id="path3423"
       style="fill:#1a1a1a" />
    <path
       d="M4775 403 c-18 -17 -19 -37 -5 -64 13 -22 32 -24 68 -5 46 23 92 35 98 25 8 -14 30 -11 55 10 20 16 21 21 10 35 -9 11 -18 13 -31 6 -9 -5 -20 -7 -24 -3 -3 3 -40 7 -81 8 -56 2 -80 -1 -90 -12z"
       id="path3425"
       style="fill:#1a1a1a" />
    <path
       d="M4366 215 c-11 -8 -39 -15 -62 -15 -35 0 -44 -4 -50 -22 -11 -37 18 -48 127 -48 137 0 159 6 159 41 0 30 -2 31 -80 43 -19 3 -44 8 -55 11 -11 3 -29 -2 -39 -10z"
       id="path3427"
       style="fill:#1a1a1a" />
    <path
       d="M5185 219 c-16 -5 -44 -8 -60 -7 -17 1 -36 -2 -43 -6 -7 -4 -19 -2 -27 4 -13 11 -15 7 -15 -24 0 -33 3 -36 28 -36 15 -1 59 -3 99 -6 66 -5 72 -3 87 18 38 54 7 80 -69 57z"
       id="path3429"
       style="fill:#1a1a1a" />
    <path
       d="M4674 211 c-3 -3 -20 -4 -38 -3 -41 3 -62 -18 -47 -47 10 -17 23 -20 113 -23 105 -4 148 7 148 36 0 28 -33 41 -102 41 -38 1 -71 -2 -74 -4z"
       id="path3431"
       style="fill:#1a1a1a" />
    <path
       d="M4934 196 c-8 -32 2 -59 19 -53 16 5 16 69 0 74 -7 3 -15 -7 -19 -21z"
       id="path3433"
       style="fill:#1a1a1a" />
    <path
       d="M3880 189 c-10 -17 -4 -49 9 -49 194 -11 317 -5 325 15 2 7 2 23 -1 35 -5 21 -9 21 -165 19 -140 -2 -160 -4 -168 -20z"
       id="path3435"
       style="fill:#1a1a1a" />
    <path
       d="M4882 198 c-16 -16 -15 -43 1 -57 16 -13 37 4 37 30 0 25 -24 41 -38 27z"
       id="path3437"
       style="fill:#1a1a1a" />
    <path
       d="M3780 142 c0 -14 6 -22 16 -22 14 0 15 3 3 18 -7 9 -15 19 -16 21 -2 2 -3 -5 -3 -17z"
       id="path3439"
       style="fill:#1a1a1a" />
  </g>
  <rect
     style="fill:#1a1a1a;fill-opacity:1;stroke:none"
     id="rect3525"
     width="1053.1617"
     height="103.58047"
     x="33.140228"
     y="647.29211"
     transform="scale(0.8,0.8)" />
  <text
     xml:space="preserve"
     style="font-size:19.03541565px;font-style:normal;font-variant:normal;font-weight:bold;font-stretch:normal;text-align:center;line-height:125%;letter-spacing:0px;word-spacing:0px;text-anchor:middle;fill:#ffffff;fill-opacity:1;stroke:none;font-family:Comic Sans MS;-inkscape-font-specification:Sans Bold"
     x="164.00992"
     y="530.54236"
     id="text3445"
     sodipodi:linespacing="125%"><tspan
       sodipodi:role="line"
       id="tspan3447"
       x="166.6496"
       y="530.54236"
       style="font-style:normal;font-variant:normal;font-weight:bold;font-stretch:normal;fill:#ffffff;font-family:Arial;-inkscape-font-specification:Arial Bold">Lavar as mos com gua </tspan><tspan
       sodipodi:role="line"
       x="166.6496"
       y="554.33661"
       id="tspan3449"
       style="font-style:normal;font-variant:normal;font-weight:bold;font-stretch:normal;fill:#ffffff;font-family:Arial;-inkscape-font-specification:Arial Bold">e sabonete, especialmente </tspan><tspan
       sodipodi:role="line"
       x="164.00992"
       y="578.13092"
       id="tspan3451"
       style="font-style:normal;font-variant:normal;font-weight:bold;font-stretch:normal;fill:#ffffff;font-family:Arial;-inkscape-font-specification:Arial Bold">depois de tossir ou espirrar.</tspan></text>
  <text
     xml:space="preserve"
     style="font-size:19.57872391px;font-style:normal;font-variant:normal;font-weight:bold;font-stretch:normal;text-align:center;line-height:125%;letter-spacing:0px;word-spacing:0px;text-anchor:middle;fill:#ffffff;fill-opacity:1;stroke:none;font-family:Comic Sans MS;-inkscape-font-specification:Sans Bold"
     x="455.61581"
     y="530.58752"
     id="text3445-9"
     sodipodi:linespacing="125%"><tspan
       sodipodi:role="line"
       x="455.61581"
       y="530.58752"
       id="tspan3451-9"
       style="font-style:normal;font-variant:normal;font-weight:bold;font-stretch:normal;fill:#ffffff;font-family:Arial;-inkscape-font-specification:Arial Bold">Ao tossir ou espirrar,</tspan><tspan
       sodipodi:role="line"
       x="455.61581"
       y="555.06091"
       style="font-style:normal;font-variant:normal;font-weight:bold;font-stretch:normal;fill:#ffffff;font-family:Arial;-inkscape-font-specification:Arial Bold"
       id="tspan3485">cobrir o nariz e a boca com</tspan><tspan
       sodipodi:role="line"
       x="455.61581"
       y="579.53436"
       style="font-style:normal;font-variant:normal;font-weight:bold;font-stretch:normal;fill:#ffffff;font-family:Arial;-inkscape-font-specification:Arial Bold"
       id="tspan3487">um leno descartvel.</tspan></text>
  <text
     xml:space="preserve"
     style="font-size:18.09193611px;font-style:normal;font-variant:normal;font-weight:bold;font-stretch:normal;text-align:center;line-height:125%;letter-spacing:0px;word-spacing:0px;text-anchor:middle;fill:#ffffff;fill-opacity:1;stroke:none;font-family:Comic Sans MS;-inkscape-font-specification:Sans Bold"
     x="742.36121"
     y="529.81329"
     id="text3445-9-2"
     sodipodi:linespacing="125%"><tspan
       sodipodi:role="line"
       x="744.87006"
       y="529.81329"
       style="font-style:normal;font-variant:normal;font-weight:bold;font-stretch:normal;fill:#ffffff;font-family:Arial;-inkscape-font-specification:Arial Bold"
       id="tspan3487-7">No compartilhar </tspan><tspan
       sodipodi:role="line"
       x="742.36121"
       y="552.42822"
       style="font-style:normal;font-variant:normal;font-weight:bold;font-stretch:normal;fill:#ffffff;font-family:Arial;-inkscape-font-specification:Arial Bold"
       id="tspan3521">alimentos, copos, toalhas</tspan><tspan
       sodipodi:role="line"
       x="742.36121"
       y="575.04315"
       style="font-style:normal;font-variant:normal;font-weight:bold;font-stretch:normal;fill:#ffffff;font-family:Arial;-inkscape-font-specification:Arial Bold"
       id="tspan3523">e objetos de uso pessoal.</tspan></text>
  <text
     xml:space="preserve"
     style="font-size:20px;font-style:normal;font-variant:normal;font-weight:bold;font-stretch:normal;text-align:center;line-height:125%;letter-spacing:0px;word-spacing:0px;text-anchor:middle;fill:#000000;fill-opacity:1;stroke:none;font-family:Arial;-inkscape-font-specification:Arial Bold"
     x="205.41864"
     y="1452.9056"
     id="text3527"
     sodipodi:linespacing="125%"
     transform="scale(0.8,0.8)"><tspan
       sodipodi:role="line"
       id="tspan3529"
       x="205.41864"
       y="1452.9056" /></text>
  <rect
     style="fill:#1a1a1a;fill-opacity:1;stroke:none"
     id="rect3535"
     width="1102.7939"
     height="67.690681"
     x="11.281779"
     y="1191.6379"
     transform="scale(0.8,0.8)" />
  <text
     xml:space="preserve"
     style="font-size:25.94928741000000016px;font-style:normal;font-variant:normal;font-weight:normal;font-stretch:normal;text-align:center;line-height:125%;letter-spacing:0px;word-spacing:0px;text-anchor:middle;fill:#ffffff;fill-opacity:1;stroke:none;font-family:Arial;-inkscape-font-specification:Arial"
     x="447.30841"
     y="991.00922"
     id="text3531"
     sodipodi:linespacing="125%"><tspan
       sodipodi:role="line"
       id="tspan3533"
       x="447.30841"
       y="991.00922">NO USE MEDICAMENTOS SEM ORIENTAO MDICA</tspan></text>
</svg>
