<?xml version="1.0" standalone="no"?>
<!DOCTYPE svg PUBLIC "-//W3C//DTD SVG 20010904//EN"
 "http://www.w3.org/TR/2001/REC-SVG-20010904/DTD/svg10.dtd">
<svg version="1.0" xmlns="http://www.w3.org/2000/svg"
 width="621.000000pt" height="525.000000pt" viewBox="0 0 621.000000 525.000000"
 preserveAspectRatio="xMidYMid meet">
<metadata>
Created by potrace 1.10, written by Peter Selinger 2001-2011
</metadata>
<g transform="translate(0.000000,525.000000) scale(0.100000,-0.100000)"
fill="#000000" stroke="none">
<path d="M4016 5147 c-38 -41 -39 -43 -39 -117 0 -75 1 -76 41 -118 39 -40 43
-42 99 -42 47 1 63 5 86 26 17 14 27 31 23 39 -8 21 -50 19 -70 -3 -20 -23
-65 -22 -94 3 -19 17 -22 29 -22 95 0 66 3 78 22 95 29 25 74 26 94 3 20 -22
62 -24 70 -3 4 8 -6 25 -23 39 -23 21 -38 25 -88 25 -58 0 -62 -2 -99 -42z"/>
<path d="M3972 4705 c-20 -21 -23 -33 -21 -84 l2 -61 -88 -82 c-49 -46 -232
-225 -405 -398 -174 -173 -532 -526 -796 -785 -718 -704 -845 -830 -1089
-1073 -127 -126 -232 -222 -242 -222 -15 0 -368 -352 -530 -529 -40 -44 -41
-45 -102 -42 -53 2 -65 -1 -86 -21 -20 -19 -25 -33 -25 -75 0 -44 4 -56 31
-82 25 -26 38 -31 77 -31 40 0 50 5 71 30 27 34 61 39 118 15 19 -8 53 -15 74
-15 21 0 58 -6 81 -14 24 -8 72 -17 107 -20 35 -3 69 -10 75 -15 6 -4 40 -11
76 -14 36 -4 79 -11 95 -16 17 -5 57 -14 90 -20 93 -15 168 -32 187 -42 9 -4
47 -11 85 -15 37 -4 76 -11 86 -16 9 -5 45 -13 80 -18 88 -13 173 -29 238 -46
30 -8 74 -14 97 -14 22 0 43 -4 47 -9 3 -5 31 -12 63 -16 31 -3 71 -10 88 -16
18 -5 60 -14 95 -19 136 -21 214 -35 225 -42 6 -4 38 -10 70 -14 33 -3 68 -10
79 -15 11 -4 49 -13 85 -18 128 -20 195 -33 225 -42 17 -5 57 -13 90 -18 110
-18 180 -32 211 -42 18 -5 60 -14 95 -18 35 -5 82 -14 104 -20 22 -6 56 -11
76 -11 19 0 39 -4 45 -9 5 -5 41 -14 79 -19 39 -6 88 -15 110 -21 22 -6 56
-11 76 -11 19 0 39 -4 45 -9 5 -5 41 -14 79 -19 39 -6 88 -15 110 -21 22 -6
58 -11 81 -11 22 0 44 -4 50 -9 5 -5 43 -14 84 -20 178 -25 214 -31 224 -41 5
-5 30 -10 55 -10 26 -1 64 -7 86 -15 22 -8 56 -15 75 -15 19 -1 53 -7 75 -15
22 -8 60 -15 85 -15 25 0 58 -7 74 -15 16 -9 55 -15 90 -15 63 0 86 -11 86
-40 0 -9 15 -30 33 -48 44 -43 103 -45 147 -5 25 22 30 34 30 74 0 40 -5 52
-31 78 -20 21 -40 31 -60 31 -21 0 -29 5 -29 18 0 10 -7 27 -15 38 -8 10 -15
33 -15 50 0 17 -7 37 -15 44 -8 7 -15 23 -15 35 0 13 -7 36 -15 51 -8 16 -15
38 -15 49 0 11 -7 29 -15 39 -8 11 -15 27 -15 37 0 9 -7 30 -15 45 -8 16 -15
36 -15 45 0 9 -7 30 -15 45 -8 16 -15 39 -15 51 0 12 -4 24 -9 28 -5 3 -12 19
-16 36 -4 17 -13 42 -21 57 -8 15 -14 35 -14 44 0 9 -8 31 -17 50 -30 61 -33
68 -33 85 0 10 -6 30 -14 44 -7 14 -16 42 -20 62 -4 21 -11 37 -16 37 -6 0
-10 10 -10 23 0 12 -7 35 -15 51 -8 15 -15 36 -15 45 0 9 -7 29 -15 45 -8 15
-15 36 -15 45 0 9 -7 29 -15 45 -8 15 -15 36 -15 45 0 10 -7 26 -15 37 -8 10
-15 28 -15 39 0 11 -7 33 -15 49 -8 15 -15 35 -15 43 0 8 -6 29 -14 46 -8 18
-22 57 -31 87 -25 77 -44 130 -61 163 -8 16 -14 39 -14 51 0 12 -7 31 -15 42
-8 10 -15 28 -15 39 0 11 -7 33 -15 49 -8 15 -15 36 -15 45 0 9 -6 28 -14 43
-8 15 -17 40 -21 57 -4 17 -11 33 -16 36 -5 4 -9 16 -9 28 0 12 -7 35 -15 51
-8 15 -15 36 -15 45 0 10 -7 26 -15 37 -8 10 -15 28 -15 39 0 11 -7 33 -15 49
-8 15 -15 36 -15 45 0 9 -7 29 -15 45 -8 15 -15 36 -15 45 0 10 -7 26 -15 37
-8 10 -15 28 -15 39 0 11 -7 33 -15 49 -8 15 -15 36 -15 45 0 9 -6 28 -14 43
-8 15 -17 40 -21 57 -4 17 -11 33 -16 36 -5 4 -9 16 -9 28 0 12 -7 35 -15 51
-8 15 -15 36 -15 45 0 10 -7 26 -15 37 -8 10 -15 28 -15 39 0 11 -7 33 -15 49
-8 15 -15 36 -15 45 0 9 -7 29 -15 45 -8 15 -15 33 -15 40 -1 6 -9 29 -20 51
-11 22 -20 47 -20 55 0 8 -7 24 -15 34 -8 11 -15 27 -15 37 0 9 -7 30 -15 45
-8 16 -15 36 -15 45 0 9 -7 30 -15 45 -8 16 -15 36 -15 45 0 9 -7 30 -15 45
-8 16 -15 38 -15 50 0 11 -4 24 -8 30 -5 5 -19 41 -31 79 -12 39 -29 84 -37
102 -8 17 -14 38 -14 46 0 9 -6 28 -14 44 -8 15 -19 44 -25 63 -10 31 -8 37
14 60 36 37 34 96 -3 138 -26 29 -35 32 -83 32 -44 0 -58 -5 -77 -25z m86
-191 c6 -2 12 -12 12 -23 0 -11 4 -22 9 -25 5 -3 12 -26 15 -51 4 -25 11 -45
15 -45 5 0 12 -20 15 -45 4 -24 11 -47 15 -50 5 -2 12 -21 16 -41 3 -20 10
-44 15 -53 7 -13 94 -277 115 -348 9 -33 -32 -49 -162 -62 -182 -17 -321 5
-468 76 -81 39 -95 47 -150 87 -74 54 -77 45 68 184 72 70 197 191 277 269
150 147 148 146 208 127z m-597 -607 c62 -50 144 -101 180 -112 13 -4 29 -11
34 -16 15 -11 89 -34 175 -54 121 -27 365 -13 442 26 40 20 48 8 74 -104 3
-15 10 -30 15 -33 5 -3 9 -15 9 -27 0 -12 7 -35 15 -51 8 -15 15 -36 15 -45 0
-9 7 -29 15 -45 8 -15 15 -33 15 -40 0 -6 6 -23 14 -38 8 -15 17 -42 21 -60 4
-18 10 -37 14 -43 4 -5 18 -44 30 -85 13 -41 28 -79 32 -84 5 -6 9 -19 9 -30
0 -12 6 -33 14 -48 8 -15 17 -40 21 -57 4 -17 11 -33 16 -36 5 -4 9 -15 9 -27
0 -11 6 -34 14 -51 8 -18 30 -81 51 -142 20 -60 40 -117 45 -126 5 -9 12 -33
15 -53 4 -20 11 -38 15 -41 5 -3 11 -23 15 -45 4 -22 11 -42 16 -46 5 -3 9
-13 9 -22 0 -9 7 -30 15 -46 8 -15 15 -36 15 -45 0 -10 7 -26 15 -37 8 -10 15
-28 15 -39 0 -11 7 -33 15 -49 8 -15 15 -35 15 -43 0 -8 6 -29 13 -46 15 -36
20 -50 78 -222 22 -66 43 -127 48 -135 5 -9 12 -31 16 -50 4 -19 10 -39 14
-45 4 -5 18 -44 30 -85 13 -41 28 -79 32 -84 5 -6 9 -17 9 -25 1 -9 9 -34 20
-56 31 -64 25 -96 -20 -110 -14 -4 -42 -19 -62 -31 -21 -13 -42 -24 -46 -24
-5 0 -18 -8 -30 -17 -11 -10 -36 -29 -54 -43 -90 -69 -202 -203 -261 -315 -36
-67 -77 -177 -77 -207 0 -26 -16 -30 -55 -14 -20 9 -60 18 -88 22 -29 3 -63
10 -77 15 -14 5 -52 13 -85 19 -33 5 -94 16 -135 24 -41 8 -113 22 -160 31
-99 19 -191 37 -310 60 -148 29 -233 46 -310 59 -41 8 -82 16 -90 20 -8 3 -44
10 -80 16 -36 5 -99 17 -140 25 -41 8 -106 20 -145 25 -38 6 -81 15 -95 20
-14 6 -52 14 -85 20 -33 5 -94 16 -135 24 -41 8 -102 19 -135 25 -33 7 -90 18
-126 26 -37 8 -79 15 -94 15 -14 0 -34 4 -44 10 -10 5 -49 14 -87 19 -70 10
-142 23 -226 42 -48 11 -105 20 -241 41 l-79 12 7 35 c13 61 10 253 -4 316
-35 165 -105 315 -188 405 -13 14 -23 28 -23 31 0 4 17 21 37 38 21 18 240
231 487 474 247 243 562 552 700 687 137 135 372 367 521 516 148 149 273 271
276 272 4 1 31 -17 60 -41z m-2080 -2024 c13 -21 25 -40 28 -43 4 -3 16 -26
29 -52 13 -26 27 -50 33 -53 5 -4 9 -16 9 -29 0 -12 7 -31 15 -42 8 -10 15
-30 15 -44 0 -14 7 -38 15 -54 17 -32 33 -293 21 -340 -6 -23 -11 -27 -29 -21
-26 8 -142 30 -242 45 -38 6 -84 15 -101 20 -16 6 -59 13 -95 16 -35 4 -72 11
-82 16 -17 9 -86 17 -154 18 -26 0 -33 5 -42 31 l-11 31 271 269 c149 148 277
269 284 269 8 0 24 -17 36 -37z m3835 -680 c7 -10 14 -27 14 -38 0 -11 7 -33
15 -49 8 -15 15 -36 15 -45 0 -9 7 -29 15 -45 8 -15 15 -36 15 -45 0 -9 7 -29
15 -45 8 -15 15 -36 15 -45 0 -10 7 -26 15 -37 8 -10 15 -28 15 -39 0 -11 6
-32 14 -47 8 -15 17 -41 21 -58 4 -17 13 -43 21 -58 8 -15 14 -35 14 -44 0 -9
4 -19 9 -22 4 -3 14 -26 21 -51 12 -43 11 -47 -10 -70 -27 -29 -44 -31 -84
-10 -16 9 -57 18 -90 22 -34 3 -66 9 -72 14 -6 5 -37 11 -70 15 -32 3 -78 12
-102 20 -23 8 -59 14 -78 14 -19 0 -44 5 -55 10 -10 6 -48 14 -84 17 -36 3
-68 10 -71 14 -3 5 -18 9 -34 9 -16 0 -31 4 -34 8 -6 10 10 75 29 117 37 83
51 111 63 123 6 7 12 19 12 27 0 7 3 15 8 17 4 2 20 22 35 44 50 74 187 200
247 227 8 4 29 16 45 27 66 44 91 49 111 23z"/>
<path d="M3566 3559 l-39 -42 1 -92 c1 -84 3 -95 25 -119 19 -20 34 -26 67
-26 60 0 90 33 90 101 0 60 -22 86 -77 91 -37 3 -38 4 -38 43 0 47 25 59 56
26 22 -24 40 -26 57 -9 9 9 6 18 -15 40 -40 42 -79 38 -127 -13z m79 -179 c0
-52 -1 -55 -25 -55 -23 0 -25 4 -28 58 l-3 58 28 -3 c27 -3 28 -5 28 -58z"/>
<path d="M3837 3593 c-4 -3 -7 -17 -7 -30 0 -13 -7 -26 -15 -29 -9 -4 -15 -19
-15 -35 0 -19 -5 -29 -15 -29 -9 0 -15 -9 -15 -25 0 -14 -7 -28 -15 -31 -8 -4
-15 -19 -15 -34 0 -27 3 -29 42 -32 39 -3 43 -6 48 -33 3 -18 12 -31 23 -33
24 -5 47 16 40 35 -4 10 3 22 17 33 l23 18 -22 12 c-21 11 -22 17 -20 104 2
50 -1 97 -5 104 -8 13 -38 16 -49 5z m-7 -168 c0 -41 -2 -45 -24 -45 -31 0
-44 20 -22 32 9 5 16 20 16 33 0 16 6 25 15 25 11 0 15 -12 15 -45z"/>
<path d="M3993 3570 c-29 -36 -29 -78 2 -112 30 -35 57 -35 90 -3 34 35 34 85
0 120 -33 32 -64 31 -92 -5z m67 -57 c0 -30 -3 -34 -22 -31 -16 2 -22 10 -22
28 0 34 11 50 29 43 9 -3 15 -19 15 -40z"/>
<path d="M1765 1792 c-3 -3 -5 -16 -5 -28 0 -13 -7 -27 -15 -32 -20 -10 -28
-71 -13 -89 13 -16 47 -8 64 15 6 8 19 12 30 10 17 -3 19 -12 19 -73 0 -64 -2
-70 -22 -73 -14 -2 -26 4 -33 17 -13 24 -58 28 -66 6 -10 -26 46 -64 95 -65
66 0 91 31 91 113 -1 80 -21 107 -79 107 -47 0 -51 8 -16 40 18 17 31 21 54
17 32 -7 55 10 42 31 -7 12 -134 16 -146 4z"/>
<path d="M1981 1792 c-6 -2 -11 -15 -11 -28 0 -14 -7 -27 -15 -30 -10 -4 -15
-20 -15 -50 0 -42 1 -44 29 -44 17 0 31 6 35 16 3 9 15 14 28 12 21 -3 23 -8
23 -73 0 -61 -2 -70 -19 -73 -11 -2 -25 3 -31 11 -6 8 -17 16 -25 17 -46 7
-52 -10 -17 -46 33 -35 101 -34 135 4 24 24 26 34 23 90 -4 79 -22 102 -81
102 -47 0 -52 16 -14 43 17 13 34 16 53 12 30 -6 58 15 46 35 -6 10 -115 12
-144 2z"/>
<path d="M2193 1770 c-13 -15 -23 -41 -23 -57 1 -34 41 -83 69 -83 33 0 71 46
71 85 0 40 -39 85 -73 84 -12 0 -32 -13 -44 -29z m67 -54 c0 -34 -19 -53 -37
-35 -17 17 -3 69 18 69 15 0 19 -7 19 -34z"/>
<path d="M4370 1431 c0 -5 -14 -24 -31 -41 -31 -30 -31 -33 -31 -124 0 -84 2
-95 24 -119 20 -21 35 -27 68 -27 60 0 90 33 90 101 0 60 -22 86 -77 91 -37 3
-38 4 -38 43 0 47 25 59 56 26 22 -24 40 -26 57 -9 21 21 -34 68 -80 68 -21 0
-38 -4 -38 -9z m55 -211 c0 -52 -1 -55 -25 -55 -23 0 -25 4 -28 58 l-3 58 28
-3 c27 -3 28 -5 28 -58z"/>
<path d="M4583 1393 c-24 -26 -43 -53 -43 -60 0 -21 31 -28 42 -10 22 40 30
15 26 -84 -3 -88 -1 -103 15 -113 12 -8 22 -8 34 0 14 8 16 30 15 152 -1 79
-4 147 -7 152 -13 21 -42 7 -82 -37z"/>
<path d="M4773 1410 c-29 -36 -29 -78 2 -112 30 -35 57 -35 90 -3 34 35 34 85
0 120 -33 32 -64 31 -92 -5z m67 -55 c0 -28 -4 -35 -20 -35 -16 0 -20 7 -20
35 0 28 4 35 20 35 16 0 20 -7 20 -35z"/>
<path d="M2063 3438 c-4 -7 -6 -21 -5 -31 2 -9 -4 -20 -12 -23 -12 -5 -16 -22
-16 -75 0 -51 -4 -70 -15 -77 -20 -10 -28 -71 -14 -89 17 -19 33 -16 64 13 26
24 27 28 12 39 -21 15 -22 31 -2 39 8 3 15 14 15 24 0 11 7 25 15 32 8 7 15
16 15 21 0 5 -7 9 -15 9 -20 0 -20 49 0 56 20 8 29 42 15 59 -15 18 -46 19
-57 3z"/>
<path d="M2133 3353 c-18 -7 -16 -30 2 -37 11 -4 15 -20 15 -55 0 -43 -4 -53
-31 -75 -19 -16 -29 -32 -25 -41 9 -26 35 -17 79 28 38 38 42 46 41 89 -2 37
-8 52 -29 73 -29 26 -32 27 -52 18z"/>
<path d="M4957 2822 c-15 -16 -24 -31 -20 -35 13 -13 61 -7 67 9 10 27 51 13
54 -18 3 -28 2 -28 -52 -28 -44 0 -60 -5 -80 -24 -33 -30 -33 -41 3 -77 27
-27 34 -29 93 -26 l63 4 3 39 c2 21 9 44 16 49 7 6 15 26 18 45 12 80 -105
124 -165 62z m68 -132 c0 -18 -6 -26 -23 -28 -13 -2 -25 3 -28 12 -10 26 4 48
28 44 17 -2 23 -10 23 -28z"/>
<path d="M176 1433 c-3 -4 -6 -17 -6 -30 0 -13 -7 -26 -15 -29 -10 -4 -15 -20
-15 -45 0 -26 -5 -42 -15 -45 -10 -4 -15 -20 -15 -45 0 -28 -5 -41 -21 -49
-14 -8 -19 -19 -17 -38 2 -23 8 -27 33 -27 25 0 31 5 35 30 5 30 5 30 75 30
70 0 70 0 75 -30 4 -25 10 -30 35 -30 25 0 31 4 33 27 2 19 -3 30 -17 38 -16
8 -21 21 -21 49 0 25 -5 41 -15 45 -10 3 -15 19 -15 45 0 24 -5 41 -14 44 -8
3 -16 18 -18 34 -3 24 -8 28 -39 30 -20 1 -39 -1 -43 -4z m54 -102 c0 -23 6
-44 15 -51 9 -7 15 -23 13 -34 -2 -17 -10 -21 -43 -21 -33 0 -41 4 -43 21 -2
11 4 27 13 34 9 7 15 28 15 51 0 28 4 39 15 39 11 0 15 -11 15 -39z"/>
<path d="M2905 647 c-34 -36 -40 -49 -40 -87 -1 -63 35 -100 97 -100 48 1 104
39 94 65 -8 22 -53 18 -66 -6 -7 -13 -19 -19 -33 -17 -19 3 -22 10 -25 51 -3
41 1 53 22 73 24 25 25 25 36 5 13 -24 58 -28 66 -6 9 22 -45 64 -81 64 -22 0
-40 -11 -70 -42z"/>
<path d="M5783 497 c-3 -4 -5 -71 -5 -147 0 -76 2 -143 5 -147 3 -4 39 -9 81
-11 72 -3 78 -1 104 25 24 25 27 34 24 81 -3 36 -8 52 -18 52 -8 0 -14 7 -14
15 0 8 6 15 14 15 9 0 15 14 18 37 4 31 0 43 -23 66 -27 26 -33 28 -105 25
-42 -2 -78 -7 -81 -11z m142 -72 c0 -40 0 -40 -40 -40 -36 0 -40 2 -43 28 -6
47 4 59 45 55 37 -3 38 -4 38 -43z m0 -135 l0 -55 -40 0 -40 0 -3 44 c-5 63 2
73 45 69 l38 -3 0 -55z"/>
</g>
</svg>
