<?xml version="1.0" standalone="no"?>
<!DOCTYPE svg PUBLIC "-//W3C//DTD SVG 20010904//EN"
 "http://www.w3.org/TR/2001/REC-SVG-20010904/DTD/svg10.dtd">
<svg version="1.0" xmlns="http://www.w3.org/2000/svg"
 width="186.000000pt" height="181.000000pt" viewBox="0 0 186.000000 181.000000"
 preserveAspectRatio="xMidYMid meet">
<metadata>
Created by potrace 1.10, written by Peter Selinger 2001-2011
</metadata>
<g transform="translate(0.000000,181.000000) scale(0.100000,-0.100000)"
fill="#000000" stroke="none">
<path d="M785 1790 c-134 -22 -279 -87 -400 -180 -34 -26 -129 -123 -150 -153
-11 -16 -28 -38 -38 -49 -23 -28 -79 -147 -105 -224 -56 -166 -52 -398 11
-570 131 -357 503 -605 874 -581 378 24 687 266 804 631 10 32 19 73 20 90 0
26 2 28 9 11 5 -12 9 46 9 150 0 96 -3 164 -8 157 -5 -9 -10 4 -15 37 -7 51
-19 86 -62 179 -13 29 -24 55 -24 58 0 26 -164 217 -226 264 -99 75 -223 137
-333 166 -69 18 -285 26 -366 14z m147 -57 l2 -48 3 49 4 49 70 -7 c76 -7 173
-31 258 -65 98 -40 95 -35 65 -86 -14 -25 -22 -45 -17 -45 8 0 21 21 50 78 2
5 54 -29 71 -45 7 -7 16 -13 20 -13 21 0 162 -152 205 -222 l17 -28 -41 -20
c-22 -12 -38 -24 -35 -27 2 -3 21 5 41 17 35 22 37 22 50 4 18 -24 72 -175 84
-234 5 -25 12 -73 16 -107 l7 -63 -54 -2 -53 -2 53 -3 53 -4 -6 -57 c-13 -119
-46 -234 -96 -334 l-14 -26 -42 25 c-24 14 -43 21 -43 16 0 -5 18 -19 40 -32
l41 -23 -21 -26 c-11 -15 -31 -43 -44 -62 -28 -40 -110 -120 -176 -170 -25
-18 -50 -37 -57 -42 -7 -6 -19 4 -34 32 -12 22 -26 40 -30 40 -4 0 3 -19 16
-42 l23 -41 -36 -20 c-60 -32 -165 -66 -258 -82 -129 -22 -124 -24 -126 38
l-2 52 -3 -53 -4 -53 -57 6 c-93 11 -183 32 -247 58 -83 34 -115 49 -115 56 0
4 11 23 25 44 14 20 21 37 16 37 -6 0 -20 -18 -31 -40 l-21 -41 -57 41 c-207
148 -344 383 -367 628 l-7 72 53 2 54 2 -54 3 -53 4 6 72 c4 40 14 97 22 127
20 72 74 209 85 216 5 3 25 -4 45 -16 19 -12 37 -20 39 -18 3 2 -13 15 -35 27
-38 21 -49 35 -32 43 4 2 22 26 41 53 43 62 118 138 193 193 31 23 59 42 62
42 3 0 15 -18 27 -40 13 -22 27 -40 31 -40 5 0 -3 20 -17 44 -30 51 -33 47 66
87 104 41 203 65 287 68 l42 1 2 -47z"/>
<path d="M926 1614 c-4 -14 -18 -49 -31 -77 -30 -62 -31 -70 -5 -62 20 6 20 2
20 -277 0 -212 3 -288 13 -300 6 -9 77 -53 157 -98 200 -114 194 -110 181
-123 -22 -22 -10 -27 60 -27 l70 0 -26 43 c-15 23 -29 50 -32 60 -7 21 -23 23
-23 2 0 -8 -4 -15 -9 -15 -5 0 -62 31 -127 69 -100 57 -119 72 -120 93 -1 13
-4 36 -8 51 -5 20 -2 29 14 37 11 6 20 16 20 22 0 6 -8 4 -19 -6 -17 -16 -20
-15 -54 6 l-36 23 -1 222 c0 216 0 221 20 216 25 -7 26 -8 -10 70 -16 37 -30
73 -30 82 0 25 -17 17 -24 -11z m31 -81 c7 -24 8 -42 2 -47 -5 -6 -9 -56 -9
-113 0 -62 -4 -103 -10 -103 -6 0 -10 40 -10 100 0 59 -5 108 -12 119 -9 14
-8 26 2 50 7 17 15 31 19 31 3 0 11 -17 18 -37z m6 -620 c4 -6 32 -25 63 -43
31 -17 54 -34 51 -36 -3 -3 -36 15 -75 40 l-70 45 0 128 1 128 11 -125 c6 -69
14 -130 19 -137z m32 87 c15 -16 15 -22 5 -35 -8 -9 -8 -15 -2 -15 6 0 14 5
18 12 9 14 22 -15 23 -50 l1 -24 -32 21 c-27 16 -34 28 -38 66 -6 50 -2 55 25
25z m240 -258 c-5 -5 -112 56 -120 68 -3 5 24 -8 60 -27 35 -20 63 -39 60 -41z
m72 -25 c8 3 19 0 24 -8 26 -41 -18 -39 -57 3 -24 26 -25 28 -5 15 13 -8 30
-13 38 -10z"/>
<path d="M225 515 c-22 -13 -34 -25 -27 -25 18 0 72 32 72 42 0 11 0 11 -45
-17z"/>
</g>
</svg>
