<?xml version="1.0" encoding="UTF-8" standalone="no"?>
<svg
   xmlns:dc="http://purl.org/dc/elements/1.1/"
   xmlns:cc="http://creativecommons.org/ns#"
   xmlns:rdf="http://www.w3.org/1999/02/22-rdf-syntax-ns#"
   xmlns:svg="http://www.w3.org/2000/svg"
   xmlns="http://www.w3.org/2000/svg"
   xmlns:sodipodi="http://sodipodi.sourceforge.net/DTD/sodipodi-0.dtd"
   xmlns:inkscape="http://www.inkscape.org/namespaces/inkscape"
   version="1.0"
   width="900.000000pt"
   height="438.000000pt"
   viewBox="0 0 900.000000 438.000000"
   preserveAspectRatio="xMidYMid meet"
   id="svg3449"
   inkscape:version="0.48.4 r9939"
   sodipodi:docname="3.svg">
  <defs
     id="defs3801" />
  <sodipodi:namedview
     pagecolor="#ffffff"
     bordercolor="#666666"
     borderopacity="1"
     objecttolerance="10"
     gridtolerance="10"
     guidetolerance="10"
     inkscape:pageopacity="0"
     inkscape:pageshadow="2"
     inkscape:window-width="1600"
     inkscape:window-height="824"
     id="namedview3799"
     showgrid="false"
     inkscape:zoom="0.816"
     inkscape:cx="353.17955"
     inkscape:cy="323.03279"
     inkscape:window-x="0"
     inkscape:window-y="24"
     inkscape:window-maximized="1"
     inkscape:current-layer="svg3449" />
  <metadata
     id="metadata3451">
Created by potrace 1.10, written by Peter Selinger 2001-2011
<rdf:RDF>
  <cc:Work
     rdf:about="">
    <dc:format>image/svg+xml</dc:format>
    <dc:type
       rdf:resource="http://purl.org/dc/dcmitype/StillImage" />
  </cc:Work>
</rdf:RDF>
</metadata>
  <g
     transform="translate(0.000000,438.000000) scale(0.100000,-0.100000)"
     fill="#000000"
     stroke="none"
     id="g3453">
    <path
       d="M100 4035 c-11 -14 -23 -3935 -12 -3953 12 -19 289 -22 2767 -38 501 -3 1063 -9 1250 -14 462 -13 443 -13 454 7 9 18 16 695 26 2678 3 583 8 1108 11 1167 2 68 0 116 -7 132 l-12 25 -476 3 c-1195 9 -3992 4 -4001 -7z m3467 -36 c495 -1 697 -4 713 -13 13 -6 28 -29 35 -51 102 -318 119 -424 91 -560 -24 -115 -84 -234 -119 -235 -5 0 -23 -11 -40 -24 -45 -33 -111 -59 -287 -109 -97 -29 -558 -73 -635 -62 -22 3 -65 1 -95 -5 -49 -8 -61 -16 -108 -67 -30 -32 -67 -79 -83 -104 -16 -26 -41 -51 -57 -57 -32 -12 -148 -41 -212 -53 -25 -4 -59 -12 -76 -17 -55 -17 -60 2 -12 41 24 20 50 47 57 61 7 13 33 39 58 58 25 18 58 52 74 76 30 44 39 100 17 106 -7 2 -46 12 -86 21 -40 9 -85 23 -100 30 -15 7 -74 34 -132 60 -78 35 -116 58 -146 91 -40 42 -76 56 -89 34 -12 -19 6 -47 50 -79 24 -17 50 -38 58 -45 37 -38 248 -131 331 -147 83 -16 80 -26 -35 -146 -67 -69 -127 -111 -239 -170 -55 -28 -75 -44 -75 -58 0 -18 6 -20 55 -18 30 2 84 9 120 17 36 8 96 18 134 22 l69 7 -6 -34 c-3 -19 -17 -65 -31 -104 -30 -82 -34 -162 -10 -172 19 -7 34 12 34 44 0 12 6 34 14 50 30 60 40 100 42 162 l2 64 63 19 c35 11 76 25 91 33 15 8 30 10 33 6 6 -11 -12 -153 -32 -246 -8 -38 -17 -88 -19 -110 -3 -22 -11 -53 -19 -70 -45 -98 -63 -144 -70 -179 -3 -22 -13 -49 -21 -60 -8 -11 -14 -31 -14 -45 0 -13 -13 -46 -30 -73 -16 -26 -30 -51 -30 -55 0 -9 -31 -43 -39 -43 -4 0 -5 74 -3 164 4 156 3 166 -19 211 -34 68 -136 169 -190 188 -108 37 -129 41 -163 29 -18 -7 -38 -12 -45 -12 -7 0 -29 -8 -48 -17 l-36 -17 -21 30 c-11 16 -29 37 -38 46 -22 22 -23 46 -3 68 33 37 57 131 53 206 -3 39 -8 76 -12 83 -15 24 -26 -3 -26 -65 0 -52 -7 -83 -36 -152 -20 -48 -42 -95 -51 -104 -8 -9 -37 -19 -64 -23 -46 -6 -51 -5 -77 23 -46 50 -130 54 -213 11 -21 -10 -61 -43 -91 -74 -53 -55 -84 -68 -93 -40 -8 24 -14 39 -24 55 -5 8 -14 27 -21 42 -7 14 -32 41 -56 58 -47 33 -90 109 -101 175 -10 64 30 170 101 270 43 59 44 71 11 79 -31 8 -31 18 0 53 24 27 25 28 40 9 8 -11 15 -29 15 -40 1 -47 16 -46 53 3 20 26 37 56 37 65 0 9 7 19 15 22 8 3 19 21 25 40 13 38 35 54 76 54 31 0 91 57 96 92 3 22 9 23 103 29 85 6 104 4 130 -11 21 -13 37 -15 53 -9 28 10 56 -5 71 -38 6 -13 11 -26 11 -27 0 -2 -28 -4 -62 -3 -42 0 -76 7 -101 20 -52 27 -116 19 -164 -19 -36 -30 -73 -107 -73 -154 0 -15 -5 -31 -11 -37 -13 -13 -15 -108 -2 -125 6 -7 13 -32 16 -55 6 -48 25 -73 58 -73 21 0 21 1 -4 20 -15 12 -29 36 -33 56 -3 19 -10 37 -15 40 -15 9 -10 91 8 147 20 64 53 118 89 146 58 46 102 37 159 -33 35 -43 37 -49 36 -117 0 -60 -19 -148 -38 -182 -2 -4 -13 -3 -23 3 -38 20 -70 -18 -32 -39 16 -9 16 -11 -3 -24 -18 -14 -17 -16 22 -26 23 -6 45 -16 48 -21 14 -23 124 4 155 38 36 39 55 114 55 218 0 96 -2 103 -32 152 l-32 51 36 -1 c29 -1 41 5 60 28 21 25 24 37 20 83 -3 48 -8 59 -38 83 -18 15 -43 28 -56 28 -28 0 -66 39 -57 60 4 8 7 24 8 35 1 28 -35 31 -59 5 -10 -11 -22 -20 -27 -20 -5 0 -30 17 -56 39 -81 67 -166 80 -237 36 -46 -29 -98 -32 -143 -9 -52 26 -109 -2 -140 -70 -24 -49 -83 -89 -104 -68 -15 15 -50 15 -99 0 -61 -18 -50 -38 21 -38 59 0 79 -13 39 -25 -11 -4 -33 -25 -50 -47 -25 -36 -29 -50 -29 -107 0 -56 -4 -70 -24 -92 -49 -53 -59 -100 -29 -149 15 -26 15 -30 0 -63 -20 -40 -22 -73 -6 -83 7 -4 9 -25 4 -61 -5 -41 -3 -60 9 -78 19 -29 20 -57 4 -74 -11 -10 -10 -14 5 -22 9 -6 17 -17 17 -25 0 -8 11 -19 24 -24 13 -4 33 -23 44 -42 21 -34 27 -40 100 -96 23 -19 42 -37 42 -42 0 -4 -26 -11 -57 -15 -31 -4 -67 -13 -79 -22 -26 -17 -54 -81 -54 -123 0 -37 -45 -73 -61 -49 -5 8 -6 21 -3 29 3 8 10 31 16 50 5 19 13 44 17 55 5 11 19 48 31 83 13 34 27 65 31 68 5 3 9 14 9 25 0 29 -37 24 -77 -11 -18 -16 -38 -30 -43 -30 -5 0 -10 -17 -12 -37 -2 -21 -7 -36 -13 -33 -5 3 -9 18 -7 34 5 42 -22 28 -28 -15 -4 -30 -9 -34 -37 -37 -34 -3 -42 -15 -21 -28 8 -5 6 -11 -6 -20 -26 -19 -16 -48 18 -52 31 -4 46 10 46 46 0 12 5 22 10 22 17 0 11 -67 -9 -91 -13 -17 -17 -35 -15 -64 3 -35 3 -36 -5 -13 -5 15 -16 34 -24 42 -25 26 -81 56 -104 56 -13 0 -24 8 -28 20 -3 11 -10 20 -15 20 -4 0 -10 7 -14 15 -6 17 22 55 41 55 7 0 13 7 13 15 0 8 7 15 15 15 19 0 19 -19 0 -26 -19 -8 -20 -34 0 -34 7 0 19 -8 24 -17 9 -16 12 -16 21 -3 15 22 4 69 -22 90 -28 23 -38 25 -38 5 0 -8 -7 -15 -15 -15 -9 0 -18 -6 -21 -14 -8 -21 -32 -27 -54 -13 -23 13 -26 33 -7 40 6 2 9 7 5 11 -3 4 -15 2 -27 -5 -26 -17 -40 -3 -15 15 17 13 15 15 -26 14 -25 -1 -37 -3 -27 -6 23 -5 17 -26 -9 -30 -10 -2 -33 -10 -51 -18 -17 -8 -38 -14 -47 -14 -9 0 -16 -7 -16 -15 0 -8 -7 -15 -15 -15 -28 0 -15 28 20 44 61 29 44 42 -52 36 -32 -1 -43 2 -43 12 0 8 -11 25 -25 38 l-25 23 26 24 c27 25 54 29 72 11 15 -15 24 -6 16 17 -6 14 -15 16 -62 10 -50 -6 -55 -5 -43 9 11 13 9 17 -14 28 -34 15 -57 2 -61 -36 -3 -31 -14 -49 -14 -23 0 10 -5 17 -11 17 -6 0 -9 7 -6 14 13 32 -105 76 -145 55 -17 -9 -23 -8 -30 6 -11 18 -57 13 -70 -8 -5 -8 -8 -6 -8 6 0 21 -20 22 -46 2 -23 -17 -43 -20 -26 -3 14 14 16 58 2 58 -29 0 -32 89 -25 645 5 308 8 573 7 589 -1 16 3 36 9 43 9 11 210 13 1100 13 610 0 1090 -4 1093 -9 3 -5 -13 -60 -35 -122 -23 -63 -50 -158 -61 -213 -19 -93 -20 -100 -4 -133 26 -54 40 -36 53 68 15 115 26 167 41 196 7 12 12 28 12 36 0 33 62 176 78 181 9 3 112 3 227 0 116 -2 521 -5 902 -5z m971 -1074 c2 -913 0 -1055 -13 -1090 -11 -31 -14 -88 -14 -260 0 -121 0 -332 0 -468 l-1 -249 -72 6 c-40 3 -94 6 -120 8 -44 3 -46 4 -46 33 0 17 -2 50 -4 75 -3 25 -1 72 3 105 7 49 5 63 -9 79 -13 14 -14 20 -4 23 6 3 12 12 12 21 -1 15 -3 14 -15 -2 -15 -19 -15 -19 -39 3 -38 36 -88 42 -148 20 -69 -25 -101 -58 -122 -125 -16 -50 -19 -54 -31 -37 -9 12 -10 22 -3 30 6 8 8 34 3 68 -6 52 -16 67 -30 45 -3 -5 -12 -7 -19 -4 -10 4 -5 13 15 34 33 33 38 65 10 73 -12 3 -21 15 -23 33 -3 28 -5 29 -67 32 -53 2 -71 8 -100 31 -20 16 -46 31 -58 35 -27 8 -31 26 -6 26 15 0 15 1 0 18 -10 10 -17 24 -17 30 0 7 -4 12 -10 12 -5 0 -10 -16 -10 -35 0 -29 -5 -37 -26 -45 -37 -14 -72 -12 -81 4 -5 10 -29 16 -70 18 l-63 3 35 37 c19 20 40 38 47 41 10 4 10 7 0 18 -11 12 -15 11 -26 -3 -16 -22 -36 -23 -36 -3 0 8 -7 15 -15 15 -8 0 -15 -9 -15 -20 0 -11 7 -20 15 -20 8 0 15 -4 15 -9 0 -5 -7 -11 -15 -15 -8 -3 -15 -12 -15 -21 0 -8 -4 -15 -10 -15 -5 0 -7 -6 -4 -14 3 -8 -9 -23 -32 -37 -58 -35 -181 -165 -187 -196 -9 -47 46 -112 96 -113 21 0 27 -5 27 -23 0 -13 -6 -32 -14 -43 -12 -15 -17 -17 -27 -6 -15 14 -49 16 -49 3 0 -5 7 -11 15 -15 8 -3 15 -12 15 -21 0 -12 9 -15 36 -13 31 3 40 -2 66 -34 39 -48 34 -83 -14 -91 -18 -3 -45 -9 -59 -12 -31 -8 -83 33 -73 58 3 8 1 18 -4 21 -6 3 -12 -1 -16 -9 -8 -21 -29 -19 -56 5 -13 11 -29 20 -35 20 -7 0 -23 8 -36 19 -49 37 -111 51 -226 50 l-72 0 7 25 c4 13 16 35 27 48 36 43 65 87 65 98 0 7 8 9 20 5 11 -4 20 -2 20 4 0 6 9 11 20 11 20 0 27 20 13 34 -4 4 -8 23 -9 42 -1 30 2 33 19 28 16 -5 18 -2 12 15 -4 12 0 35 9 53 9 17 16 41 16 52 0 12 8 33 17 46 20 28 26 176 7 188 -54 37 -56 39 -42 62 10 18 10 24 1 27 -15 5 -18 43 -4 43 5 0 23 29 40 64 16 35 37 66 46 69 13 6 13 10 3 28 -10 17 -10 23 -1 26 7 2 15 31 19 64 4 33 11 62 15 65 5 3 9 21 9 40 0 19 6 50 14 68 8 19 17 69 21 112 4 44 16 129 27 189 12 61 24 145 27 188 6 78 6 78 54 122 l48 43 97 -5 c96 -5 326 9 432 27 30 5 87 13 125 18 64 8 218 50 305 83 19 7 60 32 90 54 30 23 69 49 85 59 40 23 76 77 106 156 21 56 24 81 22 180 0 63 -6 138 -12 165 -7 28 -16 70 -21 94 -6 24 -14 49 -19 55 -4 6 -12 28 -15 50 -4 21 -11 46 -16 55 -16 30 -30 83 -24 93 3 5 42 7 87 6 l82 -3 3 -1050z m-2317 282 c33 -45 46 -108 39 -177 -12 -105 -22 -143 -47 -182 -24 -39 -45 -46 -87 -29 -19 7 -19 8 3 14 18 4 22 10 15 24 -4 10 -7 32 -6 48 1 17 4 95 6 175 2 80 5 146 5 148 1 1 13 2 29 2 16 -1 33 -9 43 -23z m-858 -254 c8 -7 -31 -53 -45 -53 -4 0 -8 8 -8 18 0 31 35 54 53 35z m-995 -345 c2 -9 -5 -18 -14 -22 -22 -8 -24 -5 -17 22 6 25 26 25 31 0z m2 -43 c0 -8 -4 -15 -10 -15 -5 0 -10 7 -10 15 0 8 5 15 10 15 6 0 10 -7 10 -15z m86 -10 c4 -8 16 -15 28 -15 27 0 46 -40 46 -97 0 -60 -25 -59 -34 2 -9 60 -33 62 -27 3 3 -27 -18 -22 -31 7 -9 19 -9 28 0 37 17 17 15 48 -3 48 -8 0 -15 7 -15 15 0 8 7 15 15 15 9 0 18 -7 21 -15z m-46 -30 c0 -8 -7 -15 -15 -15 -8 0 -15 7 -15 15 0 8 7 15 15 15 8 0 15 -7 15 -15z m-34 -38 c3 -8 6 -30 7 -50 2 -22 10 -42 21 -50 12 -9 17 -20 13 -31 -9 -22 -42 -16 -42 7 0 10 -11 24 -24 31 -15 9 -20 16 -12 20 6 4 8 18 5 32 -10 41 18 77 32 41z m-150 -19 c4 -6 0 -17 -10 -23 -14 -11 -10 -13 25 -19 23 -4 45 -9 49 -11 8 -5 -11 -69 -23 -81 -4 -4 -7 -18 -7 -30 0 -13 -7 -27 -16 -32 -9 -5 -14 -14 -10 -21 10 -16 26 -14 26 4 0 8 7 15 15 15 8 0 15 -5 15 -10 0 -6 -7 -13 -15 -16 -8 -4 -15 -11 -15 -18 0 -18 -38 -46 -61 -46 -27 0 -19 24 9 28 31 5 28 32 -3 32 -31 0 -34 29 -5 37 23 6 28 33 6 33 -8 0 -21 21 -30 47 -19 57 -20 58 -2 44 11 -9 15 -3 20 34 7 44 18 56 32 33z m455 -63 c0 -5 -9 -11 -21 -13 -20 -3 -27 8 -13 22 10 9 34 3 34 -9z m-170 -37 c23 -29 24 -54 2 -67 -17 -10 -17 -12 0 -25 9 -7 17 -18 17 -25 0 -6 7 -11 15 -11 8 0 15 -7 15 -15 0 -8 -7 -15 -15 -15 -8 0 -15 -9 -15 -20 0 -11 5 -20 10 -20 6 0 10 -5 10 -10 0 -6 -11 -8 -25 -4 -19 5 -25 2 -25 -10 0 -9 4 -16 10 -16 5 0 17 -16 26 -36 13 -26 14 -38 5 -47 -16 -16 -14 -47 4 -47 8 0 15 -4 15 -10 0 -5 -7 -10 -15 -10 -8 0 -15 5 -15 10 0 6 -7 10 -15 10 -8 0 -15 -4 -15 -10 0 -5 -9 -10 -20 -10 -27 0 -25 14 3 27 20 10 21 11 3 18 -11 5 -21 3 -26 -4 -8 -13 -56 -41 -71 -41 -5 0 -9 5 -9 10 0 6 9 10 20 10 12 0 20 7 20 16 0 9 -9 18 -20 21 -27 7 -25 13 16 47 29 23 37 26 50 16 12 -10 17 -11 27 -1 9 10 8 14 -5 22 -21 12 -24 45 -5 52 10 3 10 9 0 26 -17 28 -16 41 2 41 8 0 15 7 15 15 0 8 -7 15 -16 15 -8 0 -22 -7 -30 -15 -9 -8 -20 -15 -25 -15 -15 0 -10 19 12 41 14 14 20 32 19 57 -1 20 -2 40 -1 45 2 15 34 6 52 -15z m135 -9 c12 -24 13 -37 6 -54 -7 -16 -7 -26 1 -34 20 -20 -1 -23 -23 -4 -12 12 -18 26 -14 36 3 9 1 24 -5 34 -10 17 -11 16 -17 -4 -8 -28 -20 -29 -33 -4 -8 15 -6 20 14 29 14 7 25 16 25 22 0 22 30 8 46 -21z m1098 -1 c-10 -13 -23 -27 -29 -33 -14 -14 -45 -82 -45 -100 0 -7 5 -15 12 -17 9 -3 12 -38 9 -129 -2 -105 0 -127 13 -138 25 -21 20 -51 -8 -51 -77 0 -148 -45 -150 -95 -1 -26 -26 -51 -26 -25 0 6 -11 22 -25 36 -27 27 -25 44 5 44 24 0 74 82 66 107 -3 10 -22 28 -41 41 -19 12 -35 29 -35 37 0 18 41 20 57 4 14 -14 68 -3 88 18 16 15 14 38 -8 81 -8 18 -8 28 1 42 7 11 12 27 12 35 0 16 22 59 55 110 30 45 39 54 54 55 11 0 9 -6 -5 -22z m-838 -6 c16 -10 54 -74 54 -90 0 -9 -10 -13 -27 -11 -31 2 -79 -7 -105 -22 -28 -15 -75 -11 -82 7 -14 37 -5 63 31 93 28 23 47 31 78 31 22 0 45 -4 51 -8z m1514 -56 c0 -14 4 -27 9 -31 5 -3 12 -31 16 -63 10 -85 11 -87 41 -63 14 11 42 23 63 27 20 4 44 13 54 22 21 18 22 7 5 -50 -18 -62 -47 -78 -139 -78 -75 0 -79 -1 -111 -34 -51 -51 -55 -59 -63 -115 -7 -48 -5 -55 20 -81 31 -33 27 -37 -39 -41 -51 -3 -74 14 -45 32 10 6 16 41 20 116 4 59 10 122 14 138 5 25 1 35 -24 61 -17 17 -28 34 -24 38 11 11 40 6 52 -8 15 -18 70 -31 82 -19 5 5 12 31 16 58 3 28 13 55 22 62 13 10 14 15 3 32 -11 19 -10 21 8 21 15 0 20 -7 20 -24z m-2080 -6 c0 -5 -7 -10 -15 -10 -8 0 -15 5 -15 10 0 6 7 10 15 10 8 0 15 -4 15 -10z m1441 -13 c-13 -13 -26 -3 -16 12 3 6 11 8 17 5 6 -4 6 -10 -1 -17z m-1406 -17 c3 -6 -1 -13 -9 -16 -20 -8 -21 -34 -2 -34 8 0 17 7 20 16 3 8 10 12 16 9 15 -9 12 -25 -5 -25 -8 0 -15 -7 -15 -15 0 -8 -9 -15 -20 -15 -11 0 -23 -7 -26 -15 -4 -8 -12 -15 -20 -15 -17 0 -19 16 -3 26 6 3 8 17 5 30 -5 17 -2 26 9 30 8 4 15 12 15 20 0 16 26 19 35 4z m1562 -17 c37 -41 63 -97 63 -137 0 -53 -41 -172 -52 -152 -10 18 -34 21 -43 7 -3 -5 2 -16 10 -24 8 -9 12 -23 9 -31 -4 -11 2 -19 20 -26 14 -5 26 -14 26 -20 0 -15 -33 -12 -56 5 -12 9 -30 12 -53 8 -28 -5 -37 -1 -57 23 -52 62 -68 105 -67 182 1 77 8 94 65 157 43 46 96 49 135 8z m124 -30 c43 -36 59 -79 59 -159 0 -95 -39 -174 -86 -174 -28 0 -40 16 -25 34 8 10 8 22 1 41 -8 20 -6 40 5 78 19 64 19 98 0 144 -16 37 -14 63 4 63 5 0 24 -12 42 -27z m69 17 c0 -5 -7 -10 -15 -10 -8 0 -15 5 -15 10 0 6 7 10 15 10 8 0 15 -4 15 -10z m-1059 -33 c34 -23 50 -55 63 -130 l7 -37 -99 1 c-94 1 -101 -1 -149 -30 -28 -17 -54 -31 -59 -31 -12 0 -64 -52 -64 -65 0 -22 -60 -56 -93 -53 -30 3 -32 5 -29 38 6 58 102 139 166 140 50 0 73 63 36 100 -32 32 -68 25 -135 -25 -69 -52 -95 -57 -95 -20 0 38 26 83 58 99 19 9 50 12 109 8 57 -3 87 -1 97 8 18 15 37 5 29 -15 -8 -22 17 -77 46 -102 31 -27 39 -28 63 -6 25 23 23 45 -4 43 -61 -5 -68 -2 -68 34 0 63 60 84 121 43z m-627 7 c23 -9 20 -24 -4 -24 -11 0 -20 7 -20 15 0 17 2 18 24 9z m882 -58 c1 0 15 -28 33 -61 30 -57 31 -63 24 -134 -5 -47 -13 -76 -21 -79 -15 -5 -111 90 -113 110 -2 29 2 105 7 141 6 37 7 38 37 31 18 -3 32 -7 33 -8z m-1093 -20 c3 -8 3 -24 0 -35 -4 -15 -1 -21 10 -21 8 0 17 4 19 10 2 5 19 7 41 3 27 -4 37 -10 37 -24 0 -21 -38 -27 -57 -8 -8 8 -13 8 -18 0 -3 -6 1 -14 9 -17 9 -3 16 -10 16 -15 0 -14 -28 -11 -33 4 -2 7 -8 8 -13 3 -5 -5 -4 -11 4 -13 17 -7 15 -43 -3 -43 -8 0 -15 6 -15 13 0 8 -11 19 -25 25 -27 12 -30 23 -16 51 6 10 6 23 1 31 -6 10 -3 21 7 32 19 22 29 23 36 4z m1192 -6 c7 -23 -2 -43 -16 -35 -12 8 -12 55 0 55 5 0 12 -9 16 -20z m-1050 -90 c11 -17 -5 -32 -21 -19 -7 6 -11 15 -8 20 7 12 21 11 29 -1z m250 -40 c3 -5 -3 -10 -14 -10 -12 0 -21 5 -21 10 0 6 6 10 14 10 8 0 18 -4 21 -10z m443 -11 c88 -16 139 -40 186 -89 21 -22 47 -40 57 -40 20 0 24 -20 10 -48 -5 -9 -14 -29 -20 -44 -6 -16 -17 -28 -25 -28 -21 0 -38 -35 -30 -64 4 -19 12 -25 32 -24 42 1 144 -47 183 -86 35 -35 65 -48 190 -76 27 -7 94 -9 160 -6 140 7 110 7 371 0 214 -5 217 -5 302 22 47 14 93 24 101 20 17 -6 13 -41 -8 -84 -6 -13 -21 -52 -32 -85 l-20 -62 -90 -12 c-135 -17 -242 -16 -249 2 -7 19 -42 20 -49 0 -4 -10 -19 -14 -49 -12 -24 1 -53 -2 -65 -6 -17 -6 -27 -3 -40 12 -22 26 -27 26 -62 0 -24 -18 -50 -22 -192 -29 -299 -16 -532 0 -606 41 -82 46 -96 82 -67 175 20 64 39 88 63 78 54 -24 131 -2 131 36 0 25 -16 26 -29 1 -6 -10 -18 -22 -28 -25 -23 -9 -63 35 -63 70 0 32 31 93 64 123 41 39 29 81 -23 81 -34 0 -111 -54 -139 -96 -41 -63 -102 -71 -102 -14 0 73 43 126 121 149 85 25 92 30 78 47 -15 18 -77 13 -145 -12 -52 -20 -118 -15 -122 8 -6 31 50 66 137 87 2 1 34 -4 69 -10z m-848 -19 c0 -5 -9 -10 -21 -10 -11 0 -17 5 -14 10 3 6 13 10 21 10 8 0 14 -4 14 -10z m2463 0 c42 0 1 -55 -60 -80 -29 -11 -33 -17 -33 -49 0 -21 7 -46 15 -57 8 -10 15 -27 15 -38 0 -10 9 -34 21 -52 36 -58 20 -88 -38 -70 -16 5 -30 -1 -56 -24 -41 -35 -53 -37 -62 -10 -9 27 -33 25 -57 -5 -24 -31 -77 -34 -102 -7 -15 17 -15 22 -1 48 20 39 19 64 -3 64 -32 0 -78 -73 -66 -105 8 -20 -19 -29 -45 -15 -28 14 -26 34 4 74 29 38 31 54 10 62 -8 4 -15 10 -15 15 0 14 135 10 164 -5 27 -14 76 -11 76 5 0 5 -9 14 -19 21 -19 12 -19 13 6 36 22 20 25 29 20 68 -5 49 -2 52 25 27 17 -15 19 -15 38 2 11 10 20 24 20 32 0 8 12 28 28 44 23 24 33 28 62 24 19 -3 43 -5 53 -5z m-493 -62 c0 -3 -13 -11 -30 -17 -36 -12 -40 4 -13 45 l16 26 13 -24 c7 -12 13 -26 14 -30z m-1569 -70 c17 -21 39 -38 50 -38 23 0 79 27 79 38 0 15 62 32 81 22 10 -6 31 -10 48 -10 36 0 40 -19 15 -68 -18 -36 -19 -37 -54 -17 -52 30 -199 7 -224 -34 -9 -13 -48 -15 -61 -2 -6 6 -62 31 -125 57 -106 44 -122 48 -197 48 -59 0 -83 3 -83 12 0 17 156 32 312 30 l128 -1 31 -37z m1237 26 c23 -7 32 -47 12 -59 -23 -14 -69 33 -54 56 6 11 11 11 42 3z m233 -14 c9 0 22 -13 28 -28 15 -35 1 -73 -32 -87 -12 -6 -22 -17 -22 -25 0 -11 -9 -14 -30 -12 -16 2 -46 -4 -67 -14 -32 -14 -38 -22 -36 -42 2 -21 11 -27 53 -38 31 -7 56 -9 67 -3 9 5 24 9 32 9 14 0 14 -3 4 -21 -12 -18 -21 -20 -98 -17 -47 1 -96 -1 -108 -6 -22 -7 -23 -5 -20 20 4 36 -30 48 -39 14 -6 -21 -39 -40 -69 -40 -23 0 -16 30 16 66 29 34 31 64 3 64 -25 0 -71 -29 -78 -50 -7 -23 -16 -25 -33 -8 -19 19 16 67 56 74 38 7 50 27 31 50 -10 12 -28 15 -73 12 -52 -3 -61 -1 -64 15 -4 22 35 67 58 67 25 0 93 -36 116 -62 12 -12 25 -34 29 -48 11 -35 51 -70 81 -70 30 0 33 28 4 53 -26 22 -25 31 4 51 29 18 52 13 59 -15 3 -10 12 -19 21 -19 21 0 22 48 1 56 -8 4 -15 10 -15 14 0 15 65 50 85 45 11 -2 27 -5 36 -5z m-635 -83 c23 -31 52 -56 70 -61 73 -21 74 -23 74 -71 0 -36 -5 -47 -25 -61 -13 -8 -29 -13 -35 -9 -13 8 -13 42 0 50 16 10 12 45 -6 52 -8 3 -26 0 -39 -7 -28 -15 -48 -5 -40 20 9 27 -34 49 -50 26 -7 -9 -17 -16 -22 -16 -11 0 -23 32 -23 61 0 17 37 70 48 68 4 0 25 -24 48 -52z m1322 -149 c14 -16 32 -28 39 -28 7 0 13 -7 13 -15 0 -8 -6 -15 -14 -15 -8 0 -28 -11 -43 -24 l-28 -24 24 -33 24 -32 -26 -22 c-28 -22 -34 -53 -17 -86 14 -26 -9 -26 -43 1 -14 11 -29 20 -34 20 -5 0 -17 6 -28 13 -20 15 -26 -5 55 173 22 49 31 80 27 96 -8 31 4 45 16 21 5 -10 21 -30 35 -45z m676 -237 c9 -10 14 -25 10 -35 -7 -19 -16 -20 -32 -4 -9 9 -12 7 -12 -9 0 -12 -19 -39 -42 -62 -35 -33 -50 -41 -80 -41 -31 0 -38 4 -38 20 0 10 7 25 16 32 8 7 31 28 50 46 22 19 46 32 62 32 20 0 23 3 14 12 -18 18 -14 28 11 28 13 0 31 -8 41 -19z m177 -39 c-8 -15 -101 -72 -117 -72 -2 0 -4 9 -4 20 0 13 12 25 38 37 79 36 96 39 83 15z m-2706 -52 c-10 -11 -20 -18 -23 -15 -7 6 18 35 31 35 5 0 2 -9 -8 -20z m2642 -60 c92 0 103 -7 131 -86 15 -41 22 -49 56 -58 22 -6 41 -16 43 -23 6 -17 -37 -59 -87 -83 -25 -12 -53 -26 -63 -31 -35 -19 -78 19 -122 105 -24 46 -25 50 -9 73 18 29 4 57 -18 35 -7 -7 -34 -12 -60 -12 -52 0 -66 -20 -29 -40 15 -8 18 -17 14 -48 -4 -28 1 -49 20 -82 23 -42 28 -45 70 -48 25 -2 51 -10 57 -18 10 -11 42 -14 152 -14 138 0 139 0 164 27 19 20 27 24 36 15 7 -7 27 -12 44 -12 42 0 53 -17 19 -30 -23 -9 -25 -13 -15 -26 11 -12 9 -18 -8 -34 -28 -26 -46 -25 -69 4 -18 24 -22 24 -200 28 -136 3 -184 1 -187 -8 -7 -18 3 -24 38 -24 17 0 40 -7 50 -15 11 -8 27 -15 35 -15 23 0 81 -61 81 -85 0 -26 -27 -65 -44 -65 -8 0 -19 -6 -25 -14 -15 -18 -136 -28 -182 -15 -27 9 -46 9 -69 0 l-32 -11 6 31 c5 25 2 32 -14 36 -41 11 -38 92 5 149 36 48 34 101 -7 160 -55 76 -38 174 29 174 19 0 22 4 18 23 -4 17 2 27 27 43 28 19 35 20 49 8 10 -9 42 -14 96 -14z m-325 -22 c-11 -11 -42 1 -42 16 0 23 13 26 32 9 10 -9 15 -20 10 -25z m581 25 c22 -6 22 -23 0 -23 -9 0 -24 -7 -34 -16 -22 -20 -39 -11 -39 21 0 21 5 25 28 24 15 -1 35 -4 45 -6z m-2813 -40 c0 -14 -26 -82 -34 -90 -4 -4 -18 6 -31 22 -24 30 -31 56 -18 68 9 10 83 9 83 0z m1441 -69 c25 -52 55 -75 102 -79 26 -2 32 -7 32 -25 0 -17 -11 -29 -40 -44 -22 -11 -41 -24 -43 -28 -2 -4 -14 -8 -26 -8 -41 0 -126 -71 -126 -106 0 -39 27 -35 76 12 26 24 53 44 60 44 6 0 29 6 51 14 l40 14 7 -81 c3 -45 6 -116 6 -158 l0 -77 -42 -5 c-24 -3 -86 -10 -138 -16 -52 -5 -108 -14 -123 -20 -16 -6 -45 -11 -65 -11 -20 0 -82 -6 -137 -14 -55 -8 -165 -23 -245 -32 -196 -23 -277 -32 -327 -40 l-43 -6 0 58 c1 33 5 118 10 189 6 72 14 183 19 248 6 84 13 123 23 134 11 10 57 20 139 29 68 8 160 19 204 26 44 6 188 15 320 18 132 3 241 7 242 8 2 1 13 -19 24 -44z m-1293 -150 c-4 -109 -10 -190 -16 -196 -18 -18 -25 54 -13 130 6 39 11 112 11 161 0 61 4 91 11 91 9 0 10 -51 7 -186z m120 165 c77 -19 83 -29 77 -128 -28 -488 -28 -490 -43 -496 -8 -3 -44 4 -79 16 -64 22 -65 23 -58 53 4 17 11 51 15 75 4 27 16 50 29 60 24 18 20 46 -8 68 -14 10 -12 13 12 22 31 12 35 32 10 56 -13 13 -14 21 -5 35 9 14 7 22 -9 36 -18 16 -19 27 -15 98 4 76 12 116 23 116 2 0 25 -5 51 -11z m164 -164 c-2 -66 -8 -178 -13 -250 -6 -71 -11 -164 -12 -205 l-2 -75 -72 2 c-39 2 -82 7 -95 12 -21 8 -20 9 17 15 77 13 85 16 97 39 8 14 15 88 19 207 15 394 14 385 47 378 15 -3 17 -18 14 -123z m-414 63 c-2 -25 -9 -33 -33 -40 -16 -5 -51 -15 -76 -24 -50 -16 -79 -11 -79 15 0 28 17 44 39 38 13 -3 38 4 64 19 23 13 52 24 65 24 20 0 23 -4 20 -32z m2852 -20 c-12 -10 -25 -17 -27 -14 -8 8 30 45 40 39 6 -3 0 -15 -13 -25z m-46 -53 c7 -19 -28 -38 -56 -30 -19 7 -19 8 8 26 35 23 40 23 48 4z m-2764 -15 c0 -5 -25 -10 -56 -10 -34 0 -53 4 -49 10 3 6 28 10 56 10 27 0 49 -4 49 -10z m1794 -39 c22 -3 41 -12 44 -19 3 -9 -26 -12 -118 -12 -110 0 -121 2 -118 18 6 29 66 33 192 13z m-1869 -64 c11 -5 30 -19 43 -30 20 -19 22 -29 22 -143 0 -127 -11 -174 -39 -174 -9 0 -52 7 -96 16 -44 8 -118 19 -165 25 -87 10 -117 26 -107 53 4 11 15 13 41 9 32 -5 37 -3 46 21 5 15 10 38 10 52 0 26 25 82 45 99 6 6 23 27 38 47 20 27 36 38 60 41 37 4 73 -2 102 -16z m2873 -62 c14 -14 20 -25 14 -25 -6 0 -14 5 -17 10 -3 6 -28 10 -55 10 -49 0 -67 10 -54 31 11 18 85 1 112 -26z m-782 -2 c24 -16 44 -32 44 -38 -1 -12 -64 -45 -85 -45 -8 0 -44 -13 -78 -30 -101 -47 -119 -36 -56 33 33 36 39 77 11 77 -32 0 -122 -79 -122 -108 0 -18 -39 -44 -56 -38 -15 6 -16 8 0 24 9 10 16 33 16 50 0 25 -4 32 -19 32 -11 0 -22 -8 -26 -19 -3 -10 -15 -27 -26 -37 -20 -18 -20 -18 -17 46 l3 65 173 2 c96 1 177 4 180 7 8 9 12 8 58 -21z m1211 6 c15 -6 69 -12 118 -13 l90 -2 3 -334 2 -333 -372 6 c-205 4 -881 9 -1503 12 -1291 6 -2113 14 -2330 24 l-150 6 -3 38 -3 37 86 0 c54 0 96 5 113 14 19 10 82 15 217 18 119 3 203 10 225 18 53 20 80 48 80 87 0 42 22 44 59 4 38 -41 83 -61 194 -88 133 -31 344 -33 480 -3 123 27 147 37 179 73 24 27 34 30 115 38 48 4 97 6 108 3 18 -4 277 -26 300 -25 28 1 178 22 240 34 65 13 72 12 97 -6 30 -22 55 -17 66 13 l8 21 26 -20 c14 -12 35 -21 46 -21 17 0 20 8 24 60 2 33 6 62 9 64 3 3 71 9 152 14 99 6 152 14 163 23 15 12 18 12 22 -1 9 -26 69 -80 90 -80 29 0 77 30 98 61 10 15 27 32 39 37 32 13 245 3 245 -13 0 -14 -22 -25 -50 -25 -22 0 -30 -19 -30 -70 0 -21 3 -45 6 -54 7 -19 45 -21 62 -4 9 9 15 8 26 -7 8 -11 19 -16 30 -12 12 5 16 20 16 71 0 36 5 68 10 71 6 3 10 24 10 45 0 30 5 42 21 51 17 9 23 8 30 -2 9 -16 0 -126 -12 -151 -20 -38 0 -107 38 -131 33 -20 1 -25 -163 -25 -97 0 -178 -3 -182 -6 -3 -3 -13 1 -23 10 -13 12 -26 14 -46 9 -15 -4 -142 -9 -282 -11 -200 -3 -259 -7 -276 -18 -13 -8 -33 -13 -46 -10 -21 5 -22 4 -6 -6 9 -6 17 -17 17 -25 0 -8 15 -17 38 -20 20 -4 51 -11 67 -16 17 -5 55 -8 85 -8 30 1 93 -4 140 -11 90 -13 160 -15 330 -6 58 3 161 6 229 6 85 1 134 5 158 15 20 8 51 15 71 15 39 0 72 23 72 50 0 18 -27 30 -71 30 -52 0 -54 23 -9 91 23 34 50 69 59 79 9 10 30 33 48 52 17 18 54 42 83 52 31 11 55 27 61 40 29 65 104 176 119 176 5 0 21 -5 37 -11z m-4105 -91 l23 -18 -29 -26 c-25 -22 -30 -24 -38 -11 -4 9 -5 42 -1 74 6 52 7 55 14 28 5 -16 19 -38 31 -47z m3077 18 c7 -9 10 -28 6 -48 -5 -25 -1 -40 14 -59 20 -26 20 -26 0 -48 -22 -23 -49 -28 -50 -8 0 6 0 33 1 58 1 26 -4 50 -10 54 -22 13 -58 -5 -68 -34 -9 -27 -14 -29 -74 -33 -67 -5 -98 -1 -98 13 0 5 12 11 28 15 54 12 118 39 167 71 55 37 67 39 84 19z m557 -2 c25 -7 44 -43 44 -83 0 -33 17 -43 60 -34 24 4 30 2 30 -11 0 -17 -122 -146 -138 -146 -5 0 -3 28 5 63 18 82 10 125 -29 158 -21 18 -29 32 -25 43 7 17 19 19 53 10z m-3265 -104 c10 -6 19 -14 19 -18 0 -12 -62 -41 -90 -43 -57 -3 -62 3 -29 45 22 28 64 35 100 16z m588 -99 c28 -18 26 -31 -4 -31 -35 0 -47 30 -38 92 l7 53 7 -50 c6 -34 15 -55 28 -64z m1365 -10 c11 -17 -182 -70 -204 -56 -14 9 -13 32 3 42 6 4 46 11 87 14 41 3 83 6 92 7 9 1 19 -2 22 -7z m-1290 -126 c15 -8 35 -15 43 -15 20 0 73 -29 73 -40 0 -13 -25 -13 -48 -1 -9 6 -47 20 -85 31 -37 12 -65 26 -61 31 8 14 45 11 78 -6z m291 -35 c-28 -12 -78 -12 -70 0 3 6 25 10 48 9 33 0 38 -2 22 -9z"
       id="path3491" />
    <path
       d="M1665 2833 c-66 -15 -83 -25 -98 -61 -32 -71 -51 -221 -33 -251 19 -29 149 -35 200 -8 19 9 18 10 -4 27 -18 14 -24 30 -28 75 -9 115 30 203 92 206 28 2 -52 18 -84 17 -14 0 -34 -2 -45 -5z"
       id="path3555" />
    <path
       d="M1832 2778 c-1 -15 3 -50 9 -77 18 -83 110 -151 190 -139 22 3 24 9 29 73 4 60 8 71 28 80 30 13 28 22 -10 45 -30 18 -34 19 -45 4 -7 -10 -10 -34 -6 -64 8 -68 -2 -100 -31 -100 -13 0 -29 7 -36 15 -7 8 -17 15 -22 15 -14 0 -58 43 -58 56 0 6 -9 19 -19 29 -11 9 -22 34 -24 54 -3 26 -4 29 -5 9z"
       id="path3557" />
    <path
       d="M2490 2725 c-10 -11 -10 -19 -2 -27 15 -15 44 -2 40 19 -4 23 -22 27 -38 8z"
       id="path3559" />
    <path
       d="M2357 2715 c-9 -22 3 -46 22 -43 10 2 16 13 16 28 0 28 -29 40 -38 15z"
       id="path3561" />
    <path
       d="M757 2540 c-11 -11 -14 -20 -8 -24 5 -4 15 2 21 11 10 17 12 17 26 -4 21 -29 28 -29 42 1 10 22 8 24 -20 30 -40 8 -40 8 -61 -14z"
       id="path3563" />
    <path
       d="M652 2538 c-14 -14 2 -38 24 -38 8 0 14 -4 14 -10 0 -5 7 -10 15 -10 8 0 15 5 15 10 0 6 -6 10 -14 10 -8 0 -16 10 -18 22 -4 26 -19 33 -36 16z"
       id="path3565" />
    <path
       d="M930 2520 c0 -5 14 -10 30 -10 17 0 30 5 30 10 0 6 -13 10 -30 10 -16 0 -30 -4 -30 -10z"
       id="path3567" />
    <path
       d="M1015 2477 c-4 -10 -5 -21 -1 -24 10 -10 18 4 13 24 -4 17 -4 17 -12 0z"
       id="path3569" />
    <path
       d="M3082 2019 c2 -6 8 -10 13 -10 5 0 11 4 13 10 2 6 -4 11 -13 11 -9 0 -15 -5 -13 -11z"
       id="path3571" />
    <path
       d="M3487 1963 c-13 -12 -8 -85 6 -81 6 3 13 14 15 25 2 15 8 19 23 16 22 -6 24 5 5 30 -13 17 -37 22 -49 10z"
       id="path3573" />
    <path
       d="M2987 1844 c-8 -8 1 -24 14 -24 5 0 9 7 9 15 0 15 -12 20 -23 9z"
       id="path3575" />
    <path
       d="M3117 1843 c-12 -11 -8 -23 8 -23 8 0 15 7 15 15 0 16 -12 20 -23 8z"
       id="path3577" />
    <path
       d="M3350 1829 c0 -24 23 -21 28 4 2 10 -3 17 -12 17 -10 0 -16 -9 -16 -21z"
       id="path3579" />
    <path
       d="M3218 1819 c-10 -5 -18 -14 -18 -19 0 -17 25 -11 38 10 13 22 7 25 -20 9z"
       id="path3581" />
    <path
       d="M3594 1809 c-7 -12 15 -31 28 -23 4 3 8 12 8 20 0 17 -26 19 -36 3z"
       id="path3583" />
    <path
       d="M4141 1764 c-15 -11 -19 -20 -13 -26 13 -13 28 -4 35 22 6 24 7 24 -22 4z"
       id="path3585" />
    <path
       d="M4250 1750 c0 -5 7 -10 15 -10 8 0 15 5 15 10 0 6 -7 10 -15 10 -8 0 -15 -4 -15 -10z"
       id="path3587" />
    <path
       d="M3865 1727 c-4 -10 -5 -21 -1 -24 10 -10 18 4 13 24 -4 17 -4 17 -12 0z"
       id="path3589" />
    <path
       d="M3212 1678 c-18 -18 -14 -46 7 -58 26 -14 29 -13 41 10 23 42 -16 80 -48 48z"
       id="path3591" />
    <path
       d="M3500 1680 c0 -5 9 -10 20 -10 11 0 20 5 20 10 0 6 -9 10 -20 10 -11 0 -20 -4 -20 -10z"
       id="path3593" />
    <path
       d="M3860 1630 c0 -11 -7 -20 -15 -20 -20 0 -19 -15 2 -40 21 -24 43 -26 43 -5 0 8 7 15 15 15 8 0 15 7 15 15 0 8 -7 15 -15 15 -8 0 -15 9 -15 20 0 11 -7 20 -15 20 -8 0 -15 -9 -15 -20z m30 -35 c0 -8 -7 -15 -15 -15 -8 0 -15 7 -15 15 0 8 7 15 15 15 8 0 15 -7 15 -15z"
       id="path3595" />
    <path
       d="M3350 1630 c0 -5 7 -10 15 -10 8 0 15 5 15 10 0 6 -7 10 -15 10 -8 0 -15 -4 -15 -10z"
       id="path3597" />
    <path
       d="M3592 1599 c2 -6 8 -10 13 -10 5 0 11 4 13 10 2 6 -4 11 -13 11 -9 0 -15 -5 -13 -11z"
       id="path3599" />
    <path
       d="M3950 1595 c0 -8 7 -15 15 -15 8 0 15 -7 15 -15 0 -17 16 -20 25 -5 6 10 -29 50 -45 50 -5 0 -10 -7 -10 -15z"
       id="path3601" />
    <path
       d="M4250 1595 c0 -8 7 -15 15 -15 8 0 15 7 15 15 0 8 -7 15 -15 15 -8 0 -15 -7 -15 -15z"
       id="path3603" />
    <path
       d="M3116 1573 c-11 -11 -6 -23 9 -23 8 0 15 4 15 9 0 13 -16 22 -24 14z"
       id="path3605" />
    <path
       d="M3505 1571 c-6 -11 9 -23 19 -14 9 9 7 23 -3 23 -6 0 -12 -4 -16 -9z"
       id="path3607" />
    <path
       d="M3640 1564 c0 -10 7 -14 22 -12 32 5 35 28 4 28 -17 0 -26 -5 -26 -16z"
       id="path3609" />
    <path
       d="M3926 1572 c-3 -6 -1 -14 5 -17 15 -10 25 3 12 16 -7 7 -13 7 -17 1z"
       id="path3611" />
    <path
       d="M3227 1551 c-3 -14 -1 -18 9 -14 10 4 14 -3 14 -21 0 -29 24 -36 34 -10 10 25 7 34 -9 34 -9 0 -18 7 -21 15 -8 21 -21 19 -27 -4z"
       id="path3613" />
    <path
       d="M3069 1522 c-16 -16 -15 -18 9 -36 25 -19 25 -19 20 2 -4 12 -2 25 3 28 13 8 11 24 -3 23 -7 0 -20 -8 -29 -17z"
       id="path3615" />
    <path
       d="M3477 1514 c-8 -8 1 -24 14 -24 5 0 9 7 9 15 0 15 -12 20 -23 9z"
       id="path3617" />
    <path
       d="M3813 1494 c-21 -22 -21 -23 -2 -29 10 -4 19 -14 19 -24 0 -20 19 -41 37 -41 7 0 13 7 13 15 0 8 -4 15 -10 15 -20 0 -9 27 16 39 27 12 28 36 1 36 -8 0 -19 4 -23 8 -12 12 -28 6 -51 -19z"
       id="path3619" />
    <path
       d="M3740 1480 c0 -5 9 -10 21 -10 11 0 17 5 14 10 -3 6 -13 10 -21 10 -8 0 -14 -4 -14 -10z"
       id="path3621" />
    <path
       d="M3115 1449 c-10 -15 3 -25 16 -12 7 7 7 13 1 17 -6 3 -14 1 -17 -5z"
       id="path3623" />
    <path
       d="M2952 1400 c-13 -12 -19 -26 -15 -33 4 -7 6 -20 5 -29 -3 -18 14 -23 34 -10 6 4 13 18 16 32 3 14 7 31 9 39 6 23 -24 24 -49 1z"
       id="path3625" />
    <path
       d="M4280 1410 c0 -5 7 -10 15 -10 8 0 15 5 15 10 0 6 -7 10 -15 10 -8 0 -15 -4 -15 -10z"
       id="path3627" />
    <path
       d="M4254 1375 c-7 -17 4 -37 17 -30 12 8 12 45 -1 45 -6 0 -13 -7 -16 -15z"
       id="path3629" />
    <path
       d="M4428 1368 c-8 -21 2 -38 24 -38 14 0 19 6 16 22 -3 25 -33 36 -40 16z"
       id="path3631" />
    <path
       d="M3086 1361 c-4 -6 0 -14 8 -17 20 -8 21 -34 1 -34 -8 0 -15 7 -15 15 0 8 -7 15 -15 15 -8 0 -15 -7 -15 -15 0 -8 6 -15 14 -15 7 0 16 -9 19 -21 6 -23 27 -17 27 7 0 8 7 14 15 14 8 0 15 7 15 15 0 8 -5 15 -11 15 -7 0 -17 7 -24 17 -8 11 -14 13 -19 4z"
       id="path3633" />
    <path
       d="M4323 1323 c-7 -3 -13 -13 -13 -23 0 -26 54 -52 83 -40 12 5 16 9 9 9 -7 1 -25 14 -40 30 -15 16 -33 26 -39 24z"
       id="path3635" />
    <path
       d="M4425 1271 c-3 -5 -1 -12 5 -16 12 -7 30 2 30 16 0 12 -27 12 -35 0z"
       id="path3637" />
    <path
       d="M2947 1238 c-4 -12 -4 -24 -2 -26 7 -8 35 20 35 34 0 23 -27 16 -33 -8z"
       id="path3639" />
    <path
       d="M2845 1179 c-10 -15 3 -25 16 -12 7 7 7 13 1 17 -6 3 -14 1 -17 -5z"
       id="path3641" />
    <path
       d="M4290 1170 c0 -5 5 -10 10 -10 6 0 10 -11 10 -24 0 -32 19 -44 35 -23 7 10 22 17 34 17 24 0 25 4 11 31 -11 20 -50 27 -50 9 0 -5 -7 -10 -15 -10 -8 0 -15 5 -15 10 0 6 -4 10 -10 10 -5 0 -10 -4 -10 -10z"
       id="path3643" />
    <path
       d="M3056 1031 c-8 -12 19 -40 37 -41 18 0 47 21 47 35 0 20 -20 19 -36 -2 -12 -17 -14 -17 -27 1 -10 14 -16 16 -21 7z"
       id="path3645" />
    <path
       d="M500 2225 c0 -8 7 -15 15 -15 8 0 15 7 15 15 0 8 -7 15 -15 15 -8 0 -15 -7 -15 -15z"
       id="path3647" />
    <path
       d="M3605 1156 c-9 -13 -17 -43 -18 -67 -2 -53 17 -61 63 -28 37 28 40 66 7 97 -29 28 -33 27 -52 -2z"
       id="path3649" />
    <path
       d="M2210 1015 c-19 -23 -4 -64 27 -71 19 -5 30 -2 40 11 14 20 17 51 6 58 -26 14 -62 15 -73 2z"
       id="path3651" />
    <path
       d="M1750 846 c0 -32 13 -46 41 -46 31 0 40 25 17 48 -17 17 -58 15 -58 -2z"
       id="path3653" />
    <path
       d="M2183 844 c-9 -24 10 -49 38 -49 20 0 25 6 27 33 3 30 1 32 -28 32 -19 0 -33 -6 -37 -16z"
       id="path3655" />
    <path
       d="M2016 727 c-26 -19 -17 -51 17 -55 31 -4 47 20 30 46 -13 22 -26 24 -47 9z"
       id="path3657" />
    <path
       d="M1985 621 c-10 -17 4 -31 31 -31 19 0 25 5 22 18 -4 19 -43 29 -53 13z"
       id="path3659" />
    <path
       d="M4855 3787 c-4 -25 -4 -60 0 -78 7 -31 8 -32 22 -13 10 13 13 33 9 68 -8 68 -23 79 -31 23z"
       id="path3665" />
    <path
       d="M4914 3579 c-20 -33 123 -138 189 -139 16 0 43 -7 60 -14 32 -15 79 -25 232 -52 107 -19 388 -34 503 -27 93 6 93 6 90 32 l-3 26 -255 5 c-140 3 -261 9 -268 14 -7 4 -61 12 -119 17 -153 13 -240 42 -330 110 -52 39 -86 49 -99 28z"
       id="path3667" />
    <path
       d="M8314 3569 c-31 -34 -135 -90 -204 -110 -39 -11 -99 -19 -150 -20 -47 0 -107 -4 -135 -7 -46 -6 -51 -10 -69 -47 -10 -22 -30 -71 -43 -110 -14 -38 -35 -92 -48 -120 -13 -27 -34 -75 -48 -105 -13 -30 -33 -63 -44 -72 -37 -33 -239 -138 -266 -138 -25 0 -21 11 16 56 51 60 90 121 130 204 51 106 69 173 65 250 l-3 65 -340 -4 c-322 -3 -374 -8 -359 -32 6 -11 -13 -49 -26 -49 -5 0 -12 10 -16 22 -13 42 -48 79 -94 99 -39 18 -59 20 -157 16 -87 -3 -119 -1 -140 10 -42 23 -79 18 -125 -16 -23 -17 -49 -31 -57 -31 -8 0 -23 -7 -32 -16 -10 -9 -31 -16 -46 -16 -42 1 -103 -28 -103 -49 0 -21 22 -38 28 -21 2 7 13 12 25 11 l22 0 -21 -11 c-32 -15 -85 -130 -78 -167 5 -24 1 -37 -20 -61 -38 -46 -51 -102 -30 -141 13 -27 14 -38 4 -74 -7 -24 -9 -53 -5 -65 4 -12 1 -34 -5 -50 -15 -36 2 -95 31 -110 15 -8 19 -22 19 -58 0 -26 4 -53 9 -61 6 -9 -3 -25 -29 -51 -20 -20 -40 -50 -44 -66 -4 -15 -21 -48 -37 -72 -16 -23 -29 -53 -29 -66 0 -13 -7 -29 -15 -36 -8 -7 -15 -20 -15 -29 0 -28 -37 -124 -52 -135 -10 -8 -13 -27 -10 -61 l3 -50 -23 36 c-13 20 -34 52 -46 72 -13 21 -28 35 -33 32 -12 -8 -59 25 -59 41 0 21 -53 64 -79 64 l-24 0 27 25 c33 31 35 65 3 65 -13 0 -32 -9 -42 -20 -10 -11 -24 -20 -32 -20 -7 0 -13 -7 -13 -15 0 -8 9 -15 20 -15 11 0 20 -4 20 -10 0 -13 -36 -13 -59 -1 -18 10 -36 3 -37 -14 -1 -25 -36 -86 -58 -100 -29 -19 -46 -56 -46 -100 0 -25 -4 -35 -16 -35 -25 0 -45 -27 -42 -56 l3 -27 -192 -3 -193 -3 -25 -28 c-28 -33 -31 -55 -9 -74 13 -11 24 -10 65 5 41 14 80 17 217 16 92 -1 179 -2 193 -2 20 1 30 -8 47 -41 24 -47 17 -62 -21 -48 -42 16 -99 15 -150 -3 -53 -18 -120 -14 -191 10 -48 17 -148 18 -164 2 -15 -15 -16 -54 -2 -63 6 -4 10 -157 10 -426 0 -357 -2 -423 -15 -435 -15 -16 -13 -78 7 -141 7 -24 6 -38 -6 -55 -11 -18 -14 -60 -12 -211 1 -175 3 -190 21 -204 16 -11 49 -14 150 -13 72 1 159 -1 195 -5 46 -5 81 -2 120 9 71 20 124 39 141 52 38 28 65 35 93 25 15 -6 46 -11 70 -11 23 0 51 -7 62 -15 10 -8 29 -15 41 -15 12 0 37 -6 55 -14 69 -30 159 -38 269 -26 100 11 224 44 235 61 3 5 20 9 38 9 22 0 46 10 71 30 l37 29 213 -3 c117 -2 218 -7 224 -11 8 -4 10 -18 6 -35 -6 -27 -4 -29 32 -36 21 -3 43 -11 48 -18 24 -27 70 -36 178 -35 65 0 125 -4 142 -11 20 -8 64 -10 135 -5 85 5 111 3 135 -9 34 -18 82 -20 172 -7 50 8 69 6 94 -6 23 -11 50 -14 100 -11 48 4 74 1 86 -8 21 -15 168 -19 177 -5 4 5 25 12 49 16 53 9 87 30 87 55 0 27 -30 40 -89 40 -27 0 -53 5 -57 11 -5 8 -33 10 -91 5 -75 -6 -87 -4 -110 14 -24 18 -41 20 -199 20 -96 0 -204 5 -242 12 -51 8 -95 9 -168 1 -81 -9 -103 -8 -119 3 -14 10 -55 14 -145 15 -69 0 -120 2 -115 4 16 5 152 32 260 52 61 11 113 26 132 39 23 16 56 24 113 29 65 6 87 12 111 32 35 30 37 62 7 90 -34 29 -101 46 -218 52 l-105 6 -3 78 -3 77 301 0 301 0 13 31 c11 26 14 28 25 15 10 -12 5 -30 -28 -98 -22 -46 -49 -92 -61 -103 -55 -50 -89 -153 -69 -214 19 -59 72 -101 127 -101 44 0 91 23 151 75 51 43 58 46 94 41 44 -7 91 16 127 62 19 24 23 25 55 13 28 -10 39 -9 63 3 37 19 82 72 82 96 0 41 -24 126 -42 153 l-19 27 263 1 c145 1 277 4 293 8 40 8 38 30 -5 55 -33 20 -47 21 -300 18 -146 -2 -270 -8 -276 -13 -6 -5 -9 -20 -6 -34 3 -20 1 -24 -12 -19 -10 4 -16 15 -14 28 2 15 -2 20 -14 18 -9 -1 -32 6 -52 17 -21 12 -38 16 -41 11 -11 -18 -25 -10 -25 14 0 37 -22 72 -43 68 -21 -4 -57 24 -57 45 0 24 29 26 71 4 22 -12 45 -19 50 -16 5 4 16 -1 25 -9 8 -9 25 -16 37 -16 12 0 31 -7 41 -15 15 -12 51 -15 154 -15 133 0 172 8 172 35 0 8 3 15 6 15 17 0 91 -25 109 -37 11 -7 45 -13 75 -13 46 0 60 4 77 23 19 20 43 87 58 161 4 19 15 32 35 39 23 9 30 18 30 39 0 24 -4 28 -27 28 -25 0 -26 1 -8 20 10 11 22 17 26 14 5 -3 9 7 9 23 0 21 -8 32 -30 45 -17 9 -34 27 -39 40 -12 31 -77 66 -93 50 -7 -7 -32 -12 -57 -12 -32 0 -51 -6 -67 -21 -12 -12 -27 -18 -33 -15 -6 4 -9 39 -8 81 2 65 -1 76 -20 95 -13 11 -23 28 -23 36 0 12 -6 15 -26 10 -23 -6 -25 -4 -19 11 4 10 13 34 20 53 7 19 18 36 24 38 23 8 9 122 -15 122 -7 0 -29 14 -47 30 -26 23 -44 30 -75 30 -48 0 -57 -16 -46 -85 8 -56 -8 -60 -33 -7 -9 20 -22 40 -27 45 -8 5 -6 10 3 16 16 10 6 31 -14 31 -7 0 -15 -5 -17 -12 -3 -9 -15 -8 -49 1 -24 7 -58 15 -76 18 -18 3 -38 11 -44 19 -20 24 -90 18 -122 -11 -23 -22 -30 -24 -48 -14 -30 16 -115 6 -139 -16 -20 -18 -21 -18 -35 1 -12 16 -14 17 -15 2 0 -9 5 -18 12 -20 8 -3 7 -14 -5 -38 -16 -30 -16 -35 -1 -51 9 -11 11 -19 5 -23 -5 -4 -14 2 -20 12 -12 22 -101 46 -116 30 -7 -6 1 -19 23 -37 39 -34 40 -41 4 -41 -25 0 -62 -25 -62 -42 0 -10 79 -48 99 -48 23 0 32 -19 19 -42 -13 -26 -49 -22 -88 10 -45 37 -90 52 -155 52 -38 0 -56 5 -68 18 -26 29 -32 101 -13 165 24 83 21 148 -10 199 -47 78 -156 137 -254 137 -49 0 -133 -25 -166 -49 -11 -8 -32 -31 -47 -52 -24 -31 -28 -44 -25 -94 3 -58 4 -59 45 -82 28 -15 70 -26 121 -31 121 -12 122 -14 122 -127 0 -73 4 -101 17 -121 10 -15 13 -28 8 -30 -6 -2 -48 -17 -95 -34 -120 -43 -136 -45 -149 -21 -13 25 -55 33 -107 20 -34 -8 -47 -7 -65 6 -13 8 -42 18 -64 21 -38 7 -44 4 -92 -42 -45 -42 -52 -54 -58 -98 -3 -27 -10 -60 -16 -73 -6 -15 -5 -30 1 -42 5 -10 10 -28 10 -39 0 -24 -16 -27 -172 -36 -59 -4 -122 -10 -139 -15 -17 -5 -126 -10 -243 -11 -192 -1 -217 1 -281 21 -38 12 -95 27 -126 33 -72 15 -99 39 -99 86 0 102 58 189 145 217 27 9 57 22 65 29 15 13 55 20 193 31 75 6 79 6 106 -20 29 -27 78 -40 203 -50 l67 -5 22 37 c12 20 45 82 73 136 37 73 70 119 119 170 37 38 76 89 88 113 24 50 149 170 205 197 21 10 53 25 69 34 135 70 144 73 241 74 99 1 124 -5 235 -63 31 -16 63 -29 70 -29 24 -1 54 -33 87 -94 18 -32 45 -77 61 -100 15 -22 35 -55 44 -73 17 -33 44 -63 55 -63 4 0 13 4 21 9 12 7 12 13 3 24 -7 8 -13 27 -14 43 -2 16 -12 37 -23 46 -20 18 -20 18 -1 33 11 8 16 18 13 22 -4 4 -13 1 -19 -5 -16 -16 -28 -15 -28 2 0 7 -7 19 -15 26 -8 7 -15 25 -15 40 0 16 -7 30 -16 34 -13 5 -13 10 6 36 14 19 19 37 15 50 -6 19 -4 20 22 14 25 -7 27 -6 14 9 -7 9 -10 25 -7 34 4 10 9 51 11 93 2 41 11 98 19 125 36 114 14 297 -52 443 -13 29 -13 38 3 90 10 31 29 77 42 101 18 35 73 188 89 249 2 8 30 12 94 12 93 0 213 21 262 46 15 8 36 14 47 14 59 0 200 102 188 135 -9 22 -51 19 -73 -6z m-839 -218 c9 -16 -27 -161 -41 -161 -7 0 -46 16 -86 35 -115 54 -157 66 -253 72 -81 4 -140 -2 -186 -21 -21 -9 -55 22 -40 37 23 23 118 31 538 45 34 1 64 -2 68 -7z m-254 -146 c50 -26 67 -44 62 -65 -3 -11 1 -26 8 -34 8 -9 19 -21 24 -28 6 -7 16 -21 24 -30 11 -15 9 -24 -15 -65 -15 -27 -30 -50 -33 -53 -3 -3 -19 -24 -35 -47 -32 -48 -77 -89 -153 -139 -51 -34 -68 -57 -57 -75 10 -17 35 -9 90 26 30 19 78 51 108 70 31 20 74 38 99 41 42 6 45 5 61 -26 20 -41 20 -64 2 -79 -12 -10 -13 -31 -9 -100 5 -70 2 -95 -11 -127 -10 -21 -24 -54 -32 -72 -21 -49 -18 -74 7 -70 52 7 101 125 107 253 2 50 8 94 13 100 12 12 11 59 -2 89 -16 34 -5 68 29 93 50 37 63 34 93 -25 27 -52 50 -174 45 -237 -9 -106 -22 -174 -51 -279 -19 -65 -35 -120 -37 -121 -3 -3 -49 16 -78 33 -128 73 -203 97 -301 96 -102 -2 -165 -22 -273 -85 -55 -33 -105 -59 -112 -59 -7 0 -42 -29 -79 -65 -37 -36 -74 -65 -81 -65 -16 0 -19 16 -5 25 5 3 8 31 6 63 l-3 58 50 49 c57 55 113 138 124 181 4 16 11 34 16 40 5 7 11 35 15 64 5 47 4 52 -13 48 -13 -2 -20 -13 -22 -35 -2 -17 -10 -37 -18 -43 -8 -7 -14 -22 -14 -34 0 -25 -51 -107 -98 -160 -69 -78 -231 -87 -360 -21 -33 17 -34 17 -48 -4 -10 -13 -26 -21 -45 -21 -30 0 -33 3 -43 51 -3 14 -33 58 -67 99 l-62 73 0 126 c1 136 9 172 56 227 33 39 34 57 5 76 -20 13 -21 18 -10 42 16 36 39 33 63 -9 12 -19 27 -35 35 -35 14 0 54 38 54 52 0 4 18 19 41 33 24 16 46 40 55 61 11 27 20 34 41 34 33 0 113 38 113 53 1 34 16 39 69 21 31 -10 67 -14 91 -11 25 3 43 0 50 -8 6 -7 34 -16 63 -19 l52 -8 -33 -14 c-28 -11 -39 -12 -65 0 -51 21 -87 27 -87 16 0 -5 6 -10 14 -10 7 0 31 -25 51 -55 37 -53 38 -56 31 -121 -8 -76 -56 -194 -80 -194 -15 0 -61 23 -121 60 -37 23 -51 25 -31 4 9 -8 28 -35 42 -60 14 -24 30 -44 36 -44 5 0 6 -4 3 -10 -10 -15 -71 -12 -85 5 -23 28 -31 15 -8 -15 20 -28 27 -30 82 -30 41 0 65 -5 78 -17 21 -19 23 -39 5 -46 -7 -3 -19 -29 -25 -58 -14 -57 -36 -89 -61 -88 -32 1 -156 75 -183 110 -16 20 -35 60 -43 90 -17 62 -20 165 -5 174 6 3 10 15 10 26 0 34 -43 20 -51 -16 -4 -16 -15 -62 -24 -102 -10 -40 -18 -104 -19 -144 -1 -59 2 -73 17 -83 15 -9 22 -6 41 17 20 24 24 26 35 13 7 -8 50 -37 97 -65 65 -40 94 -51 126 -51 53 0 78 22 78 68 0 20 8 53 18 73 15 34 21 39 52 39 47 0 133 51 160 94 37 61 70 158 70 207 0 26 -8 67 -19 91 -19 44 -63 98 -79 98 -6 0 -12 7 -16 15 -4 12 0 14 22 9 15 -4 36 -13 47 -20 51 -35 89 3 75 76 -4 25 -6 49 -3 54 10 15 206 0 244 -19z m-400 -147 c52 -39 69 -77 69 -158 0 -81 -24 -137 -63 -144 -12 -3 -35 -7 -50 -11 -50 -10 -59 9 -30 63 23 42 25 58 26 160 0 61 4 112 9 112 5 0 22 -10 39 -22z m4 -348 c10 -16 -11 -36 -62 -61 -44 -21 -46 -22 -59 -4 -19 26 -17 37 4 31 11 -4 32 3 53 18 38 27 55 31 64 16z m-797 -242 c7 -7 12 -20 12 -29 0 -10 18 -39 40 -65 23 -25 39 -51 37 -57 -1 -5 -27 -19 -56 -30 -76 -29 -106 -72 -106 -151 0 -57 -3 -64 -37 -99 -40 -40 -53 -36 -43 16 12 54 73 268 95 332 12 33 24 68 27 78 6 20 15 21 31 5z m316 -249 c14 -11 26 -23 26 -27 0 -4 -19 -15 -41 -26 -44 -20 -50 -49 -11 -54 12 -2 22 -10 22 -18 0 -25 24 -15 53 21 48 60 110 44 145 -37 6 -15 25 -37 41 -49 17 -13 31 -29 31 -36 0 -23 -64 -102 -87 -109 -13 -3 -37 -1 -54 5 -44 15 -76 14 -83 -4 -3 -8 -17 -15 -30 -15 -33 0 -46 42 -22 69 16 17 22 62 10 74 -3 3 -15 0 -26 -6 -17 -10 -23 -7 -48 23 -16 19 -32 53 -36 75 -3 22 -15 53 -26 68 -30 43 -8 60 83 66 15 0 38 -8 53 -20z m-248 -18 c14 -28 7 -58 -9 -42 -18 18 -47 13 -47 -8 0 -23 -30 -37 -41 -19 -11 17 -2 44 24 73 27 29 58 28 73 -4z m-576 -63 l19 -32 -23 -30 c-35 -46 -54 -55 -72 -32 -19 27 -18 85 3 108 24 27 51 22 73 -14z m650 -4 c0 -16 -16 -19 -25 -4 -8 13 4 32 16 25 5 -4 9 -13 9 -21z m-10 -80 c67 -43 91 -75 101 -128 4 -23 16 -63 26 -91 17 -44 22 -50 51 -53 37 -4 47 -20 38 -57 -4 -17 -13 -25 -29 -25 -12 0 -40 -11 -62 -25 -22 -13 -52 -25 -68 -25 -37 0 -67 49 -67 110 0 46 -13 70 -37 70 -10 0 -13 -11 -11 -37 4 -46 -16 -54 -55 -23 -36 29 -35 64 3 97 17 13 30 29 30 34 0 15 -27 10 -34 -6 -7 -19 -56 -20 -56 -1 0 14 66 65 103 79 17 6 25 47 8 47 -5 0 -25 -7 -45 -15 -58 -24 -71 -5 -36 53 27 44 67 43 140 -4z m-513 -16 c41 -46 45 -64 27 -123 -15 -47 -16 -60 -4 -95 12 -36 11 -42 -4 -59 -15 -16 -22 -18 -42 -9 -18 9 -38 6 -93 -12 -67 -21 -72 -22 -96 -6 -38 25 -41 44 -13 74 14 15 28 35 31 45 7 20 46 23 51 5 15 -49 16 -51 31 -38 9 7 13 21 10 30 -4 12 5 25 29 41 37 25 64 64 53 76 -4 3 -16 -2 -27 -12 -11 -10 -36 -18 -57 -19 -34 -1 -38 2 -41 27 -3 22 5 36 34 62 44 41 81 45 111 13z m-226 -20 c16 -18 29 -37 29 -43 0 -5 3 -20 6 -31 4 -15 0 -23 -12 -28 -27 -10 -84 50 -84 89 0 55 18 59 61 13z m1797 4 c4 -23 -12 -28 -37 -13 -12 8 -13 12 -1 26 17 20 34 14 38 -13z m145 -26 c3 -7 0 -22 -7 -32 -21 -30 -29 -83 -16 -99 7 -8 28 -15 46 -15 47 0 43 -20 -11 -52 -52 -32 -56 -51 -19 -89 l26 -28 -19 -28 c-11 -15 -24 -39 -28 -52 l-8 -25 -18 23 c-15 18 -19 40 -19 100 0 82 -20 137 -56 156 -57 31 -60 34 -41 45 25 16 21 37 -10 45 l-28 7 35 14 c32 14 35 14 51 -8 16 -21 19 -21 45 -8 14 8 33 25 42 37 16 26 28 29 35 9z m-1406 -58 c-7 -58 -16 -72 -40 -62 -22 8 -21 26 3 74 29 57 44 52 37 -12z m-575 -42 c41 -36 40 -46 -5 -46 -34 0 -67 25 -67 50 0 40 24 39 72 -4z m1105 -50 c2 -2 -12 -29 -30 -60 -36 -59 -47 -58 -47 5 0 16 -4 29 -10 29 -5 0 -10 10 -10 21 0 20 4 21 47 15 25 -3 48 -8 50 -10z m-732 -4 c26 -18 55 -67 55 -91 -1 -66 -79 -171 -127 -171 -31 0 -143 60 -143 76 0 9 14 13 48 11 78 -3 136 54 135 135 -1 47 8 58 32 40z m139 -43 c14 -11 26 -27 26 -35 0 -20 -80 -114 -97 -114 -18 0 -17 7 7 37 14 19 20 41 20 79 0 30 4 54 9 54 4 0 20 -9 35 -21z m2096 -34 c8 -9 27 -14 49 -13 67 4 121 -2 121 -13 0 -6 -14 -25 -31 -42 -17 -17 -43 -57 -56 -89 -14 -32 -29 -58 -34 -58 -15 0 -29 38 -29 78 0 35 -3 40 -31 48 -45 13 -75 55 -60 83 14 25 53 28 71 6z m305 -5 c33 -15 36 -19 17 -19 -13 -1 -35 8 -49 19 -31 24 -21 24 32 0z m-2267 -35 c13 -13 35 -25 50 -27 16 -2 28 -10 30 -21 4 -17 -2 -18 -80 -11 -45 3 -84 8 -86 9 -5 4 30 58 43 67 15 11 18 10 43 -17z m2258 -90 c13 -8 32 -32 43 -53 20 -41 44 -159 35 -174 -8 -13 -83 -2 -132 19 -20 8 -54 29 -76 46 -37 29 -38 32 -32 76 8 59 35 109 61 113 26 5 71 -7 101 -27z m123 6 c29 -31 65 -135 59 -173 -2 -12 -11 -24 -20 -26 -15 -3 -18 4 -18 37 0 27 -12 64 -40 116 -31 58 -36 75 -24 75 9 0 28 -13 43 -29z m-859 -187 c6 -100 37 -148 59 -91 5 12 18 30 29 40 19 18 20 17 26 -37 10 -73 27 -82 55 -28 6 12 15 22 20 22 15 0 21 -59 9 -85 -18 -39 4 -53 112 -70 151 -24 274 -51 305 -66 23 -11 114 -36 163 -45 35 -7 34 -9 36 70 1 45 3 50 29 57 53 14 76 -14 29 -36 -14 -6 -22 -19 -22 -33 0 -22 3 -24 43 -19 23 3 54 8 70 12 25 7 27 5 27 -24 0 -26 4 -31 24 -31 14 0 31 7 40 15 28 29 66 11 66 -31 0 -23 -21 -37 -43 -28 -7 2 -28 -11 -45 -31 -39 -42 -54 -44 -50 -7 3 23 -1 27 -24 30 -20 2 -28 -1 -28 -12 0 -33 -29 -47 -83 -40 -29 4 -63 12 -77 19 -14 7 -41 16 -60 20 -19 4 -55 17 -80 29 -25 12 -63 27 -85 34 -205 59 -282 75 -335 70 -30 -3 -35 -7 -38 -31 -5 -39 14 -57 59 -57 30 0 44 -6 62 -27 12 -14 30 -33 40 -42 25 -22 21 -34 -15 -53 -42 -22 -194 -33 -320 -24 l-94 8 -49 46 c-35 32 -45 47 -35 50 60 19 63 22 48 40 -8 9 -18 25 -21 35 -4 9 -14 17 -23 17 -29 0 -87 -23 -122 -48 -17 -12 -56 -28 -86 -34 -78 -17 -86 -7 -86 98 0 62 -4 87 -16 98 -21 22 -47 20 -70 -5 -27 -31 -99 -59 -150 -59 -24 0 -44 2 -44 5 0 3 9 14 20 25 39 39 13 61 -49 40 -29 -9 -43 -10 -60 -1 -32 18 -25 28 17 27 31 -1 37 2 40 22 2 12 -1 22 -7 22 -21 0 -41 33 -41 66 0 54 15 74 56 74 31 0 37 -4 50 -35 11 -27 20 -35 39 -35 14 0 29 8 35 20 13 25 81 28 100 5 16 -19 63 -19 108 1 21 9 52 22 70 30 18 8 50 14 71 14 l39 0 -19 -52 c-10 -29 -19 -60 -19 -70 0 -9 -20 -40 -45 -69 -25 -29 -45 -56 -45 -61 0 -15 40 -48 59 -48 11 0 26 7 34 15 8 7 26 17 41 21 14 3 29 10 32 15 3 5 16 9 29 9 13 0 41 12 63 26 l39 26 -20 37 c-12 21 -30 42 -41 47 -26 11 -34 44 -12 44 9 0 16 -4 16 -8 0 -14 92 -73 109 -70 17 4 18 32 5 171 -5 53 -4 59 13 55 15 -3 19 -16 23 -84z m330 66 c-6 -11 -13 -20 -15 -20 -3 0 -5 9 -5 20 0 11 7 20 15 20 13 0 14 -4 5 -20z m178 -49 c2 -25 10 -54 18 -65 8 -11 14 -27 14 -35 0 -23 71 -102 105 -117 18 -7 48 -10 72 -7 49 6 60 -6 32 -36 -23 -24 -40 -23 -132 6 -58 18 -96 64 -108 130 -11 56 -24 73 -56 73 -23 0 -25 -3 -18 -27 3 -16 9 -43 12 -62 3 -18 11 -45 19 -59 14 -28 10 -47 -9 -35 -6 4 -27 9 -47 13 -29 4 -36 10 -40 35 -5 27 -9 30 -48 33 -41 3 -42 4 -42 38 0 44 28 46 60 4 15 -20 31 -30 44 -28 29 4 30 22 1 56 -30 36 -32 77 -4 106 16 17 32 22 73 21 l51 0 3 -44z m517 19 c17 -19 17 -20 -10 -30 -38 -15 -55 2 -30 30 22 24 18 24 40 0z m-417 -66 c31 -29 123 -84 140 -84 41 -1 44 -17 7 -39 -71 -42 -141 -17 -168 59 -27 76 -19 100 21 64z m455 -23 c-6 -3 -15 -15 -21 -26 -10 -19 -11 -19 -18 -2 -4 12 1 26 17 43 21 22 24 23 27 9 2 -10 0 -20 -5 -24z m-144 -78 c-6 -6 -17 -9 -25 -6 -13 5 -12 8 2 24 13 15 19 16 25 7 4 -7 3 -18 -2 -25z m435 -29 c19 -18 19 -20 6 -45 -6 -10 -19 -19 -29 -19 -14 0 -17 7 -15 38 1 20 2 38 3 40 3 7 22 0 35 -14z m-263 -15 c9 -17 8 -25 -4 -36 -21 -22 -34 -9 -29 27 5 35 17 38 33 9z m166 6 c6 -16 -19 -50 -49 -66 -15 -8 -16 -6 -7 23 6 18 12 39 15 46 5 17 33 15 41 -3z m-268 -18 c8 -10 7 -19 -3 -32 -12 -16 -16 -17 -30 -6 -19 16 -21 37 -3 44 20 9 24 8 36 -6z m270 -91 c7 -8 23 -17 36 -20 16 -4 25 -14 25 -26 0 -10 5 -22 10 -25 18 -11 11 -59 -13 -88 -14 -18 -33 -28 -52 -30 -26 -2 -30 2 -33 26 -4 31 -5 31 -32 15 -25 -16 -27 -12 -22 45 4 49 18 64 24 25 2 -19 10 -24 46 -26 54 -4 56 17 7 64 -19 18 -35 37 -35 43 0 16 25 13 39 -3z m-3223 -4 c-5 -8 -76 -4 -76 4 0 2 18 4 41 4 22 0 38 -4 35 -8z m-3 -71 c15 -15 16 -186 2 -199 -5 -5 -36 -12 -67 -15 -66 -6 -82 10 -49 53 20 28 19 72 -4 100 -21 26 -23 44 -6 64 13 14 26 17 64 13 27 -2 54 -10 60 -16z m132 -11 c9 -14 -4 -52 -16 -45 -12 8 -12 55 0 55 6 0 13 -5 16 -10z m118 -15 c29 -9 63 -24 76 -34 22 -17 23 -22 22 -142 -2 -156 -9 -259 -21 -328 -6 -30 -10 -76 -10 -102 0 -37 -4 -49 -18 -53 -18 -6 -127 28 -149 46 -13 11 -18 113 -7 142 3 9 12 16 20 16 8 0 14 5 14 10 0 6 -4 10 -10 10 -21 0 -29 36 -14 65 16 32 16 31 14 223 0 78 2 147 5 152 8 13 18 13 78 -5z m1186 -60 c27 -53 33 -58 91 -65 l44 -5 -2 -100 c-4 -187 -15 -320 -26 -327 -6 -4 -29 -8 -51 -8 -22 0 -60 -5 -85 -11 -25 -6 -92 -17 -150 -24 -58 -7 -159 -22 -225 -33 -66 -11 -151 -25 -190 -32 -77 -12 -264 -31 -335 -34 -42 -1 -45 0 -42 24 1 14 5 154 8 312 l7 287 39 15 c21 9 59 16 84 16 41 0 45 -2 39 -20 -8 -24 20 -39 38 -21 20 20 57 13 67 -14 7 -18 17 -25 37 -25 17 0 33 -8 41 -20 10 -17 23 -20 77 -20 54 0 66 3 75 20 8 15 23 20 73 22 57 3 62 5 65 27 4 23 6 23 75 18 96 -6 141 15 105 51 -9 9 2 12 53 12 l65 0 23 -45z m-1005 -148 c-4 -78 -8 -160 -10 -182 -2 -22 -7 -102 -11 -177 -5 -76 -13 -142 -19 -148 -14 -14 -55 -14 -124 -2 l-55 10 56 1 c88 2 88 2 110 202 11 95 23 199 28 229 5 30 10 92 10 138 1 52 5 81 11 77 6 -4 8 -58 4 -148z m1266 97 c0 -8 4 -14 9 -14 5 0 12 -9 16 -20 4 -12 19 -22 43 -26 49 -9 106 -33 98 -42 -4 -3 -51 -6 -106 -7 l-100 -1 6 55 c3 31 8 62 10 69 5 17 24 6 24 -14z m775 -70 c19 -13 25 -25 25 -54 0 -38 -31 -90 -53 -90 -26 0 -117 -101 -117 -130 0 -27 23 -25 57 5 38 34 36 32 135 98 78 51 90 56 108 45 38 -24 11 -97 -31 -84 -11 3 -27 9 -38 12 -23 7 -35 -30 -15 -47 34 -28 13 -48 -74 -69 -30 -7 -56 -19 -59 -26 -3 -8 -11 -14 -18 -14 -18 0 -87 -79 -80 -90 11 -17 41 -11 69 15 15 14 32 25 38 25 18 0 -85 -91 -126 -111 -51 -24 -63 -24 -77 3 -22 41 -5 122 40 188 23 33 41 64 41 68 0 5 14 28 30 50 17 23 37 61 44 84 13 36 13 45 0 69 -19 37 -19 37 19 53 43 19 53 19 82 0z m-2465 -49 c0 -16 -28 -19 -69 -8 -23 6 -23 7 -5 14 34 13 74 10 74 -6z m2246 -1 c17 -14 17 -15 1 -10 -10 3 -28 6 -40 6 -18 0 -19 2 -7 10 20 13 23 13 46 -6z m-2254 -82 c25 -25 31 -323 7 -338 -11 -6 -61 20 -79 40 -9 12 -16 13 -26 6 -27 -24 -144 31 -144 67 0 13 16 17 58 13 44 -3 53 16 51 112 -1 49 2 93 7 98 20 19 108 20 126 2z m2733 -102 c0 -29 -52 -55 -76 -38 -12 8 -12 10 1 15 8 3 23 17 35 29 24 28 40 26 40 -6z m10 -100 c-17 -19 -45 -27 -45 -14 0 11 34 33 49 34 11 0 10 -5 -4 -20z m-147 -26 c-2 -11 -16 -25 -32 -33 -24 -11 -35 -11 -70 0 l-41 13 49 6 c36 5 54 13 64 29 17 25 36 15 30 -15z m-2997 16 c10 -6 19 -17 19 -24 0 -8 7 -19 15 -26 8 -7 15 -16 15 -21 0 -11 -67 -29 -107 -29 -39 0 -42 14 -13 70 21 41 37 48 71 30z m513 -103 c9 -23 24 -37 47 -45 l34 -12 -44 4 c-54 5 -74 24 -65 59 8 35 11 34 28 -6z m91 -142 c22 -8 54 -15 70 -15 17 0 37 -5 45 -10 20 -13 -63 -13 -104 0 -17 5 -44 12 -59 15 -15 3 -25 10 -22 15 8 13 22 12 70 -5z m263 -32 c-10 -2 -26 -2 -35 0 -10 3 -2 5 17 5 19 0 27 -2 18 -5z"
       id="path3669" />
    <path
       d="M6530 3112 c-19 -9 -45 -32 -57 -50 -33 -49 -65 -160 -61 -211 3 -48 22 -65 33 -32 3 12 13 21 21 21 12 0 13 6 7 23 -23 63 13 162 77 216 60 51 50 68 -20 33z"
       id="path3671" />
    <path
       d="M6442 2759 c1 -12 9 -24 16 -27 9 -3 13 3 10 19 -1 12 -9 24 -16 27 -9 3 -13 -3 -10 -19z"
       id="path3673" />
    <path
       d="M6976 2634 c-10 -27 -7 -34 19 -34 20 0 25 5 25 25 0 29 -34 36 -44 9z"
       id="path3675" />
    <path
       d="M6274 2439 c-3 -6 -1 -15 6 -19 17 -11 50 0 50 16 0 17 -46 19 -56 3z"
       id="path3677" />
    <path
       d="M6781 871 c-9 -15 -7 -23 5 -36 25 -25 49 -15 49 20 0 23 -5 31 -22 33 -14 2 -26 -4 -32 -17z"
       id="path3679" />
    <path
       d="M6914 815 c-8 -21 3 -45 20 -45 16 0 31 34 21 50 -9 15 -35 12 -41 -5z"
       id="path3681" />
    <path
       d="M6633 803 c-15 -6 -17 -39 -3 -48 13 -8 50 13 50 29 0 11 -25 29 -33 25 -1 0 -8 -3 -14 -6z"
       id="path3683" />
    <path
       d="M6197 704 c-13 -13 -7 -24 14 -24 11 0 19 5 17 12 -5 14 -22 21 -31 12z"
       id="path3685" />
    <path
       d="M6300 665 c0 -10 7 -15 18 -13 21 4 19 22 -2 26 -10 2 -16 -3 -16 -13z"
       id="path3687" />
    <path
       d="M6470 626 c0 -23 16 -36 46 -36 9 0 14 11 14 30 0 27 -3 30 -30 30 -25 0 -30 -4 -30 -24z"
       id="path3689" />
    <path
       d="M6230 576 c0 -32 18 -43 37 -23 20 20 10 47 -17 47 -15 0 -20 -7 -20 -24z"
       id="path3691" />
    <path
       d="M4834 2296 c-5 -13 -3 -21 4 -24 16 -5 15 -29 0 -35 -10 -4 -10 -7 0 -18 10 -11 12 -10 12 4 0 10 8 17 20 17 24 0 27 18 4 27 -9 3 -19 15 -24 27 -8 20 -8 20 -16 2z"
       id="path3693" />
    <path
       d="M5010 2301 c0 -5 4 -21 10 -35 11 -30 40 -35 40 -7 0 11 6 21 13 24 7 2 8 8 3 13 -5 5 -11 4 -13 -3 -6 -18 -33 -16 -33 2 0 8 -4 15 -10 15 -5 0 -10 -4 -10 -9z"
       id="path3695" />
    <path
       d="M5410 2290 c0 -5 7 -10 15 -10 8 0 15 5 15 10 0 6 -7 10 -15 10 -8 0 -15 -4 -15 -10z"
       id="path3697" />
    <path
       d="M7723 2280 c-25 -10 -31 -40 -8 -40 7 0 18 -8 24 -17 8 -14 12 -15 22 -6 10 10 9 16 -2 29 -11 13 -11 18 -1 21 6 3 12 9 12 14 0 11 -18 11 -47 -1z"
       id="path3699" />
    <path
       d="M4905 2259 c-10 -15 1 -23 20 -15 9 3 13 10 10 16 -8 13 -22 13 -30 -1z"
       id="path3701" />
    <path
       d="M8570 2255 c0 -9 5 -15 11 -13 6 2 11 8 11 13 0 5 -5 11 -11 13 -6 2 -11 -4 -11 -13z"
       id="path3703" />
    <path
       d="M5646 2234 c-12 -17 -15 -29 -8 -36 6 -6 15 1 26 23 18 37 19 39 9 39 -5 0 -16 -12 -27 -26z"
       id="path3705" />
    <path
       d="M7827 2234 c-8 -8 1 -24 14 -24 5 0 9 7 9 15 0 15 -12 20 -23 9z"
       id="path3707" />
    <path
       d="M8192 2213 c-19 -20 -21 -27 -10 -34 9 -6 16 -2 22 11 5 11 15 20 23 20 8 0 13 5 11 12 -7 20 -22 17 -46 -9z"
       id="path3709" />
    <path
       d="M5760 2220 c0 -5 7 -10 15 -10 8 0 15 5 15 10 0 6 -7 10 -15 10 -8 0 -15 -4 -15 -10z"
       id="path3711" />
    <path
       d="M8840 2216 c0 -8 5 -18 10 -21 6 -3 10 3 10 14 0 12 -4 21 -10 21 -5 0 -10 -6 -10 -14z"
       id="path3713" />
    <path
       d="M5021 2174 c-22 -37 -26 -54 -13 -54 10 0 52 56 52 69 0 25 -20 18 -39 -15z"
       id="path3715" />
    <path
       d="M8336 2184 c-9 -22 -8 -24 9 -24 8 0 15 6 15 14 0 22 -17 28 -24 10z"
       id="path3717" />
    <path
       d="M7726 2148 c-14 -19 -16 -19 -22 -5 -8 21 -34 22 -34 2 0 -8 5 -15 11 -15 7 0 17 -7 24 -16 11 -15 14 -15 43 0 35 18 38 26 20 44 -17 17 -25 15 -42 -10z"
       id="path3719" />
    <path
       d="M5120 2140 c0 -11 6 -20 14 -20 8 0 17 -7 20 -16 3 -8 11 -12 17 -8 9 5 8 10 -3 18 -8 6 -17 19 -21 29 -9 23 -27 22 -27 -3z"
       id="path3721" />
    <path
       d="M7827 2154 c-13 -13 -7 -24 14 -24 11 0 19 5 17 12 -5 14 -22 21 -31 12z"
       id="path3723" />
    <path
       d="M8844 2136 c-3 -9 -14 -16 -23 -16 -9 0 -23 -6 -29 -12 -10 -10 -17 -10 -33 0 -20 13 -39 9 -39 -9 0 -5 7 -9 15 -9 9 0 18 -7 21 -15 4 -8 12 -15 20 -15 20 0 97 77 85 85 -6 3 -14 -1 -17 -9z"
       id="path3725" />
    <path
       d="M5030 2105 c0 -8 5 -15 10 -15 6 0 10 7 10 15 0 8 -4 15 -10 15 -5 0 -10 -7 -10 -15z"
       id="path3727" />
    <path
       d="M5220 2106 c0 -8 7 -16 15 -20 8 -3 15 -13 15 -21 0 -9 5 -13 10 -10 14 9 12 34 -4 51 -18 18 -36 18 -36 0z"
       id="path3729" />
    <path
       d="M5720 2105 c0 -8 7 -15 15 -15 8 0 15 7 15 15 0 8 -7 15 -15 15 -8 0 -15 -7 -15 -15z"
       id="path3731" />
    <path
       d="M7940 2110 c0 -5 7 -10 15 -10 8 0 15 5 15 10 0 6 -7 10 -15 10 -8 0 -15 -4 -15 -10z"
       id="path3733" />
    <path
       d="M8330 2105 c0 -8 7 -15 15 -15 8 0 15 7 15 15 0 8 -7 15 -15 15 -8 0 -15 -7 -15 -15z"
       id="path3735" />
    <path
       d="M8634 2105 c-4 -8 -12 -15 -20 -15 -8 0 -14 -9 -14 -20 0 -13 7 -20 20 -20 12 0 20 7 20 16 0 13 7 15 31 10 29 -5 30 -5 18 12 -28 35 -46 41 -55 17z"
       id="path3737" />
    <path
       d="M6912 2032 c-26 -54 -41 -152 -24 -152 16 0 32 34 32 68 0 16 7 43 15 58 8 16 15 37 15 46 0 34 -17 25 -38 -20z"
       id="path3739" />
    <path
       d="M5026 2027 c8 -28 11 -30 23 -23 13 8 4 33 -15 40 -12 5 -14 1 -8 -17z"
       id="path3741" />
    <path
       d="M8340 2029 c0 -11 5 -17 10 -14 6 3 10 13 10 21 0 8 -4 14 -10 14 -5 0 -10 -9 -10 -21z"
       id="path3743" />
    <path
       d="M4840 2005 c-10 -19 -11 -28 -3 -36 9 -9 8 -17 0 -30 -9 -14 -9 -21 1 -31 9 -9 12 -8 12 9 0 11 7 24 16 27 15 6 15 8 -1 26 -16 18 -16 20 -1 26 19 7 22 34 3 34 -8 0 -20 -11 -27 -25z"
       id="path3745" />
    <path
       d="M4984 2008 c3 -13 6 -32 6 -43 0 -11 4 -27 10 -35 7 -12 12 -12 34 0 14 7 26 19 26 26 0 6 7 15 16 18 8 3 12 11 8 17 -5 9 -11 7 -19 -4 -18 -25 -32 -21 -52 13 -20 35 -38 40 -29 8z"
       id="path3747" />
    <path
       d="M6765 1998 c-17 -33 -45 -122 -45 -145 0 -7 9 -13 20 -13 13 0 21 9 25 28 3 15 14 54 25 87 24 72 24 75 6 75 -8 0 -22 -15 -31 -32z"
       id="path3749" />
    <path
       d="M7790 2020 c0 -5 7 -10 15 -10 8 0 15 5 15 10 0 6 -7 10 -15 10 -8 0 -15 -4 -15 -10z"
       id="path3751" />
    <path
       d="M7888 1972 c-33 -20 -36 -32 -7 -32 20 0 48 25 49 43 0 10 -11 7 -42 -11z"
       id="path3753" />
    <path
       d="M8790 1956 c0 -11 9 -16 26 -16 31 0 28 23 -4 28 -15 2 -22 -2 -22 -12z"
       id="path3755" />
    <path
       d="M5138 1946 c-10 -7 -18 -16 -18 -20 0 -11 28 -6 33 7 3 8 9 6 19 -7 8 -10 20 -16 26 -12 19 11 14 26 -8 26 -11 0 -20 5 -20 10 0 13 -11 12 -32 -4z"
       id="path3757" />
    <path
       d="M7940 1945 c0 -8 5 -15 10 -15 6 0 10 7 10 15 0 8 -4 15 -10 15 -5 0 -10 -7 -10 -15z"
       id="path3759" />
    <path
       d="M8330 1950 c0 -5 7 -10 15 -10 8 0 15 5 15 10 0 6 -7 10 -15 10 -8 0 -15 -4 -15 -10z"
       id="path3761" />
    <path
       d="M8380 1922 c0 -10 22 -32 32 -32 15 0 8 28 -8 34 -21 8 -24 8 -24 -2z"
       id="path3763" />
    <path
       d="M8727 1904 c-8 -8 1 -24 14 -24 5 0 9 7 9 15 0 15 -12 20 -23 9z"
       id="path3765" />
    <path
       d="M8685 1830 c-3 -11 -11 -20 -16 -20 -6 0 -7 -5 -4 -10 4 -6 12 -5 20 4 8 8 20 16 27 18 6 2 8 10 4 16 -11 18 -24 15 -31 -8z"
       id="path3767" />
    <path
       d="M6783 1763 c-12 -2 -27 -11 -33 -19 -7 -8 -18 -14 -24 -14 -34 0 -226 -227 -226 -268 0 -2 12 -2 28 0 16 2 31 12 37 25 13 31 45 41 164 48 107 6 156 19 180 48 8 11 28 17 52 17 32 0 39 -4 39 -19 0 -36 11 -53 26 -40 44 37 -33 189 -110 219 -27 10 -90 11 -133 3z m81 -39 c23 -9 20 -31 -8 -49 -57 -38 -196 -72 -196 -48 0 12 64 64 87 69 13 4 23 10 23 14 0 5 15 11 33 13 17 2 35 5 39 5 3 1 13 -1 22 -4z"
       id="path3769" />
    <path
       d="M8821 1721 c-17 -11 -5 -32 14 -25 18 7 28 34 12 34 -7 0 -18 -4 -26 -9z"
       id="path3771" />
    <path
       d="M8677 1673 c-14 -13 -6 -33 13 -33 13 0 20 7 20 20 0 19 -20 27 -33 13z"
       id="path3773" />
    <path
       d="M8825 1460 c-16 -18 -16 -20 -1 -26 23 -9 48 3 44 23 -5 24 -22 26 -43 3z"
       id="path3775" />
    <path
       d="M5727 1463 c-4 -3 -7 -12 -7 -20 0 -15 26 -18 34 -4 7 11 -18 33 -27 24z"
       id="path3777" />
    <path
       d="M5995 1454 c-9 -9 -14 -23 -11 -31 3 -8 6 -17 6 -19 0 -2 11 -4 24 -4 28 0 37 16 25 48 -10 26 -22 28 -44 6z"
       id="path3779" />
    <path
       d="M6173 1343 c-20 -7 -15 -31 7 -38 26 -8 60 3 60 20 0 20 -37 31 -67 18z"
       id="path3781" />
    <path
       d="M6075 1301 c-9 -28 5 -51 30 -51 33 0 39 15 19 45 -19 30 -40 32 -49 6z"
       id="path3783" />
    <path
       d="M4712 1287 c6 -30 -13 -52 -37 -43 -8 3 -15 17 -15 31 0 14 -5 25 -10 25 -19 0 -21 -27 -5 -66 13 -31 13 -44 4 -66 -6 -15 -8 -39 -5 -53 6 -23 11 -26 44 -23 30 2 38 7 40 26 2 14 -4 29 -15 38 -17 13 -17 15 -2 27 19 14 24 113 6 124 -6 4 -8 -4 -5 -20z"
       id="path3785" />
    <path
       d="M6022 1299 c2 -6 8 -10 13 -10 5 0 11 4 13 10 2 6 -4 11 -13 11 -9 0 -15 -5 -13 -11z"
       id="path3787" />
    <path
       d="M4651 961 c-22 -17 -22 -19 -8 -47 9 -18 12 -37 7 -50 -10 -26 2 -94 13 -76 5 6 21 12 36 12 26 0 28 2 28 45 0 42 -3 46 -31 53 l-30 8 35 14 c45 18 45 17 24 40 -22 25 -43 25 -74 1z"
       id="path3789" />
    <path
       d="M4662 754 c-26 -18 -29 -42 -6 -51 15 -6 15 -8 -2 -20 -15 -11 -16 -17 -6 -33 6 -10 9 -26 6 -35 -5 -12 2 -15 30 -15 35 0 47 12 26 25 -15 10 -12 52 5 59 10 3 15 19 15 46 0 35 -3 40 -23 40 -12 0 -33 -7 -45 -16z"
       id="path3791" />
    <path
       d="M4658 539 c-10 -5 -18 -17 -18 -26 0 -12 7 -14 31 -9 17 3 35 6 40 6 5 0 9 9 9 20 0 22 -32 27 -62 9z"
       id="path3793" />
    <path
       d="M4653 458 c-6 -7 -10 -38 -9 -68 l1 -55 40 0 c34 0 40 3 43 23 2 12 -1 22 -7 22 -14 0 -14 33 0 47 7 7 9 19 6 27 -8 19 -60 21 -74 4z"
       id="path3795" />
    <path
       d="M4644 176 c-3 -8 -4 -27 -2 -43 2 -23 8 -29 34 -31 37 -4 57 16 52 55 -3 24 -8 28 -41 31 -26 2 -39 -1 -43 -12z m56 -22 c0 -8 -7 -14 -15 -14 -15 0 -21 21 -9 33 10 9 24 -2 24 -19z"
       id="path3797" />
  </g>
  <text
     xml:space="preserve"
     style="font-size:21.64419174px;font-style:normal;font-variant:normal;font-weight:normal;font-stretch:normal;text-align:start;line-height:125%;letter-spacing:0px;word-spacing:0px;text-anchor:start;fill:#000000;fill-opacity:1;stroke:none;font-family:Comic Sans MS;-inkscape-font-specification:Comic Sans MS"
     x="328.98083"
     y="68.119537"
     id="text4403"
     sodipodi:linespacing="125%"><tspan
       sodipodi:role="line"
       id="tspan4405"
       x="328.98083"
       y="68.119537"
       style="text-align:center;text-anchor:middle">AQUEL RATO</tspan><tspan
       sodipodi:role="line"
       x="328.98083"
       y="95.174782"
       id="tspan4407"
       style="text-align:center;text-anchor:middle">ROUBOU UM</tspan><tspan
       sodipodi:role="line"
       x="328.98083"
       y="122.23002"
       id="tspan4409"
       style="text-align:center;text-anchor:middle">BISCOITO</tspan></text>
  <text
     xml:space="preserve"
     style="font-size:24.69586372px;font-style:normal;font-variant:normal;font-weight:normal;font-stretch:normal;text-align:start;line-height:125%;letter-spacing:0px;word-spacing:0px;text-anchor:start;fill:#000000;fill-opacity:1;stroke:none;font-family:Comic Sans MS;-inkscape-font-specification:Comic Sans MS"
     x="506.39954"
     y="60.874035"
     id="text4411"
     sodipodi:linespacing="125%"><tspan
       sodipodi:role="line"
       x="506.39954"
       y="60.874035"
       id="tspan4415">V PEG-LO GARFIELD!</tspan></text>
</svg>
