<?xml version="1.0" standalone="no"?>
<!DOCTYPE svg PUBLIC "-//W3C//DTD SVG 20010904//EN"
 "http://www.w3.org/TR/2001/REC-SVG-20010904/DTD/svg10.dtd">
<svg version="1.0" xmlns="http://www.w3.org/2000/svg"
 width="900.000000pt" height="330.000000pt" viewBox="0 0 900.000000 330.000000"
 preserveAspectRatio="xMidYMid meet">
<metadata>
Created by potrace 1.10, written by Peter Selinger 2001-2011
</metadata>
<g transform="translate(0.000000,330.000000) scale(0.100000,-0.100000)"
fill="#000000" stroke="none">
<path d="M3764 3180 c-28 -4 -66 -12 -85 -19 -19 -6 -72 -15 -119 -21 -168
-20 -220 -29 -244 -45 -13 -9 -51 -20 -83 -25 -32 -5 -85 -14 -118 -19 -33 -6
-79 -11 -102 -11 -32 0 -46 -5 -57 -22 -16 -23 -97 -39 -288 -57 -54 -6 -110
-16 -125 -25 -16 -8 -57 -20 -93 -26 -36 -7 -71 -17 -78 -22 -7 -6 -43 -14
-80 -18 -88 -10 -233 -39 -252 -51 -33 -20 -60 -28 -114 -32 -31 -3 -65 -11
-74 -19 -11 -9 -73 -21 -172 -32 -119 -13 -161 -21 -182 -36 -15 -11 -46 -22
-70 -26 -24 -4 -51 -13 -60 -22 -10 -8 -46 -17 -87 -20 -51 -3 -75 -10 -87
-23 -9 -11 -29 -19 -44 -19 -15 0 -39 -9 -53 -20 -14 -11 -40 -23 -59 -26 -18
-3 -46 -12 -63 -19 -43 -18 -96 -36 -125 -42 -14 -3 -46 -23 -71 -44 -26 -21
-59 -41 -75 -45 -16 -4 -42 -23 -58 -42 -16 -19 -44 -41 -63 -48 -18 -8 -33
-18 -33 -23 0 -5 -20 -19 -45 -31 -32 -15 -52 -34 -65 -60 -11 -21 -29 -41
-40 -45 -12 -4 -20 -15 -20 -29 0 -12 -11 -33 -25 -46 -13 -12 -29 -38 -35
-56 -7 -22 -18 -34 -33 -36 -12 -2 -23 -12 -25 -23 -2 -11 -10 -27 -17 -35 -7
-8 -15 -27 -19 -42 -3 -16 -13 -28 -21 -28 -16 0 -65 -91 -65 -120 0 -11 -11
-39 -25 -64 -22 -40 -25 -57 -25 -149 0 -98 1 -105 25 -127 14 -13 25 -33 25
-46 0 -12 7 -27 15 -34 8 -7 15 -22 15 -34 0 -12 12 -33 28 -48 15 -14 37 -40
50 -57 13 -17 31 -31 40 -31 20 0 76 -60 116 -125 28 -46 29 -51 28 -174 0
-70 -5 -147 -12 -171 -18 -67 0 -170 34 -192 6 -4 21 -8 33 -8 13 0 28 -9 35
-21 18 -29 79 -58 135 -66 27 -3 66 -14 88 -24 23 -10 73 -19 121 -21 62 -4
87 -9 110 -26 28 -21 41 -22 424 -27 217 -4 548 -2 735 2 299 8 345 11 378 27
21 11 50 19 65 19 48 0 5676 -3 5704 -3 16 0 42 12 60 28 18 16 54 39 81 51
26 13 47 29 47 37 0 8 14 20 30 26 18 6 32 19 36 33 3 13 12 26 20 29 8 3 14
15 14 26 0 13 10 24 26 30 25 10 63 47 64 63 0 5 14 25 30 46 17 21 42 71 56
112 15 41 34 83 44 94 10 11 20 34 22 50 2 19 11 33 25 40 18 8 23 21 30 88 8
79 12 88 54 101 14 4 17 28 20 173 8 392 4 720 -9 735 -7 9 -10 23 -6 32 5 12
0 16 -19 16 -28 0 -37 16 -37 65 0 19 -7 40 -15 47 -58 50 -77 74 -94 118 -10
27 -28 61 -39 75 -32 41 -105 95 -127 95 -13 0 -29 15 -45 40 -14 23 -35 43
-48 47 -12 3 -27 14 -33 24 -5 11 -18 19 -28 19 -10 0 -34 13 -54 29 -23 18
-58 32 -99 40 -35 7 -81 21 -104 32 -23 10 -52 19 -66 19 -14 0 -33 9 -42 19
-12 13 -38 22 -75 27 -31 4 -73 13 -95 20 -21 8 -58 14 -82 14 -24 0 -67 9
-96 20 -29 11 -62 20 -74 20 -11 0 -50 10 -85 21 -36 12 -109 25 -169 29 -197
15 -315 32 -380 55 -39 15 -98 26 -150 29 -186 12 -388 36 -423 51 -37 15
-161 28 -447 45 -85 5 -215 18 -289 29 -173 27 -280 28 -312 2 -13 -10 -48
-23 -77 -30 -68 -14 -87 -25 -124 -67 -17 -19 -39 -34 -49 -34 -11 0 -21 -9
-25 -25 -3 -13 -16 -27 -27 -31 -12 -3 -39 -19 -59 -35 -20 -16 -41 -29 -46
-29 -5 0 -14 -18 -21 -40 -7 -22 -18 -40 -26 -40 -8 0 -20 -10 -26 -22 -6 -13
-38 -49 -70 -81 -33 -32 -59 -64 -59 -71 0 -7 -9 -21 -20 -31 -11 -10 -26 -36
-32 -58 -8 -25 -22 -46 -39 -56 -15 -9 -36 -37 -50 -67 -12 -29 -30 -55 -39
-57 -11 -3 -20 -19 -24 -42 -4 -21 -18 -52 -30 -69 -30 -40 -76 -140 -76 -164
0 -10 -9 -27 -20 -37 -11 -10 -20 -23 -20 -30 0 -7 -9 -20 -19 -29 -11 -10
-21 -28 -23 -40 -2 -11 -12 -25 -23 -30 -11 -5 -33 -35 -48 -67 -25 -52 -85
-119 -106 -119 -5 0 -23 -13 -40 -29 -16 -15 -44 -34 -61 -41 -21 -9 -29 -18
-25 -29 3 -12 -8 -22 -43 -37 -82 -35 -116 -47 -154 -51 -25 -4 -39 -11 -43
-24 -4 -10 -18 -22 -33 -25 -15 -3 -45 -12 -67 -20 -23 -8 -52 -14 -66 -14
-15 0 -38 -10 -53 -21 -19 -15 -47 -23 -94 -26 -39 -3 -81 -13 -100 -24 -24
-14 -69 -21 -175 -29 -78 -6 -196 -15 -262 -20 -229 -18 -672 -7 -777 20 -51
13 -138 88 -138 120 0 9 -11 29 -25 44 -14 15 -25 33 -25 40 0 20 28 84 40 91
5 3 10 14 10 24 0 10 16 33 35 53 56 56 154 78 346 78 103 0 175 5 219 16 36
8 135 19 220 24 85 5 182 15 215 21 33 6 179 14 325 16 231 3 274 2 330 -14
94 -25 227 -23 273 6 19 11 44 21 55 21 11 0 23 4 27 9 3 6 27 13 53 17 40 6
56 16 111 70 36 35 69 64 74 64 5 0 7 8 4 19 -2 11 5 31 19 47 13 16 23 33 24
37 0 5 11 32 24 60 32 69 54 221 38 267 -7 18 -12 52 -12 76 0 48 -30 133 -60
172 -11 14 -20 33 -20 43 0 10 -9 23 -20 29 -11 6 -26 25 -34 43 -7 18 -30 52
-50 75 -20 24 -36 50 -36 58 0 8 -13 17 -30 21 -17 3 -33 10 -36 14 -3 5 -14
9 -24 9 -10 0 -21 9 -25 20 -7 23 -85 60 -127 60 -16 0 -41 6 -56 14 -36 18
-125 26 -188 16z m1884 -163 c17 -15 47 -20 176 -27 86 -5 161 -12 166 -15 5
-3 92 -10 192 -15 101 -5 203 -13 228 -19 25 -5 91 -15 147 -21 56 -6 116 -18
134 -27 21 -10 70 -17 148 -21 64 -2 124 -9 134 -14 10 -5 67 -13 126 -18 74
-5 116 -13 134 -25 17 -11 60 -20 120 -25 52 -4 105 -14 118 -21 13 -7 67 -16
119 -21 52 -5 130 -12 172 -16 57 -5 83 -13 100 -28 15 -14 43 -24 83 -28 32
-4 66 -13 75 -21 9 -8 39 -18 66 -21 27 -4 63 -15 80 -25 17 -11 43 -19 57
-19 17 0 32 -9 43 -25 9 -14 23 -25 30 -25 8 0 43 -13 77 -30 35 -16 69 -30
75 -30 18 0 82 -74 105 -121 13 -26 32 -46 55 -57 64 -31 100 -111 143 -317
21 -101 26 -380 9 -515 -5 -41 -12 -109 -15 -150 -6 -74 -34 -195 -61 -258 -8
-18 -14 -42 -14 -52 0 -28 -55 -122 -80 -138 -11 -7 -20 -22 -20 -33 0 -11 -9
-32 -20 -46 -11 -14 -20 -32 -20 -39 0 -20 -131 -151 -163 -163 -17 -7 -27
-18 -27 -31 0 -14 -10 -24 -29 -31 -17 -6 -31 -19 -33 -29 -3 -19 -46 -19
-1543 -22 l-1540 -2 -9 37 c-11 44 -30 44 -34 -1 -2 -18 -9 -32 -15 -31 -7 0
-928 -2 -2047 -5 -1119 -3 -2091 -3 -2159 1 -107 5 -127 9 -145 27 -15 15 -38
22 -81 26 -53 4 -60 8 -63 28 -2 16 -10 22 -27 22 -64 0 -70 35 -30 165 30 97
31 110 4 176 -11 29 -22 82 -25 118 -8 96 -12 109 -36 117 -29 9 -79 44 -96
67 -8 10 -25 22 -38 27 -14 6 -24 18 -24 29 0 11 -9 25 -20 31 -10 6 -25 29
-32 52 -7 24 -19 43 -30 46 -23 6 -30 46 -26 147 3 74 5 80 26 83 17 3 22 10
22 31 0 42 23 101 59 151 18 25 45 64 60 87 15 23 50 63 76 88 26 25 53 55 59
67 6 13 21 24 33 26 12 2 25 13 29 25 10 31 37 66 51 67 7 0 26 12 42 27 53
49 123 87 176 94 50 7 62 14 131 79 12 11 35 20 51 20 17 0 41 8 54 19 13 10
40 22 59 26 19 4 44 14 55 21 11 8 41 14 68 14 26 0 64 7 85 15 37 16 93 27
230 45 41 5 88 18 106 30 18 11 45 20 60 20 15 0 48 9 74 19 26 11 79 21 117
24 46 3 84 12 110 26 22 11 57 21 79 21 22 0 53 9 73 21 23 14 63 25 116 30
161 17 223 27 262 43 22 8 61 15 86 16 31 0 55 7 72 20 17 13 47 22 89 26 34
3 81 11 103 19 22 7 72 15 112 18 49 3 82 11 106 26 19 11 49 21 66 21 17 0
48 7 68 15 19 8 68 18 107 21 39 3 101 12 138 20 37 8 84 14 104 14 25 0 51 9
76 26 32 22 46 26 86 22 32 -3 56 -12 70 -26 12 -12 33 -22 46 -22 51 0 130
-40 161 -82 17 -22 39 -44 51 -48 13 -5 24 -21 27 -39 4 -17 13 -31 20 -31 17
0 67 -75 67 -101 0 -11 8 -34 17 -52 24 -47 24 -318 0 -345 -10 -10 -17 -24
-17 -30 0 -6 -6 -15 -14 -19 -7 -4 -18 -18 -25 -30 -6 -13 -18 -23 -26 -23 -7
0 -16 -9 -20 -19 -4 -13 -17 -21 -38 -23 -24 -2 -33 -9 -37 -28 -5 -20 -15
-26 -70 -38 -76 -17 -183 -19 -260 -4 -69 13 -529 14 -630 2 -41 -5 -136 -14
-210 -20 -74 -6 -211 -17 -305 -25 -93 -8 -226 -17 -294 -20 -89 -4 -129 -9
-140 -20 -9 -8 -36 -17 -60 -21 -25 -4 -47 -14 -54 -25 -7 -11 -17 -19 -22
-19 -14 0 -145 -135 -145 -149 0 -6 -10 -21 -22 -33 -20 -20 -23 -35 -26 -124
-4 -97 -3 -103 21 -125 13 -13 27 -35 30 -49 10 -40 94 -117 150 -136 20 -7
33 -19 37 -35 5 -20 13 -25 45 -27 22 -2 45 -10 52 -18 30 -39 838 -41 973 -3
41 12 97 19 155 19 111 0 138 6 130 30 -4 14 2 19 32 24 21 3 59 6 84 6 26 0
66 7 89 15 23 8 56 15 73 15 17 0 38 6 46 13 9 8 50 24 91 36 86 25 176 66
187 85 5 8 28 24 53 36 25 13 58 33 73 46 16 13 35 24 42 24 20 0 100 71 100
89 0 8 10 20 22 27 13 6 33 22 45 36 77 87 93 108 113 153 13 28 26 57 29 65
3 8 10 22 15 30 6 8 12 27 15 41 3 15 14 29 25 32 21 5 46 55 57 112 3 19 19
48 35 65 16 16 29 35 29 41 0 6 11 24 25 41 14 16 25 37 25 45 0 17 89 153
100 153 21 0 73 68 87 112 8 29 21 52 31 55 9 2 26 19 37 36 11 17 30 34 41
37 12 3 39 25 60 49 94 105 143 150 170 156 50 11 113 45 119 65 8 24 20 26
120 20 61 -4 88 -10 103 -23z"/>
<path d="M5153 967 c-7 -12 7 -24 32 -29 12 -2 21 -13 23 -26 3 -18 -1 -22
-26 -22 -34 0 -44 -21 -35 -76 5 -29 10 -34 33 -34 57 0 57 -54 0 -62 -22 -3
-25 -8 -28 -50 -3 -47 -3 -48 27 -48 33 0 49 -16 32 -33 -24 -24 -12 -44 30
-50 61 -8 70 -2 63 44 l-7 39 47 0 c49 0 52 -4 36 -44 -8 -21 -6 -27 11 -37
12 -6 32 -8 45 -5 22 6 24 10 18 47 -7 40 -6 41 22 37 26 -3 29 -7 30 -38 0
-24 5 -36 16 -38 13 -2 17 11 23 67 10 105 -8 162 -35 111 -6 -12 -21 -20 -35
-20 -23 0 -25 4 -25 41 0 40 1 41 28 36 73 -15 67 -23 69 91 1 72 -2 102 -10
103 -75 5 -380 2 -384 -4z m225 -49 c2 -18 -3 -30 -17 -37 -27 -15 -48 -5 -54
27 -7 37 0 44 36 40 26 -2 33 -8 35 -30z m120 23 c22 -14 11 -65 -15 -69 -24
-4 -38 25 -28 58 7 21 22 25 43 11z m-192 -95 c3 -8 0 -24 -6 -36 -22 -40 -93
-9 -77 34 8 21 75 22 83 2z m142 -9 c4 -21 -24 -57 -45 -57 -7 0 -13 -11 -13
-24 0 -31 -25 -56 -55 -56 -19 0 -26 -7 -33 -32 -10 -40 -40 -48 -66 -19 -26
29 -14 51 29 51 34 0 35 1 35 40 l0 40 46 0 46 0 -6 33 c-3 18 -3 37 1 41 14
13 58 1 61 -17z m-10 -169 c4 -30 -34 -61 -43 -36 -15 44 -8 70 18 66 15 -2
23 -11 25 -30z"/>
</g>
</svg>
