<?xml version="1.0" standalone="no"?>
<!DOCTYPE svg PUBLIC "-//W3C//DTD SVG 20010904//EN"
 "http://www.w3.org/TR/2001/REC-SVG-20010904/DTD/svg10.dtd">
<svg version="1.0" xmlns="http://www.w3.org/2000/svg"
 width="609.000000pt" height="525.000000pt" viewBox="0 0 609.000000 525.000000"
 preserveAspectRatio="xMidYMid meet">
<metadata>
Created by potrace 1.10, written by Peter Selinger 2001-2011
</metadata>
<g transform="translate(0.000000,525.000000) scale(0.100000,-0.100000)"
fill="#000000" stroke="none">
<path d="M1333 5060 c-14 -6 -23 -21 -28 -49 -4 -23 -11 -43 -16 -47 -5 -3 -9
-12 -9 -21 0 -9 -14 -45 -31 -81 -26 -52 -29 -66 -18 -73 26 -17 54 -5 69 29
13 30 17 33 54 30 32 -2 43 -9 56 -33 17 -31 45 -42 69 -26 11 7 9 18 -11 62
-30 64 -68 173 -68 194 0 8 -4 15 -9 15 -5 0 -15 2 -23 4 -7 3 -23 1 -35 -4z
m43 -115 c8 -32 -1 -55 -21 -55 -22 0 -30 27 -17 56 15 31 30 31 38 -1z"/>
<path d="M1426 4675 c-3 -9 -6 -39 -6 -65 0 -27 -4 -51 -9 -54 -5 -3 -12 -59
-16 -123 -3 -65 -10 -128 -16 -141 -5 -13 -12 -71 -15 -130 -3 -59 -10 -118
-15 -132 -5 -14 -14 -77 -19 -140 -5 -63 -14 -146 -19 -185 -6 -38 -10 -97
-10 -130 -1 -34 -5 -65 -11 -71 -5 -5 -13 -61 -16 -124 -4 -63 -10 -122 -15
-131 -4 -9 -11 -69 -13 -133 -3 -64 -10 -124 -15 -134 -5 -9 -12 -69 -16 -132
-4 -63 -11 -119 -15 -125 -5 -5 -11 -64 -15 -130 -4 -66 -11 -127 -16 -136 -5
-9 -11 -68 -15 -130 -3 -63 -10 -121 -15 -130 -4 -8 -11 -67 -15 -130 -3 -63
-10 -119 -15 -124 -4 -6 -11 -66 -15 -135 -3 -69 -10 -129 -14 -135 -4 -5 -11
-62 -15 -125 -4 -63 -11 -122 -16 -131 -4 -8 -11 -67 -15 -130 -3 -63 -10
-121 -15 -130 -4 -9 -11 -69 -15 -135 -4 -65 -11 -124 -15 -130 -5 -6 -12 -65
-15 -130 -4 -66 -10 -126 -15 -136 -5 -9 -11 -77 -15 -152 l-6 -136 27 -10
c18 -7 785 -9 2324 -8 1930 3 2301 5 2314 17 21 17 21 23 -1 47 -10 10 -42 46
-71 79 -30 33 -176 186 -325 340 -150 154 -366 379 -481 500 -115 121 -246
256 -290 301 -44 44 -165 170 -270 280 -266 280 -367 384 -470 490 -172 175
-312 320 -500 519 -105 110 -230 240 -280 290 -49 51 -220 228 -380 396 -159
167 -328 343 -375 390 -47 47 -170 175 -275 285 -104 109 -234 244 -288 299
-54 56 -101 106 -105 112 -4 6 -19 14 -33 18 -19 5 -28 2 -33 -10z m279 -304
c55 -58 141 -146 190 -197 121 -123 242 -249 475 -494 107 -112 281 -292 386
-400 105 -107 282 -292 394 -410 113 -118 240 -251 285 -296 44 -44 165 -170
270 -280 268 -281 367 -384 470 -490 125 -128 249 -256 475 -494 107 -112 234
-243 281 -291 47 -48 182 -188 299 -311 118 -123 235 -244 262 -269 26 -25 48
-49 48 -55 0 -5 -862 -8 -2277 -6 l-2278 2 4 83 c2 45 7 87 12 93 5 6 12 62
15 125 4 63 10 121 15 130 4 8 11 67 14 130 4 63 11 121 16 130 4 9 11 70 15
135 4 66 10 124 15 129 4 6 11 66 15 135 3 69 10 130 15 136 5 5 11 62 15 125
3 63 10 121 15 131 5 9 12 67 15 130 4 62 10 120 15 129 4 8 11 67 15 130 4
63 11 122 15 131 5 9 12 68 15 130 4 62 10 120 15 129 4 8 11 69 15 135 3 65
10 127 15 136 5 9 9 28 9 42 l0 26 839 0 c573 0 842 3 846 10 4 6 1 17 -5 25
-11 13 -128 15 -844 15 l-832 0 4 63 c2 34 8 67 13 73 5 6 12 65 15 130 4 66
10 126 15 135 4 9 11 65 15 125 3 60 10 117 15 126 5 9 12 70 15 135 4 65 10
123 15 128 4 6 11 65 15 130 4 66 10 127 15 136 5 9 11 68 15 130 4 63 11 124
15 137 5 13 9 47 9 76 0 29 3 55 6 59 3 3 36 -27 72 -66 37 -39 112 -119 167
-176z"/>
<path d="M2625 4120 c-10 -11 -24 -20 -31 -20 -16 0 -37 -37 -29 -50 3 -6 17
-10 30 -10 24 0 24 -2 27 -92 3 -85 5 -93 23 -93 19 0 20 7 20 139 0 146 -6
164 -40 126z"/>
<path d="M2766 4111 c-18 -19 -26 -37 -24 -52 5 -36 34 -35 53 1 13 25 22 31
43 28 22 -2 28 -9 30 -35 2 -24 -3 -35 -23 -50 -15 -10 -45 -33 -67 -52 -32
-28 -38 -40 -36 -65 l3 -31 83 -3 c90 -3 123 8 100 35 -7 9 -28 14 -57 13 -80
-3 -85 -2 -71 15 6 8 31 25 54 39 80 47 96 102 47 155 -40 43 -95 44 -135 2z"/>
<path d="M900 4070 c-12 -7 -11 -12 5 -32 11 -13 23 -25 26 -28 3 -3 11 -14
17 -26 9 -17 6 -27 -15 -57 -14 -21 -30 -37 -35 -37 -17 0 -7 -29 12 -35 30
-9 56 2 69 31 11 25 31 25 31 -1 0 -20 36 -37 60 -30 27 9 25 22 -10 62 -16
18 -30 40 -30 48 0 8 14 30 30 48 35 40 37 53 11 62 -25 8 -49 -3 -62 -27 -11
-20 -12 -20 -35 6 -26 27 -49 32 -74 16z"/>
<path d="M3075 4054 c-24 -22 -30 -37 -33 -84 -4 -53 -2 -59 27 -89 22 -23 39
-31 65 -31 38 0 76 31 76 61 0 29 -22 35 -38 11 -29 -44 -81 -17 -81 43 0 17
6 38 13 48 16 21 55 22 62 2 8 -20 33 -19 41 1 3 8 -4 25 -17 40 -32 33 -78
32 -115 -2z"/>
<path d="M3280 4073 c-19 -3 -37 -8 -40 -13 -3 -4 -5 -50 -5 -102 l0 -93 28
-3 27 -3 0 79 c0 83 11 108 44 96 13 -5 16 -22 16 -89 0 -46 4 -86 8 -89 5 -3
19 -2 31 1 21 5 23 9 16 60 -9 76 0 113 30 113 23 0 24 -3 27 -87 3 -80 5 -88
23 -88 18 0 20 8 23 92 2 83 1 94 -19 114 -16 16 -28 20 -52 15 -37 -8 -52 -8
-92 -3 -16 3 -46 2 -65 0z"/>
<path d="M798 3109 c-9 -6 -15 -255 -6 -264 2 -3 41 -5 87 -6 75 -1 85 1 106
22 35 36 40 64 16 88 -22 22 -28 56 -11 66 16 10 11 48 -8 72 -14 18 -30 22
-95 25 -43 2 -83 1 -89 -3z m133 -59 c24 -20 24 -20 5 -35 -46 -35 -119 1 -80
39 21 22 47 20 75 -4z m17 -122 c3 -22 -2 -30 -23 -38 -40 -15 -53 -12 -71 15
-26 40 -12 57 43 53 44 -3 48 -5 51 -30z"/>
<path d="M1035 3111 c-3 -6 -3 -28 1 -50 5 -30 11 -41 24 -41 24 0 52 58 39
82 -10 19 -54 25 -64 9z"/>
<path d="M3354 3099 c-124 -91 -51 -296 94 -264 37 8 94 60 90 83 -5 28 -48
27 -75 -2 -28 -31 -52 -33 -84 -7 -19 16 -24 28 -23 66 1 50 15 70 56 80 19 5
32 1 45 -12 25 -25 49 -34 68 -27 23 9 18 27 -19 63 -46 44 -107 52 -152 20z"/>
<path d="M3556 3112 c-3 -5 -4 -27 -2 -48 3 -33 7 -39 27 -39 29 0 57 50 42
74 -11 18 -58 27 -67 13z"/>
<path d="M229 1769 c-34 -36 -35 -47 -12 -88 17 -29 17 -31 -5 -51 -30 -28
-28 -53 9 -89 43 -43 98 -43 139 -1 35 36 37 58 10 92 -19 25 -19 26 0 48 28
32 25 53 -11 89 -42 43 -90 43 -130 0z m99 -39 c10 -17 9 -23 -8 -40 -16 -16
-25 -18 -40 -10 -19 10 -27 49 -13 63 13 14 49 6 61 -13z m-2 -111 c24 -27 9
-53 -34 -57 -23 -2 -34 2 -43 19 -10 20 -9 25 11 41 29 23 43 23 66 -3z"/>
<path d="M4622 1770 c-23 -30 -29 -65 -13 -74 15 -10 36 3 46 27 6 13 21 23
37 25 22 3 29 -2 34 -22 8 -32 1 -42 -36 -49 -49 -10 -34 -47 20 -47 10 0 21
-7 24 -16 19 -50 -64 -78 -86 -29 -16 35 -48 33 -48 -2 0 -62 105 -99 148 -53
39 42 46 67 28 95 -12 19 -15 37 -10 73 5 39 2 52 -16 75 -17 22 -30 27 -64
27 -35 0 -46 -5 -64 -30z"/>
<path d="M4837 1779 c-29 -33 -38 -66 -22 -79 18 -15 33 -5 45 26 14 36 65 34
75 -3 5 -23 1 -32 -27 -55 -70 -58 -98 -88 -104 -113 -9 -37 7 -45 99 -45 62
0 79 3 84 16 9 24 -16 35 -72 32 -27 -2 -52 1 -55 7 -3 5 17 24 44 42 70 46
77 55 78 102 1 58 -30 91 -87 91 -29 0 -46 -6 -58 -21z"/>
<path d="M531 1703 c-39 -47 -47 -83 -26 -123 39 -76 102 -94 150 -43 29 32
32 51 8 60 -10 4 -23 -2 -34 -15 -41 -51 -89 -6 -72 68 10 40 46 54 67 25 13
-18 47 -18 53 0 2 6 -8 22 -22 38 -39 41 -85 38 -124 -10z"/>
<path d="M715 1730 c-2 -3 -5 -49 -6 -103 -3 -103 6 -132 35 -108 10 9 13 27
9 71 -4 45 -2 65 11 85 18 27 24 29 46 15 11 -7 15 -29 15 -92 0 -76 2 -83 20
-83 18 0 20 7 21 72 2 90 7 103 39 103 25 0 25 -1 25 -84 0 -68 3 -85 16 -90
34 -13 43 11 39 101 -5 104 -20 128 -75 119 -19 -4 -44 -6 -55 -6 -104 4 -137
4 -140 0z"/>
<path d="M5138 1713 c-68 -73 -32 -203 56 -203 38 0 76 34 76 68 0 28 -26 29
-40 2 -14 -26 -56 -26 -70 -1 -24 46 -5 111 34 111 13 0 29 -7 36 -15 17 -21
40 -19 40 3 0 28 -42 62 -76 62 -20 0 -39 -9 -56 -27z"/>
<path d="M5338 1733 l-37 -4 -3 -97 c-3 -104 7 -137 36 -113 10 9 13 26 9 71
-4 45 -2 65 11 85 18 27 24 29 46 15 11 -7 15 -29 15 -92 0 -76 2 -83 20 -83
18 0 20 8 25 85 5 84 5 85 33 88 31 4 31 3 27 -100 -2 -59 0 -67 19 -73 35
-11 41 3 41 89 0 70 -3 88 -21 111 -19 23 -27 26 -58 21 -43 -8 -57 -8 -96 -3
-16 3 -47 2 -67 0z"/>
<path d="M687 468 c-11 -7 -17 -257 -6 -264 3 -2 43 -4 88 -5 73 -2 84 0 106
21 32 30 34 81 5 101 -19 13 -19 16 -5 43 19 37 19 56 -4 83 -15 18 -31 22
-95 25 -43 1 -83 0 -89 -4z m124 -48 c27 -15 24 -48 -5 -56 -36 -9 -60 -1 -64
19 -8 43 24 60 69 37z m29 -120 c15 -27 6 -37 -41 -50 -49 -14 -59 -8 -59 36
0 34 0 34 45 34 34 0 47 -5 55 -20z"/>
<path d="M5735 470 c-69 -28 -105 -140 -67 -209 31 -58 98 -83 157 -61 34 13
85 69 78 86 -9 23 -54 16 -80 -12 -20 -21 -30 -25 -56 -20 -40 8 -47 20 -47
83 0 42 4 55 22 67 31 22 48 20 82 -9 33 -28 45 -30 70 -12 15 11 14 15 -16
46 -47 48 -94 62 -143 41z"/>
</g>
</svg>
