<?xml version="1.0" standalone="no"?>
<!DOCTYPE svg PUBLIC "-//W3C//DTD SVG 20010904//EN"
 "http://www.w3.org/TR/2001/REC-SVG-20010904/DTD/svg10.dtd">
<svg version="1.0" xmlns="http://www.w3.org/2000/svg"
 width="900.000000pt" height="612.000000pt" viewBox="0 0 900.000000 612.000000"
 preserveAspectRatio="xMidYMid meet">
<metadata>
Created by potrace 1.10, written by Peter Selinger 2001-2011
</metadata>
<g transform="translate(0.000000,612.000000) scale(0.100000,-0.100000)"
fill="#000000" stroke="none">
<path d="M5504 5273 c-12 -2 -28 -12 -36 -21 -19 -22 -48 -97 -48 -124 0 -12
-6 -44 -14 -72 -14 -48 -27 -98 -60 -233 -8 -32 -21 -85 -29 -118 -9 -33 -22
-87 -30 -120 -9 -33 -22 -87 -30 -120 -8 -33 -20 -80 -27 -105 -6 -25 -15 -63
-20 -85 -10 -47 -26 -110 -45 -180 -8 -27 -16 -61 -19 -75 -3 -14 -10 -45 -16
-70 -7 -25 -19 -72 -27 -105 -8 -33 -21 -87 -30 -120 -8 -33 -21 -87 -30 -120
-8 -33 -21 -85 -28 -115 -7 -30 -20 -82 -29 -115 -8 -33 -22 -91 -31 -130 -9
-38 -23 -97 -31 -130 -9 -33 -22 -86 -30 -117 -8 -32 -20 -84 -28 -115 -30
-121 -48 -190 -62 -239 -8 -28 -14 -59 -14 -69 0 -9 -7 -38 -15 -64 -8 -25
-21 -75 -30 -111 -9 -36 -23 -92 -32 -125 -29 -116 -42 -171 -58 -240 -9 -38
-23 -97 -31 -130 -9 -33 -22 -86 -30 -117 -8 -32 -21 -85 -29 -118 -17 -67
-36 -146 -58 -235 -8 -33 -20 -80 -27 -105 -6 -25 -13 -56 -16 -70 -3 -14 -7
-35 -10 -47 -6 -33 -39 -29 -53 4 -6 16 -21 46 -34 68 -13 22 -38 66 -55 98
-29 52 -49 87 -113 205 -13 24 -38 69 -56 100 -18 31 -44 80 -58 107 -14 28
-35 64 -45 80 -10 17 -31 53 -45 80 -14 28 -41 75 -58 107 -18 31 -43 76 -56
100 -13 23 -36 67 -52 96 -16 28 -43 78 -60 110 -39 71 -54 88 -101 118 -64
40 -147 29 -212 -28 -10 -9 -33 -24 -50 -33 -17 -9 -40 -22 -51 -28 -11 -7
-63 -37 -115 -67 -52 -30 -104 -60 -115 -67 -11 -7 -27 -16 -35 -20 -161 -78
-201 -156 -108 -213 41 -25 78 -14 198 59 19 11 42 24 50 28 8 4 48 26 88 50
109 64 111 64 148 1 17 -29 34 -60 38 -68 3 -8 17 -33 29 -55 33 -56 106 -189
168 -303 13 -24 38 -69 56 -100 17 -32 44 -79 58 -107 14 -27 35 -63 45 -80
10 -16 31 -52 45 -80 14 -27 41 -76 58 -107 18 -31 45 -80 61 -110 16 -29 36
-64 43 -78 8 -14 29 -52 48 -85 18 -33 44 -80 56 -105 53 -104 136 -180 194
-180 77 0 185 83 185 143 0 11 6 43 14 71 8 28 21 78 30 111 8 33 22 89 31
125 9 36 22 90 30 120 7 30 18 75 25 100 6 25 15 66 20 92 5 26 13 56 19 67 6
11 11 32 11 46 0 14 5 35 11 46 6 11 14 41 19 67 5 26 14 67 20 92 7 25 19 72
27 105 8 33 21 87 30 120 8 33 21 85 28 115 7 30 21 83 29 118 9 34 23 90 32
125 8 34 22 85 30 113 8 28 14 59 14 69 0 10 6 41 14 69 15 51 35 131 61 236
26 106 44 175 56 220 7 25 16 63 20 85 9 48 27 117 42 165 6 19 14 53 18 75 9
47 26 116 42 165 6 19 14 53 18 75 4 22 13 60 19 85 7 25 18 70 25 100 8 30
21 83 29 118 9 34 23 89 31 122 8 33 22 88 31 123 8 34 22 85 30 113 8 28 14
59 14 69 0 10 6 41 14 69 8 28 22 80 31 116 9 36 22 86 30 111 8 26 15 55 15
65 0 11 6 39 14 64 19 60 35 125 46 181 4 25 15 62 24 82 l15 37 1269 0 1269
0 26 26 c37 37 41 59 19 102 -13 26 -28 39 -48 43 -32 7 -2605 9 -2640 2z"/>
<path d="M2037 3979 c-9 -5 -34 -36 -55 -67 -93 -137 -109 -161 -161 -232 -31
-42 -60 -83 -66 -92 -25 -41 -92 -138 -132 -190 -24 -31 -43 -59 -43 -62 0 -3
-26 -42 -57 -85 -32 -44 -74 -102 -93 -130 -19 -28 -41 -59 -48 -69 -25 -35
-132 -189 -164 -235 -18 -27 -53 -76 -77 -109 -24 -34 -64 -91 -89 -127 -64
-92 -96 -138 -142 -201 -22 -30 -43 -62 -47 -70 -3 -8 -25 -40 -48 -70 -22
-30 -49 -68 -60 -85 -10 -16 -25 -36 -32 -43 -10 -11 -13 -46 -11 -145 l3
-132 589 -3 c415 -1 593 -5 603 -13 10 -9 13 -83 13 -375 l0 -364 23 -5 c12
-3 90 -4 172 -3 l150 3 5 375 5 375 185 5 185 5 3 142 3 143 -188 2 -188 3 -2
920 c-3 851 -4 921 -20 933 -21 15 -190 16 -216 1z m-117 -1157 c0 -514 -3
-681 -12 -690 -15 -15 -978 -18 -978 -3 0 17 26 58 98 157 40 54 106 145 147
202 41 56 75 105 75 108 0 4 82 118 108 149 5 6 17 24 28 40 10 17 50 74 89
127 38 53 92 127 118 165 64 91 204 285 214 298 5 6 26 36 47 68 21 31 44 57
52 57 12 0 14 -103 14 -678z"/>
<path d="M6695 3980 c-49 -3 -100 -11 -112 -18 -12 -7 -31 -12 -42 -12 -22 0
-136 -52 -186 -85 -84 -55 -201 -174 -233 -235 -13 -25 -33 -63 -45 -85 -28
-51 -84 -216 -92 -275 -12 -87 -13 -85 25 -88 30 -2 37 2 53 29 9 17 17 39 17
49 0 10 4 21 9 24 5 3 18 24 30 47 45 85 142 192 212 234 147 87 282 115 426
91 84 -15 146 -35 165 -54 7 -7 16 -12 21 -12 14 0 87 -60 140 -115 115 -119
174 -333 148 -534 -12 -94 -30 -163 -57 -229 -8 -18 -14 -38 -14 -43 0 -19
-93 -202 -135 -264 -45 -68 -61 -94 -71 -115 -4 -8 -28 -41 -53 -73 -25 -32
-59 -75 -74 -95 -98 -130 -192 -236 -382 -432 -207 -213 -212 -218 -375 -370
-79 -74 -152 -143 -162 -152 -24 -24 -33 -65 -18 -83 11 -13 120 -15 846 -15
l833 0 21 46 c11 26 20 54 20 63 0 9 6 25 14 36 7 11 16 31 19 45 3 14 15 50
27 80 12 30 25 66 30 80 5 14 18 50 31 80 12 30 22 69 23 85 1 25 -3 30 -26
33 -19 2 -31 -4 -45 -23 -32 -47 -109 -124 -134 -135 -13 -5 -31 -14 -39 -19
-8 -5 -37 -16 -65 -25 -43 -14 -121 -16 -563 -17 -283 0 -517 2 -520 5 -5 5
66 82 248 266 19 20 87 92 150 160 63 69 118 126 122 128 4 2 49 51 100 110
51 58 104 118 117 132 23 25 85 103 129 164 12 17 28 38 35 46 17 20 77 110
77 115 0 2 13 24 29 48 17 24 46 75 66 113 20 38 40 76 44 84 5 8 17 33 26 55
10 22 24 52 32 67 7 14 13 35 13 47 0 11 6 35 14 53 33 78 45 262 25 372 -26
143 -87 251 -213 385 -78 81 -152 131 -281 186 -88 38 -238 54 -400 45z"/>
</g>
</svg>
