<?xml version="1.0" standalone="no"?>
<!DOCTYPE svg PUBLIC "-//W3C//DTD SVG 20010904//EN"
 "http://www.w3.org/TR/2001/REC-SVG-20010904/DTD/svg10.dtd">
<svg version="1.0" xmlns="http://www.w3.org/2000/svg"
 width="549.000000pt" height="435.000000pt" viewBox="0 0 549.000000 435.000000"
 preserveAspectRatio="xMidYMid meet">
<metadata>
Created by potrace 1.10, written by Peter Selinger 2001-2011
</metadata>
<g transform="translate(0.000000,435.000000) scale(0.100000,-0.100000)"
fill="#000000" stroke="none">
<path d="M769 4052 c-73 -49 -125 -112 -115 -138 5 -12 10 -13 27 -4 25 14 49
6 49 -15 0 -9 9 -15 26 -15 14 0 34 -5 45 -11 11 -5 29 -7 39 -4 27 9 27 60 0
77 -11 7 -20 23 -20 36 0 19 -4 21 -25 16 -21 -5 -25 -3 -25 15 0 13 10 26 25
33 13 6 22 15 19 19 -7 13 -16 11 -45 -9z"/>
<path d="M830 4020 c0 -23 4 -24 31 -9 23 12 16 29 -12 29 -12 0 -19 -7 -19
-20z"/>
<path d="M1157 4034 c-14 -14 -6 -24 19 -24 16 0 24 5 22 13 -5 14 -31 21 -41
11z"/>
<path d="M3710 4025 c-7 -8 -18 -15 -25 -15 -7 0 -18 -6 -25 -14 -6 -8 -21
-16 -33 -18 -13 -2 -24 -13 -27 -28 -5 -21 -11 -25 -40 -22 -18 1 -43 -4 -56
-13 -13 -8 -30 -15 -37 -15 -8 0 -20 -7 -27 -15 -7 -8 -25 -15 -40 -15 -15 0
-39 -9 -53 -20 -14 -11 -34 -20 -44 -20 -17 0 -45 -23 -95 -78 -22 -23 -23
-61 -3 -68 22 -9 18 -24 -5 -24 -11 0 -23 -8 -26 -17 -3 -10 -9 -25 -14 -33
-34 -56 -42 -83 -36 -120 3 -22 1 -50 -5 -63 -9 -20 -8 -30 6 -51 14 -21 15
-32 8 -49 -14 -31 4 -72 71 -161 26 -34 29 -46 29 -112 l0 -74 79 -82 c72 -75
79 -86 75 -114 -6 -35 -5 -35 110 -50 l43 -6 -7 48 c-5 42 -4 47 11 41 10 -4
33 -7 52 -7 25 0 34 -4 34 -16 0 -13 3 -14 13 -6 32 27 167 -46 167 -89 0 -22
-34 -27 -47 -6 -9 13 -59 38 -115 56 -29 9 -42 9 -59 0 l-22 -11 24 -19 c13
-10 57 -35 97 -55 62 -31 72 -40 72 -63 0 -14 4 -32 9 -40 10 -15 31 -7 31 13
0 19 59 75 103 98 41 21 59 20 149 -2 44 -11 50 -10 80 14 18 13 45 29 61 35
17 7 27 18 27 31 0 27 46 47 119 51 l55 4 2 -72 c4 -94 -8 -103 -83 -61 -53
30 -83 31 -83 4 0 -8 12 -24 28 -36 15 -12 29 -31 32 -43 5 -18 14 -23 50 -25
25 -2 53 -10 62 -19 26 -24 51 -9 46 27 -4 23 -2 27 9 19 18 -16 28 13 14 40
-17 31 -14 178 4 188 21 12 29 64 13 85 -19 23 -69 13 -109 -23 -34 -31 -40
-32 -76 -23 -21 6 -23 13 -23 68 0 75 12 118 46 168 31 44 29 88 -6 136 -19
25 -22 44 -24 152 -2 128 -9 146 -43 118 -9 -7 -39 -18 -67 -25 -28 -6 -76
-19 -106 -28 -44 -13 -84 -15 -203 -11 -136 5 -153 3 -197 -16 -39 -17 -52
-29 -65 -60 -38 -95 -4 -148 94 -148 29 0 68 7 88 15 19 8 45 15 57 15 34 0
78 52 71 82 -5 20 0 32 22 52 40 38 74 32 86 -14 13 -52 22 -55 45 -18 26 42
59 61 98 56 34 -4 59 -46 50 -84 -9 -34 -32 -30 -39 6 -7 35 -31 40 -47 10 -6
-11 -18 -20 -28 -20 -9 0 -23 -4 -31 -9 -25 -16 31 -41 110 -49 72 -7 74 -8
71 -33 -2 -19 4 -29 23 -37 27 -12 25 -31 -3 -49 -15 -9 -32 -5 -88 22 -38 18
-90 36 -117 39 -45 7 -48 6 -65 -24 -11 -20 -23 -30 -37 -28 -28 4 -32 44 -6
53 24 7 28 35 6 35 -8 0 -15 -4 -15 -8 0 -5 -24 -33 -54 -64 -30 -30 -61 -69
-69 -85 -15 -28 -20 -30 -64 -28 -26 1 -59 7 -73 12 -45 19 -130 26 -130 12 0
-31 71 -97 134 -124 61 -26 67 -27 89 -12 22 14 26 14 40 0 8 -8 20 -12 26 -9
16 10 14 41 -4 56 -13 11 -12 18 10 58 14 24 25 55 25 68 0 20 5 24 30 24 17
0 30 -3 30 -8 0 -4 26 -13 58 -20 31 -7 65 -16 75 -18 12 -4 17 0 17 15 0 22
27 41 58 41 30 0 55 -35 48 -66 -4 -14 -3 -31 2 -37 5 -7 11 -26 14 -43 3 -24
1 -31 -9 -27 -9 4 -12 -2 -11 -18 3 -23 -1 -24 -67 -31 -38 -3 -84 -4 -102 -1
-35 5 -73 -3 -73 -17 0 -5 14 -17 31 -26 43 -22 177 -11 213 17 13 10 27 19
30 19 3 0 6 -20 6 -45 0 -41 -3 -47 -37 -68 -55 -35 -76 -39 -176 -38 -70 0
-97 5 -123 20 -27 16 -38 18 -62 9 -24 -9 -37 -8 -65 5 -19 9 -44 17 -55 17
-12 0 -24 5 -27 10 -3 6 -25 10 -49 10 -35 0 -46 5 -62 28 -34 47 -57 109 -52
141 4 31 -13 44 -27 21 -14 -23 -103 6 -134 44 -8 9 -25 16 -39 16 -24 0 -25
1 -7 13 13 10 16 21 12 39 -4 15 -4 47 -1 73 6 41 10 47 35 52 19 4 29 12 29
24 0 10 5 21 10 24 6 3 10 13 10 21 0 19 -36 18 -44 -1 -3 -10 -19 -15 -46
-15 -38 0 -41 2 -38 28 3 23 -1 27 -22 27 -18 0 -26 -6 -28 -22 -4 -27 -14
-29 -32 -8 -11 13 -13 29 -10 90 1 11 -8 26 -18 33 -19 12 -19 14 2 75 12 34
28 63 36 64 8 2 26 -7 39 -18 19 -16 22 -22 12 -29 -16 -10 -6 -43 11 -38 6 2
19 24 27 49 9 24 22 48 28 52 19 12 16 57 -2 57 -9 0 -18 -7 -21 -15 -4 -8
-10 -15 -15 -15 -6 0 -5 9 1 20 13 25 5 40 -21 40 -23 0 -26 28 -3 37 20 8 84
-23 102 -49 10 -14 21 -18 38 -14 20 5 27 1 37 -21 7 -15 21 -41 31 -56 12
-18 16 -31 9 -38 -12 -12 -43 -1 -43 15 -1 27 -18 38 -49 31 -57 -12 -35 -59
38 -81 29 -8 36 -15 34 -33 -4 -28 -34 -71 -48 -67 -5 2 -9 17 -7 35 2 28 -1
31 -25 31 -16 0 -34 4 -41 8 -7 5 -35 1 -65 -9 -41 -14 -53 -23 -59 -45 -9
-33 2 -47 28 -42 12 2 20 13 22 31 4 29 9 32 32 17 13 -9 13 -12 0 -23 -8 -6
-14 -22 -12 -34 3 -18 10 -23 32 -23 36 0 46 15 25 36 -9 9 -15 24 -13 33 5
23 32 20 36 -4 6 -30 52 -75 78 -75 12 0 27 -7 34 -15 11 -13 7 -21 -26 -49
l-38 -33 27 -25 c16 -15 27 -36 27 -50 0 -14 7 -31 15 -38 8 -7 15 -19 15 -26
0 -8 7 -14 15 -14 10 0 13 8 10 28 -3 15 -7 70 -9 122 -3 76 0 102 14 130 9
19 23 57 31 84 8 27 20 51 27 53 17 7 15 38 -3 53 -8 7 -15 16 -15 21 0 16 29
10 39 -8 10 -17 12 -17 26 1 8 11 15 26 15 33 0 15 44 28 59 18 8 -4 8 -12 1
-25 -27 -50 4 -69 32 -20 17 29 16 31 -2 43 -11 6 -20 20 -20 29 0 10 -10 23
-22 29 -33 17 -33 17 -13 39 25 28 45 25 45 -6 0 -25 33 -63 56 -64 7 0 19 12
29 26 l17 27 23 -29 c16 -20 22 -37 18 -55 -7 -36 45 -87 61 -60 8 12 -31 101
-44 101 -5 0 -10 10 -10 21 0 12 -8 28 -17 35 -17 12 -17 14 2 28 20 15 20 15
0 30 -11 8 -32 16 -47 16 -25 0 -26 -2 -21 -34 10 -62 -37 -56 -52 6 -5 21 -3
29 9 34 9 3 16 15 16 26 0 17 -4 19 -27 13 -33 -8 -53 -23 -53 -39 0 -6 -14
-27 -30 -46 -27 -31 -31 -33 -41 -17 -11 19 -39 23 -39 5 0 -6 -11 -26 -24
-43 -15 -20 -23 -40 -20 -52 4 -13 0 -22 -11 -26 -10 -5 -30 8 -59 38 -30 31
-51 45 -69 45 -23 0 -27 4 -27 29 0 20 6 32 19 36 10 3 24 19 31 35 8 19 20
30 33 30 11 0 25 7 32 16 8 12 20 15 38 10 36 -9 34 -26 -3 -26 -22 0 -30 -5
-30 -18 0 -32 34 -55 69 -47 38 8 112 77 109 102 -4 45 2 53 42 59 30 5 40 11
40 25 0 22 25 26 33 5 3 -7 19 -16 36 -19 33 -7 37 -13 21 -37 -9 -13 -12 -13
-24 3 -20 26 -56 22 -56 -5 0 -34 11 -43 50 -43 28 0 35 -4 40 -24 8 -33 65
-50 89 -27 12 12 13 19 3 28 -7 7 -12 16 -12 20 0 15 48 8 71 -11 23 -18 23
-20 6 -38 -9 -11 -17 -25 -17 -31 0 -7 -11 -12 -23 -12 -29 0 -57 -29 -57 -59
0 -26 21 -36 48 -22 35 18 52 4 52 -44 0 -30 5 -45 16 -49 10 -4 14 -14 11
-26 -3 -13 0 -20 9 -20 21 0 18 67 -5 97 -11 13 -17 31 -14 39 9 24 47 12 62
-20 7 -16 22 -31 32 -33 10 -3 21 -13 24 -22 7 -22 53 -66 61 -59 3 3 8 31 11
62 4 40 2 62 -9 78 -9 13 -18 37 -22 53 -11 46 -50 109 -77 122 -13 7 -32 22
-42 35 -15 18 -22 20 -37 10 -14 -9 -21 -8 -30 3 -7 8 -21 15 -31 15 -10 0
-24 12 -31 27 -11 23 -22 29 -66 35 -29 5 -62 13 -72 18 -28 15 -86 12 -100
-5z m220 -85 c8 -5 12 -11 9 -14 -3 -3 -14 1 -25 9 -21 16 -8 20 16 5z m130
-86 c0 -8 5 -24 10 -35 9 -16 14 -17 30 -7 26 17 35 4 16 -24 -22 -31 -20 -46
6 -50 27 -4 37 -28 11 -28 -23 1 -63 34 -63 53 0 8 -7 20 -15 27 -17 14 -21
80 -5 80 6 0 10 -7 10 -16z m-410 -169 c0 -26 -14 -33 -25 -15 -9 14 1 40 15
40 5 0 10 -11 10 -25z m198 -330 c21 -27 19 -65 -3 -65 -8 0 -22 11 -33 25
-33 42 -48 31 -42 -32 1 -21 -3 -23 -44 -23 -43 0 -46 2 -46 25 0 26 7 38 44
75 30 30 99 27 124 -5z m-520 -343 c3 -17 -2 -22 -17 -22 -22 0 -25 8 -15 35
9 22 28 14 32 -13z m152 -80 c0 -9 -12 -26 -27 -37 -25 -21 -27 -21 -45 -3
-23 23 -23 38 1 38 10 0 24 6 31 14 14 18 40 10 40 -12z"/>
<path d="M1325 4004 c-37 -12 -54 -13 -67 -5 -50 31 -65 -3 -18 -42 23 -20 36
-24 57 -19 45 12 83 3 83 -18 0 -10 14 -28 30 -40 37 -26 71 -21 106 17 21 23
24 24 30 8 5 -12 0 -24 -14 -36 -21 -17 -29 -39 -14 -39 4 0 22 -9 41 -21 l33
-20 -21 -20 c-11 -11 -21 -28 -21 -38 0 -11 -7 -21 -15 -25 -22 -8 -18 -50 6
-72 15 -13 24 -16 36 -8 12 8 22 5 40 -12 28 -26 30 -50 5 -63 -10 -5 -40 -28
-67 -50 -27 -22 -57 -41 -68 -43 -14 -2 -24 -16 -33 -46 -11 -37 -10 -47 4
-72 24 -41 49 -54 68 -36 12 12 29 14 77 9 34 -3 68 -10 75 -16 17 -14 16 -86
-3 -93 -8 -3 -35 4 -60 16 -45 22 -65 20 -65 -6 0 -10 -11 -14 -37 -14 -62 0
-81 9 -88 42 -4 16 -13 41 -21 56 -8 15 -14 38 -14 52 0 33 -26 70 -49 70 -10
0 -34 7 -53 15 -20 8 -66 17 -104 21 -57 5 -67 4 -56 -7 23 -24 14 -56 -18
-68 -16 -5 -30 -16 -30 -23 0 -8 -9 -21 -20 -31 -26 -22 -25 -33 4 -62 17 -17
22 -31 18 -51 -5 -27 -5 -27 19 -11 13 10 31 17 41 17 10 0 18 5 18 11 0 7 11
8 29 4 20 -4 42 0 68 13 39 20 113 38 113 27 0 -3 -5 -14 -12 -24 -16 -26 -3
-51 27 -51 24 0 26 -3 20 -29 -4 -21 -2 -30 10 -35 14 -5 14 -8 -1 -31 -12
-18 -25 -25 -50 -25 -23 0 -37 -6 -44 -19 -15 -29 -12 -97 5 -115 8 -8 15 -18
15 -22 0 -16 86 -84 106 -84 12 0 35 7 50 15 16 8 48 15 71 15 31 0 46 5 57
21 25 37 11 50 -37 33 -23 -8 -67 -17 -97 -20 -45 -4 -62 0 -95 19 -47 28 -59
57 -23 56 41 -2 122 13 144 26 12 8 26 10 35 5 18 -10 77 14 85 35 12 30 22
14 27 -42 3 -32 9 -79 13 -105 6 -45 8 -47 35 -41 19 4 36 -1 53 -15 20 -15
36 -18 71 -14 30 3 45 1 45 -7 0 -6 7 -11 15 -11 24 0 18 18 -15 42 -31 23
-41 58 -15 58 8 0 23 -10 34 -21 12 -13 26 -19 36 -15 19 7 11 26 -11 26 -8 0
-14 7 -14 15 0 32 -37 36 -116 14 -64 -19 -77 -20 -85 -8 -5 8 -7 23 -3 34 3
11 11 88 16 171 11 141 10 153 -8 190 -19 39 -19 39 -72 36 -48 -2 -53 -1 -62
23 -23 59 3 82 51 46 36 -27 49 -20 49 25 0 19 6 45 14 57 10 17 12 54 8 155
-4 117 -7 134 -23 143 -11 5 -19 18 -19 28 0 12 -11 23 -30 30 -23 7 -30 16
-30 35 0 26 -35 58 -98 91 -39 19 -62 14 -62 -15 0 -13 7 -20 20 -20 24 0 35
-22 25 -47 -6 -16 -8 -16 -22 5 -9 12 -24 22 -33 22 -49 0 -71 42 -29 55 24 8
20 29 -7 32 -10 1 -41 -5 -69 -13z m305 -278 c0 -8 -5 -18 -11 -22 -14 -8 -33
11 -25 25 10 16 36 13 36 -3z m-50 -62 c0 -14 -12 -19 -23 -8 -9 9 4 35 14 28
5 -3 9 -12 9 -20z m-60 -300 c0 -8 -7 -14 -15 -14 -15 0 -21 21 -9 33 10 9 24
-2 24 -19z m-238 -10 c22 -14 -13 -63 -55 -77 -9 -4 -20 -8 -23 -9 -8 -4 -14
83 -7 95 5 8 68 1 85 -9z m-132 -54 c31 -31 26 -52 -12 -48 -33 3 -46 23 -34
54 7 19 22 18 46 -6z m427 -108 c13 -9 36 -62 29 -69 -3 -3 -28 -6 -57 -7 -55
-1 -72 12 -44 36 9 7 24 21 33 30 20 19 23 20 39 10z m70 -108 c-9 -9 -28 6
-21 18 4 6 10 6 17 -1 6 -6 8 -13 4 -17z m-69 -16 c2 -10 -2 -18 -9 -18 -7 0
-20 -6 -28 -14 -9 -7 -48 -17 -87 -20 -57 -6 -73 -4 -84 8 -10 13 -9 17 6 22
11 4 26 13 34 20 15 13 77 22 135 20 20 -1 31 -7 33 -18z"/>
<path d="M909 3991 c-26 -20 -19 -41 15 -41 22 0 46 17 46 32 0 4 -9 12 -19
18 -15 7 -25 5 -42 -9z"/>
<path d="M1016 3993 c-23 -23 27 -90 78 -103 12 -3 22 -16 24 -28 4 -24 30
-30 50 -10 19 19 14 26 -15 30 -41 4 -39 41 2 48 18 3 31 12 33 24 5 25 -6 34
-55 42 -39 6 -43 5 -43 -14 0 -12 -4 -23 -9 -26 -14 -9 -41 4 -41 19 0 16 -15
27 -24 18z"/>
<path d="M1207 3913 c-25 -24 22 -73 70 -73 10 0 31 -16 47 -35 16 -19 36 -35
44 -35 19 0 9 -24 -11 -28 -10 -2 -17 3 -17 12 0 21 -49 21 -56 1 -10 -26 -43
-18 -50 13 -15 59 -20 63 -59 39 -22 -14 -34 -30 -35 -45 0 -12 -8 -26 -17
-29 -10 -4 -22 -12 -26 -20 -5 -7 -17 -11 -30 -8 -28 7 -40 -2 -60 -43 -16
-33 -16 -33 6 -26 19 6 20 5 9 -8 -9 -11 -10 -23 -2 -42 13 -35 36 -33 55 4 9
17 22 30 31 30 26 0 71 -28 97 -61 25 -33 47 -32 47 1 0 32 -12 51 -36 61 -31
11 -31 34 0 55 33 21 65 15 89 -18 l21 -28 -23 -30 -22 -31 21 -34 c29 -47 55
-47 46 0 -5 24 -2 42 9 59 23 34 16 68 -17 84 -45 21 -35 40 19 38 42 -1 49
-5 63 -31 8 -16 20 -35 27 -42 6 -7 13 -18 15 -25 6 -16 38 -2 38 16 0 8 -16
30 -36 49 -30 28 -36 39 -30 60 7 30 30 27 58 -7 17 -21 17 -21 24 -1 4 11 14
28 22 38 8 9 13 17 11 18 -53 7 -99 7 -104 -1 -3 -5 -21 -10 -38 -10 -30 1
-31 1 -12 15 19 15 19 16 0 48 -27 47 -63 77 -91 77 -27 0 -31 -14 -9 -37 20
-19 9 -39 -12 -21 -8 7 -19 22 -24 35 -8 22 -38 31 -52 16z m21 -170 c-5 -26
-38 -29 -38 -4 0 15 6 21 21 21 14 0 19 -5 17 -17z m-63 -45 c12 -29 11 -34
-3 -42 -24 -14 -55 29 -39 55 17 27 26 24 42 -13z"/>
<path d="M550 3865 c-5 -14 -13 -45 -16 -68 -7 -47 -27 -98 -55 -139 -11 -14
-19 -34 -19 -45 0 -15 2 -15 10 -3 15 23 24 3 12 -25 -22 -49 -8 -91 22 -66
10 9 15 8 20 -4 7 -20 26 -10 26 14 0 10 7 24 15 31 14 12 13 16 -6 36 -22 23
-22 24 -4 44 18 19 17 21 0 40 -17 19 -17 22 -3 36 13 13 19 14 36 3 16 -10
23 -10 36 0 12 10 20 9 44 -9 28 -21 29 -25 19 -53 -8 -23 -7 -32 1 -35 7 -2
12 -14 12 -27 0 -30 16 -42 65 -49 35 -6 37 -5 17 6 -27 14 -24 46 8 78 11 11
20 26 20 33 0 7 7 4 15 -7 17 -23 20 -76 4 -76 -6 0 -8 -9 -4 -20 4 -12 2 -27
-5 -35 -6 -7 -10 -19 -9 -27 4 -35 -1 -40 -33 -34 -35 6 -69 -6 -49 -18 27
-17 -1 -92 -36 -99 -14 -3 -30 4 -43 18 -30 32 -25 45 18 42 35 -2 37 -1 38
31 1 18 7 44 14 57 7 14 11 28 8 31 -9 8 -48 -19 -48 -34 0 -19 -46 -37 -63
-24 -10 9 -17 0 -30 -39 -10 -28 -25 -53 -32 -56 -15 -5 -95 -163 -95 -187 0
-8 -7 -16 -15 -20 -8 -3 -15 -15 -15 -26 0 -11 -4 -20 -10 -20 -5 0 -10 14
-10 30 0 17 -4 30 -9 30 -5 0 -14 -13 -21 -30 -7 -16 -18 -30 -24 -30 -19 0
-36 22 -36 46 0 25 35 38 74 28 22 -5 26 -1 35 33 6 21 11 43 11 49 0 7 7 14
15 18 9 3 15 18 15 36 0 16 3 30 8 30 9 0 45 100 39 107 -3 2 -8 -4 -11 -15
-4 -11 -13 -23 -21 -26 -8 -3 -15 -17 -15 -30 0 -15 -8 -30 -20 -36 -11 -6
-20 -17 -20 -25 0 -28 -20 -15 -21 13 l0 27 -10 -25 c-5 -14 -17 -31 -27 -38
-15 -12 -15 -13 6 -18 15 -4 22 -14 22 -30 0 -29 -3 -29 -36 -7 -21 14 -30 14
-46 4 -19 -11 -19 -10 -14 36 5 34 4 42 -3 27 -5 -12 -16 -24 -25 -27 -11 -5
-16 -19 -16 -50 0 -23 -7 -68 -15 -99 -13 -50 -13 -62 0 -98 8 -23 28 -59 45
-80 16 -21 30 -45 30 -54 0 -19 40 -85 64 -105 17 -14 106 -7 106 9 0 4 20 27
45 51 25 24 48 52 51 63 4 12 13 28 20 37 10 11 12 29 8 62 -11 82 -78 121
-80 47 -2 -100 -3 -100 -36 -116 -18 -8 -46 -23 -63 -34 -45 -28 -57 -25 -38
9 16 27 16 31 -5 79 -28 64 -28 92 -2 92 10 0 23 -7 28 -16 6 -11 16 -13 36
-8 28 7 46 37 46 76 0 12 12 45 26 75 15 30 28 70 30 89 1 20 4 38 7 40 10 11
57 -17 57 -34 0 -9 7 -28 16 -41 16 -22 16 -25 0 -51 -9 -16 -16 -37 -16 -47
0 -21 29 -53 47 -53 14 0 44 -78 32 -86 -19 -11 -9 -34 16 -34 14 0 25 -4 25
-9 0 -6 10 -21 23 -34 26 -29 97 -161 97 -181 0 -7 6 -19 14 -25 7 -6 16 -36
18 -66 3 -39 10 -59 23 -69 17 -12 17 -18 7 -40 -8 -19 -9 -34 -1 -53 10 -27
11 -27 25 -9 14 19 15 19 54 -19 22 -22 40 -44 40 -50 0 -6 11 -30 25 -55 30
-54 125 -249 125 -258 0 -3 6 -13 14 -21 15 -18 35 -88 41 -146 3 -22 6 -49 7
-60 3 -20 4 -20 -120 -42 -21 -3 -41 0 -57 11 -13 9 -40 16 -58 16 -20 0 -44
8 -57 20 -13 11 -34 20 -47 20 -19 0 -23 -5 -23 -31 0 -20 -4 -29 -12 -27 -18
6 -19 105 -2 147 8 18 14 46 14 60 0 15 7 36 15 47 17 23 21 124 4 124 -7 0
-9 10 -5 25 5 21 2 25 -26 29 -18 3 -46 4 -63 4 l-30 -1 0 -161 c0 -108 4
-168 12 -182 9 -16 10 -36 2 -80 -26 -149 -28 -186 -12 -253 8 -36 21 -78 29
-93 8 -14 14 -34 14 -45 0 -10 7 -27 15 -37 8 -11 15 -30 15 -42 0 -12 6 -27
14 -33 8 -7 18 -26 21 -42 4 -16 11 -31 16 -34 5 -4 9 -19 9 -35 0 -30 36
-100 51 -100 5 0 9 -13 9 -29 0 -30 14 -41 56 -41 42 0 26 -19 -18 -22 -38 -3
-43 -6 -43 -27 0 -15 -9 -28 -22 -34 -19 -8 -53 -83 -53 -117 0 -7 -9 -23 -20
-37 -11 -14 -20 -37 -20 -52 0 -14 -7 -35 -15 -45 -8 -11 -15 -39 -15 -62 0
-23 -6 -47 -13 -53 -8 -6 -19 -29 -26 -52 -15 -51 -6 -63 58 -79 40 -9 53 -19
75 -52 19 -29 24 -44 16 -52 -15 -15 -12 -27 8 -25 40 4 62 -2 62 -16 0 -10
-10 -15 -30 -15 -23 0 -33 -6 -40 -24 -12 -33 -25 -39 -49 -24 -27 17 -32 31
-21 67 6 23 4 33 -9 46 -23 20 -34 8 -62 -71 -32 -92 -42 -154 -30 -181 11
-23 12 -23 199 -23 184 0 189 1 210 23 28 30 29 98 3 147 -10 20 -48 65 -85
102 -36 37 -66 71 -66 77 0 6 -11 11 -24 11 -13 0 -36 3 -52 6 -26 5 -29 10
-31 50 -1 43 9 65 22 44 10 -15 52 -12 59 5 6 17 32 20 41 6 3 -5 -2 -17 -11
-26 -12 -11 -14 -25 -10 -50 6 -31 11 -35 37 -35 26 0 32 6 48 43 10 24 22 72
26 107 9 77 45 194 85 270 43 85 64 177 57 259 -3 38 -10 77 -15 88 -5 10 -18
37 -30 60 -12 23 -22 52 -22 63 0 30 -38 78 -45 58 -3 -8 -1 -27 5 -42 5 -15
10 -42 10 -59 0 -18 7 -42 15 -54 10 -14 18 -57 22 -115 7 -114 0 -125 -70
-107 -33 8 -54 21 -77 50 -17 21 -37 39 -45 39 -25 0 -28 22 -6 40 31 23 41
125 16 163 -9 14 -14 31 -10 37 4 7 -3 24 -16 38 -31 35 -49 67 -49 89 0 10
-13 44 -28 75 -23 47 -26 60 -15 70 10 11 4 18 -35 38 -58 31 -62 36 -62 81 0
51 21 66 48 34 26 -30 73 -37 256 -39 l134 -1 5 45 c3 30 16 63 41 98 35 53
40 84 16 117 -13 18 -60 161 -60 182 0 11 -9 30 -20 43 -11 13 -20 34 -20 47
0 14 -9 36 -20 50 -11 14 -20 31 -20 39 0 20 23 23 44 5 17 -15 18 -15 15 4
-3 11 -13 21 -24 23 -11 2 -24 9 -30 15 -5 7 -27 21 -47 32 -34 17 -38 24 -38
58 0 22 -6 51 -14 65 -8 15 -26 52 -41 82 -34 69 -84 145 -124 188 -35 38 -39
52 -13 52 19 0 92 -66 133 -120 23 -30 31 -34 66 -32 33 2 47 -3 77 -30 21
-18 47 -35 59 -38 18 -5 22 -13 22 -50 0 -36 -6 -51 -28 -75 -30 -32 -32 -58
-5 -63 10 -2 22 8 30 25 10 20 22 29 47 33 42 6 49 23 22 47 -35 29 -26 41 32
41 28 0 66 2 82 4 28 3 30 1 30 -33 0 -36 27 -79 49 -79 6 0 19 14 28 30 9 17
24 30 32 30 8 0 27 15 41 34 15 19 36 36 48 38 12 2 22 9 21 16 -1 6 -2 28 -2
47 -2 28 -6 35 -22 35 -11 0 -23 -6 -26 -14 -8 -21 -165 -60 -210 -52 -46 9
-153 107 -161 148 -3 15 -9 28 -14 28 -5 0 -9 11 -9 24 0 30 -9 56 -20 56 -17
0 -16 -36 2 -75 10 -22 18 -50 18 -63 0 -13 7 -30 15 -38 8 -9 15 -20 15 -25
0 -12 -17 -12 -25 1 -3 6 -19 10 -35 10 -16 0 -32 5 -35 10 -3 6 -18 10 -32
10 -25 0 -83 30 -114 60 -9 8 -28 41 -43 73 -27 59 -40 70 -49 38 -2 -10 -17
-21 -32 -25 -25 -6 -34 -2 -72 40 -24 27 -43 52 -43 57 0 5 -11 7 -25 5 -25
-5 -34 5 -15 17 6 3 10 37 10 75 l0 68 43 5 c63 7 118 -34 133 -98 7 -32 59
-93 70 -82 4 4 12 3 18 -2 6 -5 28 -14 49 -21 26 -8 37 -17 33 -26 -6 -16 34
-83 51 -84 20 0 38 119 21 140 -27 32 -138 53 -153 30 -8 -13 -46 7 -43 23 1
7 -6 33 -16 59 -21 55 -17 126 8 140 18 10 21 59 5 75 -14 14 -3 33 19 33 10
0 26 10 36 21 26 31 9 60 -58 98 -75 42 -92 41 -66 -1 11 -18 28 -36 37 -39
17 -6 17 -7 -1 -14 -12 -5 -31 -1 -52 10 -37 20 -51 60 -41 118 8 50 -3 87
-27 97 -12 4 -28 15 -35 24 -13 15 -15 15 -32 0 -16 -14 -18 -14 -29 5 -13 24
-35 28 -44 6 -11 -30 -33 -13 -67 52 -38 75 -63 90 -79 48z m220 -187 c0 -25
-27 -58 -47 -58 -7 0 -13 7 -13 15 0 8 5 15 10 15 6 0 15 11 20 25 12 31 30
33 30 3z m163 -238 c3 -13 0 -20 -9 -20 -8 0 -29 -10 -47 -22 -18 -13 -34 -24
-36 -25 -2 -2 1 -14 9 -27 14 -27 7 -61 -11 -50 -6 3 -22 0 -36 -7 -22 -12
-27 -11 -42 7 -9 11 -22 19 -29 16 -6 -2 -12 4 -12 13 0 11 5 15 16 11 17 -7
74 19 74 34 0 6 -9 10 -20 10 -15 0 -20 7 -20 24 0 35 20 43 40 17 14 -20 18
-21 29 -7 7 8 10 20 6 26 -4 6 0 19 10 30 14 16 19 16 44 4 16 -8 31 -23 34
-34z m-18 -110 c-7 -11 -35 -14 -35 -4 0 3 5 15 11 26 10 19 12 20 21 5 5 -10
6 -22 3 -27z m-595 -235 c0 -8 -4 -15 -10 -15 -5 0 -10 7 -10 15 0 8 5 15 10
15 6 0 10 -7 10 -15z m475 -55 c3 -5 3 -15 0 -20 -7 -12 -45 5 -45 20 0 13 37
13 45 0z m103 -157 c19 -19 27 -31 75 -123 18 -36 50 -96 70 -133 39 -72 44
-92 26 -102 -14 -10 -50 26 -73 72 -10 21 -22 45 -27 53 -5 8 -14 27 -20 43
-6 15 -15 27 -20 27 -5 0 -9 15 -9 34 0 19 -11 54 -25 77 -35 62 -33 89 3 52z
m-23 -1162 c6 -11 -14 -61 -25 -61 -6 0 -15 15 -38 63 -5 10 56 9 63 -2z m35
-122 c7 -16 9 -36 6 -45 -3 -9 7 -44 24 -79 17 -35 28 -70 24 -78 -3 -8 -1
-18 5 -22 6 -3 11 -23 11 -44 0 -28 6 -42 22 -53 12 -8 18 -19 14 -26 -13 -22
-22 -13 -61 63 -36 69 -38 75 -23 92 17 19 10 45 -18 68 -19 15 -54 87 -54
110 0 12 -5 26 -11 32 -6 6 -8 16 -5 22 11 17 53 -8 66 -40z m156 -681 c12
-19 23 -92 17 -115 -7 -30 -24 -29 -57 2 -20 19 -34 23 -53 19 -23 -6 -24 -5
-13 15 8 16 17 20 31 16 13 -5 21 -1 25 12 20 62 34 77 50 51z m-29 -202 c-7
-21 -42 -12 -45 12 -3 21 -2 21 23 10 14 -6 24 -16 22 -22z m-87 3 c0 -5 -7
-9 -15 -9 -15 0 -20 12 -9 23 8 8 24 -1 24 -14z m120 -341 c0 -10 -7 -18 -15
-18 -15 0 -21 40 -8 53 9 9 23 -13 23 -35z m40 -108 c0 -23 -5 -30 -19 -30
-11 0 -23 5 -27 11 -8 14 -121 5 -172 -14 -22 -7 -38 -8 -48 -2 -49 31 36 64
169 64 l97 1 0 -30z"/>
<path d="M983 3883 c-12 -2 -27 -11 -33 -18 -18 -21 -5 -45 19 -38 26 7 71 -4
71 -17 0 -6 -20 -10 -45 -10 -31 0 -45 -4 -45 -13 0 -8 -16 -22 -35 -33 -33
-17 -34 -20 -20 -41 8 -12 12 -29 9 -37 -3 -9 -3 -24 0 -33 6 -13 14 -9 46 25
21 23 43 42 49 42 6 0 11 9 11 20 0 18 4 20 41 14 41 -7 42 -7 35 20 -4 17 -1
35 10 51 16 25 16 25 -12 25 -21 0 -32 7 -39 22 -10 24 -25 29 -62 21z"/>
<path d="M1957 3793 c-4 -3 -7 -15 -7 -25 0 -10 -7 -18 -15 -18 -24 0 -55 -60
-55 -107 0 -48 26 -99 62 -118 56 -32 112 -55 133 -55 12 0 29 -8 37 -17 30
-36 38 -86 38 -254 0 -141 2 -169 14 -169 19 0 28 -14 21 -33 -7 -17 -76 -57
-99 -57 -13 0 -14 4 -4 25 7 16 19 25 35 25 14 0 23 6 23 15 0 8 -8 15 -18 15
-19 0 -62 -39 -62 -56 0 -15 -46 -38 -64 -31 -8 3 -16 16 -18 29 -2 18 -9 23
-32 23 -43 0 -43 -21 1 -48 21 -13 47 -34 57 -46 22 -24 56 -28 56 -6 0 22 36
18 59 -6 24 -26 45 -16 36 18 -5 23 -4 24 23 18 22 -4 31 -2 35 9 8 20 46 21
53 1 3 -8 14 -17 24 -20 16 -5 17 -10 8 -31 -12 -27 -28 -30 -59 -11 -17 10
-22 9 -30 -5 -6 -10 -19 -18 -29 -18 -13 0 -22 -9 -26 -27 -12 -45 -29 -70
-44 -65 -8 2 -32 23 -53 45 -22 24 -41 37 -45 31 -4 -6 -15 -13 -24 -17 -11
-4 -15 -13 -11 -27 5 -19 7 -19 23 -5 29 26 44 -13 15 -41 -8 -9 -15 -27 -15
-41 0 -30 -24 -26 -28 5 -5 35 -22 25 -22 -13 0 -28 -4 -35 -20 -35 -15 0 -20
-7 -20 -28 0 -17 -10 -38 -25 -52 -29 -27 -31 -23 -38 71 -4 56 -2 69 14 83
24 20 24 45 2 62 -29 22 -39 16 -35 -20 3 -30 0 -36 -25 -50 -44 -22 -58 -43
-43 -61 12 -14 15 -14 31 1 18 16 19 16 19 -4 0 -12 -13 -31 -30 -44 -31 -23
-80 -105 -80 -135 0 -21 -64 -146 -96 -189 -13 -17 -24 -36 -24 -42 0 -6 -13
-33 -28 -59 -16 -26 -31 -55 -35 -63 -18 -39 -116 -182 -143 -208 -34 -32 -42
-72 -18 -89 10 -7 25 -10 34 -7 31 15 90 16 90 3 0 -7 6 -20 14 -28 7 -9 17
-26 20 -38 6 -20 4 -23 -18 -23 -35 0 -56 -10 -56 -26 0 -9 12 -14 35 -14 29
0 37 5 45 26 6 14 14 22 20 19 16 -10 12 -57 -7 -77 -13 -14 -14 -21 -5 -30 9
-9 12 -8 12 5 0 9 6 17 13 17 13 0 47 -54 47 -75 0 -8 6 -18 13 -22 6 -4 23
-30 36 -58 14 -27 43 -81 66 -120 23 -38 52 -92 64 -120 12 -27 29 -61 36 -75
51 -96 85 -167 85 -177 0 -6 11 -25 25 -41 14 -17 25 -34 25 -39 0 -5 16 -32
35 -62 19 -29 35 -59 35 -67 0 -8 7 -17 15 -20 8 -3 19 -24 25 -45 11 -39 48
-69 85 -69 21 0 19 34 -5 55 -11 10 -20 22 -20 26 0 4 -19 36 -43 71 -24 35
-53 83 -66 108 -12 25 -31 59 -41 75 -10 17 -53 98 -95 180 -42 83 -96 186
-121 230 -24 44 -53 98 -64 120 -34 65 -53 97 -98 164 -23 35 -42 71 -42 80 0
10 -7 26 -15 37 -8 10 -15 29 -15 40 0 12 -7 27 -15 34 -26 21 -17 36 50 91
111 90 151 155 141 231 -9 68 18 164 53 186 14 8 44 33 66 53 22 21 73 56 114
77 91 48 182 117 314 238 22 20 63 51 93 70 37 24 56 43 60 62 3 15 10 48 17
74 9 39 8 57 -6 101 -9 30 -17 71 -17 91 0 21 -6 50 -14 64 -19 38 -42 98 -61
160 -8 28 -22 74 -30 101 -8 27 -15 62 -15 78 0 30 -26 63 -49 63 -6 0 -16
-12 -21 -26 -8 -20 -15 -24 -31 -19 -12 4 -32 1 -45 -6 -19 -10 -27 -10 -36
-1 -9 9 -7 22 8 54 12 24 19 48 17 55 -5 15 -61 6 -84 -13 -8 -8 -22 -14 -31
-14 -30 0 -78 22 -78 36 0 13 31 25 60 22 33 -3 50 3 50 17 0 7 7 18 16 23 15
8 15 11 -5 31 -20 20 -70 29 -84 14z m68 -33 c4 -6 -7 -10 -25 -10 -18 0 -29
4 -25 10 3 6 15 10 25 10 10 0 22 -4 25 -10z m10 -210 c3 -5 -3 -10 -14 -10
-12 0 -21 5 -21 10 0 6 6 10 14 10 8 0 18 -4 21 -10z m221 -197 c-11 -11 -19
6 -11 24 8 17 8 17 12 0 3 -10 2 -21 -1 -24z m52 -108 c17 -21 19 -35 15 -83
-4 -45 -2 -60 11 -71 17 -14 23 -86 7 -95 -12 -8 -21 18 -21 60 0 24 -4 32
-14 28 -7 -3 -20 6 -29 19 -14 22 -14 27 3 55 19 30 18 62 -1 62 -5 0 -9 11
-9 25 0 32 13 32 38 0z"/>
<path d="M3445 3790 c-3 -5 0 -19 7 -30 14 -22 58 -25 65 -4 4 13 -64 46 -72
34z"/>
<path d="M1450 3590 c-12 -7 -12 -12 0 -34 12 -24 39 -34 52 -20 7 6 -20 64
-30 64 -4 0 -14 -4 -22 -10z"/>
<path d="M3844 3555 c11 -8 27 -15 35 -15 10 1 7 6 -9 15 -33 19 -50 18 -26 0z"/>
<path d="M629 3539 c-16 -30 3 -45 25 -20 10 11 15 25 11 30 -10 17 -23 13
-36 -10z"/>
<path d="M3200 3525 c0 -8 5 -15 10 -15 6 0 10 7 10 15 0 8 -4 15 -10 15 -5 0
-10 -7 -10 -15z"/>
<path d="M431 3477 c-20 -22 -30 -77 -13 -77 12 0 52 57 52 74 0 25 -16 26
-39 3z"/>
<path d="M333 3414 c-17 -18 -22 -29 -15 -36 13 -13 32 -2 32 21 0 9 5 22 12
29 7 7 9 12 5 12 -5 0 -20 -12 -34 -26z"/>
<path d="M3950 3325 c0 -24 5 -35 15 -35 15 0 20 26 9 54 -11 28 -24 17 -24
-19z"/>
<path d="M3396 3214 c-10 -25 -7 -42 10 -58 23 -24 34 -19 34 13 0 39 -9 61
-25 61 -7 0 -16 -7 -19 -16z"/>
<path d="M834 3198 c-11 -18 -6 -81 8 -94 7 -7 25 -16 41 -19 23 -6 27 -4 27
13 0 11 -7 25 -15 32 -8 7 -17 27 -21 46 -6 34 -26 45 -40 22z"/>
<path d="M1306 3175 c-9 -14 -15 -25 -14 -26 2 0 20 -2 41 -5 40 -5 47 7 23
39 -18 23 -31 21 -50 -8z"/>
<path d="M4165 3052 c-19 -4 -45 -28 -45 -43 0 -7 54 -29 71 -29 11 0 12 67 2
73 -5 2 -17 2 -28 -1z"/>
<path d="M3940 3009 c-20 -46 -1 -59 49 -31 21 12 49 22 62 22 15 1 3 8 -31
20 -70 25 -65 25 -80 -11z"/>
<path d="M680 2830 c-6 -11 -24 -23 -40 -27 -16 -3 -36 -16 -45 -29 -18 -27
-60 -32 -69 -8 -4 12 -19 14 -63 12 -49 -3 -58 -6 -55 -21 5 -30 59 -103 99
-133 32 -25 46 -29 91 -27 39 2 52 -1 50 -10 -3 -6 -17 -13 -31 -15 -36 -4
-34 -22 6 -50 19 -12 40 -35 48 -50 20 -38 82 -122 91 -122 4 0 11 7 16 17 7
12 18 15 45 10 32 -5 40 -2 62 24 14 17 25 34 25 38 0 15 -25 31 -51 31 -15 0
-29 7 -33 16 -5 13 -9 14 -20 4 -12 -9 -20 -8 -40 5 -24 16 -26 21 -19 74 3
31 10 58 15 59 11 5 10 52 -1 52 -5 0 -12 -11 -15 -25 -5 -21 -12 -25 -42 -25
-42 0 -53 20 -30 55 14 21 14 25 2 25 -7 0 -16 -7 -19 -14 -6 -15 -73 -33 -83
-23 -11 11 17 47 41 53 21 5 24 10 19 31 -6 22 -4 24 14 19 35 -12 82 50 53
69 -6 3 -15 -4 -21 -15z m30 -305 c0 -8 -4 -15 -10 -15 -5 0 -10 7 -10 15 0 8
5 15 10 15 6 0 10 -7 10 -15z"/>
<path d="M1937 2833 c-13 -12 -7 -23 13 -23 11 0 20 7 20 15 0 15 -21 21 -33
8z"/>
<path d="M707 2743 c-16 -15 -6 -34 15 -31 29 4 38 38 10 38 -10 0 -22 -3 -25
-7z"/>
<path d="M1116 2742 c-6 -11 4 -25 34 -45 30 -21 40 -21 40 -4 0 25 -63 66
-74 49z"/>
<path d="M3168 2733 c-27 -29 -24 -45 34 -191 23 -57 27 -77 18 -87 -7 -8 -8
-19 -4 -26 4 -7 8 -26 9 -43 4 -46 49 -134 95 -186 81 -90 94 -103 122 -112
17 -6 28 -17 28 -28 0 -10 23 -37 50 -60 54 -45 59 -63 34 -111 -21 -41 -11
-78 31 -119 31 -30 33 -35 20 -54 -9 -11 -15 -43 -15 -71 0 -53 -22 -235 -41
-339 -19 -106 -83 -311 -100 -322 -5 -3 -9 -29 -9 -58 0 -28 -5 -57 -11 -63
-14 -14 -49 -110 -49 -133 0 -9 16 -31 35 -50 38 -37 43 -57 20 -74 -8 -6 -22
-36 -31 -66 -57 -202 -56 -194 -9 -238 l36 -33 97 5 c53 2 122 8 152 13 l55 8
3 94 c3 87 1 96 -21 120 -13 14 -29 37 -35 51 -7 14 -17 33 -24 42 -10 13 -6
27 20 77 18 34 32 71 32 83 0 21 22 104 45 168 7 19 21 62 31 95 9 33 22 66
28 74 12 16 35 75 43 111 7 32 124 209 165 249 18 17 40 31 50 31 23 0 89 -28
247 -104 51 -26 103 -46 116 -46 23 0 55 -28 55 -49 0 -6 -6 -22 -14 -34 -7
-12 -14 -36 -14 -54 0 -17 -7 -42 -15 -55 -8 -13 -22 -45 -32 -73 -9 -27 -23
-63 -30 -80 -8 -16 -16 -37 -20 -45 -10 -26 -31 -59 -50 -80 -11 -12 -15 -27
-11 -43 4 -19 0 -26 -18 -35 -13 -6 -39 -30 -58 -54 -66 -81 -83 -135 -53
-174 8 -10 15 -26 15 -34 0 -16 42 -60 56 -60 5 0 28 -19 51 -42 43 -42 43
-43 43 -113 l0 -71 63 -62 c34 -34 76 -66 93 -71 37 -11 257 3 301 19 65 24
60 103 -9 140 -98 52 -112 60 -128 75 -11 10 -18 30 -18 46 1 34 -60 179 -76
179 -6 0 -28 -9 -49 -20 -20 -11 -43 -20 -51 -20 -8 0 -23 -12 -33 -26 -28
-38 -56 -25 -78 34 -10 26 -24 56 -30 67 -25 40 -38 122 -25 160 14 42 24 44
55 6 25 -29 46 -36 155 -51 51 -7 58 -5 93 22 20 16 37 36 37 45 0 37 74 352
105 448 27 82 35 123 35 180 0 72 -1 74 -32 97 -18 12 -56 46 -84 75 -28 29
-59 53 -68 53 -9 0 -34 11 -56 25 -42 27 -60 31 -60 15 0 -5 7 -10 15 -10 8 0
15 -4 15 -9 0 -4 19 -21 43 -37 23 -16 58 -47 77 -68 19 -21 50 -55 68 -74 30
-30 33 -39 27 -71 -4 -20 -10 -40 -15 -45 -12 -12 -41 37 -38 65 5 40 -24 28
-39 -16 -13 -37 -13 -41 7 -54 25 -17 26 -41 1 -41 -11 0 -27 -3 -36 -6 -11
-4 -29 8 -58 38 -42 45 -96 78 -126 78 -9 0 -30 12 -46 27 -36 34 -89 63 -114
63 -10 0 -35 11 -55 25 -40 27 -56 31 -72 15 -16 -16 -46 0 -41 21 7 26 -10
34 -18 9 -3 -11 -15 -20 -26 -20 -11 0 -19 -7 -19 -18 0 -24 -35 -44 -65 -36
-18 5 -25 2 -25 -9 0 -8 6 -18 13 -20 16 -7 -11 -27 -38 -27 -22 0 -45 -40
-45 -76 0 -16 -5 -21 -18 -18 -19 5 -62 -29 -62 -49 0 -7 -6 -25 -12 -41 -10
-20 -19 -26 -35 -23 -29 5 -29 -10 -1 -33 19 -15 21 -22 13 -46 -13 -35 -49
-54 -92 -47 -53 8 -57 69 -7 92 23 10 25 16 24 69 -1 31 1 106 3 165 5 107 6
111 52 173 18 25 -7 33 -45 16 -28 -14 -36 -24 -38 -50 -6 -62 -22 -31 -22 44
0 69 2 75 19 69 26 -8 57 5 39 16 -7 5 -23 9 -35 9 -23 0 -31 14 -14 25 6 3
61 6 124 6 79 0 122 5 141 15 17 8 57 14 97 14 73 0 84 7 75 46 -8 29 -22 31
-31 5 -4 -15 -20 -20 -81 -25 -86 -8 -112 2 -91 34 16 26 3 35 -54 36 -67 2
-67 2 -39 24 l25 20 -42 0 c-28 0 -45 5 -51 16 -6 11 -17 15 -31 11 -16 -4
-25 1 -36 23 -21 40 -19 50 11 50 21 0 29 8 47 50 16 39 26 50 44 50 24 0 31
14 12 26 -6 3 -15 0 -20 -7 -8 -12 -10 -12 -18 1 -11 16 -5 30 13 30 21 0 46
35 46 63 0 15 5 27 10 27 6 0 10 -9 10 -20 0 -11 5 -20 10 -20 6 0 10 12 10
28 0 15 9 35 20 45 11 9 21 29 22 44 0 16 1 35 2 43 1 21 30 24 46 5 19 -23
30 -18 30 13 0 38 -95 135 -111 112 -5 -8 -8 -34 -5 -57 4 -29 1 -45 -9 -53
-8 -7 -15 -20 -15 -30 0 -17 -34 -66 -85 -122 -13 -16 -27 -40 -31 -55 -4 -16
-12 -37 -19 -49 -8 -11 -18 -40 -25 -63 -17 -65 -49 -66 -66 -3 -8 30 13 98
44 139 16 22 20 33 12 38 -17 11 -65 -28 -68 -56 -2 -13 -9 -29 -16 -34 -7 -6
-16 -20 -20 -33 -14 -42 -56 -15 -56 37 0 39 32 91 56 91 13 0 27 8 33 17 6
12 23 17 58 18 44 0 48 2 48 25 0 18 -6 26 -23 28 -28 4 -105 -24 -151 -55
-19 -13 -42 -21 -52 -18 -16 5 -17 1 -12 -31 4 -27 3 -35 -5 -30 -7 4 -12 14
-12 22 0 17 -5 18 -31 2 -18 -11 -23 -10 -40 11 -32 39 -22 86 13 54 17 -15
19 -15 38 2 29 26 27 73 -4 85 -14 5 -30 18 -36 30 -6 11 -17 20 -25 20 -8 0
-15 5 -15 10 0 6 -11 8 -25 4 -21 -5 -25 -3 -25 14 0 14 15 30 45 48 25 14 42
30 39 35 -9 15 -46 10 -59 -8 -13 -18 -35 -10 -35 14 0 8 10 29 22 45 20 28
24 30 67 24 38 -5 55 -16 106 -65 33 -32 76 -67 95 -77 47 -25 111 -73 131
-97 21 -26 46 -16 55 20 4 15 15 36 25 46 22 21 25 47 6 47 -8 0 -24 -11 -37
-25 -29 -31 -44 -32 -37 -3 5 17 -3 31 -33 58 -22 20 -40 46 -40 58 0 15 -14
26 -55 43 -30 12 -55 26 -55 31 0 4 -18 8 -40 8 -22 0 -40 4 -40 8 0 16 -112
54 -173 59 -53 5 -65 2 -79 -14z m335 -105 c15 -11 27 -28 27 -39 0 -25 -17
-25 -25 1 -3 11 -12 20 -19 20 -16 0 -48 35 -40 43 7 7 15 4 57 -25z m-183
-235 c0 -7 -4 -13 -10 -13 -5 0 -10 12 -10 28 0 21 2 24 10 12 5 -8 10 -21 10
-27z m370 -517 c0 -7 -7 -20 -16 -27 -9 -7 -20 -23 -25 -36 -14 -37 -29 -26
-29 21 0 34 4 46 18 49 34 9 52 7 52 -7z m874 -602 c14 -5 14 -8 -1 -30 -14
-22 -53 -34 -53 -16 0 8 29 52 35 52 2 0 10 -3 19 -6z m84 -79 c2 -15 1 -17
-6 -6 -6 8 -18 11 -30 7 -19 -6 -20 -12 -15 -59 3 -29 10 -53 15 -55 30 -12
-25 -62 -70 -62 -24 0 -42 -19 -42 -46 0 -29 -10 -54 -21 -54 -16 0 -32 41
-20 53 6 6 11 19 11 29 0 10 6 21 13 23 72 25 71 25 52 39 -18 13 -17 14 3 44
12 16 22 40 22 51 0 12 7 24 15 27 8 4 15 13 15 21 0 23 54 12 58 -12z m-1058
-100 c0 -8 -7 -15 -15 -15 -8 0 -15 -7 -15 -15 0 -8 -4 -15 -10 -15 -14 0 -13
8 8 35 20 28 32 32 32 10z m86 0 c12 -30 -54 -62 -71 -34 -9 14 24 49 47 49
10 0 21 -7 24 -15z m-56 -120 c6 -15 17 -25 30 -25 27 0 25 -14 -4 -33 -23
-16 -25 -15 -51 19 -22 28 -24 38 -15 49 18 21 29 18 40 -10z m983 12 c6 -17
-3 -67 -13 -67 -10 0 -19 50 -13 67 3 7 9 13 13 13 4 0 10 -6 13 -13z m-173
-71 c0 -8 -7 -16 -15 -20 -8 -3 -15 -12 -15 -21 0 -8 -4 -15 -10 -15 -16 0
-11 32 8 51 21 22 32 23 32 5z m-900 -25 c0 -9 -6 -23 -12 -29 -10 -10 -10
-17 -1 -32 16 -25 -4 -32 -35 -12 -21 14 -22 16 -7 38 8 13 15 30 15 38 0 15
19 26 33 19 4 -2 7 -12 7 -22z m-40 -106 c0 -8 -9 -15 -20 -15 -11 0 -20 7
-20 15 0 8 9 15 20 15 11 0 20 -7 20 -15z m120 -36 c0 -11 -9 -32 -20 -46 -13
-17 -18 -33 -14 -49 5 -19 2 -24 -13 -24 -40 0 -58 44 -23 55 15 5 19 12 15
25 -8 26 12 60 35 60 14 0 20 -7 20 -21z m-84 -175 c39 -30 42 -40 14 -47 -32
-8 -18 -56 20 -69 8 -3 -9 -8 -38 -13 -37 -5 -58 -3 -65 4 -9 9 -8 14 2 21 12
7 12 11 2 24 -9 11 -11 28 -6 53 12 63 19 66 71 27z m114 -60 c0 -13 -4 -24
-10 -24 -5 0 -10 14 -10 31 0 17 4 28 10 24 6 -3 10 -17 10 -31z m20 -49 c10
-12 10 -19 2 -27 -15 -15 -48 14 -38 31 10 15 21 14 36 -4z m870 -75 c0 -19
-40 -50 -64 -50 -19 0 -26 7 -31 33 -4 17 -12 38 -18 45 -12 15 -11 16 28 30
27 9 33 7 58 -19 15 -16 27 -34 27 -39z m-946 14 c9 -3 16 -9 16 -13 0 -26
-128 -57 -162 -39 -25 12 -22 28 5 28 12 1 33 7 47 15 26 15 68 19 94 9z m76
-35 c0 -15 -30 -23 -42 -11 -6 6 -8 18 -4 27 4 13 10 14 26 5 11 -6 20 -15 20
-21z m920 -29 c0 -13 -12 -25 -35 -34 -40 -17 -47 -46 -11 -46 13 0 26 7 30
15 10 28 54 37 87 18 16 -10 29 -21 29 -25 0 -5 16 -18 35 -29 39 -23 46 -54
14 -62 -15 -4 -23 1 -31 19 -9 18 -19 24 -44 24 -18 0 -39 -7 -48 -15 -18 -19
-90 -18 -133 1 -36 16 -76 61 -67 76 3 5 13 3 23 -6 21 -19 31 -12 31 21 0 18
6 23 24 23 13 0 34 9 47 20 31 25 49 25 49 0z"/>
<path d="M4130 2612 c0 -10 7 -27 15 -39 8 -11 17 -39 21 -62 7 -46 39 -75 50
-46 11 27 -5 105 -27 136 -23 32 -59 39 -59 11z"/>
<path d="M1511 2546 c-12 -18 -21 -38 -21 -45 0 -19 -21 -12 -41 13 -11 14
-34 26 -58 30 -22 3 -46 9 -55 12 -27 11 -19 -29 17 -77 35 -47 57 -100 57
-140 0 -13 7 -34 15 -46 l15 -22 27 27 c24 24 28 35 29 97 2 86 1 82 16 67 19
-19 28 -14 28 13 0 14 8 29 20 35 27 15 25 44 -4 58 -23 10 -27 8 -45 -22z"/>
<path d="M3999 2553 c-5 -14 -7 -33 -4 -41 3 -8 1 -30 -5 -48 -10 -29 -9 -38
8 -58 10 -14 27 -45 36 -70 10 -25 21 -46 24 -46 9 0 42 58 42 75 0 7 11 20
25 29 31 20 32 42 3 57 -29 16 -43 34 -67 87 -23 48 -47 54 -62 15z"/>
<path d="M4487 2573 c-4 -3 -7 -17 -7 -30 0 -12 -4 -23 -8 -23 -8 0 -16 -14
-40 -62 -7 -16 26 -7 51 12 29 23 37 25 37 9 0 -10 -19 -33 -74 -92 -19 -20
-19 -20 10 -13 51 12 58 11 62 -5 2 -11 -12 -28 -37 -45 -22 -16 -41 -32 -41
-36 0 -5 15 -8 34 -8 45 0 55 -18 25 -41 -30 -23 -47 -23 -87 -3 -33 16 -40
28 -22 39 6 3 10 17 10 31 0 13 5 24 10 24 15 0 12 19 -4 36 -19 19 -30 18
-22 -2 4 -9 -3 -32 -14 -51 -26 -44 -25 -88 1 -142 l21 -44 -29 -26 c-16 -14
-35 -35 -43 -47 -8 -11 -28 -27 -45 -35 -27 -13 -75 -71 -75 -91 0 -14 42 2
62 22 17 18 100 36 118 25 18 -11 11 -54 -10 -65 -11 -6 -36 -8 -55 -4 -24 4
-35 2 -35 -5 0 -15 -76 -50 -107 -51 -12 0 -27 -9 -33 -20 -13 -24 -10 -24 95
-10 76 9 105 1 105 -30 0 -11 10 -25 23 -31 12 -7 26 -18 30 -25 4 -8 14 -14
22 -14 7 0 15 -6 18 -12 2 -8 8 -9 13 -4 5 5 4 11 -3 13 -7 3 -13 10 -13 16 0
15 -39 51 -62 60 -11 4 -18 17 -18 31 0 73 37 75 80 4 49 -79 105 -128 148
-128 50 0 127 62 161 130 10 19 33 76 52 125 18 50 43 106 55 127 22 34 27 36
81 40 69 6 115 22 165 60 41 31 98 38 118 13 17 -20 37 -19 48 3 14 26 4 40
-39 62 -35 19 -38 22 -26 41 10 17 9 22 -6 34 -11 7 -25 11 -33 8 -9 -3 -26 7
-43 26 -31 34 -41 38 -41 16 0 -8 -9 -19 -19 -25 -11 -5 -21 -22 -23 -37 -2
-18 -14 -32 -37 -45 -30 -17 -35 -17 -50 -3 -24 21 -48 19 -61 -5 -6 -12 -21
-20 -35 -20 -34 0 -34 37 0 50 19 7 25 17 25 38 0 15 6 37 14 48 13 16 18 17
35 7 32 -20 59 -15 76 11 9 14 30 29 46 35 24 8 30 16 27 33 -3 21 -8 23 -48
20 -25 -2 -60 -13 -78 -24 -29 -18 -39 -19 -68 -10 -45 14 -64 -4 -64 -62 0
-81 -9 -103 -56 -132 -44 -28 -61 -61 -26 -50 26 8 42 -7 40 -39 -1 -17 2 -41
6 -55 4 -16 2 -32 -8 -45 -16 -20 -16 -20 -33 2 -15 18 -25 21 -59 16 -36 -5
-43 -9 -48 -34 -3 -17 -12 -29 -21 -29 -16 0 -30 -42 -22 -64 7 -19 73 -50 87
-41 5 3 13 0 16 -9 6 -15 -65 -96 -84 -96 -6 0 -16 -9 -22 -20 -6 -11 -15 -20
-19 -20 -12 0 -91 78 -91 90 0 5 9 25 20 45 11 20 20 42 20 50 0 8 9 20 20 27
11 7 20 21 20 30 0 22 -2 22 -52 -2 -23 -11 -55 -20 -71 -20 -28 0 -29 1 -22
43 9 51 28 75 64 79 14 2 25 8 23 13 -2 6 -16 9 -32 7 -15 -2 -31 2 -35 8 -10
16 13 39 34 33 9 -2 23 3 30 11 17 20 61 21 61 2 0 -8 -9 -18 -20 -21 -37 -12
-23 -35 20 -35 22 0 40 -4 40 -10 0 -5 9 -14 19 -20 17 -8 22 -5 36 23 16 32
16 32 -15 60 -17 15 -30 35 -29 45 2 17 -9 51 -37 105 -9 18 -14 60 -14 111 0
73 -3 85 -23 104 -25 24 -30 26 -40 15z m633 -312 c0 -10 -40 -19 -59 -13 -11
4 -11 6 0 13 18 11 59 11 59 0z"/>
<path d="M1617 2506 c-4 -10 -5 -21 -2 -24 9 -9 17 6 13 25 -3 17 -4 17 -11
-1z"/>
<path d="M944 2494 c3 -9 6 -18 6 -20 0 -3 5 -2 10 1 16 10 12 35 -6 35 -11 0
-14 -5 -10 -16z"/>
<path d="M4295 2477 c-51 -14 -49 -11 -37 -46 9 -25 6 -41 -19 -101 -34 -86
-35 -86 -9 -93 11 -3 20 -11 20 -17 0 -8 -9 -10 -24 -6 -16 4 -30 0 -40 -10
-21 -20 -20 -23 9 -34 19 -7 25 -17 25 -39 0 -16 4 -32 9 -35 11 -7 41 77 41
116 0 39 35 105 60 113 26 8 26 39 -2 65 l-22 20 25 2 c13 0 36 0 52 -1 35 -3
36 23 1 55 -27 26 -30 26 -89 11z"/>
<path d="M927 2353 c-13 -12 -7 -33 8 -33 8 0 15 9 15 20 0 20 -11 26 -23 13z"/>
<path d="M950 2291 c0 -11 5 -23 10 -26 6 -4 10 5 10 19 0 14 -4 26 -10 26 -5
0 -10 -9 -10 -19z"/>
<path d="M4106 2283 c-11 -11 -6 -23 9 -23 8 0 15 4 15 9 0 13 -16 22 -24 14z"/>
<path d="M3926 2216 c-4 -30 -14 -60 -22 -67 -13 -10 -11 -16 15 -43 32 -33
66 -119 57 -142 -5 -13 -62 -41 -76 -37 -3 1 -13 5 -22 8 -11 4 -18 3 -18 -4
0 -6 9 -11 19 -11 11 0 23 -5 27 -11 8 -14 65 -3 76 14 5 9 14 8 35 -4 45 -26
71 -6 37 28 -10 10 -13 24 -9 37 4 12 6 26 5 31 0 6 -2 33 -3 60 -2 59 -26 69
-41 17 l-9 -32 -19 41 c-21 49 -23 69 -5 69 22 0 6 70 -19 87 -21 13 -22 12
-28 -41z"/>
<path d="M4020 2226 c0 -8 7 -16 15 -20 8 -3 15 -15 15 -26 0 -13 7 -20 20
-20 11 0 20 5 20 10 0 6 -4 10 -9 10 -6 0 -18 14 -28 30 -18 32 -33 39 -33 16z"/>
<path d="M1044 2185 c-5 -11 5 -29 29 -53 20 -20 38 -34 41 -31 7 7 -38 93
-51 97 -7 2 -16 -4 -19 -13z"/>
<path d="M4116 2125 c-19 -29 -20 -35 -5 -35 11 0 48 40 49 53 0 17 -29 5 -44
-18z"/>
<path d="M4130 2010 c0 -38 3 -70 8 -70 18 1 46 33 63 71 24 53 24 52 -11 44
-22 -5 -32 -3 -36 9 -14 36 -24 12 -24 -54z"/>
<path d="M3860 2046 c0 -7 11 -21 25 -30 20 -13 25 -14 25 -3 0 14 -31 47 -43
47 -4 0 -7 -6 -7 -14z"/>
<path d="M4286 1752 c-3 -6 -1 -14 5 -17 15 -10 25 3 12 16 -7 7 -13 7 -17 1z"/>
<path d="M4071 1736 c-6 -7 -22 -11 -36 -8 -20 3 -25 0 -25 -17 0 -23 19 -28
38 -9 9 9 15 3 27 -26 9 -20 20 -34 25 -31 7 4 6 14 -1 27 -6 11 -9 31 -6 44
5 29 -6 39 -22 20z"/>
<path d="M1127 1693 c-14 -13 -6 -23 18 -23 28 0 34 15 9 24 -19 7 -19 7 -27
-1z"/>
<path d="M1255 1669 c-4 -11 -4 -23 0 -27 7 -7 25 17 25 36 0 20 -18 14 -25
-9z"/>
<path d="M1190 1640 c0 -10 -5 -30 -11 -44 -17 -37 -4 -69 33 -85 31 -14 182
-159 255 -245 18 -21 55 -55 83 -76 63 -47 131 -137 154 -205 10 -27 30 -88
46 -135 64 -189 122 -320 141 -320 11 0 34 -55 43 -101 3 -21 13 -42 21 -49 8
-7 15 -20 15 -29 0 -10 11 -28 24 -40 25 -24 41 -24 146 -6 27 5 43 1 71 -18
21 -14 48 -28 60 -32 13 -5 62 -26 109 -48 68 -32 99 -41 156 -45 l71 -4 39
42 c74 79 91 123 59 150 -8 7 -15 18 -15 25 0 7 -31 44 -69 83 -58 58 -78 72
-127 87 -33 9 -68 22 -79 27 -11 6 -52 13 -92 16 l-71 5 -41 -44 c-60 -65 -68
-84 -47 -108 23 -26 12 -43 -22 -35 -84 20 -139 45 -164 75 -19 22 -25 36 -18
43 6 6 10 20 10 31 0 13 18 37 45 61 50 44 53 51 28 70 -24 18 -43 17 -43 -1
0 -19 -43 -20 -59 -1 -7 8 -9 25 -6 38 5 19 -3 34 -34 69 -26 28 -41 53 -41
70 0 15 -8 37 -19 50 -13 16 -17 34 -14 59 4 26 -1 44 -19 70 -13 19 -27 43
-31 53 -3 9 -10 17 -15 17 -4 0 -6 16 -4 35 3 24 -2 42 -17 61 -12 15 -21 35
-21 45 0 11 -4 19 -10 19 -5 0 -10 -5 -10 -11 0 -6 -12 -9 -27 -7 -20 2 -28 8
-27 21 1 12 -10 24 -30 34 -26 12 -35 24 -42 57 -10 46 -37 59 -60 29 -12 -16
-15 -16 -24 -3 -6 8 -8 26 -5 39 7 28 -28 71 -56 71 -25 0 -89 31 -90 44 -1 6
-2 22 -3 36 -1 19 -7 26 -26 28 -48 6 -90 24 -90 38 0 8 -7 14 -15 14 -8 0
-15 -9 -15 -20z m1198 -1123 c2 -10 -3 -17 -11 -17 -8 0 -23 -20 -34 -45 -13
-34 -23 -45 -40 -45 -31 0 -36 -14 -11 -36 15 -14 22 -15 25 -7 18 50 131 138
164 128 23 -8 25 -21 4 -29 -8 -3 -15 -10 -15 -16 0 -13 37 -13 45 1 11 17 28
5 31 -22 8 -62 17 -85 40 -96 13 -6 33 -9 44 -6 16 4 20 0 20 -23 0 -26 -24
-64 -42 -64 -4 0 -8 7 -8 15 0 8 5 15 11 15 5 0 7 4 4 10 -11 18 -39 10 -71
-21 -27 -27 -37 -30 -64 -24 l-33 7 37 33 c32 28 34 34 21 45 -12 10 -16 9
-21 -4 -9 -22 -31 -20 -44 5 -15 27 -54 22 -58 -8 -2 -13 -5 -23 -8 -23 -16 0
-72 31 -88 49 -11 11 -24 21 -30 21 -6 0 -19 11 -28 24 -15 21 -15 26 -3 42 8
11 15 27 15 38 0 16 5 18 45 13 42 -6 45 -5 45 16 0 43 50 64 58 24z m32 -237
c0 -5 -7 -10 -15 -10 -8 0 -15 5 -15 10 0 6 7 10 15 10 8 0 15 -4 15 -10z"/>
<path d="M4193 1618 c2 -7 10 -13 17 -13 7 0 15 6 18 13 2 7 -5 12 -18 12 -13
0 -20 -5 -17 -12z"/>
<path d="M3712 1490 c3 -28 1 -53 -3 -56 -17 -10 -9 -32 17 -49 33 -21 38 -15
19 21 -8 16 -15 53 -15 82 0 32 -4 52 -11 52 -8 0 -10 -17 -7 -50z"/>
</g>
</svg>
