<?xml version="1.0" encoding="UTF-8" standalone="no"?>
<svg
   xmlns:dc="http://purl.org/dc/elements/1.1/"
   xmlns:cc="http://creativecommons.org/ns#"
   xmlns:rdf="http://www.w3.org/1999/02/22-rdf-syntax-ns#"
   xmlns:svg="http://www.w3.org/2000/svg"
   xmlns="http://www.w3.org/2000/svg"
   xmlns:sodipodi="http://sodipodi.sourceforge.net/DTD/sodipodi-0.dtd"
   xmlns:inkscape="http://www.inkscape.org/namespaces/inkscape"
   version="1.0"
   width="225.78099"
   height="267.52554"
   viewBox="0 0 180.62479 214.02043"
   preserveAspectRatio="xMidYMid meet"
   id="svg3441"
   inkscape:version="0.48.4 r9939"
   sodipodi:docname="3a.svg">
  <defs
     id="defs3685" />
  <sodipodi:namedview
     pagecolor="#ffffff"
     bordercolor="#666666"
     borderopacity="1"
     objecttolerance="10"
     gridtolerance="10"
     guidetolerance="10"
     inkscape:pageopacity="0"
     inkscape:pageshadow="2"
     inkscape:window-width="1600"
     inkscape:window-height="824"
     id="namedview3683"
     showgrid="false"
     fit-margin-top="0"
     fit-margin-left="0"
     fit-margin-right="0"
     fit-margin-bottom="0"
     inkscape:zoom="0.37684631"
     inkscape:cx="227.89327"
     inkscape:cy="93.84122"
     inkscape:window-x="0"
     inkscape:window-y="24"
     inkscape:window-maximized="1"
     inkscape:current-layer="g3445" />
  <metadata
     id="metadata3443">
Created by potrace 1.10, written by Peter Selinger 2001-2011
<rdf:RDF>
  <cc:Work
     rdf:about="">
    <dc:format>image/svg+xml</dc:format>
    <dc:type
       rdf:resource="http://purl.org/dc/dcmitype/StillImage" />
    <dc:title />
  </cc:Work>
</rdf:RDF>
</metadata>
  <g
     transform="matrix(0.1,0,0,-0.1,-267.68538,389.44746)"
     id="g3445"
     style="fill:#000000;stroke:none">
    <path
       d="m 3100.1017,3866.4746 c -14,-36 -4,-99 21,-131 11,-13 20,-40 20,-58 0,-19 17,-65 40,-109 22,-42 40,-82 40,-90 0,-8 9,-19 20,-25 11,-6 20,-20 20,-30 0,-11 4,-20 9,-20 5,0 28,-16 51,-35 23,-19 50,-35 60,-35 11,0 22,-4 25,-10 10,-15 62,-12 79,5 17,17 36,77 36,113 0,25 7,27 45,12 24,-9 26,-14 20,-43 -4,-17 -20,-47 -36,-65 -16,-18 -29,-42 -29,-53 0,-12 -13,-38 -29,-58 -50,-64 -55,-80 -56,-195 l -1,-109 31,-18 c 32,-20 87,-17 115,6 8,7 26,16 40,20 14,4 70,29 126,55 82,38 118,49 190,58 51,6 108,7 133,2 25,-4 50,-6 56,-4 6,3 21,-7 33,-21 25,-29 35,-31 51,-11 10,12 16,9 40,-13 16,-14 50,-44 76,-65 39,-33 46,-43 42,-65 -3,-15 3,-52 13,-83 l 19,-57 -26,-98 c -14,-54 -32,-105 -39,-114 -8,-8 -14,-20 -14,-26 0,-6 -12,-18 -26,-28 -24,-16 -26,-21 -21,-66 6,-52 -6,-72 -27,-43 -20,26 -36,8 -36,-40 0,-30 -6,-48 -19,-60 -11,-10 -23,-32 -27,-50 -7,-36 -31,-66 -51,-66 -8,0 -23,-5 -34,-11 -16,-8 -18,-13 -9,-24 19,-23 4,-47 -94,-150 -93,-97 -118,-111 -124,-67 -4,23 -17,29 -27,12 -11,-17 -22,-11 -43,21 -10,17 -30,36 -43,43 -29,14 -38,66 -15,86 9,7 16,19 16,26 0,21 -44,17 -65,-6 -10,-11 -26,-20 -35,-20 -22,0 -50,31 -34,37 28,9 47,31 41,47 -10,25 -46,20 -59,-9 -6,-13 -23,-28 -38,-34 -16,-5 -31,-18 -34,-29 -4,-11 -24,-27 -45,-35 -38,-16 -51,-32 -51,-66 0,-10 -11,-28 -24,-40 l -24,-22 -20,28 -20,28 -26,-28 c -27,-29 -41,-33 -51,-16 -5,6 -22,8 -46,4 l -39,-7 17,29 c 16,30 13,63 -7,63 -5,0 -19,-9 -31,-21 -34,-34 -54,-21 -52,34 2,29 -1,47 -8,47 -36,0 -138,138 -139,188 0,7 -6,15 -14,18 -8,3 -18,19 -21,35 -4,17 -17,40 -30,52 -25,23 -52,86 -64,152 -5,22 -23,69 -41,104 l -32,64 4,136 c 4,151 16,189 83,258 62,64 195,89 252,48 17,-13 17,-14 1,-32 -10,-11 -42,-27 -72,-36 -36,-12 -70,-32 -99,-60 -37,-36 -46,-54 -61,-116 -18,-73 -27,-293 -13,-307 12,-12 18,2 26,58 8,61 26,98 46,98 22,0 28,20 11,39 -14,16 -14,19 2,42 10,14 17,42 17,68 0,43 2,46 45,69 25,13 61,43 80,66 26,32 49,48 86,60 28,9 57,16 65,16 8,0 32,-25 53,-55 22,-30 44,-55 49,-55 5,0 22,-14 39,-32 24,-25 31,-29 38,-17 18,28 -22,116 -79,174 -65,66 -91,85 -115,85 -14,0 -43,7 -65,16 -44,17 -158,15 -245,-5 -79,-18 -157,-83 -197,-166 -23,-48 -24,-59 -23,-230 1,-147 4,-186 18,-212 9,-18 19,-54 23,-80 3,-27 11,-54 17,-62 6,-7 16,-27 22,-45 29,-77 77,-182 87,-191 7,-6 23,-32 37,-58 14,-27 33,-53 42,-58 9,-5 20,-23 23,-41 8,-34 18,-49 68,-96 139,-134 203,-169 315,-174 70,-2 75,-1 94,25 11,15 26,27 33,27 17,0 35,30 36,62 0,13 13,43 28,68 23,38 33,45 62,48 29,2 38,-3 62,-33 15,-19 39,-57 52,-84 14,-26 32,-54 40,-61 8,-7 15,-20 15,-30 0,-27 24,-41 84,-47 50,-5 60,-3 96,22 22,15 40,31 40,36 0,5 13,15 29,23 16,9 34,29 39,46 6,16 23,35 37,42 26,12 108,115 139,176 9,18 26,38 37,45 11,6 27,26 35,42 7,17 18,37 24,45 5,8 14,26 20,40 5,14 14,32 20,40 13,21 50,107 50,118 0,5 7,15 15,22 8,7 15,26 15,43 0,16 10,46 23,66 20,32 22,51 25,191 l 4,155 -29,33 c -86,100 -135,138 -223,173 -108,44 -300,48 -410,9 -91,-32 -226,-105 -278,-152 -28,-24 -36,-27 -49,-16 -12,9 -14,25 -10,64 3,28 10,60 15,70 6,11 21,41 33,69 13,27 50,77 84,110 48,48 74,65 121,81 51,16 59,23 62,46 7,58 -75,100 -124,63 -23,-17 -74,-20 -74,-3 0,6 9,30 19,52 16,36 18,53 11,136 -10,109 -32,216 -48,232 -19,19 -49,-18 -72,-90 -18,-54 -21,-91 -22,-213 -1,-137 -2,-149 -20,-155 -10,-3 -24,-1 -31,4 -7,5 -27,13 -45,17 -25,5 -41,19 -67,58 -19,29 -35,57 -35,64 0,24 38,13 63,-17 28,-33 48,-38 67,-15 9,11 8,19 -4,37 -9,12 -16,31 -16,41 0,11 -13,31 -28,45 -16,15 -34,37 -41,49 -6,13 -26,30 -43,39 -31,16 -43,26 -136,114 l -42,41 -11,-28 z"
       id="path3447"
       inkscape:connector-curvature="0" />
  </g>
</svg>
