<?xml version="1.0" standalone="no"?>
<!DOCTYPE svg PUBLIC "-//W3C//DTD SVG 20010904//EN"
 "http://www.w3.org/TR/2001/REC-SVG-20010904/DTD/svg10.dtd">
<svg version="1.0" xmlns="http://www.w3.org/2000/svg"
 width="774.000000pt" height="657.000000pt" viewBox="0 0 774.000000 657.000000"
 preserveAspectRatio="xMidYMid meet">
<metadata>
Created by potrace 1.10, written by Peter Selinger 2001-2011
</metadata>
<g transform="translate(0.000000,657.000000) scale(0.100000,-0.100000)"
fill="#000000" stroke="none">
<path d="M378 6501 c-15 -18 -14 -31 3 -31 14 0 39 31 34 41 -9 14 -19 11 -37
-10z"/>
<path d="M204 6499 c-5 -8 -28 -10 -73 -6 -62 6 -106 -3 -83 -17 29 -18 172 3
172 25 0 12 -7 11 -16 -2z"/>
<path d="M472 6498 c3 -7 13 -15 22 -16 12 -3 17 1 14 10 -3 7 -13 15 -22 16
-12 3 -17 -1 -14 -10z"/>
<path d="M3929 6409 c-112 -108 -271 -259 -445 -424 -69 -66 -192 -185 -273
-264 -248 -243 -292 -285 -409 -390 -62 -55 -138 -129 -170 -163 -31 -34 -68
-71 -81 -82 -13 -12 -65 -61 -115 -111 -50 -49 -131 -126 -179 -170 -48 -44
-107 -100 -130 -125 -57 -60 -86 -89 -127 -126 -19 -17 -44 -43 -55 -57 -11
-15 -56 -57 -99 -94 -44 -37 -185 -171 -312 -298 -128 -126 -268 -262 -311
-302 -129 -118 -380 -374 -423 -431 -3 -4 -24 -20 -47 -36 -47 -32 -59 -56
-43 -86 8 -16 15 -18 29 -11 10 6 182 10 410 11 216 0 404 3 417 6 25 6 140
-47 200 -92 17 -13 38 -24 47 -24 9 0 19 -5 22 -10 4 -6 27 -22 53 -36 71 -38
103 -56 144 -81 21 -13 43 -23 49 -23 10 0 38 -16 132 -75 18 -12 48 -27 67
-35 19 -7 43 -22 53 -32 10 -10 23 -18 29 -18 6 0 65 -31 132 -69 150 -85 256
-141 268 -141 5 0 30 -14 55 -31 25 -18 91 -55 147 -84 55 -28 125 -66 154
-83 29 -18 56 -32 59 -32 4 0 14 -6 22 -14 22 -20 151 -86 167 -86 8 0 14 -4
14 -8 0 -5 21 -19 48 -32 26 -13 74 -40 108 -61 33 -20 71 -40 85 -44 13 -4
43 -20 67 -36 24 -16 48 -29 53 -29 6 0 27 -11 47 -25 20 -14 41 -25 46 -25 5
0 17 -6 25 -14 9 -7 59 -36 111 -63 169 -89 215 -115 218 -124 2 -5 14 -9 27
-9 13 0 27 -5 30 -11 4 -5 30 -21 58 -35 29 -13 70 -35 92 -48 22 -14 83 -46
135 -72 52 -26 106 -55 120 -64 14 -9 74 -43 133 -74 59 -31 131 -70 158 -87
27 -16 54 -29 60 -29 6 0 25 -11 42 -24 18 -14 66 -41 107 -61 41 -20 82 -41
90 -46 8 -5 31 -17 50 -27 19 -10 69 -39 110 -63 41 -25 109 -62 150 -82 41
-21 95 -50 120 -64 25 -14 87 -47 139 -74 51 -27 99 -53 105 -58 7 -6 63 -37
126 -69 217 -112 290 -151 318 -170 15 -11 56 -34 91 -52 35 -17 69 -36 75
-41 12 -10 18 -14 228 -123 73 -38 144 -77 157 -87 13 -11 30 -19 38 -19 8 0
28 -11 45 -25 16 -14 35 -25 41 -25 7 -1 44 -21 82 -45 107 -67 244 -135 274
-135 15 0 37 7 50 16 21 15 22 21 17 83 -9 94 -14 443 -21 1231 -3 377 -8 771
-10 875 -3 105 -7 386 -10 625 -5 428 -6 435 -27 450 -11 8 -32 29 -47 45 -14
17 -61 64 -105 105 -43 41 -122 118 -176 170 -53 52 -130 122 -170 155 -40 33
-79 67 -87 77 -54 60 -167 169 -263 252 -25 22 -119 110 -209 195 -90 86 -180
170 -200 188 -65 57 -244 222 -356 328 -60 56 -148 138 -195 181 -47 44 -121
115 -165 159 -76 77 -253 238 -388 353 -34 29 -89 81 -123 115 -33 35 -73 73
-88 84 -42 33 -324 293 -526 484 -58 54 -123 114 -145 132 -22 17 -52 44 -67
60 -15 15 -33 27 -41 27 -8 0 -57 -41 -108 -91z m191 -59 c35 -30 87 -77 115
-105 96 -93 289 -272 385 -356 52 -46 121 -109 154 -139 81 -76 242 -225 371
-345 59 -55 113 -102 119 -104 6 -2 54 -47 106 -100 52 -53 144 -141 204 -196
60 -55 132 -122 160 -149 63 -61 159 -149 249 -230 38 -34 123 -113 190 -176
67 -63 192 -179 277 -258 190 -175 310 -293 310 -304 0 -5 -17 -27 -37 -51
-45 -49 -61 -76 -102 -168 -27 -60 -42 -128 -48 -216 -3 -40 -8 -74 -11 -74
-4 -1 -118 -3 -254 -4 -135 -2 -390 -5 -565 -9 -175 -3 -604 -8 -953 -11 -618
-5 -1393 -15 -1535 -21 -67 -2 -1092 -13 -1821 -19 -193 -1 -412 -6 -488 -10
-118 -6 -137 -5 -130 7 5 7 114 117 243 243 129 127 336 331 460 455 124 124
249 243 276 265 28 22 162 151 299 287 137 137 254 248 258 248 5 0 123 113
261 251 138 138 263 257 277 264 14 7 102 91 197 187 185 186 276 274 422 408
51 47 103 96 115 109 11 13 52 53 91 90 38 36 106 100 150 142 156 149 168
159 180 151 6 -4 40 -32 75 -62z m2773 -2567 c45 -42 123 -118 173 -168 50
-49 121 -116 157 -148 37 -32 67 -65 67 -72 0 -12 -58 -15 -322 -17 -346 -3
-380 1 -358 42 5 10 10 34 10 52 0 18 7 46 15 62 8 15 15 36 15 45 0 9 28 75
62 148 46 96 68 132 81 133 9 0 54 -35 100 -77z m446 -466 c7 -9 11 -134 13
-383 3 -364 3 -369 -17 -367 -11 1 -54 9 -95 18 -41 9 -88 19 -104 22 -16 3
-54 21 -85 39 -31 18 -73 42 -93 54 -68 37 -179 159 -231 252 -52 94 -107 237
-107 279 0 34 -25 68 -40 53 -8 -8 -8 -33 -1 -90 10 -81 18 -103 106 -295 9
-20 47 -70 86 -112 95 -103 196 -176 274 -197 17 -5 62 -20 100 -34 46 -17 91
-26 131 -26 39 0 66 -5 73 -13 7 -10 12 -181 16 -558 4 -507 7 -712 21 -1481
5 -288 4 -298 -14 -298 -11 0 -34 10 -53 23 -19 12 -48 29 -66 36 -18 7 -38
19 -44 27 -6 8 -52 35 -103 60 -50 26 -102 54 -116 63 -22 15 -99 55 -218 114
-20 10 -68 37 -107 60 -38 23 -86 50 -105 60 -66 34 -209 112 -340 185 -72 40
-141 77 -153 83 -12 5 -44 22 -72 38 -27 15 -90 50 -140 76 -49 27 -117 63
-150 81 -33 17 -94 49 -135 70 -41 21 -118 63 -170 94 -52 31 -106 61 -120 68
-14 7 -51 28 -84 47 -32 19 -64 35 -71 35 -7 0 -23 8 -36 18 -32 24 -247 142
-259 142 -6 0 -46 22 -90 49 -43 27 -89 52 -102 56 -13 4 -30 13 -38 20 -8 7
-69 41 -135 75 -66 34 -149 79 -185 100 -36 21 -94 52 -130 69 -36 17 -79 40
-97 50 -17 11 -67 38 -110 61 -43 23 -103 56 -133 73 -172 98 -244 137 -253
137 -5 0 -23 11 -40 24 -18 13 -43 27 -57 31 -14 4 -41 18 -61 30 -19 13 -66
39 -105 59 -70 37 -79 42 -149 85 -37 23 -116 66 -245 133 -30 16 -62 33 -70
38 -16 10 -136 75 -285 155 -49 26 -101 55 -115 64 -14 9 -41 25 -60 34 -62
31 -118 63 -132 74 -7 6 -24 14 -38 18 -14 4 -38 18 -55 30 -16 13 -57 35 -90
50 -33 15 -73 37 -90 49 -16 12 -64 37 -105 55 -79 36 -113 59 -105 72 3 4
213 8 468 9 254 0 570 3 702 5 132 2 368 7 525 9 157 3 544 8 860 11 1053 10
1584 16 1589 19 3 2 319 7 701 11 382 4 697 9 699 11 9 8 29 4 40 -9z"/>
<path d="M3908 5393 c-43 -39 -322 -311 -684 -668 -111 -110 -251 -247 -311
-305 -59 -58 -132 -131 -160 -163 -29 -32 -61 -61 -72 -65 -27 -10 -92 -92
-89 -111 3 -15 65 -16 663 -14 363 1 813 5 1000 8 1097 17 1024 13 1025 58 0
18 -464 485 -856 862 -97 94 -236 230 -308 303 -72 72 -139 132 -148 132 -10
0 -37 -17 -60 -37z m192 -167 c69 -69 246 -243 395 -388 148 -145 324 -317
390 -383 66 -66 161 -157 210 -201 61 -55 87 -85 80 -92 -6 -7 -212 -12 -575
-16 -311 -3 -794 -8 -1075 -11 -280 -3 -576 -8 -656 -11 -147 -5 -174 0 -146
28 8 7 116 113 242 235 125 122 236 236 246 252 10 17 31 37 46 45 16 8 161
146 323 307 291 289 365 359 385 359 5 0 66 -56 135 -124z"/>
<path d="M5060 3796 c0 -8 5 -18 10 -21 6 -3 10 1 10 9 0 8 -4 18 -10 21 -5 3
-10 -1 -10 -9z"/>
<path d="M5887 2713 c-1 -1 -223 -4 -492 -7 -759 -9 -886 -14 -907 -33 -33
-30 -20 -50 62 -96 39 -21 92 -52 150 -87 8 -5 66 -39 128 -77 62 -37 150 -88
197 -113 88 -47 273 -155 336 -197 19 -12 39 -23 44 -23 5 0 18 -9 29 -19 12
-11 55 -37 96 -58 121 -64 194 -104 210 -117 8 -7 43 -27 77 -44 34 -18 79
-43 99 -57 20 -14 40 -25 45 -25 4 0 27 -13 51 -29 24 -16 61 -39 83 -51 22
-12 58 -32 80 -44 22 -12 67 -37 100 -55 33 -18 67 -38 75 -45 8 -7 29 -18 45
-25 17 -7 53 -28 82 -47 28 -19 54 -34 58 -34 4 0 20 -9 35 -20 21 -15 37 -19
56 -14 l27 7 -7 571 c-4 314 -7 580 -7 591 3 77 -1 119 -10 137 -10 19 -18 20
-376 16 -200 -1 -365 -4 -366 -5z m687 -65 c3 -7 7 -270 11 -585 4 -400 3
-573 -5 -578 -6 -4 -31 6 -56 22 -80 49 -161 97 -251 147 -48 27 -95 54 -103
61 -8 7 -49 30 -90 51 -41 21 -96 52 -123 70 -26 18 -57 36 -69 40 -12 3 -39
19 -61 35 -22 16 -45 29 -51 29 -6 0 -45 21 -86 47 -41 25 -109 64 -150 86
-41 22 -95 54 -120 71 -25 17 -108 67 -185 111 -77 43 -160 91 -184 107 -25
15 -48 28 -52 28 -4 0 -27 13 -51 29 -24 16 -53 32 -65 35 -13 4 -23 11 -23
16 0 5 -10 12 -22 15 -13 4 -36 17 -53 29 -16 12 -67 40 -112 61 -79 38 -93
48 -75 58 4 3 277 8 607 12 330 4 601 8 602 8 1 1 173 3 382 5 305 2 382 0
385 -10z"/>
<path d="M7130 2295 c0 -25 14 -34 24 -16 8 12 -3 41 -15 41 -5 0 -9 -11 -9
-25z"/>
<path d="M5210 1940 c0 -11 5 -20 10 -20 6 0 10 9 10 20 0 11 -4 20 -10 20 -5
0 -10 -9 -10 -20z"/>
<path d="M6830 1190 c0 -11 5 -20 10 -20 6 0 10 9 10 20 0 11 -4 20 -10 20 -5
0 -10 -9 -10 -20z"/>
<path d="M5210 170 c0 -26 -24 -36 -55 -22 -19 9 -25 8 -29 -4 -10 -25 -7 -30
18 -42 18 -8 27 -7 37 4 11 10 23 12 47 5 19 -6 34 -6 37 0 4 5 24 9 46 9 33
0 39 3 39 20 0 28 -30 38 -46 16 -12 -17 -15 -16 -47 8 -41 31 -47 32 -47 6z"/>
<path d="M7578 184 c-10 -10 4 -43 21 -48 9 -3 44 -4 79 -4 61 1 62 2 62 30 0
28 -22 39 -35 18 -3 -5 -24 -10 -45 -10 -21 0 -42 5 -45 10 -7 11 -28 13 -37
4z"/>
<path d="M4393 155 c-5 -7 -28 -15 -52 -17 -25 -2 -46 -8 -48 -15 -7 -20 33
-33 81 -27 41 6 44 8 29 20 -17 13 -17 13 0 14 10 0 31 -7 47 -15 27 -14 30
-14 30 0 0 9 -9 15 -25 15 -15 0 -25 6 -25 14 0 20 -28 28 -37 11z"/>
<path d="M5683 163 c-19 -7 -16 -30 5 -38 26 -11 121 -15 127 -5 9 14 -49 50
-65 40 -8 -5 -21 -5 -31 1 -19 10 -18 10 -36 2z"/>
<path d="M6036 155 c-23 -17 -67 -19 -116 -5 -41 12 -66 -3 -38 -24 17 -12
212 -15 225 -3 5 6 -36 46 -47 46 -3 0 -14 -6 -24 -14z"/>
<path d="M6826 154 c-8 -21 1 -34 24 -34 33 0 48 11 43 31 -7 24 -58 27 -67 3z"/>
<path d="M6927 163 c-14 -13 -6 -23 17 -23 14 0 28 -4 31 -10 9 -14 25 -12 25
3 0 8 -11 19 -25 25 -30 14 -39 15 -48 5z"/>
<path d="M7040 155 c0 -10 10 -15 30 -15 32 0 40 14 14 24 -27 10 -44 7 -44
-9z"/>
<path d="M4526 152 c-12 -11 -5 -40 10 -46 25 -10 59 -7 72 6 10 10 17 10 33
0 21 -13 59 -8 59 9 0 5 -16 15 -36 24 -28 11 -39 12 -54 2 -15 -9 -27 -9 -49
0 -17 6 -32 8 -35 5z"/>
<path d="M5390 140 c-9 -17 -7 -22 15 -30 35 -13 42 -13 48 4 3 8 -4 21 -18
30 -31 20 -32 20 -45 -4z"/>
<path d="M6171 151 c-27 -17 1 -30 64 -29 36 0 65 2 65 4 0 1 -14 10 -32 18
-34 18 -75 20 -97 7z"/>
<path d="M6330 150 c0 -24 48 -41 94 -35 59 9 59 22 -1 30 -27 3 -58 8 -70 11
-13 2 -23 0 -23 -6z"/>
<path d="M6493 144 c-11 -28 36 -43 81 -25 17 7 16 8 -7 24 -33 21 -66 22 -74
1z"/>
<path d="M6600 151 c0 -18 58 -42 85 -35 33 8 32 20 -2 27 -16 3 -40 9 -55 13
-18 4 -28 2 -28 -5z"/>
<path d="M6741 146 c-9 -10 -9 -16 -1 -21 17 -10 37 12 24 25 -8 8 -15 6 -23
-4z"/>
<path d="M1973 115 c-2 -26 1 -35 12 -35 16 0 18 12 9 48 -9 33 -19 27 -21
-13z"/>
<path d="M4126 143 c-4 -4 -64 -8 -134 -9 -70 -1 -129 -3 -132 -4 -3 -2 -18
-4 -35 -6 -16 -2 -47 -6 -68 -10 -24 -4 -43 -2 -53 6 -11 10 -18 10 -26 2 -16
-16 -73 -15 -86 1 -14 17 -117 16 -134 -1 -16 -16 -38 -15 -59 4 -14 12 -22
13 -39 4 -11 -6 -29 -9 -38 -6 -10 3 -33 2 -51 -4 -23 -6 -39 -6 -46 0 -7 6
-20 8 -29 4 -9 -3 -22 -2 -29 3 -8 7 -17 4 -29 -8 -16 -17 -16 -18 5 -25 32
-10 198 -12 225 -2 14 5 31 4 42 -2 13 -7 27 -6 44 1 20 9 29 9 40 0 10 -8 27
-10 47 -6 17 4 81 6 143 6 184 -3 250 0 263 11 7 5 22 7 34 3 12 -4 75 -9 140
-10 93 -2 121 0 130 11 20 24 -6 42 -29 21 -18 -16 -20 -16 -37 3 -18 20 -46
26 -59 13z"/>
<path d="M4800 131 c0 -11 -8 -22 -17 -25 -10 -2 -1 -2 20 1 23 3 43 0 53 -7
10 -9 18 -10 25 -3 7 7 0 17 -24 32 -43 26 -57 27 -57 2z"/>
<path d="M4918 144 c-31 -9 -20 -30 22 -44 30 -10 44 -10 52 -2 7 7 28 9 56 5
40 -5 44 -4 40 13 -2 15 -13 19 -43 21 -22 0 -56 3 -75 6 -19 3 -43 3 -52 1z"/>
<path d="M5490 141 c0 -16 49 -33 75 -27 15 4 33 2 40 -4 9 -7 16 -6 24 4 9
10 9 16 1 21 -16 10 -140 15 -140 6z"/>
<path d="M1102 118 c6 -18 28 -21 28 -4 0 9 -7 16 -16 16 -9 0 -14 -5 -12 -12z"/>
<path d="M1552 105 c-6 -14 -19 -25 -29 -25 -12 0 -14 -3 -6 -11 16 -16 63 0
63 22 0 10 5 19 10 19 6 0 10 5 10 10 0 21 -37 9 -48 -15z"/>
<path d="M2419 119 c-8 -5 -37 -9 -65 -9 -48 0 -64 -9 -64 -36 0 -9 39 -3 45
7 4 6 14 7 24 4 9 -4 40 -9 69 -11 40 -3 52 -1 52 10 0 21 -44 46 -61 35z"/>
<path d="M2738 119 c-25 -14 -22 -24 7 -37 32 -15 65 -15 65 -2 0 14 33 13 48
-2 9 -9 17 -9 35 1 17 9 30 9 52 1 23 -9 31 -8 44 5 28 27 1 38 -65 25 -55
-11 -103 -6 -154 14 -8 3 -23 1 -32 -5z"/>
<path d="M3019 114 c-9 -11 -6 -16 14 -25 26 -12 57 -7 57 8 0 5 -13 14 -30
20 -23 9 -32 8 -41 -3z"/>
<path d="M1773 104 c-8 -20 21 -49 41 -41 20 8 20 21 0 41 -20 20 -33 20 -41
0z"/>
<path d="M2135 109 c-16 -5 -46 -8 -65 -7 -24 2 -35 -1 -35 -10 0 -10 24 -15
88 -19 l87 -4 0 25 c0 29 -19 32 -75 15z"/>
<path d="M2246 113 c-11 -11 -6 -23 9 -23 8 0 15 4 15 9 0 13 -16 22 -24 14z"/>
<path d="M2602 113 c-25 -3 -32 -9 -30 -21 4 -23 57 -27 83 -8 17 14 18 17 5
26 -8 5 -17 9 -20 8 -3 -1 -20 -3 -38 -5z"/>
<path d="M740 90 c-9 -17 -7 -22 15 -30 16 -6 33 -6 43 -1 9 5 31 6 48 4 37
-6 53 11 25 27 -15 8 -26 7 -39 -1 -15 -10 -24 -9 -43 4 -30 22 -36 21 -49 -3z"/>
<path d="M1200 100 c0 -5 -10 -10 -22 -10 -13 0 -29 -4 -36 -9 -18 -11 18 -21
79 -21 57 0 65 7 35 31 -26 20 -56 25 -56 9z"/>
<path d="M1610 91 c-12 -23 5 -33 31 -20 9 5 30 4 46 0 41 -12 66 4 39 24 -30
22 -103 20 -116 -4z"/>
<path d="M1876 91 c-20 -22 -12 -31 26 -31 33 0 38 24 9 39 -14 8 -22 6 -35
-8z"/>
<path d="M320 86 c-10 -13 -9 -17 3 -22 24 -9 52 0 52 16 0 21 -39 24 -55 6z"/>
<path d="M582 88 c-8 -8 -9 -15 -1 -25 18 -21 41 -16 37 9 -4 26 -19 33 -36
16z"/>
<path d="M1307 93 c-18 -18 19 -33 81 -33 l66 0 -22 20 c-15 14 -35 20 -70 20
-27 0 -52 -3 -55 -7z"/>
<path d="M485 81 c-7 -12 29 -33 39 -24 3 3 6 12 6 20 0 15 -36 18 -45 4z"/>
<path d="M1020 80 c0 -5 17 -10 38 -9 30 0 33 2 17 9 -28 12 -55 12 -55 0z"/>
</g>
</svg>
