<?xml version="1.0" standalone="no"?>
<!DOCTYPE svg PUBLIC "-//W3C//DTD SVG 20010904//EN"
 "http://www.w3.org/TR/2001/REC-SVG-20010904/DTD/svg10.dtd">
<svg version="1.0" xmlns="http://www.w3.org/2000/svg"
 width="279.000000pt" height="252.000000pt" viewBox="0 0 279.000000 252.000000"
 preserveAspectRatio="xMidYMid meet">
<metadata>
Created by potrace 1.10, written by Peter Selinger 2001-2011
</metadata>
<g transform="translate(0.000000,252.000000) scale(0.100000,-0.100000)"
fill="#000000" stroke="none">
<path d="M2453 2447 c-4 -8 -81 -81 -170 -162 -90 -81 -163 -152 -163 -156 0
-5 15 -9 33 -9 25 0 42 -9 67 -35 19 -19 40 -35 47 -35 11 0 12 -9 7 -37 -4
-21 -9 -40 -11 -43 -3 -3 -33 25 -68 63 -34 37 -69 68 -76 68 -26 2 -44 -2
-54 -15 -5 -6 -39 -38 -75 -71 -63 -56 -274 -253 -329 -305 -50 -48 -177 -165
-227 -210 -28 -25 -86 -76 -129 -115 -44 -38 -106 -94 -139 -124 -105 -94
-129 -114 -216 -190 -47 -41 -87 -77 -90 -80 -3 -3 -61 -55 -130 -115 -69 -61
-132 -117 -141 -125 -9 -9 -45 -41 -80 -71 -100 -85 -182 -172 -203 -212 -11
-21 -22 -38 -26 -38 -4 0 -25 -26 -46 -58 -59 -87 -124 -173 -161 -212 -36
-38 -37 -39 -25 -58 7 -10 15 -10 38 -2 16 6 31 15 34 19 3 4 39 26 80 48 41
21 93 50 115 64 22 13 58 33 80 44 35 17 108 69 141 100 13 13 98 86 209 181
44 38 82 71 85 75 3 3 37 32 75 65 108 90 117 98 130 111 11 10 62 55 199 173
16 14 34 30 40 35 6 6 76 69 156 140 80 71 147 132 150 135 3 4 57 53 120 110
63 57 131 119 150 138 19 19 73 69 119 111 113 101 226 205 281 258 25 23 94
87 154 140 60 54 132 119 159 146 27 26 55 47 62 47 25 0 36 29 33 87 -3 55
-5 58 -30 61 -19 2 -28 10 -30 25 -2 12 -14 27 -28 34 -33 17 -107 17 -117 0z
m142 -75 c8 -21 -13 -51 -72 -106 -30 -28 -73 -68 -94 -88 -21 -21 -43 -38
-48 -38 -6 0 -16 -12 -23 -27 -7 -15 -25 -34 -40 -42 -25 -14 -28 -14 -47 9
-45 54 -33 100 25 100 14 0 25 8 29 20 4 11 39 48 78 82 146 126 148 128 169
114 10 -6 20 -17 23 -24z m-441 -371 c15 -16 26 -36 24 -44 -1 -9 -45 -54 -97
-101 l-93 -87 -34 35 c-19 19 -34 38 -34 41 0 10 185 185 196 185 5 0 23 -13
38 -29z m-262 -214 c-6 -7 -7 -18 -3 -26 7 -11 11 -10 18 4 9 15 13 15 31 4
12 -8 22 -16 22 -19 0 -3 -19 -21 -42 -40 -24 -19 -52 -45 -64 -57 -12 -13
-25 -23 -30 -23 -4 0 -20 -12 -34 -26 -52 -53 -164 -154 -172 -154 -4 0 -14
-13 -23 -30 -17 -33 -39 -39 -49 -14 -10 27 -7 63 8 71 8 4 15 17 18 28 2 11
18 27 36 35 44 21 82 50 82 63 0 23 34 47 67 47 35 0 44 13 17 24 -12 5 -2 19
45 66 34 33 66 60 72 60 8 0 8 -4 1 -13z m-407 -382 c-14 -19 -30 -35 -35 -35
-5 0 -16 -13 -25 -30 -9 -16 -22 -30 -31 -30 -8 0 -17 -7 -20 -15 -3 -8 -14
-17 -25 -20 -25 -8 -24 -25 1 -25 11 0 20 7 20 15 0 8 9 15 20 15 33 0 23 -17
-25 -46 -25 -14 -45 -30 -45 -35 0 -9 -59 -69 -68 -69 -3 0 -13 7 -22 15 -15
13 -20 12 -50 -15 -30 -27 -33 -33 -22 -50 10 -16 10 -24 0 -40 -7 -11 -16
-20 -19 -20 -4 0 -9 9 -12 20 -6 24 -20 25 -43 3 -16 -16 -15 -18 5 -31 20
-14 21 -16 5 -33 -10 -11 -26 -19 -38 -19 -15 0 -17 3 -8 12 16 16 15 28 -2
28 -24 0 -96 -80 -96 -107 0 -16 -16 -39 -47 -68 -26 -25 -50 -45 -54 -45 -3
0 -27 -20 -52 -45 -26 -25 -49 -45 -52 -45 -16 0 0 25 40 61 42 39 58 69 35
69 -5 0 -44 -34 -85 -75 -42 -41 -83 -75 -91 -75 -7 0 -14 -4 -14 -9 0 -5 -9
-11 -21 -14 -12 -3 -18 -10 -14 -16 8 -14 35 -14 35 -1 0 6 7 10 15 10 27 0
14 -30 -22 -49 -28 -15 -33 -14 -33 4 0 25 -24 17 -38 -12 -8 -18 -9 -30 -2
-37 17 -17 11 -36 -10 -36 -17 0 -19 3 -10 19 7 14 7 22 -1 26 -10 7 -32 -8
-72 -47 -19 -19 -47 -24 -47 -9 0 5 14 19 30 32 17 13 55 47 84 74 30 28 82
75 116 105 34 30 70 62 79 70 9 9 57 52 106 95 50 44 94 86 98 93 4 6 12 12
17 12 13 0 41 23 124 101 70 65 140 127 227 201 24 20 62 54 83 75 49 47 130
102 134 91 2 -5 -8 -24 -23 -43z m-455 -465 c0 -5 -7 -10 -15 -10 -8 0 -15 5
-15 10 0 6 7 10 15 10 8 0 15 -4 15 -10z m-520 -446 c0 -16 -23 -44 -35 -44
-18 0 -18 5 -5 31 10 17 40 27 40 13z m-168 -66 c-4 -40 15 -78 39 -78 29 0
19 -22 -16 -33 -23 -8 -31 -6 -44 10 -9 12 -22 22 -29 24 -9 3 -7 14 8 44 11
21 20 45 20 53 0 7 6 12 13 9 6 -2 11 -15 9 -29z m-60 -134 c-8 -14 -9 -13 -9
10 0 18 3 24 9 18 7 -7 7 -16 0 -28z"/>
<path d="M1252 1199 c2 -6 8 -10 13 -10 5 0 11 4 13 10 2 6 -4 11 -13 11 -9 0
-15 -5 -13 -11z"/>
<path d="M873 874 c-37 -38 -27 -54 17 -27 19 11 30 25 30 40 0 30 -9 28 -47
-13z"/>
</g>
</svg>
