<?xml version="1.0" standalone="no"?>
<!DOCTYPE svg PUBLIC "-//W3C//DTD SVG 20010904//EN"
 "http://www.w3.org/TR/2001/REC-SVG-20010904/DTD/svg10.dtd">
<svg version="1.0" xmlns="http://www.w3.org/2000/svg"
 width="900.000000pt" height="717.000000pt" viewBox="0 0 900.000000 717.000000"
 preserveAspectRatio="xMidYMid meet">
<metadata>
Created by potrace 1.10, written by Peter Selinger 2001-2011
</metadata>
<g transform="translate(0.000000,717.000000) scale(0.100000,-0.100000)"
fill="#000000" stroke="none">
<path d="M4180 7018 c-63 -3 -167 -9 -230 -12 -152 -7 -454 -32 -610 -50 -69
-8 -170 -20 -225 -26 -55 -6 -122 -15 -150 -21 -27 -5 -90 -14 -140 -19 -87
-9 -172 -22 -265 -40 -25 -5 -108 -18 -185 -30 -77 -12 -171 -27 -210 -35 -38
-8 -108 -21 -155 -30 -47 -9 -100 -21 -117 -26 -18 -6 -63 -14 -100 -19 -38
-5 -86 -13 -108 -19 -64 -16 -210 -41 -241 -41 -16 0 -38 -7 -48 -15 -11 -8
-33 -15 -50 -15 -16 0 -52 -6 -80 -14 -57 -17 -152 -38 -241 -56 -33 -7 -81
-18 -106 -26 -25 -7 -65 -16 -90 -20 -74 -11 -201 -47 -276 -80 -17 -8 -33
-14 -36 -14 -3 0 -34 -17 -69 -37 -81 -47 -173 -135 -204 -195 -13 -26 -28
-49 -33 -52 -5 -3 -12 -23 -16 -43 -4 -21 -9 -508 -11 -1083 -2 -575 -5 -1085
-7 -1134 -2 -60 1 -92 9 -101 9 -9 145 -13 531 -18 285 -4 649 -9 808 -12 160
-3 432 -8 605 -10 173 -3 398 -7 500 -10 102 -2 939 -8 1860 -12 921 -4 1731
-8 1800 -10 69 -2 269 -5 445 -8 1085 -13 1454 -18 1565 -20 424 -8 472 -7
483 4 17 17 17 43 22 1220 l4 1064 -44 58 c-25 31 -45 62 -45 67 0 16 -217
212 -235 212 -4 0 -30 14 -57 30 -26 17 -56 30 -66 30 -10 0 -22 4 -28 10 -11
11 -162 67 -217 81 -21 5 -45 13 -55 19 -9 5 -50 19 -91 31 -40 12 -85 28
-100 35 -14 8 -33 14 -41 14 -8 0 -46 11 -85 25 -38 13 -77 25 -86 25 -22 0
-152 41 -163 51 -6 5 -25 9 -44 9 -18 0 -42 5 -53 10 -10 6 -38 14 -61 19 -24
5 -79 19 -123 31 -169 45 -203 54 -400 96 -38 8 -90 19 -115 23 -25 5 -94 18
-155 30 -157 31 -310 56 -595 96 -63 9 -200 23 -305 32 -104 8 -206 16 -225
18 -244 20 -991 28 -1240 13z m261 -69 c8 -16 8 -32 0 -58 -7 -24 -10 -181
-10 -451 0 -228 0 -421 -1 -428 0 -10 -31 -12 -152 -8 -197 7 -1124 20 -1203
17 -57 -2 -65 1 -130 43 -38 26 -73 46 -77 46 -4 0 -53 27 -109 60 -55 33
-102 60 -104 60 -1 0 -40 21 -86 46 -46 26 -115 63 -154 84 -38 20 -117 63
-175 95 -171 94 -184 101 -215 118 -16 9 -51 25 -77 36 -46 20 -62 46 -35 56
6 3 46 9 87 14 41 5 116 16 165 25 50 8 133 23 185 31 52 9 133 22 180 30 47
8 126 22 175 30 50 8 101 17 115 19 14 3 63 10 110 16 47 6 114 15 150 20 36
6 90 12 120 14 30 3 66 8 80 11 14 3 72 9 130 14 58 5 209 19 335 30 127 11
324 25 439 30 115 6 211 13 214 16 12 11 32 4 43 -16z m671 3 c130 -6 242 -13
248 -17 6 -4 38 -7 70 -6 32 0 125 -6 207 -15 81 -8 195 -19 253 -24 58 -5
132 -14 165 -19 33 -6 103 -17 155 -26 52 -8 120 -20 150 -26 111 -20 216 -40
265 -48 28 -5 93 -19 145 -31 97 -23 157 -35 315 -65 93 -17 105 -21 105 -34
0 -5 -78 -48 -172 -96 -95 -48 -200 -102 -233 -120 -33 -17 -96 -51 -140 -74
-44 -23 -118 -63 -165 -87 -47 -25 -114 -62 -150 -83 -36 -21 -85 -48 -110
-60 -25 -12 -61 -32 -80 -43 -19 -11 -55 -31 -79 -44 -24 -13 -50 -29 -57 -34
-8 -8 -224 -9 -706 -3 l-693 8 2 469 c1 259 4 475 7 482 5 13 75 13 498 -4z
m-3356 -341 c5 -5 45 -27 89 -50 44 -23 94 -51 110 -61 17 -10 64 -36 105 -56
41 -20 82 -43 90 -49 8 -7 49 -30 90 -51 41 -21 85 -46 98 -55 20 -15 69 -41
122 -63 8 -3 29 -15 45 -25 26 -17 83 -46 263 -134 23 -11 42 -26 42 -33 0
-16 -26 -25 -53 -19 -31 6 -1082 24 -1842 31 -352 3 -641 7 -644 9 -9 9 23 64
72 124 53 66 167 153 222 170 17 5 53 18 81 29 50 19 156 45 319 77 110 22
201 43 260 60 63 17 284 63 350 72 28 3 64 12 80 19 35 15 87 18 101 5z m5627
-17 c29 -8 59 -19 67 -23 9 -5 31 -12 50 -15 19 -4 46 -11 60 -15 14 -5 52
-16 85 -26 67 -20 227 -71 325 -104 109 -37 182 -61 250 -83 81 -26 218 -97
290 -151 50 -37 157 -144 187 -187 10 -14 10 -20 0 -27 -7 -6 -120 -6 -282 -2
-148 5 -369 8 -490 8 -121 0 -393 3 -605 6 -212 3 -513 7 -670 9 -157 2 -324
1 -372 -3 -48 -3 -92 -5 -98 -3 -24 8 -6 34 38 53 72 32 148 70 247 124 50 26
122 65 160 85 85 45 268 142 350 186 33 18 96 51 140 73 44 23 107 57 140 75
33 19 64 35 68 35 5 1 32 -6 60 -15z m-5818 -625 c33 -5 224 -8 425 -8 201 1
379 1 395 1 17 0 46 -4 65 -10 l35 -10 -35 -1 c-163 -7 -1022 2 -1058 11 -33
8 -49 8 -68 -2 -20 -11 -28 -11 -48 0 -36 19 -947 20 -970 1 -14 -12 -16 -118
-16 -1051 0 -960 1 -1038 17 -1044 47 -19 413 -26 1338 -27 855 0 1026 -3
1042 -15 10 -7 36 -14 58 -15 37 -2 36 -2 -15 -9 -54 -8 -376 -6 -895 5 -143
3 -480 5 -750 5 -555 0 -801 7 -818 25 -9 9 -12 275 -11 1086 1 591 2 1076 3
1078 2 7 1250 -11 1306 -20z m980 -19 c4 -6 -5 -10 -20 -10 -15 0 -24 4 -20
10 3 6 12 10 20 10 8 0 17 -4 20 -10z m2607 -13 c4 -6 4 -15 0 -18 -4 -4 -108
-2 -232 3 -207 8 -276 5 -391 -16 -9 -2 -54 3 -100 10 -46 8 -111 14 -144 14
-33 -1 -231 -1 -440 -1 -209 -1 -387 -1 -395 -1 -169 -2 -701 5 -717 9 -88 20
92 23 1200 18 919 -5 1213 -9 1219 -18z m1781 -17 c121 0 206 -4 203 -9 -4 -5
-354 -8 -843 -6 -1135 3 -1113 3 -1113 16 0 8 220 9 773 5 424 -3 866 -5 980
-6z m-5989 -16 c164 -2 301 -6 304 -9 9 -9 4 -627 -5 -635 -7 -6 -904 8 -911
15 -6 6 -1 628 5 638 4 6 59 7 157 3 83 -4 286 -9 450 -12z m6566 -4 c13 -8
12 -10 -1 -15 -28 -11 -132 -1 -137 13 -5 15 114 17 138 2z m196 -13 c4 -4
-25 -7 -64 -7 -40 0 -72 4 -72 9 0 5 5 11 11 13 16 5 117 -7 125 -15z m-5356
-302 c3 -170 2 -316 -1 -323 -5 -11 -96 -14 -504 -12 -316 0 -503 5 -511 11
-9 7 -12 90 -13 316 0 168 2 310 5 314 3 5 232 8 512 7 l507 -3 5 -310z m88
298 c8 -16 8 -1839 0 -1973 -3 -37 -6 -45 -23 -45 -20 0 -20 6 -17 350 7 771
7 1182 1 1420 -3 138 -4 253 -2 258 8 13 32 7 41 -10z m966 -3 c5 -5 9 -111 8
-236 -1 -125 3 -260 8 -301 15 -117 19 -114 -163 -108 -84 3 -289 7 -457 10
-168 2 -306 4 -307 4 -9 2 -2 640 7 643 23 7 896 -4 904 -12z m4931 10 c12 -5
-96 -8 -260 -7 l-280 1 240 6 c132 3 249 6 260 7 11 1 29 -2 40 -7z m404 -8
c6 -11 9 -415 8 -1075 -2 -983 -3 -1057 -19 -1073 -15 -16 -40 -17 -224 -15
-113 1 -213 5 -220 8 -44 17 7 23 185 23 193 0 201 1 225 23 l26 22 1 1024 c0
913 -1 1026 -15 1039 -12 13 -49 17 -168 21 l-153 6 105 6 c220 11 238 11 249
-9z m-4294 -13 c8 -9 12 -648 4 -651 -5 -2 -158 1 -341 6 -183 5 -398 9 -478
10 l-145 1 -6 315 c-3 173 -3 318 -2 322 4 8 960 5 968 -3z m76 -1 c9 -78 10
-346 4 -1719 -1 -163 -5 -301 -9 -308 -26 -42 -28 22 -21 638 4 350 6 644 5
654 -2 19 -2 144 0 180 1 12 -2 139 -5 281 -3 142 -4 265 -1 272 7 17 26 18
27 2z m902 -1 l79 -2 4 -326 3 -326 -462 3 -462 4 -5 317 c-3 175 -2 323 2
328 5 9 578 10 841 2z m1119 -15 c11 -11 13 -636 2 -654 -4 -6 -19 -7 -38 -2
-17 4 -238 10 -491 13 l-460 6 4 25 c8 50 8 219 1 415 -4 110 -6 202 -4 205 5
10 976 2 986 -8z m78 -1011 c0 -557 -3 -1017 -6 -1022 -3 -5 -9 -9 -15 -9 -10
0 -13 2043 -2 2053 4 4 10 4 15 -1 5 -5 8 -464 8 -1021z m1008 994 c2 -2 4
-148 5 -325 l2 -322 -330 2 c-419 2 -615 7 -623 15 -4 4 -8 93 -9 198 -1 106
-6 244 -11 307 -5 75 -5 120 2 128 8 11 95 12 485 6 262 -3 477 -8 479 -9z
m1041 -14 c4 -9 6 -158 6 -331 l-2 -315 -34 2 c-24 2 -824 13 -940 13 -4 0 -5
87 -2 193 3 105 1 248 -5 317 -5 69 -7 129 -5 133 3 5 223 7 489 6 432 -2 486
-4 493 -18z m-7670 -626 c134 -2 246 -6 249 -9 2 -3 5 -146 5 -317 l1 -312
-450 2 c-331 2 -452 5 -461 14 -9 9 -12 92 -13 317 0 168 -1 309 0 314 0 4 96
5 213 2 116 -4 322 -9 456 -11z m875 -11 l476 -7 0 -46 c1 -459 1 -574 -3
-578 -5 -4 -525 -4 -877 0 l-145 2 1 90 c4 305 3 497 -2 510 -10 25 16 47 47
41 15 -3 242 -8 503 -12z m1546 -41 c4 -15 3 -75 -2 -133 -4 -58 -6 -188 -5
-290 l2 -185 -45 1 c-25 0 -229 3 -455 7 -225 4 -413 7 -417 7 -5 0 -8 142 -8
316 l0 316 462 -5 463 -5 5 -29z m593 27 l448 0 -5 -322 -5 -323 -73 1 c-351
3 -892 14 -896 18 -7 7 -2 618 5 629 3 5 22 7 42 3 20 -3 238 -6 484 -6z m947
-12 c179 -1 376 -4 438 -6 l112 -4 -2 -316 -3 -317 -30 1 c-16 1 -223 4 -460
7 l-430 5 -3 309 c-1 169 0 314 3 321 3 9 14 12 28 9 12 -3 168 -7 347 -9z
m1590 -23 c3 -95 -1 -629 -4 -633 -5 -4 -301 -2 -381 4 -22 1 -166 5 -320 8
-154 4 -283 10 -287 14 -3 4 -2 27 3 52 5 25 8 149 8 275 0 127 0 245 0 264
l1 33 490 -3 c317 -3 490 -8 490 -14z m635 -1 l450 -3 0 -321 c0 -176 -3 -321
-7 -322 -4 -2 -74 0 -155 4 -82 4 -296 7 -476 6 -180 0 -331 3 -334 6 -4 4 -3
19 3 34 5 15 9 152 9 312 0 178 4 288 10 293 6 4 19 5 30 1 11 -3 223 -8 470
-10z m1030 -14 c411 -4 470 -7 467 -20 -2 -8 -5 -152 -6 -320 l-2 -305 -295 4
c-624 9 -683 11 -689 18 -4 5 -3 55 2 113 4 58 7 195 6 305 -2 110 1 206 6
213 5 8 14 10 25 5 9 -4 228 -10 486 -13z m-7510 -620 c105 -1 268 -3 363 -5
95 -1 176 -6 181 -11 4 -5 5 -144 2 -309 l-6 -300 -80 2 c-44 1 -249 5 -455 8
-206 4 -377 10 -380 13 -3 4 -4 143 -2 309 3 345 -9 312 112 302 41 -4 161 -8
265 -9z m1190 -14 c248 -3 452 -5 454 -5 3 -1 -6 -320 -10 -361 -1 -8 0 -66 1
-128 1 -62 0 -116 -3 -119 -4 -3 -127 -4 -274 -3 -147 1 -374 3 -503 4 l-235
1 -2 305 c-1 225 1 307 10 312 7 4 35 5 62 3 28 -3 253 -7 500 -9z m1517 -315
c-1 -167 -4 -307 -8 -310 -3 -3 -166 -4 -362 -1 -196 2 -400 4 -452 5 l-95 0
-3 308 -2 307 462 -2 461 -3 -1 -304z m722 294 c170 -3 311 -7 313 -9 7 -6 5
-605 -2 -616 -4 -7 -23 -9 -51 -4 -24 3 -240 9 -480 13 l-436 6 1 310 c0 171
0 311 1 313 0 1 78 0 173 -3 94 -3 311 -7 481 -10z m1270 -8 l98 -2 0 -310 0
-310 -457 0 c-251 0 -459 4 -462 8 -6 10 -5 605 1 615 4 6 560 6 820 -1z
m1129 -7 c17 0 18 -10 13 -162 -3 -90 -5 -170 -5 -178 0 -8 0 -75 0 -149 0
-74 -4 -138 -9 -143 -6 -6 -33 -7 -64 -4 -29 4 -228 9 -443 12 -214 2 -407 5
-429 7 l-38 2 1 310 c0 171 1 311 1 313 0 2 215 1 478 -3 262 -3 485 -6 495
-5z m1065 -22 l34 -3 0 -310 0 -310 -483 4 c-266 2 -485 5 -487 6 -2 2 -3 140
-3 307 1 239 4 305 15 313 11 9 812 3 924 -7z m1062 -8 c13 0 15 -38 13 -306
-1 -169 -4 -309 -7 -311 -7 -8 -970 -3 -977 5 -3 4 -3 46 0 93 3 48 4 183 1
300 -3 118 -4 217 -2 221 1 4 217 5 480 2 262 -3 484 -5 492 -4z m-4086 -626
c577 -3 1052 -7 1056 -9 13 -8 585 -16 1343 -19 455 -1 747 -6 747 -12 0 -13
-2150 -7 -2315 7 -86 7 -553 11 -1355 12 -797 1 -1230 5 -1240 12 -16 10 535
25 655 18 33 -2 532 -6 1109 -9z m3250 -40 c22 -8 10 -24 -19 -24 -25 0 -39
12 -28 24 8 8 27 8 47 0z m416 -14 c0 -5 -20 -10 -44 -10 -25 0 -48 5 -51 10
-4 6 13 10 44 10 28 0 51 -4 51 -10z"/>
<path d="M3831 5661 c-17 -11 -7 -41 13 -41 22 0 30 20 15 36 -9 8 -19 10 -28
5z"/>
<path d="M5984 5595 c-4 -9 -2 -21 4 -27 16 -16 47 -5 47 17 0 26 -42 34 -51
10z"/>
<path d="M6957 5463 c-4 -3 -7 -15 -7 -25 0 -20 44 -26 55 -8 14 22 -30 52
-48 33z"/>
<path d="M3342 5103 c4 -20 18 -26 37 -14 18 12 5 31 -20 31 -14 0 -19 -6 -17
-17z"/>
<path d="M2865 2986 c-44 -23 -120 -65 -170 -92 -49 -28 -110 -60 -135 -73
-25 -12 -81 -42 -125 -67 -44 -25 -107 -58 -140 -74 -33 -17 -69 -36 -80 -43
-40 -25 -101 -62 -130 -78 -212 -116 -255 -139 -263 -139 -15 0 -44 -38 -40
-52 4 -10 47 -12 199 -10 107 2 403 -4 659 -12 382 -13 1001 -18 1858 -16 126
0 133 5 89 64 -13 17 -32 48 -42 69 -16 35 -142 171 -190 207 -73 53 -116 80
-160 99 -27 12 -59 26 -70 31 -34 16 -191 64 -290 89 -22 5 -65 17 -95 26 -61
17 -127 29 -270 50 -52 8 -122 18 -155 24 -346 54 -344 54 -450 -3z m280 -36
c39 -6 113 -17 165 -25 52 -9 129 -20 170 -25 41 -5 84 -12 95 -16 11 -3 43
-9 70 -14 92 -14 353 -89 459 -132 144 -57 313 -187 386 -294 24 -36 26 -45
14 -55 -7 -6 -22 -8 -31 -4 -10 4 -270 9 -578 11 -308 2 -785 9 -1060 15 -275
6 -577 9 -672 7 -197 -3 -225 5 -141 41 59 26 65 29 146 72 31 17 64 37 72 44
8 7 26 16 40 20 14 4 30 11 35 15 6 4 60 34 120 65 61 32 115 61 120 65 11 8
150 83 272 146 45 23 92 49 105 58 26 18 105 20 213 6z"/>
<path d="M6003 2978 c-11 -15 -9 -410 1 -427 8 -12 55 -15 57 -3 6 48 2 420
-4 430 -5 6 -17 12 -27 12 -10 0 -22 -6 -27 -12z"/>
<path d="M5090 2957 c-14 -7 -26 -21 -28 -32 -2 -11 -10 -33 -17 -50 -26 -62
-44 -111 -50 -135 -8 -30 -31 -85 -51 -122 -7 -14 -14 -38 -14 -52 0 -22 4
-26 29 -26 35 0 44 11 61 73 7 26 15 47 19 47 12 1 126 2 143 1 10 -1 19 -13
23 -33 12 -53 34 -88 56 -88 11 0 22 7 26 16 6 16 -14 90 -30 111 -5 7 -13 27
-17 45 -18 75 -81 234 -97 246 -21 15 -22 15 -53 -1z m39 -101 c7 -8 15 -30
18 -50 3 -20 10 -39 14 -42 5 -3 9 -14 9 -25 0 -16 -7 -19 -56 -19 -56 0 -56
0 -51 28 2 15 10 43 17 62 7 19 14 41 16 48 4 16 19 15 33 -2z"/>
<path d="M5324 2856 c-3 -8 -4 -23 -2 -33 3 -15 14 -18 78 -18 47 0 75 -4 75
-11 0 -9 -28 -48 -70 -97 -57 -67 -76 -99 -73 -124 l3 -28 120 0 120 0 3 28
c4 31 5 30 -92 31 -38 1 -71 6 -72 11 -2 6 19 35 46 65 27 30 50 58 50 61 0 4
14 22 30 40 20 22 29 43 28 59 -3 25 -3 25 -121 28 -96 2 -118 0 -123 -12z"/>
<path d="M5644 2858 c-11 -18 -7 -226 5 -256 12 -30 68 -72 94 -72 9 0 32 8
52 17 30 14 38 15 60 3 16 -8 29 -10 35 -4 7 7 13 179 11 302 -1 18 -7 22 -30
22 -16 0 -31 -6 -35 -15 -3 -8 -2 -59 1 -113 5 -92 4 -101 -16 -121 -14 -14
-33 -21 -61 -21 -56 0 -64 20 -58 144 3 56 3 107 1 114 -6 15 -49 16 -59 0z"/>
<path d="M1848 2093 l-38 -4 0 -462 c0 -254 4 -467 8 -474 4 -6 18 -14 32 -17
22 -4 1168 -21 1460 -21 96 0 110 2 160 29 140 73 213 114 320 179 63 38 122
72 130 76 19 8 129 69 238 133 45 26 85 48 87 48 2 0 46 25 97 56 115 70 218
124 236 124 9 0 12 9 10 28 -3 25 -7 28 -58 33 -30 4 -93 17 -140 29 -81 20
-117 28 -310 65 -270 52 -676 111 -864 125 -67 5 -146 13 -176 18 -30 5 -115
10 -189 11 -74 1 -139 5 -145 9 -6 3 -33 7 -61 8 -121 6 -764 12 -797 7z m757
-74 c132 -6 283 -14 335 -19 368 -30 499 -43 530 -50 54 -13 359 -63 415 -68
28 -2 56 -9 64 -16 8 -6 55 -14 105 -17 50 -3 100 -11 111 -17 21 -12 108 -30
185 -39 25 -3 49 -9 53 -13 13 -12 -11 -50 -31 -51 -20 -1 -111 -50 -261 -141
-60 -38 -113 -68 -116 -68 -4 0 -58 -32 -122 -71 -63 -39 -125 -75 -137 -80
-11 -5 -33 -17 -48 -27 -29 -19 -195 -115 -243 -141 -27 -14 -106 -15 -790
-13 -418 2 -768 6 -779 9 -18 5 -18 14 -11 177 4 94 8 277 9 406 1 129 4 240
8 245 8 13 381 10 723 -6z"/>
<path d="M6715 1910 c-6 -9 -8 -211 -5 -423 0 -5 14 -7 32 -5 l32 3 1 215 0
215 -27 3 c-14 2 -29 -2 -33 -8z"/>
<path d="M4991 1874 c-12 -15 -21 -32 -21 -39 0 -20 -99 -284 -112 -300 -4 -5
-8 -19 -8 -32 0 -20 5 -23 35 -23 32 0 35 3 46 43 19 72 19 72 101 75 l75 3
17 -48 c10 -26 19 -54 22 -60 2 -7 17 -13 34 -13 41 0 39 26 -10 135 -5 11
-27 74 -50 140 -22 66 -48 126 -57 133 -26 19 -50 14 -72 -14z m64 -101 c4
-16 13 -43 21 -61 23 -53 19 -60 -37 -64 -67 -4 -75 2 -55 42 9 18 16 39 16
46 0 27 20 64 35 64 8 0 17 -12 20 -27z"/>
<path d="M5372 1795 c-24 -10 -40 -12 -59 -4 -52 19 -54 13 -51 -153 l3 -153
30 0 30 0 3 117 3 118 29 15 c39 20 63 19 85 -5 15 -17 17 -35 14 -132 l-4
-113 35 0 35 0 -4 112 -3 112 33 20 c45 28 75 26 95 -4 13 -20 16 -45 13 -133
l-4 -107 33 -3 c21 -2 32 1 33 10 0 7 0 67 -1 133 -1 115 -2 121 -27 147 -43
45 -116 46 -159 3 -19 -19 -29 -19 -46 -2 -18 19 -54 37 -70 37 -7 -1 -28 -7
-46 -15z"/>
<path d="M5845 1801 c-25 -5 -31 -11 -33 -40 -3 -32 -2 -33 25 -26 90 23 158
13 151 -23 -2 -12 -23 -20 -78 -29 -81 -13 -113 -36 -126 -90 -10 -38 23 -94
67 -116 34 -16 40 -16 75 -2 22 8 59 14 84 12 l45 -2 -4 130 c-3 143 -8 156
-68 181 -33 14 -86 16 -138 5z m145 -201 c0 -31 -5 -43 -24 -55 -34 -22 -95
-16 -113 11 -12 18 -11 24 7 47 21 26 40 33 98 36 31 1 32 0 32 -39z"/>
<path d="M6456 1800 c-84 -25 -133 -158 -90 -243 26 -51 43 -65 100 -83 51
-16 57 -16 109 1 50 15 55 20 55 45 0 38 -13 44 -49 25 -36 -18 -100 -19 -122
-2 -25 19 -51 65 -44 77 3 6 46 10 100 10 113 0 125 4 125 40 0 64 -31 108
-89 128 -39 14 -54 14 -95 2z m108 -83 c27 -37 12 -47 -72 -47 -76 0 -92 19
-47 57 38 33 90 29 119 -10z"/>
<path d="M6953 1802 c-38 -12 -92 -70 -99 -108 -3 -19 -4 -60 -2 -90 5 -64 30
-97 97 -126 41 -19 45 -19 87 -3 90 34 130 121 102 221 -11 41 -22 54 -62 82
-47 31 -77 37 -123 24z m87 -72 c31 -22 46 -78 35 -130 -21 -96 -146 -93 -160
4 -17 112 50 179 125 126z"/>
<path d="M6152 1792 c-9 -7 -12 -45 -10 -158 l3 -149 30 0 30 0 3 107 3 108
29 15 c16 8 42 15 58 15 33 0 46 25 30 54 -12 21 -42 20 -79 -1 -26 -16 -29
-16 -47 0 -21 19 -31 21 -50 9z"/>
<path d="M4911 1456 c-19 -23 -10 -61 14 -61 14 0 21 8 23 26 4 33 -20 56 -37
35z"/>
<path d="M1816 935 c-4 -14 -6 -176 -6 -360 1 -244 5 -336 13 -343 7 -5 235
-12 527 -16 409 -5 519 -4 533 6 16 12 17 41 15 368 l-3 355 -55 7 c-30 3
-272 6 -536 7 l-482 1 -6 -25z m622 -36 c174 -1 335 -4 357 -8 l40 -6 0 -305
0 -305 -420 2 c-438 3 -531 5 -537 13 -2 3 -2 144 0 314 l3 309 120 -7 c66 -4
262 -7 437 -7z"/>
<path d="M3593 782 c-33 -34 0 -55 79 -51 l63 4 2 -170 c1 -93 2 -176 2 -183
1 -9 12 -12 34 -10 l32 3 -1 178 -1 177 72 0 c77 0 96 12 76 48 -8 13 -34 16
-177 16 -126 1 -171 -2 -181 -12z"/>
<path d="M6818 783 c-13 -3 -18 -14 -18 -43 0 -21 -6 -43 -15 -50 -8 -7 -15
-18 -15 -25 0 -7 7 -18 15 -25 11 -10 15 -36 15 -112 0 -85 3 -103 21 -128 33
-43 128 -52 143 -13 9 23 -14 45 -41 38 -15 -3 -29 1 -43 15 -17 17 -20 33
-20 98 0 92 7 107 48 99 36 -7 68 13 59 37 -5 11 -19 16 -52 16 l-45 0 0 40
c0 42 -19 60 -52 53z"/>
<path d="M4286 699 c-58 -9 -70 -19 -61 -49 6 -19 12 -21 39 -15 86 18 103 18
125 -4 29 -29 21 -37 -37 -44 -82 -10 -127 -33 -147 -77 -16 -36 -16 -42 -2
-73 31 -65 80 -86 148 -63 28 10 49 12 65 6 49 -19 54 -8 54 124 0 132 -7 154
-58 180 -41 20 -72 24 -126 15z m122 -201 c3 -33 -1 -40 -30 -58 -40 -24 -66
-25 -96 -4 -44 31 -15 81 56 95 59 11 67 8 70 -33z"/>
<path d="M4677 694 c-20 -11 -41 -13 -67 -9 -23 4 -41 2 -44 -4 -4 -6 -8 -74
-9 -152 -2 -153 2 -166 49 -155 l26 7 -7 107 c-7 104 -6 108 17 129 28 25 44
30 80 20 36 -9 42 -36 36 -151 -3 -50 -3 -97 -1 -103 6 -17 49 -17 60 0 4 6 6
66 4 132 -3 128 -10 148 -63 179 -32 20 -45 20 -81 0z"/>
<path d="M4954 691 c-69 -32 -94 -92 -56 -136 21 -25 85 -55 116 -55 51 0 61
-57 13 -74 -20 -7 -40 -5 -77 8 -53 19 -70 16 -70 -14 0 -51 141 -75 197 -34
66 49 67 121 3 154 -22 11 -48 20 -59 20 -27 0 -69 20 -75 36 -5 13 37 54 55
54 5 0 30 -9 58 -19 54 -22 61 -20 61 19 0 23 -7 30 -43 44 -54 20 -72 20
-123 -3z"/>
<path d="M5318 695 c-16 -9 -46 -14 -70 -13 l-43 3 -5 -200 c-4 -122 -2 -205
4 -213 5 -7 21 -12 35 -10 24 3 26 6 26 58 l0 55 60 -3 c72 -4 106 17 136 82
60 131 -40 298 -143 241z m82 -91 c46 -73 -1 -184 -79 -184 -46 0 -60 26 -60
108 0 86 19 112 80 112 32 0 41 -5 59 -36z"/>
<path d="M5585 696 c-41 -12 -52 -30 -36 -55 8 -13 17 -13 66 -1 50 12 61 12
84 -1 14 -8 27 -22 29 -32 3 -13 -4 -17 -30 -18 -18 0 -58 -8 -88 -17 -47 -15
-58 -23 -74 -56 -17 -36 -18 -42 -4 -80 20 -57 68 -81 129 -65 46 11 70 13
104 7 19 -3 20 3 23 126 3 151 -3 166 -74 190 -55 19 -74 19 -129 2z m144
-170 c19 -23 2 -74 -32 -91 -38 -19 -67 -19 -95 1 -55 38 0 92 104 103 6 0 17
-5 23 -13z"/>
<path d="M6206 700 c-98 -30 -150 -187 -89 -269 39 -51 67 -64 140 -64 76 0
108 12 118 44 12 37 -9 45 -69 25 -47 -16 -58 -17 -90 -5 -38 14 -75 67 -61
88 4 7 50 11 116 11 l109 0 0 39 c0 86 -92 156 -174 131z m91 -72 c7 -6 13
-21 13 -34 0 -23 -3 -24 -75 -24 -66 0 -75 2 -75 18 0 50 93 77 137 40z"/>
<path d="M6568 694 c-16 -8 -46 -13 -70 -12 l-43 3 -6 -145 c-7 -161 -3 -178
46 -166 l27 7 -7 105 c-7 101 -6 107 16 130 16 17 33 24 60 24 53 0 62 -20 59
-144 -2 -55 -2 -107 -1 -113 1 -17 46 -17 58 0 6 7 8 62 5 133 -4 112 -6 124
-29 149 -22 23 -62 46 -81 45 -4 -1 -19 -7 -34 -16z"/>
<path d="M7091 694 c-108 -47 -136 -212 -50 -291 55 -49 194 -50 220 -1 23 44
-11 61 -65 33 -36 -19 -50 -19 -86 0 -32 17 -65 69 -54 86 4 6 41 10 93 9 135
-3 124 -7 119 50 -6 57 -33 94 -85 116 -39 17 -48 17 -92 -2z m87 -60 c15 -10
22 -24 20 -37 -3 -20 -10 -22 -71 -25 -66 -3 -68 -2 -65 20 2 15 16 29 38 40
43 22 50 22 78 2z"/>
<path d="M4106 682 c-31 -12 -42 -12 -61 -2 -47 25 -52 13 -57 -142 -3 -82 -1
-148 5 -155 12 -17 54 -17 64 0 4 6 6 55 4 108 -3 91 -2 97 20 113 13 9 40 16
61 16 42 0 52 11 44 44 -8 31 -34 37 -80 18z"/>
<path d="M6015 692 c-11 -3 -29 -11 -39 -18 -17 -12 -22 -11 -37 2 -10 9 -26
14 -36 12 -16 -3 -18 -17 -21 -155 l-2 -153 26 -6 c45 -11 53 9 45 110 -6 78
-4 92 12 112 14 19 28 24 63 24 38 0 44 3 50 24 3 14 3 29 0 34 -8 13 -36 19
-61 14z"/>
</g>
</svg>
