<?xml version="1.0" standalone="no"?>
<!DOCTYPE svg PUBLIC "-//W3C//DTD SVG 20010904//EN"
 "http://www.w3.org/TR/2001/REC-SVG-20010904/DTD/svg10.dtd">
<svg version="1.0" xmlns="http://www.w3.org/2000/svg"
 width="900.000000pt" height="1644.000000pt" viewBox="0 0 900.000000 1644.000000"
 preserveAspectRatio="xMidYMid meet">
<metadata>
Created by potrace 1.10, written by Peter Selinger 2001-2011
</metadata>
<g transform="translate(0.000000,1644.000000) scale(0.100000,-0.100000)"
fill="#000000" stroke="none">
<path d="M2730 14629 c-30 -15 -181 -90 -335 -165 -629 -307 -605 -294 -605
-322 0 -14 9 -36 21 -48 l20 -22 52 20 c29 11 65 23 80 28 16 5 35 14 42 20 7
6 58 12 113 13 l100 2 48 -41 c27 -22 59 -59 71 -81 45 -80 47 -140 46 -1723
0 -1638 1 -1616 -58 -1699 -58 -84 -120 -107 -335 -125 l-135 -11 0 -50 0 -50
787 -3 c783 -2 787 -2 793 18 8 27 -3 80 -19 86 -7 3 -59 9 -117 13 -185 15
-292 60 -340 144 -53 93 -51 26 -58 2097 l-6 1925 -55 1 c-43 2 -67 -4 -110
-27z"/>
<path d="M6674 14650 c-12 -5 -55 -12 -95 -16 -41 -4 -88 -13 -106 -21 -18 -7
-48 -13 -67 -13 -19 0 -47 -6 -63 -14 -15 -8 -53 -22 -83 -31 -117 -36 -255
-96 -355 -155 -27 -17 -57 -33 -65 -37 -39 -18 -209 -141 -289 -209 -159 -134
-411 -383 -448 -442 -9 -15 -24 -34 -32 -43 -35 -36 -60 -70 -147 -199 -95
-142 -201 -347 -254 -490 -18 -47 -38 -100 -46 -118 -8 -18 -14 -41 -14 -52 0
-11 -6 -37 -14 -57 -68 -189 -111 -559 -99 -856 3 -81 10 -150 14 -153 5 -3 9
-37 9 -75 0 -39 7 -85 15 -106 8 -19 15 -47 15 -62 0 -26 7 -49 56 -191 14
-41 28 -86 31 -100 3 -14 9 -29 13 -35 5 -5 28 -48 52 -94 66 -128 70 -136 80
-139 4 -2 8 -9 8 -16 0 -14 59 -98 77 -109 7 -4 13 -15 13 -24 0 -22 243 -261
316 -310 77 -52 266 -143 296 -143 13 0 43 -8 68 -17 70 -25 460 -25 550 0
100 29 184 58 194 68 6 5 16 9 24 9 8 0 63 30 123 66 82 49 136 91 213 167 89
89 196 215 196 233 0 3 14 26 30 51 17 24 30 46 30 48 0 2 14 24 30 48 17 25
30 48 30 52 0 5 14 37 30 72 17 34 30 69 30 76 0 7 5 18 11 24 10 10 29 77 49
168 5 22 14 60 21 85 17 63 17 534 0 575 -7 17 -16 50 -21 75 -17 92 -39 157
-79 237 -22 45 -41 87 -41 93 0 6 -20 36 -45 67 -25 30 -45 58 -45 62 0 21
-237 245 -280 264 -8 4 -28 16 -45 27 -96 62 -245 109 -380 120 -131 10 -296
-2 -405 -30 -47 -12 -96 -24 -110 -27 -14 -2 -41 -12 -60 -20 -19 -9 -51 -22
-70 -30 -19 -8 -48 -21 -63 -29 -16 -8 -33 -14 -39 -14 -6 0 -54 -26 -107 -59
-53 -32 -106 -61 -118 -65 -21 -7 -21 -7 -6 41 9 26 21 68 29 93 7 25 24 77
38 115 14 39 26 76 26 83 0 7 14 43 31 80 17 37 44 96 61 132 56 124 123 253
164 314 80 120 108 161 120 171 6 6 15 18 20 27 21 40 216 247 304 323 128
110 236 182 372 248 105 51 136 64 228 97 84 29 336 80 401 80 47 0 69 25 69
78 l0 42 -187 -1 c-104 0 -198 -4 -209 -9z m-699 -1927 c143 -44 266 -137 352
-266 57 -86 70 -107 79 -127 6 -16 16 -37 63 -143 17 -37 31 -77 31 -90 1 -12
7 -33 15 -47 8 -14 14 -39 15 -55 0 -17 5 -36 10 -41 6 -6 15 -49 20 -97 6
-47 14 -96 19 -109 5 -13 8 -140 6 -283 -2 -301 -9 -351 -79 -540 -46 -127
-162 -271 -280 -350 -31 -20 -59 -41 -62 -46 -3 -5 -14 -9 -25 -9 -11 0 -30
-6 -42 -14 -26 -17 -120 -38 -200 -43 -93 -7 -234 39 -322 106 -124 94 -203
195 -285 361 -81 163 -92 193 -119 307 -12 48 -25 102 -31 118 -25 81 -42 179
-46 265 -2 52 -9 111 -15 131 -7 20 -8 54 -5 75 4 22 11 104 16 184 5 80 16
206 25 280 14 118 18 148 24 182 1 7 102 77 131 91 8 4 29 16 45 27 48 31 219
111 280 130 97 31 284 33 380 3z"/>
<path d="M1035 8074 c-68 -20 -115 -72 -115 -127 0 -47 23 -88 60 -111 26 -15
302 -16 3482 -16 l3453 1 26 22 c14 12 33 40 43 63 17 40 17 42 -4 88 -17 38
-30 51 -68 69 l-47 22 -3390 2 c-2961 1 -3396 0 -3440 -13z"/>
<path d="M2708 5684 c-4 -4 -55 -11 -113 -15 -57 -5 -121 -15 -141 -24 -20 -8
-47 -15 -59 -15 -22 0 -102 -34 -190 -82 -97 -52 -240 -177 -330 -288 -54 -67
-85 -108 -85 -113 0 -3 -20 -36 -45 -74 -25 -37 -59 -97 -76 -133 -17 -36 -37
-78 -45 -93 -20 -40 -18 -52 11 -71 52 -34 76 -23 142 67 69 93 228 249 288
284 193 110 340 140 565 115 150 -17 263 -73 376 -186 84 -84 145 -184 164
-271 5 -22 14 -60 20 -85 14 -53 8 -319 -8 -365 -6 -16 -20 -59 -32 -95 -37
-107 -44 -123 -81 -180 -76 -116 -171 -209 -288 -284 -26 -17 -56 -37 -67 -44
-10 -6 -29 -17 -42 -22 -13 -5 -49 -22 -80 -36 -112 -52 -167 -72 -232 -85
-121 -24 -115 -20 -115 -69 l0 -45 120 -7 c211 -12 334 -44 535 -141 235 -113
364 -239 463 -452 48 -104 67 -160 78 -225 4 -25 13 -65 19 -90 7 -28 10 -93
8 -170 -4 -101 -10 -142 -32 -215 -27 -86 -90 -231 -104 -237 -4 -2 -26 -28
-49 -58 -104 -137 -284 -250 -448 -281 -83 -16 -254 -23 -268 -11 -7 6 -34 13
-62 17 -56 8 -165 42 -179 56 -6 5 -16 9 -23 9 -6 0 -35 13 -63 30 -28 16 -55
30 -61 30 -5 0 -39 14 -74 30 -36 17 -95 44 -132 61 -61 29 -76 31 -175 32
-83 0 -112 -3 -125 -15 -10 -8 -25 -18 -34 -21 -9 -3 -33 -26 -54 -52 -36 -44
-38 -50 -39 -119 0 -68 2 -75 36 -122 81 -111 186 -167 353 -189 50 -6 97 -15
106 -19 8 -4 112 -5 230 -3 207 4 404 23 462 46 16 6 41 11 57 11 41 0 209 56
310 103 234 109 396 241 554 452 115 154 180 291 237 500 31 118 32 124 32
335 0 176 -3 223 -16 260 -9 25 -17 59 -17 77 0 17 -4 34 -10 38 -5 3 -14 20
-19 38 -44 145 -148 308 -276 432 -60 59 -224 178 -268 194 -70 27 -157 74
-157 86 0 13 79 93 149 151 51 42 172 184 228 266 55 82 120 210 155 308 20
58 23 83 23 225 0 135 -3 164 -18 185 -9 13 -17 36 -17 50 0 36 -56 143 -124
235 -88 118 -189 205 -306 261 -99 48 -139 64 -160 64 -11 0 -34 7 -52 15 -18
8 -82 19 -143 24 -60 6 -126 13 -145 16 -19 4 -38 3 -42 -1z"/>
<path d="M7060 5680 c-14 -5 -83 -13 -155 -19 -126 -11 -187 -21 -250 -43 -16
-6 -48 -14 -70 -18 -41 -8 -86 -23 -143 -46 -18 -8 -39 -14 -46 -14 -7 0 -33
-11 -57 -24 -24 -13 -54 -27 -67 -31 -69 -20 -357 -209 -477 -313 -22 -19 -64
-55 -94 -81 -68 -58 -267 -256 -303 -302 -14 -19 -57 -73 -95 -121 -70 -89
-143 -198 -200 -297 -104 -180 -239 -493 -252 -584 -4 -26 -13 -53 -19 -59 -7
-7 -12 -23 -12 -37 0 -15 -7 -44 -14 -66 -8 -22 -17 -62 -20 -90 -3 -27 -10
-75 -16 -105 -13 -69 -32 -314 -31 -400 2 -179 37 -473 61 -521 5 -9 12 -34
15 -55 6 -38 50 -163 81 -234 9 -19 22 -50 30 -67 32 -75 50 -110 75 -143 14
-19 29 -42 33 -50 32 -69 124 -185 242 -306 56 -57 105 -104 109 -104 4 0 27
-18 52 -40 49 -42 219 -130 293 -150 25 -6 74 -16 110 -21 36 -6 88 -15 115
-20 94 -20 336 1 440 37 23 8 50 14 61 14 11 0 29 7 40 15 10 8 26 15 34 15
18 0 140 60 158 78 7 6 18 12 23 12 17 0 167 119 222 175 96 97 197 225 197
247 0 6 14 27 30 48 17 21 30 41 30 46 0 4 6 15 13 23 8 9 28 52 46 96 18 44
37 88 43 99 19 37 46 134 80 286 31 143 27 476 -7 611 -9 35 -20 82 -25 104
-12 57 -32 108 -85 210 -59 115 -60 117 -122 196 -76 98 -218 225 -283 255 -8
4 -22 13 -30 20 -26 22 -138 74 -160 74 -12 0 -33 6 -48 14 -29 15 -58 20
-192 36 -113 13 -317 -4 -425 -36 -27 -8 -75 -23 -105 -32 -30 -9 -62 -22 -71
-29 -8 -7 -23 -13 -31 -13 -9 0 -29 -7 -45 -15 -15 -8 -48 -24 -73 -35 -25
-11 -58 -29 -75 -40 -16 -11 -37 -23 -45 -27 -8 -4 -30 -17 -49 -30 -45 -31
-61 -17 -38 32 9 20 17 42 17 50 0 17 56 197 76 243 8 18 14 41 14 50 0 10 7
27 15 38 8 10 15 27 15 36 0 9 6 29 14 45 8 15 36 71 61 123 65 132 218 358
326 481 104 118 186 205 221 233 12 11 52 45 88 76 108 94 299 211 416 256 87
34 175 61 239 74 22 5 58 13 80 19 22 5 85 17 140 26 137 23 127 17 123 77
l-3 53 -110 2 c-60 0 -121 -3 -135 -7z m-845 -1933 c96 -28 200 -91 274 -165
28 -29 101 -127 101 -138 0 -1 13 -22 28 -46 15 -24 35 -59 44 -78 9 -19 28
-62 44 -95 15 -33 31 -76 35 -95 4 -19 12 -48 17 -65 53 -157 64 -245 69 -555
3 -192 1 -287 -8 -315 -6 -22 -15 -62 -19 -90 -8 -51 -32 -126 -50 -157 -6
-10 -10 -24 -10 -31 0 -7 -20 -44 -45 -81 -25 -38 -45 -72 -45 -75 0 -23 -221
-211 -247 -211 -3 0 -19 -6 -36 -14 -18 -7 -45 -19 -62 -26 -16 -7 -82 -15
-145 -18 -122 -4 -171 6 -280 59 -72 35 -225 192 -287 294 -33 54 -113 219
-113 232 0 8 -6 27 -14 41 -13 25 -29 82 -61 212 -7 30 -19 78 -26 105 -36
145 -51 366 -39 580 20 347 34 474 56 495 20 18 286 170 298 170 7 0 38 14 69
30 31 17 69 30 84 30 16 1 39 7 52 14 33 18 248 14 316 -7z"/>
</g>
</svg>
