<?xml version="1.0" standalone="no"?>
<!DOCTYPE svg PUBLIC "-//W3C//DTD SVG 20010904//EN"
 "http://www.w3.org/TR/2001/REC-SVG-20010904/DTD/svg10.dtd">
<svg version="1.0" xmlns="http://www.w3.org/2000/svg"
 width="645.000000pt" height="300.000000pt" viewBox="0 0 645.000000 300.000000"
 preserveAspectRatio="xMidYMid meet">
<metadata>
Created by potrace 1.10, written by Peter Selinger 2001-2011
</metadata>
<g transform="translate(0.000000,300.000000) scale(0.100000,-0.100000)"
fill="#000000" stroke="none">
<path d="M145 2858 c-3 -7 -4 -641 -3 -1408 l3 -1395 3085 0 3085 0 0 1405 0
1405 -3083 3 c-2461 2 -3084 0 -3087 -10z m3020 -1398 l0 -1315 -1465 0 -1465
0 -3 1305 c-1 718 0 1311 3 1318 3 10 302 12 1467 10 l1463 -3 0 -1315z m3060
0 l0 -1315 -1465 0 -1465 0 -3 1305 c-1 718 0 1311 3 1318 3 10 302 12 1467
10 l1463 -3 0 -1315z"/>
<path d="M2218 2393 c-14 -2 -47 -22 -72 -44 -102 -90 -97 -228 11 -316 43
-35 48 -37 123 -37 72 0 80 2 118 33 64 50 82 87 82 166 0 75 -15 110 -69 161
-43 40 -101 51 -193 37z"/>
<path d="M955 1080 c-22 -10 -59 -40 -82 -66 -43 -48 -43 -49 -43 -125 0 -72
2 -80 33 -120 89 -117 239 -120 329 -6 31 39 33 45 32 123 0 80 -1 84 -38 128
-62 76 -155 102 -231 66z"/>
<path d="M5001 1620 c-72 -40 -121 -115 -121 -185 0 -44 32 -114 69 -149 75
-72 202 -73 280 -3 54 50 77 159 46 228 -20 46 -32 60 -84 97 -37 27 -52 32
-100 31 -35 0 -68 -7 -90 -19z"/>
</g>
</svg>
