<?xml version="1.0" encoding="UTF-8" standalone="no"?>
<svg
   xmlns:dc="http://purl.org/dc/elements/1.1/"
   xmlns:cc="http://creativecommons.org/ns#"
   xmlns:rdf="http://www.w3.org/1999/02/22-rdf-syntax-ns#"
   xmlns:svg="http://www.w3.org/2000/svg"
   xmlns="http://www.w3.org/2000/svg"
   xmlns:sodipodi="http://sodipodi.sourceforge.net/DTD/sodipodi-0.dtd"
   xmlns:inkscape="http://www.inkscape.org/namespaces/inkscape"
   version="1.0"
   width="867.000000pt"
   height="615.000000pt"
   viewBox="0 0 867.000000 615.000000"
   preserveAspectRatio="xMidYMid meet"
   id="svg2"
   inkscape:version="0.48.4 r9939"
   sodipodi:docname="q5.svg">
  <defs
     id="defs284" />
  <sodipodi:namedview
     pagecolor="#ffffff"
     bordercolor="#666666"
     borderopacity="1"
     objecttolerance="10"
     gridtolerance="10"
     guidetolerance="10"
     inkscape:pageopacity="0"
     inkscape:pageshadow="2"
     inkscape:window-width="1600"
     inkscape:window-height="824"
     id="namedview282"
     showgrid="false"
     inkscape:zoom="0.61398374"
     inkscape:cx="543.59526"
     inkscape:cy="350.53742"
     inkscape:window-x="0"
     inkscape:window-y="24"
     inkscape:window-maximized="1"
     inkscape:current-layer="svg2" />
  <metadata
     id="metadata4">
Created by potrace 1.10, written by Peter Selinger 2001-2011
<rdf:RDF>
  <cc:Work
     rdf:about="">
    <dc:format>image/svg+xml</dc:format>
    <dc:type
       rdf:resource="http://purl.org/dc/dcmitype/StillImage" />
  </cc:Work>
</rdf:RDF>
</metadata>
  <g
     transform="translate(0.000000,615.000000) scale(0.100000,-0.100000)"
     fill="#000000"
     stroke="none"
     id="g6">
    <path
       d="M685 5978 c-82 -4 -231 -9 -330 -12 -176 -5 -180 -6 -205 -31 l-25 -26 3 -174 c2 -96 -1 -232 -7 -302 -6 -71 -13 -337 -16 -593 -3 -256 -9 -499 -14 -540 -5 -41 -7 -78 -5 -81 11 -18 15 -816 5 -1070 -6 -163 -10 -672 -9 -1190 1 -497 1 -940 1 -984 -1 -44 -2 -241 -3 -437 -1 -341 0 -359 20 -397 11 -22 19 -50 17 -63 -2 -19 3 -24 32 -26 19 -2 45 -1 59 3 23 6 23 7 8 24 -19 21 -21 51 -3 52 6 0 44 2 82 5 114 8 791 4 837 -4 24 -5 54 -5 68 -1 32 8 121 -1 138 -14 24 -19 -3 -27 -100 -31 -103 -4 -141 -15 -96 -27 35 -9 2759 -12 2839 -3 59 7 68 19 20 26 -14 1 -26 8 -28 14 -6 18 54 34 128 34 61 0 72 3 99 28 32 28 31 25 56 217 4 30 -1 55 -22 100 -24 54 -27 73 -29 190 -3 137 7 194 38 235 16 22 18 41 17 140 -1 63 3 203 8 310 6 107 11 647 11 1200 1 620 5 1041 11 1100 6 52 14 246 18 430 8 381 0 1835 -10 1845 -3 4 -118 8 -255 9 -136 1 -282 7 -323 13 -45 7 -270 12 -555 12 -264 1 -595 6 -735 12 -304 12 -1532 17 -1745 7z m1824 -89 c64 -7 226 -11 361 -10 345 3 332 3 677 -7 291 -9 315 -12 347 -31 39 -24 42 -30 51 -97 12 -85 34 -140 61 -153 22 -9 24 -17 25 -73 0 -35 3 -83 7 -108 4 -25 4 -108 0 -185 -7 -118 -12 -148 -33 -190 -13 -27 -27 -66 -30 -85 -12 -61 -57 -200 -66 -200 -4 0 -13 -18 -19 -40 -11 -39 -45 -71 -143 -133 -15 -10 -33 -29 -39 -42 -12 -27 -86 -72 -163 -100 -56 -20 -86 -32 -165 -68 -30 -13 -72 -27 -94 -30 -21 -4 -44 -15 -52 -25 -7 -11 -31 -22 -54 -26 -22 -3 -73 -17 -113 -30 -40 -13 -114 -26 -166 -30 -52 -4 -126 -18 -165 -31 -40 -13 -101 -27 -137 -30 -35 -4 -89 -13 -119 -20 -148 -37 -868 -34 -1017 4 -23 6 -88 12 -144 13 -101 3 -101 3 -123 -25 -19 -26 -21 -40 -19 -128 2 -90 1 -99 -18 -109 -23 -13 -19 -41 11 -75 9 -11 20 -32 24 -46 8 -34 36 -46 54 -22 8 11 10 28 5 48 -4 16 -6 86 -5 154 2 163 0 161 128 128 55 -14 111 -23 125 -20 15 3 42 -2 60 -10 86 -40 115 -42 489 -41 352 1 366 1 400 22 19 11 58 24 85 28 28 4 61 11 74 16 13 5 57 13 98 19 40 5 88 16 106 23 17 7 70 16 116 20 110 9 167 22 202 46 18 14 44 20 81 20 29 1 71 8 93 16 22 9 64 20 93 24 30 5 55 10 56 12 1 2 6 16 11 32 7 21 19 32 40 38 60 16 199 87 243 124 20 17 49 34 64 38 28 6 67 57 82 104 4 12 16 27 27 33 11 6 29 31 40 57 11 26 28 56 38 67 10 11 24 40 31 65 7 25 20 57 27 72 65 133 82 601 25 700 -39 70 -44 82 -45 115 -1 27 -7 38 -29 49 -27 14 -48 70 -34 92 3 6 54 8 118 7 104 -3 114 -5 131 -27 16 -19 18 -33 12 -81 -3 -33 -11 -71 -16 -85 -18 -48 -10 -497 11 -577 11 -42 10 -55 -4 -95 -17 -46 -19 -115 -11 -295 2 -49 -1 -112 -7 -138 -10 -45 -8 -52 13 -80 21 -28 24 -43 24 -117 0 -74 -3 -89 -24 -117 -22 -29 -23 -38 -16 -90 4 -32 7 -74 6 -93 -1 -19 -3 -96 -5 -171 -5 -182 -5 -182 -69 -175 -219 22 -221 21 -278 -109 -25 -58 -51 -101 -73 -120 -21 -18 -36 -43 -40 -63 -3 -19 -15 -45 -26 -59 -12 -15 -20 -41 -20 -62 0 -20 -6 -45 -13 -56 -22 -34 -56 -128 -67 -183 -10 -54 3 -110 28 -126 6 -4 93 -7 194 -7 102 0 187 -4 194 -10 16 -13 10 -377 -6 -393 -6 -6 -38 -12 -70 -12 -50 -1 -63 -5 -79 -25 -11 -13 -20 -32 -21 -42 0 -10 -6 -33 -14 -52 -13 -29 -21 -36 -56 -41 -23 -4 -45 -14 -50 -24 -14 -26 -45 -30 -80 -9 -26 16 -31 17 -36 4 -4 -8 -16 -15 -29 -15 -17 0 -24 7 -28 30 -6 29 -8 30 -61 30 -45 0 -57 -4 -66 -20 -6 -11 -17 -20 -25 -20 -21 0 -82 -39 -89 -57 -4 -10 4 -27 20 -44 l27 -28 -2 -263 c-2 -293 -4 -302 -60 -279 -16 7 -37 21 -47 32 -10 11 -24 17 -33 14 -9 -2 -29 -1 -46 4 -22 6 -40 3 -67 -10 -29 -15 -49 -17 -97 -13 -49 6 -67 3 -103 -15 -56 -27 -103 -96 -113 -166 -8 -52 -19 -81 -42 -103 -19 -19 -16 -62 6 -86 10 -12 22 -35 25 -52 6 -28 3 -35 -24 -54 l-30 -22 0 -101 c0 -56 -1 -122 -2 -147 -3 -44 -3 -45 32 -50 27 -4 36 -10 38 -28 6 -37 31 -39 59 -3 20 25 32 31 63 31 34 0 44 -6 77 -45 34 -42 41 -45 84 -45 45 0 47 1 62 39 10 24 24 41 39 45 48 12 66 7 86 -28 11 -19 33 -40 49 -48 25 -12 28 -18 25 -57 -6 -69 3 -89 46 -100 64 -18 139 -14 160 10 27 28 120 29 182 0 25 -11 66 -21 92 -21 43 0 49 -3 63 -30 20 -39 43 -47 130 -49 80 -1 116 -20 126 -67 4 -16 7 -78 8 -138 1 -100 -1 -112 -21 -133 -18 -19 -32 -23 -84 -23 -35 0 -75 -5 -91 -11 -17 -6 -147 -12 -333 -13 -245 -2 -314 0 -352 12 -27 8 -48 18 -48 23 0 4 -19 13 -42 19 -24 6 -68 28 -98 48 -30 20 -72 44 -92 53 -20 10 -44 31 -53 48 -8 17 -28 37 -43 45 -15 8 -36 23 -46 35 -24 27 -66 27 -100 0 -24 -19 -37 -21 -92 -16 -54 4 -68 2 -90 -15 -19 -15 -28 -18 -37 -9 -6 6 -25 11 -42 11 -17 0 -40 7 -51 15 -30 23 -42 18 -61 -22 -20 -43 -57 -56 -77 -27 -10 13 -20 15 -42 10 -16 -4 -38 -8 -50 -8 -13 0 -24 -10 -31 -29 -6 -16 -18 -32 -27 -35 -20 -8 -46 13 -46 36 0 19 -27 46 -36 37 -4 -3 -9 -21 -13 -39 -6 -26 -12 -33 -29 -31 -13 2 -29 -8 -42 -24 -20 -25 -26 -27 -117 -28 l-97 -2 -30 -35 c-57 -65 -65 -67 -219 -57 -76 4 -143 11 -148 15 -18 11 -366 26 -551 24 -207 -2 -204 -3 -188 96 6 33 10 139 10 237 0 201 -8 233 -61 244 -16 3 -119 6 -227 7 l-197 1 -1 215 c-2 344 -11 677 -18 689 -4 6 0 55 10 108 14 87 15 121 4 308 -9 161 -9 244 -1 358 8 96 12 469 12 1072 1 1009 -3 946 57 908 15 -10 29 -20 32 -23 10 -10 111 -70 119 -70 4 0 16 -8 25 -19 9 -10 36 -21 59 -24 25 -3 46 -13 52 -23 23 -40 45 -54 85 -54 26 0 69 -13 116 -35 41 -19 81 -35 88 -35 7 0 30 -7 51 -16 24 -10 51 -13 74 -9 52 9 73 -17 82 -98 6 -66 46 -139 89 -165 35 -21 40 -5 19 68 -10 38 -19 84 -19 101 0 51 -44 132 -88 162 -34 24 -48 27 -119 27 -99 0 -107 3 -134 46 -11 19 -28 34 -37 34 -19 0 -151 41 -203 63 -19 8 -60 23 -91 32 -32 10 -65 26 -74 37 -10 10 -23 18 -29 18 -7 0 -18 7 -25 15 -7 8 -30 18 -51 21 -27 5 -40 13 -45 28 -4 11 -12 24 -18 28 -14 10 -12 481 3 535 7 23 11 171 11 389 0 380 1 384 52 370 13 -3 48 -1 78 5 93 17 522 24 1309 22 473 -2 798 -7 870 -14z m1681 -2591 c1 -194 4 -463 6 -598 7 -317 -3 -417 -37 -383 -9 9 -19 9 -41 -3 -38 -20 -42 -15 -22 24 25 51 12 70 -46 70 -45 1 -52 -2 -65 -27 -17 -34 -40 -45 -66 -31 -30 16 -24 54 14 82 34 27 81 40 136 39 58 -2 62 8 60 143 -1 67 -5 141 -9 164 -8 47 9 145 29 165 19 19 12 36 -21 53 -24 12 -77 18 -226 24 -187 8 -211 12 -212 40 0 14 44 118 61 141 10 15 19 37 19 49 0 53 24 114 57 143 18 16 33 33 33 38 0 4 11 25 25 45 14 21 23 44 21 51 -3 7 5 25 18 40 13 16 28 38 35 50 10 20 21 23 94 26 45 1 94 4 109 5 l28 2 0 -352z m-691 -1032 c32 -27 77 -34 156 -25 63 7 247 11 305 7 8 0 37 3 63 7 44 7 49 5 54 -13 7 -27 28 -35 43 -16 17 20 58 18 64 -3 2 -10 4 -139 2 -288 l-2 -270 -120 4 c-124 3 -160 8 -259 36 -42 11 -88 16 -150 13 l-90 -3 -3 92 c-3 103 6 134 38 126 30 -8 26 25 -4 37 -29 11 -41 42 -26 69 23 44 128 50 387 20 129 -14 163 -7 163 35 0 34 -14 40 -93 43 -37 1 -92 9 -121 17 -72 21 -292 22 -341 2 -41 -17 -41 -20 -55 -234 -6 -97 -6 -162 0 -178 6 -14 10 -38 10 -53 0 -42 18 -50 106 -49 74 1 100 -3 237 -34 28 -7 97 -13 152 -13 116 -1 154 -9 164 -39 12 -35 -2 -175 -19 -187 -17 -11 -106 -2 -135 14 -11 6 -40 12 -65 13 -49 2 -117 13 -225 38 -84 19 -175 21 -197 4 -16 -14 -32 -103 -31 -173 0 -22 4 -105 7 -185 6 -139 7 -146 32 -167 16 -15 38 -23 62 -23 20 0 54 -5 75 -10 20 -6 52 -14 70 -18 17 -5 50 -21 71 -35 28 -20 51 -27 86 -27 26 0 64 -7 83 -15 20 -8 54 -15 75 -15 47 0 67 -20 77 -76 8 -52 -11 -72 -52 -56 -16 6 -64 19 -108 28 -44 9 -96 25 -115 35 -19 11 -43 19 -53 19 -10 0 -37 10 -60 22 -33 17 -58 22 -120 21 -74 0 -80 -2 -112 -33 -22 -21 -40 -31 -56 -28 l-24 3 0 770 c0 424 3 778 7 788 9 20 26 22 47 3z m-255 -622 c25 -10 22 -96 -5 -120 -19 -17 -21 -28 -18 -114 2 -81 -1 -102 -19 -140 -28 -58 -27 -68 5 -130 l27 -52 -22 -16 c-12 -10 -26 -37 -32 -66 -22 -102 -58 -133 -118 -102 -17 9 -42 16 -55 16 -42 0 -50 21 -52 153 -1 110 0 124 18 138 10 9 23 33 27 55 5 21 22 77 40 124 17 47 35 101 39 120 31 132 29 129 80 133 25 2 51 4 58 5 6 1 18 -1 27 -4z m116 -108 c8 -46 9 -89 4 -113 -10 -51 -17 -196 -17 -370 1 -161 -2 -165 -71 -120 -43 27 -46 40 -28 97 8 25 16 90 18 145 7 192 13 270 23 305 6 19 11 49 11 65 0 32 26 79 39 70 5 -2 14 -38 21 -79z m-332 41 c2 -15 -6 -47 -16 -70 -25 -52 -52 -132 -52 -154 0 -8 -8 -30 -19 -47 -24 -40 -46 -199 -38 -273 7 -63 3 -74 -29 -91 -16 -9 -26 -8 -39 2 -16 12 -17 18 -7 59 7 25 9 65 6 89 -4 28 0 63 11 98 9 30 20 107 25 170 5 71 14 126 24 145 9 17 16 37 16 46 0 30 47 59 90 56 19 -2 26 -8 28 -30z m644 -206 c28 -23 173 -45 225 -35 27 5 39 1 68 -25 34 -30 39 -31 93 -24 109 14 117 12 120 -26 2 -18 -2 -47 -9 -63 -7 -18 -15 -101 -18 -202 -5 -152 -8 -171 -23 -174 -12 -2 -22 7 -30 25 -17 39 -25 43 -85 43 -29 0 -87 11 -130 24 -43 14 -100 29 -128 34 -58 11 -178 42 -184 48 -6 6 -13 365 -7 380 8 21 79 17 108 -5z m-3101 -636 c7 -5 8 -22 4 -49 -7 -38 -8 -151 -2 -366 l2 -85 -115 -1 c-63 0 -131 -6 -150 -12 -19 -5 -56 -13 -82 -17 -42 -5 -49 -3 -62 17 -12 18 -13 32 -5 68 8 34 6 68 -6 140 -18 103 -22 299 -7 309 14 8 409 4 423 -4z m2293 -379 c29 -45 79 -84 122 -96 47 -13 130 -78 117 -90 -4 -5 -51 -5 -103 -1 -90 7 -654 15 -845 11 -111 -1 -203 -7 -233 -15 -24 -6 -62 9 -62 25 0 23 34 42 68 36 21 -3 46 1 64 10 16 8 59 17 96 20 37 3 83 11 102 17 19 6 46 12 60 13 51 3 126 17 145 27 12 6 69 10 136 8 122 -3 239 17 269 45 22 21 46 17 64 -10z"
       id="path8" />
    <path
       d="M1302 5497 c-9 -10 -10 -52 -4 -148 l7 -134 93 -3 93 -3 -3 28 c-3 27 -5 28 -70 31 l-67 3 -3 117 c-3 97 -6 117 -19 120 -9 1 -21 -3 -27 -11z"
       id="path10" />
    <path
       d="M3496 5492 c-13 -15 -15 -37 -12 -122 l3 -103 34 -28 c39 -33 108 -40 129 -14 7 8 19 15 26 15 17 0 21 21 29 141 5 87 4 97 -14 113 -38 34 -50 8 -53 -112 l-3 -107 -34 -3 c-18 -2 -38 1 -44 7 -7 7 -10 49 -9 111 3 89 1 100 -16 109 -15 8 -23 6 -36 -7z"
       id="path12" />
    <path
       d="M431 5486 c-5 -6 -9 -70 -9 -143 -1 -112 1 -132 15 -137 21 -8 53 2 55 17 0 7 1 32 2 57 l1 45 40 1 c63 2 65 3 65 23 0 28 -22 41 -61 35 -43 -7 -70 16 -48 42 10 12 23 14 55 9 31 -4 46 -2 58 10 36 36 15 48 -86 50 -46 1 -82 -3 -87 -9z"
       id="path14" />
    <path
       d="M647 5358 c-3 -79 -2 -147 3 -151 4 -5 17 -6 28 -3 19 7 21 15 20 139 0 128 -6 157 -33 157 -9 0 -14 -40 -18 -142z"
       id="path16" />
    <path
       d="M765 5491 c-3 -6 -7 -69 -9 -140 -3 -137 3 -159 39 -145 15 6 17 18 14 87 -3 48 0 81 6 83 6 2 21 -19 34 -46 35 -72 79 -122 105 -118 20 3 21 10 26 133 3 72 4 136 2 143 -3 8 -16 12 -31 10 -26 -3 -26 -4 -26 -87 0 -54 -4 -86 -11 -88 -12 -4 -74 100 -74 124 0 32 -60 67 -75 44z"
       id="path18" />
    <path
       d="M1092 5488 c-5 -7 -13 -32 -17 -54 -3 -23 -19 -69 -35 -103 -16 -34 -31 -74 -32 -89 -3 -23 1 -27 25 -30 23 -3 29 2 38 27 10 29 14 31 60 31 43 0 51 -3 59 -24 12 -34 44 -50 60 -31 9 11 7 24 -9 61 -12 25 -21 58 -21 73 0 14 -7 35 -15 45 -8 11 -15 29 -15 41 0 51 -69 88 -98 53z m69 -112 c10 -36 -5 -58 -35 -54 -25 4 -33 37 -16 68 15 29 42 21 51 -14z"
       id="path20" />
    <path
       d="M1517 5493 c-9 -8 -9 -246 -1 -267 3 -9 15 -16 25 -16 17 0 19 8 19 88 l1 87 21 -40 c12 -22 24 -60 27 -85 5 -39 9 -45 32 -48 23 -3 27 2 42 57 9 34 17 69 17 80 0 28 11 52 21 45 5 -3 9 -46 9 -95 0 -88 1 -90 23 -87 21 3 22 6 24 135 2 146 -5 165 -54 147 -29 -10 -53 -67 -53 -126 0 -20 -5 -40 -10 -43 -13 -8 -50 78 -50 115 0 16 -7 36 -16 44 -15 16 -65 22 -77 9z"
       id="path22" />
    <path
       d="M1843 5487 c-9 -14 -5 -259 4 -268 14 -14 195 -7 200 7 9 27 -29 45 -88 42 -64 -3 -85 8 -74 41 6 18 14 21 70 21 66 0 79 7 69 34 -5 12 -21 16 -70 16 -69 0 -89 15 -63 46 11 13 26 15 71 11 64 -6 91 10 71 41 -8 14 -27 17 -98 17 -48 0 -89 -3 -92 -8z"
       id="path24" />
    <path
       d="M2090 5488 c0 -7 -2 -71 -3 -143 l-2 -130 30 0 c30 0 30 0 30 60 0 33 5 62 10 64 6 2 27 -26 49 -62 33 -58 42 -67 67 -67 l30 0 -3 143 -3 142 -25 0 c-24 0 -25 -2 -28 -80 -2 -44 -7 -84 -11 -88 -7 -7 -47 65 -79 146 -8 19 -19 27 -37 27 -14 0 -25 -6 -25 -12z"
       id="path26" />
    <path
       d="M2339 5489 c-6 -3 -9 -17 -7 -30 2 -20 10 -25 40 -27 l37 -3 3 -112 c3 -94 6 -112 19 -115 37 -7 46 20 37 114 -5 48 -7 93 -4 100 3 7 20 14 38 16 29 3 33 6 33 32 l0 30 -92 1 c-51 1 -98 -2 -104 -6z"
       id="path28" />
    <path
       d="M2590 5488 c-19 -7 -20 -15 -18 -140 l3 -133 95 -6 c105 -6 127 2 115 41 -7 21 -12 22 -70 18 -72 -6 -88 0 -83 33 3 22 8 24 58 25 86 2 90 3 90 23 0 31 -24 42 -86 39 -57 -3 -59 -2 -59 22 0 24 2 25 70 25 l70 0 0 30 0 30 -83 0 c-45 0 -91 -3 -102 -7z"
       id="path30" />
    <path
       d="M2935 5490 c-4 -6 -8 -69 -9 -141 -2 -134 4 -156 38 -143 13 5 16 21 16 80 0 58 3 74 14 74 16 0 21 -14 31 -82 10 -79 55 -91 74 -21 6 21 11 52 11 70 0 39 9 65 21 57 5 -3 9 -43 9 -90 l0 -85 28 3 27 3 0 135 0 135 -30 6 c-43 8 -55 1 -55 -35 0 -17 -7 -40 -15 -50 -8 -11 -15 -33 -15 -49 0 -39 -23 -30 -31 12 -4 18 -12 38 -18 44 -6 6 -11 25 -11 43 0 20 -6 34 -16 38 -25 9 -62 7 -69 -4z"
       id="path32" />
    <path
       d="M3258 5491 c-22 -7 -23 -16 -18 -147 l5 -129 90 -5 c103 -6 115 -4 115 20 0 30 -25 41 -85 38 -61 -3 -85 12 -72 46 5 12 20 16 71 16 67 0 80 7 70 34 -4 11 -23 16 -72 18 -64 3 -67 4 -67 28 0 24 2 25 70 25 l70 0 0 30 0 30 -82 0 c-46 0 -88 -2 -95 -4z"
       id="path34" />
    <path
       d="M3412 5048 c-7 -7 -12 -38 -12 -69 0 -54 -1 -57 -29 -62 -38 -8 -71 2 -72 22 0 9 -1 33 -2 55 -2 44 -26 68 -49 48 -11 -9 -14 -42 -13 -149 l0 -138 30 0 c30 0 30 0 30 60 l0 60 53 3 c37 2 52 -1 53 -10 0 -7 1 -35 2 -63 2 -46 4 -50 26 -50 l24 0 0 138 c0 107 -3 141 -14 153 -12 11 -17 12 -27 2z"
       id="path36" />
    <path
       d="M342 5039 c-12 -5 -36 -21 -52 -36 -53 -50 -50 -171 6 -224 22 -20 35 -24 93 -24 39 0 74 -5 83 -12 11 -10 17 -10 26 -1 17 17 15 39 -5 54 -15 10 -16 15 -5 25 7 8 12 40 12 80 0 66 0 67 -42 101 -49 39 -83 50 -116 37z m83 -75 c11 -12 15 -31 13 -68 -3 -49 -4 -51 -31 -48 -22 2 -30 -2 -34 -17 -3 -13 -10 -18 -21 -14 -81 29 -61 163 23 163 18 0 41 -7 50 -16z"
       id="path38" />
    <path
       d="M552 5034 c-13 -9 -19 -20 -15 -27 4 -7 10 -50 13 -97 8 -128 50 -174 137 -153 60 14 83 64 83 184 0 86 -2 97 -19 102 -38 10 -45 -7 -42 -103 3 -103 -5 -120 -54 -120 -47 0 -57 27 -46 125 9 70 8 82 -6 93 -21 15 -24 15 -51 -4z"
       id="path40" />
    <path
       d="M1983 5043 c-10 -3 -13 -42 -13 -143 0 -116 2 -139 16 -144 9 -3 51 -6 94 -6 87 0 110 13 90 49 -9 18 -20 21 -71 21 -39 0 -61 4 -64 13 -3 6 -1 52 3 100 7 75 5 90 -8 102 -17 15 -26 17 -47 8z"
       id="path42" />
    <path
       d="M2210 5035 c-10 -12 -11 -47 -6 -147 3 -72 8 -133 10 -136 3 -2 14 -1 25 3 19 6 20 14 19 138 -1 147 -13 184 -48 142z"
       id="path44" />
    <path
       d="M2340 5041 l-35 -6 0 -140 0 -140 25 0 c24 0 25 2 22 66 -2 65 12 129 25 115 4 -4 12 -43 18 -88 7 -56 15 -84 27 -91 30 -19 45 8 53 93 11 129 38 116 39 -19 1 -74 2 -76 26 -76 l25 0 0 140 0 140 -42 3 c-46 3 -43 9 -63 -95 -7 -35 -18 -63 -24 -63 -11 0 -36 86 -36 121 0 30 -23 45 -60 40z"
       id="path46" />
    <path
       d="M2875 5040 c-3 -5 -7 -72 -8 -148 l-1 -137 25 0 24 0 3 137 c2 128 1 138 -17 148 -13 7 -22 7 -26 0z"
       id="path48" />
    <path
       d="M3136 5035 c-9 -9 -14 -27 -11 -43 19 -124 15 -145 -21 -103 -13 16 -24 32 -24 35 0 3 -10 28 -22 56 -22 51 -57 75 -79 53 -6 -6 -11 -69 -12 -142 -2 -130 -2 -132 21 -138 13 -3 26 -3 29 1 3 3 5 39 4 80 -1 42 2 77 8 80 6 4 22 -16 35 -43 14 -27 30 -52 36 -56 5 -3 10 -17 10 -30 0 -26 27 -40 58 -31 15 5 17 21 17 138 -1 156 -10 182 -49 143z"
       id="path50" />
    <path
       d="M3606 5039 c-16 -5 -40 -18 -53 -31 -62 -57 -70 -131 -23 -197 49 -67 108 -79 171 -35 44 30 64 73 63 132 -1 37 -7 50 -44 87 -46 47 -69 56 -114 44z m78 -81 c9 -12 16 -38 16 -58 0 -50 -24 -80 -63 -80 -52 0 -77 24 -77 73 0 47 6 58 35 75 33 19 72 14 89 -10z"
       id="path52" />
    <path
       d="M3803 5034 c-9 -24 5 -165 18 -181 9 -10 8 -16 -5 -26 -25 -18 -18 -71 10 -75 31 -4 50 24 38 56 -7 18 -7 59 0 119 7 72 7 95 -4 107 -16 21 -49 20 -57 0z"
       id="path54" />
    <path
       d="M879 5003 c-9 -21 -24 -67 -35 -103 -10 -36 -27 -77 -37 -92 -26 -35 -16 -60 20 -56 21 2 29 9 31 28 6 38 16 45 69 45 45 0 48 -2 53 -30 6 -37 50 -56 81 -37 16 10 24 10 34 2 8 -7 22 -10 32 -8 15 3 18 14 18 63 0 56 1 60 24 60 18 0 30 -13 56 -60 31 -55 37 -60 67 -60 50 0 49 28 -3 75 -35 33 -40 42 -30 54 7 9 21 18 32 21 33 11 26 72 -13 107 -29 25 -39 28 -104 28 -47 0 -76 -4 -81 -12 -4 -7 -6 -61 -4 -120 3 -112 -1 -131 -24 -122 -27 11 -52 72 -79 194 -12 55 -13 55 -52 58 -38 3 -41 1 -55 -35z m355 -26 c25 -18 13 -55 -20 -63 -41 -10 -74 3 -74 31 0 40 57 59 94 32z m-282 -61 c6 -28 -8 -46 -33 -46 -26 0 -28 22 -6 52 23 31 33 29 39 -6z"
       id="path56" />
    <path
       d="M1334 5025 c-9 -23 13 -43 49 -47 l32 -3 0 -110 0 -110 30 0 30 0 1 100 c1 55 2 106 3 113 1 6 14 12 30 12 32 0 56 22 47 45 -4 12 -26 15 -111 15 -85 0 -107 -3 -111 -15z"
       id="path58" />
    <path
       d="M1622 5009 c-47 -35 -68 -88 -57 -147 8 -44 65 -99 111 -108 80 -15 164 57 164 140 0 40 -21 97 -38 103 -9 4 -28 15 -41 25 -37 28 -90 23 -139 -13z m122 -42 c25 -18 28 -110 4 -133 -25 -26 -77 -22 -101 7 -15 19 -18 33 -13 69 3 25 14 51 23 58 22 16 64 15 87 -1z"
       id="path60" />
    <path
       d="M2637 5033 c-3 -5 -7 -69 -8 -143 l-4 -135 25 0 c24 0 25 3 22 48 l-3 47 40 0 c97 0 142 79 89 157 -22 32 -25 33 -90 33 -37 0 -69 -3 -71 -7z m121 -66 c29 -23 -5 -67 -52 -67 -27 0 -49 26 -41 49 11 37 57 46 93 18z"
       id="path62" />
    <path
       d="M3571 4255 c2 -11 -1 -27 -6 -35 -6 -8 -10 -51 -10 -95 0 -78 -14 -133 -41 -166 -11 -12 -15 -86 -18 -314 -4 -265 -3 -303 12 -327 16 -28 42 -33 32 -7 -6 16 -5 148 1 451 l4 208 27 25 c18 16 29 39 33 69 8 49 -10 186 -26 201 -7 7 -10 4 -8 -10z"
       id="path64" />
    <path
       d="M1356 3803 c-3 -4 -6 -15 -6 -26 0 -13 5 -17 16 -13 9 3 18 6 20 6 2 0 4 6 4 14 0 15 -24 28 -34 19z"
       id="path66" />
    <path
       d="M1267 3713 c-8 -10 -21 -48 -27 -86 -10 -58 -10 -72 4 -101 22 -46 20 -70 -8 -103 -35 -42 -66 -104 -66 -134 0 -14 -9 -34 -21 -45 -12 -10 -27 -31 -35 -46 -8 -16 -25 -29 -43 -33 -16 -3 -34 -12 -39 -18 -16 -22 -40 -101 -47 -156 -3 -30 -13 -68 -22 -85 -13 -26 -16 -71 -15 -279 l0 -249 28 -39 c19 -27 28 -57 33 -102 4 -42 16 -79 35 -110 26 -46 27 -49 11 -73 -10 -16 -22 -23 -32 -20 -8 3 -17 6 -19 6 -13 0 -54 119 -54 159 0 71 -8 89 -46 101 -29 10 -39 8 -79 -15 -57 -34 -68 -54 -59 -110 8 -56 -5 -63 -70 -35 -26 11 -53 20 -60 20 -7 0 -34 -21 -59 -46 -51 -50 -67 -97 -47 -134 10 -19 18 -21 47 -17 67 11 80 -12 38 -67 -14 -18 -30 -57 -35 -87 -9 -47 -8 -56 7 -66 29 -22 68 -11 107 30 18 19 20 19 32 2 7 -10 15 -23 17 -29 3 -7 10 -6 22 4 15 12 17 26 12 91 -3 43 -9 85 -15 95 -10 18 20 88 56 127 15 17 15 21 1 46 -15 25 -14 30 3 61 10 19 18 42 18 50 0 38 52 54 69 22 7 -13 4 -30 -12 -60 l-21 -42 32 -33 c25 -26 32 -41 32 -74 0 -40 20 -70 39 -59 5 4 21 1 36 -6 21 -9 31 -9 46 0 25 16 44 15 59 -3 11 -13 11 -27 1 -71 -12 -50 -15 -55 -34 -50 -12 4 -44 11 -72 16 -27 4 -57 11 -66 15 -10 3 -20 2 -24 -4 -3 -6 -14 -11 -24 -11 -29 0 -53 -36 -62 -91 -9 -55 -40 -99 -70 -99 -10 0 -25 -10 -33 -22 -15 -20 -14 -24 6 -45 12 -13 27 -23 35 -23 20 0 63 42 63 62 0 10 17 37 38 61 21 23 47 57 58 75 21 36 48 41 66 12 12 -19 68 -29 68 -12 0 4 9 18 19 32 16 20 21 22 35 11 9 -7 16 -24 16 -36 0 -32 24 -49 59 -42 50 10 55 -8 37 -132 -9 -60 -16 -114 -16 -120 0 -6 -13 -25 -29 -43 -38 -44 -68 -113 -77 -175 -6 -45 -4 -52 14 -62 11 -6 37 -11 56 -11 47 0 76 -29 76 -75 0 -24 6 -37 20 -45 26 -14 25 -44 -1 -62 -17 -11 -22 -25 -23 -60 -2 -37 -8 -52 -34 -78 -18 -17 -32 -37 -32 -44 0 -26 -56 -63 -115 -76 -72 -16 -125 -41 -159 -75 -14 -14 -33 -25 -44 -25 -27 0 -42 -20 -42 -58 0 -28 5 -35 34 -47 18 -8 40 -25 49 -39 16 -24 21 -25 149 -29 73 -2 154 -10 180 -17 42 -12 54 -11 139 14 51 14 103 36 115 47 12 12 33 21 46 21 48 1 124 -16 163 -35 34 -17 59 -21 165 -21 177 0 286 9 305 24 54 45 60 155 11 197 -15 13 -37 23 -49 23 -12 1 -33 7 -47 15 -15 9 -53 14 -97 15 -61 0 -76 4 -101 25 -45 38 -67 117 -56 203 4 37 9 90 9 117 3 79 1 76 48 74 38 -1 61 5 135 32 32 12 29 52 -11 129 -48 94 -66 119 -98 136 -29 14 -29 15 -29 108 0 78 -3 97 -20 118 -17 22 -19 35 -13 90 5 58 3 68 -16 87 -24 24 -61 28 -61 7 0 -7 7 -30 15 -49 8 -20 17 -69 20 -109 3 -40 11 -101 17 -136 12 -73 5 -87 -50 -97 -48 -9 -80 -8 -237 4 -71 5 -147 10 -167 10 -52 1 -70 30 -57 91 5 25 13 65 17 90 5 25 20 69 35 98 44 87 29 135 -29 97 -19 -12 -29 -14 -39 -5 -8 7 -19 9 -25 5 -16 -10 -12 -33 10 -45 22 -12 27 -49 8 -68 -18 -18 -23 -16 -78 37 -55 54 -62 82 -36 146 l15 35 76 0 c60 0 84 5 114 22 l37 21 66 -51 c76 -60 101 -65 123 -23 l15 30 123 -3 c155 -5 167 -10 167 -77 0 -27 7 -64 16 -81 14 -27 15 -38 3 -85 -11 -47 -10 -56 4 -70 13 -13 19 -14 31 -3 9 7 16 18 16 26 0 29 28 43 66 32 20 -5 64 -8 98 -6 l61 3 17 -37 c10 -21 28 -44 40 -52 13 -8 34 -33 48 -56 21 -34 30 -40 58 -40 36 0 52 25 52 81 0 33 22 38 54 14 41 -31 131 -5 142 41 6 24 2 33 -35 65 -32 27 -42 42 -39 60 3 21 10 25 53 29 47 5 51 7 62 40 21 63 17 89 -19 108 -18 9 -45 29 -61 45 -16 15 -31 27 -35 27 -3 0 -16 -12 -27 -26 -19 -24 -25 -26 -51 -17 -28 10 -29 12 -26 68 3 68 -21 151 -48 165 -10 6 -34 10 -54 10 -26 0 -36 -5 -41 -20 -3 -11 -19 -29 -36 -40 -26 -19 -29 -27 -29 -73 -1 -44 -6 -58 -33 -90 -34 -40 -82 -55 -131 -43 -34 8 -35 49 -3 71 13 8 30 34 37 58 8 23 21 51 31 62 9 11 26 38 37 61 25 50 31 184 13 324 -7 52 -14 113 -17 135 -3 29 -11 43 -27 50 -15 7 -24 22 -28 46 -3 20 -16 56 -28 80 -18 34 -25 66 -28 141 l-5 96 -44 43 c-62 61 -57 94 15 101 30 3 36 8 48 43 15 44 27 55 63 55 40 0 117 111 105 150 -7 23 -23 25 -50 6 -11 -7 -50 -26 -87 -40 l-68 -27 -62 26 c-91 39 -91 39 -100 71 -4 18 -18 34 -35 42 -15 7 -47 24 -70 38 -37 22 -62 27 -177 36 -150 12 -174 9 -207 -27 -47 -48 -77 -22 -64 55 6 38 5 40 -18 40 -13 0 -31 -8 -40 -17z m359 -168 c10 -8 40 -15 66 -15 51 0 78 -23 78 -67 0 -13 5 -23 10 -23 6 0 10 5 10 10 0 11 43 14 53 3 4 -3 2 -12 -4 -19 -7 -9 -3 -16 18 -26 16 -8 27 -20 25 -30 -1 -9 6 -19 18 -23 33 -11 23 -34 -17 -40 -21 -4 -48 -10 -61 -16 -35 -14 -73 -11 -94 7 -16 16 -18 16 -24 0 -10 -27 -37 -20 -32 9 6 30 -16 52 -56 57 -24 2 -31 9 -38 35 -10 38 -66 83 -78 63 -6 -10 -17 -11 -48 -3 -24 6 -46 7 -56 1 -19 -11 -29 8 -24 44 3 20 9 23 54 26 36 2 54 -1 64 -13 16 -19 31 -20 24 0 -4 10 3 16 23 20 15 4 33 8 38 10 20 7 32 5 51 -10z m-185 -161 c7 -8 26 -22 43 -31 17 -9 50 -36 74 -60 l43 -44 -28 -35 c-15 -19 -40 -49 -55 -67 -38 -47 -48 -79 -48 -152 0 -59 2 -66 29 -86 16 -12 43 -43 61 -70 29 -46 69 -69 117 -69 7 0 24 -11 39 -25 15 -14 38 -25 50 -25 26 0 64 32 64 53 0 7 7 22 15 34 15 21 17 21 43 6 37 -21 55 -13 87 37 30 47 51 51 66 13 12 -33 -4 -236 -26 -311 -7 -26 -16 -67 -20 -91 -5 -32 -17 -53 -46 -82 -21 -21 -39 -47 -39 -56 -1 -22 -16 -48 -59 -101 -28 -34 -43 -43 -90 -53 -70 -14 -246 -5 -277 15 -45 30 -105 102 -115 141 -41 148 -58 180 -91 172 -25 -7 -33 16 -33 93 0 64 0 65 36 82 l36 17 6 98 c3 68 17 146 46 257 46 177 47 191 26 264 -12 39 -13 57 -5 72 13 24 33 26 51 4z m339 -172 c0 -20 -18 -42 -35 -42 -7 0 -17 12 -24 27 -11 23 -10 29 5 40 21 15 54 0 54 -25z m146 -37 c58 -38 62 -46 65 -120 3 -87 0 -105 -26 -130 -20 -21 -34 -25 -85 -25 -52 0 -63 3 -83 26 -12 14 -27 51 -34 82 -11 55 -11 58 13 75 13 11 24 29 24 42 0 25 44 85 62 85 6 0 35 -16 64 -35z m-240 -10 c36 -27 55 -76 47 -119 -7 -33 -21 -33 -33 -1 -10 27 -29 32 -48 13 -30 -30 8 -106 47 -93 23 7 35 -19 21 -45 -5 -10 -21 -27 -35 -39 -34 -26 -73 -13 -111 37 -42 54 -46 135 -10 196 25 43 60 76 80 76 5 0 24 -11 42 -25z m-432 -2 c5 -12 9 -14 18 -5 7 7 16 12 20 12 9 0 11 -32 2 -54 -8 -20 -34 -21 -34 -1 0 10 -10 15 -30 15 -22 0 -30 5 -30 18 0 10 3 22 7 25 12 13 41 7 47 -10z m-26 -90 c20 -9 40 -22 44 -27 11 -16 -2 -48 -28 -73 -20 -18 -24 -32 -24 -78 0 -73 -20 -111 -62 -121 l-33 -7 32 -9 c39 -10 51 -40 28 -74 -13 -21 -21 -24 -46 -19 -18 4 -29 3 -29 -4 0 -6 -7 -11 -15 -11 -8 0 -15 -7 -15 -15 0 -8 7 -15 15 -15 32 0 49 -86 20 -110 -30 -25 -49 -8 -63 60 -10 50 -11 76 -2 115 22 97 22 112 5 139 -14 22 -16 32 -7 51 7 14 16 25 20 25 5 0 12 27 16 60 6 49 12 63 32 76 16 11 23 23 19 34 -4 12 4 25 22 38 27 20 28 20 31 1 2 -10 20 -26 40 -36z m591 -241 c18 -33 -33 -71 -69 -52 -26 14 -25 38 1 66 24 25 50 20 68 -14z m-666 -353 c10 -6 26 -27 34 -47 8 -20 21 -52 29 -71 14 -33 15 -33 29 -15 13 16 16 17 25 4 5 -8 10 -23 10 -32 0 -9 5 -20 10 -23 16 -10 12 -40 -10 -65 -25 -29 -25 -58 0 -90 l20 -25 19 24 c14 19 24 22 45 17 19 -5 26 -12 24 -24 -4 -19 -53 -30 -131 -31 -27 -1 -56 -5 -66 -11 -12 -6 -24 -5 -35 3 -13 10 -14 18 -6 46 5 18 17 39 26 46 12 8 15 18 10 31 -8 18 -9 18 -19 -3 -10 -23 -39 -29 -71 -17 -20 7 -22 74 -3 74 30 1 38 16 22 46 -8 16 -15 39 -15 52 0 13 -11 33 -25 46 -14 13 -25 34 -25 48 0 23 4 26 42 26 23 1 50 -4 61 -9z m879 -252 c1 -56 -14 -77 -56 -77 -23 0 -38 -8 -56 -30 -24 -29 -50 -40 -50 -21 0 5 7 14 15 21 9 7 13 20 10 27 -3 10 1 13 13 11 12 -2 20 6 27 27 6 16 22 35 36 42 15 7 30 25 33 39 10 40 28 15 28 -39z m-697 -17 c3 -11 3 -25 0 -30 -10 -16 -35 8 -35 31 0 25 27 24 35 -1z m1043 -32 c7 -7 12 -35 12 -63 0 -42 -5 -56 -25 -75 -14 -13 -25 -34 -25 -46 0 -20 7 -23 55 -29 44 -6 62 -3 98 14 41 20 45 20 85 4 32 -12 42 -21 42 -39 0 -29 -17 -34 -108 -32 -86 1 -108 -11 -70 -41 14 -11 31 -34 38 -52 7 -17 24 -35 37 -40 18 -7 23 -16 23 -44 0 -29 -4 -35 -21 -35 -33 0 -118 80 -125 118 -8 39 -17 46 -44 32 -31 -17 -28 -77 5 -90 27 -10 59 -64 51 -87 -4 -9 -17 -13 -38 -11 -27 2 -37 11 -56 45 -13 23 -32 45 -43 48 -10 4 -26 20 -34 36 -17 32 -32 36 -61 14 -29 -22 -68 -18 -93 9 -13 14 -38 26 -55 28 -29 3 -31 5 -34 51 -4 59 5 64 92 42 92 -23 117 -18 139 28 9 20 24 37 32 37 21 0 36 35 45 108 5 36 14 69 22 73 19 12 42 11 56 -3z m-400 -70 c18 -18 14 -38 -7 -38 -23 0 -35 15 -27 35 7 18 18 19 34 3z m-369 -55 c12 -42 2 -55 -39 -51 -35 4 -49 47 -26 82 14 22 20 24 36 16 10 -6 24 -27 29 -47z m251 33 c0 -20 -16 -29 -40 -21 -25 8 -26 22 -2 28 32 9 42 7 42 -7z m-1180 -22 c47 -15 60 -31 60 -76 0 -31 -44 -32 -89 -4 -32 21 -41 32 -41 54 0 26 7 42 17 42 2 0 26 -7 53 -16z m719 -620 c72 -14 197 -18 333 -12 47 2 72 9 86 21 16 15 24 16 41 7 12 -6 21 -17 21 -24 0 -8 18 -36 40 -62 41 -50 52 -95 28 -111 -12 -8 -61 -11 -193 -12 -33 -1 -96 4 -140 11 -50 7 -142 9 -247 5 l-168 -6 -15 29 c-14 27 -13 31 10 66 14 20 25 43 25 51 0 8 11 25 26 39 19 20 31 24 52 19 15 -4 60 -13 101 -21z m186 -269 c10 -15 11 -39 5 -100 -5 -44 -9 -133 -9 -197 -1 -64 -5 -119 -10 -122 -24 -15 -32 28 -33 190 -1 166 -8 204 -35 204 -7 0 -15 -10 -18 -22 -5 -25 -5 -40 -6 -218 0 -66 -5 -120 -11 -127 -17 -21 -57 -15 -94 14 l-35 26 1 136 c1 75 -2 153 -5 173 -13 67 -10 69 121 66 105 -2 118 -4 129 -23z m186 5 c22 -12 24 -45 4 -80 -9 -16 -14 -56 -15 -113 0 -61 -5 -100 -16 -123 -29 -62 -122 -88 -116 -34 1 14 4 94 7 179 2 85 8 157 12 162 4 4 24 9 43 12 19 2 41 5 48 5 7 1 22 -3 33 -8z m-451 -419 c11 -22 25 -43 32 -47 6 -4 46 -8 87 -8 76 -1 76 -1 79 -29 5 -38 -17 -60 -94 -98 l-64 -31 -148 9 c-81 4 -163 7 -182 5 -110 -10 -146 44 -59 88 21 11 49 20 61 20 52 0 121 35 162 82 33 39 47 48 73 48 28 0 36 -6 53 -39z m538 -16 c35 -39 47 -46 84 -49 57 -4 119 -16 141 -28 25 -13 18 -47 -14 -70 -52 -39 -286 -33 -320 8 -14 17 -40 18 -75 2 -21 -10 -28 -10 -38 2 -6 8 -20 20 -31 26 -15 8 -21 24 -23 57 l-3 46 33 -1 c50 -2 128 18 146 36 28 28 58 19 100 -29z"
       id="path68" />
    <path
       d="M1429 2726 c-9 -19 -8 -31 5 -57 9 -19 21 -61 25 -94 11 -72 26 -109 63 -153 17 -20 28 -44 28 -63 0 -104 122 -157 215 -94 47 31 55 42 55 76 0 15 7 43 15 62 8 20 15 62 15 93 0 46 6 66 31 107 40 66 32 73 -66 58 -72 -12 -148 -8 -170 9 -5 4 -23 10 -40 14 -16 4 -50 21 -74 37 -55 36 -88 38 -102 5z m184 -217 c12 -6 38 -26 57 -44 19 -18 47 -35 63 -39 29 -7 33 -23 21 -84 -13 -63 -98 -59 -119 5 -6 17 -18 40 -27 50 -22 25 -50 94 -44 110 7 16 21 16 49 2z"
       id="path70" />
    <path
       d="M1807 3059 c-7 -28 9 -69 27 -69 18 0 30 34 22 66 -8 30 -41 32 -49 3z"
       id="path72" />
    <path
       d="M1165 3030 c3 -5 15 -10 26 -10 10 0 19 5 19 10 0 6 -12 10 -26 10 -14 0 -23 -4 -19 -10z"
       id="path74" />
    <path
       d="M1136 2883 c-4 -9 -2 -21 4 -27 7 -7 10 -2 10 17 0 31 -5 34 -14 10z"
       id="path76" />
    <path
       d="M1224 2299 c-7 -12 13 -29 34 -29 18 0 15 14 -8 27 -13 9 -21 9 -26 2z"
       id="path78" />
    <path
       d="M2007 3703 c-13 -12 -7 -43 8 -43 16 0 38 34 28 44 -8 8 -28 8 -36 -1z"
       id="path80" />
    <path
       d="M2123 3634 c-8 -21 13 -42 28 -27 13 13 5 43 -11 43 -6 0 -13 -7 -17 -16z"
       id="path82" />
    <path
       d="M2266 3362 c-2 -4 0 -14 5 -22 8 -13 10 -13 19 0 5 8 10 18 10 23 0 10 -28 9 -34 -1z"
       id="path84" />
    <path
       d="M923 3320 c-8 -11 -9 -21 -3 -25 8 -5 30 24 30 39 0 13 -16 5 -27 -14z"
       id="path86" />
    <path
       d="M3916 2771 c-9 -14 5 -42 18 -38 15 5 14 39 -1 44 -6 2 -14 0 -17 -6z"
       id="path88" />
    <path
       d="M3925 2639 c-4 -11 -4 -23 -2 -26 9 -8 27 7 27 22 0 23 -18 27 -25 4z"
       id="path90" />
    <path
       d="M3783 2543 c-16 -6 -17 -33 -3 -33 11 0 26 28 19 34 -2 2 -10 1 -16 -1z"
       id="path92" />
    <path
       d="M787 2453 c-10 -9 -8 -53 2 -53 16 0 31 27 25 44 -6 17 -16 20 -27 9z"
       id="path94" />
    <path
       d="M3240 2365 c-7 -8 -9 -22 -6 -31 6 -15 8 -15 26 1 11 10 20 24 20 32 0 18 -25 17 -40 -2z"
       id="path96" />
    <path
       d="M707 2335 l-28 -25 29 0 c31 0 58 22 47 40 -9 15 -17 12 -48 -15z"
       id="path98" />
    <path
       d="M537 2263 c-14 -13 -6 -23 17 -23 30 0 42 15 20 24 -20 8 -29 8 -37 -1z"
       id="path100" />
    <path
       d="M2685 2090 c10 -11 20 -18 23 -15 7 6 -18 35 -31 35 -5 0 -2 -9 8 -20z"
       id="path102" />
    <path
       d="M2710 1785 c-7 -9 -10 -18 -7 -21 11 -11 57 6 57 21 0 20 -34 19 -50 0z"
       id="path104" />
    <path
       d="M2790 1740 c0 -8 -3 -25 -6 -37 -4 -14 -2 -23 5 -23 16 0 26 49 12 63 -8 8 -11 7 -11 -3z"
       id="path106" />
    <path
       d="M530 1666 c0 -14 5 -28 10 -31 6 -3 10 5 10 19 0 14 -4 28 -10 31 -6 3 -10 -5 -10 -19z"
       id="path108" />
    <path
       d="M900 1536 c0 -14 5 -26 10 -26 6 0 10 9 10 19 0 11 -4 23 -10 26 -6 4 -10 -5 -10 -19z"
       id="path110" />
    <path
       d="M2040 1491 c0 -12 6 -21 16 -21 9 0 14 7 12 17 -5 25 -28 28 -28 4z"
       id="path112" />
    <path
       d="M1018 1141 c-11 -16 -26 -20 -69 -19 -29 0 -190 1 -356 3 -247 3 -304 1 -313 -10 -7 -8 -9 -18 -6 -24 4 -6 118 -10 284 -11 152 0 322 -3 377 -6 105 -5 147 5 153 38 3 18 -23 48 -43 48 -8 0 -20 -9 -27 -19z"
       id="path114" />
    <path
       d="M2010 1089 c0 -12 -8 -23 -20 -26 -37 -10 -21 -20 41 -27 99 -10 125 -8 143 13 25 27 6 35 -64 27 -53 -6 -60 -5 -70 14 -14 26 -30 26 -30 -1z"
       id="path116" />
    <path
       d="M1138 1084 c33 -14 57 -11 47 7 -4 5 -23 9 -43 8 l-37 -1 33 -14z"
       id="path118" />
    <path
       d="M2237 1063 c-4 -3 -2 -12 4 -20 9 -10 50 -13 175 -13 158 0 222 9 209 30 -7 11 -377 14 -388 3z"
       id="path120" />
    <path
       d="M4017 3564 c-4 -4 -7 -14 -7 -23 0 -11 3 -12 11 -4 6 6 10 16 7 23 -2 6 -7 8 -11 4z"
       id="path122" />
    <path
       d="M3910 1983 c-8 -3 -30 -19 -47 -36 -40 -38 -43 -74 -9 -107 14 -12 28 -35 31 -50 5 -21 15 -30 45 -39 39 -11 113 -3 131 16 8 9 37 84 46 120 8 35 -44 79 -104 86 -26 3 -55 8 -63 10 -8 3 -22 3 -30 0z m121 -73 c22 -12 25 -43 6 -59 -43 -35 -137 -13 -137 33 0 12 3 26 7 29 10 11 102 8 124 -3z"
       id="path124" />
    <path
       d="M3725 1950 c3 -5 13 -10 21 -10 8 0 14 5 14 10 0 6 -9 10 -21 10 -11 0 -17 -4 -14 -10z"
       id="path126" />
    <path
       d="M3846 1220 c-44 -28 -47 -41 -21 -94 13 -26 26 -63 29 -82 6 -28 13 -35 43 -43 51 -14 108 4 139 44 40 53 26 137 -24 150 -14 3 -38 15 -53 26 -34 24 -75 23 -113 -1z m115 -71 c32 -34 37 -60 15 -78 -18 -15 -61 1 -75 28 -6 11 -11 33 -11 50 0 42 32 42 71 0z"
       id="path128" />
    <path
       d="M4562 5975 c-41 -14 -52 -25 -53 -55 -3 -80 23 -590 32 -612 8 -19 8 -46 0 -95 -10 -58 -28 -675 -36 -1218 -1 -88 -7 -281 -14 -430 -10 -227 -18 -518 -24 -825 -1 -36 0 -94 2 -130 2 -36 1 -599 -3 -1252 l-6 -1188 30 -27 c24 -21 30 -34 28 -57 l-3 -31 305 -2 c168 -1 329 1 359 4 51 4 59 17 16 25 -32 5 -23 32 15 45 34 12 101 8 129 -7 7 -4 29 -1 50 6 69 23 782 34 1646 25 77 0 151 -1 165 -1 251 2 414 -1 495 -11 55 -7 111 -12 125 -11 42 2 149 12 157 14 4 1 23 -1 41 -5 23 -5 32 -12 32 -26 0 -22 -43 -36 -101 -32 -21 1 -40 -2 -43 -7 -9 -15 401 -29 505 -17 65 8 70 19 13 30 -42 7 -37 15 28 39 34 13 62 16 100 11 73 -8 82 0 74 66 -4 30 -6 88 -6 129 9 627 10 660 30 673 16 9 20 23 20 69 0 45 -3 58 -15 58 -8 0 -17 11 -21 24 -6 27 12 70 27 61 5 -4 9 5 9 19 0 15 -5 25 -12 23 -9 -1 -12 32 -13 128 0 99 3 129 13 128 9 -2 12 444 12 2206 l0 2208 -80 6 c-44 4 -89 11 -100 17 -21 11 -122 10 -550 -8 -181 -7 -233 -6 -263 4 -31 11 -148 14 -550 13 -354 -1 -548 3 -627 12 -175 19 -1408 14 -1441 -7 -5 -2 -46 0 -91 5 -123 15 -367 18 -406 6z m348 -77 c124 -1 466 0 760 4 515 6 846 -2 933 -22 50 -11 1481 -22 1582 -12 39 4 142 5 230 2 l160 -5 2 -325 c3 -435 13 -1424 16 -1479 2 -42 0 -46 -43 -77 -25 -18 -61 -47 -81 -63 -24 -20 -47 -31 -68 -31 -23 0 -34 -6 -42 -24 -7 -14 -26 -28 -48 -34 -20 -6 -40 -21 -46 -33 -7 -15 -40 -32 -125 -61 -162 -55 -237 -73 -359 -84 -40 -3 -93 -15 -117 -26 -33 -14 -55 -17 -92 -12 -31 4 -69 1 -108 -10 -36 -9 -128 -18 -239 -22 l-179 -6 -36 -39 c-36 -40 -74 -51 -97 -28 -9 9 -21 4 -48 -20 -39 -34 -59 -39 -72 -17 -4 7 -21 17 -38 23 -19 6 -35 21 -44 41 -19 41 -40 47 -174 47 -117 0 -127 -4 -127 -57 0 -28 -21 -37 -68 -29 -19 3 -23 9 -19 27 2 13 -1 32 -8 41 -11 15 -55 18 -439 24 -234 4 -430 11 -436 14 -6 4 -22 0 -35 -9 -22 -15 -23 -19 -18 -93 3 -43 12 -88 20 -101 45 -72 50 -169 6 -106 -11 16 -23 39 -27 51 -4 11 -13 24 -21 27 -8 3 -26 28 -40 56 -14 28 -37 56 -50 62 -14 6 -25 14 -26 17 -6 51 -10 66 -24 73 -8 5 -15 19 -15 32 0 38 -23 50 -83 41 -124 -19 -291 12 -420 77 -133 68 -133 68 -130 285 1 98 6 192 12 210 5 19 7 105 4 207 -4 123 -2 183 6 203 16 38 20 889 4 918 -6 11 -14 91 -18 179 -8 178 -7 179 60 171 22 -2 141 -6 265 -7z m3684 -2055 c0 -57 -5 -78 -27 -116 -15 -25 -34 -50 -42 -54 -17 -10 -45 -85 -45 -120 0 -13 -5 -33 -11 -44 -5 -11 -13 -39 -17 -62 -6 -32 -12 -43 -29 -45 -35 -5 -53 -35 -60 -102 -6 -60 -16 -94 -58 -197 -24 -58 -8 -99 44 -112 92 -23 121 -27 129 -19 4 4 33 9 63 11 l54 2 -2 -254 c-2 -157 -6 -258 -13 -265 -7 -7 -20 -6 -43 2 -21 7 -62 10 -112 6 -44 -3 -123 -1 -175 4 -117 12 -130 7 -130 -51 0 -24 6 -49 13 -55 17 -18 22 -595 5 -667 -7 -31 -11 -180 -12 -400 l-1 -350 -85 3 c-93 4 -115 14 -104 46 4 12 8 50 9 86 1 36 6 101 10 145 l8 80 41 18 41 18 -28 15 c-16 9 -37 12 -49 8 -20 -6 -21 -4 -12 47 15 89 7 289 -11 309 -15 16 -14 19 2 35 14 14 28 16 80 12 63 -6 63 -6 79 25 16 30 15 32 -7 49 -23 18 -45 21 -199 24 -31 0 -69 8 -87 18 -43 23 -60 21 -79 -8 -15 -24 -21 -25 -104 -25 -92 0 -101 -4 -115 -50 -4 -14 -25 -62 -46 -108 -21 -45 -39 -92 -39 -105 0 -34 -48 -179 -69 -207 -10 -14 -23 -61 -30 -107 -15 -105 -24 -334 -13 -351 11 -16 109 -52 144 -52 19 0 35 -10 53 -34 39 -52 51 -52 97 -1 44 49 54 51 124 33 32 -9 54 -23 72 -45 33 -44 59 -43 79 5 8 20 20 40 27 44 17 12 175 9 197 -2 17 -10 19 -20 17 -98 -2 -60 2 -96 12 -117 14 -28 20 -30 74 -33 36 -2 80 4 113 14 45 14 64 15 112 7 31 -6 69 -9 84 -6 40 8 47 -22 36 -158 -6 -63 -7 -146 -4 -185 5 -52 3 -73 -7 -81 -18 -14 -114 -23 -294 -25 l-151 -2 -39 30 c-22 17 -81 56 -131 88 -51 32 -93 61 -93 64 0 4 -11 20 -25 35 -28 30 -66 35 -85 12 -7 -8 -23 -15 -36 -15 -17 0 -25 -7 -30 -25 -7 -27 -44 -36 -44 -11 0 16 -37 46 -57 46 -9 0 -13 -15 -13 -44 0 -44 -12 -66 -25 -46 -13 21 -45 10 -61 -22 l-17 -33 -15 23 c-18 28 -39 28 -62 0 -17 -21 -18 -22 -45 -4 -23 15 -31 16 -56 6 -16 -7 -39 -10 -51 -7 -14 4 -32 -1 -47 -12 -23 -17 -27 -18 -57 -4 -30 15 -34 14 -68 -6 -28 -18 -50 -22 -108 -22 -178 2 -1279 -17 -1378 -24 -36 -2 -130 -6 -209 -9 -80 -3 -158 -10 -173 -17 -53 -22 -54 -16 -61 297 -5 180 -11 292 -18 300 -6 7 -23 14 -37 16 -19 2 -32 13 -44 37 -31 62 -121 76 -337 53 -122 -14 -147 -11 -153 16 -2 9 0 91 4 182 3 91 9 491 13 890 3 399 8 835 11 970 2 135 6 357 8 493 4 258 10 294 41 249 36 -50 260 -131 366 -132 29 0 54 -23 54 -49 0 -11 11 -17 32 -19 29 -3 34 1 47 33 13 31 20 36 43 33 21 -2 29 -10 34 -33 12 -61 58 -134 92 -148 39 -17 50 -30 68 -81 9 -25 26 -46 46 -58 17 -11 41 -35 52 -54 16 -27 27 -34 51 -34 23 0 42 -10 71 -40 29 -29 48 -40 69 -40 37 0 39 18 5 58 -79 94 -105 137 -105 174 0 33 -5 41 -40 63 -37 23 -40 29 -40 70 0 28 5 47 13 50 6 2 75 0 152 -6 77 -5 157 -10 178 -9 111 2 147 1 193 -5 32 -4 83 -1 136 9 46 9 97 16 112 16 57 0 42 -66 -24 -100 -22 -11 -40 -24 -40 -29 0 -5 -18 -20 -41 -35 -30 -20 -39 -32 -34 -46 9 -27 -24 -41 -80 -33 -48 6 -75 24 -75 48 0 23 -86 87 -112 83 -28 -4 -28 -22 -1 -92 16 -42 24 -51 58 -63 22 -7 45 -20 50 -27 6 -8 34 -22 63 -31 37 -13 52 -22 52 -36 0 -10 -5 -21 -10 -24 -20 -13 -48 -81 -55 -135 -12 -94 24 -232 69 -269 8 -7 41 -15 73 -17 100 -9 103 -10 103 -49 0 -29 5 -37 26 -45 63 -24 116 -2 94 39 -8 16 -21 21 -50 21 -37 0 -40 2 -40 28 0 28 31 72 50 72 10 0 45 -31 51 -46 2 -5 23 -22 46 -37 36 -25 47 -28 90 -21 60 8 81 19 94 47 5 12 21 37 34 56 26 35 30 66 25 181 -2 58 -31 127 -55 137 -20 7 -19 57 1 74 8 7 40 16 70 20 35 5 64 15 77 29 49 48 81 70 99 70 23 0 36 -29 18 -40 -8 -5 -20 -30 -28 -57 -47 -163 -31 -436 30 -500 20 -22 22 -33 22 -191 1 -178 -6 -228 -35 -237 -10 -4 -28 -19 -39 -36 -12 -16 -29 -29 -38 -30 -32 -1 -96 -44 -112 -74 -8 -16 -19 -33 -24 -37 -26 -18 -221 -28 -318 -14 -50 6 -58 11 -66 35 -6 16 -30 41 -53 57 -24 16 -49 40 -55 52 -6 12 -18 30 -26 39 -28 32 -39 95 -45 263 -5 162 -13 205 -35 198 -43 -15 -62 -228 -30 -343 10 -35 8 -46 -11 -85 -15 -31 -23 -69 -25 -123 -5 -91 11 -157 45 -198 l25 -29 -26 -64 c-14 -35 -26 -72 -26 -80 0 -10 -9 -16 -25 -16 -36 0 -91 -39 -115 -81 -25 -46 -27 -130 -4 -154 16 -15 67 -15 125 1 23 6 13 41 -17 61 -35 22 -34 79 1 95 14 6 28 22 31 34 8 30 27 36 53 18 22 -16 29 -58 11 -69 -30 -19 29 -92 63 -79 23 9 39 -87 17 -101 -5 -3 -10 -25 -10 -49 0 -53 -18 -79 -51 -74 -19 2 -23 8 -21 28 2 14 5 48 5 75 2 49 2 50 -30 53 l-33 3 -2 -63 c-1 -35 -1 -95 1 -135 3 -70 3 -72 -27 -87 -47 -24 -48 -96 -2 -96 12 0 29 -15 42 -35 21 -31 28 -35 68 -35 25 0 50 -4 57 -8 7 -4 14 -59 18 -144 l8 -137 -36 -14 c-19 -8 -43 -29 -53 -47 -29 -48 -72 -70 -140 -70 -85 0 -102 -7 -110 -44 -4 -17 -15 -42 -25 -55 -11 -13 -19 -39 -19 -57 0 -29 5 -36 41 -55 41 -20 46 -20 297 -9 203 9 261 14 283 27 26 15 35 15 121 -1 220 -41 291 -48 396 -41 93 6 107 10 134 34 23 20 30 35 30 64 0 20 -7 44 -16 52 -9 9 -16 24 -16 34 0 39 -33 53 -129 53 l-90 0 -41 56 -42 55 5 120 c3 65 7 120 9 121 2 1 28 17 58 35 30 18 71 48 90 67 21 20 51 37 75 42 36 7 40 11 40 37 0 28 -3 30 -44 33 -37 3 -47 -1 -70 -26 -21 -23 -42 -33 -106 -46 -44 -10 -113 -26 -152 -37 -82 -22 -222 -26 -241 -7 -6 6 -38 13 -71 14 -33 2 -73 10 -89 18 -16 8 -66 17 -111 20 -45 2 -89 10 -97 17 -19 16 -19 69 1 69 8 0 36 21 62 46 72 69 76 70 120 31 55 -50 101 -64 160 -49 33 8 60 9 88 2 64 -15 96 -12 135 15 41 28 67 25 80 -10 10 -27 64 -42 166 -48 71 -4 71 -4 89 27 10 17 27 41 37 53 24 26 13 53 -32 80 -57 34 -51 93 11 104 52 8 99 37 111 67 12 32 17 41 41 74 23 33 13 60 -47 124 -51 54 -58 84 -23 107 13 9 38 29 55 46 17 17 37 31 44 31 23 0 69 79 78 135 25 145 29 189 18 238 -8 41 -7 60 6 106 15 50 16 74 6 211 -20 268 -21 274 -40 295 -10 11 -20 29 -22 40 -2 11 -20 31 -41 44 -27 18 -37 31 -37 51 0 14 -13 47 -30 73 -16 26 -30 54 -30 61 0 7 -9 21 -19 30 -11 10 -23 32 -27 50 -8 39 -21 56 -45 56 -11 0 -19 4 -19 9 0 5 9 7 20 4 23 -6 50 12 50 34 0 22 -29 27 -50 8 -17 -16 -19 -15 -35 8 -13 20 -14 29 -3 52 10 22 16 25 37 20 32 -8 30 -8 171 5 63 5 201 14 305 20 263 14 275 15 275 45 0 28 13 33 110 38 36 2 91 11 123 20 32 10 66 17 76 17 17 0 94 29 132 50 9 4 38 12 65 16 32 4 60 17 82 35 18 16 38 29 45 29 8 0 26 14 42 30 16 17 36 30 46 30 9 0 30 15 46 34 35 39 104 88 118 83 5 -2 10 -35 9 -74z m2 -300 c-7 -144 -7 -273 0 -357 8 -88 -14 -146 -55 -146 -15 0 -36 6 -47 14 -11 8 -34 14 -51 14 -39 -1 -53 8 -53 35 0 29 10 43 36 51 23 7 54 99 54 161 0 20 11 60 25 90 14 30 30 78 35 107 4 29 11 60 14 68 3 8 10 27 15 43 6 15 16 27 22 27 8 0 9 -32 5 -107z m-2001 -87 c28 -8 70 -24 94 -36 28 -14 47 -18 53 -12 14 14 58 -30 58 -57 0 -13 -9 -25 -22 -30 -31 -12 -46 4 -30 30 17 27 15 29 -36 22 -43 -6 -54 -16 -27 -27 19 -7 19 -36 -1 -64 l-15 -22 -26 20 c-30 24 -38 20 -46 -20 -9 -41 -52 -43 -68 -2 l-11 27 -11 -22 c-8 -18 -18 -23 -48 -23 -21 0 -41 -5 -45 -11 -4 -7 -19 -8 -38 -4 -17 3 -51 9 -76 13 -41 6 -45 10 -48 38 -2 23 6 41 35 77 33 40 43 47 75 47 28 0 42 7 61 29 17 21 36 31 63 34 22 2 44 4 49 5 6 1 33 -4 60 -12z m332 -261 c7 -20 -2 -29 -21 -22 -9 4 -13 13 -10 22 8 19 23 19 31 0z m-599 -67 c7 -7 12 -26 12 -43 0 -35 -15 -55 -42 -55 -14 0 -18 8 -18 36 0 36 15 74 28 74 5 0 13 -5 20 -12z m177 -8 c11 -10 30 -28 43 -40 14 -13 22 -32 22 -53 0 -17 4 -46 9 -64 11 -37 -3 -179 -20 -199 -6 -8 -19 -14 -29 -14 -10 0 -23 -7 -30 -15 -7 -8 -24 -15 -39 -15 -33 0 -96 65 -106 109 -3 16 -13 35 -21 42 -18 15 -18 58 1 65 10 4 15 20 15 46 0 31 6 47 25 64 14 13 25 32 25 43 0 23 35 51 64 51 11 0 29 -9 41 -20z m-264 -32 c26 -36 30 -50 26 -85 -2 -23 -1 -45 3 -50 4 -4 10 -36 13 -71 5 -62 5 -63 -31 -98 -36 -35 -39 -36 -96 -31 -32 3 -63 10 -69 16 -5 5 -13 33 -18 62 -5 34 -15 56 -29 66 -27 19 -25 40 10 93 16 25 30 55 30 68 0 38 43 72 89 72 36 0 44 -5 72 -42z m743 -1 c8 -12 6 -21 -7 -35 -22 -24 -22 -42 1 -42 28 0 42 -21 42 -64 1 -36 2 -39 14 -23 7 9 16 17 19 17 3 0 14 -26 23 -57 9 -32 28 -84 41 -116 24 -57 25 -87 2 -87 -9 0 -9 -3 0 -14 14 -17 18 -158 9 -351 -6 -132 -19 -209 -37 -225 -18 -15 -51 -72 -51 -88 0 -23 -19 -42 -41 -42 -9 0 -19 -9 -22 -20 -3 -11 -12 -20 -21 -20 -23 0 -20 37 4 43 14 3 18 10 14 22 -9 22 -49 16 -48 -8 2 -14 -4 -18 -29 -15 -27 3 -32 8 -38 38 -4 19 -17 41 -28 49 -12 7 -21 22 -21 33 0 16 5 19 23 14 12 -3 25 -6 29 -6 3 0 9 -8 11 -17 2 -10 4 2 3 27 -1 41 1 45 27 50 29 5 40 19 75 100 16 36 22 77 27 205 4 88 9 168 11 178 7 22 -22 23 -34 1 -7 -12 -11 -13 -17 -4 -4 6 -2 17 4 23 18 18 13 55 -9 70 -20 14 -20 14 5 31 33 22 32 42 -5 55 -25 8 -32 7 -37 -4 -9 -26 -23 -5 -23 35 0 49 10 55 45 28 26 -20 27 -20 22 -2 -3 10 -8 32 -11 47 -4 17 -16 31 -31 37 -31 12 -31 29 0 88 14 26 25 53 25 60 0 17 20 11 34 -11z m1605 -671 c9 -11 11 -62 9 -183 -3 -92 -1 -186 3 -208 9 -49 1 -95 -17 -95 -18 0 -27 18 -34 65 -4 31 -10 41 -26 43 -28 4 -48 -23 -47 -64 1 -47 18 -64 63 -64 42 0 46 -5 56 -78 8 -61 -12 -87 -59 -78 -16 3 -58 6 -93 6 -84 0 -86 3 -72 166 6 71 10 146 9 168 -3 63 5 76 47 76 93 1 164 39 125 67 -21 16 -196 18 -224 2 -17 -8 -20 -20 -19 -67 1 -31 -2 -145 -6 -252 -6 -174 -5 -197 10 -209 11 -10 48 -14 124 -14 147 1 152 -3 152 -110 0 -53 -5 -90 -13 -101 -12 -17 -16 -17 -59 -3 -55 19 -181 12 -204 -10 -17 -17 -17 -46 -3 -187 7 -67 7 -117 1 -134 -12 -36 0 -188 16 -204 9 -9 46 -13 117 -14 58 0 108 -4 112 -8 4 -4 8 -51 9 -104 2 -131 -12 -154 -66 -112 -14 11 -41 20 -60 20 -19 0 -53 5 -74 10 -45 10 -71 0 -81 -29 -8 -27 -35 -34 -57 -15 -17 16 -18 36 -18 248 0 127 -1 290 -1 361 -2 263 1 401 11 430 5 17 11 157 14 313 3 155 8 287 11 292 4 6 17 7 29 4 18 -4 25 -1 29 16 4 16 11 20 24 16 10 -3 36 3 58 14 24 12 59 20 90 20 27 0 57 5 65 10 21 14 36 12 49 -4z m-2483 -352 c-4 -12 -10 -14 -17 -7 -5 5 -7 17 -3 27 4 12 10 14 17 7 5 -5 7 -17 3 -27z m668 -39 c3 -9 0 -15 -9 -15 -8 0 -15 7 -15 15 0 8 4 15 9 15 5 0 11 -7 15 -15z m-594 -36 c0 -5 -15 -9 -32 -9 -31 1 -32 2 -15 15 19 14 47 10 47 -6z m317 -35 c7 -20 41 -17 70 6 36 28 70 25 109 -10 19 -16 50 -32 71 -35 21 -3 56 -14 78 -24 22 -10 52 -23 68 -29 33 -14 35 -39 5 -98 -30 -62 -68 -95 -116 -101 -32 -4 -43 -11 -51 -32 -6 -14 -27 -53 -46 -86 -30 -52 -35 -69 -35 -125 l0 -65 -177 1 c-175 1 -179 2 -232 30 -69 36 -81 61 -52 107 11 19 21 45 21 58 1 23 32 181 44 224 4 11 2 26 -2 33 -10 15 -42 5 -42 -13 0 -6 -9 -20 -20 -30 -11 -10 -20 -31 -20 -46 0 -39 -18 -81 -32 -77 -7 3 -16 22 -20 44 -5 21 -15 53 -24 69 -25 48 -16 86 25 100 18 6 38 17 45 26 6 8 35 31 64 52 70 50 120 52 154 5 13 -18 28 -42 33 -53 15 -29 51 -31 66 -4 10 20 8 25 -15 44 -25 20 -33 44 -20 58 9 9 44 -11 51 -29z m1372 -177 c12 -19 20 -51 20 -77 2 -170 -8 -761 -14 -770 -9 -15 -52 -12 -78 4 -15 10 -50 15 -107 15 -210 0 -285 3 -292 14 -19 30 15 291 58 442 13 50 31 117 39 150 7 33 23 79 34 102 12 23 21 46 21 51 0 24 44 47 94 48 73 2 72 2 84 29 10 22 18 25 66 25 51 0 56 -2 75 -33z m-860 -62 c21 -24 31 -46 31 -68 0 -29 -7 -36 -63 -69 -34 -21 -80 -41 -102 -46 l-40 -8 0 -79 0 -78 40 -11 c50 -14 57 -39 16 -60 -41 -22 -60 -20 -106 12 -51 35 -85 86 -85 127 0 35 43 100 73 111 10 3 22 16 27 29 5 14 29 34 52 46 57 28 78 48 78 72 0 20 26 57 41 57 4 0 21 -16 38 -35z m1557 -297 c4 -7 8 -48 9 -92 1 -45 5 -91 9 -104 7 -20 5 -22 -17 -17 -29 8 -67 -9 -67 -30 0 -8 13 -22 29 -31 16 -10 32 -27 35 -38 11 -40 6 -95 -10 -110 -19 -19 -19 -19 -47 -4 -12 6 -39 10 -59 10 -45 -2 -84 29 -72 56 4 9 8 87 9 173 1 85 5 161 9 167 4 7 30 12 59 12 29 0 59 5 67 10 20 13 37 12 46 -2z m-2244 -408 c77 0 84 -8 63 -64 -15 -38 -17 -64 -12 -135 7 -99 2 -111 -52 -111 -27 0 -42 8 -73 41 -36 38 -39 46 -35 83 2 22 0 74 -5 113 -6 40 -8 79 -4 88 5 14 9 14 35 0 17 -8 54 -15 83 -15z m366 -3 c8 -10 7 -27 -4 -62 -9 -31 -12 -66 -8 -91 8 -57 0 -78 -40 -99 -18 -10 -41 -31 -51 -47 -14 -24 -23 -29 -48 -26 -32 3 -32 4 -30 53 1 28 11 68 23 90 26 52 25 81 -5 117 -38 45 -33 56 33 63 31 3 66 7 77 9 11 2 25 4 31 5 6 0 16 -5 22 -12z m-221 -9 c4 -7 7 -78 6 -158 -3 -169 14 -242 55 -248 24 -4 62 22 62 42 1 14 75 66 94 66 18 0 51 -46 60 -83 10 -42 54 -57 141 -46 56 7 77 6 103 -7 41 -19 43 -50 5 -66 -42 -16 -227 -14 -328 5 -49 9 -105 16 -123 17 -25 0 -35 6 -41 24 -5 13 -22 32 -38 44 l-28 20 -5 179 c-3 98 -2 188 2 201 8 24 23 29 35 10z m-1464 -217 c6 -6 12 -42 12 -79 1 -37 5 -162 10 -278 l8 -212 -25 -16 c-22 -15 -32 -15 -73 -5 -36 9 -62 9 -110 0 -34 -6 -110 -11 -167 -11 l-106 0 -10 28 c-10 29 -17 566 -7 583 9 14 454 4 468 -10z m1228 -112 c27 -29 31 -30 83 -24 76 10 98 -4 94 -58 -2 -35 -8 -44 -32 -56 -38 -18 -133 -28 -347 -36 -150 -5 -177 -4 -188 9 -7 8 -11 23 -9 33 3 15 17 19 88 23 47 3 95 11 107 18 12 7 38 37 59 67 20 30 43 59 52 64 22 12 59 -3 93 -40z m1606 -383 c53 -25 83 -60 65 -78 -6 -6 -36 -5 -83 2 -41 6 -133 15 -206 18 -72 4 -135 11 -139 15 -4 4 2 7 14 7 11 0 27 9 35 20 10 14 25 19 58 19 24 0 67 4 94 9 81 15 107 13 162 -12z m-2708 -170 c22 -27 -39 -45 -96 -30 -25 7 -31 29 -10 37 27 11 95 6 106 -7z m3086 -16 c4 -6 -7 -10 -24 -10 -17 0 -31 5 -31 10 0 6 11 10 24 10 14 0 28 -4 31 -10z"
       id="path130" />
    <path
       d="M7605 5606 c-31 -22 -7 -36 61 -36 55 0 64 2 64 18 0 27 -9 32 -36 22 -14 -6 -34 -6 -48 0 -16 6 -29 5 -41 -4z"
       id="path132" />
    <path
       d="M7303 5543 c-19 -17 -20 -26 -13 -127 5 -60 6 -115 4 -121 -7 -17 23 -38 41 -31 13 5 15 18 13 63 l-3 58 55 0 55 0 0 -59 c0 -63 9 -75 45 -56 12 7 18 16 13 23 -4 7 -8 66 -8 132 l0 120 -25 0 c-22 0 -25 -4 -26 -40 -2 -78 0 -75 -53 -75 -56 0 -62 8 -54 67 7 50 -14 72 -44 46z"
       id="path134" />
    <path
       d="M4915 5540 c-11 -4 -31 -19 -44 -34 -21 -22 -24 -36 -25 -98 0 -40 5 -83 12 -94 19 -36 73 -55 134 -48 42 5 57 3 67 -9 7 -9 19 -13 27 -10 17 6 19 44 3 60 -8 8 -8 17 0 31 15 28 14 124 -1 145 -42 56 -117 81 -173 57z m98 -62 c19 -15 32 -106 18 -128 -8 -12 -14 -12 -34 -1 -28 15 -51 6 -43 -16 4 -10 0 -14 -16 -11 -26 4 -41 53 -32 108 7 41 27 60 64 60 14 0 34 -6 43 -12z"
       id="path136" />
    <path
       d="M5149 5538 c0 -7 0 -60 1 -118 1 -104 1 -105 32 -134 28 -25 36 -28 81 -23 39 3 56 11 74 32 22 25 23 34 21 138 l-3 112 -30 0 -30 0 3 -102 c4 -99 3 -102 -21 -118 -20 -13 -30 -14 -46 -5 -25 13 -24 10 -25 130 l-1 95 -27 3 c-18 2 -28 -2 -29 -10z"
       id="path138" />
    <path
       d="M5426 5542 c-10 -16 -9 -263 1 -273 5 -5 50 -9 104 -7 83 3 94 5 97 22 6 28 -17 37 -78 31 -63 -7 -76 -1 -85 37 -6 23 -3 28 19 34 15 3 41 4 59 1 39 -6 68 8 61 28 -5 11 -23 15 -69 15 -49 0 -64 4 -69 16 -11 30 14 46 68 44 28 -2 56 -2 63 -1 18 2 27 42 12 52 -17 11 -176 12 -183 1z"
       id="path140" />
    <path
       d="M5743 5532 c-9 -21 11 -47 35 -47 11 0 24 -3 28 -7 4 -4 8 -54 8 -110 1 -100 2 -103 25 -106 13 -2 28 1 33 6 6 6 11 57 11 113 l2 104 35 5 c29 4 35 9 35 30 0 25 0 25 -103 26 -84 1 -105 -1 -109 -14z"
       id="path142" />
    <path
       d="M6005 5534 c-13 -13 -15 -37 -13 -143 l3 -126 30 0 30 0 -4 63 c-3 62 -2 64 20 60 13 -2 28 -12 34 -23 6 -11 23 -39 37 -62 l27 -42 63 4 c35 1 66 3 70 4 3 1 11 15 17 31 9 26 15 30 48 30 45 0 54 -6 70 -42 8 -18 20 -28 33 -28 28 0 36 25 16 55 -9 13 -16 34 -16 46 0 11 -6 35 -14 52 -7 18 -19 51 -26 75 -17 55 -30 65 -74 56 -33 -6 -36 -9 -36 -40 0 -32 -32 -108 -51 -120 -5 -3 -9 -20 -9 -39 0 -45 -13 -51 -54 -26 -50 31 -57 83 -15 96 25 8 42 50 30 73 -21 39 -46 51 -123 56 -62 5 -80 3 -93 -10z m133 -48 c26 -9 28 -23 5 -48 -29 -32 -93 -21 -93 16 0 40 30 51 88 32z m258 -48 c20 -39 12 -60 -23 -56 -25 3 -28 6 -25 38 5 69 19 74 48 18z"
       id="path144" />
    <path
       d="M6543 5544 c-10 -4 -13 -42 -13 -139 0 -152 -5 -145 95 -145 89 0 111 11 126 59 10 34 9 44 -5 66 -12 19 -14 30 -6 44 19 36 12 79 -16 97 -25 17 -155 30 -181 18z m140 -60 c23 -7 22 -23 -5 -46 -31 -27 -82 -21 -86 10 -8 52 8 59 91 36z m11 -116 c14 -20 14 -24 -1 -40 -10 -11 -30 -18 -55 -18 -33 0 -40 4 -49 27 -15 41 -5 53 45 53 35 0 48 -5 60 -22z"
       id="path146" />
    <path
       d="M6882 5543 c-16 -6 -43 -59 -53 -103 -17 -76 -32 -126 -45 -141 -11 -12 -11 -18 -2 -27 23 -23 47 -14 56 21 8 30 11 32 61 35 57 3 78 -7 83 -41 4 -26 39 -35 57 -14 9 12 8 18 -4 31 -18 17 -39 73 -49 131 -8 41 -33 94 -51 107 -11 9 -34 9 -53 1z m43 -104 c20 -38 13 -62 -17 -57 -19 2 -23 9 -21 32 2 33 10 56 17 56 3 0 13 -14 21 -31z"
       id="path148" />
    <path
       d="M7065 5538 c-2 -7 -1 -71 3 -143 l7 -130 88 -3 c73 -2 88 0 93 13 10 26 -14 40 -69 40 l-52 0 0 105 c0 58 -4 111 -8 118 -5 6 -19 12 -33 12 -14 0 -27 -6 -29 -12z"
       id="path150" />
    <path
       d="M7916 5543 c-10 -3 -36 -22 -57 -43 -36 -36 -39 -43 -39 -96 0 -54 2 -59 44 -100 37 -38 49 -44 84 -44 59 0 87 14 116 57 31 44 33 90 9 149 -28 67 -86 95 -157 77z m94 -73 c15 -15 20 -33 20 -70 0 -46 -3 -52 -32 -70 -77 -46 -139 42 -93 130 13 25 22 30 50 30 22 0 43 -8 55 -20z"
       id="path152" />
    <path
       d="M8131 5536 c-6 -7 -9 -20 -6 -27 2 -8 9 -49 14 -92 8 -67 7 -83 -7 -108 -15 -26 -15 -31 -2 -39 43 -28 86 3 61 43 -10 16 -10 40 0 119 11 85 10 101 -2 109 -21 13 -45 11 -58 -5z"
       id="path154" />
    <path
       d="M8257 5544 c-10 -11 -9 -93 3 -154 8 -45 7 -56 -6 -71 -21 -24 -14 -53 14 -57 27 -4 55 15 45 31 -4 7 -7 66 -8 132 0 113 -1 120 -20 123 -12 2 -24 0 -28 -4z"
       id="path156" />
    <path
       d="M7632 5528 c-22 -29 -52 -99 -58 -140 -4 -23 -15 -57 -25 -74 -13 -23 -14 -35 -6 -43 19 -19 37 -12 58 24 19 32 25 35 65 35 34 0 46 -4 50 -17 11 -36 22 -48 44 -51 40 -6 47 14 21 66 -13 26 -30 60 -37 75 -8 16 -14 40 -14 53 0 45 -27 84 -59 84 -16 0 -33 -6 -39 -12z m51 -94 c23 -31 16 -54 -18 -54 -22 0 -25 4 -25 33 0 53 15 60 43 21z"
       id="path158" />
    <path
       d="M7322 5168 c-22 -22 -14 -48 14 -48 26 0 67 38 57 52 -7 12 -58 9 -71 -4z"
       id="path160" />
    <path
       d="M6226 5091 l-69 -6 0 -130 0 -130 83 -8 c97 -10 133 -4 128 21 -3 14 -16 18 -70 20 -73 3 -100 20 -81 50 8 13 25 17 69 17 57 0 59 1 62 28 4 30 2 31 -74 27 -40 -1 -53 2 -58 15 -12 31 13 47 68 43 57 -3 76 5 76 32 0 19 -21 31 -48 28 -9 -1 -48 -4 -86 -7z"
       id="path162" />
    <path
       d="M7073 5092 c-70 -2 -93 -6 -93 -16 0 -18 20 -33 50 -38 25 -3 25 -5 30 -113 l5 -110 30 0 30 0 5 110 c5 102 6 110 25 108 29 -2 55 15 55 37 0 11 -4 20 -9 20 -5 0 -15 1 -23 3 -7 1 -55 1 -105 -1z"
       id="path164" />
    <path
       d="M5356 5069 c-14 -11 -26 -28 -26 -37 0 -9 -7 -26 -15 -36 -20 -27 -19 -64 5 -110 27 -54 50 -67 126 -69 64 -2 66 -1 94 33 47 56 40 157 -14 218 -27 31 -131 32 -170 1z m131 -39 c18 0 36 -67 29 -106 -6 -27 -14 -37 -42 -49 -32 -13 -38 -13 -62 2 -37 24 -42 32 -42 75 0 29 7 42 32 63 21 18 38 25 52 21 12 -3 26 -6 33 -6z"
       id="path166" />
    <path
       d="M5619 5086 c-9 -9 -1 -258 8 -267 8 -8 17 -7 32 0 23 13 24 17 12 80 -14 68 -4 78 35 34 18 -21 38 -53 44 -71 12 -34 40 -55 62 -47 11 4 14 36 15 141 l0 135 -26 -3 c-25 -3 -26 -5 -26 -78 0 -41 -4 -77 -10 -79 -5 -3 -12 4 -14 15 -2 10 -16 37 -31 59 -15 22 -30 50 -34 63 -5 16 -15 22 -35 22 -15 0 -30 -2 -32 -4z"
       id="path168" />
    <path
       d="M5887 5084 c-4 -4 -7 -64 -7 -134 l0 -127 58 -5 c97 -9 129 -1 153 39 28 46 24 158 -7 200 -20 26 -26 28 -106 31 -46 1 -87 0 -91 -4z m143 -64 c31 -31 41 -65 29 -99 -20 -58 -110 -86 -123 -38 -8 29 -8 121 0 141 9 24 69 21 94 -4z"
       id="path170" />
    <path
       d="M6500 5078 c0 -7 -1 -67 -2 -133 l-2 -120 99 -7 c101 -7 129 -1 118 27 -3 10 -27 15 -76 17 l-72 3 0 30 0 29 65 1 c63 0 65 1 65 25 0 24 -3 25 -68 28 -68 3 -68 3 -65 30 3 26 5 27 76 30 69 3 72 4 72 27 0 25 0 25 -105 25 -77 0 -105 -3 -105 -12z"
       id="path172" />
    <path
       d="M6776 5069 c-38 -30 -35 -69 8 -107 18 -16 50 -32 70 -36 41 -8 55 -28 36 -51 -19 -23 -54 -18 -80 10 -31 33 -66 30 -62 -5 3 -35 33 -56 87 -64 59 -8 108 14 125 54 10 25 9 33 -10 60 -25 35 -49 50 -82 50 -13 0 -34 7 -46 16 -18 13 -21 19 -11 30 18 22 66 18 79 -7 8 -14 19 -19 37 -17 36 4 38 20 8 57 -24 27 -33 31 -80 31 -38 0 -60 -6 -79 -21z"
       id="path174" />
    <path
       d="M7297 5072 c-9 -10 -17 -30 -17 -44 0 -14 -7 -31 -15 -38 -8 -7 -15 -19 -15 -26 0 -8 -9 -40 -20 -71 -24 -69 -24 -69 -4 -77 23 -9 52 10 56 36 3 20 10 23 51 26 38 3 48 0 53 -15 15 -49 49 -68 80 -43 12 11 11 18 -9 52 -12 22 -35 79 -52 127 -28 81 -32 86 -61 89 -20 2 -36 -3 -47 -16z m57 -88 c23 -22 20 -61 -4 -69 -11 -3 -24 -3 -30 0 -18 11 -9 85 10 85 5 0 16 -7 24 -16z"
       id="path176" />
    <path
       d="M7658 5080 c-21 -13 -57 -70 -68 -111 -12 -39 6 -83 49 -123 27 -26 38 -29 93 -29 59 0 63 1 94 39 57 67 60 86 29 146 -37 73 -58 88 -125 87 -30 0 -63 -4 -72 -9z m95 -49 c30 -12 51 -68 42 -111 -9 -43 -65 -67 -100 -44 -31 20 -39 45 -30 101 5 32 12 46 28 53 29 12 32 12 60 1z"
       id="path178" />
    <path
       d="M6167 4643 c-11 -11 -8 -213 4 -235 6 -11 31 -29 55 -40 38 -16 50 -17 79 -8 63 21 75 48 75 171 0 62 -4 110 -10 114 -6 3 -19 3 -30 0 -18 -6 -20 -15 -20 -109 0 -105 -7 -126 -42 -126 -10 0 -27 9 -37 19 -18 18 -19 29 -14 111 5 73 3 94 -8 101 -17 10 -43 12 -52 2z"
       id="path180" />
    <path
       d="M6445 4642 c-16 -11 -13 -284 3 -290 30 -10 40 17 36 96 l-5 77 36 -40 c20 -22 44 -58 55 -81 18 -43 53 -65 72 -46 13 13 18 281 6 289 -5 2 -21 2 -35 -2 -25 -6 -25 -8 -22 -82 4 -87 -9 -105 -36 -49 -9 19 -25 42 -36 52 -10 9 -19 30 -19 46 0 15 -4 28 -9 28 -5 0 -15 2 -23 5 -7 3 -17 1 -23 -3z"
       id="path182" />
    <path
       d="M7063 4642 l-83 -3 0 -138 c0 -76 2 -140 4 -142 2 -2 45 -3 96 -1 70 3 93 7 97 18 10 27 -15 39 -77 36 -51 -3 -60 0 -70 17 -8 15 -8 27 1 42 10 19 17 21 58 16 54 -6 77 3 67 28 -5 15 -15 17 -56 12 -37 -5 -53 -2 -65 9 -31 32 -14 41 80 46 42 3 50 6 53 24 5 32 -16 39 -105 36z"
       id="path184" />
    <path
       d="M5337 4633 c-2 -5 -4 -66 -3 -138 l1 -130 88 -3 87 -3 30 33 c32 35 38 68 17 90 -9 8 -14 36 -13 73 0 33 -3 66 -7 73 -9 13 -193 18 -200 5z m170 -69 c8 -22 -9 -35 -54 -41 -42 -6 -70 14 -59 42 8 22 104 21 113 -1z m-2 -114 c0 -35 0 -35 -47 -38 -43 -3 -49 0 -59 22 -20 43 -6 57 53 54 l53 -3 0 -35z"
       id="path186" />
    <path
       d="M5666 4603 c-3 -21 -13 -51 -21 -67 -8 -15 -15 -33 -15 -38 0 -5 -12 -34 -26 -63 -28 -60 -25 -75 12 -75 19 0 28 8 40 35 14 33 17 35 64 35 46 0 50 -2 56 -27 11 -50 14 -54 36 -51 29 4 34 30 14 73 -9 18 -16 44 -16 58 0 13 -6 30 -14 36 -8 6 -17 36 -21 66 l-6 55 -48 0 c-48 0 -48 0 -55 -37z m80 -69 c9 -35 -2 -54 -30 -54 -36 0 -43 39 -14 77 14 17 37 5 44 -23z"
       id="path188" />
    <path
       d="M5903 4595 c-28 -37 -33 -53 -33 -98 0 -46 4 -59 33 -91 35 -41 79 -53 142 -42 50 10 75 38 75 84 0 20 -4 42 -8 48 -10 15 -73 24 -95 12 -25 -13 -4 -48 28 -48 39 0 39 -19 -1 -36 -27 -11 -43 -13 -58 -6 -12 6 -29 13 -38 16 -14 4 -18 17 -18 59 0 34 5 59 13 66 25 20 73 24 105 7 62 -32 81 -11 41 45 -19 27 -25 29 -87 29 l-67 -1 -32 -44z"
       id="path190" />
    <path
       d="M6752 4628 c-7 -7 -12 -16 -12 -21 0 -5 -9 -20 -20 -34 -22 -28 -27 -94 -10 -138 27 -70 109 -96 176 -54 26 16 34 27 34 50 0 37 -30 39 -71 5 -48 -41 -99 -8 -99 64 1 67 48 95 104 61 18 -12 39 -21 45 -21 24 0 22 31 -3 65 -25 32 -31 35 -80 35 -28 0 -57 -5 -64 -12z"
       id="path192" />
    <path
       d="M7220 4505 c0 -122 2 -135 19 -145 39 -20 46 5 43 148 l-3 132 -30 0 -29 0 0 -135z"
       id="path194" />
    <path
       d="M7333 4624 c-3 -8 -3 -36 -1 -62 3 -26 2 -76 -2 -112 -8 -73 -5 -86 17 -94 30 -12 42 12 36 69 -5 46 -3 56 11 61 22 8 47 -16 79 -76 23 -43 55 -63 85 -52 22 8 13 32 -30 78 l-42 46 32 26 c34 29 40 57 21 95 -18 34 -28 37 -117 37 -66 0 -84 -3 -89 -16z m152 -74 c0 -23 -3 -25 -50 -25 -47 0 -50 1 -53 28 -3 28 -3 28 50 25 49 -3 53 -5 53 -28z"
       id="path196" />
    <path
       d="M7622 4589 c-57 -70 -58 -115 -4 -178 35 -41 42 -44 95 -49 57 -4 58 -4 96 36 51 53 60 99 31 155 -38 74 -56 87 -120 87 -56 0 -57 -1 -98 -51z m125 -20 c35 -13 43 -25 43 -67 0 -46 -14 -68 -51 -81 -70 -24 -120 63 -74 132 19 29 38 33 82 16z"
       id="path198" />
    <path
       d="M5620 4175 c-18 -22 -17 -254 1 -266 19 -12 105 -11 151 1 31 9 38 17 52 57 30 88 14 173 -37 200 -41 21 -152 26 -167 8z m144 -61 c22 -21 21 -111 -1 -136 -9 -10 -30 -18 -49 -18 l-32 0 -4 76 c-2 41 1 79 7 85 14 14 62 11 79 -7z"
       id="path200" />
    <path
       d="M5964 4179 c-38 -11 -68 -44 -84 -92 -10 -31 -9 -46 5 -92 24 -73 41 -87 112 -88 81 0 100 8 123 56 41 84 18 177 -53 210 -38 19 -57 20 -103 6z m96 -69 c15 -15 20 -33 20 -70 0 -48 -2 -50 -36 -65 -32 -13 -39 -13 -72 3 -34 16 -37 21 -40 63 -3 41 1 50 24 68 34 26 78 27 104 1z"
       id="path202" />
    <path
       d="M6282 4173 c-6 -10 -8 -46 -5 -78 3 -33 1 -84 -5 -114 -9 -47 -8 -55 10 -73 18 -18 22 -18 41 -5 17 12 21 23 19 53 -4 44 7 54 64 54 51 0 66 16 72 79 6 64 -18 91 -82 91 -24 0 -57 3 -74 6 -23 5 -32 2 -40 -13z m146 -70 c6 -40 -68 -58 -91 -22 -20 31 -1 50 45 47 35 -2 44 -7 46 -25z"
       id="path204" />
    <path
       d="M6535 4178 c-2 -7 -6 -70 -8 -140 -6 -138 1 -160 42 -139 18 10 20 23 23 134 3 108 1 124 -16 140 -22 20 -35 22 -41 5z"
       id="path206" />
    <path
       d="M6618 4173 c-17 -21 -1 -43 30 -43 45 0 50 -15 42 -115 -6 -74 -5 -93 8 -107 19 -22 26 -22 45 -3 13 12 14 33 10 111 -6 103 -2 114 44 114 27 0 37 15 24 37 -8 15 -24 18 -101 18 -61 0 -95 -4 -102 -12z"
       id="path208" />
    <path
       d="M6935 4181 l-70 -6 0 -135 0 -135 100 0 c100 0 100 0 100 25 0 24 -3 25 -73 28 l-73 3 3 32 c3 31 4 32 55 32 55 0 79 14 70 39 -5 12 -21 16 -67 16 -57 0 -60 1 -60 25 0 24 2 25 69 25 39 0 73 4 76 10 11 17 -15 50 -38 48 -12 -1 -53 -4 -92 -7z"
       id="path210" />
    <path
       d="M7128 4172 c-6 -7 -11 -65 -11 -138 0 -98 3 -128 14 -135 21 -13 40 19 33 57 -8 42 3 74 25 74 22 0 43 -23 66 -73 18 -38 67 -73 85 -62 21 13 9 56 -25 93 l-34 39 29 28 c17 16 30 39 30 52 0 28 -41 72 -67 74 -85 6 -136 2 -145 -9z m150 -64 c-3 -20 -10 -23 -52 -26 -52 -3 -72 7 -63 32 5 12 21 16 62 16 53 0 56 -1 53 -22z"
       id="path212" />
    <path
       d="M7413 4173 c-33 -16 -49 -51 -33 -67 6 -6 23 -4 45 7 20 9 45 17 56 17 31 0 35 -28 6 -50 -58 -46 -67 -190 -12 -190 19 0 26 28 19 67 -6 31 -2 38 40 79 65 65 58 113 -21 141 -48 16 -60 16 -100 -4z"
       id="path214" />
    <path
       d="M8111 3551 c-8 -6 -10 -14 -5 -22 5 -8 7 -24 6 -35 -4 -31 26 -40 34 -10 13 52 -5 86 -35 67z"
       id="path216" />
    <path
       d="M8163 3424 c-37 -16 -37 -17 -22 -45 7 -15 7 -24 -2 -35 -14 -17 -6 -17 44 -3 31 8 37 14 37 38 0 15 -6 34 -12 43 -11 14 -17 14 -45 2z"
       id="path218" />
    <path
       d="M5690 3365 c0 -8 5 -15 10 -15 6 0 10 7 10 15 0 8 -4 15 -10 15 -5 0 -10 -7 -10 -15z"
       id="path220" />
    <path
       d="M7283 3373 c-18 -6 -16 -23 1 -23 17 0 30 16 19 23 -5 2 -14 2 -20 0z"
       id="path222" />
    <path
       d="M8110 3285 c-15 -18 -9 -49 11 -53 18 -3 31 30 22 54 -7 18 -17 18 -33 -1z"
       id="path224" />
    <path
       d="M7260 3240 c0 -19 3 -21 12 -12 9 9 9 15 0 24 -9 9 -12 7 -12 -12z"
       id="path226" />
    <path
       d="M8127 3163 c-4 -3 -7 -23 -7 -43 0 -20 -6 -42 -12 -50 -7 -8 -3 -6 10 4 26 22 54 75 46 87 -6 11 -28 12 -37 2z"
       id="path228" />
    <path
       d="M5280 3060 c0 -5 6 -10 14 -10 8 0 18 5 21 10 3 6 -3 10 -14 10 -12 0 -21 -4 -21 -10z"
       id="path230" />
    <path
       d="M5510 3025 c0 -15 26 -32 36 -23 2 3 2 13 -2 22 -8 20 -34 21 -34 1z"
       id="path232" />
    <path
       d="M6646 2651 c-9 -10 -27 -45 -39 -77 -22 -56 -25 -59 -59 -62 -20 -2 -42 -10 -48 -18 -27 -31 -236 1 -282 44 -16 14 -33 22 -42 19 -20 -8 -21 -60 -1 -77 8 -7 15 -18 15 -25 0 -7 8 -23 19 -36 10 -13 21 -46 26 -74 10 -72 27 -106 69 -140 20 -17 54 -45 76 -64 48 -40 82 -37 108 9 9 16 29 34 45 39 15 6 31 21 37 36 5 14 19 45 30 69 11 25 20 55 20 68 0 13 7 32 15 42 8 11 15 32 15 46 0 15 9 53 20 85 35 102 22 167 -24 116z m-99 -287 c3 -8 -3 -27 -14 -42 -11 -15 -30 -46 -42 -68 -13 -23 -34 -48 -48 -55 -21 -11 -26 -10 -44 8 -26 26 -15 51 36 83 19 12 35 27 35 34 0 41 63 75 77 40z"
       id="path234" />
    <path
       d="M4647 2653 c-3 -5 -2 -15 2 -22 7 -10 10 -10 16 -1 4 6 3 16 -3 22 -5 5 -12 6 -15 1z"
       id="path236" />
    <path
       d="M7347 2114 c-9 -9 4 -35 14 -28 5 3 9 12 9 20 0 14 -12 19 -23 8z"
       id="path238" />
    <path
       d="M7425 1849 c-10 -15 3 -25 16 -12 7 7 7 13 1 17 -6 3 -14 1 -17 -5z"
       id="path240" />
    <path
       d="M7261 1796 c-16 -19 -6 -36 20 -36 15 0 20 6 17 22 -4 27 -21 33 -37 14z"
       id="path242" />
    <path
       d="M7200 1630 c0 -11 5 -20 10 -20 6 0 10 9 10 20 0 11 -4 20 -10 20 -5 0 -10 -9 -10 -20z"
       id="path244" />
    <path
       d="M5805 1419 c-8 -12 3 -49 15 -49 8 0 20 24 20 40 0 12 -29 20 -35 9z"
       id="path246" />
    <path
       d="M5850 1294 c0 -17 22 -14 28 4 2 7 -3 12 -12 12 -9 0 -16 -7 -16 -16z"
       id="path248" />
    <path
       d="M4704 1199 c-3 -6 -1 -16 5 -22 8 -8 11 -5 11 11 0 24 -5 28 -16 11z"
       id="path250" />
    <path
       d="M5820 1099 l0 -30 -62 2 c-190 5 -647 -2 -653 -10 -4 -7 -15 -7 -31 -1 -14 6 -29 10 -34 10 -13 0 -22 -32 -11 -43 10 -10 74 -12 89 -3 5 3 162 7 350 9 305 2 343 4 360 20 10 9 26 17 35 17 24 0 21 18 -5 41 -32 26 -38 24 -38 -12z"
       id="path252" />
    <path
       d="M7156 1079 c-26 -23 -47 -32 -74 -33 -33 -1 -37 2 -35 22 4 31 -19 27 -38 -7 -11 -18 -28 -31 -47 -36 -17 -3 -36 -13 -43 -21 -9 -12 -7 -14 17 -14 15 0 43 5 61 12 24 9 36 9 44 1 12 -12 50 -1 80 24 8 7 33 16 55 21 32 6 39 12 39 32 0 35 -19 35 -59 -1z"
       id="path254" />
    <path
       d="M4762 1058 c2 -13 8 -23 13 -23 6 0 11 10 13 23 2 15 -2 22 -13 22 -11 0 -15 -7 -13 -22z"
       id="path256" />
    <path
       d="M4675 1060 c-8 -13 20 -24 41 -16 20 8 9 26 -16 26 -10 0 -22 -5 -25 -10z"
       id="path258" />
    <path
       d="M4845 1060 c-10 -15 4 -30 21 -23 9 3 30 6 47 7 17 1 32 7 35 14 5 15 -94 17 -103 2z"
       id="path260" />
    <path
       d="M6372 2948 c-28 -28 1 -64 43 -54 30 8 34 41 6 56 -25 13 -34 13 -49 -2z"
       id="path262" />
    <path
       d="M6170 2965 c-7 -8 -10 -25 -6 -40 9 -35 59 -35 82 0 16 24 16 27 -2 40 -25 19 -58 19 -74 0z"
       id="path264" />
    <path
       d="M7075 2330 c-4 -6 -3 -16 3 -22 13 -13 23 4 13 21 -7 10 -10 10 -16 1z"
       id="path266" />
    <path
       d="M8413 2372 c-28 -4 -45 -25 -37 -46 9 -23 142 -24 151 -1 3 9 3 18 1 20 -10 11 -95 30 -115 27z"
       id="path268" />
    <path
       d="M6644 1755 c-7 -18 35 -85 53 -85 6 0 18 -3 27 -6 13 -5 16 1 16 27 0 27 -7 39 -33 57 -39 26 -55 28 -63 7z"
       id="path270" />
    <path
       d="M7663 1698 c-35 -39 -46 -71 -49 -138 -1 -36 -5 -147 -8 -246 -3 -100 -10 -194 -16 -209 -16 -41 -12 -79 10 -103 12 -12 22 -22 25 -22 2 0 11 21 19 48 12 34 19 120 26 316 5 148 15 285 21 306 7 24 8 44 2 54 -8 15 -11 14 -30 -6z"
       id="path272" />
    <path
       d="M7502 1197 c-15 -34 -15 -64 -2 -72 12 -8 23 34 18 71 l-4 29 -12 -28z"
       id="path274" />
    <path
       d="M5315 76 c-19 -13 -18 -15 15 -20 19 -4 49 -2 65 3 l30 8 -28 12 c-38 15 -59 14 -82 -3z"
       id="path276" />
    <path
       d="M7745 83 c-22 -3 -44 -8 -48 -12 -12 -11 111 -21 158 -12 l40 7 -40 12 c-22 7 -47 11 -55 10 -8 -1 -33 -3 -55 -5z"
       id="path278" />
    <path
       d="M8545 70 c-4 -6 5 -10 19 -10 14 0 26 5 26 10 0 6 -9 10 -19 10 -11 0 -23 -4 -26 -10z"
       id="path280" />
  </g>
  <path
     style="fill:#000000;fill-opacity:1;stroke:none"
     d="m 133.81355,452.72036 c -2.15129,-4.01973 -2.63419,-14.21613 -1.13092,-23.87958 1.15839,-7.44651 1.14251,-9.94657 -0.0848,-13.34058 -1.31793,-3.64465 -1.2583,-4.6034 0.46809,-7.52593 1.08813,-1.84206 2.4968,-6.08265 3.13039,-9.42354 0.63359,-3.34089 2.18244,-7.17123 3.44189,-8.51185 1.25946,-1.34063 2.28992,-2.98203 2.28992,-3.64756 0,-0.66552 1.03107,-2.52085 2.29128,-4.12294 l 2.29128,-2.91289 3.17915,2.73417 c 1.74854,1.5038 4.63288,3.91077 6.40966,5.34884 l 3.23051,2.61467 -3.38761,5.18251 c -2.52821,3.86776 -3.59453,7.19557 -4.2032,13.11758 -0.88207,8.58193 -3.96478,13.37084 -8.60705,13.37084 -3.44307,0 -2.8767,1.6017 1.09669,3.10149 4.43104,1.67253 5.36157,4.2164 2.91063,7.95701 -1.38505,2.11386 -2.63504,2.80039 -4.30405,2.36394 -2.72086,-0.71152 -7.81731,2.23551 -7.81731,4.52038 0,0.85499 1.0142,2.09731 2.25378,2.76072 2.82013,1.50929 4.32972,8.58546 2.34242,10.98001 -1.9963,2.4054 -4.29112,2.13351 -5.80077,-0.68729 l 0,0 z m 10.41793,-43.66463 c 0,-1.90026 -0.24089,-3.45502 -0.53532,-3.45502 -1.10504,0 -2.99815,4.69969 -2.32915,5.78216 1.38972,2.24861 2.86447,1.05051 2.86447,-2.32714 z m 7.23374,-19.00256 c -0.31735,-1.4497 -6.08207,-2.24992 -6.08207,-0.84428 0,1.78051 1.53998,2.68222 3.98345,2.33245 1.2929,-0.18508 2.23728,-0.85475 2.09862,-1.48817 z"
     id="path3261"
     inkscape:connector-curvature="0"
     transform="scale(0.8,0.8)" />
  <path
     style="fill:#000000;fill-opacity:1;stroke:none"
     d="m 144.86165,505.88395 c -1.1228,-1.81673 0.34143,-7.71814 2.32303,-9.36273 1.73034,-1.43605 2.20773,-4.75877 0.87516,-6.09133 -0.42807,-0.42808 -1.9321,0.30562 -3.3423,1.63043 -3.68901,3.46564 -7.86297,2.59959 -8.3566,-1.73391 -0.2789,-2.4485 0.33008,-3.9162 2.21478,-5.33784 l 2.59946,-1.96077 -2.11441,-6.7547 c -1.16292,-3.71508 -3.37471,-8.66822 -4.91509,-11.00698 -1.54037,-2.33876 -2.46189,-4.80045 -2.04782,-5.47043 0.41407,-0.66998 3.01678,-1.21815 5.78381,-1.21815 5.92286,0 8.06864,2.1398 12.0958,12.0621 2.54405,6.26812 4.1415,7.53317 6.51517,5.1595 0.83905,-0.83905 1.82689,0.42296 3.25202,4.1546 2.0176,5.28302 2.01033,5.42479 -0.50801,9.90558 -2.97282,5.28941 -2.50078,8.9674 1.68853,13.15671 l 2.77999,2.77999 -5.56204,0 c -3.05912,0 -7.11873,0.31134 -9.02134,0.69186 -2.04739,0.40948 -3.78615,0.16299 -4.26014,-0.60393 l 0,0 z m 14.34154,-21.73933 c 0,-1.62751 -2.7009,-3.68534 -4.83701,-3.68534 -2.03217,0 -2.82178,2.32235 -1.30523,3.8389 1.08429,1.08429 6.14224,0.95785 6.14224,-0.15356 z"
     id="path3263"
     inkscape:connector-curvature="0"
     transform="scale(0.8,0.8)" />
  <path
     style="fill:#000000;fill-opacity:1;stroke:none"
     d="m 209.87668,354.52989 c 0,-3.60523 -3.65198,-7.66436 -6.89557,-7.66436 -1.39408,0 -3.3589,-1.69499 -5.02589,-4.33567 -4.45913,-7.06372 -5.87238,-7.74824 -16.18318,-7.83844 l -9.32464,-0.0816 0,-3.37344 c 0,-3.20767 0.26895,-3.39069 5.4734,-3.72458 3.57842,-0.22956 6.35855,0.26884 8.03003,1.43959 3.30989,2.31834 3.95668,2.25778 4.66124,-0.43646 0.73468,-2.80942 7.69565,-4.28275 12.08586,-2.55804 1.73135,0.68016 5.22091,1.575 7.75458,1.98854 6.42185,1.04814 9.34873,3.18559 10.20162,7.45007 0.58324,2.91615 1.14093,3.48974 2.75082,2.82924 3.67939,-1.50958 5.38059,-1.175 5.85741,1.15197 0.25925,1.26522 1.57474,3.45514 2.9233,4.8665 5.39199,5.64305 6.67041,7.49657 5.73419,8.31375 -0.53841,0.46994 -4.42096,1.75609 -8.6279,2.85811 -7.14095,1.87061 -7.89369,1.87714 -11.3335,0.0983 -3.44733,-1.78268 -3.82607,-1.77724 -5.88315,0.0844 -2.11126,1.91066 -2.19862,1.86823 -2.19862,-1.06794 z"
     id="path3265"
     inkscape:connector-curvature="0"
     transform="scale(0.8,0.8)" />
  <path
     style="fill:#000000;fill-opacity:1;stroke:none"
     d="m 789.16679,363.78492 c -5.86578,-1.27039 -6.35962,-1.63191 -6.67822,-4.88887 -0.47861,-4.89275 7.2588,-13.75292 12.79467,-14.65126 2.14182,-0.34757 6.20554,-2.26112 9.03049,-4.25233 6.89268,-4.85841 13.24989,-4.89185 26.24571,-0.13807 5.34694,1.95587 10.83782,3.55613 12.20196,3.55613 2.80917,0 6.29225,3.31905 6.29225,5.99594 0,2.61854 -3.25702,5.02776 -4.76219,3.52259 -0.84495,-0.84495 -0.8293,-1.92005 0.0519,-3.56664 1.70693,-3.18942 0.12065,-3.92275 -5.67068,-2.62152 -5.82814,1.30949 -6.91781,2.25449 -4.29326,3.72326 2.33676,1.30772 2.51963,3.22703 0.69003,7.24255 l -1.31579,2.88785 -2.87036,-2.25783 c -3.92798,-3.08974 -4.72119,-2.87872 -6.66482,1.77302 -2.14752,5.13974 -5.43183,5.35549 -7.44751,0.48923 l -1.46698,-3.54162 -2.41567,2.84284 c -2.21741,2.60955 -4.97752,3.53353 -14.50819,4.85682 -1.58355,0.21986 -5.72956,-0.21757 -9.21337,-0.97209 z"
     id="path3267"
     inkscape:connector-curvature="0"
     transform="scale(0.8,0.8)" />
  <path
     style="fill:#000000;fill-opacity:1;stroke:none"
     d="m 868.63204,526.36513 c 0,-0.72194 0.86158,-1.94263 1.91463,-2.71263 2.49841,-1.82689 1.21155,-5.18811 -1.98631,-5.18811 -1.49959,0 -2.68667,0.91536 -3.06544,2.36377 -0.78086,2.98603 -4.76722,2.59582 -6.50012,-0.63626 -0.67922,-1.26684 -2.41647,-4.23567 -3.86055,-6.59741 -1.44407,-2.36174 -2.62559,-4.85836 -2.62559,-5.54805 0,-1.43745 4.95723,-0.22912 5.5664,1.35682 1.00397,2.61379 2.49529,0.52523 2.49529,-3.49457 0,-3.96902 0.40815,-4.63631 3.49381,-5.71197 2.7391,-0.95486 4.25701,-2.84887 7.02691,-8.76801 3.30472,-7.06201 3.63552,-9.01714 5.1176,-30.24625 1.00506,-14.39624 1.18285,-23.09786 0.48616,-23.79454 -0.69668,-0.69669 -2.02204,-0.28704 -3.62418,1.12019 -2.49968,2.19557 -2.51632,2.1947 -1.60662,-0.0848 2.04929,-5.13501 1.96195,-7.29859 -0.38954,-9.65009 -2.3025,-2.30249 -2.31155,-2.43146 -0.24821,-3.53573 2.77538,-1.48533 3.92761,-4.5669 2.39714,-6.41101 -1.51935,-1.8307 -6.74127,-2.88908 -7.57762,-1.53583 -1.14932,1.85964 -2.77211,-0.26434 -2.77211,-3.62824 0,-4.37256 1.55378,-5.15091 5.33571,-2.6729 l 3.09743,2.02952 -0.69035,-5.14695 c -0.4736,-3.53098 -1.61667,-5.94373 -3.64073,-7.68476 -3.66058,-3.14869 -3.66784,-4.41535 -0.072,-12.54629 2.46651,-5.57722 3.12948,-6.30031 4.63263,-5.0528 1.57089,1.30372 1.57097,1.73548 7.4e-4,4.13196 -2.41182,3.68091 -2.20427,6.21215 0.50937,6.21215 2.78145,0 4.6472,3.25633 4.6472,8.11083 0,3.3242 0.261,3.59007 2.87918,2.93295 1.58354,-0.39745 2.87917,-0.53495 2.87917,-0.30557 0,0.22938 2.1055,6.57103 4.67888,14.09255 4.25527,12.43733 4.5077,13.80068 2.78815,15.05805 -1.4866,1.08702 -1.62512,1.87888 -0.64804,3.70456 1.5783,2.94909 1.61885,40.55889 0.0597,55.36339 -0.77169,7.32726 -1.88681,12.00482 -3.43194,14.39588 -1.25885,1.94803 -3.63896,6.29573 -5.28913,9.66153 -1.84985,3.77307 -4.0704,6.52649 -5.79099,7.18065 -1.53486,0.58356 -3.09196,1.84618 -3.4602,2.8058 -0.78207,2.03802 -2.72645,2.34623 -2.72645,0.43217 z m 18.42672,-46.98955 c 0,-2.63085 -1.81575,-4.09197 -2.90165,-2.33495 -0.96744,1.56535 0.1594,4.57032 1.71384,4.57032 0.6533,0 1.18781,-1.00592 1.18781,-2.23537 z"
     id="path3269"
     inkscape:connector-curvature="0"
     transform="scale(0.8,0.8)" />
</svg>
