<?xml version="1.0" encoding="UTF-8" standalone="no"?>
<svg
   xmlns:dc="http://purl.org/dc/elements/1.1/"
   xmlns:cc="http://creativecommons.org/ns#"
   xmlns:rdf="http://www.w3.org/1999/02/22-rdf-syntax-ns#"
   xmlns:svg="http://www.w3.org/2000/svg"
   xmlns="http://www.w3.org/2000/svg"
   xmlns:sodipodi="http://sodipodi.sourceforge.net/DTD/sodipodi-0.dtd"
   xmlns:inkscape="http://www.inkscape.org/namespaces/inkscape"
   version="1.0"
   width="753.000000pt"
   height="426.000000pt"
   viewBox="0 0 753.000000 426.000000"
   preserveAspectRatio="xMidYMid meet"
   id="svg4405"
   inkscape:version="0.48.4 r9939"
   sodipodi:docname="10.svg">
  <defs
     id="defs4417" />
  <sodipodi:namedview
     pagecolor="#ffffff"
     bordercolor="#666666"
     borderopacity="1"
     objecttolerance="10"
     gridtolerance="10"
     guidetolerance="10"
     inkscape:pageopacity="0"
     inkscape:pageshadow="2"
     inkscape:window-width="1600"
     inkscape:window-height="824"
     id="namedview4415"
     showgrid="false"
     inkscape:zoom="0.88638498"
     inkscape:cx="618.86061"
     inkscape:cy="283.19017"
     inkscape:window-x="0"
     inkscape:window-y="24"
     inkscape:window-maximized="1"
     inkscape:current-layer="svg4405" />
  <metadata
     id="metadata4407">
Created by potrace 1.10, written by Peter Selinger 2001-2011
<rdf:RDF>
  <cc:Work
     rdf:about="">
    <dc:format>image/svg+xml</dc:format>
    <dc:type
       rdf:resource="http://purl.org/dc/dcmitype/StillImage" />
  </cc:Work>
</rdf:RDF>
</metadata>
  <g
     transform="translate(0.000000,426.000000) scale(0.100000,-0.100000)"
     fill="#000000"
     stroke="none"
     id="g4409">
    <path
       d="M171 4097 c-17 -21 -15 -3941 2 -3956 14 -11 7162 -16 7192 -5 13 5 15 242 15 1979 0 1602 -3 1975 -13 1984 -21 17 -7181 15 -7196 -2z m650 -342 l0 -306 -306 0 -307 0 1 301 c0 166 3 305 5 308 2 4 140 6 306 5 l301 -1 0 -307z m630 0 l0 -306 -291 0 -291 0 0 305 c0 168 1 307 1 309 0 1 131 1 291 0 l290 -2 0 -306z m660 0 l0 -306 -306 0 -306 0 0 305 c0 168 1 307 1 309 0 1 138 1 306 0 l305 -2 0 -306z m660 0 l0 -306 -306 0 -306 0 0 305 c0 168 1 307 1 309 0 1 138 1 306 0 l305 -2 0 -306z m660 0 l1 -307 -307 1 -306 0 0 305 c0 169 1 307 1 309 0 1 137 1 306 0 l305 -2 0 -306z m660 -2 l1 -308 -307 0 -307 0 1 310 c0 171 1 310 1 310 0 0 137 -1 306 -2 l305 -2 0 -308z m631 0 l0 -308 -292 0 -292 0 1 310 c0 171 1 310 1 310 0 0 131 -1 290 -2 l291 -2 1 -308z m659 0 l1 -308 -307 0 -307 0 1 310 c0 171 1 310 1 310 0 0 137 -1 306 -2 l305 -2 0 -308z m660 2 l0 -306 -306 0 -307 -1 1 309 c0 169 1 308 1 308 0 0 138 -1 306 -2 l305 -2 0 -306z m660 0 l0 -306 -306 0 -306 0 0 305 c0 168 1 307 1 309 0 1 138 1 306 0 l305 -2 0 -306z m626 302 c2 -2 4 -140 4 -306 l1 -302 -292 0 -291 0 0 305 c0 168 1 307 1 309 0 3 573 -2 577 -6z m-6506 -962 l0 -306 -306 0 -306 0 0 305 c0 168 1 307 1 309 0 1 138 1 306 0 l305 -2 0 -306z m630 0 l0 -306 -291 0 -291 0 0 305 c0 168 1 307 1 309 0 1 131 1 291 0 l290 -2 0 -306z m660 0 l0 -306 -306 0 -306 0 0 305 c0 168 1 307 1 309 0 1 138 1 306 0 l305 -2 0 -306z m660 0 l0 -306 -306 0 -306 0 0 305 c0 168 1 307 1 309 0 1 138 1 306 0 l305 -2 0 -306z m664 0 l0 -307 -308 1 -308 0 0 305 c0 169 1 307 1 309 0 1 138 1 308 0 l307 -1 0 -307z m2606 0 l0 -306 -308 0 -308 -1 -3 299 c-1 164 -1 302 2 308 2 6 111 9 310 8 l307 -2 0 -306z m660 0 l0 -306 -306 0 -306 0 0 305 c0 168 1 307 1 309 0 1 138 1 306 0 l305 -2 0 -306z m630 0 l0 -306 -291 0 -291 0 0 305 c0 168 1 307 1 309 0 1 131 1 291 0 l290 -2 0 -306z m-2517 290 c-43 -19 -101 -79 -123 -129 l-19 -43 -87 -6 c-66 -4 -90 -9 -97 -21 -5 -9 -16 -16 -23 -16 -8 0 -15 -4 -15 -9 0 -5 -8 -12 -19 -16 -30 -9 -108 -92 -130 -138 -16 -34 -21 -63 -21 -129 0 -85 12 -127 48 -166 6 -7 12 -18 12 -24 0 -6 16 -31 36 -55 39 -47 96 -88 138 -99 21 -5 27 -14 32 -45 6 -35 9 -38 43 -41 l36 -3 3 -172 c2 -136 0 -173 -10 -174 -7 -1 -25 -2 -40 -3 -32 -2 -58 -23 -58 -45 0 -10 -7 -26 -15 -37 -8 -10 -15 -33 -15 -50 0 -37 -28 -71 -88 -108 -76 -47 -182 -45 -182 4 0 24 7 28 77 41 33 6 68 20 81 32 23 21 30 61 12 72 -5 3 -10 21 -10 39 0 18 -9 45 -20 59 -11 14 -20 29 -20 35 0 5 -18 12 -39 16 -48 7 -66 44 -49 100 14 44 -1 66 -46 66 -17 0 -38 5 -46 10 -13 8 -12 14 5 46 11 21 20 43 20 50 0 8 9 20 20 28 30 22 10 31 -29 12 -19 -9 -47 -16 -63 -16 -16 0 -34 -5 -39 -10 -7 -7 -21 -5 -43 6 -38 19 -86 15 -155 -11 -45 -17 -46 -19 -46 -61 0 -23 -4 -45 -9 -49 -5 -3 -13 -19 -16 -36 -4 -19 -28 -53 -59 -83 -65 -64 -96 -126 -96 -193 0 -60 10 -71 70 -75 45 -3 45 -3 48 -43 3 -35 8 -42 41 -57 21 -10 48 -18 60 -18 20 0 22 -4 19 -37 -3 -38 -3 -38 -61 -48 -32 -5 -61 -15 -65 -21 -4 -6 -17 -14 -28 -18 -12 -4 -25 -14 -28 -24 -4 -9 -13 -28 -21 -42 -8 -14 -15 -37 -15 -53 0 -20 -7 -30 -24 -37 -13 -5 -27 -14 -31 -20 -4 -6 -20 -8 -39 -4 -28 5 -37 1 -55 -21 -11 -15 -21 -39 -21 -53 0 -28 35 -72 58 -72 8 0 31 -14 52 -30 28 -23 45 -29 63 -25 19 5 28 0 42 -21 32 -50 66 -74 102 -74 19 0 36 -6 39 -14 3 -8 18 -16 35 -20 21 -4 29 -11 29 -27 0 -28 -48 -77 -84 -85 -16 -3 -34 -10 -40 -15 -6 -5 -20 -17 -32 -27 -29 -24 -56 -85 -52 -119 2 -21 13 -33 43 -48 l40 -20 -154 -3 c-85 -1 -155 -1 -157 0 -4 5 -5 481 -5 1601 l1 957 683 -1 c583 -1 678 -3 651 -14z m566 -1264 l0 -1280 -632 -3 c-348 -2 -637 0 -642 4 -25 20 -1 22 199 18 164 -4 185 2 185 55 0 19 -3 35 -8 35 -4 0 -18 20 -32 44 -13 24 -33 47 -44 49 -61 15 -101 36 -101 54 0 10 -4 24 -8 31 -9 14 67 91 91 92 6 0 12 8 12 17 0 9 6 24 14 32 16 19 46 119 46 155 0 15 7 38 16 52 15 23 15 26 0 43 -9 9 -16 21 -16 25 0 9 -26 36 -35 36 -3 0 -29 22 -56 50 -50 48 -56 70 -20 70 10 0 32 7 47 15 16 8 37 15 47 15 9 0 17 4 17 10 0 5 11 12 24 16 13 3 36 19 52 35 26 27 71 39 87 22 4 -3 -5 -26 -19 -50 -24 -41 -24 -46 -10 -62 9 -10 16 -21 16 -25 0 -5 14 -25 30 -46 17 -21 30 -46 30 -55 0 -17 -65 -106 -82 -113 -5 -2 -8 -26 -8 -53 0 -56 24 -70 35 -19 4 16 11 32 16 35 5 4 9 15 9 26 0 11 7 22 16 26 23 9 44 -23 44 -64 0 -24 5 -33 16 -33 14 0 16 8 10 46 -3 26 -11 53 -17 60 -14 17 -1 77 14 71 7 -2 11 -18 9 -35 -4 -36 11 -42 40 -15 22 20 23 39 3 47 -9 3 -15 18 -15 37 0 20 -11 45 -30 69 -22 28 -30 49 -30 78 0 22 -6 45 -14 52 -17 14 -10 40 10 40 30 0 64 32 64 60 0 16 7 36 16 45 15 15 15 17 -1 35 -13 14 -16 28 -11 51 8 39 -6 65 -40 73 -24 6 -25 8 -10 25 9 10 16 26 16 37 0 10 7 32 15 48 19 36 21 130 3 124 -7 -3 -14 -24 -16 -49 -2 -25 -10 -47 -18 -52 -8 -4 -14 -18 -14 -30 0 -30 -15 -53 -25 -37 -9 14 2 60 15 60 6 0 10 29 10 63 0 51 -4 68 -20 82 -24 21 -27 77 -6 94 12 10 17 8 25 -8 6 -11 8 -27 5 -35 -4 -11 11 -33 47 -67 82 -78 102 -82 111 -19 2 21 8 25 33 24 17 -1 53 -3 80 -4 76 -4 173 11 179 26 3 8 12 14 20 14 8 0 27 17 42 38 16 20 33 42 38 47 35 33 49 86 49 187 0 86 -3 109 -21 143 -28 50 -28 56 4 86 60 55 74 91 74 191 0 53 -6 110 -14 133 -18 50 -94 137 -140 159 -20 9 -36 19 -36 21 0 3 47 5 105 5 l105 0 0 -1279z m-236 1242 c33 -17 49 -43 27 -43 -6 0 -22 -11 -37 -25 -21 -19 -25 -30 -20 -51 4 -14 14 -33 21 -41 11 -10 12 -19 5 -33 -15 -28 -13 -30 28 -30 21 1 47 9 59 19 20 17 22 25 17 65 -4 25 -13 51 -20 57 -14 12 -19 39 -8 39 9 0 45 -39 65 -70 16 -24 24 -58 36 -148 8 -63 -13 -124 -57 -167 l-38 -37 -33 23 c-19 13 -36 26 -39 29 -9 9 -114 40 -145 42 -23 2 -31 9 -33 27 -5 34 -121 146 -160 154 -40 8 -82 35 -82 53 0 13 53 72 97 108 38 31 95 45 190 46 68 0 101 -5 127 -17z m49 -97 c20 -15 28 -67 12 -73 -15 -5 -58 55 -51 73 7 17 16 17 39 0z m-456 -116 c21 -11 44 -20 51 -20 17 0 62 -30 62 -42 0 -5 -13 -21 -30 -35 -23 -18 -30 -33 -30 -59 0 -19 4 -34 8 -34 4 0 12 -15 17 -32 9 -30 13 -33 49 -32 45 2 56 15 54 67 -1 20 2 40 5 44 4 3 7 -3 7 -15 0 -11 9 -27 20 -35 18 -12 20 -26 21 -98 0 -71 -3 -92 -25 -136 -14 -28 -43 -65 -64 -83 -76 -64 -84 -70 -92 -70 -5 0 -16 -7 -25 -17 -22 -21 -157 -22 -183 -2 -9 8 -35 23 -57 34 -105 51 -181 164 -194 288 -4 37 -4 70 0 72 3 3 9 17 12 33 6 31 106 130 160 159 31 16 94 29 165 32 17 0 49 -8 69 -19z m147 -176 c1 -51 -24 -57 -43 -12 -8 18 -16 36 -19 41 -6 11 41 26 52 17 5 -5 9 -26 10 -46z m263 -86 c53 -35 61 -48 31 -48 -13 0 -34 -9 -47 -19 -22 -17 -24 -23 -18 -82 8 -73 25 -94 71 -85 39 8 53 22 62 59 12 57 23 -2 14 -75 -12 -99 -64 -179 -141 -219 -57 -29 -233 -28 -286 2 -35 19 -72 55 -73 71 0 3 33 24 73 46 143 79 188 153 191 312 0 36 5 68 11 72 16 12 68 -4 112 -34z m51 -96 c20 -15 21 -23 16 -65 -4 -29 -12 -47 -20 -47 -19 0 -44 53 -44 95 0 39 13 44 48 17z m-4377 -342 l0 -291 -306 0 -306 0 0 290 c0 160 1 292 1 294 0 1 138 1 306 0 l305 -2 0 -291z m630 0 l0 -291 -291 0 -291 0 0 290 c0 160 1 292 1 294 0 1 131 1 291 0 l290 -2 0 -291z m660 0 l0 -291 -306 0 -306 0 0 290 c0 160 1 292 1 294 0 1 138 1 306 0 l305 -2 0 -291z m660 0 l0 -291 -306 0 -306 0 0 290 c0 160 1 292 1 294 0 1 138 1 306 0 l305 -2 0 -291z m664 0 l0 -292 -308 1 -308 0 0 290 c0 160 1 292 1 294 0 1 138 1 308 0 l307 -1 0 -292z m2606 0 l0 -291 -308 0 -308 -1 -3 284 c-1 155 -1 287 2 293 2 6 111 9 310 8 l307 -2 0 -291z m660 0 l0 -291 -306 0 -306 0 0 290 c0 160 1 292 1 294 0 1 138 1 306 0 l305 -2 0 -291z m630 0 l0 -291 -291 0 -291 0 0 290 c0 160 1 292 1 294 0 1 131 1 291 0 l290 -2 0 -291z m-3305 -42 c11 -18 -25 -38 -60 -31 -37 7 -51 17 -42 32 9 15 93 14 102 -1z m-48 -60 c-6 -18 -28 -21 -28 -4 0 9 7 16 16 16 9 0 14 -5 12 -12z m-51 -24 c8 -21 -23 -52 -38 -37 -14 14 -2 53 17 53 8 0 17 -7 21 -16z m203 -30 c0 -8 13 -27 29 -42 36 -32 51 -69 44 -104 -4 -20 -13 -28 -44 -36 -22 -6 -47 -8 -57 -7 -73 15 -74 15 -68 39 3 12 -1 31 -8 42 -10 13 -11 26 -5 42 11 29 11 32 0 32 -5 0 -17 -18 -27 -40 -10 -22 -24 -40 -31 -40 -23 0 -14 -17 22 -41 41 -28 44 -44 10 -53 -16 -4 -25 -13 -25 -25 0 -25 45 -61 76 -61 29 0 38 -14 24 -40 -17 -32 -66 -26 -102 12 l-30 33 -24 -30 c-13 -17 -24 -38 -24 -47 0 -22 26 -24 34 -3 4 12 11 12 48 -5 52 -23 60 -40 20 -40 -17 0 -37 -7 -46 -15 -22 -23 -48 -18 -86 15 -19 16 -41 29 -47 30 -41 1 10 85 64 107 44 18 55 39 28 49 -20 8 -19 42 4 88 11 20 24 50 30 66 5 16 29 43 52 59 33 25 52 31 91 31 37 0 48 -4 48 -16z m85 -15 c11 -33 -9 -44 -28 -16 -9 14 -13 27 -10 31 13 13 32 5 38 -15z m-335 -14 c0 -12 -24 -55 -32 -55 -12 0 -10 34 4 48 12 12 28 16 28 7z m-73 -82 c4 -11 -1 -22 -15 -31 -26 -17 -31 -76 -7 -86 41 -15 -6 -66 -62 -66 -28 0 -33 4 -33 23 0 24 52 131 77 159 20 22 32 23 40 1z m-2986 -378 l0 -306 -306 0 -306 0 0 305 c0 168 1 307 1 309 0 1 138 1 306 0 l305 -2 0 -306z m630 0 l0 -306 -291 0 -291 0 0 305 c0 168 1 307 1 309 0 1 131 1 291 0 l290 -2 0 -306z m660 0 l0 -306 -306 0 -306 0 0 305 c0 168 1 307 1 309 0 1 138 1 306 0 l305 -2 0 -306z m660 0 l0 -306 -306 0 -306 0 0 305 c0 168 1 307 1 309 0 1 138 1 306 0 l305 -2 0 -306z m664 0 l0 -307 -308 0 -308 1 0 306 c0 168 1 306 1 308 0 1 138 1 308 0 l307 -1 0 -307z m850 299 c14 -9 25 -24 25 -34 0 -10 7 -23 15 -30 18 -15 20 -89 3 -95 -7 -3 -42 -6 -78 -8 -62 -3 -65 -4 -63 -27 2 -17 -5 -31 -23 -44 -36 -26 -73 -24 -95 5 -18 24 -18 24 9 46 15 13 39 23 54 23 16 0 42 12 62 30 21 19 43 29 57 28 41 -5 27 24 -18 40 -44 14 -47 20 -37 60 8 27 52 30 89 6z m1756 -299 l0 -306 -308 0 -308 -1 -3 299 c-1 164 -1 302 2 308 2 6 111 9 310 8 l307 -2 0 -306z m660 0 l0 -306 -306 0 -306 0 0 305 c0 168 1 307 1 309 0 1 138 1 306 0 l305 -2 0 -306z m630 0 l0 -306 -291 0 -291 0 0 305 c0 168 1 307 1 309 0 1 131 1 291 0 l290 -2 0 -306z m-2711 240 c7 -8 19 -15 26 -15 19 0 18 -36 -2 -44 -8 -3 -25 -1 -36 5 -11 6 -24 7 -28 2 -11 -12 7 -53 23 -53 19 0 18 -91 -1 -98 -19 -6 -69 45 -76 76 -3 18 4 47 22 85 27 59 48 71 72 42z m110 -15 c0 -32 -23 -42 -34 -14 -11 29 -6 44 14 44 16 0 20 -7 20 -30z m-540 -9 c0 -10 -8 -21 -17 -25 -10 -3 -24 -9 -30 -12 -9 -4 -13 3 -13 19 0 26 11 35 43 36 10 1 17 -6 17 -18z m545 -83 c-10 -32 -16 -37 -53 -44 -24 -5 -32 -3 -32 7 0 28 38 58 73 59 14 0 17 -5 12 -22z m-215 -87 c0 -21 -32 -50 -80 -72 -123 -56 -144 -60 -166 -31 -25 33 -17 42 39 42 51 1 63 6 157 67 36 24 50 22 50 -6z m-480 -26 c0 -8 -4 -15 -9 -15 -5 0 -14 7 -21 15 -10 13 -9 15 9 15 12 0 21 -6 21 -15z m138 -35 c26 -34 28 -58 6 -67 -17 -6 -64 33 -64 54 0 7 -4 13 -10 13 -5 0 -10 7 -10 15 0 28 54 18 78 -15z m-168 -39 c0 -25 -8 -43 -25 -60 -25 -23 -26 -23 -45 -6 -25 23 -25 51 0 92 18 30 22 32 45 21 20 -9 25 -18 25 -47z m60 3 c0 -8 5 -14 10 -14 6 0 15 -11 20 -24 22 -60 106 -70 117 -15 8 39 18 44 37 17 22 -31 21 -68 -2 -68 -21 0 -62 -43 -62 -65 0 -21 14 -19 35 5 26 29 92 27 128 -5 34 -30 34 -35 -2 -35 -17 0 -67 -20 -113 -44 -197 -103 -189 -100 -240 -91 -43 7 -80 11 -118 14 -30 2 -25 13 31 70 40 39 59 51 82 51 18 0 41 9 54 22 20 18 23 31 23 89 0 37 -4 71 -10 74 -5 3 -10 15 -10 26 0 11 5 17 10 14 6 -3 10 -13 10 -21z m-178 -83 c-3 -32 -5 -33 -49 -35 -28 -1 -38 3 -41 17 -6 30 18 48 57 45 32 -3 36 -6 33 -27z m158 -26 c0 -18 -47 -65 -65 -65 -14 0 -3 52 15 70 11 11 20 28 20 38 1 15 2 15 15 -2 8 -11 15 -29 15 -41z m-103 -11 c4 -10 0 -20 -10 -26 -10 -5 -17 -14 -17 -21 -1 -7 -25 -38 -55 -71 l-54 -58 -12 25 c-10 23 -9 31 11 59 22 32 107 106 123 107 4 1 10 -6 14 -15z m-177 -37 c0 -36 -30 -74 -49 -62 -6 3 -11 26 -11 51 0 42 1 44 30 44 27 0 30 -3 30 -33z m631 -117 c11 -51 -1 -160 -17 -160 -7 0 -16 5 -19 10 -10 15 -46 12 -67 -7 -28 -26 -22 -41 19 -45 48 -4 53 -24 8 -31 -55 -9 -140 8 -166 34 -22 22 -39 74 -31 97 2 7 27 24 55 38 51 24 70 34 105 54 9 6 27 14 40 20 12 5 22 14 22 20 0 6 10 10 22 8 16 -2 24 -12 29 -38z m-627 4 c3 -9 6 -33 6 -53 0 -30 -5 -40 -25 -51 -21 -11 -29 -11 -50 0 -21 11 -29 11 -51 0 -23 -13 -27 -12 -35 3 -6 9 -18 17 -27 17 -18 0 -52 33 -52 49 0 6 9 13 21 16 15 5 29 -1 48 -19 31 -30 41 -26 41 16 0 43 27 34 50 -17 26 -57 44 -60 35 -5 -4 21 -4 44 0 50 9 15 32 12 39 -6z m-2953 -339 l0 -306 -306 0 -306 0 0 305 c0 168 1 307 1 309 0 1 138 1 306 0 l305 -2 0 -306z m630 0 l0 -306 -291 0 -291 0 0 305 c0 168 1 307 1 309 0 1 131 1 291 0 l290 -2 0 -306z m660 0 l0 -306 -306 0 -306 0 0 305 c0 168 1 307 1 309 0 1 138 1 306 0 l305 -2 0 -306z m660 0 l0 -306 -306 0 -306 0 0 305 c0 168 1 307 1 309 0 1 138 1 306 0 l305 -2 0 -306z m664 0 l0 -307 -308 1 -308 0 0 305 c0 169 1 307 1 309 0 1 138 1 308 1 l307 -2 0 -307z m2606 0 l0 -306 -308 0 -308 -1 -3 299 c-1 164 -1 302 2 308 2 6 111 9 310 8 l307 -2 0 -306z m660 0 l0 -306 -306 0 -306 0 0 305 c0 168 1 307 1 309 0 1 138 1 306 0 l305 -2 0 -306z m630 0 l0 -306 -291 0 -291 0 0 305 c0 168 1 307 1 309 0 1 131 1 291 0 l290 -2 0 -306z m-3497 259 c17 -7 22 -34 6 -34 -5 0 -18 -9 -28 -20 -12 -13 -25 -18 -35 -14 -24 9 -21 25 10 51 30 26 26 25 47 17z m229 -61 c6 -15 20 -36 29 -47 9 -12 28 -34 41 -50 23 -28 29 -30 91 -29 67 1 67 0 61 -24 -3 -14 -19 -36 -35 -50 -17 -14 -30 -31 -30 -38 0 -7 -17 -20 -37 -28 -36 -14 -38 -14 -46 6 -12 32 -1 45 39 49 38 3 56 21 31 31 -8 3 -42 3 -76 0 -56 -5 -62 -8 -60 -27 1 -12 -2 -29 -6 -39 -7 -17 -8 -17 -21 1 -7 11 -25 23 -39 26 -30 8 -32 21 -5 36 32 17 24 26 -40 50 -47 17 -62 28 -66 47 -6 23 -11 25 -43 19 -45 -7 -81 2 -81 20 0 18 32 34 69 34 20 0 35 7 43 20 11 17 24 20 91 20 74 0 78 -1 90 -27z m210 -296 c7 -19 -57 -87 -82 -87 -17 0 -21 6 -21 33 0 24 7 36 28 49 33 20 68 22 75 5z m-353 -22 c7 -8 20 -15 30 -15 10 0 23 -13 30 -29 6 -16 18 -32 27 -35 35 -14 -5 -26 -82 -26 -84 0 -155 20 -155 44 0 5 14 25 32 43 25 26 40 33 69 33 20 0 42 -7 49 -15z m200 -4 c5 -11 10 -31 10 -45 0 -23 -4 -26 -37 -25 -29 0 -43 7 -60 29 -43 54 -41 60 21 60 44 0 57 -4 66 -19z m290 -37 c21 -21 22 -27 10 -34 -8 -5 -34 -10 -57 -10 -24 0 -43 -4 -43 -10 0 -5 24 -10 54 -10 54 0 83 -14 49 -24 -30 -8 -92 -11 -99 -4 -3 4 -42 4 -85 1 -68 -5 -79 -4 -79 10 0 12 12 17 47 19 39 2 49 7 51 23 11 60 109 86 152 39z m-283 -69 c2 -6 -11 -22 -29 -35 -31 -24 -40 -25 -151 -23 -188 3 -179 29 11 32 80 1 95 4 110 21 17 21 53 24 59 5z m-3306 -430 l0 -307 -302 1 c-166 0 -304 2 -306 4 -2 3 -6 578 -3 607 0 3 138 4 306 3 l305 -2 0 -306z m630 0 l0 -306 -291 0 -291 0 0 305 c0 168 1 307 1 309 0 1 131 1 291 0 l290 -2 0 -306z m660 0 l0 -306 -306 0 -306 0 0 305 c0 168 1 307 1 309 0 1 138 1 306 0 l305 -2 0 -306z m660 0 l0 -306 -306 0 -306 0 0 305 c0 168 1 307 1 309 0 1 138 1 306 0 l305 -2 0 -306z m660 0 l0 -306 -306 0 -306 0 0 305 c0 168 1 307 1 309 0 1 138 1 306 0 l306 -1 -1 -307z m661 2 l-1 -308 -306 0 -306 0 0 303 c0 167 0 306 1 311 0 4 138 6 306 5 l306 -3 0 -308z m629 0 l0 -308 -291 0 -291 0 0 303 c0 167 0 306 0 311 1 4 132 6 292 5 l291 -3 -1 -308z m660 0 l0 -308 -306 0 -306 0 0 303 c0 167 0 306 1 311 0 4 138 6 306 5 l306 -3 -1 -308z m660 -2 l0 -306 -306 0 -306 0 0 303 c0 167 0 305 1 308 0 3 138 4 306 3 l305 -2 0 -306z m660 0 l0 -306 -306 0 -306 0 0 305 c0 168 1 307 1 309 0 1 138 1 306 0 l305 -2 0 -306z m630 4 c0 -166 -2 -304 -4 -306 -2 -2 -133 -4 -291 -4 l-287 -1 0 306 c0 168 1 307 1 309 0 1 131 1 291 0 l291 -2 -1 -302z"
       id="path4411" />
    <path
       d="M4080 2267 c0 -7 5 -18 12 -25 9 -9 7 -16 -7 -32 -24 -26 -10 -54 28 -58 39 -5 56 33 28 59 -12 11 -21 25 -21 32 0 7 -9 18 -20 25 -16 10 -20 10 -20 -1z"
       id="path4413" />
  </g>
  <path
     style="fill:#0000ff;fill-opacity:1;stroke:none"
     d="m 435.71725,369.51719 c -0.95787,-72.6748 -0.96155,-224.48975 -0.006,-245.3787 l 0.73545,-16.07654 74.68285,0 c 41.07557,0 77.78052,0.32377 81.56658,0.71949 l 6.88373,0.71949 -5.34151,4.80249 c -2.93784,2.64136 -6.52332,7.32567 -7.96774,10.40957 l -2.62622,5.6071 -10.05885,0.75934 c -9.39498,0.70923 -10.52026,1.07298 -17.04993,5.51156 -8.73797,5.93966 -15.96508,13.34778 -18.86428,19.33673 -2.82768,5.84121 -4.07325,18.80145 -2.50734,26.08903 1.51273,7.04004 8.34271,18.75312 14.63705,25.10182 2.65987,2.68285 7.48283,6.09942 10.71769,7.59238 4.96782,2.29277 6.07178,3.37411 7.10606,6.9605 1.02647,3.55931 1.87137,4.399 5.22425,5.19193 4.95007,1.17067 5.36708,3.03726 5.38468,24.10285 0.0135,16.23535 -0.38154,18.42517 -3.32447,18.42517 -1.08201,0 -3.48096,0.52766 -5.33099,1.17259 -3.5039,1.22146 -6.6185,7.10606 -9.3376,17.64203 -1.90011,7.36262 -11.15115,13.96839 -21.71983,15.50925 -6.0958,0.88872 -9.91452,-0.59772 -9.91452,-3.85927 0,-1.61455 1.23252,-2.48456 4.79476,-3.3845 13.67756,-3.45544 17.46329,-6.31106 16.25498,-12.2613 -3.13589,-15.4425 -4.92085,-18.78476 -11.54967,-21.6262 -4.54758,-1.94933 -7.78122,-5.92278 -6.543,-8.03996 0.23969,-0.40983 0.51889,-2.86576 0.62044,-5.45762 0.20709,-5.28491 -0.68821,-6.20129 -7.05288,-7.21904 -2.36082,-0.37751 -4.57158,-1.13812 -4.91281,-1.69024 -0.62115,-1.00505 3.79092,-11.39934 6.37241,-15.01262 2.05113,-2.87093 0.69849,-3.32149 -4.84402,-1.61351 -9.68607,2.98487 -14.23482,3.70959 -16.95633,2.70155 -4.48446,-1.66103 -12.50684,-1.34447 -18.78334,0.74118 -6.33668,2.10564 -8.16855,4.21259 -8.16855,9.39519 0,4.80935 -4.76012,13.81382 -11.18208,21.15255 -7.4679,8.53399 -10.38917,14.76452 -10.57138,22.54683 -0.17647,7.53722 1.55511,9.73309 8.40377,10.65717 4.56852,0.61643 4.83786,0.8703 6.00213,5.65742 1.04175,4.28339 1.86946,5.30416 5.69348,7.02152 2.46099,1.10523 5.3789,2.02281 6.48425,2.03909 2.63938,0.0388 3.65931,2.90921 2.18416,6.14681 -0.85548,1.87757 -2.50585,2.8009 -6.00708,3.36077 -8.35843,1.33656 -15.06162,5.79369 -17.70893,11.77512 -1.28018,2.89249 -2.61428,6.61325 -2.96467,8.26837 -0.81281,3.83947 -6.96419,7.70839 -12.25596,7.70839 -8.15209,0 -11.6666,10.26624 -5.52787,16.14751 1.74032,1.66733 3.64412,3.04075 4.23066,3.05205 0.58655,0.0113 3.30049,1.53433 6.03098,3.38453 2.73048,1.8502 6.35001,3.364 8.04338,3.364 2.27792,0 4.15475,1.31297 7.21459,5.04711 3.04718,3.71868 5.38424,5.3584 8.87928,6.22985 2.60896,0.65051 5.50508,1.68657 6.43583,2.30235 0.93074,0.61578 3.08838,1.66961 4.79475,2.34184 1.75177,0.69012 3.10249,2.08957 3.10249,3.2144 0,2.97167 -5.45762,7.87955 -11.96982,10.7641 -6.12338,2.71233 -10.55429,7.59396 -12.69429,13.98559 -1.88607,5.63323 -1.64284,6.77045 2.21986,10.37876 l 3.50385,3.27308 -16.85764,0 -16.85764,0 -0.74721,-56.69095 z"
     id="path5197"
     inkscape:connector-curvature="0"
     transform="scale(0.8,0.8)" />
  <path
     style="fill:#0000ff;fill-opacity:1;stroke:none"
     d="m 515.63232,426.20814 c -0.4553,-0.73669 6.59405,-1.12818 20.31479,-1.12818 12.32667,0 21.91406,-0.48275 23.19423,-1.16787 3.67456,-1.96657 2.86063,-8.39963 -1.94571,-15.37823 -3.3168,-4.81584 -5.25512,-6.41402 -9.86454,-8.13348 -3.15515,-1.17699 -6.7196,-3.45653 -7.92098,-5.06565 -1.9676,-2.63539 -2.02427,-3.2286 -0.57111,-5.97849 0.88728,-1.67905 3.73362,-4.55316 6.3252,-6.38692 5.41318,-3.83028 9.89115,-12.53981 11.83881,-23.02616 0.66425,-3.57638 1.96534,-8.36226 2.89132,-10.63529 1.57554,-3.86751 1.52502,-4.41061 -0.78705,-8.46133 -1.35885,-2.38071 -5.02511,-6.35927 -8.14724,-8.84126 -3.12212,-2.482 -6.63175,-5.85334 -7.79917,-7.49189 l -2.12258,-2.97918 8.16831,-2.63325 c 4.49257,-1.44828 8.42215,-2.95597 8.7324,-3.35042 0.31025,-0.39445 2.08713,-1.57113 3.94862,-2.61484 1.86149,-1.04372 5.10957,-3.14527 7.21795,-4.67013 3.94963,-2.85652 8.01245,-3.6675 8.01245,-1.59935 0,0.64522 -1.01536,3.16339 -2.25635,5.59594 -1.241,2.43256 -2.25636,4.86089 -2.25636,5.3963 0,0.53542 2.32288,4.60416 5.16194,9.04165 5.91111,9.23911 5.8822,9.88183 -0.82595,18.36828 -3.63566,4.59946 -4.55731,6.70604 -4.61541,10.5492 -0.0746,4.9348 0.77764,7.41258 2.54957,7.41258 1.11253,0 5.6271,-9.56547 5.6271,-11.9227 0,-0.81525 0.52992,-1.80977 1.17759,-2.21006 1.98891,-1.22922 4.32324,1.68602 5.29837,6.61691 0.58438,2.95504 1.54257,4.69541 2.58514,4.69541 2.06695,0 2.03132,-6.71097 -0.0694,-13.07628 -1.07323,-3.25191 -1.13016,-5.04997 -0.21971,-6.93836 1.1267,-2.33691 1.23527,-2.19701 1.30528,1.68174 0.067,3.71358 0.41326,4.23067 2.83282,4.23067 1.55344,0 3.50833,-1.07342 4.47918,-2.45951 1.56858,-2.23945 1.52384,-2.78126 -0.50012,-6.05609 -1.22255,-1.97812 -2.22282,-4.49588 -2.22282,-5.59502 0,-1.09912 -1.44833,-4.35225 -3.21852,-7.22917 -1.77018,-2.87691 -3.57639,-7.61727 -4.0138,-10.53412 -0.43741,-2.91685 -1.27364,-5.59901 -1.85829,-5.96034 -1.9321,-1.19411 -1.10745,-2.8191 2.03743,-4.01478 3.9665,-1.50806 7.05318,-4.30229 7.05318,-6.38493 0,-0.89592 0.84712,-3.41413 1.88249,-5.596 1.48823,-3.13621 1.60636,-4.40917 0.56408,-6.07813 -0.72511,-1.1611 -1.31839,-4.36573 -1.31839,-7.12142 0,-4.2622 -0.52221,-5.41903 -3.49726,-7.74737 -2.89043,-2.26209 -3.29404,-3.10825 -2.32607,-4.87651 2.52938,-4.6206 4.69515,-13.55254 4.69515,-19.36344 l 0,-6.1043 3.54012,2.97882 c 4.57716,3.85142 7.91755,3.39447 9.24791,-1.26508 l 1.01747,-3.56365 15.94285,-0.38498 c 18.69327,-0.45139 20.91111,-1.36325 30.06291,-12.36026 6.84373,-8.22357 7.86523,-11.83539 7.87312,-27.83793 0.005,-10.51891 -0.38662,-13.50715 -2.25006,-17.15977 -1.24099,-2.43255 -2.25635,-4.93378 -2.25635,-5.55829 0,-0.6245 2.24217,-3.66004 4.98262,-6.74563 3.87203,-4.3597 5.28596,-7.0713 6.34358,-12.16557 1.46085,-7.03647 0.76819,-21.75639 -1.27707,-27.13951 -2.05072,-5.39748 -9.67263,-14.49148 -15.23189,-18.17379 l -5.35769,-3.54878 12.0393,0 12.03928,0 0,159.63718 0,159.63718 -77.7777,0 c -50.63484,0 -78.02102,-0.39371 -78.47495,-1.12817 z"
     id="path5199"
     inkscape:connector-curvature="0"
     transform="scale(0.8,0.8)" />
  <path
     style="fill:#800080;fill-opacity:1;stroke:none"
     d="m 578.16708,214.1911 c -9.36896,-1.83166 -23.92921,-12.56651 -29.7171,-21.90954 -6.29458,-10.16095 -8.22681,-26.33763 -3.97831,-33.30633 3.32222,-5.44933 14.29995,-15.5954 19.70449,-18.2117 2.59883,-1.25807 8.33852,-2.54799 13.1459,-2.95436 7.2954,-0.61669 9.6156,-0.33305 15.99713,1.95562 4.10525,1.4723 8.61234,3.54338 10.01574,4.60239 l 2.55163,1.92547 -3.66658,3.78396 c -4.26146,4.39789 -4.73241,8.62856 -1.69226,15.2021 2.38737,5.16209 3.32441,5.92161 7.33315,5.94393 4.14698,0.0231 7.6152,-3.63501 7.6152,-8.03211 l 0,-3.53668 2.5384,3.2284 c 2.23246,2.83929 2.52709,4.47268 2.44449,13.55219 -0.0832,9.14696 -0.44963,10.93076 -3.21447,15.6486 -6.50829,11.10555 -19.93583,21.28476 -29.40878,22.29432 -3.10249,0.33065 -7.45337,0.24683 -9.66863,-0.18626 l 0,0 z"
     id="path5201"
     inkscape:connector-curvature="0"
     transform="scale(0.8,0.8)" />
  <path
     style="fill:#800080;fill-opacity:1;stroke:none"
     d="m 648.96305,166.68747 c -4.14873,-3.2634 -11.56263,-6.3007 -19.1227,-7.83413 -5.86621,-1.18985 -6.72083,-1.73894 -8.67814,-5.57557 -2.68914,-5.27115 -13.03585,-14.86836 -18.83879,-17.47413 -7.98988,-3.58779 -9.28831,-4.35958 -9.86565,-5.86409 -0.96035,-2.50263 10.0099,-13.44505 16.1102,-16.06933 10.45799,-4.49891 31.16599,-4.19587 36.39082,0.53253 1.93082,1.74737 1.85476,1.95038 -1.59985,4.26994 -4.23626,2.84439 -5.2618,7.73806 -2.67139,12.74737 0.94032,1.81836 1.38411,4.59589 1.03018,6.44738 -0.61906,3.23839 -0.60092,3.24999 4.09801,2.61973 7.1224,-0.95531 10.27474,-3.48082 10.27474,-8.23164 0,-2.17737 -0.76818,-5.79737 -1.70708,-8.04446 -0.93889,-2.24708 -1.50506,-4.28762 -1.25816,-4.53452 0.95033,-0.95033 7.57905,8.3235 8.63247,12.07714 2.05995,7.34026 2.59361,18.60227 1.10094,23.23352 -1.4066,4.36422 -8.34086,13.99635 -10.07609,13.99635 -0.49528,0 -2.21406,-1.03324 -3.81951,-2.29609 z"
     id="path5203"
     inkscape:connector-curvature="0"
     transform="scale(0.8,0.8)" />
  <path
     style="fill:#800080;fill-opacity:1;stroke:none"
     d=""
     id="path5205"
     inkscape:connector-curvature="0"
     transform="scale(0.8,0.8)" />
  <path
     style="fill:#800080;fill-opacity:1;stroke:none"
     d="m 609.42105,230.91021 c -4.16836,-0.97901 -13.124,-7.00685 -13.124,-8.83347 0,-0.47837 4.84605,-4.02574 10.769,-7.88305 15.90793,-10.36 18.99387,-15.43783 21.27328,-35.00461 l 1.25459,-10.76961 4.0574,0.11401 c 2.59799,0.073 5.98309,1.43892 9.41113,3.79747 l 5.35372,3.68346 -4.58437,2.05248 c -5.58225,2.49925 -6.57401,5.47677 -4.79654,14.40039 1.28751,6.46379 3.40647,9.23344 7.06416,9.23344 3.74244,0 8.05767,-2.76543 9.63967,-6.17763 1.50055,-3.2365 1.55666,-3.01731 1.09168,4.2639 -0.9508,14.88839 -10.65295,28.49416 -22.21965,31.15961 -6.05874,1.39618 -19.17119,1.37724 -25.19007,-0.0364 l 0,0 z"
     id="path5207"
     inkscape:connector-curvature="0"
     transform="scale(0.8,0.8)" />
</svg>
