<?xml version="1.0" encoding="UTF-8" standalone="no"?>
<svg
   xmlns:dc="http://purl.org/dc/elements/1.1/"
   xmlns:cc="http://creativecommons.org/ns#"
   xmlns:rdf="http://www.w3.org/1999/02/22-rdf-syntax-ns#"
   xmlns:svg="http://www.w3.org/2000/svg"
   xmlns="http://www.w3.org/2000/svg"
   xmlns:sodipodi="http://sodipodi.sourceforge.net/DTD/sodipodi-0.dtd"
   xmlns:inkscape="http://www.inkscape.org/namespaces/inkscape"
   version="1.0"
   width="888.000000pt"
   height="591.000000pt"
   viewBox="0 0 888.000000 591.000000"
   preserveAspectRatio="xMidYMid meet"
   id="svg3059"
   inkscape:version="0.48.4 r9939"
   sodipodi:docname="4.svg">
  <defs
     id="defs3087" />
  <sodipodi:namedview
     pagecolor="#ffffff"
     bordercolor="#666666"
     borderopacity="1"
     objecttolerance="10"
     gridtolerance="10"
     guidetolerance="10"
     inkscape:pageopacity="0"
     inkscape:pageshadow="2"
     inkscape:window-width="1600"
     inkscape:window-height="824"
     id="namedview3085"
     showgrid="false"
     inkscape:zoom="0.45178261"
     inkscape:cx="191.47222"
     inkscape:cy="451.83822"
     inkscape:window-x="0"
     inkscape:window-y="24"
     inkscape:window-maximized="1"
     inkscape:current-layer="svg3059" />
  <metadata
     id="metadata3061">
Created by potrace 1.10, written by Peter Selinger 2001-2011
<rdf:RDF>
  <cc:Work
     rdf:about="">
    <dc:format>image/svg+xml</dc:format>
    <dc:type
       rdf:resource="http://purl.org/dc/dcmitype/StillImage" />
  </cc:Work>
</rdf:RDF>
</metadata>
  <g
     transform="translate(0.000000,591.000000) scale(0.100000,-0.100000)"
     fill="#000000"
     stroke="none"
     id="g3063">
    <path
       d="M57 5753 c-4 -3 -7 -1288 -7 -2854 l0 -2849 4355 1 c3986 0 4356 1 4362 16 3 9 2 23 -4 32 -9 14 -46 15 -327 12 l-316 -3 2 287 3 287 285 -2 c157 -1 298 -3 314 -4 32 -1 53 22 43 48 -6 15 -35 17 -322 15 -174 0 -318 1 -321 4 -3 2 -5 130 -5 283 l-1 279 314 -3 c261 -3 316 -1 332 11 19 14 19 15 -5 28 -20 12 -80 13 -334 9 -263 -4 -312 -3 -322 9 -10 11 -13 83 -13 282 0 250 1 268 20 291 10 14 17 28 14 31 -8 8 -4 591 4 597 4 3 144 3 312 -1 300 -7 330 -4 330 25 -1 37 -10 38 -299 36 -160 0 -293 -5 -308 -11 -20 -7 -29 -6 -35 3 -4 7 -8 147 -7 310 1 256 -2 300 -15 320 -14 19 -16 63 -16 305 0 249 2 283 16 291 15 8 15 10 0 15 -14 6 -16 38 -16 285 0 263 1 281 20 304 14 19 18 33 12 54 -9 35 0 580 10 589 3 4 15 2 25 -3 10 -5 148 -11 307 -13 l289 -4 10 22 c7 16 6 27 -4 39 -12 15 -42 16 -299 11 -157 -4 -296 -8 -310 -9 l-25 -3 -5 275 c-3 151 -3 283 -1 293 4 18 20 19 322 16 331 -3 359 0 329 36 -11 13 -455 15 -4360 15 -2390 0 -4350 -3 -4353 -7z m648 -54 c11 -16 7 -551 -4 -562 -15 -15 -583 -10 -593 5 -4 7 -8 124 -8 260 0 135 -3 253 -6 261 -3 8 2 22 11 31 14 14 52 16 305 16 196 0 291 -3 295 -11z m667 6 c10 -4 13 -60 11 -286 -1 -155 -4 -284 -7 -286 -2 -2 -136 -4 -296 -4 -205 0 -295 3 -300 11 -4 6 -5 100 -2 208 2 108 0 227 -5 264 -5 38 -6 74 -1 82 8 14 47 16 298 16 158 0 294 -2 302 -5z m674 -6 c10 -16 5 -552 -6 -562 -8 -9 -588 -12 -597 -4 -7 8 -6 554 1 566 10 16 592 16 602 0z m667 -279 c-1 -157 -2 -287 -2 -290 -1 -3 -134 -5 -296 -5 -251 0 -296 2 -300 15 -9 21 -8 547 0 560 4 7 100 9 303 8 l297 -3 -2 -285z m671 275 c12 -12 13 -22 5 -43 -6 -16 -10 -119 -8 -265 1 -148 -1 -241 -8 -248 -12 -12 -582 -14 -594 -2 -11 11 -15 546 -4 562 4 8 100 11 300 11 250 0 296 -2 309 -15z m674 -269 c1 -154 -2 -284 -7 -289 -9 -9 -590 -12 -599 -2 -4 3 -5 104 -4 223 2 119 -1 241 -6 270 -15 86 -27 83 316 80 l297 -3 3 -279z m655 272 c14 -12 15 -23 6 -93 -7 -46 -9 -161 -6 -272 3 -116 1 -195 -4 -199 -17 -10 -599 -10 -599 1 -1 23 -2 561 -1 568 1 4 133 7 294 7 219 0 297 -3 310 -12z m675 -263 c1 -148 0 -279 -2 -290 -5 -19 -13 -20 -297 -18 -161 1 -296 6 -301 11 -13 13 -16 561 -3 566 6 3 143 4 305 3 l295 -2 3 -270z m654 270 c10 -4 13 -59 11 -282 -1 -152 -6 -280 -11 -285 -9 -9 -580 -14 -588 -5 -4 4 -8 543 -5 570 1 8 571 10 593 2z m683 -288 l0 -289 -299 1 c-164 0 -300 2 -303 5 -4 3 -7 540 -4 569 1 4 137 6 304 5 l302 -3 0 -288z m659 280 c15 -11 16 -18 6 -62 -7 -32 -10 -132 -8 -272 1 -122 0 -225 -4 -228 -11 -11 -598 -11 -598 0 -1 23 -2 561 -1 568 1 4 133 7 294 7 222 0 297 -3 311 -13z m672 2 c10 -16 5 -552 -5 -562 -11 -11 -582 -10 -593 1 -10 10 -14 545 -4 561 10 15 592 15 602 0z m-3618 -628 c144 1 266 -1 269 -5 4 -4 8 -114 8 -244 0 -203 2 -241 17 -267 l17 -30 16 39 c14 33 16 74 14 263 -2 144 1 227 8 234 15 15 591 18 597 3 2 -6 6 -138 7 -294 3 -249 1 -283 -13 -291 -9 -5 -294 -8 -649 -6 l-634 2 3 30 c2 17 5 148 7 293 2 145 6 270 9 278 4 11 11 12 33 3 18 -6 125 -10 291 -8z m2675 0 c141 1 260 -1 264 -4 3 -4 6 -114 7 -244 1 -180 4 -244 14 -262 13 -22 15 -22 30 -7 15 15 17 48 18 257 1 149 6 245 12 251 11 11 574 14 592 3 6 -4 10 -95 10 -249 0 -158 4 -255 12 -276 10 -30 9 -35 -11 -51 -22 -18 -59 -19 -656 -19 -720 0 -646 -11 -633 95 4 33 7 159 6 280 -1 122 1 226 5 232 5 8 17 9 40 2 17 -5 147 -9 290 -8z m-6409 -7 c9 -24 10 -564 0 -574 -6 -6 -34 -6 -79 2 -43 6 -154 9 -287 6 -144 -3 -221 -1 -228 6 -13 13 -14 548 0 562 14 14 589 12 594 -2z m674 2 c3 -3 5 -115 6 -248 1 -178 5 -251 14 -273 13 -29 14 -29 25 -10 8 14 13 99 14 273 1 140 4 256 7 259 8 9 588 5 597 -4 4 -4 9 -124 11 -265 3 -265 10 -309 40 -257 10 18 14 85 15 263 2 132 5 247 8 255 4 14 41 16 300 16 162 0 295 -2 296 -5 0 -3 2 -122 3 -265 2 -143 7 -269 10 -281 5 -14 2 -27 -9 -38 -15 -14 -51 -16 -311 -16 -178 0 -303 4 -314 10 -13 7 -21 7 -25 0 -4 -6 -121 -10 -320 -10 -199 0 -316 4 -320 10 -4 7 -12 7 -25 0 -11 -6 -135 -10 -313 -10 -274 0 -296 1 -318 19 -22 17 -22 20 -9 47 12 23 15 79 15 274 1 135 4 250 7 255 6 10 585 11 596 1z m1995 -5 c6 -6 9 -95 8 -241 -2 -222 6 -300 29 -300 29 0 35 50 36 293 0 136 3 250 6 253 3 3 140 5 304 6 l299 0 5 -273 c3 -151 8 -279 13 -286 4 -6 4 -18 1 -27 -5 -14 -41 -16 -309 -16 -289 0 -303 1 -328 20 -24 19 -28 20 -50 6 -19 -13 -34 -14 -82 -6 -77 13 -382 13 -458 0 -32 -5 -63 -7 -70 -4 -14 5 -12 561 3 578 11 15 578 12 593 -3z m2674 5 c3 -3 5 -113 4 -243 0 -131 3 -255 8 -275 14 -60 -1 -72 -74 -59 -70 13 -414 14 -468 2 -50 -12 -55 -18 -34 -39 16 -15 44 -17 255 -17 179 0 245 3 270 14 29 12 35 12 52 -4 19 -17 20 -32 20 -291 0 -203 -3 -275 -12 -280 -7 -4 -138 -9 -293 -10 -154 -1 -296 -3 -315 -5 l-35 -4 -3 284 c-2 278 -2 285 19 307 13 14 18 27 13 35 -8 14 -9 573 -1 586 6 9 585 8 594 -1z m683 -288 c3 -161 4 -296 2 -300 -2 -5 -137 -8 -301 -8 -270 0 -301 2 -321 18 -19 16 -20 20 -8 47 9 22 13 98 14 276 1 136 4 251 7 255 3 5 139 8 304 7 l298 -1 5 -294z m-5992 -641 l-3 -282 -35 3 c-19 2 -159 5 -310 8 -151 2 -277 7 -282 12 -8 8 -13 540 -5 549 3 2 126 5 274 6 235 2 272 4 294 19 23 16 25 16 47 -8 22 -25 22 -27 20 -307z m2112 302 c60 -15 429 -10 474 6 46 16 73 7 81 -28 3 -12 4 -143 3 -292 l-3 -270 -35 3 c-129 11 -492 12 -544 2 -42 -8 -61 -9 -70 0 -7 7 -10 95 -7 288 2 237 5 280 19 295 9 10 22 15 31 11 9 -3 32 -10 51 -15z m-260 -109 l29 -21 5 -227 c2 -125 5 -234 6 -242 1 -8 -1 -255 -4 -547 -6 -599 -3 -575 -78 -587 -23 -4 -278 -7 -566 -7 l-524 1 -42 -25 c-41 -24 -90 -76 -114 -122 -8 -15 -12 -161 -12 -510 0 -466 -4 -551 -30 -577 -7 -7 -72 -12 -181 -14 -196 -4 -202 -2 -214 74 -3 25 -6 561 -6 1192 0 1742 -2 1576 20 1603 19 24 22 24 258 29 131 3 505 4 831 3 580 -3 594 -3 622 -23z m5339 1 c17 -12 31 -34 35 -53 12 -60 7 -803 -5 -855 -20 -83 -20 -83 -204 -83 -225 0 -208 -19 -215 246 -5 196 -6 211 -28 246 -25 40 -77 85 -130 112 -29 15 -70 17 -335 16 -766 -3 -795 -2 -817 20 -18 18 -20 33 -20 173 0 144 1 155 21 173 19 17 43 19 268 24 135 3 506 4 824 3 561 -2 579 -3 606 -22z m-2669 -1 c16 -11 30 -33 34 -52 3 -18 6 -631 6 -1362 1 -1416 0 -1422 -46 -1453 -31 -20 -332 -15 -357 5 -25 21 -28 87 -30 602 l-2 485 -31 49 c-42 64 -100 103 -170 112 -30 3 -164 4 -297 2 -287 -5 -302 -10 -365 -106 l-37 -57 -2 -495 c-1 -272 -4 -514 -8 -537 -3 -23 -13 -47 -22 -55 -19 -15 -349 -24 -371 -10 -7 5 -18 27 -23 48 -10 44 -13 2715 -3 2770 3 19 18 43 31 54 25 20 43 20 845 20 801 0 821 0 848 -20z m2162 -520 c-2 -19 -5 -158 -7 -308 -2 -151 -6 -277 -10 -280 -10 -10 -511 -14 -574 -5 l-55 8 -1 280 c0 154 -4 287 -8 296 -20 41 3 44 339 44 l319 -1 -3 -34z m-6687 -1212 c0 -813 -3 -1240 -10 -1245 -5 -5 -147 -6 -315 -3 l-305 5 -3 274 c-1 175 1 278 8 285 6 6 97 9 248 7 201 -2 245 0 277 13 30 13 36 19 27 28 -17 17 -187 26 -381 20 -132 -4 -165 -2 -172 9 -11 17 -12 539 -1 557 6 9 73 13 275 15 194 1 269 5 278 14 10 10 4 16 -26 29 -32 13 -76 15 -277 13 -157 -2 -242 1 -249 8 -13 13 -12 534 1 547 6 6 116 10 262 10 192 1 259 4 277 14 52 31 8 37 -266 39 -146 1 -270 6 -274 10 -5 5 -8 135 -7 289 l3 279 282 5 c155 3 285 9 289 13 5 4 20 7 34 5 l25 -3 0 -1237z m2315 1225 c152 -3 249 0 278 7 24 6 52 8 63 5 18 -6 19 -40 18 -1233 0 -685 -3 -1233 -8 -1241 -8 -12 -61 -14 -317 -12 -170 1 -310 4 -312 6 -9 9 -2 549 8 559 6 6 94 9 248 7 204 -2 244 0 278 14 l39 16 -29 16 c-35 19 -335 29 -444 16 -50 -7 -77 -6 -87 1 -11 9 -14 68 -17 294 -3 312 -4 307 58 290 52 -14 490 -6 505 9 10 10 5 16 -24 28 -52 22 -407 22 -471 0 -48 -17 -72 -12 -81 14 -8 27 -9 1196 0 1210 5 9 16 10 34 6 14 -4 132 -10 261 -12z m2723 2 c176 -2 282 -6 289 -13 7 -7 7 -21 -1 -45 -8 -24 -12 -115 -10 -277 1 -132 -1 -244 -5 -247 -3 -4 -118 -6 -254 -4 -237 2 -302 -4 -302 -28 0 -23 118 -33 333 -29 134 3 220 1 224 -5 3 -5 5 -116 4 -246 -1 -152 2 -247 9 -266 9 -24 8 -32 -8 -48 -17 -16 -24 -17 -58 -8 -50 14 -417 14 -466 0 -52 -14 -49 -36 5 -44 52 -8 452 -1 487 9 57 15 55 39 58 -604 1 -325 -2 -598 -6 -607 -8 -13 -50 -15 -320 -15 -171 0 -316 3 -322 7 -12 7 -14 2467 -2 2479 4 4 20 4 37 0 16 -4 155 -8 308 -9z m965 -610 l3 -625 -304 0 c-280 0 -307 1 -327 18 -21 17 -21 21 -9 43 11 18 14 81 15 272 0 136 4 250 8 254 3 4 122 7 264 7 214 1 263 4 292 17 l35 16 -44 12 c-29 8 -122 12 -292 10 -137 -1 -252 1 -256 5 -4 4 -6 104 -5 224 3 196 -2 260 -23 329 -6 18 -2 25 16 32 13 5 159 10 324 10 l300 1 3 -625z m1322 -23 c21 -17 22 -22 11 -53 -8 -23 -11 -110 -10 -272 0 -131 -2 -241 -6 -245 -3 -3 -115 -5 -248 -4 -192 3 -252 0 -290 -12 -59 -18 -72 -14 -86 26 -12 33 -16 534 -5 562 5 14 42 16 309 16 279 0 305 -1 325 -18z m-784 -135 c23 -27 24 -35 24 -165 -1 -194 8 -186 -200 -191 -88 -2 -171 0 -184 3 -39 10 -48 50 -44 206 4 191 -5 183 216 178 l164 -3 24 -28z m-2831 -462 l310 0 0 -55 c-4 -473 -19 -1177 -25 -1184 -4 -4 -149 -8 -322 -8 l-313 0 -7 43 c-4 24 -7 166 -7 314 -1 149 -2 409 -4 578 -2 269 -1 310 13 317 8 5 22 6 30 2 8 -4 155 -7 325 -7z m-2380 -25 c6 -5 17 -5 25 0 24 15 603 13 623 -2 15 -12 16 -23 6 -108 -7 -56 -9 -172 -6 -282 6 -198 1 -220 -40 -203 -30 11 -396 16 -470 5 -53 -7 -71 -6 -81 4 -10 10 -14 71 -15 262 -2 190 -5 255 -16 273 -28 50 -36 -2 -39 -271 -2 -185 -7 -259 -15 -267 -8 -6 -39 -6 -92 1 -96 12 -398 4 -439 -11 -28 -11 -28 -13 -12 -29 15 -15 46 -17 282 -18 174 -1 268 -5 272 -12 4 -5 6 -134 4 -285 l-3 -275 -307 -4 c-169 -2 -311 0 -317 5 -6 5 -11 178 -12 475 -1 257 -4 531 -7 609 -3 84 -1 143 5 145 21 7 645 -5 654 -12z m5337 -8 c10 -10 10 -19 -1 -45 -19 -45 -27 -363 -11 -434 13 -58 30 -68 48 -28 16 35 16 410 1 454 -8 24 -8 36 -1 43 12 12 595 14 613 2 5 -3 9 -114 9 -248 0 -158 4 -255 12 -276 10 -30 9 -35 -11 -51 -21 -18 -58 -19 -609 -19 -323 0 -607 -5 -632 -10 -74 -14 -72 -23 -70 311 0 199 4 297 12 306 16 19 621 15 640 -5z m-796 -116 c17 -13 19 -31 24 -223 l5 -208 40 -64 c23 -37 50 -67 65 -73 14 -5 33 -17 44 -26 16 -15 49 -17 290 -17 149 0 294 2 321 3 28 1 156 -1 286 -4 223 -5 238 -6 255 -26 17 -18 19 -38 19 -169 0 -129 -2 -151 -18 -166 -16 -16 -46 -19 -260 -25 -133 -4 -251 -7 -262 -7 -367 7 -631 6 -648 -2 -13 -8 -22 -8 -30 0 -7 7 -91 11 -251 11 -133 0 -247 4 -254 9 -7 4 -18 26 -23 47 -7 33 -13 287 -9 479 0 28 1 136 3 241 3 252 -14 234 212 234 132 0 176 -3 191 -14z m-4156 -524 c143 1 260 1 261 -2 0 -3 1 -131 2 -285 l1 -280 -303 0 -303 0 1 279 c0 184 4 283 11 291 9 10 18 11 41 3 18 -6 128 -9 289 -6z m-1059 -613 c14 -7 18 -16 14 -27 -21 -50 -25 -107 -23 -312 l1 -225 -305 -3 -306 -2 5 167 c7 193 -2 333 -23 360 -13 17 -15 17 -30 -2 -13 -17 -15 -57 -13 -270 l2 -250 -307 0 -307 0 -2 278 c-1 179 2 277 8 278 6 0 154 2 330 5 176 2 358 8 405 13 110 12 525 5 551 -10z m2669 3 c3 -4 4 -134 2 -289 l-3 -283 -307 0 -307 0 0 237 c0 255 -4 293 -34 293 -28 0 -33 -43 -30 -298 l2 -227 -307 0 -307 0 -2 278 c-1 152 0 277 3 278 3 0 151 2 330 5 179 2 363 7 410 12 100 8 543 4 550 -6z m1335 -2 c13 -10 670 -3 795 9 52 5 195 10 316 10 247 1 251 0 234 -60 -6 -18 -10 -145 -10 -281 l0 -248 -307 0 -308 0 0 255 c0 228 -2 256 -17 272 -38 37 -43 8 -44 -265 l-2 -257 -293 -5 c-162 -3 -298 -2 -302 1 -5 4 -10 121 -10 261 -2 206 -5 258 -16 272 -14 17 -16 17 -28 0 -10 -14 -13 -80 -13 -275 0 -161 -4 -259 -10 -261 -5 -2 -143 -1 -307 2 l-297 5 3 220 c2 146 -2 236 -9 268 -13 48 -32 61 -45 30 -12 -29 -18 -383 -7 -448 6 -33 7 -63 3 -68 -8 -8 -611 -15 -611 -7 -1 3 -2 131 -3 285 l-2 280 325 -1 c179 -1 330 2 335 7 6 4 35 9 65 11 105 6 555 -3 565 -12z m2538 13 c70 -3 134 -11 143 -17 14 -10 14 -14 -1 -41 -13 -25 -15 -70 -14 -275 l1 -245 -307 0 -308 0 2 232 c2 200 0 236 -15 264 -15 30 -17 32 -30 15 -7 -10 -16 -41 -19 -70 -9 -66 -1 -396 9 -418 5 -11 2 -18 -12 -22 -35 -11 -602 -12 -603 -1 -1 6 0 102 1 215 0 113 -3 236 -9 275 -7 49 -7 73 1 82 8 11 113 13 522 13 281 0 568 -3 639 -7z m-5883 -22 c3 -1 4 -126 3 -278 -2 -214 -5 -278 -15 -282 -7 -3 -145 -4 -307 -1 l-294 5 2 235 c0 129 -3 253 -8 274 -6 22 -8 42 -6 45 2 5 595 6 625 2z m665 -279 c0 -181 -4 -282 -10 -282 -100 -3 -589 0 -592 3 -7 8 -8 557 0 560 4 1 141 2 304 1 l298 -1 0 -281z m-1337 -346 c2 -3 5 -129 6 -281 1 -268 0 -276 -19 -281 -11 -2 -148 -3 -304 -2 l-284 3 0 279 c0 249 1 280 16 285 19 7 578 4 585 -3z m660 6 c9 -7 12 -71 10 -288 l-3 -279 -302 -3 c-167 -1 -303 1 -303 5 -1 5 -1 132 -1 283 l-1 275 283 5 c156 3 289 6 294 8 6 1 16 -2 23 -6z m670 -6 c4 -2 7 -129 6 -283 l-1 -278 -293 -3 c-162 -1 -298 2 -303 7 -12 12 -11 552 1 560 11 7 578 4 590 -3z m1335 4 c16 0 17 -18 15 -282 l-3 -283 -285 -3 c-157 -1 -294 0 -305 2 -19 5 -20 13 -19 283 1 243 4 278 17 282 12 5 357 5 580 1z m665 -4 c3 -4 6 -130 6 -282 1 -267 0 -275 -19 -280 -11 -2 -148 -3 -304 -2 l-283 3 0 278 c1 152 1 280 1 285 1 8 590 6 599 -2z m680 -285 l-3 -276 -294 -3 c-169 -1 -299 2 -304 7 -5 5 -9 130 -9 283 l0 273 293 5 c164 3 300 1 307 -4 9 -7 12 -71 10 -285z m591 286 l73 -2 0 -272 c0 -150 -3 -277 -7 -283 -7 -12 -595 -14 -595 -2 -4 57 -1 552 3 558 4 8 309 8 526 1z m739 3 c10 0 12 -60 10 -282 l-3 -283 -304 0 -304 0 0 279 c0 248 2 280 16 285 12 5 472 5 585 1z m660 -4 c2 -3 5 -129 6 -280 1 -221 -2 -277 -12 -281 -22 -8 -592 -6 -592 3 -1 11 -1 546 -1 557 1 10 589 11 599 1z m-6667 -8 c2 -7 2 -134 -1 -283 l-5 -270 -280 -3 c-154 -1 -290 0 -302 3 l-23 5 0 274 c0 150 3 276 7 279 3 4 140 7 304 7 229 0 298 -3 300 -12z m2669 2 c4 -88 0 -542 -5 -550 -9 -14 -591 -14 -600 0 -8 13 -8 537 0 550 8 14 605 13 605 0z m4678 -272 l-3 -283 -294 -3 c-162 -1 -299 2 -303 6 -10 10 -13 535 -3 551 4 7 105 11 306 11 l299 0 -2 -282z"
       id="path3065" />
    <path
       d="M1463 3960 c-50 -11 -123 -70 -150 -120 -24 -45 -24 -45 -21 -325 l3 -281 40 -51 c22 -28 59 -61 83 -74 42 -24 47 -24 325 -24 l282 0 50 31 c27 16 65 52 85 80 l35 49 3 269 4 269 -27 52 c-28 55 -93 107 -157 126 -39 11 -509 10 -555 -1z m621 -431 l0 -322 -342 -1 c-222 -1 -342 3 -342 9 -3 149 0 627 3 632 3 5 157 7 343 7 l338 -2 0 -323z"
       id="path3067" />
    <path
       d="M4128 3961 c-47 -10 -101 -51 -136 -104 l-27 -42 -3 -273 c-3 -267 -2 -275 20 -320 24 -50 64 -93 113 -120 26 -15 66 -17 310 -17 154 0 292 3 307 8 36 10 81 49 120 105 l33 47 3 272 3 272 -28 49 c-15 27 -43 62 -61 77 -58 49 -101 55 -371 54 -135 -1 -263 -5 -283 -8z m625 -432 l0 -323 -339 0 -339 -1 1 320 c1 176 2 322 3 325 0 3 152 4 337 4 l337 -1 0 -324z"
       id="path3069" />
    <path
       d="M2835 3226 l-30 -14 30 -13 c43 -20 449 -20 484 -1 51 30 8 37 -227 39 -175 2 -234 0 -257 -11z"
       id="path3071" />
    <path
       d="M5564 1980 c-84 -12 -99 -32 -36 -49 61 -18 405 -14 449 4 26 11 33 19 26 26 -25 25 -316 37 -439 19z"
       id="path3073" />
    <path
       d="M4212 1981 c-54 -9 -69 -23 -46 -42 14 -11 64 -14 245 -14 199 0 230 2 245 17 15 15 15 17 -7 28 -27 15 -369 23 -437 11z"
       id="path3075" />
    <path
       d="M8448 4501 c-282 -6 -308 -10 -295 -45 9 -22 85 -27 362 -24 246 3 250 3 253 24 3 21 -22 56 -36 52 -4 -1 -132 -4 -284 -7z"
       id="path3077" />
    <path
       d="M8160 3858 c-32 -9 -33 -11 -15 -21 24 -14 580 -27 608 -14 10 5 17 16 15 25 -3 15 -30 17 -288 19 -166 1 -299 -3 -320 -9z"
       id="path3079" />
    <path
       d="M8440 3241 c-276 -6 -329 -14 -279 -42 18 -11 92 -15 299 -19 253 -5 277 -4 295 13 15 14 17 21 9 35 -13 20 5 20 -324 13z"
       id="path3081" />
    <path
       d="M8465 1990 c-298 -8 -344 -15 -302 -47 23 -19 62 -22 326 -24 264 -3 265 -3 274 19 8 17 6 27 -8 42 -10 11 -21 19 -24 18 -3 -1 -123 -5 -266 -8z"
       id="path3083" />
  </g>
  <path
     style="fill:#000000;fill-opacity:1;stroke:none"
     d="m 233.2422,193.3052 c -39.34771,0.73918 -78.90039,-0.88564 -118.11979,2.05426 -8.29979,1.26444 -10.14926,10.30258 -8.65722,17.55901 0.46925,112.73489 -1.12308,225.51201 1.41841,338.21876 3.43058,10.81366 17.16286,6.20197 25.48257,7.43446 8.46626,-1.23342 21.33097,2.20079 26.70534,-6.26059 3.11226,-43.12167 0.47519,-86.69938 4.25525,-129.66276 0.98619,-10.05702 11.03286,-16.36045 18.8796,-20.39584 45.04652,-0.58231 90.21576,1.23047 135.18969,-1.07604 10.78404,-1.10249 8.7498,-15.21023 9.97782,-22.9392 2.03596,-57.1025 1.23294,-114.32159 -0.20934,-171.42867 0.84726,-6.59581 -3.82452,-11.94557 -10.59997,-11.59586 -27.99947,-2.70817 -56.22825,-1.68306 -84.32236,-1.90753 z m -15.84713,50.91623 c 16.14859,1.349 36.84899,-4.63062 48.66633,9.88 6.51521,6.32304 9.50206,14.41073 7.87465,23.47723 -0.88808,18.5284 1.79604,37.72216 -1.56514,55.90514 -5.98389,10.02774 -16.06612,20.39394 -28.85743,17.80356 -21.54901,-1.08483 -44.05876,2.28446 -65.05147,-2.2499 -6.28284,-3.19036 -12.21538,-9.30813 -15.26647,-15.21127 -0.096,-23.95004 -0.19175,-47.90007 -0.28719,-71.8501 6.96672,-10.60286 18.23331,-19.53758 31.69425,-17.60792 7.59445,-0.2335 15.19552,-0.11154 22.79247,-0.14674 z"
     id="path8564"
     inkscape:connector-curvature="0"
     transform="scale(0.8,0.8)" />
  <path
     style="fill:#000000;fill-opacity:1;stroke:none"
     d="m 534.92453,193.50085 c -28.85175,0.90466 -58.02294,-0.63704 -86.67008,2.78792 -10.32543,3.66262 -5.42004,17.94184 -7.16589,26.01898 -0.61544,106.11488 -0.97405,212.253 0.22054,318.36256 0.32036,6.27313 -0.85929,17.48701 8.46158,17.21663 14.08551,0.94347 29.31117,1.88786 42.55247,-3.1303 4.41164,-12.2794 2.28379,-26.52278 3.67078,-39.51838 1.10801,-32.20365 1.1022,-64.43096 1.07358,-96.64952 5.11805,-8.43344 12.02596,-17.932 23.18376,-16.6297 23.36793,-0.32598 47.06607,-1.77515 70.28494,0.83148 7.54758,3.91798 15.20125,11.27428 16.78158,19.71109 0.85739,42.84894 -1.67558,85.94412 2.29366,128.63562 0.88887,10.06119 13.95855,5.43093 20.73822,6.84753 9.38023,-1.44197 22.27079,3.24147 29.44435,-4.74436 3.92467,-23.30928 1.43128,-47.45609 2.49145,-71.06737 -0.0334,-91.31277 1.4172,-182.65276 -0.24155,-273.95001 0.89383,-6.88204 -3.7921,-13.05035 -10.95604,-12.57009 -38.63435,-2.55291 -77.45753,-2.26437 -116.16335,-2.15208 z m 15.40693,50.67167 c 15.27042,1.30748 32.88,-3.03908 46.2697,6.01604 6.56501,6.57372 13.16246,14.33239 10.71148,24.40653 0,19.46654 0,38.93307 0,58.3996 -6.8011,8.1527 -13.31106,19.73348 -25.8219,17.9012 -22.76103,-0.11994 -46.11326,2.03128 -68.52719,-1.51605 -10.03148,-3.95429 -16.83596,-14.53614 -15.55366,-25.5804 -0.63807,-21.02432 -0.22059,-42.06417 -0.34238,-63.09504 6.10393,-9.07457 15.04056,-17.06781 26.65071,-16.07861 8.85956,-0.53073 17.7421,-0.41624 26.61324,-0.45327 z"
     id="path8566"
     inkscape:connector-curvature="0"
     transform="scale(0.8,0.8)" />
  <path
     style="fill:#000000;fill-opacity:1;stroke:none"
     d="m 781.19084,194.72362 c -10.25089,10.12134 -5.56922,26.00088 -5.72258,38.78633 0.20236,6.01717 3.08775,13.26124 10.61367,10.66257 45.34998,-0.22661 90.69377,0.69871 136.02117,2.05426 9.09337,5.96801 18.90696,13.9916 18.09702,26.02059 2.23945,14.41464 -0.6821,29.83167 3.81505,43.72633 6.22549,10.62711 20.80611,4.99778 30.71604,6.01604 6.44839,-1.38084 19.07427,2.02653 19.90673,-7.6301 4.43474,-36.02327 3.49768,-72.67723 1.73509,-108.8599 -0.71909,-8.49463 -9.62887,-13.81459 -17.77786,-11.50978 -65.27973,0 -130.55946,0 -195.83918,0 l -1.41718,0.6643 -0.14797,0.0694 z"
     id="path8568"
     inkscape:connector-curvature="0"
     transform="scale(0.8,0.8)" />
  <path
     style="fill:#000000;fill-opacity:1;stroke:none"
     d="m 873.97479,351.38518 c -8.18976,-1.15311 -16.61974,4.32665 -15.55367,13.30376 0.65116,12.4091 -4.86736,28.86463 6.30951,37.80812 14.62158,-1.73923 30.58774,2.07014 44.41108,-3.61941 7.68302,-8.20229 2.86074,-21.33507 4.05961,-31.4497 1.24666,-8.51074 -4.72927,-16.85762 -13.84179,-15.89603 -8.44979,-0.38787 -16.92945,-0.29194 -25.38474,-0.14674 z"
     id="path8570"
     inkscape:connector-curvature="0"
     transform="scale(0.8,0.8)" />
  <path
     style="fill:#000000;fill-opacity:1;stroke:none"
     d="m 793.85876,429.74042 c -7.71035,-0.23307 -19.76358,1.52665 -18.49732,11.9754 -2.24255,36.89537 -2.96627,74.18245 0.59593,110.98656 2.32663,7.42019 13.04966,4.10261 18.83069,5.57584 63.12959,1.60253 126.38821,1.59737 189.48077,-0.39128 5.83389,-0.0816 12.13251,-2.98337 10.46475,-9.87708 -0.55015,-11.77044 2.59873,-24.81958 -2.34554,-35.80569 -8.70972,-5.64427 -20.68356,-2.22034 -30.56931,-3.66832 -37.48018,-0.52755 -74.96406,-0.72356 -112.44612,-1.07603 -12.06783,-6.84489 -20.23145,-19.60486 -19.00799,-33.69759 -1.4998,-13.58472 0.63177,-28.38939 -3.83339,-41.2828 -10.18941,-3.49513 -21.98308,-2.47693 -32.67247,-2.73901 z"
     id="path8572"
     inkscape:connector-curvature="0"
     transform="scale(0.8,0.8)" />
</svg>
