<?xml version="1.0" standalone="no"?>
<!DOCTYPE svg PUBLIC "-//W3C//DTD SVG 20010904//EN"
 "http://www.w3.org/TR/2001/REC-SVG-20010904/DTD/svg10.dtd">
<svg version="1.0" xmlns="http://www.w3.org/2000/svg"
 width="900.000000pt" height="2541.000000pt" viewBox="0 0 900.000000 2541.000000"
 preserveAspectRatio="xMidYMid meet">
<metadata>
Created by potrace 1.10, written by Peter Selinger 2001-2011
</metadata>
<g transform="translate(0.000000,2541.000000) scale(0.100000,-0.100000)"
fill="#000000" stroke="none">
<path d="M4575 22670 c-34 -6 -72 -24 -611 -291 -210 -104 -385 -189 -390
-189 -4 0 -135 -64 -291 -142 -292 -146 -297 -149 -274 -196 4 -9 16 -34 26
-55 17 -35 21 -37 49 -31 17 3 41 12 53 20 12 8 29 14 37 14 8 0 28 7 45 15
17 8 45 22 62 30 17 8 38 15 48 15 9 0 21 4 27 10 5 5 48 14 94 20 105 13 95
13 155 2 87 -16 174 -74 220 -146 27 -44 57 -149 65 -233 5 -49 14 -129 20
-180 7 -65 10 -784 7 -2430 -2 -2185 -4 -2341 -20 -2381 -30 -75 -92 -167
-126 -186 -10 -6 -40 -26 -65 -44 -28 -20 -67 -37 -99 -43 -28 -5 -63 -12 -77
-16 -14 -3 -74 -10 -135 -14 -60 -5 -153 -12 -205 -16 l-95 -8 -3 -76 c-2 -56
1 -79 11 -87 11 -9 318 -11 1223 -10 l1209 3 3 79 c2 44 -1 83 -7 89 -5 5 -31
11 -58 13 -26 1 -100 7 -163 13 -63 6 -129 11 -147 11 -17 0 -34 4 -38 10 -3
5 -24 10 -45 10 -21 0 -42 4 -45 10 -3 5 -23 14 -43 20 -20 5 -65 31 -99 57
-116 89 -136 158 -153 518 -4 99 -8 1446 -9 2993 -1 2383 -3 2813 -15 2818
-19 7 -105 10 -141 4z"/>
<path d="M1551 12469 c-78 -31 -121 -98 -121 -187 0 -73 23 -117 86 -162 l48
-35 2726 0 2725 0 42 27 c42 28 85 90 97 141 17 74 -64 207 -135 221 -52 10
-5441 6 -5468 -5z"/>
<path d="M4105 8780 c-125 -9 -267 -29 -280 -40 -5 -4 -32 -11 -60 -15 -27 -4
-54 -11 -60 -15 -5 -4 -26 -10 -46 -14 -21 -4 -42 -13 -49 -21 -7 -8 -20 -15
-30 -15 -10 0 -23 -7 -30 -15 -7 -8 -21 -15 -31 -15 -34 0 -212 -106 -232
-137 -4 -7 -13 -13 -19 -13 -29 0 -273 -236 -354 -343 -26 -34 -54 -69 -61
-77 -107 -123 -374 -624 -346 -651 17 -16 128 -67 138 -62 5 2 30 36 55 75
129 205 372 445 545 538 33 18 72 41 87 51 14 11 35 19 46 19 12 0 23 4 26 9
5 8 64 28 197 65 31 9 92 16 135 16 46 0 85 5 91 11 17 17 63 20 87 6 12 -7
68 -15 126 -18 58 -3 119 -11 135 -17 17 -6 57 -19 90 -29 166 -48 340 -177
482 -357 49 -61 122 -205 146 -286 48 -165 49 -173 54 -364 4 -179 2 -216 -26
-362 -11 -58 -67 -229 -86 -259 -6 -11 -15 -31 -18 -45 -14 -57 -157 -252
-252 -343 -112 -109 -169 -157 -183 -157 -6 0 -12 -3 -14 -7 -5 -12 -66 -53
-78 -53 -5 0 -10 -3 -10 -7 0 -10 -41 -34 -135 -82 -38 -19 -76 -41 -83 -48
-7 -7 -21 -13 -30 -13 -10 0 -26 -6 -37 -14 -11 -7 -49 -24 -85 -36 -36 -13
-69 -27 -75 -32 -5 -4 -18 -8 -30 -8 -11 0 -32 -6 -46 -14 -14 -7 -48 -17 -75
-21 -27 -4 -53 -10 -59 -15 -5 -4 -39 -10 -75 -14 -35 -3 -68 -10 -73 -15 -4
-4 -7 -39 -5 -77 l3 -69 110 -3 c171 -6 343 -23 420 -42 22 -5 67 -16 100 -24
86 -20 211 -64 275 -96 204 -102 312 -161 358 -195 170 -128 308 -269 357
-366 14 -30 32 -61 39 -69 26 -34 136 -280 136 -307 0 -7 6 -27 14 -45 18 -43
35 -110 47 -178 4 -30 11 -71 15 -90 11 -64 15 -354 5 -375 -5 -11 -12 -49
-14 -85 -4 -59 -19 -122 -48 -205 -6 -16 -13 -41 -16 -55 -3 -14 -10 -29 -17
-35 -6 -5 -30 -49 -53 -96 -42 -84 -57 -107 -135 -194 -21 -23 -38 -46 -38
-51 0 -5 -21 -27 -46 -49 -25 -22 -71 -63 -102 -91 -57 -50 -83 -69 -157 -112
-63 -36 -204 -102 -219 -102 -7 0 -29 -6 -47 -14 -79 -33 -473 -61 -504 -36
-7 6 -43 13 -79 17 -37 3 -69 10 -72 14 -3 5 -15 9 -26 9 -24 0 -51 12 -293
131 -100 49 -185 89 -190 89 -6 0 -76 33 -157 74 -150 76 -225 97 -343 98
-228 1 -407 -155 -407 -357 0 -57 5 -78 26 -115 14 -25 29 -52 32 -60 10 -23
107 -120 120 -120 6 0 18 -8 28 -18 18 -21 164 -97 217 -113 79 -24 161 -41
274 -56 229 -30 956 -15 991 19 4 5 26 8 48 8 23 1 59 5 81 10 22 5 69 16 105
24 129 30 207 53 278 82 18 8 40 14 48 14 8 0 57 20 108 45 52 25 98 45 103
45 13 0 70 31 137 74 33 21 67 41 75 44 23 9 101 61 143 96 20 17 57 47 82 66
41 31 268 258 305 305 91 115 174 238 216 320 17 33 39 74 47 90 24 44 64 136
73 165 4 14 14 34 21 45 8 11 14 32 14 47 0 15 9 51 21 80 23 57 45 164 60
293 6 44 15 103 20 130 19 93 -3 591 -28 640 -6 11 -13 46 -17 77 -6 54 -11
71 -42 145 -8 17 -14 37 -14 45 0 7 -7 22 -15 32 -8 11 -15 29 -15 40 0 12
-11 39 -25 61 -13 22 -36 63 -50 90 -52 98 -99 167 -139 204 -14 14 -26 29
-26 34 0 18 -189 207 -207 207 -5 0 -22 13 -38 30 -28 29 -157 120 -170 120
-4 0 -24 12 -44 28 -33 25 -155 88 -279 142 -29 13 -57 30 -63 37 -9 10 33 55
177 195 103 101 229 236 281 300 89 112 163 214 163 226 0 3 7 13 15 22 17 18
135 253 135 268 0 5 10 31 22 58 12 27 28 78 35 114 7 36 18 90 24 120 13 64
6 372 -9 410 -6 14 -20 61 -32 105 -27 97 -90 230 -145 305 -22 30 -58 82 -80
115 -104 156 -292 311 -489 406 -68 32 -131 59 -139 59 -9 0 -28 6 -44 14 -36
18 -98 34 -199 50 -44 7 -85 15 -90 18 -16 10 -307 15 -409 8z"/>
</g>
</svg>
