<?xml version="1.0" encoding="UTF-8" standalone="no"?>
<svg
   xmlns:dc="http://purl.org/dc/elements/1.1/"
   xmlns:cc="http://creativecommons.org/ns#"
   xmlns:rdf="http://www.w3.org/1999/02/22-rdf-syntax-ns#"
   xmlns:svg="http://www.w3.org/2000/svg"
   xmlns="http://www.w3.org/2000/svg"
   xmlns:sodipodi="http://sodipodi.sourceforge.net/DTD/sodipodi-0.dtd"
   xmlns:inkscape="http://www.inkscape.org/namespaces/inkscape"
   version="1.0"
   width="795.000000pt"
   height="375.000000pt"
   viewBox="0 0 795.000000 375.000000"
   preserveAspectRatio="xMidYMid meet"
   id="svg3447"
   inkscape:version="0.48.4 r9939"
   sodipodi:docname="18b.svg">
  <defs
     id="defs3473" />
  <sodipodi:namedview
     pagecolor="#ffffff"
     bordercolor="#666666"
     borderopacity="1"
     objecttolerance="10"
     gridtolerance="10"
     guidetolerance="10"
     inkscape:pageopacity="0"
     inkscape:pageshadow="2"
     inkscape:window-width="640"
     inkscape:window-height="480"
     id="namedview3471"
     showgrid="false"
     inkscape:zoom="0.46188679"
     inkscape:cx="496.875"
     inkscape:cy="234.375"
     inkscape:window-x="0"
     inkscape:window-y="24"
     inkscape:window-maximized="0"
     inkscape:current-layer="g3451" />
  <metadata
     id="metadata3449">
Created by potrace 1.10, written by Peter Selinger 2001-2011
<rdf:RDF>
  <cc:Work
     rdf:about="">
    <dc:format>image/svg+xml</dc:format>
    <dc:type
       rdf:resource="http://purl.org/dc/dcmitype/StillImage" />
  </cc:Work>
</rdf:RDF>
</metadata>
  <g
     transform="translate(0.000000,375.000000) scale(0.100000,-0.100000)"
     fill="#000000"
     stroke="none"
     id="g3451">
    <path
       d="M922 3558 c-17 -17 -17 -3399 0 -3416 9 -9 781 -12 3414 -12 1871 0 3409 3 3418 6 15 6 16 165 16 1704 0 934 -3 1705 -6 1714 -6 15 -316 16 -3418 16 -2640 0 -3415 -3 -3424 -12z m6795 -41 c4 -5 4 -3329 0 -3334 -5 -4 -6749 -4 -6754 0 -5 5 -4 3327 1 3335 4 7 6746 5 6753 -1z"
       id="path3453" />
    <path
       d="M1497 3013 c-3 -5 -8 -33 -11 -63 -4 -30 -11 -64 -16 -75 -5 -11 -14 -42 -19 -70 -27 -132 -34 -161 -43 -178 -5 -10 -12 -42 -15 -70 -3 -29 -9 -56 -13 -62 -5 -5 -11 -32 -15 -60 -3 -27 -10 -59 -15 -70 -5 -11 -14 -42 -19 -70 -18 -91 -32 -149 -48 -198 -8 -26 -12 -54 -9 -62 5 -13 153 -15 1252 -13 l1247 3 18 55 c10 30 18 69 18 85 1 17 5 35 10 40 5 6 14 35 20 65 23 121 34 166 42 182 4 9 11 40 15 70 4 29 11 58 16 64 5 7 11 36 15 65 3 30 9 59 14 64 4 6 13 35 18 65 20 108 33 165 42 182 12 23 12 24 -7 42 -14 14 -141 16 -1254 16 -681 0 -1241 -3 -1243 -7z m2444 -55 c3 -30 -4 -74 -11 -83 -5 -6 -14 -35 -19 -65 -6 -30 -18 -84 -27 -120 -8 -36 -20 -87 -26 -115 -6 -27 -14 -58 -19 -67 -5 -10 -12 -42 -15 -73 -4 -31 -10 -58 -15 -61 -4 -2 -11 -32 -15 -65 -4 -32 -10 -62 -15 -65 -4 -2 -11 -32 -15 -65 -4 -32 -11 -62 -15 -65 -5 -3 -9 -14 -9 -25 0 -19 -19 -19 -1210 -19 -665 0 -1210 2 -1210 4 0 2 7 17 15 32 8 16 15 39 15 52 0 13 4 31 10 41 5 10 14 43 19 72 6 30 18 83 27 119 8 36 20 88 26 115 6 28 14 57 19 67 4 9 11 40 15 70 4 29 10 58 14 63 5 6 11 33 15 60 3 28 10 59 15 70 5 11 13 43 18 70 l7 50 1190 5 c655 3 1196 6 1203 8 6 1 12 -4 13 -10z"
       id="path3455" />
    <path
       d="M4523 3002 c-9 -6 -14 -81 -18 -277 -2 -149 -7 -361 -10 -471 -5 -177 -4 -204 10 -218 15 -14 96 -16 841 -16 651 0 825 3 828 13 2 6 9 28 15 47 7 19 17 51 21 70 19 77 34 126 46 157 8 17 14 39 14 48 0 18 27 108 41 137 5 9 12 36 15 59 4 24 13 54 21 68 7 14 13 38 13 53 0 15 4 29 9 33 5 3 12 20 16 38 6 30 18 70 51 177 8 25 14 53 14 63 0 16 -52 17 -944 17 -519 0 -950 2 -958 5 -7 3 -18 1 -25 -3z m1864 -52 c9 0 8 -8 -3 -27 -7 -16 -14 -37 -14 -48 0 -12 -4 -25 -9 -30 -5 -6 -14 -30 -19 -55 -20 -82 -35 -135 -48 -167 -8 -17 -14 -42 -14 -56 0 -14 -4 -28 -9 -32 -6 -3 -13 -26 -17 -50 -3 -25 -10 -48 -15 -50 -4 -3 -11 -26 -15 -52 -4 -25 -13 -58 -20 -72 -8 -14 -14 -36 -14 -47 0 -12 -7 -35 -15 -50 -8 -16 -15 -37 -15 -47 0 -9 -6 -35 -12 -57 l-13 -40 -799 0 -798 0 6 25 c4 14 9 213 11 443 3 229 5 417 5 417 71 0 1819 -4 1827 -5z"
       id="path3457" />
    <path
       d="M6997 2293 c-41 -80 -61 -116 -74 -131 -7 -7 -13 -20 -13 -28 0 -8 -4 -14 -10 -14 -5 0 -12 -11 -16 -25 -3 -14 -10 -25 -14 -25 -4 0 -13 -12 -19 -27 -6 -16 -20 -41 -31 -58 -11 -16 -23 -37 -27 -45 -4 -8 -26 -47 -50 -86 -24 -39 -43 -77 -43 -83 0 -6 -4 -11 -9 -11 -5 0 -14 -12 -20 -27 -6 -16 -20 -41 -31 -58 -11 -16 -23 -37 -27 -45 -4 -8 -19 -36 -35 -61 -31 -50 -35 -74 -15 -82 17 -6 937 -7 960 -1 9 3 17 9 17 14 0 13 -18 52 -40 85 -11 17 -25 42 -31 58 -6 15 -15 27 -20 27 -5 0 -9 6 -9 14 0 8 -6 21 -13 28 -7 7 -18 24 -24 38 -7 14 -26 48 -42 75 -16 28 -39 69 -51 93 -12 23 -27 48 -34 55 -6 7 -22 34 -36 60 -13 26 -28 47 -32 47 -5 0 -8 7 -8 15 0 8 -12 31 -26 52 -14 21 -30 47 -35 58 -5 11 -18 34 -29 50 -11 17 -25 42 -31 58 -18 45 -53 37 -82 -20z m84 -83 c13 -27 27 -50 31 -50 5 0 8 -6 8 -14 0 -8 6 -21 13 -28 6 -7 22 -33 35 -58 13 -25 32 -58 42 -75 11 -16 24 -39 30 -50 6 -11 19 -33 29 -50 11 -16 29 -49 41 -73 12 -23 27 -48 34 -55 6 -7 22 -34 36 -60 14 -27 30 -56 35 -65 6 -10 21 -33 33 -52 12 -19 22 -38 22 -42 0 -5 -192 -8 -426 -8 l-425 0 7 23 c3 12 11 28 17 36 12 14 28 41 47 76 6 11 19 34 30 50 11 17 24 39 29 50 5 11 20 36 33 55 12 19 32 53 43 75 11 22 23 42 27 45 4 3 12 17 18 30 11 26 27 52 60 105 10 17 29 50 42 75 13 25 25 47 28 50 3 3 11 17 17 33 18 40 37 33 64 -23z"
       id="path3459" />
    <path
       d="M1312 1768 c-7 -7 -12 -26 -12 -43 0 -17 -5 -36 -10 -41 -6 -6 -13 -35 -17 -65 -3 -30 -9 -59 -14 -64 -4 -6 -13 -35 -18 -65 -6 -30 -18 -84 -27 -120 -8 -36 -20 -87 -26 -115 -6 -27 -14 -57 -19 -67 -4 -9 -11 -40 -15 -70 -4 -29 -10 -58 -15 -63 -4 -6 -11 -35 -15 -65 -4 -30 -11 -60 -16 -67 -5 -6 -10 -37 -11 -70 l-2 -58 1247 -3 1248 -2 4 22 c3 13 7 34 10 48 3 14 10 50 17 80 6 30 15 63 21 73 5 10 12 42 15 70 3 29 10 57 15 63 5 7 11 36 15 65 3 30 9 59 14 64 4 6 13 35 18 65 19 104 34 165 47 203 8 20 14 52 14 70 0 18 5 38 10 43 6 6 13 34 17 62 l6 52 -1231 0 c-677 0 -1236 2 -1244 5 -7 3 -19 0 -26 -7z m2448 -60 c0 -9 -4 -19 -9 -23 -6 -3 -13 -27 -16 -53 -3 -26 -11 -55 -16 -65 -6 -10 -13 -42 -16 -70 -3 -29 -9 -57 -14 -62 -4 -6 -13 -35 -18 -65 -6 -30 -18 -84 -27 -120 -8 -36 -20 -87 -26 -115 -6 -27 -14 -59 -19 -70 -5 -11 -13 -45 -18 -75 -14 -81 -28 -140 -33 -145 -2 -3 -544 -5 -1204 -5 l-1199 0 2 22 c1 13 9 52 18 88 9 36 21 88 27 115 6 28 14 58 20 68 5 10 12 42 15 70 3 29 10 57 15 63 5 7 11 36 15 65 3 30 9 59 14 64 4 6 13 35 18 65 13 72 30 149 56 245 5 20 13 20 1210 20 1125 0 1205 -1 1205 -17z"
       id="path3461" />
    <path
       d="M5534 1523 c-4 -16 -12 -34 -17 -42 -12 -14 -28 -42 -47 -76 -6 -11 -19 -33 -30 -50 -11 -16 -24 -39 -29 -50 -5 -11 -20 -36 -33 -55 -12 -19 -32 -53 -43 -75 -11 -22 -23 -42 -27 -45 -4 -3 -12 -17 -18 -30 -5 -14 -19 -38 -30 -55 -30 -46 -43 -69 -70 -122 -14 -26 -31 -54 -37 -61 -7 -7 -13 -20 -13 -28 0 -8 -4 -14 -10 -14 -5 0 -12 -11 -16 -25 -3 -13 -12 -29 -20 -36 -8 -6 -14 -22 -14 -35 l0 -24 463 0 c266 0 468 -4 477 -10 16 -10 40 5 40 26 0 7 -13 33 -30 57 -16 25 -30 50 -30 55 0 6 -6 17 -12 24 -7 7 -22 31 -33 52 -11 22 -24 44 -30 50 -5 6 -20 31 -33 56 -13 25 -32 59 -43 75 -10 17 -24 42 -30 58 -6 15 -15 27 -19 27 -4 0 -11 11 -14 25 -4 14 -11 25 -16 25 -6 0 -10 6 -10 14 0 8 -6 21 -13 28 -7 7 -18 24 -24 38 -7 14 -26 48 -43 75 -16 28 -33 57 -37 65 -3 8 -15 26 -25 39 -10 13 -18 32 -18 41 0 18 -19 30 -46 30 -7 0 -17 -12 -20 -27z m59 -90 c13 -21 27 -48 31 -60 4 -13 12 -23 17 -23 5 0 9 -6 9 -14 0 -8 6 -21 13 -28 6 -7 22 -33 35 -58 13 -25 32 -58 42 -75 11 -16 25 -39 30 -50 6 -11 18 -33 27 -50 9 -16 19 -32 22 -35 3 -3 15 -23 26 -45 11 -22 32 -59 48 -81 15 -23 27 -45 27 -48 0 -3 16 -29 36 -57 19 -28 33 -53 30 -56 -10 -10 -836 -9 -836 1 0 4 16 34 35 66 19 32 35 63 35 69 0 6 4 11 9 11 5 0 13 10 17 22 3 12 13 28 20 36 8 7 14 20 14 28 0 8 4 14 9 14 5 0 14 12 20 28 6 15 20 41 30 57 11 17 30 50 43 75 13 25 28 50 33 56 6 6 19 28 30 49 11 22 24 44 28 50 12 16 57 97 70 128 15 36 22 34 50 -10z"
       id="path3463" />
  </g>
</svg>
