<?xml version="1.0" standalone="no"?>
<!DOCTYPE svg PUBLIC "-//W3C//DTD SVG 20010904//EN"
 "http://www.w3.org/TR/2001/REC-SVG-20010904/DTD/svg10.dtd">
<svg version="1.0" xmlns="http://www.w3.org/2000/svg"
 width="900.000000pt" height="294.000000pt" viewBox="0 0 900.000000 294.000000"
 preserveAspectRatio="xMidYMid meet">
<metadata>
Created by potrace 1.10, written by Peter Selinger 2001-2011
</metadata>
<g transform="translate(0.000000,294.000000) scale(0.100000,-0.100000)"
fill="#000000" stroke="none">
<path d="M5062 2868 c-9 -9 -12 -327 -12 -1370 l0 -1358 26 -10 c34 -13 1704
-13 1738 0 l26 10 0 1358 c0 1043 -3 1361 -12 1370 -17 17 -1749 17 -1766 0z
m1725 -41 c2 -3 5 -2161 3 -2647 0 -7 -288 -10 -845 -10 -557 0 -845 3 -845
10 -2 546 1 2644 4 2648 4 7 1676 5 1683 -1z"/>
<path d="M5688 1579 c-5 -4 -8 -17 -6 -30 2 -18 11 -25 33 -29 29 -5 30 -7 30
-60 0 -53 -1 -55 -30 -60 -24 -4 -31 -11 -33 -33 -2 -17 1 -27 10 -27 145 -4
494 2 501 9 15 15 -11 49 -40 53 -27 3 -28 5 -28 58 0 53 1 55 28 58 29 4 55
38 40 53 -10 10 -489 18 -505 8z m210 -62 c16 -13 16 -101 -1 -115 -13 -11
-76 -10 -96 2 -18 11 -14 103 5 114 21 12 76 12 92 -1z m174 -2 c4 -5 8 -30 8
-55 0 -25 -4 -50 -8 -56 -4 -5 -29 -10 -57 -10 l-50 1 -3 54 c-2 29 -1 59 2
66 5 15 98 15 108 0z"/>
<path d="M8070 2743 c-13 -27 -26 -50 -30 -53 -4 -3 -26 -38 -50 -78 -23 -40
-46 -75 -51 -78 -5 -3 -9 -14 -9 -24 0 -10 -4 -20 -8 -22 -7 -2 -30 -39 -105
-163 -7 -11 -24 -39 -39 -63 -16 -24 -28 -47 -28 -53 0 -5 -4 -9 -8 -9 -4 0
-13 -12 -20 -27 -6 -16 -21 -41 -32 -58 -11 -16 -24 -39 -30 -50 -15 -29 -34
-59 -42 -65 -4 -3 -12 -17 -18 -30 -5 -14 -19 -38 -30 -55 -11 -16 -23 -37
-27 -45 -4 -8 -13 -21 -20 -28 -7 -7 -13 -20 -13 -28 0 -8 -3 -14 -8 -14 -4 0
-19 -21 -32 -47 -14 -27 -28 -50 -31 -53 -8 -8 -109 -177 -109 -184 0 -3 -13
-25 -30 -48 -37 -51 -37 -65 -2 -114 15 -22 38 -61 52 -87 13 -26 28 -47 32
-47 3 0 10 -10 14 -22 4 -12 24 -48 45 -79 22 -31 39 -59 39 -62 0 -3 14 -26
30 -50 17 -25 30 -50 30 -55 0 -6 6 -17 13 -24 8 -7 25 -32 38 -55 13 -23 53
-90 89 -149 36 -60 70 -116 75 -126 45 -79 100 -164 107 -166 4 -2 8 -8 8 -14
0 -13 101 -182 112 -186 4 -2 8 -9 8 -16 0 -7 14 -32 30 -55 17 -23 40 -60 51
-81 28 -54 60 -53 87 0 7 14 21 39 32 55 11 17 23 37 27 45 3 8 9 17 13 20 12
9 110 178 110 189 0 6 3 11 8 11 4 0 19 21 32 48 14 26 28 49 31 52 6 5 71
111 118 193 13 23 30 48 38 55 7 7 13 18 13 24 0 5 14 30 30 55 17 24 30 48
30 54 0 5 5 9 10 9 6 0 10 6 10 13 0 7 13 31 30 53 16 21 30 44 30 50 0 6 9
21 20 34 11 13 20 29 20 36 0 7 4 14 8 16 5 2 15 15 23 30 8 14 43 75 80 135
88 146 97 165 82 170 -7 3 -13 9 -13 15 0 13 -131 232 -142 236 -4 2 -8 9 -8
16 0 7 -12 31 -27 52 -16 22 -39 61 -53 87 -13 26 -28 47 -32 47 -3 0 -10 10
-13 23 -4 12 -18 36 -31 54 -13 17 -24 35 -24 40 0 5 -16 32 -35 62 -19 29
-35 57 -35 62 0 5 -4 9 -10 9 -5 0 -10 6 -10 14 0 8 -6 21 -13 28 -7 7 -16 20
-20 28 -4 8 -15 27 -25 41 -15 23 -67 110 -97 161 -44 76 -160 264 -164 268
-4 3 -11 16 -17 30 -16 35 -63 90 -78 90 -7 0 -23 -21 -36 -47z m111 -134 c31
-52 61 -99 66 -104 4 -6 19 -32 33 -58 13 -26 28 -47 32 -47 5 0 8 -5 8 -11 0
-14 101 -183 112 -187 4 -2 8 -9 8 -16 0 -6 20 -43 45 -80 25 -38 45 -72 45
-77 0 -4 6 -14 13 -21 19 -21 36 -50 48 -80 6 -16 15 -28 20 -28 5 0 9 -4 9
-9 0 -6 14 -30 30 -54 17 -25 30 -47 30 -50 0 -4 14 -26 30 -50 17 -25 30 -47
30 -50 0 -4 12 -25 28 -49 15 -24 32 -52 39 -63 7 -11 30 -50 52 -87 23 -36
41 -72 41 -78 0 -10 -19 -43 -93 -165 -7 -10 -23 -37 -37 -60 -13 -22 -33 -56
-43 -75 -11 -19 -23 -37 -27 -40 -4 -3 -18 -25 -31 -50 -13 -25 -36 -63 -51
-84 -15 -21 -28 -45 -28 -52 0 -7 -4 -14 -8 -16 -11 -4 -82 -123 -82 -136 0
-6 -4 -12 -8 -14 -9 -3 -172 -272 -172 -282 0 -4 -6 -14 -12 -22 -7 -8 -18
-20 -23 -27 -6 -7 -16 -23 -23 -37 -7 -14 -21 -38 -31 -55 -11 -16 -29 -47
-40 -67 -53 -98 -91 -143 -91 -109 0 5 -6 16 -12 23 -7 7 -22 31 -33 53 -11
22 -32 59 -47 81 -16 23 -28 44 -28 47 0 4 -12 25 -27 49 -16 24 -33 52 -40
63 -75 124 -98 161 -105 163 -4 2 -8 8 -8 14 0 13 -161 282 -172 286 -4 2 -8
9 -8 16 0 6 -20 43 -45 80 -25 38 -45 72 -45 76 0 4 -13 26 -30 48 -16 23 -30
46 -30 50 0 5 -16 31 -35 58 -19 27 -35 53 -35 58 0 5 -11 23 -23 40 -49 65
-56 86 -38 120 9 17 22 35 29 39 6 4 12 13 12 19 0 5 14 30 30 55 17 24 30 48
30 54 0 5 4 9 8 9 4 0 13 12 19 28 13 28 34 63 44 72 3 3 16 26 29 53 13 26
27 47 31 47 4 0 12 12 18 28 11 29 32 64 42 72 4 3 17 25 30 50 13 25 36 63
51 84 15 21 28 45 28 52 0 7 4 14 8 16 11 4 112 173 112 186 0 6 4 12 8 14 11
4 82 123 82 136 0 6 4 12 8 14 9 3 124 192 135 221 12 31 29 15 88 -84z"/>
<path d="M7909 1424 c-15 -18 3 -41 34 -46 20 -3 22 -9 22 -63 0 -58 -1 -60
-27 -63 -24 -3 -28 -8 -28 -33 l0 -30 88 3 c85 3 87 4 87 28 0 17 -7 26 -25
30 -23 6 -25 10 -25 70 0 60 2 65 23 68 28 4 62 -23 62 -50 0 -10 4 -26 9 -36
4 -9 15 -37 22 -62 11 -34 20 -46 37 -48 16 -3 22 2 22 15 0 10 9 32 20 48 11
17 20 38 20 48 0 9 13 38 29 64 32 51 27 77 -13 71 -23 -3 -40 -32 -59 -103
l-14 -50 -12 30 c-7 17 -17 38 -22 47 -5 10 -9 29 -9 43 0 23 -4 25 -47 26
-27 0 -78 2 -115 4 -49 2 -70 0 -79 -11z"/>
<path d="M130 1974 c-13 -34 -13 -1694 0 -1728 l10 -26 869 0 870 0 15 22 c14
20 16 119 16 868 0 749 -2 848 -16 868 l-15 22 -870 0 -869 0 -10 -26z m1711
-30 c5 -3 9 -352 9 -839 l0 -835 -830 -2 c-457 -2 -834 -2 -839 0 -10 3 -15
1626 -6 1665 l6 22 825 -2 c454 -2 830 -5 835 -9z"/>
<path d="M871 1161 c-20 -13 -7 -37 26 -46 36 -9 43 -20 43 -77 0 -46 -1 -47
-35 -54 -42 -8 -50 -17 -36 -43 9 -17 22 -19 91 -19 77 0 80 1 86 24 8 30 2
37 -33 38 -24 1 -28 6 -31 35 -6 58 6 103 26 97 24 -8 45 8 40 30 -3 16 -14
19 -83 22 -44 1 -86 -2 -94 -7z"/>
<path d="M2313 1993 c-15 -6 -17 -69 -3 -78 6 -3 10 -15 10 -26 0 -19 28 -90
50 -131 6 -10 10 -28 10 -41 0 -13 7 -32 15 -43 8 -10 15 -26 15 -34 0 -8 7
-28 15 -44 8 -15 15 -35 15 -43 0 -14 11 -44 45 -118 8 -16 17 -46 21 -65 3
-19 10 -39 14 -45 4 -5 11 -25 15 -42 3 -18 10 -33 15 -33 4 0 11 -19 15 -42
4 -23 11 -49 15 -58 27 -56 40 -92 56 -145 9 -33 22 -69 28 -80 6 -11 20 -47
30 -80 10 -33 24 -73 32 -90 7 -16 16 -42 20 -58 3 -15 10 -30 15 -33 5 -3 9
-15 9 -27 0 -12 6 -34 14 -49 8 -15 17 -40 21 -57 4 -17 11 -31 16 -31 5 0 9
-9 9 -20 0 -24 40 -143 50 -150 4 -3 11 -21 15 -40 16 -75 -35 -70 665 -70
l628 0 15 23 c8 12 18 37 22 55 4 18 13 45 21 60 8 15 14 32 14 38 0 7 7 25
15 40 8 16 15 36 15 45 0 9 7 30 15 45 8 16 15 37 15 47 0 9 4 17 9 17 5 0 12
15 16 33 8 39 33 115 47 141 5 10 18 46 29 80 10 33 23 70 29 81 15 32 50 138
50 153 0 7 7 20 15 28 8 9 15 26 15 39 0 13 4 26 9 30 6 3 13 26 17 50 3 25
10 45 14 45 5 0 11 14 15 31 4 17 13 42 21 57 8 15 14 35 14 45 0 9 4 25 10
35 18 33 50 111 50 124 1 16 32 105 46 133 6 11 19 47 28 80 9 33 21 68 27 78
5 9 16 38 25 63 14 42 14 47 -2 65 -17 19 -49 19 -1248 18 -677 0 -1237 -3
-1243 -6z m2440 -62 c6 -6 1 -27 -11 -53 -41 -88 -52 -117 -52 -136 0 -12 -4
-23 -9 -26 -5 -3 -12 -18 -15 -33 -4 -16 -13 -41 -20 -58 -8 -16 -22 -57 -32
-90 -10 -33 -24 -69 -31 -80 -7 -11 -13 -29 -13 -42 0 -12 -4 -24 -9 -27 -5
-4 -12 -24 -16 -46 -4 -22 -10 -42 -15 -45 -5 -3 -18 -38 -30 -78 -19 -64 -35
-105 -61 -159 -5 -9 -12 -35 -15 -58 -4 -22 -10 -40 -14 -40 -5 0 -11 -14 -15
-31 -4 -17 -13 -42 -21 -57 -8 -15 -14 -37 -14 -49 0 -12 -4 -24 -9 -27 -5 -3
-12 -18 -15 -33 -4 -16 -13 -41 -20 -58 -8 -16 -22 -57 -32 -90 -10 -33 -24
-69 -31 -80 -7 -11 -13 -29 -13 -42 0 -12 -4 -24 -9 -27 -5 -4 -12 -24 -16
-46 -4 -22 -11 -42 -16 -45 -4 -3 -13 -23 -19 -43 -5 -20 -14 -43 -18 -50 -7
-10 -135 -12 -607 -13 -625 0 -614 0 -615 41 0 9 -6 24 -14 35 -7 11 -17 36
-20 55 -7 34 -12 49 -41 115 -7 17 -21 57 -31 90 -9 33 -23 71 -30 85 -7 14
-23 57 -35 95 -12 39 -26 74 -31 80 -4 5 -8 16 -8 25 0 8 -7 28 -15 44 -8 15
-15 35 -15 43 0 14 -11 44 -45 118 -8 17 -17 46 -21 65 -3 19 -10 41 -14 50
-30 64 -40 89 -45 115 -7 31 -16 57 -41 110 -8 17 -17 45 -20 63 -4 18 -11 35
-15 38 -5 3 -9 15 -9 27 0 13 -6 31 -13 42 -7 11 -21 47 -31 80 -9 33 -24 73
-32 88 -8 16 -14 34 -14 40 -1 7 -9 30 -20 52 -22 45 -25 72 -10 77 24 8 2375
-3 2383 -11z"/>
<path d="M3390 1325 c-18 -21 -5 -45 24 -45 14 0 28 -5 32 -12 6 -9 8 -55 5
-98 -1 -5 -17 -16 -36 -24 -19 -8 -35 -22 -35 -30 0 -19 -16 -18 180 -18 88 0
165 1 170 1 6 1 10 10 10 21 0 14 -10 22 -32 28 -32 8 -33 11 -36 62 -3 57 5
70 46 70 20 0 23 5 20 28 l-3 27 -166 3 c-138 2 -168 0 -179 -13z m228 -94 c6
-80 -1 -91 -57 -91 -35 0 -51 4 -55 16 -8 22 -8 109 1 118 4 4 30 6 58 4 l50
-3 3 -44z"/>
</g>
</svg>
