<?xml version="1.0" encoding="UTF-8" standalone="no"?>
<svg
   xmlns:dc="http://purl.org/dc/elements/1.1/"
   xmlns:cc="http://creativecommons.org/ns#"
   xmlns:rdf="http://www.w3.org/1999/02/22-rdf-syntax-ns#"
   xmlns:svg="http://www.w3.org/2000/svg"
   xmlns="http://www.w3.org/2000/svg"
   xmlns:sodipodi="http://sodipodi.sourceforge.net/DTD/sodipodi-0.dtd"
   xmlns:inkscape="http://www.inkscape.org/namespaces/inkscape"
   version="1.0"
   width="804.000000pt"
   height="528.000000pt"
   viewBox="0 0 804.000000 528.000000"
   preserveAspectRatio="xMidYMid meet"
   id="svg3031"
   inkscape:version="0.48.4 r9939"
   sodipodi:docname="3.svg">
  <defs
     id="defs3339" />
  <sodipodi:namedview
     pagecolor="#ffffff"
     bordercolor="#666666"
     borderopacity="1"
     objecttolerance="10"
     gridtolerance="10"
     guidetolerance="10"
     inkscape:pageopacity="0"
     inkscape:pageshadow="2"
     inkscape:window-width="1600"
     inkscape:window-height="824"
     id="namedview3337"
     showgrid="false"
     inkscape:zoom="0.71515151"
     inkscape:cx="542.00686"
     inkscape:cy="374.66929"
     inkscape:window-x="0"
     inkscape:window-y="24"
     inkscape:window-maximized="1"
     inkscape:current-layer="svg3031" />
  <metadata
     id="metadata3033">
Created by potrace 1.10, written by Peter Selinger 2001-2011
<rdf:RDF>
  <cc:Work
     rdf:about="">
    <dc:format>image/svg+xml</dc:format>
    <dc:type
       rdf:resource="http://purl.org/dc/dcmitype/StillImage" />
  </cc:Work>
</rdf:RDF>
</metadata>
  <g
     transform="translate(0.000000,528.000000) scale(0.100000,-0.100000)"
     fill="#000000"
     stroke="none"
     id="g3035">
    <path
       d="M548 5213 c-18 -5 -19 -47 -3 -244 6 -77 -3 -83 -103 -75 -42 3 -126 7 -186 8 -99 2 -110 0 -116 -17 -4 -10 -4 -30 -2 -43 l5 -25 191 5 c105 3 196 4 201 2 11 -4 11 -712 0 -722 -3 -4 -93 -5 -199 -3 l-193 3 -6 -23 c-4 -13 -2 -28 3 -33 6 -6 93 -10 206 -11 l195 0 2 -373 2 -373 -199 1 c-119 1 -202 -2 -208 -8 -7 -7 -7 -20 -1 -38 l9 -28 115 2 c63 1 148 5 190 8 53 5 79 3 84 -5 8 -14 8 -731 -1 -740 -3 -3 -93 -4 -200 -2 l-194 3 0 -32 0 -33 195 5 c132 3 198 1 203 -6 4 -6 5 -175 2 -376 l-5 -365 -197 4 -198 4 0 -37 0 -36 143 0 c78 1 161 5 184 9 78 15 75 33 74 -384 -1 -202 -3 -371 -6 -374 -7 -6 -223 -3 -323 5 l-72 6 0 -36 0 -37 196 2 c107 1 197 -1 200 -4 3 -2 6 -170 7 -371 l2 -367 -24 -6 c-13 -3 -103 -3 -201 0 -138 4 -180 3 -183 -7 -3 -7 -2 -17 1 -22 9 -12 7645 -12 7654 0 3 5 4 15 1 23 -4 10 -29 12 -104 10 l-100 -2 0 370 0 370 100 3 101 3 0 34 c0 40 2 39 -113 26 -37 -4 -72 -4 -77 -1 -7 4 -11 135 -11 381 l0 374 100 -4 101 -3 0 37 0 38 -100 -7 -100 -8 -2 369 c-2 202 -1 373 0 380 3 9 30 10 103 6 l99 -6 0 33 0 33 -95 -5 c-53 -3 -98 -2 -100 3 -3 4 -7 160 -9 346 -3 186 -5 349 -6 362 -3 40 12 45 107 34 48 -5 92 -7 96 -3 4 4 9 20 10 36 l2 29 -103 1 c-107 0 -131 9 -114 44 4 8 8 170 9 360 l2 345 100 -1 c87 -1 101 1 106 16 3 9 2 25 -1 35 -6 15 -19 16 -100 13 -51 -1 -95 0 -99 3 -3 4 -6 168 -6 365 l0 359 99 -3 c95 -3 99 -3 105 18 9 33 -9 72 -31 66 -9 -2 -52 -8 -94 -12 -62 -5 -78 -4 -79 7 -1 8 -2 82 -3 164 -1 143 -2 150 -21 150 -19 0 -20 -7 -21 -150 -1 -82 -2 -154 -3 -160 -1 -7 -143 -10 -407 -9 -364 2 -408 3 -416 18 -5 9 -7 19 -4 24 2 4 5 65 7 136 3 113 1 131 -14 140 -12 8 -20 7 -30 -4 -11 -12 -12 -45 -7 -155 3 -77 5 -144 3 -150 -2 -6 -148 -9 -415 -8 -328 1 -413 4 -418 15 -3 7 -3 74 0 148 6 144 1 164 -38 154 -21 -6 -22 -12 -22 -93 0 -47 5 -113 10 -146 5 -34 6 -63 1 -68 -5 -5 -194 -9 -421 -9 -318 -1 -414 2 -420 12 -4 6 -4 28 0 49 5 20 10 82 12 139 3 92 1 105 -15 114 -36 20 -42 -4 -42 -164 l0 -151 -404 1 c-296 0 -406 3 -411 12 -4 6 -3 30 1 53 4 23 8 88 9 145 l0 102 -35 0 -35 0 0 -82 c0 -46 5 -112 10 -148 5 -37 5 -69 0 -74 -5 -5 -163 -9 -352 -11 -189 -1 -366 -5 -394 -10 -70 -10 -72 -4 -64 170 7 154 3 167 -44 158 l-29 -6 7 -111 c4 -61 9 -120 12 -131 10 -45 9 -45 -421 -45 -224 -1 -412 3 -416 7 -4 4 -4 67 1 138 6 104 4 133 -6 145 -29 30 -37 -4 -38 -150 l-1 -141 -415 0 c-469 -1 -432 -8 -419 85 4 28 8 85 8 127 1 82 -6 93 -49 82 -23 -6 -23 -8 -16 -117 3 -61 9 -123 12 -137 4 -18 -1 -34 -18 -53 l-23 -27 -75 12 c-50 7 -179 10 -387 7 -211 -2 -313 0 -314 7 -1 5 -1 75 1 154 2 112 -1 145 -11 152 -8 5 -16 8 -19 8 -3 -1 -13 -3 -22 -6z m1758 -389 c10 -13 12 -13 18 1 5 13 58 15 431 15 263 0 433 -4 445 -10 10 -5 52 -42 92 -82 81 -79 250 -236 332 -308 28 -25 83 -78 122 -117 39 -40 76 -73 82 -73 17 0 124 -110 144 -147 11 -22 24 -33 39 -33 30 0 104 -63 134 -115 15 -24 38 -48 55 -55 47 -20 92 -57 116 -98 21 -36 82 -92 100 -92 18 0 97 -76 120 -116 19 -32 43 -53 88 -79 43 -24 70 -48 90 -79 37 -59 62 -81 119 -106 47 -21 48 -22 45 -63 -3 -38 -7 -44 -68 -84 -36 -24 -78 -58 -93 -76 -57 -65 -93 -99 -128 -117 -21 -11 -47 -35 -58 -54 -12 -19 -61 -64 -109 -100 -48 -36 -96 -78 -106 -94 -10 -16 -41 -46 -69 -68 -42 -33 -114 -100 -136 -127 -20 -25 -107 -97 -117 -97 -7 0 -14 7 -18 15 -3 8 -10 15 -16 15 -14 0 -13 -27 1 -32 21 -7 -26 -66 -94 -119 -37 -28 -67 -55 -67 -60 0 -4 -39 -41 -87 -81 -49 -40 -92 -80 -97 -88 -12 -19 -42 -45 -106 -95 -28 -22 -64 -57 -80 -77 -15 -21 -51 -54 -80 -73 -55 -37 -116 -99 -125 -127 -4 -10 -16 -20 -28 -23 -12 -3 -408 -4 -880 -3 l-857 3 0 1564 c0 860 2 1566 4 1570 2 3 190 5 418 3 353 -2 415 -5 424 -18z m1174 5 c75 -6 227 -9 342 -6 146 3 210 1 217 -7 4 -6 5 -42 0 -81 -11 -94 -11 -328 1 -443 9 -95 24 -132 44 -112 15 15 21 512 8 577 -6 27 -7 52 -2 57 5 5 190 9 412 9 l403 0 0 -363 0 -362 -336 1 c-224 1 -352 -2 -382 -9 -38 -10 -51 -9 -80 5 -19 9 -37 25 -40 36 -3 10 -13 19 -24 19 -24 1 -45 18 -69 58 -10 18 -41 46 -69 62 -55 32 -91 67 -123 121 -12 20 -39 44 -64 57 -48 24 -73 47 -120 111 -20 26 -55 55 -88 73 -40 21 -62 41 -80 73 -13 24 -42 55 -65 69 -94 60 -110 83 -52 72 17 -3 93 -11 167 -17z m-2093 -6 c4 -10 6 -177 3 -372 l-5 -353 -392 -2 c-216 0 -393 1 -393 4 -1 3 -1 167 -1 365 l-1 360 314 -3 c172 -1 340 2 373 7 90 13 94 12 102 -6z m4403 -9 c5 -5 4 -45 -1 -89 -13 -101 -6 -540 9 -577 21 -50 16 -51 -411 -49 -215 1 -401 1 -412 1 -20 0 -20 6 -17 292 2 164 -1 319 -7 353 -7 46 -7 62 3 70 16 12 824 11 836 -1z m880 6 c5 -586 4 -710 -7 -710 -7 0 -193 0 -413 0 -220 0 -403 0 -407 0 -6 0 -7 245 -3 710 0 3 187 5 415 5 228 0 415 -2 415 -5z m871 -355 c0 -196 -2 -360 -5 -362 -3 -3 -154 -5 -335 -4 -205 1 -352 -2 -390 -9 -100 -18 -93 -45 -92 364 0 197 3 361 5 364 2 4 187 7 411 6 l407 -1 -1 -358z m-364 -425 l363 -5 3 -353 c1 -193 1 -352 0 -352 -16 0 -54 28 -67 51 -24 41 -83 96 -137 130 -25 16 -59 48 -76 71 -17 24 -53 61 -79 83 -26 22 -80 69 -118 105 -103 95 -108 99 -201 181 -60 53 -84 81 -85 98 0 21 2 22 17 10 13 -11 92 -15 380 -19z m-5800 2 c19 -12 20 -743 1 -751 -7 -3 -186 -5 -398 -3 l-385 3 2 372 1 372 379 5 c208 3 380 6 383 8 3 1 10 -2 17 -6z m3530 -5 c1 -2 3 -156 5 -345 2 -223 0 -342 -7 -342 -5 0 -71 59 -145 130 -74 72 -148 140 -165 151 -16 12 -39 35 -50 52 -11 17 -41 45 -67 64 -26 18 -80 65 -121 105 -65 64 -108 100 -181 152 -11 7 -17 19 -14 27 5 12 66 13 374 11 203 -2 370 -4 371 -5z m862 -1 c8 -9 11 -118 9 -381 l-3 -367 -410 2 c-225 0 -414 5 -418 9 -12 12 -11 45 2 116 13 69 14 499 2 562 -4 23 -5 46 -2 52 5 7 138 12 402 14 216 1 397 3 400 5 4 1 12 -4 18 -12z m940 -18 c23 -37 109 -118 136 -128 13 -5 41 -33 63 -62 48 -64 65 -80 120 -108 23 -12 42 -26 42 -31 0 -11 133 -145 190 -190 25 -20 68 -60 95 -88 28 -29 67 -62 88 -73 52 -30 68 -85 36 -128 -12 -16 -51 -48 -85 -70 -35 -22 -85 -64 -111 -93 -26 -29 -78 -75 -114 -102 -37 -28 -77 -65 -90 -84 -13 -19 -47 -49 -75 -67 -28 -18 -70 -55 -93 -81 -40 -45 -144 -132 -204 -170 -15 -10 -29 -25 -32 -33 -4 -13 -58 -15 -417 -13 l-413 3 -3 772 -2 773 427 -2 428 -2 14 -23z m-930 -1190 c-1 -358 0 -391 16 -408 15 -17 16 -22 4 -36 -11 -14 -14 -83 -15 -362 l0 -344 -413 -1 -413 -1 -2 372 c-1 324 1 372 14 372 8 0 182 2 387 3 282 1 375 5 384 15 11 10 11 14 0 25 -9 9 -102 13 -384 14 -205 1 -379 2 -387 3 -13 0 -15 43 -15 323 0 247 -3 329 -13 354 -10 22 -11 37 -4 50 10 17 31 18 359 15 191 -1 373 1 403 6 34 5 60 4 68 -2 10 -7 13 -89 11 -398z m-4389 26 c0 -321 -2 -373 -15 -384 -14 -12 -14 -15 0 -30 13 -15 15 -66 13 -396 l-3 -379 -30 3 c-88 9 -591 12 -660 4 -44 -5 -84 -6 -88 -2 -9 8 -11 745 -2 759 3 6 20 5 40 0 55 -16 671 -7 687 9 11 11 9 16 -7 28 -17 13 -72 15 -373 12 -193 -2 -352 -1 -352 2 -1 33 -1 736 -1 740 1 3 179 5 396 5 l395 0 0 -371z m3520 -32 l-5 -343 -350 -2 c-192 -1 -358 -6 -367 -11 -31 -15 -20 -33 25 -40 23 -4 188 -6 367 -5 l325 2 3 -368 c1 -231 -1 -372 -8 -380 -7 -8 -27 -9 -72 -3 -35 5 -213 7 -397 6 l-333 -3 -2 337 c-1 211 -5 341 -11 347 -41 41 -57 -101 -53 -453 l3 -229 -345 -2 c-341 -2 -405 -7 -405 -36 0 -23 79 -28 423 -27 192 1 326 -2 331 -8 6 -5 5 -31 0 -64 -6 -30 -9 -194 -7 -365 l3 -310 -379 -3 c-234 -1 -384 -6 -391 -12 -31 -25 -34 16 -35 397 -2 442 -5 425 94 501 61 47 111 93 250 227 40 39 98 88 129 110 30 22 66 57 79 78 13 21 38 46 55 55 35 18 143 119 143 133 0 12 42 49 56 49 7 0 33 12 58 28 32 19 45 34 46 50 0 27 62 91 120 123 25 13 54 40 67 59 26 41 25 40 79 83 23 19 56 39 73 46 17 8 43 33 60 60 17 25 38 52 48 59 10 7 42 29 72 50 30 21 62 51 71 67 9 17 41 49 71 72 30 24 65 52 78 63 14 11 27 17 30 13 3 -5 4 -162 1 -351z m2632 11 c-1 -186 -2 -342 -2 -348 0 -6 -124 -10 -353 -10 -268 0 -357 -3 -374 -13 -67 -38 -6 -44 395 -40 217 2 332 0 332 -7 0 -9 0 -722 0 -735 0 -6 -809 -4 -815 2 -2 2 -5 171 -6 375 -1 330 1 374 15 388 9 9 16 23 16 30 0 8 30 38 66 67 37 29 90 76 118 104 28 28 85 79 126 113 41 35 107 93 145 130 39 37 82 76 97 85 15 10 69 58 120 107 51 49 100 89 108 89 13 0 15 -43 12 -337z m-873 -410 c3 -5 5 -175 3 -378 l-3 -371 -347 1 c-191 0 -376 -2 -412 -5 l-65 -5 -5 375 c-3 206 -2 380 2 385 8 12 819 9 827 -2z m-5267 -800 c12 -15 13 -60 7 -303 -4 -157 -5 -322 -2 -366 3 -52 2 -84 -5 -88 -6 -3 -188 -7 -406 -9 -346 -2 -396 0 -396 13 -5 135 1 745 7 751 4 4 32 3 62 -3 81 -14 676 -7 693 10 16 16 22 15 40 -5z m900 -73 c-2 -41 2 -137 8 -213 11 -123 11 -141 -3 -155 -14 -13 -18 -13 -33 -1 -13 11 -16 27 -12 85 3 40 1 79 -4 88 -11 19 -51 21 -66 3 -14 -16 -4 -191 12 -212 15 -20 101 -33 153 -23 l42 9 3 101 c2 57 -1 107 -7 115 -6 7 -24 17 -40 22 -22 6 -29 13 -27 27 12 80 13 147 3 175 -21 61 -32 59 428 57 l416 -3 -1 -35 c-1 -19 -2 -189 -3 -377 -1 -215 -6 -345 -12 -349 -17 -10 -802 -4 -815 7 -9 7 -11 32 -7 82 3 43 0 84 -7 102 -18 47 -30 13 -30 -87 0 -47 -2 -92 -5 -100 -4 -11 -81 -13 -410 -11 -223 1 -410 5 -415 8 -7 4 -10 45 -8 103 2 53 2 219 0 367 -2 149 -3 276 -2 283 0 10 88 12 423 10 l422 -3 -3 -75z m2602 64 c7 -19 8 -727 1 -746 -4 -11 -79 -13 -402 -11 -217 1 -398 5 -400 7 -3 3 -5 172 -5 377 l0 372 363 -2 c206 -1 377 3 394 8 42 13 42 13 49 -5z m1410 -2 c196 2 356 0 356 -4 0 -4 3 -85 6 -180 8 -227 9 -216 -12 -239 -40 -44 -56 -17 -53 89 2 80 -3 92 -36 92 -34 0 -38 -12 -36 -106 3 -126 20 -150 102 -142 l34 3 -4 -130 c-2 -71 -4 -131 -6 -133 -1 -2 -186 -3 -411 -3 l-409 0 -8 178 c-9 209 -1 561 13 578 7 9 24 10 59 3 26 -4 208 -7 405 -6z m-527 -6 c3 -2 3 -123 2 -268 -2 -145 -3 -308 -1 -364 2 -74 -1 -103 -10 -110 -8 -5 -182 -7 -416 -4 l-404 5 -1 373 c-1 204 1 373 5 375 15 4 820 -2 825 -7z m1759 -12 c7 -28 -1 -723 -9 -730 -3 -4 -701 -7 -806 -4 -5 0 -11 55 -13 123 -4 98 -2 125 10 139 22 26 25 217 4 241 -12 13 -15 42 -15 126 1 61 3 113 6 118 3 4 188 9 411 10 l406 2 6 -25z m-6135 -801 c4 -5 3 -35 -2 -68 -6 -33 -8 -197 -7 -365 l3 -305 -402 -3 c-222 -1 -403 1 -403 5 0 58 -1 731 -1 738 1 12 801 10 812 -2z m495 7 l394 0 -2 -372 -3 -373 -414 0 -413 0 -2 373 c-1 240 3 373 9 376 6 3 16 3 23 0 8 -2 191 -4 408 -4z m2135 -8 c4 -4 3 -32 -1 -62 -10 -68 -11 -476 -2 -583 5 -47 4 -81 -2 -87 -6 -6 -162 -10 -408 -10 l-398 0 0 373 c0 206 2 376 4 378 7 7 801 -2 807 -9z m864 -363 l0 -374 -404 0 -405 0 2 330 c2 204 -1 343 -7 364 -6 19 -8 37 -5 40 4 5 770 19 809 15 6 0 10 -133 10 -375z m1658 368 l108 -2 0 -370 0 -370 -413 0 -413 0 -5 365 c-3 201 -2 370 2 375 6 9 374 10 721 2z m-3393 -366 c0 -200 -3 -368 -6 -373 -5 -8 -793 -12 -816 -3 -10 4 -13 74 -11 373 1 202 3 368 3 370 0 1 187 1 416 0 l415 -3 -1 -364z m2622 344 c-9 -50 -12 -558 -4 -628 6 -57 5 -80 -4 -87 -7 -7 -164 -9 -420 -8 l-408 3 2 335 c2 191 -1 349 -7 367 -5 17 -7 34 -3 37 3 4 195 5 426 4 415 -3 421 -3 418 -23z m1749 -350 l0 -370 -408 0 -408 0 -5 365 c-3 201 -4 368 -2 373 2 4 188 6 413 5 l410 -3 0 -370z"
       id="path3037" />
    <path
       d="M3170 4766 c0 -16 27 -29 41 -20 19 11 9 34 -16 34 -15 0 -25 -6 -25 -14z"
       id="path3039" />
    <path
       d="M2294 4705 c-8 -31 7 -50 31 -41 22 8 16 60 -7 64 -12 2 -19 -5 -24 -23z"
       id="path3041" />
    <path
       d="M3160 4635 c-10 -12 -8 -17 13 -26 32 -15 57 -6 57 21 0 15 -7 20 -29 20 -16 0 -34 -7 -41 -15z"
       id="path3043" />
    <path
       d="M2290 4586 c0 -34 10 -56 25 -56 15 0 25 22 25 56 0 19 -5 24 -25 24 -20 0 -25 -5 -25 -24z"
       id="path3045" />
    <path
       d="M3164 4526 c-3 -8 -4 -25 -2 -38 2 -18 10 -24 36 -26 31 -3 32 -2 32 37 0 39 -2 41 -30 41 -17 0 -33 -6 -36 -14z"
       id="path3047" />
    <path
       d="M2294 4455 c-4 -9 -2 -21 4 -27 15 -15 44 -1 40 19 -4 23 -36 29 -44 8z"
       id="path3049" />
    <path
       d="M3166 4404 c-19 -19 -7 -49 24 -57 19 -5 50 15 50 33 0 40 -44 54 -74 24z"
       id="path3051" />
    <path
       d="M2294 4325 c-8 -34 2 -57 23 -53 22 4 29 44 13 64 -18 21 -29 17 -36 -11z"
       id="path3053" />
    <path
       d="M3160 4262 c0 -42 55 -58 69 -19 12 30 6 37 -35 37 -26 0 -34 -4 -34 -18z"
       id="path3055" />
    <path
       d="M2303 4223 c-16 -6 -17 -55 -1 -71 17 -17 38 4 38 38 0 28 -15 41 -37 33z"
       id="path3057" />
    <path
       d="M3164 4128 c-8 -28 26 -58 67 -58 35 0 36 11 7 50 -26 36 -63 40 -74 8z"
       id="path3059" />
    <path
       d="M2443 4105 c-17 -13 -17 -15 -1 -31 20 -20 48 -12 48 15 0 25 -23 33 -47 16z"
       id="path3061" />
    <path
       d="M1543 4094 c-5 -14 11 -34 27 -34 3 0 11 4 19 9 19 12 6 41 -19 41 -11 0 -23 -7 -27 -16z"
       id="path3063" />
    <path
       d="M1664 4095 c-9 -24 10 -39 41 -31 18 5 25 12 23 24 -4 23 -56 29 -64 7z"
       id="path3065" />
    <path
       d="M1782 4097 c-10 -11 -9 -17 3 -27 21 -17 67 -4 63 18 -4 22 -51 28 -66 9z"
       id="path3067" />
    <path
       d="M1920 4100 c-13 -9 -12 -12 4 -25 24 -18 42 -19 48 -2 12 32 -19 49 -52 27z"
       id="path3069" />
    <path
       d="M2050 4090 c0 -26 22 -35 50 -20 17 9 19 14 9 26 -18 22 -59 18 -59 -6z"
       id="path3071" />
    <path
       d="M2160 4095 c-10 -12 -8 -16 15 -25 35 -13 65 -4 65 21 0 15 -7 19 -34 19 -18 0 -39 -7 -46 -15z"
       id="path3073" />
    <path
       d="M2300 4096 c-16 -20 -9 -60 11 -64 23 -4 55 58 37 70 -19 12 -34 10 -48 -6z"
       id="path3075" />
    <path
       d="M2544 4098 c-11 -17 27 -40 56 -33 32 8 34 11 27 30 -7 18 -72 21 -83 3z"
       id="path3077" />
    <path
       d="M2675 4100 c-4 -7 0 -19 8 -27 21 -21 70 -9 65 15 -4 20 -62 29 -73 12z"
       id="path3079" />
    <path
       d="M2820 4100 c-13 -9 -12 -12 5 -25 26 -20 50 -15 50 10 0 23 -31 31 -55 15z"
       id="path3081" />
    <path
       d="M2933 4094 c-6 -17 12 -34 37 -34 25 0 43 17 37 34 -4 10 -18 16 -37 16 -19 0 -33 -6 -37 -16z"
       id="path3083" />
    <path
       d="M3067 4103 c-26 -25 10 -48 51 -32 26 10 26 11 8 25 -21 15 -48 18 -59 7z"
       id="path3085" />
    <path
       d="M3333 4104 c-21 -9 -14 -31 11 -38 32 -8 58 3 54 23 -3 16 -42 25 -65 15z"
       id="path3087" />
    <path
       d="M3440 4091 c0 -27 15 -34 56 -26 26 4 34 11 32 23 -2 12 -15 18 -46 20 -36 3 -42 0 -42 -17z"
       id="path3089" />
    <path
       d="M3584 4095 c-10 -24 12 -42 34 -29 24 16 21 38 -6 42 -13 2 -25 -3 -28 -13z"
       id="path3091" />
    <path
       d="M3713 4095 c-7 -20 14 -36 42 -33 12 2 20 11 20 23 0 26 -52 35 -62 10z"
       id="path3093" />
    <path
       d="M3837 4103 c-18 -17 -5 -33 27 -33 44 0 55 17 21 30 -31 12 -39 12 -48 3z"
       id="path3095" />
    <path
       d="M3178 4019 c-10 -5 -18 -19 -18 -29 0 -21 34 -44 54 -37 20 8 26 46 9 62 -17 17 -22 18 -45 4z"
       id="path3097" />
    <path
       d="M4017 3973 c-4 -3 -7 -17 -7 -30 0 -21 4 -24 32 -21 37 4 45 19 23 42 -17 17 -37 21 -48 9z"
       id="path3099" />
    <path
       d="M2294 3946 c-10 -26 0 -51 21 -51 16 0 20 7 20 30 0 33 -30 49 -41 21z"
       id="path3101" />
    <path
       d="M3161 3891 c-21 -13 -7 -38 26 -44 32 -6 59 13 50 37 -7 17 -53 21 -76 7z"
       id="path3103" />
    <path
       d="M4012 3828 c4 -41 36 -50 67 -19 30 30 17 51 -31 51 -38 0 -39 -1 -36 -32z"
       id="path3105" />
    <path
       d="M2303 3833 c-16 -6 -17 -37 -2 -64 14 -27 39 -7 39 31 0 28 -15 41 -37 33z"
       id="path3107" />
    <path
       d="M3164 3755 c-11 -27 4 -45 36 -45 27 0 30 3 30 30 0 27 -3 30 -30 30 -18 0 -33 -6 -36 -15z"
       id="path3109" />
    <path
       d="M4017 3733 c-12 -11 -8 -53 6 -54 63 -6 92 14 58 42 -23 19 -52 25 -64 12z"
       id="path3111" />
    <path
       d="M2294 3696 c-10 -26 0 -51 21 -51 16 0 20 7 20 30 0 33 -30 49 -41 21z"
       id="path3113" />
    <path
       d="M3178 3639 c-26 -15 -23 -58 5 -68 41 -15 63 12 46 57 -9 24 -24 27 -51 11z"
       id="path3115" />
    <path
       d="M4017 3593 c-4 -3 -7 -19 -7 -35 0 -28 2 -29 38 -26 30 2 38 7 40 27 2 13 -2 28 -10 32 -16 10 -52 12 -61 2z"
       id="path3117" />
    <path
       d="M2301 3566 c-19 -23 -10 -61 14 -61 14 0 21 8 23 26 4 33 -20 56 -37 35z"
       id="path3119" />
    <path
       d="M3153 3494 c-7 -19 4 -31 38 -39 29 -7 55 15 45 40 -8 21 -75 20 -83 -1z"
       id="path3121" />
    <path
       d="M4022 3471 c-8 -5 -12 -19 -10 -32 4 -34 61 -40 78 -9 7 12 8 26 3 30 -14 13 -58 20 -71 11z"
       id="path3123" />
    <path
       d="M2297 3444 c-13 -13 -7 -51 9 -65 13 -10 17 -10 25 2 21 33 -8 88 -34 63z"
       id="path3125" />
    <path
       d="M3176 3367 c-28 -20 -14 -49 21 -45 22 2 28 8 28 28 0 29 -22 37 -49 17z"
       id="path3127" />
    <path
       d="M4017 3333 c-4 -3 -7 -15 -7 -25 0 -12 7 -18 24 -18 16 0 32 -11 46 -30 24 -33 45 -39 54 -14 11 28 6 43 -16 50 -13 4 -29 15 -36 25 -13 19 -52 26 -65 12z"
       id="path3129" />
    <path
       d="M2293 3298 c-11 -24 -3 -61 16 -72 14 -9 33 30 29 62 -4 34 -31 40 -45 10z"
       id="path3131" />
    <path
       d="M1521 3286 c-15 -18 2 -66 24 -66 8 0 21 12 27 26 11 22 10 28 -7 40 -24 17 -30 17 -44 0z"
       id="path3133" />
    <path
       d="M1637 3288 c-15 -11 -16 -18 -8 -41 9 -23 16 -28 39 -25 24 3 27 7 27 38 0 27 -4 36 -20 38 -11 1 -28 -3 -38 -10z"
       id="path3135" />
    <path
       d="M1772 3291 c-8 -5 -12 -21 -10 -37 4 -41 44 -46 58 -8 16 40 -13 68 -48 45z"
       id="path3137" />
    <path
       d="M1907 3294 c-12 -13 -7 -61 7 -73 21 -17 55 33 39 58 -11 18 -35 26 -46 15z"
       id="path3139" />
    <path
       d="M2021 3287 c-8 -11 -9 -22 -1 -41 8 -22 15 -27 38 -24 24 3 27 7 27 38 0 30 -4 35 -26 38 -14 2 -31 -3 -38 -11z"
       id="path3141" />
    <path
       d="M2144 3286 c-3 -9 -3 -28 0 -42 5 -20 12 -25 34 -22 24 3 27 7 27 38 0 31 -3 35 -28 38 -18 2 -29 -2 -33 -12z"
       id="path3143" />
    <path
       d="M2411 3286 c-18 -21 6 -68 33 -64 27 4 47 55 26 68 -22 14 -46 12 -59 -4z"
       id="path3145" />
    <path
       d="M2528 3290 c-22 -13 -12 -49 18 -62 31 -14 56 6 52 41 -2 19 -9 27 -28 28 -14 2 -32 -2 -42 -7z"
       id="path3147" />
    <path
       d="M2661 3286 c-8 -9 -8 -21 -1 -40 11 -31 21 -32 43 -8 21 23 22 48 1 56 -23 9 -30 8 -43 -8z"
       id="path3149" />
    <path
       d="M2797 3294 c-13 -13 -7 -41 12 -65 l18 -23 12 23 c17 31 10 65 -14 69 -12 2 -24 0 -28 -4z"
       id="path3151" />
    <path
       d="M2911 3291 c-19 -12 -6 -58 19 -66 28 -9 60 12 60 39 0 33 -46 48 -79 27z"
       id="path3153" />
    <path
       d="M3046 3285 c-6 -18 10 -65 22 -65 14 0 42 35 42 52 0 28 -54 39 -64 13z"
       id="path3155" />
    <path
       d="M3196 3287 c-24 -19 -38 -65 -26 -88 22 -41 58 -18 66 43 7 49 -9 68 -40 45z"
       id="path3157" />
    <path
       d="M3303 3293 c-29 -11 -2 -73 32 -73 8 0 22 11 31 25 13 20 14 28 4 40 -12 15 -43 18 -67 8z"
       id="path3159" />
    <path
       d="M3430 3290 c-11 -7 -12 -15 -4 -37 13 -37 39 -41 60 -9 13 21 14 29 4 41 -14 17 -38 19 -60 5z"
       id="path3161" />
    <path
       d="M3583 3293 c-19 -7 -16 -38 7 -58 19 -17 20 -17 29 9 17 43 1 64 -36 49z"
       id="path3163" />
    <path
       d="M3693 3293 c-29 -11 -2 -73 32 -73 8 0 22 11 31 25 13 20 14 28 4 40 -12 15 -43 18 -67 8z"
       id="path3165" />
    <path
       d="M3807 3293 c-12 -12 -7 -50 8 -63 31 -26 90 24 64 56 -12 14 -60 19 -72 7z"
       id="path3167" />
    <path
       d="M3944 3285 c-4 -9 -1 -28 6 -43 11 -26 12 -26 26 -7 8 11 13 29 12 40 -4 25 -36 32 -44 10z"
       id="path3169" />
    <path
       d="M4195 3289 c-4 -5 -4 -21 -1 -35 8 -30 45 -33 71 -4 15 16 15 22 5 35 -14 17 -66 20 -75 4z"
       id="path3171" />
    <path
       d="M4324 3287 c-7 -20 13 -67 30 -67 15 0 36 47 29 68 -6 16 -52 16 -59 -1z"
       id="path3173" />
    <path
       d="M4463 3294 c-20 -9 -15 -28 13 -55 25 -24 26 -24 40 -4 22 29 14 60 -16 62 -14 1 -31 -1 -37 -3z"
       id="path3175" />
    <path
       d="M4577 3288 c-2 -7 -1 -23 4 -35 15 -40 79 -25 79 18 0 28 -73 42 -83 17z"
       id="path3177" />
    <path
       d="M4721 3291 c-18 -12 -4 -51 19 -51 22 0 34 28 19 46 -13 16 -19 17 -38 5z"
       id="path3179" />
    <path
       d="M4014 3195 c-10 -25 4 -45 29 -45 29 0 52 24 43 45 -7 20 -65 20 -72 0z"
       id="path3181" />
    <path
       d="M2294 3165 c-4 -9 -2 -21 4 -27 15 -15 44 -1 40 19 -4 23 -36 29 -44 8z"
       id="path3183" />
    <path
       d="M3160 3115 c-10 -12 -10 -18 0 -30 16 -20 69 -20 76 0 14 36 -50 62 -76 30z"
       id="path3185" />
    <path
       d="M4014 3076 c-19 -49 36 -75 71 -36 19 22 19 22 0 36 -25 18 -64 18 -71 0z"
       id="path3187" />
    <path
       d="M2297 3054 c-12 -13 -7 -51 8 -64 22 -18 37 0 33 36 -3 28 -26 43 -41 28z"
       id="path3189" />
    <path
       d="M3162 2968 c4 -32 63 -39 71 -9 6 26 0 31 -40 31 -30 0 -34 -3 -31 -22z"
       id="path3191" />
    <path
       d="M4023 2964 c-7 -3 -13 -19 -13 -35 0 -26 3 -29 35 -29 36 0 60 25 47 47 -9 14 -52 24 -69 17z"
       id="path3193" />
    <path
       d="M2294 2926 c-10 -27 5 -68 24 -64 24 5 24 71 -1 76 -9 2 -20 -4 -23 -12z"
       id="path3195" />
    <path
       d="M3164 2856 c-12 -31 1 -51 32 -54 34 -3 46 12 37 47 -6 25 -60 30 -69 7z"
       id="path3197" />
    <path
       d="M4010 2800 c0 -17 7 -20 38 -20 21 0 42 3 45 7 13 13 -16 33 -49 33 -27 0 -34 -4 -34 -20z"
       id="path3199" />
    <path
       d="M2294 2785 c-4 -18 -2 -30 7 -36 22 -14 34 -5 34 27 0 39 -32 46 -41 9z"
       id="path3201" />
    <path
       d="M3165 2730 c-23 -26 -5 -50 37 -50 33 0 44 19 28 49 -14 26 -42 27 -65 1z"
       id="path3203" />
    <path
       d="M4017 2693 c-11 -10 -8 -51 4 -58 17 -11 69 16 69 35 0 25 -55 42 -73 23z"
       id="path3205" />
    <path
       d="M2294 2656 c-9 -24 4 -48 23 -44 12 2 18 12 18 28 0 29 -32 41 -41 16z"
       id="path3207" />
    <path
       d="M3190 2613 c-8 -3 -21 -10 -28 -16 -18 -15 4 -37 38 -37 31 0 42 16 28 43 -9 18 -13 19 -38 10z"
       id="path3209" />
    <path
       d="M4010 2556 c0 -20 12 -26 38 -19 33 8 27 33 -8 33 -19 0 -30 -5 -30 -14z"
       id="path3211" />
    <path
       d="M2297 2544 c-4 -4 -7 -16 -7 -26 0 -10 -5 -27 -12 -38 -10 -15 -9 -22 5 -37 10 -12 14 -27 10 -41 -7 -27 13 -53 34 -45 11 4 13 14 9 37 -6 29 -6 42 -2 121 1 29 -20 45 -37 29z"
       id="path3213" />
    <path
       d="M2803 2487 c-28 -12 -29 -28 -3 -52 16 -15 22 -15 35 -5 34 28 8 76 -32 57z"
       id="path3215" />
    <path
       d="M3813 2493 c-7 -3 -13 -16 -13 -29 0 -13 6 -25 13 -25 41 -4 73 17 57 36 -13 15 -40 23 -57 18z"
       id="path3217" />
    <path
       d="M1515 2480 c-10 -17 6 -51 22 -48 26 5 41 37 23 48 -20 13 -37 13 -45 0z"
       id="path3219" />
    <path
       d="M1624 2475 c-8 -20 2 -44 21 -51 17 -7 55 22 55 41 0 26 -67 35 -76 10z"
       id="path3221" />
    <path
       d="M1757 2478 c-9 -28 5 -49 32 -46 46 5 37 57 -11 58 -9 0 -18 -6 -21 -12z"
       id="path3223" />
    <path
       d="M1896 2474 c-8 -20 11 -54 29 -54 16 0 31 43 20 59 -10 16 -42 13 -49 -5z"
       id="path3225" />
    <path
       d="M2015 2480 c-9 -15 4 -47 22 -54 17 -7 53 20 53 39 0 23 -63 35 -75 15z"
       id="path3227" />
    <path
       d="M2140 2480 c-23 -15 1 -45 36 -45 24 0 29 4 29 25 0 19 -6 26 -25 28 -14 1 -32 -2 -40 -8z"
       id="path3229" />
    <path
       d="M2405 2480 c-9 -14 3 -47 20 -53 18 -7 38 17 33 40 -4 20 -42 30 -53 13z"
       id="path3231" />
    <path
       d="M2514 2475 c-8 -21 14 -45 41 -45 27 0 49 24 41 45 -3 9 -18 15 -41 15 -23 0 -38 -6 -41 -15z"
       id="path3233" />
    <path
       d="M2655 2480 c-9 -15 4 -50 20 -50 7 0 21 7 30 16 12 12 13 19 4 30 -13 16 -45 19 -54 4z"
       id="path3235" />
    <path
       d="M2902 2463 c4 -34 45 -45 65 -17 17 24 0 44 -39 44 -26 0 -29 -3 -26 -27z"
       id="path3237" />
    <path
       d="M3045 2480 c-9 -15 4 -50 19 -50 20 0 39 27 32 45 -6 17 -42 20 -51 5z"
       id="path3239" />
    <path
       d="M3172 2481 c-22 -13 -10 -45 21 -55 32 -12 49 4 45 39 -3 22 -43 32 -66 16z"
       id="path3241" />
    <path
       d="M3287 2478 c-8 -22 13 -48 38 -48 29 0 50 31 33 48 -16 16 -65 15 -71 0z"
       id="path3243" />
    <path
       d="M3413 2474 c-6 -17 20 -44 43 -44 18 0 37 28 30 45 -8 21 -65 20 -73 -1z"
       id="path3245" />
    <path
       d="M3554 2475 c-10 -24 19 -49 45 -40 16 5 21 13 19 28 -4 28 -55 37 -64 12z"
       id="path3247" />
    <path
       d="M3687 2484 c-14 -14 -7 -43 12 -49 29 -9 52 5 49 29 -3 21 -46 35 -61 20z"
       id="path3249" />
    <path
       d="M3169 2341 c-20 -16 -22 -21 -10 -35 18 -22 75 -18 79 5 3 17 -22 49 -38 49 -4 0 -18 -8 -31 -19z"
       id="path3251" />
    <path
       d="M2297 2284 c-12 -12 -8 -51 7 -63 18 -15 39 9 34 41 -3 22 -27 35 -41 22z"
       id="path3253" />
    <path
       d="M3165 2216 c-29 -21 -12 -46 30 -46 39 0 55 21 35 45 -15 19 -40 19 -65 1z"
       id="path3255" />
    <path
       d="M2297 2154 c-12 -12 -8 -41 7 -53 17 -14 39 9 34 36 -3 18 -29 29 -41 17z"
       id="path3257" />
    <path
       d="M3173 2090 c-26 -11 -27 -14 -13 -41 15 -28 66 -26 73 3 7 23 -8 48 -27 47 -6 0 -21 -4 -33 -9z"
       id="path3259" />
    <path
       d="M2294 2016 c-7 -30 11 -57 32 -49 21 8 14 67 -8 71 -12 2 -19 -5 -24 -22z"
       id="path3261" />
    <path
       d="M3179 1973 c-43 -11 -19 -77 25 -71 17 2 21 10 21 38 0 35 -11 43 -46 33z"
       id="path3263" />
    <path
       d="M2295 1879 c-5 -13 -2 -24 6 -29 20 -13 40 1 37 24 -4 29 -35 33 -43 5z"
       id="path3265" />
    <path
       d="M3175 1836 c-25 -18 -13 -46 20 -46 30 0 43 24 25 45 -15 18 -21 19 -45 1z"
       id="path3267" />
    <path
       d="M2300 1750 c0 -11 7 -20 15 -20 8 0 15 9 15 20 0 11 -7 20 -15 20 -8 0 -15 -9 -15 -20z"
       id="path3269" />
    <path
       d="M6662 3928 c4 -30 43 -33 43 -3 0 13 -8 21 -23 23 -20 3 -23 0 -20 -20z"
       id="path3271" />
    <path
       d="M6673 3832 c-27 -4 -30 -33 -7 -57 25 -24 49 -15 52 21 3 34 -8 42 -45 36z"
       id="path3273" />
    <path
       d="M6668 3709 c-10 -5 -18 -21 -18 -34 0 -33 47 -47 67 -20 17 24 16 30 -3 49 -18 19 -23 19 -46 5z"
       id="path3275" />
    <path
       d="M6662 3568 c-18 -18 -14 -46 7 -58 29 -15 41 -12 50 13 16 43 -26 76 -57 45z"
       id="path3277" />
    <path
       d="M6653 3434 c-15 -40 46 -73 66 -35 6 11 8 27 5 35 -8 22 -63 21 -71 0z"
       id="path3279" />
    <path
       d="M6664 3316 c-18 -14 -18 -16 20 -50 46 -43 54 -44 62 -10 5 21 1 31 -21 50 -33 28 -35 28 -61 10z"
       id="path3281" />
    <path
       d="M5943 3293 c-30 -12 -10 -73 23 -73 34 0 53 48 28 67 -19 14 -30 15 -51 6z"
       id="path3283" />
    <path
       d="M6062 3291 c-8 -5 -12 -21 -10 -37 2 -23 9 -30 30 -32 22 -3 30 2 39 22 19 41 -20 72 -59 47z"
       id="path3285" />
    <path
       d="M6191 3291 c-16 -11 -6 -67 14 -75 20 -7 37 19 33 51 -3 29 -23 39 -47 24z"
       id="path3287" />
    <path
       d="M6324 3286 c-3 -8 -4 -25 -2 -38 2 -17 9 -23 28 -23 22 0 25 4 25 35 0 29 -4 36 -23 38 -13 2 -24 -3 -28 -12z"
       id="path3289" />
    <path
       d="M6447 3293 c-11 -11 -8 -48 5 -61 20 -20 44 -14 57 14 9 20 9 30 0 40 -12 15 -51 19 -62 7z"
       id="path3291" />
    <path
       d="M6573 3293 c-19 -7 -16 -37 5 -56 26 -24 39 -21 46 9 10 40 -15 62 -51 47z"
       id="path3293" />
    <path
       d="M6826 3285 c-7 -20 10 -65 26 -65 33 1 61 55 37 71 -22 14 -56 10 -63 -6z"
       id="path3295" />
    <path
       d="M6951 3291 c-18 -12 -6 -48 21 -62 18 -10 24 -8 35 7 21 28 12 59 -17 62 -14 1 -31 -2 -39 -7z"
       id="path3297" />
    <path
       d="M7083 3294 c-19 -8 -16 -39 7 -59 16 -15 22 -16 35 -5 23 19 15 64 -10 67 -11 1 -26 -1 -32 -3z"
       id="path3299" />
    <path
       d="M7213 3284 c-7 -18 12 -64 27 -64 5 0 17 11 26 25 13 20 14 28 4 40 -16 20 -49 19 -57 -1z"
       id="path3301" />
    <path
       d="M7348 3293 c-36 -9 -8 -58 29 -51 22 4 30 38 11 49 -7 5 -15 8 -18 8 -3 -1 -13 -3 -22 -6z"
       id="path3303" />
    <path
       d="M6673 3179 c-31 -11 -29 -35 2 -43 29 -7 45 -1 45 18 0 22 -23 34 -47 25z"
       id="path3305" />
    <path
       d="M6654 3046 c-12 -31 1 -51 32 -54 25 -2 33 1 37 18 3 12 3 28 0 36 -7 18 -62 18 -69 0z"
       id="path3307" />
    <path
       d="M6653 2924 c-16 -41 46 -72 67 -34 6 12 9 28 6 36 -8 20 -65 18 -73 -2z"
       id="path3309" />
    <path
       d="M6657 2803 c-15 -14 -6 -44 16 -52 32 -12 47 -3 47 30 0 25 -4 29 -28 29 -16 0 -32 -3 -35 -7z"
       id="path3311" />
    <path
       d="M6668 2669 c-26 -15 -22 -38 8 -45 32 -8 53 10 38 33 -14 22 -25 25 -46 12z"
       id="path3313" />
    <path
       d="M2929 1516 c-7 -7 -2 -373 5 -385 9 -14 83 -14 91 0 5 8 9 302 5 379 0 10 -92 15 -101 6z"
       id="path3315" />
    <path
       d="M1546 1445 c-7 -12 -11 -79 -11 -170 l0 -150 40 0 40 0 -3 57 c-3 65 3 73 66 69 48 -2 72 11 72 40 0 26 -29 38 -80 32 -34 -4 -49 -1 -59 11 -24 29 4 47 68 46 31 -1 61 -1 67 -1 15 1 22 30 14 60 -5 23 -9 24 -104 25 -89 1 -100 -1 -110 -19z"
       id="path3317" />
    <path
       d="M1800 1456 c-8 -10 -10 -28 -6 -48 9 -43 8 -53 -8 -219 -3 -27 0 -51 7 -58 13 -13 64 -15 72 -2 3 6 7 83 8 173 l2 163 -31 3 c-19 2 -36 -3 -44 -12z"
       id="path3319" />
    <path
       d="M1947 1342 c-24 -25 -27 -36 -27 -97 0 -47 5 -74 15 -85 14 -15 14 -18 0 -30 -30 -25 -14 -74 32 -98 51 -28 144 -4 159 40 11 35 11 279 0 286 -6 3 -42 7 -82 9 -66 2 -73 0 -97 -25z m117 -54 c22 -31 20 -64 -4 -88 -24 -24 -53 -26 -74 -4 -35 34 -7 114 39 114 13 0 31 -10 39 -22z m1 -168 c0 -10 -12 -16 -32 -18 -24 -2 -33 1 -33 12 0 8 6 17 13 20 22 9 52 1 52 -14z"
       id="path3321" />
    <path
       d="M2454 1357 c-2 -7 -3 -62 -2 -123 l3 -109 30 0 30 0 -3 67 c-4 79 8 108 44 108 14 0 34 4 44 10 13 7 21 6 30 -5 7 -8 19 -15 26 -15 25 0 14 -27 -20 -51 -48 -33 -53 -58 -17 -90 26 -25 34 -26 122 -25 l94 1 -4 90 c-4 102 -10 119 -51 140 -33 17 -106 20 -115 4 -15 -23 -50 -27 -63 -8 -11 15 -26 19 -78 19 -44 0 -66 -4 -70 -13z m261 -67 c-3 -5 -13 -10 -21 -10 -8 0 -14 5 -14 10 0 6 9 10 21 10 11 0 17 -4 14 -10z m23 -72 c9 -9 8 -16 -5 -30 -24 -27 -53 -23 -53 6 0 33 35 47 58 24z"
       id="path3323" />
    <path
       d="M5894 1455 c-10 -7 -14 -49 -15 -162 0 -84 2 -157 6 -162 9 -16 81 -13 94 3 9 10 10 25 4 48 -11 39 -6 68 10 69 7 1 32 2 57 3 39 1 45 4 48 24 6 38 -15 54 -62 47 -29 -5 -47 -2 -61 9 -20 16 -20 16 0 32 15 12 34 14 72 11 64 -7 80 7 67 55 l-10 33 -98 0 c-55 0 -105 -4 -112 -10z"
       id="path3325" />
    <path
       d="M6158 1444 c-9 -18 -9 -33 -1 -53 7 -19 7 -61 0 -134 -11 -124 -8 -140 30 -135 l28 3 6 165 c4 91 5 168 2 173 -11 18 -54 6 -65 -19z"
       id="path3327" />
    <path
       d="M6307 1346 c-27 -15 -38 -30 -43 -54 -11 -54 2 -114 28 -133 l23 -18 -28 -10 c-53 -20 -24 -81 48 -101 61 -17 119 -1 139 38 15 29 26 275 13 288 -4 4 -37 8 -75 9 -54 2 -76 -2 -105 -19z m103 -55 c5 -11 10 -36 10 -56 0 -28 -5 -38 -25 -47 -33 -15 -55 4 -55 49 0 44 16 73 40 73 11 0 24 -9 30 -19z m-2 -169 c3 -17 -2 -22 -21 -22 -33 0 -40 10 -20 32 20 23 37 19 41 -10z"
       id="path3329" />
    <path
       d="M7278 1513 c-3 -4 -4 -93 -3 -198 l2 -190 41 -3 c23 -2 42 0 42 5 0 4 1 94 2 198 l1 190 -41 3 c-22 2 -42 -1 -44 -5z"
       id="path3331" />
    <path
       d="M7419 1513 c-4 -43 0 -374 6 -382 9 -15 65 -14 65 2 1 31 1 363 0 375 0 13 -69 18 -71 5z"
       id="path3333" />
    <path
       d="M6804 1356 c-3 -7 -3 -61 -2 -122 l3 -109 35 0 35 0 3 65 c1 36 4 75 7 87 6 28 56 39 96 23 24 -10 35 -10 54 0 28 15 52 5 35 -15 -6 -7 -23 -15 -39 -18 -35 -7 -77 -44 -86 -74 -4 -16 1 -30 18 -47 23 -23 31 -25 123 -23 l99 2 -3 25 c-2 14 -6 60 -10 102 -8 85 -5 79 -49 102 -39 20 -92 20 -117 1 -24 -18 -48 -19 -64 -2 -17 16 -132 18 -138 3z m286 -150 c0 -8 -7 -22 -16 -31 -15 -15 -19 -15 -32 -1 -8 8 -12 22 -9 30 8 20 57 21 57 2z"
       id="path3335" />
  </g>
  <path
     style="fill:#999999;fill-opacity:1;stroke:#000000;stroke-width:1.39830506;stroke-miterlimit:4;stroke-opacity:1;stroke-dasharray:none"
     d="m 234.03016,446.18869 -51.38771,-0.36659 0,-92.0402 c 0,-50.62211 0.41834,-138.42194 0.92965,-195.11073 l 0.92964,-103.070545 51.15722,0.632891 c 28.13647,0.348091 52.10108,0.628678 53.25468,0.623529 1.1536,-0.0051 22.23305,-0.3036 46.84322,-0.663225 24.61017,-0.359623 49.2136,-0.251839 54.67429,0.239521 l 9.92852,0.893382 33.8257,31.711739 c 18.60414,17.441458 38.27804,35.435508 43.7198,39.986778 5.44174,4.55127 12.18031,11.21911 14.97459,14.81742 2.79426,3.5983 7.57679,7.76114 10.6278,9.25075 3.05102,1.48961 8.33239,6.14805 11.73637,10.35208 3.40398,4.20403 8.81013,9.30036 12.01366,11.32516 3.20355,2.02481 8.53041,6.91323 11.83747,10.86316 3.30707,3.94993 9.26371,9.33949 13.23697,11.97679 3.97327,2.6373 9.41059,7.73047 12.08295,11.31816 2.67235,3.58769 8.70238,9.27513 13.40007,12.63875 4.69767,3.36362 10.21207,8.64049 12.2542,11.72637 2.2136,3.34497 6.81095,7.35907 11.38462,9.94028 5.60834,3.16515 7.66587,5.13989 7.65023,7.34232 -0.0278,3.91187 -0.83809,4.94319 -8.36843,10.65124 -3.4608,2.62332 -10.72915,8.89943 -16.15189,13.94692 -5.42274,5.04749 -15.17592,13.99826 -21.67373,19.89062 -6.49781,5.89235 -23.03861,21.15135 -36.75733,33.9089 -22.72415,21.13203 -28.89162,25.78507 -28.89162,21.79723 0,-0.76907 -0.99385,-1.39831 -2.20857,-1.39831 -1.69577,0 -2.00724,0.91661 -1.34148,3.94778 0.81228,3.69825 -1.09701,5.75323 -30.20592,32.5106 -17.09015,15.70955 -34.56795,31.709 -38.83955,35.55434 -4.27161,3.84533 -11.63942,10.88514 -16.37293,15.64401 l -8.60637,8.6525 -57.1342,0.43648 c -31.42381,0.24008 -80.25867,0.27153 -108.52192,0.0699 l 0,-2e-5 z m 57.42777,-4.87705 c -0.24576,-1.7304 -1.07607,-3.14618 -1.84514,-3.14618 -0.76907,0 -1.59938,1.41578 -1.84513,3.14618 -0.30746,2.16482 0.26809,3.14619 1.84513,3.14619 1.57704,0 2.15259,-0.98137 1.84514,-3.14619 z m 109.9049,-4.69409 c 2.58699,-0.99273 2.91109,-4.88418 0.5993,-7.19597 -1.10943,-1.10943 -2.41817,-1.18133 -4.19492,-0.23046 -2.93244,1.56939 -3.46807,6.28645 -0.8345,7.34911 0.96133,0.38791 1.85373,0.75496 1.98309,0.81568 0.12934,0.0607 1.23053,-0.27154 2.44703,-0.73836 z m -109.86457,-7.38047 c 2.53862,-1.6088 1.47779,-6.30556 -1.55618,-6.88984 -2.71778,-0.5234 -4.55409,2.81248 -3.31939,6.03008 0.91039,2.37242 2.14507,2.59015 4.87557,0.85976 z m 109.86457,-6.60258 c 2.99219,-1.14821 2.93409,-8.75 -0.0756,-9.90495 -5.25438,-2.0163 -9.37215,4.48749 -5.37312,8.48652 2.58223,2.58224 2.48318,2.55645 5.44881,1.41843 l -4e-5,0 z M 292.4094,410.1802 c 0,-3.23396 -0.62643,-4.17576 -2.77746,-4.17576 -2.90744,0 -4.34489,3.51089 -2.93825,7.17655 1.46118,3.80777 5.71571,1.5741 5.71571,-3.00079 z m 112.30763,-8.02906 c 0.53386,-4.64121 -2.56585,-6.31022 -7.52392,-4.05118 -5.88945,2.68342 -3.13122,9.09786 3.57512,8.31416 2.66041,-0.31092 3.61244,-1.33867 3.9488,-4.26298 z M 292.4094,394.09969 c 0,-2.54078 -0.84689,-3.59689 -3.14619,-3.92343 -2.51379,-0.35702 -3.14618,0.22853 -3.14618,2.91313 0,4.02749 1.21022,5.46565 4.12673,4.90398 1.2628,-0.24319 2.16564,-1.86643 2.16564,-3.89368 z m 111.27962,-5.57406 c 2.29196,0 1.35535,-5.45741 -1.16309,-6.7771 -3.44772,-1.80664 -8.73941,0.51417 -8.73941,3.8329 0,2.75993 3.31,4.46343 6.75632,3.47715 1.02423,-0.29313 2.44001,-0.53295 3.14618,-0.53295 z m -111.2305,-7.07101 c 1.71263,-2.77109 -0.66796,-8.31035 -3.57152,-8.31035 -2.10933,0 -2.76997,0.94491 -2.76997,3.96186 0,2.17904 0.41949,4.38137 0.9322,4.89407 1.41455,1.41455 4.38289,1.11517 5.40929,-0.54558 l 0,0 z m 110.30262,-7.7608 c 2.81515,-1.08028 2.85546,-5.26616 0.073,-7.57545 -2.90274,-2.40902 -9.04761,0.36389 -9.04761,4.08279 0,3.67686 4.21744,5.31816 8.97462,3.49266 z m -110.6509,-18.7525 c -0.16455,-5.75427 -0.32186,-11.24885 -0.34958,-12.21019 -0.0277,-0.96133 -1.20929,-1.74788 -2.62569,-1.74788 -3.41144,0 -6.5999,9.90287 -4.46989,13.88282 0.79857,1.49215 1.45195,4.22258 1.45195,6.06763 0,4.02414 1.21262,5.46187 4.12673,4.89282 1.75764,-0.34323 2.10928,-2.39397 1.86648,-10.8852 z m -80.82627,0.0512 c 2.09069,-2.31019 2.20464,-3.1349 0.68598,-4.96476 -2.41539,-2.91036 -8.8845,-2.11099 -9.50795,1.17487 -1.23709,6.51996 4.22697,8.86731 8.82197,3.78989 l 0,0 z m 32.18475,-2.12364 c 0,-4.40155 -2.60782,-5.91018 -6.21287,-3.59415 -1.6513,1.06085 -1.71202,1.96788 -0.33419,4.99188 2.31937,5.09046 6.54706,4.18788 6.54706,-1.39773 z m 16.89396,1.97116 c 2.59708,-2.86974 2.59485,-2.95971 -0.12272,-4.94684 -5.64761,-4.12963 -11.91651,0.67033 -7.62651,5.83946 2.32977,2.8072 4.64196,2.54086 7.74922,-0.89262 l 1e-5,0 z m 47.30448,-0.28028 c 1.11042,-1.76038 0.90291,-2.90916 -0.84041,-4.65247 -3.04353,-3.04353 -6.72667,-1.50977 -6.72667,2.80117 0,5.20241 4.72421,6.35819 7.56708,1.8513 l 0,0 z m 48.26175,0.59974 c 1.81916,-3.39914 -1.17159,-7.6828 -4.86706,-6.97111 -3.23044,0.62213 -4.30068,4.73036 -1.96534,7.54427 2.3111,2.78471 5.16338,2.54543 6.8324,-0.57316 z m 48.77012,-1.76241 c 0.46947,-4.04836 -2.51198,-6.05794 -6.91459,-4.66061 -2.96151,0.93995 -3.59448,6.97895 -0.85173,8.12626 3.99856,1.67263 7.34355,0.17997 7.76632,-3.46565 l 0,0 z M 196.35744,352.6394 c 0.44761,-3.14203 -3.8954,-5.71328 -6.71095,-3.97317 -1.62078,1.00169 -1.88851,5.3563 -0.41963,6.8252 2.01682,2.01681 6.70405,0.14205 7.13058,-2.85203 z m 30.76271,0 c 0.44761,-3.14203 -3.89539,-5.71328 -6.71095,-3.97317 -1.62078,1.00169 -1.88851,5.3563 -0.41963,6.8252 2.01682,2.01681 6.70405,0.14205 7.13058,-2.85203 z m 48.94068,0 c 0.52856,-3.71026 -3.91748,-5.51635 -8.08673,-3.28504 -2.3557,1.26073 -2.5978,2.03786 -1.35707,4.35618 2.09342,3.9116 8.84303,3.14604 9.4438,-1.07114 z m 48.50959,-0.46968 c 0,-2.9234 -0.74563,-3.56762 -4.55411,-3.93464 -3.13649,-0.30228 -4.81531,0.2418 -5.39324,1.74788 -1.5917,4.14789 0.55765,6.58743 5.39324,6.12141 3.80848,-0.36702 4.55411,-1.01124 4.55411,-3.93465 z m 14.3371,2.58239 c 2.25309,-2.25308 -0.379,-6.7773 -3.9429,-6.7773 -3.09122,0 -4.83795,3.05633 -3.59616,6.29237 0.95422,2.48665 5.26035,2.76364 7.53906,0.48493 l 0,0 z m 32.50612,-0.48493 c 2.34097,-2.82069 -0.4779,-6.29237 -5.10917,-6.29237 -3.972,0 -5.71227,3.36246 -3.26588,6.31017 2.21687,2.67117 6.15035,2.66281 8.37505,-0.0178 l 0,-4e-5 z m 15.36657,0.0178 c 2.32343,-2.79949 0.77577,-6.31013 -2.78183,-6.31013 -3.17243,0 -4.94422,3.02197 -3.68924,6.29237 1.03009,2.68437 4.25068,2.69324 6.47107,0.0178 z m 33.57411,-0.0178 c 2.34097,-2.82069 -0.4779,-6.29237 -5.10917,-6.29237 -1.85264,0 -3.73062,0.94385 -4.1733,2.09746 -1.31821,3.4352 0.57676,6.29237 4.1733,6.29237 1.85264,0 4.15176,-0.94386 5.10917,-2.09746 z m 15.38135,0 c 2.34098,-2.82069 -0.4779,-6.29237 -5.10917,-6.29237 -3.97199,0 -5.71227,3.36246 -3.26588,6.31017 2.21688,2.67117 6.15035,2.66281 8.37505,-0.0178 l 0,-4e-5 z m 16.51161,-1.62778 c 0.4476,-3.14203 -3.8954,-5.71328 -6.71096,-3.97317 -1.62077,1.00169 -1.88851,5.3563 -0.41963,6.8252 2.01682,2.01681 6.70405,0.14205 7.13059,-2.85203 z m 16.54888,1.60998 c 1.05841,-2.75816 -1.91716,-6.27457 -5.30949,-6.27457 -2.98496,0 -4.69809,3.10281 -3.47414,6.29237 1.04827,2.73174 7.73373,2.71818 8.78363,-0.0178 l 0,-4e-5 z m 13.17551,0.66776 c 5.14163,-2.75172 2.48494,-6.94233 -4.40121,-6.94233 -1.87777,0 -2.68224,0.97857 -2.68224,3.26271 0,5.21302 2.14056,6.32496 7.08345,3.67962 z m 26.29252,-13.01379 c 0.85656,-1.03208 1.14335,-2.29056 0.63732,-2.79661 -1.4238,-1.42378 -7.17795,-1.08591 -8.14465,0.47824 -2.3089,3.73588 4.56832,5.85967 7.50733,2.31837 z m -103.99038,-5.11498 c 0,-2.7191 -0.80324,-3.58914 -3.61546,-3.91604 -2.01192,-0.23387 -4.41353,0.54135 -5.41485,1.74788 -2.54212,3.06307 0.64058,6.63917 5.41485,6.0842 2.81222,-0.3269 3.61546,-1.19694 3.61546,-3.91604 z m -111.96263,-5.14232 c 1.05567,-2.75106 -2.42859,-6.80802 -4.66166,-5.4279 -0.84287,0.52092 -1.53249,2.48309 -1.53249,4.36037 0,4.02502 4.74541,4.84288 6.19415,1.06753 z m 217.255,-2.12887 c 2.88533,-2.88533 1.93632,-6.59373 -1.93615,-7.56567 -4.625,-1.1608 -8.24397,2.12801 -6.92266,6.2911 1.04353,3.28788 6.11574,4.01764 8.85881,1.27457 z m -105.29237,-7.95777 c 0,-4.35377 -3.98117,-7.00536 -7.3411,-4.88944 -5.62846,3.54454 -3.0493,9.30946 3.84534,8.59504 2.65311,-0.27492 3.49576,-1.16815 3.49576,-3.7056 z m -112.0579,-6.44477 c 1.20238,-3.13334 -0.54726,-6.48844 -3.12864,-5.99948 -1.2935,0.24501 -2.46154,2.08025 -2.71354,4.26355 -0.34918,3.02526 0.13514,3.83339 2.29743,3.83339 1.50693,0 3.10207,-0.94386 3.54475,-2.09746 z m 219.72739,-4.89407 c 0,-2.46668 -8.67773,-3.76719 -10.82292,-1.62199 -2.45779,2.45779 0.46826,4.58253 5.70918,4.14569 3.4239,-0.28539 5.11374,-1.11935 5.11374,-2.5237 z m -107.40307,-2.28751 c 2.20005,-5.73325 -6.47341,-10.08905 -9.35782,-4.69948 -1.19985,2.24191 -1.18105,3.46354 0.0766,4.97891 2.2595,2.72252 8.19787,2.54373 9.28123,-0.27943 l -3e-5,0 z m -112.82998,-7.50062 c 1.06978,-1.99892 1.05681,-3.61855 -0.0455,-5.6782 -1.90629,-3.56192 -4.6928,-2.85598 -5.30875,1.34492 -0.97228,6.63114 2.58406,9.50935 5.35422,4.33328 l 0,0 z m 219.51912,-4.87627 c 2.81842,-3.39598 0.62883,-6.31017 -4.74118,-6.31017 -3.6084,0 -5.06908,0.71004 -5.72736,2.78409 -0.48599,1.53126 -0.49127,3.41897 -0.0112,4.19492 1.32508,2.14403 8.52723,1.68439 10.48024,-0.66884 l -5.1e-4,0 z m -107.93438,-3.79323 c 2.53473,-2.53472 2.01988,-4.89796 -1.25351,-5.75398 -4.06484,-1.06298 -6.85665,0.2685 -6.85665,3.27012 0,3.84363 5.1677,5.42633 8.11016,2.48386 l 0,0 z m -110.46532,-8.24182 c 0.44775,-3.83908 -2.82407,-7.69979 -5.25308,-6.19857 -1.63839,1.01258 -1.99193,8.12836 -0.47902,9.64127 2.01969,2.0197 5.32668,0.0336 5.7321,-3.4427 z m 218.3997,-3.34631 c 2.80537,-3.38026 0.62968,-6.31017 -4.68581,-6.31017 -3.1322,0 -5.09025,0.78674 -5.66122,2.27469 -1.96169,5.11208 6.66214,8.47551 10.34703,4.03548 l 0,0 z m -106.51521,-7.30947 c 0.33214,-2.3358 -0.4402,-3.31777 -3.14305,-3.99615 -4.7943,-1.20329 -7.78459,0.1169 -7.78459,3.43673 0,5.28794 10.18114,5.80913 10.92764,0.55942 z M 291.56443,268.3911 c 2.69163,-1.70433 0.86244,-5.71293 -2.60691,-5.71293 -1.82221,0 -2.84049,0.91901 -2.84049,2.56355 0,4.22096 1.96287,5.35576 5.4474,3.14938 z m 218.06942,-2.75571 c 3.40238,-2.15619 1.25753,-6.41695 -3.46211,-6.87752 -3.35781,-0.3277 -4.51464,0.2037 -5.07045,2.32911 -1.23623,4.72734 3.9162,7.47393 8.53256,4.54841 z m -106.10839,-5.66191 c 0.79613,-1.48757 1.4475,-4.94837 1.4475,-7.69067 0,-4.0053 -0.53447,-4.986 -2.71733,-4.986 -4.85266,0 -9.54436,11.0434 -6.1386,14.44915 1.85922,1.85923 5.99427,0.86991 7.40843,-1.77248 l 0,0 z m -48.09515,-3.47709 c 1.32375,-5.27421 0.16193,-8.45938 -3.26391,-8.94808 -4.21694,-0.60153 -5.24185,2.69403 -2.49175,8.01212 2.68619,5.19454 4.60838,5.50712 5.75566,0.93596 l 0,0 z m -158.01517,-2.49315 c 1.27836,-4.02776 -2.78824,-7.91062 -6.05952,-5.78571 -2.63347,1.7106 -2.67514,7.41392 -0.0659,9.0265 2.33441,1.44275 5.10404,-0.0225 6.12546,-3.24079 l 0,0 z m 12.3799,3.63126 c 1.41554,-0.5432 2.21182,-2.55682 2.21182,-5.59322 0,-4.01855 -0.49208,-4.74447 -3.2161,-4.74447 -6.01064,0 -8.41773,4.94607 -4.3747,8.9891 2.5067,2.5067 2.41856,2.48461 5.37898,1.34859 l 0,0 z m 16.86856,-1.423 c 3.42524,-3.42525 2.17322,-8.12885 -2.30154,-8.64641 -4.40445,-0.50941 -6.41286,3.54837 -3.99364,8.06874 1.84265,3.44302 3.29643,3.57643 6.29518,0.57767 l 0,0 z m 17.73984,-1.18261 c 1.85247,-4.06572 -0.32953,-7.73208 -4.60169,-7.73208 -2.04325,0 -2.6254,1.03353 -2.6254,4.66102 0,7.37926 4.41025,9.25335 7.22709,3.07106 z m 14.90819,2.2325 c 1.05637,-0.66968 1.66045,-2.92576 1.3983,-5.22224 -0.39471,-3.45766 -1.06904,-4.04318 -4.65646,-4.04318 -3.21219,0 -4.29424,0.69621 -4.61891,2.97188 -0.23319,1.63455 0.5983,3.99419 1.84776,5.24365 2.57236,2.57236 3.4003,2.71653 6.02931,1.04989 z m 15.38135,0 c 1.05637,-0.66968 1.66046,-2.92576 1.39831,-5.22224 -0.36884,-3.23102 -1.23397,-4.13206 -4.30689,-4.48564 -3.5436,-0.40774 -3.84534,-0.0603 -3.84534,4.42796 0,4.18613 1.18597,5.98704 4.19492,6.36998 0.38453,0.0489 1.53608,-0.44159 2.559,-1.09006 z m 34.92946,-5.51414 c -0.36271,-3.13958 -1.11742,-3.75128 -4.62829,-3.75128 -3.38515,0 -4.28803,0.65967 -4.67729,3.41741 -0.63095,4.46999 3.28653,7.5384 7.05171,5.52333 1.84102,-0.98527 2.55078,-2.61947 2.25387,-5.18946 z m 28.83688,4.04343 c 3.36632,-3.71975 2.30852,-7.69699 -2.18621,-8.21994 -4.35618,-0.50681 -5.92139,2.39474 -4.0074,7.42889 1.5918,4.18675 2.96216,4.36177 6.19361,0.79105 l 0,0 z m 49.03431,-0.60617 c 2.75992,-4.21214 1.36682,-7.8877 -2.98958,-7.8877 -4.14117,0 -5.59508,3.21696 -3.51608,7.77985 1.95063,4.28115 3.75166,4.31102 6.50566,0.10781 l 0,4e-5 z m 34.39487,-1.15006 c 2.09817,-3.92046 -0.89756,-6.98756 -6.30916,-6.45947 -5.46009,0.53282 -6.67126,5.3934 -2.13559,8.57031 3.51708,2.46346 6.37959,1.74795 8.44475,-2.11084 l 0,0 z m 14.73568,-0.70188 c 1.06576,-4.24636 -0.90989,-6.42172 -5.27172,-5.80456 -4.0297,0.57014 -5.12698,5.4402 -1.94311,8.62407 2.84533,2.84534 6.1136,1.56812 7.21483,-2.81951 l 0,0 z m 32.67081,2.35407 c 1.53814,-1.53813 2.79661,-3.3488 2.79661,-4.0237 0,-4.71126 -11.46682,-5.74772 -12.34577,-1.11591 -0.481,2.53477 3.31064,7.93622 5.57097,7.93622 0.64986,0 2.44006,-1.25847 3.97819,-2.79661 l 0,0 z m 29.36441,-4.36612 c 0,-3.11222 -0.64346,-4.02371 -2.84049,-4.02371 -3.65522,0 -4.64754,2.70694 -2.78662,7.60152 1.22844,3.23105 1.82943,3.59769 3.55282,2.16739 1.14087,-0.94683 2.07429,-3.53217 2.07429,-5.7452 z m 50.03618,-1.10496 c -0.23507,-1.24154 -2.11294,-2.4149 -4.2616,-2.66282 -4.98122,-0.57474 -6.31614,2.76264 -3.08034,7.7011 l 2.45088,3.74052 2.65566,-3.2796 c 1.46061,-1.80378 2.46654,-4.27842 2.2354,-5.4992 l 0,0 z m 16.82049,4.7885 c 2.22587,-4.88526 0.715,-7.70725 -4.12642,-7.70725 -5.46925,0 -6.59412,3.44246 -2.53629,7.76183 4.01462,4.27336 4.6933,4.26779 6.66271,-0.0545 l 0,-4e-5 z M 292.50902,253.6901 c 1.16694,-4.64946 -0.55711,-9.44398 -3.20746,-8.91984 -2.91834,0.57713 -4.48814,5.29962 -3.0477,9.1685 1.5491,4.16078 5.18473,4.01627 6.25516,-0.24866 l 0,0 z m 32.0614,-1.49922 c 0,-3.85885 -0.39055,-4.19491 -4.87491,-4.19491 -3.58068,0 -5.00348,0.66749 -5.35912,2.5142 -0.71566,3.71613 2.49966,6.77469 6.61857,6.2959 2.99158,-0.34776 3.61546,-1.14415 3.61546,-4.61519 z m 48.94068,0 c 0,-3.81115 -0.46343,-4.23365 -5.06573,-4.61829 -5.73463,-0.47929 -7.82353,2.22764 -5.32364,6.89872 1.099,2.05348 2.64596,2.66462 5.93778,2.34572 3.91817,-0.37957 4.45159,-0.9339 4.45159,-4.62615 l 0,0 z m 79.80838,1.47779 c 1.07067,-4.26587 -0.16122,-6.37186 -3.72716,-6.37186 -3.49823,0 -4.7382,3.12745 -2.72868,6.88226 2.10334,3.93014 5.40689,3.66895 6.45584,-0.5104 l 0,0 z m 31.78795,0.46015 c 2.42437,-3.87434 0.13804,-6.83201 -5.28127,-6.83201 -4.48986,0 -4.93794,0.35952 -4.93794,3.96186 0,2.17904 0.44838,4.41026 0.9964,4.95827 1.67503,1.67504 7.72516,0.30525 9.22281,-2.08812 l 0,0 z m 32.27949,0.7443 c 1.60786,-4.19002 0.83155,-5.6925 -4.86995,-9.42538 -6.81598,-4.46255 -9.0709,-4.66599 -11.03524,-0.99558 -1.23956,2.31614 -0.86181,3.06357 2.40114,4.75091 2.12966,1.10129 5.06932,3.32524 6.53257,4.94211 3.16473,3.49699 5.80318,3.77249 6.97148,0.72794 z m 15.50092,-0.0554 c 3.69309,-3.69309 2.07209,-6.76647 -3.82694,-7.25579 -4.9384,-0.40961 -5.23201,-0.20691 -5.23201,3.61231 0,2.22545 0.41949,4.46577 0.93221,4.97847 1.66604,1.66604 5.80576,0.98602 8.12674,-1.33498 l 0,-1e-5 z m 48.04432,1.03891 c 1.02862,-0.652 1.65786,-2.68739 1.39831,-4.52308 -0.38792,-2.74359 -1.40519,-3.41487 -5.71556,-3.77162 -4.70088,-0.38905 -5.24364,-0.0923 -5.24364,2.86652 0,5.60959 4.89248,8.38728 9.56089,5.42818 z m 14.91718,-1.58085 c 0.47956,-0.77595 0.47429,-2.66366 -0.0112,-4.19492 -1.03728,-3.26818 -6.01275,-3.73115 -7.18787,-0.66883 -1.55801,4.0601 4.97048,8.4705 7.19957,4.86375 l -5.1e-4,0 z m -194.48651,-9.22606 c 1.21651,-0.46681 2.21183,-2.39632 2.21183,-4.28779 0,-2.92447 -0.57358,-3.37284 -3.83339,-2.99658 -4.23367,0.48865 -6.11344,4.88822 -2.94614,6.89543 2.28665,1.44911 1.89242,1.41555 4.5677,0.38894 l 0,0 z m -108.97019,-8.88656 c 1.05404,-3.32101 -1.62255,-8.82567 -3.92325,-8.06852 -1.88272,0.61961 -2.95196,5.8346 -1.80767,8.81655 1.11675,2.91023 4.71907,2.44003 5.73092,-0.74803 l 0,0 z m 217.54513,-2.89862 c 3.70811,-1.98452 3.44571,-6.41756 -0.4415,-7.4593 -6.43777,-1.72526 -8.04026,-1.08806 -8.04026,3.19706 0,5.27411 3.39927,6.98231 8.48176,4.26224 z m -106.57511,-5.38342 c 1.03701,-0.65717 1.65763,-2.37794 1.37916,-3.82393 -0.38009,-1.97364 -1.72161,-2.62905 -5.38124,-2.62905 -3.93404,0 -4.95815,0.58439 -5.30624,3.02792 -0.54073,3.79584 5.32024,5.95243 9.30832,3.42506 l 0,0 z m -110.5362,-9.37196 c 0.46644,-3.26462 -2.99834,-6.90023 -5.24987,-5.5087 -0.80276,0.49613 -1.45956,2.79638 -1.45956,5.1117 0,3.56574 0.48123,4.14129 3.14618,3.76281 1.93623,-0.27499 3.30658,-1.56942 3.56325,-3.36581 l 0,0 z m 216.79214,-0.40675 c 1.02862,-0.652 1.65786,-2.68739 1.39831,-4.52308 -0.36618,-2.58978 -1.45196,-3.43295 -4.84577,-3.76308 -3.70524,-0.3604 -4.51337,0.13032 -5.28643,3.21049 -0.50191,1.99978 -0.54155,4.23624 -0.0881,4.96994 1.01671,1.64507 6.2937,1.7083 8.82201,0.10572 l -2e-5,1e-5 z M 403.51078,213.1153 c 0.92227,-1.11126 1.47124,-3.4709 1.21994,-5.24364 -0.58943,-4.15791 -6.51094,-5.2557 -9.11797,-1.69039 -2.34739,3.21026 -2.29925,4.08683 0.37111,6.75719 2.73887,2.73889 5.3497,2.80022 7.52692,0.17684 l 0,0 z m -111.87471,-9.77572 c 1.25767,-1.5154 1.27645,-2.73698 0.0765,-4.97903 -2.7143,-5.07172 -7.21512,-0.64853 -5.05858,4.97133 0.98462,2.56587 2.85654,2.56877 4.98204,0.008 l 0,-6.9e-4 z m 219.46226,-3.46543 c 2.75891,-1.74693 0.90589,-5.49317 -3.55628,-7.18969 -4.74125,-1.80261 -8.25693,1.03463 -6.83468,5.51575 0.99474,3.13416 6.64686,4.04468 10.39096,1.67394 l 0,0 z m -107.01801,-5.01378 c 1.38181,-3.60096 -0.62874,-6.29237 -4.70058,-6.29237 -4.37619,0 -6.54296,3.46314 -4.04783,6.46961 2.12687,2.5627 7.74064,2.44897 8.74841,-0.17724 z m -111.54676,-6.9884 c 1.19472,-4.76012 -0.16884,-7.6938 -3.57604,-7.6938 -2.07204,0 -2.84049,0.91479 -2.84049,3.3814 0,7.77388 4.74703,10.96424 6.41653,4.3124 z m 217.39055,-3.28109 c 4.80891,-3.89401 2.77846,-7.49825 -3.91236,-6.94482 -4.34917,0.35973 -5.18319,0.91667 -4.83888,3.23126 1.05959,7.12314 3.34364,8.09237 8.75124,3.71356 l 0,0 z m -107.16297,-5.26147 c 2.80835,-1.07766 2.88572,-5.97194 0.1113,-7.03661 -3.66538,-1.40651 -9.08592,0.74155 -9.08592,3.60057 0,3.62348 4.24791,5.24985 8.97462,3.43604 z m -110.54523,-8.24022 c 1.22062,-3.18089 -0.48628,-6.29238 -3.45187,-6.29238 -2.00892,0 -2.64701,1.01123 -2.64701,4.19492 0,3.18368 0.63809,4.19491 2.64701,4.19491 1.45585,0 3.00919,-0.94385 3.45187,-2.09745 z m 217.1311,-2.81442 c 1.03103,-2.68681 -1.88656,-6.27457 -5.10251,-6.27457 -2.52421,0 -4.19237,3.52467 -3.14353,6.64195 0.82985,2.46643 7.26868,2.17956 8.24604,-0.36738 z m -105.02408,-3.55743 c 0.50231,-0.81278 0.52747,-3.01511 0.0559,-4.89407 -0.61521,-2.45096 -1.8181,-3.41629 -4.25712,-3.41629 -4.15395,0 -6.6404,3.80854 -4.76915,7.305 1.4474,2.7045 7.5009,3.38296 8.97034,1.00536 l 0,0 z M 293.05936,153.7023 c 2.08339,-3.89285 1.78503,-6.65473 -0.82719,-7.65713 -3.02577,-1.16109 -6.11514,1.56998 -6.11514,5.40591 0,5.50372 4.43241,6.94104 6.94233,2.25122 l 0,0 z m -92.23894,-4.16483 c 0,-2.18729 -3.82436,-4.37135 -6.11514,-3.4923 -2.67737,1.0274 -3.04906,5.65619 -0.52681,6.56057 2.06239,0.7395 6.64195,-1.37604 6.64195,-3.06827 z m 46.14407,-0.12201 c 0,-3.34213 -2.05135,-4.61991 -5.60574,-3.49179 -3.738,1.18639 -3.53192,4.69758 0.36209,6.16928 3.86163,1.45946 5.24365,0.75378 5.24365,-2.67749 z m 128.02723,2.18292 c 2.53383,-1.87823 2.55947,-2.16919 0.38561,-4.37621 -1.59755,-1.62191 -3.46343,-2.07941 -5.9428,-1.45713 -3.87365,0.97223 -4.65199,3.45152 -1.93615,6.16737 2.20598,2.20597 4.1858,2.11772 7.49334,-0.33403 l 0,0 z m 80.32022,-2.06091 c 0,-2.18729 -3.82436,-4.37135 -6.11513,-3.4923 -2.67738,1.0274 -3.04906,5.65619 -0.52682,6.56057 2.06239,0.7395 6.64195,-1.37604 6.64195,-3.06827 l 0,0 z m -239.11017,0.0276 c 0,-1.45585 -0.94385,-3.0092 -2.09745,-3.45188 -3.18089,-1.22062 -6.29238,0.48628 -6.29238,3.45188 0,2.00892 1.01124,2.64701 4.19492,2.64701 3.18368,0 4.19491,-0.63809 4.19491,-2.64701 z m 14.81331,1.03657 c 1.3663,-2.21071 -3.14023,-5.24653 -6.48846,-4.37095 -1.5024,0.39289 -2.73163,1.89943 -2.73163,3.34786 0,1.98219 1.0171,2.63353 4.1124,2.63353 2.26181,0 4.56027,-0.7247 5.10769,-1.61044 z m 33.46608,0.15088 c 1.0558,-1.70834 -1.76457,-5.54165 -4.05441,-5.51056 -3.05204,0.0414 -5.47044,2.51774 -4.62092,4.73154 0.95602,2.49135 7.26681,3.05804 8.67533,0.77902 z m 15.3435,-2.03621 c 0,-2.27894 -0.85983,-2.75642 -4.64509,-2.57949 -5.50158,0.25715 -6.48139,0.99436 -5.32541,4.0068 1.33826,3.48746 9.9705,2.25172 9.9705,-1.42731 z m 31.46186,0 c 0,-3.76688 -3.68674,-4.84291 -6.60259,-1.92706 -2.3633,2.36329 -0.52603,5.42283 3.25643,5.42283 2.63703,0 3.34616,-0.74083 3.34616,-3.49577 z m 17.80567,1.1434 c 0.79001,-2.40867 -4.92943,-5.01549 -8.84693,-4.03226 -3.56519,0.8948 -4.55408,4.25158 -1.61764,5.49105 2.96491,1.2515 9.89238,0.28579 10.46457,-1.45879 z m 14.35535,-0.29266 c 0,-3.01867 -6.5506,-5.34674 -8.77777,-3.11959 -2.48708,2.48709 0.0936,5.76462 4.53897,5.76462 3.22561,0 4.2388,-0.63223 4.2388,-2.64503 z m 16.77966,0.71878 c 0,-3.50952 -3.6801,-5.43919 -6.99242,-3.66649 -2.38387,1.2758 -2.6459,1.99093 -1.31648,3.5928 2.13114,2.56787 8.3089,2.62267 8.3089,0.0737 l 0,-1e-5 z m 31.81359,-0.50072 c 0.31191,-0.9503 -1.07866,-2.47767 -3.09015,-3.39417 -3.01893,-1.37551 -4.0432,-1.28041 -5.86851,0.5449 -1.2162,1.21619 -1.76314,2.93634 -1.21543,3.82256 1.28182,2.07402 9.42975,1.29456 10.17409,-0.97329 l 0,0 z m 15.25042,0.25836 c 1.14548,-2.98507 -4.9876,-9.2378 -8.55942,-8.72641 -4.12077,0.58998 -4.43975,5.91619 -0.51878,8.66254 4.04327,2.83202 8.00527,2.8599 9.0782,0.0639 l 0,-1e-5 z m 18.03247,0.64846 c 1.11445,-1.80321 -0.4175,-3.44743 -4.27021,-4.58314 -3.68772,-1.08708 -6.92028,1.0518 -5.84086,3.86471 0.98214,2.55942 8.63712,3.10334 10.11107,0.71843 z m 16.00521,-1.10168 c 0,-3.12952 -7.76183,-5.23332 -10.60435,-2.87424 -3.2497,2.69702 -0.62144,5.49607 5.16074,5.49607 4.39044,0 5.44361,-0.50725 5.44361,-2.62183 z m 30.76271,-0.0805 c 0,-2.8015 -4.50756,-5.12517 -6.97901,-3.59773 -0.77594,0.47956 -1.41082,2.09327 -1.41082,3.58602 0,2.08345 0.97472,2.71409 4.19492,2.71409 3.21395,0 4.19491,-0.63194 4.19491,-2.70238 l 0,0 z m 16.43591,0.26395 c 0.31408,-0.9566 -1.16215,-2.39825 -3.28053,-3.20365 -3.05359,-1.16098 -4.3084,-1.00743 -6.05645,0.74112 -1.94969,1.95026 -1.96213,2.36292 -0.10739,3.56588 2.76512,1.79343 8.72175,1.09754 9.44438,-1.10335 l -10e-6,0 z M 292.53356,138.9313 c 1.17924,-4.69846 -0.27308,-8.00376 -3.26612,-7.43329 -2.52427,0.48112 -3.95991,5.40122 -2.60572,8.93016 1.23836,3.22712 4.92187,2.2881 5.87184,-1.49687 z m 111.02632,-8.37515 c 2.63759,-3.1781 0.64238,-6.31018 -4.01973,-6.31018 -4.5398,0 -6.05145,2.18194 -4.11718,5.94279 1.53909,2.99248 5.79866,3.1848 8.13691,0.36739 z m -111.25753,-6.74299 c 1.06172,-1.68317 1.0466,-3.0684 -0.0525,-4.81084 -2.18512,-3.46413 -5.35051,-3.03402 -5.89383,0.80085 -0.97751,6.89948 2.60132,9.31292 5.94632,4.00999 l 0,0 z m 111.04507,-7.787 c 1.02862,-0.65199 1.65786,-2.68738 1.3983,-4.52307 -0.37321,-2.63949 -1.31749,-3.33763 -4.51443,-3.33763 -5.03265,0 -7.79029,3.68542 -5.14374,6.87431 2.01634,2.42954 5.35423,2.82815 8.25987,0.98639 l 0,0 z M 292.49233,105.93382 c 1.23275,-1.99463 -2.84819,-6.075565 -4.84281,-4.84282 -2.66478,1.64693 -1.78843,6.3753 1.18159,6.3753 1.49275,0 3.1403,-0.68962 3.66122,-1.53248 z m 111.48748,-5.45904 c 1.37394,-5.253931 -0.44214,-8.578425 -4.43325,-8.115498 -2.87584,0.333566 -3.76172,1.293313 -4.12413,4.468008 -0.70127,6.14317 7.04169,9.44352 8.55738,3.64749 l 0,0 z M 293.10855,87.718818 c 0,-3.359743 -0.57684,-4.0237 -3.49576,-4.0237 -3.04671,0 -3.49576,0.613701 -3.49576,4.777543 0,2.627647 0.78655,5.060108 1.74788,5.405465 2.82331,1.014269 5.24364,-1.828718 5.24364,-6.159308 z M 403.9513,83.345542 c 1.04213,-2.987594 -0.54504,-5.244579 -3.67244,-5.222232 -4.32968,0.03094 -7.03231,2.147794 -6.04083,4.731531 1.02724,2.676932 8.81346,3.070281 9.71327,0.490701 z M 292.45852,76.62412 c 1.66876,-2.700111 -0.6734,-8.529837 -3.22921,-8.037633 -4.23527,0.815639 -4.00024,9.515411 0.25707,9.515411 1.13235,0 2.46981,-0.665001 2.97214,-1.477778 z M 403.57466,64.817999 c 0,-2.233644 -3.49132,-3.677986 -6.29238,-2.603121 -2.76398,1.060639 -2.65825,2.849474 0.26512,4.485475 2.84566,1.592512 6.02726,0.598879 6.02726,-1.882354 z"
     id="path4081"
     inkscape:connector-curvature="0"
     transform="scale(0.8,0.8)" />
  <path
     style="fill:#cccccc;fill-opacity:1;stroke:#000000;stroke-width:1.39830506000000021;stroke-miterlimit:4;stroke-opacity:1;stroke-dasharray:none"
     d="m 730.77805,250.79258 0,-95.7839 52.8341,0 52.83411,0 2.44302,4.13569 c 1.34365,2.27463 5.34305,6.52198 8.88754,9.43856 3.54449,2.91658 11.32337,10.17945 17.28641,16.13973 5.96303,5.96028 11.40092,10.83686 12.0842,10.83686 0.68327,0 10.03128,8.58078 20.77334,19.06839 10.74206,10.48761 23.43153,22.16063 28.19885,25.94004 13.34601,10.5804 13.34313,14.32286 -0.0187,24.43897 -4.75698,3.60143 -12.46087,10.0566 -17.11974,14.34482 -4.65895,4.28822 -15.94883,14.40376 -25.08869,22.47897 -9.13985,8.07521 -20.42973,18.17855 -25.08862,22.45186 -4.65888,4.2733 -12.70454,11.0376 -17.87924,15.03178 l -9.40854,7.26212 -50.369,0 -50.369,0 0,-95.78389 z m 109.06779,79.17544 c 0,-4.36327 -3.21276,-6.0165 -6.8039,-3.50117 -2.47131,1.73097 -2.77839,2.59229 -1.48137,4.1551 2.48518,2.99446 8.28527,2.53668 8.28527,-0.65393 z m 0.50567,-14.85341 c 1.01984,-2.65766 -0.31375,-6.24146 -2.40315,-6.45804 -5.98196,-0.62008 -8.67594,1.6788 -6.57269,5.60876 1.83249,3.42405 7.77215,3.98604 8.97584,0.84928 z m -0.0834,-16.24003 c 3.40313,-5.40463 -4.68031,-9.71301 -8.83383,-4.70831 -1.44343,1.73922 -1.30014,2.63458 0.7915,4.94583 2.88554,3.18848 5.94194,3.09821 8.04233,-0.23752 l 0,0 z m 0.27691,-17.31929 c 0,-3.51088 -0.61169,-4.26559 -3.75129,-4.6283 -2.67311,-0.30882 -4.2081,0.42018 -5.34067,2.53642 -2.12052,3.96222 0.58501,7.27567 5.47651,6.70706 2.99157,-0.34775 3.61545,-1.14414 3.61545,-4.61518 z m 0.0829,-14.81639 c 0.52092,-0.84287 -0.0479,-2.52755 -1.26413,-3.74375 -1.79508,-1.79507 -2.87373,-1.90941 -5.73111,-0.6075 -2.30441,1.04996 -3.23629,2.34271 -2.69866,3.74375 0.94654,2.46664 8.26156,2.92507 9.6939,0.6075 z m -91.07265,-10.45298 c 4.2378,-4.2378 1.11796,-9.62362 -5.06679,-8.74687 -4.15792,0.58943 -5.25571,6.51095 -1.69039,9.11798 3.21025,2.34739 4.08682,2.29925 6.75718,-0.37111 l 0,0 z m 13.94847,0.37111 c 1.53522,-1.12258 2.31166,-3.14297 2.01514,-5.24365 -0.38925,-2.75773 -1.29214,-3.41741 -4.67729,-3.41741 -3.3156,0 -4.29069,0.67561 -4.65183,3.22315 -0.43421,3.063 1.79624,7.26413 3.85664,7.26413 0.52791,0 2.08371,-0.8218 3.45734,-1.82622 z m 16.0948,-1.31996 c 1.51688,-4.01712 -0.54663,-8.04026 -4.12394,-8.04026 -2.18153,0 -2.74741,0.96003 -2.74741,4.66102 0,2.56356 0.41949,5.08051 0.9322,5.59322 1.90763,1.90763 4.7883,0.83378 5.93915,-2.21398 z m 33.61562,1.12569 c 0.92227,-1.11127 1.47125,-3.47091 1.21994,-5.24364 -0.35382,-2.49594 -1.48224,-3.32201 -5.0014,-3.66132 -4.17106,-0.40217 -4.54449,-0.10917 -4.54449,3.56567 0,6.48164 4.81517,9.56952 8.32595,5.33929 z m 14.74608,-3.68925 c 0,-3.97167 -0.56299,-4.85715 -3.33763,-5.24946 -3.0164,-0.4265 -5.67397,1.57586 -5.72994,4.31725 -0.0397,1.94235 5.73106,6.82192 7.40708,6.26325 0.91327,-0.30443 1.66049,-2.70339 1.66049,-5.33104 z m 31.55379,4.26224 c 1.74038,-0.93142 2.70468,-2.92557 2.70468,-5.59322 0,-3.68369 -0.4724,-4.14572 -4.2388,-4.14572 -4.98614,0 -6.59941,2.87548 -4.36482,7.77985 1.75387,3.84934 2.1322,3.97499 5.89894,1.95909 z m 49.69162,-3.52133 c 1.08428,-4.32013 -0.26495,-6.21761 -4.42116,-6.21761 -2.8061,0 -3.41323,0.69643 -3.41323,3.91526 0,7.29197 6.12994,9.09342 7.83439,2.30235 z m -111.95901,2.09275 c 0.50233,-0.81278 0.51722,-3.05596 0.0331,-4.98485 -0.65854,-2.62383 -1.65651,-3.39616 -3.96269,-3.06671 -5.27384,0.75341 -5.03596,9.52934 0.2583,9.52934 1.51689,0 3.16897,-0.665 3.67129,-1.47778 l 0,0 z m 46.50812,-2.87106 c 0.55572,-4.61878 -5.33955,-10.25622 -9.38319,-8.97282 -4.27442,1.35665 -3.55899,5.62049 1.62892,9.70802 5.30797,4.18212 7.18404,4.00425 7.75427,-0.7352 z m 33.14616,-0.54523 c 0,-3.71064 -0.52463,-4.2455 -4.54449,-4.63308 -3.9688,-0.38267 -4.5445,-0.0195 -4.5445,2.86652 0,4.19167 2.65455,6.88368 6.27604,6.36464 2.1037,-0.30151 2.81295,-1.46086 2.81295,-4.59808 z m 15.38135,0 c 0,-3.72454 -0.46823,-4.19491 -4.17576,-4.19491 -2.90769,0 -4.3228,0.7635 -4.65996,2.5142 -0.67337,3.4965 2.42487,6.79159 5.91675,6.29268 2.21842,-0.31696 2.91897,-1.42383 2.91897,-4.61197 z m 32.16102,-0.69915 c 0,-2.61164 -0.83649,-3.61412 -3.30747,-3.96373 -4.59734,-0.65046 -6.42704,1.5431 -4.41814,5.29677 2.30756,4.31169 7.72561,3.37682 7.72561,-1.33304 z M 841.01691,233.4719 c 0.75734,-5.35628 -4.73097,-7.58491 -8.75909,-3.55679 -3.27901,3.279 -0.41852,7.90017 4.53588,7.32779 2.73185,-0.3156 3.87954,-1.3404 4.22321,-3.771 z m -1.18614,-12.02557 c 2.78394,-3.35444 0.59954,-9.10714 -3.45813,-9.10714 -5.13025,0 -7.15105,4.7571 -3.55037,8.35778 3.37358,3.37358 4.71184,3.51667 7.0085,0.74936 l 0,0 z m -0.26459,-17.77664 c 2.53718,-2.53717 2.01403,-6.43361 -1.0866,-8.09302 -4.00889,-2.14549 -9.15191,2.99753 -7.00642,7.00643 1.65941,3.10062 5.55584,3.62377 8.09302,1.08659 z m 0.27966,-18.59745 c 0,-4.22093 -0.45727,-4.89407 -3.32454,-4.89407 -4.43385,0 -6.44398,2.69759 -4.94931,6.64195 0.80355,2.12053 2.34652,3.14618 4.73303,3.14618 3.11445,0 3.54082,-0.58932 3.54082,-4.89406 z m -1.65063,-15.84046 c 0.3251,-2.20934 -0.27809,-3.03666 -2.21398,-3.03666 -3.75645,0 -4.65354,1.34238 -2.98304,4.46373 1.80268,3.36834 4.60462,2.59895 5.19702,-1.42707 l 0,0 z"
     id="path4083"
     inkscape:connector-curvature="0"
     transform="scale(0.8,0.8)" />
  <path
     style="fill:#cccccc;fill-opacity:1;stroke:#000000;stroke-width:1.39830506;stroke-miterlimit:4;stroke-opacity:1;stroke-dasharray:none"
     d="m 184.04175,358.81164 c 5.5e-4,-47.1054 0.41785,-134.15579 0.92733,-193.44531 l 0.92633,-107.79913 98.00276,-0.147656 c 53.90151,-0.08121 102.37161,0.210499 107.71131,0.648244 9.38567,0.769429 9.58332,0.861527 5.9428,2.768985 -4.17077,2.185288 -4.57599,3.310828 -2.08779,5.799023 2.36481,2.364807 8.04078,2.087501 9.01076,-0.44023 0.6105,-1.590936 3.13026,0.06238 10.12278,6.641949 12.56673,11.824606 74.10509,68.721545 82.82485,76.577945 8.859,7.98185 49.16852,45.06078 68.19082,62.72571 7.98484,7.41506 18.05264,17.04362 22.37288,21.39682 4.32026,4.35321 10.52928,9.62803 13.79782,11.72184 8.70063,5.57356 8.67379,5.6446 -7.3411,19.42544 -6.15254,5.29427 -25.02966,22.32448 -41.94915,37.84489 -44.06411,40.42041 -42.19793,38.84705 -43.14612,36.37609 -1.07432,-2.79961 -7.0575,-2.71085 -9.42333,0.13983 -1.60313,1.93165 -1.42993,2.6171 1.19917,4.74602 2.44049,1.9762 2.70181,2.79629 1.26975,3.98479 -0.99174,0.82307 -3.61185,1.36163 -5.82246,1.19678 -3.55315,-0.26496 -4.1369,0.26789 -5.03321,4.59434 -0.73342,3.54016 -3.50904,7.21505 -10.03323,13.2839 -4.96063,4.61441 -23.7377,21.99453 -41.72681,38.62249 -17.98913,16.62796 -34.55562,32.20158 -36.81444,34.60805 l -4.10695,4.37538 -52.87398,0 c -50.79239,0 -52.87399,-0.10336 -52.87399,-2.6254 0,-3.71983 -3.23095,-6.16907 -5.34683,-4.0532 -0.90458,0.90459 -1.64469,2.77733 -1.64469,4.16165 0,2.37776 -2.82251,2.51695 -51.03814,2.51695 l -51.03813,0 9.9e-4,-85.64619 z m 218.77269,78.17307 c 3.68727,-2.69619 1.92396,-9.30654 -2.48252,-9.30654 -3.72098,0 -6.5454,2.41356 -6.5454,5.59322 0,2.58093 2.64243,5.59322 4.90647,5.59322 0.8528,0 2.70746,-0.84595 4.12145,-1.8799 z m -111.01227,-6.55912 c 3.27424,-1.75233 3.51662,-5.92606 0.49002,-8.43792 -4.35914,-3.61777 -9.82168,3.39417 -6.11941,7.85513 2.00874,2.42038 2.16548,2.4366 5.62939,0.58279 l 0,0 z m 110.46611,-6.99153 c 1.67284,-0.89528 2.70468,-2.92241 2.70468,-5.31356 0,-7.46365 -6.63992,-9.7943 -10.61588,-3.72623 -2.1218,3.23829 -2.1218,3.75323 0,6.99153 2.52425,3.85249 3.88276,4.20421 7.9112,2.04826 l 0,0 z M 292.84944,410.4357 c 0.42145,-5.10817 0.27367,-5.31456 -3.49576,-4.88245 -4.43605,0.50853 -6.12423,5.3617 -3.123,8.97796 3.02028,3.63921 6.13988,1.70889 6.61876,-4.09551 l 0,0 z m 111.32449,-4.53114 c 4.96033,-4.96033 0.76427,-11.91254 -5.78162,-9.57923 -1.98932,0.70911 -4.31136,2.42986 -5.16011,3.82392 -1.25481,2.06106 -0.92635,3.04079 1.75795,5.24364 4.00114,3.28347 6.28474,3.41071 9.18378,0.51167 l 0,0 z M 292.83866,394.57648 c 0.33411,-3.43528 -0.20548,-4.61498 -2.43452,-5.32243 -3.78181,-1.20031 -5.68542,0.12844 -5.68542,3.96851 0,7.34684 7.41679,8.58352 8.11994,1.35392 l 0,0 z m 112.48388,-5.62756 c 1.62291,-0.91046 1.2387,-5.26722 -0.62924,-7.13516 -0.92288,-0.92288 -3.31398,-1.67796 -5.31356,-1.67796 -6.48333,0 -9.65848,6.73591 -4.54449,9.64089 2.17168,1.2336 7.5728,0.8073 10.48729,-0.82777 z m -112.22906,-6.6975 c 3.63129,-4.37544 -2.28141,-12.70799 -6.96394,-9.81403 -1.56639,0.96808 -1.8738,6.26316 -0.56206,9.6815 1.07067,2.79013 5.25917,2.86389 7.526,0.13256 l 0,-3e-5 z m 111.11926,-8.19043 c 3.24438,-2.37234 2.00906,-8.65379 -1.90305,-9.67684 -3.57667,-0.93532 -9.07806,1.91749 -9.67498,5.01708 -1.08646,5.64151 6.21607,8.58052 11.57803,4.65976 l 0,0 z M 292.81176,353.87796 c 0.34519,-11.10309 0.0659,-13.07107 -1.96567,-13.85067 -1.56262,-0.59962 -3.3013,0.2407 -5.1119,2.47066 -2.32415,2.86246 -2.61742,4.7408 -1.91724,12.27981 0.88019,9.47721 2.75932,13.15722 6.3664,12.4677 1.809,-0.3458 2.30143,-2.85019 2.62841,-13.3675 l 0,0 z m -81.00912,2.00488 c 3.61141,-3.84417 2.79723,-7.55493 -1.91723,-8.73818 -4.45286,-1.11759 -9.06499,1.67753 -9.06499,5.49372 0,6.77287 6.00173,8.54595 10.98222,3.24446 l 0,0 z m 32.10074,-2.68728 c 0.49235,-5.93927 -1.86728,-7.82164 -6.61776,-5.27926 -3.48573,1.86551 -3.6576,3.9562 -0.67528,8.21407 3.31906,4.73861 6.77212,3.34905 7.29304,-2.93481 z m 16.78049,3.11457 c 3.93464,-3.66567 3.85323,-4.95471 -0.49277,-7.80232 -6.92961,-4.54045 -13.9837,2.70504 -8.23267,8.45607 2.92864,2.92864 5.05088,2.76964 8.72544,-0.65375 l 0,0 z m 46.6024,0.14208 c 3.51943,-2.88817 2.85858,-5.98856 -1.91879,-9.00205 -4.75251,-2.99781 -9.15759,5.86324 -4.98774,10.03309 2.25404,2.25404 3.04787,2.13554 6.90653,-1.03104 l 0,0 z m 48.68214,0.68851 c 3.97714,-4.79215 -1.50812,-12.89332 -6.57808,-9.71514 -3.30233,2.07012 -3.80139,6.68576 -1.02326,9.46388 2.80936,2.80938 5.40703,2.89524 7.60134,0.25126 z m 48.20552,-0.17684 c 4.7467,-4.7467 0.24016,-11.7299 -6.24206,-9.67252 -3.97694,1.26223 -5.23968,7.61143 -1.98683,9.98996 3.36097,2.45761 5.53782,2.37363 8.22889,-0.31744 l 0,0 z m -208.34746,-1.3983 c 1.20854,-1.20853 2.19734,-2.73668 2.19734,-3.39589 0,-1.79585 -4.14997,-5.59322 -6.11259,-5.59322 -4.37051,0 -6.61626,6.28811 -3.39589,9.50848 2.2789,2.2789 4.68371,2.10807 7.31114,-0.51937 l 0,0 z m 30.76271,0 c 1.20854,-1.20853 2.19734,-2.73668 2.19734,-3.39589 0,-1.79585 -4.14997,-5.59322 -6.11259,-5.59322 -4.3705,0 -6.61626,6.28811 -3.39588,9.50848 2.27889,2.2789 4.6837,2.10807 7.31113,-0.51937 l 0,0 z m 48.94068,0 c 1.20854,-1.20853 2.19734,-2.73668 2.19734,-3.39589 0,-1.64726 -4.08128,-5.59322 -5.78503,-5.59322 -2.97742,0 -6.79972,3.01454 -6.79972,5.36276 0,5.45796 6.34181,7.67195 10.38741,3.62635 l 0,0 z m 47.52789,1.34858 c 1.30694,-0.50152 2.21182,-2.49284 2.21182,-4.86743 0,-3.18289 -0.77205,-4.21244 -3.71219,-4.95037 -4.22904,-1.06142 -7.95525,0.76822 -8.63845,4.24165 -0.95732,4.86715 4.36227,7.79282 10.13882,5.57615 l 0,0 z m 15.96763,-0.37952 c 2.48532,-1.57534 1.54888,-7.18488 -1.52064,-9.10906 -4.84816,-3.03915 -10.29799,3.83461 -6.5862,8.30705 1.8784,2.26334 5.27177,2.59905 8.10684,0.80201 l 0,0 z m 32.98753,-0.96906 c 2.77501,-2.77501 2.76114,-4.03063 -0.0759,-6.86768 -2.78728,-2.7873 -8.8043,-2.26249 -10.81083,0.9429 -1.13083,1.80652 -0.86524,3.04511 1.12442,5.24365 3.10967,3.43615 6.7531,3.69035 9.76233,0.68113 l 1e-5,0 z m 15.4512,-0.0698 c 2.72542,-2.72542 2.31642,-5.96278 -1.01869,-8.06307 -4.84499,-3.05115 -10.30074,3.82423 -6.5862,8.29997 2.20103,2.65208 4.79677,2.57122 7.60489,-0.2369 z m 33.40635,-0.3272 c 2.98254,-3.29568 1.63769,-6.95084 -2.98426,-8.11089 -4.0907,-1.02669 -7.80937,0.84941 -8.48422,4.28037 -1.15652,5.87992 7.11391,8.64227 11.46848,3.83052 z m 15.46448,0.39705 c 2.77501,-2.77501 2.76114,-4.03063 -0.0759,-6.86768 -2.78729,-2.7873 -8.80431,-2.26249 -10.81083,0.9429 -1.13084,1.80652 -0.86524,3.04511 1.12442,5.24365 3.10966,3.43615 6.7531,3.69035 9.76232,0.68113 l 1e-5,0 z m 15.38136,0 c 1.20854,-1.2086 2.19734,-2.73675 2.19734,-3.39596 0,-1.79585 -4.14998,-5.59322 -6.11259,-5.59322 -2.41065,0 -5.07385,2.93582 -5.07385,5.59322 0,2.65741 2.6632,5.59322 5.07385,5.59322 0.94486,0 2.70672,-0.98879 3.91525,-2.19733 l 0,7e-5 z m 18.07803,-0.867 c 1.74471,-2.78724 -2.21578,-8.12218 -6.02962,-8.12218 -4.9385,0 -7.42189,6.06477 -3.91809,9.56858 2.32934,2.32934 8.11032,1.48875 9.94771,-1.44647 l 0,7e-5 z m 13.17258,0.88759 c 3.82608,-2.67989 3.98416,-5.64565 0.40306,-7.5622 -6.70914,-3.59062 -11.04369,-0.68092 -9.30506,6.24631 1.01139,4.02977 4.32756,4.51996 8.902,1.31589 z M 402.76114,341.5328 c 1.30694,-0.50151 2.21182,-2.49284 2.21182,-4.86743 0,-3.09548 -0.78481,-4.21564 -3.41628,-4.8761 -3.91905,-0.98362 -5.77516,-0.12696 -7.75987,3.58154 -2.42435,4.52995 3.17937,8.38188 8.96433,6.16199 l 0,0 z M 292.82967,331.07542 c 0.23844,-2.0512 -0.54815,-4.41916 -1.81806,-5.47309 -3.32252,-2.75746 -6.98438,1.24898 -5.7256,6.26437 1.27263,5.07054 6.93126,4.47701 7.54366,-0.79128 l 0,0 z m 217.68986,-0.75375 c 5.69102,-5.69102 -3.03305,-13.67304 -9.02118,-8.25385 -3.40909,3.08519 -3.58617,5.3837 -0.64161,8.32826 2.83097,2.83097 6.78788,2.8005 9.66279,-0.0744 l 0,-2e-5 z m -107.75839,-4.17022 c 4.5873,-1.76032 1.8661,-11.73599 -3.20138,-11.73599 -3.00342,0 -7.17155,4.21565 -7.17155,7.2533 0,3.53227 6.04358,6.14401 10.37293,4.48269 z M 293.10855,315.81376 c 1.79207,-3.34851 -0.35605,-8.38983 -3.57494,-8.38983 -2.56971,0 -5.48165,6.03367 -4.34344,8.99981 1.18788,3.09559 6.13937,2.71414 7.91838,-0.60998 z m 220.11237,-4.23827 c 1.09684,-1.11434 0.76466,-2.09997 -1.1953,-3.54654 -5.99126,-4.42194 -16.07344,-0.65779 -11.85441,4.4258 2.04484,2.46389 10.30699,1.90719 13.04971,-0.87926 l 0,0 z M 404.6933,309.94088 c 3.6555,-3.6555 1.47941,-8.15628 -4.88618,-10.10603 -2.34718,-0.71892 -3.623,-0.0934 -5.42794,2.6613 -2.22423,3.39461 -2.21627,3.75947 0.13885,6.36191 2.80507,3.09957 7.64355,3.61447 10.1752,1.08282 l 7e-5,0 z m -112.15531,-8.80932 c 2.12181,-3.23829 2.12181,-3.75323 0,-6.99153 -1.25979,-1.92267 -2.91874,-3.49576 -3.68656,-3.49576 -2.29973,0 -4.55256,6.52662 -3.58438,10.38418 1.14581,4.56528 4.31773,4.61027 7.27094,0.10305 l 0,6e-5 z m 219.47938,-4.97593 c 3.58678,-3.96332 1.20604,-7.47577 -5.45107,-8.04231 -4.30342,-0.36623 -5.34392,0.1155 -6.70592,3.10477 -1.24739,2.73774 -1.21053,4.0222 0.16296,5.67715 2.52419,3.04145 8.92968,2.64646 11.99403,-0.73961 z m -107.84344,-3.51378 c 3.21249,-3.2125 2.6909,-6.07406 -1.38997,-7.6256 -4.35946,-1.65747 -8.99744,0.40406 -8.99744,3.99925 0,5.45796 6.34182,7.67195 10.38741,3.62635 z m -110.99567,-6.32273 c 3.15709,-5.89909 -1.94682,-13.32224 -6.53931,-9.51081 -2.36679,1.96425 -2.51368,8.48827 -0.24226,10.75969 2.50144,2.50144 5.02297,2.03708 6.78157,-1.24888 l 0,0 z m 218.66516,-4.86371 c 4.43907,-4.43908 1.54184,-8.98911 -5.72381,-8.98911 -3.19486,0 -5.03316,0.87438 -6.12416,2.91294 -3.23299,6.0409 6.75894,11.1652 11.84797,6.07617 l 0,0 z m -107.59965,-5.66307 c 3.15326,-3.15325 2.11981,-6.51128 -2.50436,-8.13751 -6.87593,-2.41814 -12.66297,4.52482 -7.13853,8.56439 3.38356,2.47411 6.89746,2.31857 9.64289,-0.42688 z m -111.75205,-6.7399 c 2.1719,-1.6128 2.40492,-2.52091 1.16611,-4.54449 -3.45103,-5.63721 -9.97117,-3.33559 -8.3906,2.9619 1.01795,4.05581 3.23874,4.5423 7.22449,1.58259 l 0,0 z m 217.44605,-2.22855 c 5.88068,-3.14725 1.13764,-10.50791 -6.10685,-9.47716 -5.55224,0.78997 -4.26831,10.92466 1.384,10.92466 1.10999,0 3.23527,-0.65137 4.72285,-1.4475 z m -105.74325,-5.85516 c 2.29771,-3.28044 2.98913,-13.00479 1.01158,-14.22697 -0.64084,-0.39607 -0.8851,-2.62829 -0.54281,-4.96049 0.74225,-5.05727 -2.25998,-6.86031 -7.47018,-4.48639 -3.77149,1.71842 -4.48559,5.9674 -1.42919,8.50398 1.70161,1.41222 1.70281,2.16743 0.008,5.41487 -2.41657,4.63205 -2.53567,8.95715 -0.30805,11.18478 2.60099,2.60099 6.33514,1.98942 8.73004,-1.42978 l 2.2e-4,0 z m -48.21143,-2.39355 c 2.60353,-4.86476 1.74234,-9.80567 -2.00686,-11.51393 -2.64133,-1.20347 -3.95775,-1.15611 -5.59322,0.20119 -2.80669,2.32937 -2.69326,4.00201 0.64242,9.47293 3.17909,5.21407 4.90724,5.67105 6.95766,1.83981 z m 191.63893,-2.22487 c 3.5395,-5.72704 2.93252,-8.60965 -2.07769,-9.86713 -3.67719,-0.92291 -7.73672,1.24736 -7.72716,4.13103 0.006,1.71639 5.16814,10.66565 6.15255,10.66565 0.33311,0 1.97664,-2.2183 3.6523,-4.92955 l 0,0 z m -336.47151,1.72165 c 3.82046,-2.79359 2.60093,-11.32623 -1.706,-11.93624 -3.35257,-0.47484 -8.62409,3.1687 -8.62409,5.96075 0,2.46844 4.16886,7.78509 6.1044,7.78509 0.963,0 2.86456,-0.81432 4.22569,-1.8096 l 0,0 z m 17.02058,-1.6177 c 2.51359,-3.83623 1.69577,-8.44368 -1.73225,-9.75912 -3.34103,-1.28208 -7.18104,0.3781 -8.18404,3.53828 -1.04437,3.29051 2.67056,9.64814 5.63765,9.64814 1.11815,0 3.04353,-1.54229 4.27864,-3.4273 l 0,0 z m 16.84861,-0.54847 c 2.1991,-4.41096 0.89602,-8.46797 -3.03689,-9.45506 -4.57262,-1.14766 -6.20476,0.31041 -6.20476,5.54302 0,7.9355 5.97481,10.46468 9.24165,3.91204 l 0,0 z m 15.1288,1.77843 c 4.49721,-4.4972 2.17512,-10.38741 -4.09503,-10.38741 -4.26362,0 -6.29237,1.84021 -6.29237,5.70759 0,1.6738 5.21432,6.87716 6.89164,6.87716 0.71414,0 2.28723,-0.9888 3.49576,-2.19734 l 0,0 z m 15.38136,0 c 4.46402,-4.46402 0.80482,-12.38407 -5.31806,-11.51055 -3.47891,0.49632 -4.7225,6.33386 -2.30975,10.84213 1.83318,3.4253 4.62617,3.67006 7.62781,0.66842 z m 63.72327,-0.92194 c 3.81931,-4.09957 3.07443,-8.36767 -1.75559,-10.05937 -4.65206,-1.62936 -6.98433,0.16678 -6.98433,5.37879 0,3.62691 2.49377,7.79986 4.66124,7.79986 0.64494,0 2.48034,-1.40368 4.07868,-3.11928 z m 48.12911,0.44632 c 3.48038,-3.84577 2.45407,-10.47714 -1.71294,-11.06785 -6.50976,-0.92283 -9.21748,4.73653 -5.08739,10.63306 2.66073,3.79874 3.69609,3.86493 6.80033,0.43479 z m 82.42252,-0.5063 c 3.16943,-3.16942 3.18598,-3.17056 5.35403,-0.36746 1.80847,2.33822 2.82761,2.57932 6.0509,1.43139 5.1694,-1.84102 7.43734,-5.49317 5.41595,-8.72154 -1.71763,-2.74323 -9.95303,-4.09159 -12.06867,-1.97595 -0.8997,0.89969 -2.80651,0.87452 -5.52441,-0.073 -5.11761,-1.78395 -10.92401,0.44967 -10.92401,4.20234 0,2.78186 4.83193,8.68348 7.10956,8.68348 0.77406,0 2.83806,-1.43066 4.58665,-3.17926 l 0,0 z m 95.89748,1.17314 c 0.91571,-1.10336 1.46469,-4.09224 1.21994,-6.64195 -0.38779,-4.03998 -0.99947,-4.68994 -4.75899,-5.05682 -6.18538,-0.60359 -8.38032,2.4917 -5.5914,7.88489 1.91779,3.70859 3.82569,5.3621 6.58801,5.7096 0.48263,0.0607 1.62672,-0.79235 2.54244,-1.89572 l 0,0 z m -367.65017,-2.24161 c 3.06046,-5.71851 -1.65791,-11.2066 -7.12108,-8.2828 -2.63252,1.40887 -3.80002,8.16312 -1.76311,10.20002 1.98493,1.98493 7.424,0.81117 8.88419,-1.91722 l 0,0 z M 293.316,255.0906 c 1.84325,-4.04549 0.53915,-10.39167 -2.36438,-11.50587 -3.21875,-1.23513 -6.2329,2.19804 -6.2329,7.09939 0,7.65312 5.77044,10.61072 8.59728,4.40648 l 0,0 z m 16.55715,1.31336 c 0.98974,-1.19259 1.34955,-3.57783 0.84372,-5.59322 -0.72948,-2.9065 -1.71872,-3.51393 -5.72272,-3.51393 -4.00401,0 -4.99324,0.60743 -5.72273,3.51393 -1.07875,4.29808 1.43815,7.67251 5.72273,7.67251 1.73433,0 3.92988,-0.93569 4.879,-2.07929 l 0,0 z m 13.1846,1.23054 c 1.42557,-0.54705 2.21182,-2.56389 2.21182,-5.67363 0,-4.81014 -0.018,-4.82355 -5.93073,-4.39488 -6.79181,0.49241 -8.54152,3.71732 -4.4624,8.22469 2.55236,2.82034 4.4954,3.25823 8.18131,1.84382 z m 48.94067,0 c 1.39571,-0.53558 2.21183,-2.54345 2.21183,-5.44163 0,-3.77319 -0.64511,-4.7548 -3.61468,-5.50011 -7.69176,-1.93051 -12.12011,2.61635 -8.2704,8.49175 2.14012,3.26625 5.39671,4.09105 9.67325,2.44999 l 0,0 z m 50.64977,-3.19692 c 2.01808,-4.06954 1.16569,-6.7419 -2.52396,-7.91295 -7.56159,-2.39996 -13.53323,3.99693 -8.70831,9.32841 3.31339,3.66125 9.07479,2.93523 11.23227,-1.41546 z m 15.08728,-0.5208 c 1.05072,-3.00519 0.84904,-4.3704 -0.90464,-6.12409 -2.88029,-2.88029 -8.96746,-1.53266 -10.16841,2.25116 -2.53243,7.97897 8.31141,11.77173 11.07305,3.87293 z m 16.48208,0.96212 c 2.06254,-4.5268 0.0229,-8.28124 -4.49883,-8.28124 -4.86529,0 -6.59965,3.84895 -3.71687,8.24862 3.02941,4.62346 6.11838,4.63573 8.2157,0.0326 l 0,4e-5 z m 44.16219,1.92639 c 0.92288,-0.92288 1.67797,-3.17881 1.67797,-5.01316 0,-3.27338 0.13004,-3.23971 7.01882,1.81709 7.61752,5.59177 10.57578,5.5877 11.98235,-0.0165 1.11865,-4.45701 -1.60008,-7.75701 -9.22235,-11.19417 -4.49877,-2.02866 -5.91353,-2.16213 -7.64923,-0.72162 -1.17128,0.97207 -2.12959,2.5017 -2.12959,3.39919 0,0.89748 -1.65067,1.60698 -3.66816,1.57666 -4.85023,-0.0729 -6.75433,3.05225 -4.86521,7.98513 1.5695,4.0983 4.11857,4.90421 6.8554,2.16738 z m 35.32326,-1.20461 c 3.87947,-3.87948 2.93837,-7.23422 -2.46404,-8.78361 -6.09186,-1.74711 -8.80837,-0.40523 -8.80837,4.35112 0,7.3292 6.01177,9.69312 11.27241,4.43249 z m 47.54833,1.43508 c 4.14979,-2.2209 3.52298,-8.09875 -1.04901,-9.83701 -5.62179,-2.13739 -9.45724,-1.11621 -9.99215,2.66041 -0.50494,3.5651 3.22814,8.62409 6.36381,8.62409 1.08496,0 3.18977,-0.65137 4.67735,-1.44749 z m 15.92606,-2.55043 c 1.79973,-5.67049 -4.10792,-10.69029 -8.39442,-7.13282 -2.63672,2.18829 -2.56394,4.02856 0.28383,7.1753 2.98515,3.29855 7.05695,3.27722 8.11059,-0.0425 l 0,3e-5 z M 293.33688,236.8668 c 1.25459,-2.75352 1.10293,-4.14625 -0.76136,-6.99153 -2.78769,-4.25454 -4.46737,-4.47687 -6.40929,-0.84835 -1.9256,3.59801 -1.83099,7.53895 0.23046,9.6004 2.63786,2.63786 5.23651,1.97866 6.94019,-1.76052 l 0,0 z m 217.92999,-3.29025 c 4.45188,-3.60493 2.71782,-8.2741 -3.50657,-9.44179 -5.96183,-1.11845 -7.70259,-0.0366 -7.70259,4.78695 0,7.05768 5.44788,9.32003 11.20916,4.65484 z M 404.1586,228.67684 c 1.38423,-1.01216 2.28243,-3.05718 1.996,-4.54449 -0.42228,-2.19268 -1.70377,-2.70418 -6.77486,-2.70418 -6.95416,0 -8.92363,2.7622 -4.86403,6.8218 2.74543,2.74544 6.25933,2.90099 9.64289,0.42687 l 0,0 z m -111.84908,-7.34855 c 2.92972,-2.92972 2.76947,-5.24128 -0.57304,-8.26621 -2.26717,-2.05177 -3.15613,-2.18703 -4.89407,-0.74467 -2.13862,1.7749 -2.92349,8.54401 -1.19148,10.27601 1.57101,1.57102 4.35056,1.04291 6.65859,-1.26513 z m 218.17441,-2.47917 c 5.56833,-4.07167 -1.40075,-12.85771 -8.14571,-10.26943 -2.70961,1.03978 -4.1495,7.79988 -2.1695,10.18562 2.06227,2.4849 6.97693,2.52483 10.31521,0.0838 l 0,6e-5 z m -106.31,-4.51236 c 2.83096,-2.83096 2.80049,-6.78787 -0.0744,-9.66279 -3.21092,-3.21091 -7.75188,-2.10231 -10.26626,2.50635 -2.02923,3.71942 -1.96721,4.07553 1.1569,6.64195 4.00036,3.28625 6.28408,3.4142 9.18378,0.51449 l -3e-5,0 z m -111.86441,-9.78813 c 2.73028,-2.73028 2.73187,-3.40878 0.0171,-7.28459 -4.01996,-5.73928 -9.49258,0.14701 -6.75919,7.2701 1.08257,2.82114 3.92927,2.82726 6.74204,0.0145 l 0,-5e-5 z m 219.02655,-3.44508 c 3.31351,-1.77334 3.42526,-3.82844 0.39051,-7.1818 -2.91032,-3.21588 -11.02884,-3.44532 -12.21842,-0.34532 -1.27117,3.31263 -1.06129,4.36741 1.34858,6.77728 2.5357,2.5357 6.59913,2.82647 10.47933,0.74984 z m -106.36311,-5.54403 c 1.0634,-1.98697 1.0634,-3.60624 0,-5.59322 -1.99928,-3.73568 -9.15554,-3.79475 -11.13725,-0.0919 -1.87203,3.49794 -1.84973,3.68485 0.74984,6.28442 3.08033,3.08034 8.58821,2.76257 10.38741,-0.59928 l 0,0 z m -111.24784,-7.42847 c 1.74138,-4.9516 -0.38164,-8.65203 -4.96388,-8.65203 -2.59268,0 -3.44121,0.84786 -3.77915,3.77618 -1.00796,8.73433 6.00972,12.64797 8.74303,4.87585 z m 216.6313,-2.46115 c 6.56499,-5.16402 3.27531,-10.70812 -5.38932,-9.08263 -4.20263,0.78842 -4.90939,1.47554 -4.90939,4.7729 0,4.023 2.20273,7.20783 4.98515,7.20783 0.89608,0 3.28718,-1.30415 5.31356,-2.8981 l 0,0 z M 404.1586,179.73617 c 2.94581,-2.15403 2.52226,-6.3137 -0.85973,-8.44341 -3.15497,-1.98675 -10.02424,0.42123 -10.66296,3.73783 -1.08164,5.61653 6.20655,8.59284 11.52269,4.70558 z m -111.05005,-7.94783 c 2.11233,-3.94693 -0.60143,-8.69993 -4.6391,-8.12511 -3.11858,0.44397 -4.7345,4.94286 -3.20604,8.92595 1.12713,2.93726 6.11719,2.42786 7.84514,-0.80084 z M 510.34518,168.724 c 1.93857,-3.09685 -2.62335,-8.41938 -6.71457,-7.83408 -2.97007,0.42491 -4.50759,5.04747 -2.99229,8.9963 1.05796,2.75698 7.75549,1.95508 9.70686,-1.16222 l 0,0 z M 405.0423,165.41242 c 1.29191,-1.55667 1.43294,-3.25785 0.49265,-5.9428 -2.33089,-6.65567 -11.74843,-5.27453 -11.74843,1.72298 0,5.99265 7.46254,8.79038 11.25578,4.21982 l 0,0 z M 293.72842,154.69755 c 2.97536,-4.24793 2.73293,-8.19507 -0.55616,-9.05519 -2.53004,-0.66162 -2.57393,-0.95729 -0.5913,-3.98316 2.64188,-4.03202 2.06107,-8.92851 -1.30218,-10.97806 -5.05654,-3.08141 -8.81845,6.92963 -4.42732,11.78177 1.91144,2.11212 1.91144,2.5403 0,4.12666 -3.92779,3.25978 -1.82689,11.21572 2.9617,11.21572 0.95618,0 2.71805,-1.39849 3.91526,-3.10774 z m 82.07481,-2.4003 3.30109,-2.71143 -3.116,-3.16234 c -2.60343,-2.64215 -3.75128,-2.93893 -6.97795,-1.80417 -4.58445,1.61227 -5.60435,4.9786 -2.46076,8.12219 2.96944,2.96944 5.22963,2.86094 9.25362,-0.44425 l 0,0 z m -174.99759,-0.76653 c 2.67992,-3.22911 0.63889,-6.31018 -4.18014,-6.31018 -4.45932,0 -6.52281,2.55215 -5.08755,6.29237 1.03678,2.70183 7.03059,2.71335 9.26769,0.0178 l 0,-1e-5 z m 16.52972,-1.67108 c 0.57481,-4.03766 -4.17819,-6.75143 -8.12511,-4.6391 -2.75974,1.47697 -3.74065,5.58138 -1.79814,7.5239 0.54916,0.54916 2.9088,0.81134 5.24365,0.58263 3.13625,-0.30722 4.35865,-1.21298 4.6796,-3.46743 l 0,0 z m 14.24777,2.37082 c 3.22861,-2.05817 -0.1,-6.22313 -5.39427,-6.74965 -4.65665,-0.46311 -6.82815,2.01465 -5.28651,6.0321 0.90107,2.34814 7.43439,2.78706 10.68078,0.71755 z m 16.49756,-2.23821 c 0.62877,-4.40077 -3.17298,-6.956 -7.44999,-5.00727 -1.89989,0.86565 -3.45435,2.40541 -3.45435,3.42169 0,5.55389 10.12697,7.02643 10.90434,1.58558 l 0,0 z m 17.08353,1.49444 c 1.44363,-1.73947 1.29883,-2.63605 -0.80036,-4.95563 -2.93355,-3.24153 -7.34615,-3.09259 -9.4848,0.32015 -3.21085,5.12368 6.31638,9.41756 10.28516,4.63548 z m 13.14777,1.27493 c 1.2165,-0.46682 2.21182,-2.35453 2.21182,-4.19492 0,-2.97599 -0.62361,-3.34616 -5.63711,-3.34616 -6.15467,0 -8.52688,2.70466 -5.53455,6.31018 1.81343,2.18505 5.24487,2.65646 8.95984,1.2309 l 0,0 z m 34.14165,-3.15786 c 0.6239,-4.40961 -1.56845,-6.33492 -5.95881,-5.23301 -2.56867,0.64469 -3.59814,1.82895 -3.59814,4.13914 0,4.24404 1.23497,5.31725 5.54089,4.8151 2.51346,-0.29311 3.68455,-1.37823 4.01606,-3.72123 z m 17.53713,1.24305 c 1.79268,-1.7927 -1.16233,-5.13178 -5.5064,-6.22207 -6.82148,-1.71208 -11.99758,4.23538 -6.5559,7.5329 2.64869,1.60504 9.93863,0.81283 12.0623,-1.31083 l 0,0 z m 14.43298,0.44831 c 1.03365,-2.69366 -4.45978,-7.82041 -7.69573,-7.18204 -3.49753,0.68998 -5.26432,4.75418 -3.1659,7.28262 2.45631,2.95967 9.71309,2.89247 10.86163,-0.10059 l 0,1e-5 z m 16.51033,0.90443 c 0.47957,-0.77595 0.46293,-2.69951 -0.0371,-4.27459 -0.70746,-2.22904 -1.88715,-2.76864 -5.32244,-2.43452 -7.71028,0.74989 -6.42793,8.04364 1.42384,8.09852 1.68501,0.0118 3.45603,-0.61346 3.9356,-1.38941 l 5e-5,0 z m 30.8373,-0.68757 c 2.66365,-2.05923 2.6527,-2.15056 -0.5868,-4.89406 -4.14758,-3.51256 -6.09917,-3.51789 -9.25991,-0.0253 -4.88063,5.39303 3.69329,9.67651 9.84671,4.91937 l 0,-1e-5 z m 15.92401,0.0903 c 2.03291,-2.44951 0.16093,-6.58131 -4.44268,-9.80581 -3.85914,-2.70304 -4.54028,-2.7004 -7.26885,0.0282 -2.98063,2.98062 -2.77986,4.33879 1.23487,8.35351 3.8584,3.8584 7.99025,4.42006 10.47666,1.42412 l 0,10e-6 z m 18.21979,-0.0504 c 1.50418,-1.81243 1.95443,-1.81243 3.76687,0 2.8034,2.80342 11.4878,2.70167 12.58109,-0.1474 1.9579,-5.10219 -10.59551,-9.51594 -13.53544,-4.75904 -0.83492,1.35094 -1.69836,1.47518 -3.02316,0.43502 -6.55728,-5.14839 -16.25274,-0.73703 -10.66378,4.85193 2.32829,2.32829 8.81469,2.10132 10.87442,-0.38051 l 0,0 z m 29.38198,-0.0212 c 2.67993,-3.22912 0.63889,-6.31019 -4.18013,-6.31019 -4.45932,0 -6.52282,2.55215 -5.08755,6.29237 1.03678,2.70183 7.03059,2.71335 9.26768,0.0178 l 0,0 z m 17.93865,-1.75216 c 0.58592,-4.12415 -5.51717,-7.31148 -8.79348,-4.59238 -2.2412,1.86003 -2.84391,5.85473 -1.14039,7.55826 0.54916,0.54916 2.9088,0.81134 5.24365,0.58263 3.17398,-0.31092 4.35747,-1.20632 4.69022,-3.54851 z m 14.96584,1.88567 c 2.17342,-1.58924 2.34281,-2.33014 0.9237,-4.04007 -2.83007,-3.41002 -8.26293,-3.74395 -11.03723,-0.67839 -2.35722,2.6047 -2.34719,2.80741 0.2321,4.69344 3.41006,2.49349 6.49491,2.5013 9.88143,0.025 l 0,0 z m -83.85377,-20.5086 c 3.62635,-4.00707 1.20245,-7.60883 -5.12054,-7.60883 -3.88648,0 -4.82407,0.58132 -5.19858,3.22315 -0.96132,6.78129 5.61985,9.57832 10.31912,4.38568 z M 291.94972,126.1267 c 4.34675,-3.93375 2.39328,-10.27057 -3.16614,-10.27057 -3.91259,0 -5.59697,7.69671 -2.38689,10.90678 2.16493,2.16494 2.50026,2.12652 5.55303,-0.63621 z m 112.26302,-9.35385 c 1.91414,-1.39965 2.32759,-2.84936 1.61844,-5.67482 -0.8453,-3.36794 -1.52121,-3.74641 -6.00737,-3.36375 -6.61823,0.56453 -8.9895,4.08714 -5.41221,8.04 3.01815,3.33502 6.1671,3.65584 9.80114,0.99857 z M 293.17183,106.69091 c 1.50689,-1.81569 1.31734,-2.66037 -1.15085,-5.12856 -2.46819,-2.46819 -3.31287,-2.657736 -5.12856,-1.15085 -2.23362,1.85375 -2.896,5.8664 -1.24149,7.52091 1.65451,1.6545 5.66716,0.99212 7.5209,-1.2415 z m 111.83876,-6.21613 c 1.12179,-4.605786 0.19211,-8.002463 -2.46987,-9.023963 -6.37644,-2.446872 -11.23204,5.366622 -6.55005,10.540163 3.35027,3.702 7.93675,2.93104 9.01992,-1.5162 l 0,0 z M 293.03838,92.868659 c 0.9188,-1.107095 1.46778,-3.781354 1.21994,-5.942796 -0.38231,-3.334213 -1.08647,-3.929898 -4.64553,-3.929898 -3.56763,0 -4.26278,0.592676 -4.64877,3.963458 -0.24962,2.179902 -0.11206,4.85416 0.30569,5.942797 0.98504,2.566951 5.62708,2.546898 7.76867,-0.03356 l 0,-2e-6 z M 404.71703,81.939286 c 0.50971,-4.431328 -2.04498,-6.014235 -7.49775,-4.645676 -7.52434,1.888491 -5.12813,9.687804 2.74052,8.919946 3.54227,-0.345671 4.39329,-1.110299 4.75723,-4.27427 z M 293.09348,77.420903 c 2.20697,-2.659235 0.77194,-8.5175 -2.383,-9.728163 -4.47218,-1.716137 -7.96282,6.480466 -4.31379,10.129496 2.25486,2.25486 4.60946,2.11375 6.69679,-0.401333 l 0,0 z"
     id="path4085"
     inkscape:connector-curvature="0"
     transform="scale(0.8,0.8)" />
</svg>
