<?xml version="1.0" standalone="no"?>
<!DOCTYPE svg PUBLIC "-//W3C//DTD SVG 20010904//EN"
 "http://www.w3.org/TR/2001/REC-SVG-20010904/DTD/svg10.dtd">
<svg version="1.0" xmlns="http://www.w3.org/2000/svg"
 width="265.000000pt" height="106.000000pt" viewBox="0 0 265.000000 106.000000"
 preserveAspectRatio="xMidYMid meet">
<metadata>
Created by potrace 1.10, written by Peter Selinger 2001-2011
</metadata>
<g transform="translate(0.000000,106.000000) scale(0.100000,-0.100000)"
fill="#000000" stroke="none">
<path d="M1076 1009 c-96 -20 -216 -68 -302 -121 -60 -36 -194 -153 -194 -170
0 -5 32 20 72 57 173 160 376 237 623 238 174 1 329 -38 460 -117 109 -64 231
-179 302 -282 73 -104 127 -260 141 -402 l8 -82 -453 0 -454 0 -317 262 c-174
143 -343 283 -374 310 -31 26 -62 48 -70 48 -7 -1 0 -12 16 -25 l30 -24 -38
-48 c-86 -110 -156 -294 -172 -451 l-7 -71 -146 -4 c-80 -1 439 -3 1154 -2
715 0 1198 1 1074 2 l-226 3 -7 68 c-21 200 -76 336 -203 493 -214 267 -575
392 -917 318z m-161 -599 c176 -145 324 -267 330 -271 5 -5 -89 -9 -211 -9
l-221 0 9 62 c8 63 46 158 75 190 9 10 14 21 11 24 -10 9 -55 -59 -77 -114
-11 -30 -23 -78 -27 -108 l-6 -54 -217 0 -217 0 8 82 c4 45 17 116 29 157 34
127 155 334 183 313 6 -5 155 -127 331 -272z"/>
<path d="M597 305 c-21 -43 -21 -45 -3 -45 8 0 17 -6 19 -12 4 -10 7 -10 14
-1 10 14 5 93 -6 93 -4 0 -15 -16 -24 -35z m13 -20 c0 -8 -4 -15 -10 -15 -5 0
-7 7 -4 15 4 8 8 15 10 15 2 0 4 -7 4 -15z"/>
<path d="M654 327 c-3 -8 -4 -30 -2 -49 2 -28 7 -33 28 -33 23 0 25 4 25 45 0
39 -3 45 -23 48 -13 2 -24 -3 -28 -11z m36 -37 c0 -22 -4 -40 -10 -40 -5 0
-10 18 -10 40 0 22 5 40 10 40 6 0 10 -18 10 -40z"/>
<path d="M733 324 c-8 -21 13 -42 28 -27 13 13 5 43 -11 43 -6 0 -13 -7 -17
-16z m27 -9 c0 -8 -4 -15 -10 -15 -5 0 -10 7 -10 15 0 8 5 15 10 15 6 0 10 -7
10 -15z"/>
<path d="M710 965 c-14 -8 -36 -15 -50 -15 -22 -1 -23 -2 -7 -11 10 -6 21 -18
25 -28 6 -14 13 -10 39 26 35 46 33 51 -7 28z"/>
<path d="M550 823 c-88 -89 -179 -208 -167 -219 3 -3 15 12 28 33 40 66 136
179 191 224 76 61 73 59 59 59 -8 0 -58 -44 -111 -97z"/>
</g>
</svg>
