<?xml version="1.0" standalone="no"?>
<!DOCTYPE svg PUBLIC "-//W3C//DTD SVG 20010904//EN"
 "http://www.w3.org/TR/2001/REC-SVG-20010904/DTD/svg10.dtd">
<svg version="1.0" xmlns="http://www.w3.org/2000/svg"
 width="900.000000pt" height="2541.000000pt" viewBox="0 0 900.000000 2541.000000"
 preserveAspectRatio="xMidYMid meet">
<metadata>
Created by potrace 1.10, written by Peter Selinger 2001-2011
</metadata>
<g transform="translate(0.000000,2541.000000) scale(0.100000,-0.100000)"
fill="#000000" stroke="none">
<path d="M3973 22508 c-70 -135 -293 -585 -293 -594 0 -6 -94 -200 -210 -430
-115 -230 -210 -426 -210 -435 0 -9 -7 -22 -15 -29 -8 -7 -15 -18 -15 -25 0
-6 -11 -32 -25 -56 -14 -24 -28 -51 -31 -59 -4 -8 -49 -100 -101 -205 -112
-226 -107 -215 -121 -240 -7 -11 -15 -27 -18 -35 -3 -8 -10 -22 -15 -30 -5 -8
-12 -22 -15 -30 -3 -8 -10 -22 -15 -30 -5 -8 -12 -22 -15 -30 -13 -33 -33 -78
-68 -151 -39 -81 -43 -103 -23 -116 11 -7 90 -13 322 -26 39 -2 104 -10 145
-16 80 -13 109 -17 205 -27 33 -3 69 -9 80 -14 11 -5 49 -14 85 -20 81 -14 95
-17 145 -30 22 -5 67 -16 100 -23 34 -8 70 -19 80 -24 23 -12 77 -31 120 -43
87 -24 384 -166 481 -231 32 -21 63 -39 68 -39 4 0 25 -13 46 -30 21 -16 42
-30 47 -30 6 0 40 -27 76 -60 36 -33 69 -60 74 -60 12 0 263 -250 263 -263 0
-5 25 -36 56 -70 30 -33 60 -69 65 -81 13 -28 25 -47 90 -146 31 -47 60 -96
64 -110 4 -14 19 -50 32 -80 14 -30 31 -68 38 -85 31 -68 45 -109 45 -131 0
-12 4 -25 9 -28 5 -4 12 -30 16 -59 4 -28 12 -57 17 -64 38 -47 38 -624 0
-690 -6 -12 -12 -35 -12 -50 0 -16 -7 -38 -15 -49 -8 -10 -15 -28 -15 -39 0
-25 -33 -112 -59 -156 -11 -19 -38 -70 -61 -113 -39 -74 -137 -200 -228 -291
-81 -81 -259 -225 -278 -225 -2 0 -22 -11 -44 -25 -126 -79 -316 -148 -460
-166 -189 -24 -434 -9 -509 30 -11 6 -31 11 -44 11 -14 0 -30 7 -37 15 -7 8
-20 15 -30 15 -10 0 -23 7 -30 15 -7 8 -21 15 -32 15 -22 0 -66 23 -118 61
-19 14 -42 28 -51 32 -9 3 -74 44 -144 91 -70 47 -131 86 -135 86 -5 0 -28 13
-52 28 -49 32 -136 62 -181 62 -17 0 -46 5 -64 12 -27 10 -38 10 -53 0 -11 -7
-39 -12 -62 -12 -47 0 -150 -46 -185 -82 -50 -52 -83 -97 -83 -115 0 -10 -7
-29 -16 -41 -22 -31 -21 -180 0 -224 9 -17 16 -37 16 -45 0 -43 206 -273 244
-273 7 0 18 -6 24 -13 16 -19 131 -73 197 -92 33 -9 74 -21 90 -27 17 -6 59
-14 95 -19 36 -4 90 -12 120 -18 69 -12 501 -13 595 -1 67 9 188 29 285 48 42
8 79 18 155 44 17 5 53 15 80 22 55 14 174 62 189 77 6 5 18 9 27 9 10 0 30 6
46 14 15 8 48 24 73 36 79 38 199 105 212 118 6 6 16 12 21 12 5 0 26 14 47
30 21 17 41 30 44 30 10 0 173 124 241 183 95 83 335 329 335 343 0 6 34 49
75 97 8 9 15 19 15 22 0 9 44 70 53 73 4 2 7 8 7 13 0 9 37 67 51 79 3 3 21
37 40 75 19 39 47 89 62 112 15 24 27 47 27 52 0 6 6 25 14 43 8 18 22 53 31
78 10 25 24 59 31 77 8 17 14 41 14 53 0 11 6 33 13 48 7 15 15 45 16 66 2 22
9 49 16 60 6 12 13 45 14 74 2 30 9 71 16 92 20 57 19 663 -1 702 -8 15 -14
47 -14 71 0 25 -6 60 -14 78 -7 19 -17 56 -21 83 -4 27 -18 74 -31 104 -13 30
-24 60 -24 66 0 32 -106 262 -153 332 -15 21 -27 43 -27 47 0 5 -13 26 -30 47
-16 21 -30 43 -30 48 0 6 -6 15 -14 19 -7 4 -24 26 -38 48 -38 61 -70 97 -233
263 -82 84 -193 185 -245 225 -52 39 -99 77 -103 84 -4 7 -13 13 -19 13 -5 0
-27 14 -48 30 -21 17 -42 30 -47 30 -6 0 -29 14 -52 30 -80 59 -362 202 -501
255 -25 9 -58 23 -75 31 -44 20 -265 93 -316 104 -24 5 -71 16 -104 25 -33 8
-87 21 -120 29 -33 7 -71 18 -85 23 -14 6 -51 11 -83 12 -31 1 -73 9 -93 17
-20 8 -39 13 -41 10 -3 -3 -14 -1 -25 5 -29 15 -29 15 126 330 58 118 106 219
106 225 0 5 35 79 78 164 l79 155 981 3 980 2 35 73 c19 39 49 106 67 147 18
41 46 102 61 135 15 33 42 94 60 135 17 41 42 97 55 124 23 47 84 193 84 202
0 2 -522 4 -1160 4 l-1159 0 -18 -32z"/>
<path d="M1551 12469 c-78 -31 -121 -98 -121 -187 0 -73 23 -117 86 -162 l48
-35 2885 0 c2299 0 2885 3 2889 13 2 6 9 12 16 12 13 0 64 53 83 86 38 69 18
166 -48 232 -21 22 -53 42 -70 46 -52 10 -5741 6 -5768 -5z"/>
<path d="M4240 8779 c-114 -8 -233 -27 -320 -52 -164 -47 -213 -63 -240 -78
-8 -4 -51 -26 -95 -49 -44 -22 -89 -46 -100 -53 -66 -40 -162 -104 -175 -117
-9 -8 -40 -33 -68 -55 -65 -49 -216 -200 -257 -255 -16 -23 -41 -53 -55 -68
-29 -32 -33 -37 -125 -174 -113 -165 -217 -359 -256 -475 -11 -35 -25 -65 -30
-68 -5 -4 -9 -19 -9 -34 0 -15 -7 -36 -15 -47 -8 -10 -15 -28 -15 -38 0 -18
-33 -134 -50 -181 -18 -47 -48 -292 -49 -397 -1 -42 -5 -80 -11 -83 -12 -7
-14 -172 -2 -179 5 -3 12 -76 16 -162 3 -87 10 -162 15 -168 5 -6 12 -38 16
-71 3 -33 13 -80 20 -105 28 -92 45 -157 45 -173 0 -8 7 -28 15 -44 20 -38 61
-132 70 -163 4 -14 19 -43 34 -65 14 -22 35 -58 46 -80 11 -22 27 -48 36 -58
9 -9 22 -30 30 -45 17 -33 5 -16 131 -176 49 -63 282 -276 302 -276 3 0 34
-20 70 -45 37 -25 72 -45 80 -45 7 0 19 -7 26 -15 7 -8 20 -15 30 -15 10 0 23
-7 30 -15 7 -8 20 -15 30 -15 10 0 23 -7 30 -15 7 -8 22 -15 34 -15 11 -1 32
-7 46 -15 14 -8 39 -14 56 -15 17 0 37 -7 44 -15 8 -9 30 -15 57 -15 25 0 55
-8 70 -17 24 -16 55 -18 285 -17 167 1 262 5 271 12 7 6 44 16 82 22 39 6 74
15 79 21 6 5 25 9 42 9 18 0 35 4 38 9 4 5 25 12 49 16 42 7 85 23 140 51 16
8 33 14 38 14 5 0 40 14 77 31 37 17 83 38 102 46 34 14 48 21 135 66 22 11
65 37 95 56 30 20 77 47 103 61 27 14 58 30 70 37 30 17 46 0 28 -29 -8 -12
-19 -47 -26 -78 -8 -30 -18 -71 -23 -90 -6 -19 -19 -66 -30 -105 -26 -95 -181
-483 -230 -575 -132 -250 -180 -334 -279 -481 -60 -90 -140 -204 -179 -252
-38 -48 -79 -102 -91 -120 -44 -64 -341 -382 -384 -412 -8 -5 -53 -44 -101
-85 -91 -80 -107 -91 -234 -173 -44 -29 -89 -58 -100 -65 -10 -7 -39 -22 -64
-33 -25 -11 -76 -35 -115 -54 -38 -18 -94 -41 -123 -50 -29 -10 -55 -21 -58
-26 -3 -5 -18 -9 -33 -9 -15 0 -36 -7 -47 -15 -10 -8 -29 -15 -42 -15 -12 0
-33 -6 -45 -14 -12 -8 -44 -18 -72 -21 -27 -4 -54 -11 -60 -15 -5 -4 -39 -11
-75 -14 -36 -4 -70 -12 -76 -17 -6 -5 -67 -13 -135 -19 -68 -6 -153 -14 -189
-18 l-65 -7 -3 -54 c-2 -30 0 -66 3 -79 l6 -25 339 5 c208 3 345 9 352 16 7 5
47 13 88 16 41 4 84 11 95 16 11 5 45 13 75 19 135 25 338 86 434 130 23 10
71 33 108 50 37 17 72 31 76 31 13 0 138 67 237 127 11 7 29 16 40 22 21 10
233 150 256 169 8 6 61 46 119 88 113 83 110 80 186 148 28 25 54 46 58 46 10
0 100 85 250 236 160 159 212 216 271 294 28 36 55 70 61 75 15 13 124 161
149 200 10 17 24 34 32 38 7 4 13 13 13 19 0 5 14 27 30 48 17 21 30 42 30 47
0 6 12 28 28 50 41 59 51 76 63 103 6 14 20 38 33 55 27 37 206 396 206 414 0
7 6 25 14 39 34 63 136 345 136 375 0 11 6 31 14 45 15 30 31 88 47 177 7 33
15 65 19 70 4 6 11 33 15 60 4 28 10 55 15 60 4 6 10 46 13 91 3 44 10 91 16
105 5 14 12 81 16 150 4 68 12 129 17 135 5 7 7 139 4 310 -4 294 -18 510 -36
569 -5 17 -14 57 -19 90 -6 33 -17 89 -25 125 -9 36 -21 90 -28 120 -7 30 -17
61 -21 67 -5 7 -10 23 -12 35 -8 40 -48 163 -57 173 -4 5 -8 19 -8 31 0 12 -7
27 -15 34 -8 7 -15 20 -15 29 0 27 -161 342 -217 424 -29 43 -53 81 -53 84 0
8 -63 87 -77 96 -7 4 -13 13 -13 19 0 5 -10 22 -22 37 -13 16 -36 45 -53 67
-36 47 -212 223 -280 281 -77 64 -205 155 -255 181 -25 13 -60 32 -78 42 -47
28 -279 120 -303 120 -11 0 -32 6 -47 14 -15 7 -56 16 -90 20 -35 4 -74 11
-85 15 -33 12 -298 19 -417 10z m170 -318 c121 -13 326 -95 416 -168 110 -89
300 -294 327 -353 7 -16 20 -36 50 -83 23 -35 77 -139 77 -150 0 -5 11 -32 24
-60 36 -81 86 -212 86 -228 0 -8 5 -20 10 -25 6 -6 15 -35 21 -65 5 -30 12
-63 14 -74 3 -11 7 -33 11 -50 3 -16 8 -37 12 -45 6 -17 8 -23 22 -95 35 -186
43 -232 51 -330 6 -60 15 -126 20 -145 18 -61 -8 -768 -30 -807 -5 -10 -12
-73 -16 -141 -4 -67 -12 -125 -16 -128 -5 -3 -9 -30 -9 -60 0 -30 -6 -67 -14
-82 -20 -38 -73 -82 -118 -98 -10 -3 -18 -10 -18 -14 0 -16 -217 -140 -246
-140 -6 0 -32 -11 -58 -25 -51 -27 -156 -65 -180 -65 -7 0 -27 -7 -42 -15 -16
-8 -40 -15 -54 -15 -14 0 -38 -7 -54 -15 -17 -9 -55 -15 -95 -15 -37 0 -72 -5
-78 -11 -12 -12 -143 -7 -253 9 -124 18 -320 106 -370 167 -7 8 -19 15 -26 15
-8 0 -14 4 -14 8 0 5 -11 14 -25 20 -14 7 -28 20 -32 29 -4 10 -38 50 -77 89
-73 73 -89 93 -106 132 -5 12 -14 22 -19 22 -5 0 -11 8 -15 18 -3 9 -11 26
-18 37 -49 75 -67 107 -91 157 -15 31 -27 60 -27 65 0 4 -7 22 -16 38 -20 38
-101 280 -115 342 -6 27 -16 80 -24 118 -7 39 -16 79 -20 90 -8 29 -24 231
-34 440 -13 261 9 624 41 705 4 8 9 42 13 75 3 33 10 64 15 69 6 6 10 19 10
31 0 12 7 30 15 41 8 10 15 27 15 36 0 17 19 67 46 121 8 16 14 32 14 37 0 5
27 49 60 98 33 50 60 94 60 99 0 20 203 206 285 260 106 71 245 121 357 130
40 3 80 10 88 14 8 5 29 7 45 4 17 -4 64 -10 105 -14z"/>
</g>
</svg>
