<?xml version="1.0" standalone="no"?>
<!DOCTYPE svg PUBLIC "-//W3C//DTD SVG 20010904//EN"
 "http://www.w3.org/TR/2001/REC-SVG-20010904/DTD/svg10.dtd">
<svg version="1.0" xmlns="http://www.w3.org/2000/svg"
 width="900.000000pt" height="423.000000pt" viewBox="0 0 900.000000 423.000000"
 preserveAspectRatio="xMidYMid meet">
<metadata>
Created by potrace 1.10, written by Peter Selinger 2001-2011
</metadata>
<g transform="translate(0.000000,423.000000) scale(0.100000,-0.100000)"
fill="#000000" stroke="none">
<path d="M2502 4099 c-17 -6 -22 -14 -17 -28 4 -13 -4 -26 -30 -47 -24 -19
-33 -33 -30 -45 4 -12 -1 -22 -15 -29 -13 -7 -19 -17 -16 -28 4 -11 -6 -27
-30 -45 -23 -19 -33 -34 -29 -46 3 -11 -5 -25 -25 -39 -16 -13 -30 -31 -30
-42 0 -10 -7 -25 -15 -34 -8 -8 -15 -23 -15 -33 0 -10 -13 -29 -30 -43 -16
-14 -30 -34 -30 -46 0 -12 -7 -27 -15 -34 -8 -7 -15 -20 -15 -30 0 -10 -12
-25 -26 -35 -14 -9 -32 -31 -39 -49 -8 -18 -21 -39 -30 -46 -9 -8 -30 -42 -46
-75 -16 -34 -38 -70 -49 -80 -11 -10 -20 -24 -20 -31 0 -7 -13 -28 -28 -46
-15 -18 -40 -58 -54 -89 -15 -31 -34 -61 -42 -68 -9 -7 -27 -38 -40 -68 -14
-30 -35 -66 -46 -81 -41 -53 -70 -98 -105 -164 -19 -38 -39 -68 -44 -68 -4 0
-16 -18 -26 -40 -10 -23 -24 -44 -31 -48 -6 -4 -28 -40 -48 -79 -20 -40 -40
-73 -44 -73 -4 0 -20 -27 -35 -60 -15 -33 -39 -72 -52 -86 -14 -15 -25 -32
-25 -39 0 -7 -11 -24 -25 -39 -14 -15 -37 -52 -51 -83 -15 -31 -35 -64 -44
-73 -10 -10 -32 -48 -50 -84 -18 -37 -42 -71 -52 -77 -10 -5 -18 -18 -18 -29
0 -10 -14 -32 -30 -48 -17 -17 -30 -34 -30 -39 0 -19 -56 -115 -72 -124 -10
-5 -18 -18 -18 -29 0 -10 -13 -32 -30 -48 -16 -17 -30 -34 -30 -39 0 -19 -56
-115 -72 -124 -10 -5 -18 -18 -18 -28 0 -10 -7 -24 -15 -31 -8 -7 -15 -22 -15
-34 0 -12 -13 -32 -30 -46 -16 -14 -30 -32 -30 -42 0 -9 -14 -30 -30 -46 -17
-17 -30 -40 -30 -51 0 -12 -4 -21 -10 -21 -5 0 -10 -8 -10 -18 0 -28 -42 -72
-68 -72 -19 0 -22 -5 -22 -40 0 -27 -5 -43 -15 -46 -8 -4 -15 -17 -15 -30 0
-14 -7 -27 -15 -30 -8 -4 -15 -16 -15 -28 0 -12 -13 -33 -30 -46 -16 -14 -29
-35 -30 -48 0 -12 -7 -25 -15 -28 -8 -4 -15 -16 -15 -28 0 -12 -13 -33 -30
-46 -16 -14 -29 -34 -30 -45 0 -12 -13 -32 -30 -45 -16 -14 -29 -35 -30 -48 0
-12 -7 -25 -15 -28 -8 -4 -15 -16 -15 -28 0 -12 -13 -33 -29 -47 -16 -14 -31
-36 -33 -50 -2 -18 -11 -25 -33 -29 -39 -7 -44 -38 -12 -68 l23 -22 4305 0
4304 0 3 30 c2 20 -1 30 -10 30 -7 0 -391 1 -853 3 l-840 2 0 36 c0 21 -8 45
-18 56 -9 11 -14 23 -10 26 3 4 -15 28 -40 53 -26 25 -47 53 -47 62 0 28 -120
137 -183 167 -32 15 -69 38 -82 51 -13 13 -30 24 -38 24 -8 0 -20 7 -27 15 -9
11 -33 15 -90 15 -57 0 -81 4 -90 15 -10 12 -42 15 -165 15 -123 0 -155 -3
-165 -15 -9 -10 -31 -15 -73 -15 -40 0 -63 -5 -71 -15 -9 -11 -262 236 -1356
1327 -740 737 -1500 1495 -1690 1684 -227 226 -352 344 -365 343 -11 0 -30 -4
-43 -10z m486 -492 c1 -4 -6 -10 -15 -13 -10 -3 -29 -11 -43 -18 -14 -8 -31
-11 -38 -9 -7 3 -24 -2 -37 -11 -13 -9 -38 -16 -54 -16 -16 0 -36 -7 -45 -15
-21 -22 -400 -22 -442 -1 -15 8 -31 13 -36 10 -4 -3 -17 -2 -29 1 -19 6 -19 8
-5 24 9 10 16 25 16 33 0 9 13 27 28 40 16 13 32 36 36 51 3 15 11 27 16 27 6
0 10 10 10 21 0 12 16 36 36 54 20 19 33 38 29 44 -3 6 7 25 24 42 17 17 31
39 31 50 0 11 7 22 15 25 8 4 15 17 15 29 0 14 11 33 27 45 l27 21 216 -213
c119 -117 218 -217 218 -221z m1476 -1476 c784 -783 1426 -1430 1426 -1437 0
-7 10 -16 23 -20 19 -5 416 -385 425 -407 2 -4 -1217 -6 -2709 -5 l-2713 3 3
113 c2 94 0 113 -13 118 -12 5 -16 20 -16 58 0 45 -4 55 -30 76 -16 14 -29 35
-30 46 0 12 -7 27 -15 34 -8 7 -15 20 -15 29 0 9 -13 28 -30 41 -16 14 -29 34
-30 44 0 11 -28 46 -62 77 l-63 58 33 26 c17 15 32 35 32 45 0 9 7 23 15 30 8
7 15 18 15 26 0 7 14 29 30 47 17 19 30 40 30 45 0 6 13 26 28 44 15 18 40 58
54 89 15 31 34 61 42 68 9 7 27 37 41 67 14 29 36 65 50 80 14 15 25 32 25 39
0 7 11 24 24 38 13 14 36 52 51 84 16 32 36 64 46 71 9 6 23 27 29 46 6 19 17
37 25 40 8 3 28 34 45 70 17 35 37 70 46 77 8 7 27 37 42 68 14 31 39 71 54
89 15 18 28 39 28 46 0 7 10 21 21 32 12 10 34 47 50 80 16 34 37 68 45 75 9
7 29 41 45 74 16 34 40 72 54 85 14 13 25 31 25 40 0 9 9 25 21 36 11 10 32
43 47 74 14 30 39 70 54 88 15 18 28 39 28 46 0 7 10 21 21 32 12 10 34 46 49
79 15 34 35 67 44 74 8 7 29 41 45 75 16 33 38 70 50 80 11 11 21 25 21 32 0
7 12 28 28 46 15 18 38 56 51 83 13 28 34 61 46 75 13 14 25 34 27 45 3 16 12
21 54 23 36 2 54 -1 64 -13 18 -22 415 -22 444 0 12 9 42 15 77 15 38 0 61 5
69 15 7 8 27 15 45 15 18 0 38 7 45 15 7 8 18 15 25 15 7 0 18 7 25 15 7 9 14
14 16 13 1 -2 644 -644 1428 -1427z m-3816 -1297 c29 -31 52 -64 52 -73 0 -9
13 -28 30 -41 16 -14 29 -35 30 -48 0 -12 7 -25 15 -28 8 -4 15 -17 15 -30 0
-14 7 -27 15 -30 10 -4 15 -20 15 -45 0 -22 6 -41 14 -46 10 -6 15 -37 17
-118 l4 -110 -328 -3 c-222 -1 -327 1 -327 8 0 6 7 13 15 16 8 4 15 15 15 26
0 10 13 31 30 45 17 13 30 32 30 40 0 8 9 26 20 40 11 14 20 31 20 37 0 7 14
25 30 41 17 16 30 36 30 45 0 9 10 25 21 36 12 10 34 46 50 80 16 33 38 69 49
79 11 10 20 26 20 35 0 10 7 23 15 30 8 7 15 22 15 35 0 53 26 46 88 -21z
m5802 -119 c7 -9 29 -15 54 -15 44 0 113 -28 135 -54 7 -9 38 -27 70 -42 60
-28 181 -138 181 -165 0 -8 23 -37 51 -64 42 -40 50 -52 47 -79 l-3 -31 -269
-3 c-218 -2 -272 0 -285 12 -9 7 -22 15 -29 17 -20 6 -412 400 -407 409 3 5
29 6 58 3 38 -3 57 -1 72 11 29 22 307 23 325 1z"/>
<path d="M2750 3091 c-34 -14 -120 -105 -120 -127 0 -37 20 -38 56 -3 19 18
35 29 36 23 1 -5 2 -65 3 -134 l0 -125 35 0 35 0 -2 179 c-1 185 -5 203 -43
187z"/>
<path d="M2910 3049 c-35 -41 -35 -42 -36 -142 l-1 -100 40 -44 c36 -39 44
-43 86 -43 40 0 51 5 84 39 l37 38 0 110 0 109 -38 37 c-33 33 -44 37 -87 37
-46 0 -53 -3 -85 -41z m124 -42 c20 -20 22 -31 20 -101 -4 -109 -38 -144 -91
-94 -20 19 -23 31 -23 99 0 72 2 79 26 98 34 26 40 26 68 -2z"/>
<path d="M3189 3059 c-62 -88 47 -213 119 -136 32 34 31 115 -1 145 -36 34
-90 30 -118 -9z m76 -66 c-5 -41 -9 -48 -24 -38 -12 7 -15 78 -4 88 15 15 32
-16 28 -50z"/>
<path d="M2022 3024 c-30 -21 -28 -30 18 -71 22 -20 40 -45 40 -55 0 -10 -18
-38 -41 -63 -31 -33 -39 -49 -34 -65 5 -17 13 -20 38 -18 26 2 36 11 50 41 19
38 47 50 47 20 1 -34 34 -65 66 -61 43 5 44 38 0 80 -54 51 -55 72 -7 116 45
41 51 66 21 82 -26 14 -55 -1 -75 -40 -19 -37 -26 -37 -48 0 -25 42 -49 53
-75 34z"/>
<path d="M2410 3030 c-9 -6 -15 -25 -15 -47 0 -38 -1 -38 -45 -43 -33 -4 -46
-10 -48 -23 -6 -29 17 -47 60 -47 40 0 40 0 34 -32 -8 -43 5 -60 40 -56 27 3
29 6 29 43 0 40 0 40 42 43 80 6 81 72 2 72 -38 0 -39 1 -39 38 0 54 -24 75
-60 52z"/>
<path d="M983 863 c-26 -10 -14 -58 22 -90 46 -41 46 -70 -1 -106 -27 -22 -34
-35 -32 -55 4 -40 49 -43 74 -5 10 15 21 36 24 46 7 25 24 22 28 -4 7 -41 32
-69 63 -69 46 0 43 41 -7 87 -29 27 -33 37 -28 60 4 16 20 39 35 53 56 50 22
114 -36 68 -14 -11 -25 -30 -25 -43 0 -23 -16 -42 -26 -32 -3 2 -7 14 -9 27
-4 21 -49 71 -63 69 -4 0 -13 -3 -19 -6z"/>
<path d="M6527 1221 c-37 -38 -57 -66 -55 -78 5 -28 37 -27 64 2 14 16 29 24
34 19 4 -5 5 -61 0 -124 -9 -126 -6 -132 45 -128 l30 3 -1 180 -1 180 -29 3
c-24 2 -40 -9 -87 -57z"/>
<path d="M6798 1223 c-32 -32 -58 -66 -58 -76 0 -30 30 -32 56 -3 43 45 47 36
43 -101 l-4 -128 31 -3 c17 -2 35 3 40 10 5 7 7 87 4 183 l-5 170 -25 3 c-19
2 -38 -11 -82 -55z"/>
<path d="M7027 1242 l-37 -38 0 -110 0 -110 38 -37 c33 -32 44 -37 85 -37 43
0 52 4 87 41 l40 42 -6 106 c-6 105 -7 106 -42 144 -31 32 -42 37 -82 37 -40
0 -51 -5 -83 -38z m121 -52 c19 -18 22 -32 22 -93 0 -109 -40 -148 -97 -95
-20 18 -23 31 -23 88 0 103 46 149 98 100z"/>
<path d="M7312 1257 c-30 -32 -31 -114 -2 -145 31 -33 92 -30 120 6 30 37 24
112 -11 141 -33 28 -80 27 -107 -2z m68 -83 c0 -23 -5 -34 -14 -34 -22 0 -29
18 -21 56 5 30 9 33 21 24 8 -7 14 -28 14 -46z"/>
</g>
</svg>
