<?xml version="1.0" encoding="UTF-8" standalone="no"?>
<svg
   xmlns:dc="http://purl.org/dc/elements/1.1/"
   xmlns:cc="http://creativecommons.org/ns#"
   xmlns:rdf="http://www.w3.org/1999/02/22-rdf-syntax-ns#"
   xmlns:svg="http://www.w3.org/2000/svg"
   xmlns="http://www.w3.org/2000/svg"
   xmlns:sodipodi="http://sodipodi.sourceforge.net/DTD/sodipodi-0.dtd"
   xmlns:inkscape="http://www.inkscape.org/namespaces/inkscape"
   version="1.0"
   width="300.000000pt"
   height="446.000000pt"
   viewBox="0 0 300.000000 446.000000"
   preserveAspectRatio="xMidYMid meet"
   id="svg4731"
   inkscape:version="0.48.4 r9939"
   sodipodi:docname="6.svg">
  <defs
     id="defs7019" />
  <sodipodi:namedview
     pagecolor="#ffffff"
     bordercolor="#666666"
     borderopacity="1"
     objecttolerance="10"
     gridtolerance="10"
     guidetolerance="10"
     inkscape:pageopacity="0"
     inkscape:pageshadow="2"
     inkscape:window-width="1600"
     inkscape:window-height="824"
     id="namedview7017"
     showgrid="false"
     inkscape:zoom="0.84663677"
     inkscape:cx="223.44556"
     inkscape:cy="258.69458"
     inkscape:window-x="0"
     inkscape:window-y="24"
     inkscape:window-maximized="1"
     inkscape:current-layer="svg4731" />
  <metadata
     id="metadata4733">
Created by potrace 1.10, written by Peter Selinger 2001-2011
<rdf:RDF>
  <cc:Work
     rdf:about="">
    <dc:format>image/svg+xml</dc:format>
    <dc:type
       rdf:resource="http://purl.org/dc/dcmitype/StillImage" />
  </cc:Work>
</rdf:RDF>
</metadata>
  <g
     transform="translate(0.000000,446.000000) scale(0.100000,-0.100000)"
     fill="#000000"
     stroke="none"
     id="g4735">
    <path
       d="M1105 4450 c-3 -5 -1 -10 4 -10 6 0 11 5 11 10 0 6 -2 10 -4 10 -3 0 -8 -4 -11 -10z"
       id="path4737" />
    <path
       d="M348 4443 c7 -3 16 -2 19 1 4 3 -2 6 -13 5 -11 0 -14 -3 -6 -6z"
       id="path4739" />
    <path
       d="M398 4443 c6 -2 18 -2 25 0 6 3 1 5 -13 5 -14 0 -19 -2 -12 -5z"
       id="path4741" />
    <path
       d="M468 4443 c7 -3 16 -2 19 1 4 3 -2 6 -13 5 -11 0 -14 -3 -6 -6z"
       id="path4743" />
    <path
       d="M563 4443 c9 -2 25 -2 35 0 9 3 1 5 -18 5 -19 0 -27 -2 -17 -5z"
       id="path4745" />
    <path
       d="M768 4443 c6 -2 18 -2 25 0 6 3 1 5 -13 5 -14 0 -19 -2 -12 -5z"
       id="path4747" />
    <path
       d="M895 4440 c-16 -7 -17 -9 -3 -9 9 -1 20 4 23 9 7 11 7 11 -20 0z"
       id="path4749" />
    <path
       d="M968 4443 c12 -2 30 -2 40 0 9 3 -1 5 -23 4 -22 0 -30 -2 -17 -4z"
       id="path4751" />
    <path
       d="M1043 4443 c9 -2 25 -2 35 0 9 3 1 5 -18 5 -19 0 -27 -2 -17 -5z"
       id="path4753" />
    <path
       d="M1153 4443 c9 -2 23 -2 30 0 6 3 -1 5 -18 5 -16 0 -22 -2 -12 -5z"
       id="path4755" />
    <path
       d="M1313 4443 c26 -2 68 -2 95 0 26 2 4 3 -48 3 -52 0 -74 -1 -47 -3z"
       id="path4757" />
    <path
       d="M1478 4443 c7 -3 16 -2 19 1 4 3 -2 6 -13 5 -11 0 -14 -3 -6 -6z"
       id="path4759" />
    <path
       d="M1593 4443 c9 -2 25 -2 35 0 9 3 1 5 -18 5 -19 0 -27 -2 -17 -5z"
       id="path4761" />
    <path
       d="M1698 4443 c7 -3 16 -2 19 1 4 3 -2 6 -13 5 -11 0 -14 -3 -6 -6z"
       id="path4763" />
    <path
       d="M1837 4443 c-4 -3 -7 -11 -7 -17 0 -7 3 -7 8 0 4 7 18 14 32 17 l25 4 -26 2 c-14 0 -29 -2 -32 -6z"
       id="path4765" />
    <path
       d="M1991 4434 c0 -11 3 -14 6 -6 3 7 2 16 -1 19 -3 4 -6 -2 -5 -13z"
       id="path4767" />
    <path
       d="M2033 4435 c0 -8 4 -15 9 -15 4 0 8 4 8 9 0 6 -4 12 -8 15 -5 3 -9 -1 -9 -9z"
       id="path4769" />
    <path
       d="M2070 4443 c8 -3 18 -10 21 -15 3 -5 9 -3 12 6 5 12 0 16 -21 15 -16 0 -21 -3 -12 -6z"
       id="path4771" />
    <path
       d="M2138 4443 c6 -2 18 -2 25 0 6 3 1 5 -13 5 -14 0 -19 -2 -12 -5z"
       id="path4773" />
    <path
       d="M2223 4443 c9 -2 23 -2 30 0 6 3 -1 5 -18 5 -16 0 -22 -2 -12 -5z"
       id="path4775" />
    <path
       d="M2283 4443 c9 -2 25 -2 35 0 9 3 1 5 -18 5 -19 0 -27 -2 -17 -5z"
       id="path4777" />
    <path
       d="M2458 4443 c7 -3 16 -2 19 1 4 3 -2 6 -13 5 -11 0 -14 -3 -6 -6z"
       id="path4779" />
    <path
       d="M2510 4440 c20 -13 63 -13 55 0 -3 6 -21 10 -38 10 -24 0 -28 -3 -17 -10z"
       id="path4781" />
    <path
       d="M215 4418 c-41 -20 -115 -85 -115 -100 0 -17 16 -6 40 27 14 19 29 35 34 35 5 0 17 7 27 16 10 9 39 22 66 29 40 11 43 13 18 14 -16 0 -48 -9 -70 -21z"
       id="path4783" />
    <path
       d="M2580 4431 c0 -5 16 -15 35 -21 41 -13 53 -29 34 -41 -9 -6 -10 -9 -2 -9 6 0 15 5 19 11 4 7 13 1 24 -16 16 -24 18 -25 22 -7 6 20 0 25 -78 68 -47 27 -54 28 -54 15z"
       id="path4785" />
    <path
       d="M2170 4420 c0 -5 7 -7 15 -4 8 4 15 8 15 10 0 2 -7 4 -15 4 -8 0 -15 -4 -15 -10z"
       id="path4787" />
    <path
       d="M2370 4421 c0 -5 9 -7 20 -4 11 3 20 7 20 9 0 2 -9 4 -20 4 -11 0 -20 -4 -20 -9z"
       id="path4789" />
    <path
       d="M735 4410 c3 -5 18 -10 32 -10 32 0 28 5 -10 14 -19 4 -26 3 -22 -4z"
       id="path4791" />
    <path
       d="M1111 4404 c0 -11 3 -14 6 -6 3 7 2 16 -1 19 -3 4 -6 -2 -5 -13z"
       id="path4793" />
    <path
       d="M1396 4406 c10 -8 21 -12 24 -10 5 6 -21 24 -34 24 -6 0 -1 -6 10 -14z"
       id="path4795" />
    <path
       d="M2350 4411 c0 -6 4 -13 10 -16 6 -3 7 1 4 9 -7 18 -14 21 -14 7z"
       id="path4797" />
    <path
       d="M485 4400 c-3 -5 -1 -10 4 -10 6 0 11 5 11 10 0 6 -2 10 -4 10 -3 0 -8 -4 -11 -10z"
       id="path4799" />
    <path
       d="M1075 4400 c-3 -5 -1 -10 4 -10 6 0 11 5 11 10 0 6 -2 10 -4 10 -3 0 -8 -4 -11 -10z"
       id="path4801" />
    <path
       d="M1338 4403 c6 -2 18 -2 25 0 6 3 1 5 -13 5 -14 0 -19 -2 -12 -5z"
       id="path4803" />
    <path
       d="M1750 4401 c0 -10 19 -25 25 -20 1 2 -3 10 -11 17 -8 7 -14 8 -14 3z"
       id="path4805" />
    <path
       d="M2320 4400 c-9 -6 -10 -10 -3 -10 6 0 15 5 18 10 8 12 4 12 -15 0z"
       id="path4807" />
    <path
       d="M1246 4385 c-3 -8 -1 -15 4 -15 6 0 10 7 10 15 0 8 -2 15 -4 15 -2 0 -6 -7 -10 -15z"
       id="path4809" />
    <path
       d="M844 4382 c-9 -5 -8 -10 1 -19 10 -9 14 -8 18 8 5 20 0 24 -19 11z"
       id="path4811" />
    <path
       d="M888 4383 c7 -3 16 -2 19 1 4 3 -2 6 -13 5 -11 0 -14 -3 -6 -6z"
       id="path4813" />
    <path
       d="M2158 4383 c6 -2 18 -2 25 0 6 3 1 5 -13 5 -14 0 -19 -2 -12 -5z"
       id="path4815" />
    <path
       d="M1707 4369 c7 -7 15 -10 18 -7 3 3 -2 9 -12 12 -14 6 -15 5 -6 -5z"
       id="path4817" />
    <path
       d="M2020 4376 c0 -2 7 -7 16 -10 8 -3 12 -2 9 4 -6 10 -25 14 -25 6z"
       id="path4819" />
    <path
       d="M2520 4370 c0 -5 5 -10 11 -10 5 0 7 5 4 10 -3 6 -8 10 -11 10 -2 0 -4 -4 -4 -10z"
       id="path4821" />
    <path
       d="M476 4356 c6 -17 34 -30 34 -16 0 5 -9 14 -20 20 -16 8 -18 8 -14 -4z"
       id="path4823" />
    <path
       d="M1330 4359 c0 -5 5 -7 10 -4 6 3 10 8 10 11 0 2 -4 4 -10 4 -5 0 -10 -5 -10 -11z"
       id="path4825" />
    <path
       d="M1941 4340 c-5 -16 -8 -30 -6 -30 2 0 10 14 19 30 8 17 11 30 6 30 -4 0 -13 -13 -19 -30z"
       id="path4827" />
    <path
       d="M2495 4360 c3 -5 8 -10 11 -10 2 0 4 5 4 10 0 6 -5 10 -11 10 -5 0 -7 -4 -4 -10z"
       id="path4829" />
    <path
       d="M260 4348 c0 -4 6 -8 14 -8 8 0 17 4 20 8 2 4 -4 8 -15 8 -10 0 -19 -4 -19 -8z"
       id="path4831" />
    <path
       d="M590 4350 c0 -5 5 -10 11 -10 5 0 7 5 4 10 -3 6 -8 10 -11 10 -2 0 -4 -4 -4 -10z"
       id="path4833" />
    <path
       d="M1100 4349 c0 -5 5 -7 10 -4 6 3 10 8 10 11 0 2 -4 4 -10 4 -5 0 -10 -5 -10 -11z"
       id="path4835" />
    <path
       d="M1572 4344 c10 -10 20 -16 22 -13 3 3 -5 11 -17 18 -21 13 -21 12 -5 -5z"
       id="path4837" />
    <path
       d="M2090 4349 c0 -6 -7 -9 -14 -6 -10 4 -13 1 -10 -8 10 -24 29 -23 30 1 1 13 0 24 -2 24 -2 0 -4 -5 -4 -11z"
       id="path4839" />
    <path
       d="M2200 4350 c0 -5 5 -10 11 -10 5 0 7 5 4 10 -3 6 -8 10 -11 10 -2 0 -4 -4 -4 -10z"
       id="path4841" />
    <path
       d="M2440 4349 c0 -5 5 -7 10 -4 6 3 10 8 10 11 0 2 -4 4 -10 4 -5 0 -10 -5 -10 -11z"
       id="path4843" />
    <path
       d="M2610 4352 c0 -10 27 -42 36 -42 8 0 4 7 -16 30 -11 13 -20 18 -20 12z"
       id="path4845" />
    <path
       d="M340 4330 c0 -5 5 -10 10 -10 6 0 10 5 10 10 0 6 -4 10 -10 10 -5 0 -10 -4 -10 -10z"
       id="path4847" />
    <path
       d="M966 4323 c-6 -14 -5 -15 5 -6 7 7 10 15 7 18 -3 3 -9 -2 -12 -12z"
       id="path4849" />
    <path
       d="M1070 4329 c0 -5 5 -7 10 -4 6 3 10 8 10 11 0 2 -4 4 -10 4 -5 0 -10 -5 -10 -11z"
       id="path4851" />
    <path
       d="M2570 4325 c-7 -8 -9 -15 -6 -15 4 0 14 7 22 15 9 8 11 15 6 15 -5 0 -15 -7 -22 -15z"
       id="path4853" />
    <path
       d="M2732 4335 c2 -5 9 -21 15 -35 22 -48 27 -65 29 -103 2 -37 2 -38 -17 -21 -10 9 -21 15 -24 12 -3 -3 5 -12 18 -21 19 -12 24 -25 24 -56 0 -28 -4 -41 -16 -44 -14 -4 -13 -5 1 -6 15 -1 17 -10 15 -59 -2 -38 1 -59 8 -59 14 0 14 109 0 119 -6 5 -5 8 3 8 18 0 16 114 -4 179 -8 30 -25 63 -36 75 -11 11 -19 17 -16 11z"
       id="path4855" />
    <path
       d="M830 4320 c0 -5 5 -10 11 -10 5 0 7 5 4 10 -3 6 -8 10 -11 10 -2 0 -4 -4 -4 -10z"
       id="path4857" />
    <path
       d="M1010 4320 c-20 -12 -5 -24 16 -12 9 5 12 12 7 15 -5 3 -15 2 -23 -3z"
       id="path4859" />
    <path
       d="M147 4309 c7 -7 15 -10 18 -7 3 3 -2 9 -12 12 -14 6 -15 5 -6 -5z"
       id="path4861" />
    <path
       d="M407 4309 c7 -7 15 -10 18 -7 3 3 -2 9 -12 12 -14 6 -15 5 -6 -5z"
       id="path4863" />
    <path
       d="M755 4309 c-4 -5 3 -8 14 -6 28 4 34 12 11 14 -11 1 -22 -2 -25 -8z"
       id="path4865" />
    <path
       d="M1715 4310 c-3 -5 1 -10 10 -10 9 0 13 5 10 10 -3 6 -8 10 -10 10 -2 0 -7 -4 -10 -10z"
       id="path4867" />
    <path
       d="M1973 4308 c-13 -6 -23 -15 -23 -20 0 -7 31 8 59 29 10 7 -16 1 -36 -9z"
       id="path4869" />
    <path
       d="M2180 4316 c0 -2 7 -6 15 -10 8 -3 15 -1 15 4 0 6 -7 10 -15 10 -8 0 -15 -2 -15 -4z"
       id="path4871" />
    <path
       d="M2265 4310 c3 -5 1 -10 -6 -10 -7 0 -10 -2 -7 -5 8 -9 38 6 32 16 -3 5 -10 9 -15 9 -6 0 -7 -4 -4 -10z"
       id="path4873" />
    <path
       d="M2480 4316 c0 -2 7 -7 16 -10 8 -3 12 -2 9 4 -6 10 -25 14 -25 6z"
       id="path4875" />
    <path
       d="M84 4294 c4 -9 0 -22 -8 -28 -11 -8 -15 -39 -18 -118 -1 -59 1 -110 5 -114 4 -4 7 1 8 12 7 187 10 209 40 235 16 15 18 20 7 16 -10 -4 -18 -2 -18 3 0 6 -5 10 -11 10 -6 0 -8 -7 -5 -16z"
       id="path4877" />
    <path
       d="M1310 4294 c0 -8 5 -12 10 -9 6 4 8 11 5 16 -9 14 -15 11 -15 -7z"
       id="path4879" />
    <path
       d="M1390 4300 c8 -5 20 -10 25 -10 6 0 3 5 -5 10 -8 5 -19 10 -25 10 -5 0 -3 -5 5 -10z"
       id="path4881" />
    <path
       d="M2710 4300 c0 -5 5 -10 10 -10 6 0 10 5 10 10 0 6 -4 10 -10 10 -5 0 -10 -4 -10 -10z"
       id="path4883" />
    <path
       d="M610 4289 c0 -5 5 -7 10 -4 6 3 10 8 10 11 0 2 -4 4 -10 4 -5 0 -10 -5 -10 -11z"
       id="path4885" />
    <path
       d="M725 4290 c3 -5 8 -10 11 -10 2 0 4 5 4 10 0 6 -5 10 -11 10 -5 0 -7 -4 -4 -10z"
       id="path4887" />
    <path
       d="M490 4279 c0 -5 5 -7 10 -4 6 3 10 8 10 11 0 2 -4 4 -10 4 -5 0 -10 -5 -10 -11z"
       id="path4889" />
    <path
       d="M1885 4280 c3 -5 8 -10 11 -10 2 0 4 5 4 10 0 6 -5 10 -11 10 -5 0 -7 -4 -4 -10z"
       id="path4891" />
    <path
       d="M1920 4280 c0 -5 5 -10 11 -10 5 0 7 5 4 10 -3 6 -8 10 -11 10 -2 0 -4 -4 -4 -10z"
       id="path4893" />
    <path
       d="M2225 4280 c3 -5 8 -10 11 -10 2 0 4 5 4 10 0 6 -5 10 -11 10 -5 0 -7 -4 -4 -10z"
       id="path4895" />
    <path
       d="M770 4265 c7 -9 15 -13 17 -11 7 7 -7 26 -19 26 -6 0 -6 -6 2 -15z"
       id="path4897" />
    <path
       d="M2580 4270 c0 -5 4 -10 9 -10 6 0 13 5 16 10 3 6 -1 10 -9 10 -9 0 -16 -4 -16 -10z"
       id="path4899" />
    <path
       d="M710 4260 c0 -5 5 -10 11 -10 5 0 7 5 4 10 -3 6 -8 10 -11 10 -2 0 -4 -4 -4 -10z"
       id="path4901" />
    <path
       d="M1117 4263 c-4 -3 -7 -11 -7 -17 0 -6 5 -5 12 2 6 6 9 14 7 17 -3 3 -9 2 -12 -2z"
       id="path4903" />
    <path
       d="M1668 4263 c7 -3 16 -2 19 1 4 3 -2 6 -13 5 -11 0 -14 -3 -6 -6z"
       id="path4905" />
    <path
       d="M2660 4261 c0 -5 5 -13 10 -16 6 -3 10 -2 10 4 0 5 -4 13 -10 16 -5 3 -10 2 -10 -4z"
       id="path4907" />
    <path
       d="M606 4245 c-3 -9 -6 -22 -5 -28 0 -7 5 -1 10 12 5 13 8 26 5 28 -2 2 -6 -3 -10 -12z"
       id="path4909" />
    <path
       d="M1800 4240 c0 -5 5 -10 10 -10 6 0 10 5 10 10 0 6 -4 10 -10 10 -5 0 -10 -4 -10 -10z"
       id="path4911" />
    <path
       d="M2360 4240 c-9 -6 -10 -10 -3 -10 6 0 15 5 18 10 8 12 4 12 -15 0z"
       id="path4913" />
    <path
       d="M2620 4236 c0 -2 7 -9 15 -16 13 -11 14 -10 9 4 -5 14 -24 23 -24 12z"
       id="path4915" />
    <path
       d="M330 4221 c0 -6 4 -13 10 -16 6 -3 7 1 4 9 -7 18 -14 21 -14 7z"
       id="path4917" />
    <path
       d="M860 4125 c0 -87 3 -105 15 -105 11 0 15 12 15 45 0 32 4 45 14 45 43 0 65 89 27 110 -11 5 -31 10 -45 10 l-26 0 0 -105z m60 40 c0 -13 -7 -25 -15 -29 -12 -4 -15 3 -15 36 0 35 2 39 15 28 8 -7 15 -23 15 -35z"
       id="path4919" />
    <path
       d="M1067 4223 c-13 -12 -7 -23 13 -23 11 0 20 7 20 15 0 15 -21 21 -33 8z"
       id="path4921" />
    <path
       d="M1207 4224 c-9 -10 2 -24 19 -24 8 0 14 7 14 15 0 15 -21 21 -33 9z"
       id="path4923" />
    <path
       d="M1280 4220 c0 -5 5 -10 10 -10 6 0 10 5 10 10 0 6 -4 10 -10 10 -5 0 -10 -4 -10 -10z"
       id="path4925" />
    <path
       d="M1364 4125 c1 -94 3 -105 19 -105 16 0 18 8 16 62 -2 41 1 63 9 66 8 2 12 -16 12 -62 0 -53 3 -66 15 -66 13 0 15 13 13 73 -3 67 -4 72 -25 71 -19 0 -23 5 -23 33 0 26 -4 33 -19 33 -17 0 -18 -9 -17 -105z"
       id="path4927" />
    <path
       d="M1717 4223 c-7 -11 -9 -56 -8 -135 1 -59 4 -68 19 -68 16 0 18 7 14 59 -3 36 0 61 7 65 7 5 7 12 -1 26 -10 15 -9 23 6 39 19 21 19 21 -7 21 -14 0 -28 -3 -30 -7z"
       id="path4929" />
    <path
       d="M1840 4215 c7 -8 16 -15 21 -15 5 0 6 7 3 15 -4 8 -13 15 -21 15 -13 0 -13 -3 -3 -15z"
       id="path4931" />
    <path
       d="M2108 4223 c7 -3 16 -2 19 1 4 3 -2 6 -13 5 -11 0 -14 -3 -6 -6z"
       id="path4933" />
    <path
       d="M2234 4205 c36 -19 41 -19 22 0 -8 8 -23 15 -33 15 -13 0 -10 -4 11 -15z"
       id="path4935" />
    <path
       d="M2380 4212 c0 -6 -8 -13 -17 -15 -16 -4 -16 -5 -1 -6 18 -1 34 16 24 26 -3 4 -6 1 -6 -5z"
       id="path4937" />
    <path
       d="M360 4206 c0 -2 9 -6 20 -9 11 -3 18 -1 14 4 -5 9 -34 13 -34 5z"
       id="path4939" />
    <path
       d="M750 4200 c0 -5 5 -10 11 -10 5 0 7 5 4 10 -3 6 -8 10 -11 10 -2 0 -4 -4 -4 -10z"
       id="path4941" />
    <path
       d="M2090 4201 c0 -6 4 -13 10 -16 6 -3 7 1 4 9 -7 18 -14 21 -14 7z"
       id="path4943" />
    <path
       d="M2570 4199 c0 -5 5 -7 10 -4 6 3 10 8 10 11 0 2 -4 4 -10 4 -5 0 -10 -5 -10 -11z"
       id="path4945" />
    <path
       d="M140 4180 c0 -5 5 -10 10 -10 6 0 10 5 10 10 0 6 -4 10 -10 10 -5 0 -10 -4 -10 -10z"
       id="path4947" />
    <path
       d="M470 4187 c0 -15 32 -57 44 -57 7 0 8 3 0 8 -5 4 -18 18 -27 32 -9 13 -17 21 -17 17z"
       id="path4949" />
    <path
       d="M557 4183 c-4 -3 -7 -11 -7 -17 0 -6 5 -5 12 2 6 6 9 14 7 17 -3 3 -9 2 -12 -2z"
       id="path4951" />
    <path
       d="M2178 4173 c6 -2 18 -2 25 0 6 3 1 5 -13 5 -14 0 -19 -2 -12 -5z"
       id="path4953" />
    <path
       d="M2313 4164 c-7 -20 12 -41 22 -23 6 8 4 10 -5 4 -10 -6 -12 -3 -8 13 7 25 0 30 -9 6z"
       id="path4955" />
    <path
       d="M2410 4170 c0 -5 5 -10 11 -10 5 0 7 5 4 10 -3 6 -8 10 -11 10 -2 0 -4 -4 -4 -10z"
       id="path4957" />
    <path
       d="M2640 4172 c0 -12 19 -26 26 -19 2 2 -2 10 -11 17 -9 8 -15 8 -15 2z"
       id="path4959" />
    <path
       d="M590 4161 c0 -5 5 -13 10 -16 6 -3 10 -2 10 4 0 5 -4 13 -10 16 -5 3 -10 2 -10 -4z"
       id="path4961" />
    <path
       d="M970 4151 c-14 -27 -13 -104 2 -119 25 -25 78 -8 78 25 0 7 -9 13 -20 13 -11 0 -20 -7 -20 -15 0 -8 -4 -15 -10 -15 -5 0 -10 11 -10 25 0 21 5 25 30 25 26 0 30 4 30 28 0 15 -5 33 -12 40 -18 18 -56 14 -68 -7z m43 -20 c3 -12 -1 -22 -9 -25 -10 -4 -14 2 -14 19 0 30 16 33 23 6z"
       id="path4963" />
    <path
       d="M1070 4096 c0 -62 3 -76 15 -76 13 0 15 12 13 72 -2 46 -7 73 -15 76 -10 3 -13 -16 -13 -72z"
       id="path4965" />
    <path
       d="M1115 4154 c11 -24 12 -71 2 -106 -6 -22 -4 -28 8 -28 9 0 15 9 15 25 0 14 5 25 10 25 6 0 10 -11 10 -25 0 -18 5 -25 20 -25 24 0 24 -2 5 44 -14 32 -14 39 0 66 19 36 19 40 1 40 -8 0 -17 -12 -21 -27 l-8 -28 -6 25 c-4 14 -15 27 -25 28 -15 3 -17 0 -11 -14z"
       id="path4967" />
    <path
       d="M1210 4095 c0 -60 3 -75 15 -75 12 0 15 15 15 75 0 60 -3 75 -15 75 -12 0 -15 -15 -15 -75z"
       id="path4969" />
    <path
       d="M1260 4093 c0 -58 3 -73 15 -73 12 0 15 14 15 66 0 46 4 64 12 62 8 -3 11 -25 9 -66 -2 -51 0 -62 13 -62 13 0 16 13 16 74 l0 75 -40 -2 -40 -1 0 -73z"
       id="path4971" />
    <path
       d="M1482 4158 c-12 -12 -16 -95 -6 -122 4 -10 18 -16 39 -16 21 0 35 6 39 16 10 25 7 93 -4 115 -12 21 -50 25 -68 7z m46 -68 c-4 -63 -28 -65 -28 -2 0 27 3 52 7 56 14 14 24 -13 21 -54z"
       id="path4973" />
    <path
       d="M1587 4163 c-16 -15 -6 -56 18 -75 28 -22 33 -48 10 -48 -8 0 -15 7 -15 15 0 8 -7 15 -15 15 -16 0 -19 -9 -9 -34 4 -10 18 -16 39 -16 33 0 45 13 45 50 0 10 -8 21 -18 24 -20 7 -46 45 -37 54 4 4 11 -1 16 -11 12 -20 39 -23 39 -4 0 29 -53 51 -73 30z"
       id="path4975" />
    <path
       d="M1781 4156 c-7 -9 -11 -38 -9 -73 l3 -58 35 0 35 0 3 58 c3 62 -8 87 -38 87 -10 0 -23 -6 -29 -14z m39 -61 c0 -30 -4 -55 -10 -55 -5 0 -10 25 -10 55 0 30 5 55 10 55 6 0 10 -25 10 -55z"
       id="path4977" />
    <path
       d="M1876 4161 c-3 -4 -4 -37 -3 -74 1 -54 4 -67 17 -67 14 0 16 10 12 60 -4 50 -2 60 12 60 9 0 16 6 16 14 0 14 -47 20 -54 7z"
       id="path4979" />
    <path
       d="M1951 4156 c-19 -23 -9 -42 11 -22 22 21 28 20 28 -4 0 -13 -7 -20 -19 -20 -27 0 -39 -21 -34 -57 5 -31 8 -33 45 -33 l39 0 -3 73 c-3 69 -4 72 -29 75 -14 2 -31 -4 -38 -12z m39 -86 c0 -16 -4 -30 -10 -30 -11 0 -14 43 -3 53 11 12 13 8 13 -23z"
       id="path4981" />
    <path
       d="M2115 4160 c3 -5 8 -10 11 -10 2 0 4 5 4 10 0 6 -5 10 -11 10 -5 0 -7 -4 -4 -10z"
       id="path4983" />
    <path
       d="M307 4139 c7 -7 15 -10 18 -7 3 3 -2 9 -12 12 -14 6 -15 5 -6 -5z"
       id="path4985" />
    <path
       d="M2155 4130 c3 -5 12 -7 20 -3 21 7 19 13 -6 13 -11 0 -18 -4 -14 -10z"
       id="path4987" />
    <path
       d="M2565 4130 c3 -5 8 -10 11 -10 2 0 4 5 4 10 0 6 -5 10 -11 10 -5 0 -7 -4 -4 -10z"
       id="path4989" />
    <path
       d="M2641 4124 c0 -11 3 -14 6 -6 3 7 2 16 -1 19 -3 4 -6 -2 -5 -13z"
       id="path4991" />
    <path
       d="M375 4110 c10 -11 20 -18 23 -15 7 6 -18 35 -31 35 -5 0 -2 -9 8 -20z"
       id="path4993" />
    <path
       d="M150 4109 c0 -5 5 -7 10 -4 6 3 10 8 10 11 0 2 -4 4 -10 4 -5 0 -10 -5 -10 -11z"
       id="path4995" />
    <path
       d="M336 4107 c3 -10 9 -15 12 -12 3 3 0 11 -7 18 -10 9 -11 8 -5 -6z"
       id="path4997" />
    <path
       d="M670 4110 c0 -5 5 -10 11 -10 5 0 7 5 4 10 -3 6 -8 10 -11 10 -2 0 -4 -4 -4 -10z"
       id="path4999" />
    <path
       d="M2060 4113 c0 -6 8 -17 18 -24 16 -13 16 -13 2 6 -8 11 -16 22 -17 24 -2 2 -3 0 -3 -6z"
       id="path5001" />
    <path
       d="M495 4100 c3 -5 8 -10 11 -10 2 0 4 5 4 10 0 6 -5 10 -11 10 -5 0 -7 -4 -4 -10z"
       id="path5003" />
    <path
       d="M2100 4096 c0 -2 7 -6 15 -10 8 -3 15 -1 15 4 0 6 -7 10 -15 10 -8 0 -15 -2 -15 -4z"
       id="path5005" />
    <path
       d="M2156 4077 c3 -10 9 -15 12 -12 3 3 0 11 -7 18 -10 9 -11 8 -5 -6z"
       id="path5007" />
    <path
       d="M330 4071 c0 -6 4 -13 10 -16 6 -3 7 1 4 9 -7 18 -14 21 -14 7z"
       id="path5009" />
    <path
       d="M2537 4065 c3 -8 9 -12 14 -9 12 7 11 11 -5 17 -10 4 -13 1 -9 -8z"
       id="path5011" />
    <path
       d="M446 4043 c-6 -14 -5 -15 5 -6 7 7 10 15 7 18 -3 3 -9 -2 -12 -12z"
       id="path5013" />
    <path
       d="M2335 4040 c3 -5 8 -10 11 -10 2 0 4 5 4 10 0 6 -5 10 -11 10 -5 0 -7 -4 -4 -10z"
       id="path5015" />
    <path
       d="M2376 4035 c-3 -8 -1 -15 4 -15 6 0 10 7 10 15 0 8 -2 15 -4 15 -2 0 -6 -7 -10 -15z"
       id="path5017" />
    <path
       d="M365 4030 c3 -5 8 -10 11 -10 2 0 4 5 4 10 0 6 -5 10 -11 10 -5 0 -7 -4 -4 -10z"
       id="path5019" />
    <path
       d="M395 3990 c-4 -27 -9 -50 -11 -50 -2 0 -23 13 -46 29 l-43 30 -3 -25 c-2 -14 4 -37 13 -51 l17 -26 -33 7 c-19 4 -46 9 -61 13 -36 7 -35 -6 2 -42 16 -16 30 -32 30 -37 0 -4 -22 -8 -49 -8 -28 0 -52 -4 -56 -10 -3 -5 17 -20 45 -32 l51 -24 -51 -22 c-28 -12 -48 -27 -45 -32 3 -6 28 -10 56 -10 27 0 49 -3 49 -7 0 -5 -14 -23 -31 -41 -17 -18 -29 -36 -25 -39 3 -3 26 0 51 7 52 15 61 11 45 -20 -6 -11 -10 -32 -8 -46 l3 -26 43 31 c46 34 46 34 57 -34 7 -39 7 -39 23 -19 10 11 24 30 32 43 l16 23 28 -41 c33 -47 44 -44 48 12 2 20 5 38 8 39 3 1 24 -11 48 -27 23 -15 45 -25 48 -22 4 3 -1 27 -10 53 l-16 46 28 -7 c52 -13 92 -17 92 -10 0 4 -11 16 -25 27 -31 25 -50 56 -32 55 62 -2 97 4 97 18 0 8 -8 15 -18 15 -10 0 -22 4 -27 9 -15 13 -65 23 -65 12 0 -5 12 -12 28 -16 25 -7 25 -8 7 -15 -11 -4 -23 -3 -26 2 -3 4 -11 -3 -19 -16 -11 -21 -10 -27 5 -42 13 -13 14 -19 5 -22 -7 -3 -16 1 -20 9 -7 10 -12 10 -25 -1 -12 -10 -15 -23 -11 -48 5 -31 4 -33 -12 -20 -9 7 -29 15 -43 16 -21 3 -28 -2 -33 -22 -7 -27 -20 -34 -31 -16 -4 6 -1 9 6 8 6 -2 13 2 15 7 8 21 -66 7 -84 -16 -17 -20 -19 -20 -25 -5 -4 10 -3 15 3 11 16 -10 11 4 -8 23 -10 10 -24 16 -30 14 -7 -2 -12 3 -12 12 0 9 -3 15 -7 14 -19 -6 -55 27 -69 62 -12 29 -22 40 -42 43 -26 4 -26 4 -4 12 25 8 29 33 7 41 -22 9 -18 26 4 19 13 -4 20 0 24 12 2 10 8 25 12 35 4 10 1 18 -7 21 -7 2 -5 3 6 1 23 -3 65 34 50 44 -6 4 -13 15 -17 24 -5 15 -2 15 29 -3 38 -21 64 -14 64 17 0 8 5 14 11 14 6 0 8 -9 4 -20 -3 -11 -2 -20 4 -20 5 0 12 8 14 18 4 14 5 14 6 1 1 -10 11 -16 29 -16 76 -2 145 -41 178 -103 12 -20 27 -34 37 -34 9 1 14 -3 11 -8 -3 -5 -12 -7 -20 -4 -8 3 -14 1 -14 -4 0 -6 10 -10 21 -10 25 0 89 37 89 51 0 5 -23 9 -51 9 -35 0 -48 -3 -43 -12 4 -7 3 -8 -4 -4 -15 9 -3 32 32 65 14 14 26 28 26 33 0 10 -66 0 -94 -14 -20 -11 -20 -3 0 77 l7 27 -29 -18 c-16 -10 -37 -24 -47 -32 -22 -19 -25 -15 -33 34 -8 57 -17 59 -44 9 -14 -25 -27 -45 -30 -45 -4 0 -16 18 -29 40 -31 56 -38 56 -46 0z m137 -27 c-10 -4 -10 -8 0 -21 7 -9 9 -13 3 -10 -5 2 -18 8 -28 11 -24 9 -15 22 15 24 13 0 17 -1 10 -4z m68 -34 c0 -5 4 -7 10 -4 5 3 7 0 4 -9 -5 -12 -10 -13 -24 -4 -10 7 -16 16 -14 20 7 12 24 10 24 -3z m80 -60 c0 -6 -4 -7 -10 -4 -5 3 -10 1 -10 -6 0 -7 -3 -10 -6 -6 -10 10 5 39 16 32 5 -3 10 -11 10 -16z m-400 -203 c0 -8 -7 -16 -15 -20 -13 -4 -14 -2 -5 14 13 23 20 26 20 6z m70 -68 c0 -5 -4 -7 -9 -4 -5 4 -12 0 -14 -6 -3 -7 -6 -3 -6 9 -1 16 3 21 14 17 8 -4 15 -10 15 -16z"
       id="path5021" />
    <path
       d="M2198 4033 c7 -3 16 -2 19 1 4 3 -2 6 -13 5 -11 0 -14 -3 -6 -6z"
       id="path5023" />
    <path
       d="M752 4014 c10 -10 20 -16 22 -13 3 3 -5 11 -17 18 -21 13 -21 12 -5 -5z"
       id="path5025" />
    <path
       d="M2477 4010 c10 -11 22 -20 27 -20 5 0 1 9 -9 20 -10 11 -22 20 -26 20 -5 0 -1 -9 8 -20z"
       id="path5027" />
    <path
       d="M54 4004 c3 -9 7 -32 7 -52 2 -31 3 -32 6 -9 2 15 8 27 13 27 4 0 3 11 -3 25 -13 27 -33 35 -23 9z"
       id="path5029" />
    <path
       d="M2710 4010 c0 -5 5 -10 11 -10 5 0 7 5 4 10 -3 6 -8 10 -11 10 -2 0 -4 -4 -4 -10z"
       id="path5031" />
    <path
       d="M920 3996 c0 -9 5 -16 10 -16 6 0 10 4 10 9 0 6 -4 13 -10 16 -5 3 -10 -1 -10 -9z"
       id="path5033" />
    <path
       d="M2335 4000 c3 -5 8 -10 11 -10 2 0 4 5 4 10 0 6 -5 10 -11 10 -5 0 -7 -4 -4 -10z"
       id="path5035" />
    <path
       d="M2606 3997 c3 -10 9 -15 12 -12 3 3 0 11 -7 18 -10 9 -11 8 -5 -6z"
       id="path5037" />
    <path
       d="M740 3991 c0 -6 4 -13 10 -16 6 -3 7 1 4 9 -7 18 -14 21 -14 7z"
       id="path5039" />
    <path
       d="M798 3989 c-8 -6 1 -9 25 -9 20 0 37 2 37 4 0 9 -50 12 -62 5z"
       id="path5041" />
    <path
       d="M2156 3984 c-4 -9 -4 -19 -1 -22 2 -3 7 3 11 12 4 9 4 19 1 22 -2 3 -7 -3 -11 -12z"
       id="path5043" />
    <path
       d="M2370 3990 c0 -5 7 -10 15 -10 8 0 15 5 15 10 0 6 -7 10 -15 10 -8 0 -15 -4 -15 -10z"
       id="path5045" />
    <path
       d="M2585 3980 c10 -11 20 -20 23 -20 3 0 -3 9 -13 20 -10 11 -20 20 -23 20 -3 0 3 -9 13 -20z"
       id="path5047" />
    <path
       d="M2745 3990 c-3 -5 1 -10 9 -10 9 0 16 5 16 10 0 6 -4 10 -9 10 -6 0 -13 -4 -16 -10z"
       id="path5049" />
    <path
       d="M990 3980 c-8 -5 -10 -10 -5 -10 6 0 17 5 25 10 8 5 11 10 5 10 -5 0 -17 -5 -25 -10z"
       id="path5051" />
    <path
       d="M1060 3968 c25 -24 38 -29 25 -9 -3 6 -16 16 -28 22 -20 11 -20 9 3 -13z"
       id="path5053" />
    <path
       d="M1400 3980 c-8 -5 -10 -10 -5 -10 6 0 17 5 25 10 8 5 11 10 5 10 -5 0 -17 -5 -25 -10z"
       id="path5055" />
    <path
       d="M1445 3980 c3 -5 8 -10 11 -10 2 0 4 5 4 10 0 6 -5 10 -11 10 -5 0 -7 -4 -4 -10z"
       id="path5057" />
    <path
       d="M1503 3980 c5 -18 35 -26 50 -11 7 7 3 8 -13 4 -13 -4 -26 0 -32 8 -8 12 -9 11 -5 -1z"
       id="path5059" />
    <path
       d="M2688 3983 c7 -3 16 -2 19 1 4 3 -2 6 -13 5 -11 0 -14 -3 -6 -6z"
       id="path5061" />
    <path
       d="M710 3970 c0 -5 5 -10 10 -10 6 0 10 5 10 10 0 6 -4 10 -10 10 -5 0 -10 -4 -10 -10z"
       id="path5063" />
    <path
       d="M1870 3970 c0 -5 5 -10 11 -10 5 0 7 5 4 10 -3 6 -8 10 -11 10 -2 0 -4 -4 -4 -10z"
       id="path5065" />
    <path
       d="M1954 3968 c10 -6 22 -6 26 -2 5 5 -3 10 -18 11 -22 1 -24 0 -8 -9z"
       id="path5067" />
    <path
       d="M2046 3971 c-4 -5 3 -7 14 -4 23 6 26 13 6 13 -8 0 -17 -4 -20 -9z"
       id="path5069" />
    <path
       d="M2107 3969 c7 -7 15 -10 18 -7 3 3 -2 9 -12 12 -14 6 -15 5 -6 -5z"
       id="path5071" />
    <path
       d="M2208 3973 c7 -3 16 -2 19 1 4 3 -2 6 -13 5 -11 0 -14 -3 -6 -6z"
       id="path5073" />
    <path
       d="M2325 3970 c3 -5 8 -10 11 -10 2 0 4 5 4 10 0 6 -5 10 -11 10 -5 0 -7 -4 -4 -10z"
       id="path5075" />
    <path
       d="M2477 3969 c7 -7 15 -10 18 -7 3 3 -2 9 -12 12 -14 6 -15 5 -6 -5z"
       id="path5077" />
    <path
       d="M1924 3955 c8 -8 18 -15 22 -15 3 0 1 7 -6 15 -7 8 -17 15 -22 15 -5 0 -3 -7 6 -15z"
       id="path5079" />
    <path
       d="M2248 3963 c7 -3 16 -2 19 1 4 3 -2 6 -13 5 -11 0 -14 -3 -6 -6z"
       id="path5081" />
    <path
       d="M2525 3960 c3 -5 11 -10 16 -10 6 0 7 5 4 10 -3 6 -11 10 -16 10 -6 0 -7 -4 -4 -10z"
       id="path5083" />
    <path
       d="M1210 3921 c0 -23 -5 -30 -22 -33 -21 -3 -23 -9 -26 -67 -3 -71 3 -80 48 -73 l30 4 0 99 c0 81 -3 99 -15 99 -10 0 -15 -10 -15 -29z m0 -106 c0 -30 -4 -55 -10 -55 -5 0 -10 25 -10 55 0 30 5 55 10 55 6 0 10 -25 10 -55z"
       id="path5085" />
    <path
       d="M1264 3925 c-12 -48 16 -45 31 3 5 16 2 22 -9 22 -9 0 -18 -11 -22 -25z"
       id="path5087" />
    <path
       d="M1368 3939 c-10 -6 -18 -17 -18 -24 0 -19 8 -19 27 0 20 20 13 37 -9 24z"
       id="path5089" />
    <path
       d="M1980 3940 c0 -5 5 -10 11 -10 5 0 7 5 4 10 -3 6 -8 10 -11 10 -2 0 -4 -4 -4 -10z"
       id="path5091" />
    <path
       d="M2090 3940 c0 -5 5 -10 11 -10 5 0 7 5 4 10 -3 6 -8 10 -11 10 -2 0 -4 -4 -4 -10z"
       id="path5093" />
    <path
       d="M2500 3940 c0 -5 5 -10 11 -10 5 0 7 5 4 10 -3 6 -8 10 -11 10 -2 0 -4 -4 -4 -10z"
       id="path5095" />
    <path
       d="M2735 3930 c3 -5 11 -10 16 -10 6 0 7 5 4 10 -3 6 -11 10 -16 10 -6 0 -7 -4 -4 -10z"
       id="path5097" />
    <path
       d="M2037 3919 c7 -7 15 -10 18 -7 3 3 -2 9 -12 12 -14 6 -15 5 -6 -5z"
       id="path5099" />
    <path
       d="M2765 3908 c-14 -13 -15 -17 -4 -13 12 5 16 -2 17 -31 1 -21 -3 -43 -9 -51 -8 -9 -8 -13 0 -13 6 0 11 -9 11 -20 0 -14 -5 -18 -17 -14 -17 5 -17 5 -1 -5 13 -9 16 -22 12 -66 -3 -31 -1 -55 4 -55 6 0 11 46 12 103 0 56 2 119 3 140 3 46 -2 50 -28 25z"
       id="path5101" />
    <path
       d="M1735 3910 c3 -5 8 -10 11 -10 2 0 4 5 4 10 0 6 -5 10 -11 10 -5 0 -7 -4 -4 -10z"
       id="path5103" />
    <path
       d="M1860 3910 c-9 -6 -10 -10 -3 -10 6 0 15 5 18 10 8 12 4 12 -15 0z"
       id="path5105" />
    <path
       d="M2007 3909 c7 -7 15 -10 18 -7 3 3 -2 9 -12 12 -14 6 -15 5 -6 -5z"
       id="path5107" />
    <path
       d="M2190 3916 c0 -2 7 -9 15 -16 9 -7 15 -8 15 -2 0 5 -7 12 -15 16 -8 3 -15 4 -15 2z"
       id="path5109" />
    <path
       d="M2298 3913 c7 -3 16 -2 19 1 4 3 -2 6 -13 5 -11 0 -14 -3 -6 -6z"
       id="path5111" />
    <path
       d="M50 3875 c0 -19 5 -35 10 -35 6 0 10 9 10 19 0 11 3 26 6 35 4 11 1 16 -10 16 -12 0 -16 -10 -16 -35z"
       id="path5113" />
    <path
       d="M985 3900 c-3 -6 1 -7 9 -4 18 7 21 14 7 14 -6 0 -13 -4 -16 -10z"
       id="path5115" />
    <path
       d="M520 3879 c0 -5 5 -7 10 -4 6 3 10 8 10 11 0 2 -4 4 -10 4 -5 0 -10 -5 -10 -11z"
       id="path5117" />
    <path
       d="M1322 3878 c-16 -16 -15 -28 3 -28 8 0 15 5 15 10 0 6 7 10 16 10 23 0 13 -34 -11 -39 -24 -4 -35 -19 -35 -47 0 -30 20 -42 58 -37 l33 5 -3 67 c-3 65 -3 66 -33 69 -17 2 -36 -3 -43 -10z m48 -82 c0 -14 -5 -28 -10 -31 -13 -8 -24 20 -16 40 9 24 26 17 26 -9z"
       id="path5119" />
    <path
       d="M1427 3883 c-4 -3 -7 -32 -7 -64 0 -58 12 -75 44 -63 10 4 12 -2 9 -20 -6 -29 -18 -34 -27 -11 -8 21 -26 19 -26 -4 0 -11 9 -23 20 -26 21 -7 59 2 61 13 0 4 1 46 2 95 l2 87 -36 0 c-20 0 -39 -3 -42 -7z m43 -63 c0 -27 -4 -50 -10 -50 -5 0 -10 23 -10 50 0 28 5 50 10 50 6 0 10 -22 10 -50z"
       id="path5121" />
    <path
       d="M1529 3885 c-4 -37 1 -129 7 -135 5 -4 24 -6 42 -3 l32 5 0 69 c0 55 -3 69 -15 69 -12 0 -15 -13 -15 -59 0 -33 -4 -63 -10 -66 -6 -4 -10 18 -10 59 0 52 -3 66 -15 66 -8 0 -15 -2 -16 -5z"
       id="path5123" />
    <path
       d="M1637 3883 c-13 -12 -7 -33 8 -33 8 0 15 5 15 10 0 6 5 10 10 10 21 0 10 -39 -12 -42 -18 -2 -24 -10 -26 -39 -3 -41 7 -49 53 -42 l30 4 -3 70 -4 69 -32 0 c-18 0 -36 -3 -39 -7z m43 -93 c0 -16 -4 -30 -10 -30 -11 0 -14 43 -3 53 11 12 13 8 13 -23z"
       id="path5125" />
    <path
       d="M2511 3874 c0 -11 3 -14 6 -6 3 7 2 16 -1 19 -3 4 -6 -2 -5 -13z"
       id="path5127" />
    <path
       d="M131 3864 c0 -11 3 -14 6 -6 3 7 2 16 -1 19 -3 4 -6 -2 -5 -13z"
       id="path5129" />
    <path
       d="M1860 3864 c0 -8 5 -12 10 -9 6 4 8 11 5 16 -9 14 -15 11 -15 -7z"
       id="path5131" />
    <path
       d="M2110 3865 c0 -8 4 -15 10 -15 5 0 7 7 4 15 -4 8 -8 15 -10 15 -2 0 -4 -7 -4 -15z"
       id="path5133" />
    <path
       d="M1910 3866 c0 -2 7 -6 15 -10 8 -3 15 -1 15 4 0 6 -7 10 -15 10 -8 0 -15 -2 -15 -4z"
       id="path5135" />
    <path
       d="M2618 3863 c7 -3 16 -2 19 1 4 3 -2 6 -13 5 -11 0 -14 -3 -6 -6z"
       id="path5137" />
    <path
       d="M2675 3860 c3 -5 8 -10 11 -10 2 0 4 5 4 10 0 6 -5 10 -11 10 -5 0 -7 -4 -4 -10z"
       id="path5139" />
    <path
       d="M2725 3859 c-11 -16 -1 -19 13 -3 7 8 8 14 3 14 -5 0 -13 -5 -16 -11z"
       id="path5141" />
    <path
       d="M960 3850 c0 -5 5 -10 11 -10 5 0 7 5 4 10 -3 6 -8 10 -11 10 -2 0 -4 -4 -4 -10z"
       id="path5143" />
    <path
       d="M1055 3849 c-11 -16 -1 -19 13 -3 7 8 8 14 3 14 -5 0 -13 -5 -16 -11z"
       id="path5145" />
    <path
       d="M2157 3853 c-4 -3 -7 -11 -7 -17 0 -6 5 -5 12 2 6 6 9 14 7 17 -3 3 -9 2 -12 -2z"
       id="path5147" />
    <path
       d="M2265 3840 c-3 -5 -1 -10 4 -10 6 0 11 5 11 10 0 6 -2 10 -4 10 -3 0 -8 -4 -11 -10z"
       id="path5149" />
    <path
       d="M2320 3841 c0 -5 5 -13 10 -16 6 -3 10 -2 10 4 0 5 -4 13 -10 16 -5 3 -10 2 -10 -4z"
       id="path5151" />
    <path
       d="M2380 3840 c0 -5 5 -10 11 -10 5 0 7 5 4 10 -3 6 -8 10 -11 10 -2 0 -4 -4 -4 -10z"
       id="path5153" />
    <path
       d="M1784 3817 c0 -12 6 -28 13 -35 7 -7 13 -9 13 -3 0 5 -4 12 -10 16 -5 3 -7 12 -4 19 3 8 2 16 -3 19 -5 3 -9 -4 -9 -16z"
       id="path5155" />
    <path
       d="M51 3405 c-1 -375 0 -425 14 -425 8 0 15 5 15 11 0 5 -3 8 -7 6 -5 -3 -8 19 -8 49 0 38 5 58 15 64 13 9 13 10 0 10 -13 0 -15 22 -14 155 1 108 5 159 14 170 10 12 10 15 -2 15 -12 0 -14 15 -10 78 2 42 9 81 16 85 7 6 4 7 -6 3 -10 -3 -18 -1 -18 4 0 6 6 10 13 10 8 0 7 3 -3 10 -12 7 -11 13 10 36 22 24 23 26 5 20 -17 -5 -20 -1 -20 28 0 25 4 32 15 28 12 -4 13 -2 3 9 -7 7 -13 23 -13 36 0 13 -4 23 -9 23 -5 0 -9 -187 -10 -425z"
       id="path5157" />
    <path
       d="M906 3787 c3 -10 9 -15 12 -12 3 3 0 11 -7 18 -10 9 -11 8 -5 -6z"
       id="path5159" />
    <path
       d="M1070 3790 c-8 -5 -10 -10 -5 -10 6 0 17 5 25 10 8 5 11 10 5 10 -5 0 -17 -5 -25 -10z"
       id="path5161" />
    <path
       d="M2130 3790 c0 -5 5 -10 11 -10 5 0 7 5 4 10 -3 6 -8 10 -11 10 -2 0 -4 -4 -4 -10z"
       id="path5163" />
    <path
       d="M2348 3793 c7 -3 16 -2 19 1 4 3 -2 6 -13 5 -11 0 -14 -3 -6 -6z"
       id="path5165" />
    <path
       d="M2385 3790 c3 -5 8 -10 11 -10 2 0 4 5 4 10 0 6 -5 10 -11 10 -5 0 -7 -4 -4 -10z"
       id="path5167" />
    <path
       d="M2716 3773 c-6 -14 -5 -15 5 -6 7 7 10 15 7 18 -3 3 -9 -2 -12 -12z"
       id="path5169" />
    <path
       d="M1020 3770 c0 -5 5 -10 10 -10 6 0 10 5 10 10 0 6 -4 10 -10 10 -5 0 -10 -4 -10 -10z"
       id="path5171" />
    <path
       d="M1926 3767 c3 -10 9 -15 12 -12 3 3 0 11 -7 18 -10 9 -11 8 -5 -6z"
       id="path5173" />
    <path
       d="M2415 3770 c-3 -5 -1 -10 4 -10 6 0 11 5 11 10 0 6 -2 10 -4 10 -3 0 -8 -4 -11 -10z"
       id="path5175" />
    <path
       d="M1860 3761 c0 -6 4 -13 10 -16 6 -3 7 1 4 9 -7 18 -14 21 -14 7z"
       id="path5177" />
    <path
       d="M2471 3756 c-7 -8 -8 -17 -3 -19 4 -3 13 3 20 14 14 22 0 26 -17 5z"
       id="path5179" />
    <path
       d="M110 3750 c0 -5 7 -10 16 -10 8 0 12 5 9 10 -3 6 -10 10 -16 10 -5 0 -9 -4 -9 -10z"
       id="path5181" />
    <path
       d="M2021 3744 c0 -11 3 -14 6 -6 3 7 2 16 -1 19 -3 4 -6 -2 -5 -13z"
       id="path5183" />
    <path
       d="M1970 3740 c-13 -8 -12 -10 3 -10 9 0 17 5 17 10 0 12 -1 12 -20 0z"
       id="path5185" />
    <path
       d="M2160 3740 c-9 -6 -10 -10 -3 -10 6 0 15 5 18 10 8 12 4 12 -15 0z"
       id="path5187" />
    <path
       d="M368 3733 c7 -3 16 -2 19 1 4 3 -2 6 -13 5 -11 0 -14 -3 -6 -6z"
       id="path5189" />
    <path
       d="M2080 3730 c0 -5 5 -10 11 -10 5 0 7 5 4 10 -3 6 -8 10 -11 10 -2 0 -4 -4 -4 -10z"
       id="path5191" />
    <path
       d="M1780 3715 c7 -8 17 -15 22 -15 5 0 3 7 -6 15 -8 8 -18 15 -22 15 -3 0 -1 -7 6 -15z"
       id="path5193" />
    <path
       d="M1870 3720 c0 -5 5 -10 11 -10 5 0 7 5 4 10 -3 6 -8 10 -11 10 -2 0 -4 -4 -4 -10z"
       id="path5195" />
    <path
       d="M2676 3721 c-4 -5 3 -7 14 -4 23 6 26 13 6 13 -8 0 -17 -4 -20 -9z"
       id="path5197" />
    <path
       d="M1178 3713 c6 -2 10 -9 7 -14 -4 -5 1 -6 10 -2 13 5 14 7 3 14 -7 5 -17 8 -23 8 -5 0 -4 -3 3 -6z"
       id="path5199" />
    <path
       d="M1305 3710 c3 -5 8 -10 11 -10 2 0 4 5 4 10 0 6 -5 10 -11 10 -5 0 -7 -4 -4 -10z"
       id="path5201" />
    <path
       d="M1736 3705 c-9 -26 -7 -32 5 -12 6 10 9 21 6 23 -2 3 -7 -2 -11 -11z"
       id="path5203" />
    <path
       d="M2265 3710 c-3 -5 -1 -10 4 -10 6 0 11 5 11 10 0 6 -2 10 -4 10 -3 0 -8 -4 -11 -10z"
       id="path5205" />
    <path
       d="M1240 3703 c0 -4 5 -15 10 -23 8 -13 10 -13 10 2 0 9 -4 20 -10 23 -5 3 -10 3 -10 -2z"
       id="path5207" />
    <path
       d="M1526 3692 c-3 -5 1 -9 9 -9 8 0 15 4 15 9 0 4 -4 8 -9 8 -6 0 -12 -4 -15 -8z"
       id="path5209" />
    <path
       d="M1610 3696 c0 -2 8 -10 18 -17 15 -13 16 -12 3 4 -13 16 -21 21 -21 13z"
       id="path5211" />
    <path
       d="M1840 3690 c0 -5 5 -10 11 -10 5 0 7 5 4 10 -3 6 -8 10 -11 10 -2 0 -4 -4 -4 -10z"
       id="path5213" />
    <path
       d="M1932 3684 c-12 -8 -22 -21 -22 -28 0 -20 -42 -45 -87 -52 -31 -4 -45 -1 -76 20 -43 29 -74 33 -103 11 -17 -13 -16 -14 17 -8 30 4 39 1 52 -18 9 -12 19 -20 23 -16 4 3 14 3 23 -2 9 -5 33 -11 54 -15 30 -6 37 -4 31 5 -5 8 -2 11 8 6 9 -3 20 -1 25 4 6 6 19 6 36 0 17 -7 27 -7 27 -1 0 6 -9 10 -20 10 -19 0 -18 3 11 40 18 22 41 40 51 40 10 0 18 5 18 10 0 15 -43 12 -68 -6z"
       id="path5215" />
    <path
       d="M2486 3683 c-6 -14 -5 -15 5 -6 7 7 10 15 7 18 -3 3 -9 -2 -12 -12z"
       id="path5217" />
    <path
       d="M1025 3670 c-18 -20 -18 -21 1 -14 17 7 18 6 4 -12 -11 -14 -11 -16 0 -7 7 7 14 22 15 33 2 25 2 25 -20 0z"
       id="path5219" />
    <path
       d="M1350 3687 c0 -2 11 -13 25 -25 14 -12 25 -18 25 -13 0 5 -11 16 -25 25 -14 9 -25 15 -25 13z"
       id="path5221" />
    <path
       d="M2220 3680 c0 -5 5 -10 11 -10 5 0 7 5 4 10 -3 6 -8 10 -11 10 -2 0 -4 -4 -4 -10z"
       id="path5223" />
    <path
       d="M2025 3671 c-6 -5 -26 -14 -46 -20 -29 -9 -36 -16 -32 -31 5 -19 23 -28 23 -12 0 4 16 7 35 7 19 0 33 -4 31 -10 -1 -5 -10 -9 -20 -7 -9 2 -16 -2 -16 -8 0 -5 -9 -10 -19 -10 -11 0 -23 -5 -26 -11 -4 -6 -13 -8 -20 -5 -8 3 -15 -7 -19 -29 -10 -53 -29 -61 -65 -27 -38 35 -110 74 -121 67 -5 -3 -11 -1 -15 5 -7 11 -103 14 -130 4 -14 -6 -45 -63 -45 -85 0 -5 20 3 44 16 25 14 47 25 50 25 3 0 5 -39 5 -87 0 -73 -3 -91 -20 -109 -23 -24 -28 -123 -10 -189 13 -47 46 -105 61 -105 14 0 13 5 -12 53 -28 56 -39 105 -24 111 7 3 8 7 1 13 -15 12 -15 43 1 43 7 0 21 -22 30 -49 14 -38 22 -47 36 -43 10 2 18 0 18 -6 0 -7 14 -9 35 -7 19 3 35 1 35 -4 0 -5 20 -6 45 -3 27 3 50 0 59 -7 10 -9 15 -9 18 -1 3 11 41 20 136 36 20 3 32 1 32 -6 0 -6 5 -8 12 -4 7 5 5 12 -8 22 -18 14 -18 14 3 9 14 -3 24 1 27 10 3 8 12 13 18 11 7 -3 21 4 32 14 11 10 26 18 34 18 9 0 11 7 7 21 -5 13 -2 25 6 31 11 8 10 9 -3 4 -22 -7 -30 7 -22 39 8 31 34 33 34 3 0 -19 2 -20 10 -8 8 12 10 9 10 -12 0 -15 9 -35 19 -45 11 -10 23 -36 27 -58 9 -51 11 -155 3 -155 -4 0 -10 -7 -13 -16 -3 -8 -2 -12 4 -9 6 3 7 -1 4 -9 -3 -9 -11 -13 -17 -9 -7 4 -8 -5 -4 -27 l7 -32 -70 4 c-46 2 -70 0 -70 -7 0 -14 -52 -13 -65 1 -5 7 -25 14 -44 16 -27 4 -35 1 -39 -14 -5 -21 -18 -24 -25 -5 -3 9 -9 8 -22 -4 -16 -16 -15 -17 14 -15 17 1 36 7 43 14 16 16 39 15 63 -2 23 -15 85 -19 85 -5 0 5 18 9 40 9 22 0 40 -5 40 -11 0 -5 4 -8 8 -5 5 3 20 7 35 10 19 3 27 0 27 -10 0 -8 5 -14 10 -14 6 0 9 5 8 11 -2 6 3 14 10 16 8 3 10 -2 6 -14 -5 -17 -5 -17 9 0 10 11 29 17 59 17 25 0 65 7 89 15 24 9 53 16 66 17 13 2 23 6 23 10 0 4 10 8 23 8 18 0 19 -2 7 -10 -11 -7 -12 -10 -2 -10 8 0 16 9 19 19 5 20 31 36 42 26 3 -3 0 -15 -7 -25 -7 -12 -8 -20 -2 -20 5 0 10 -13 10 -30 0 -16 -4 -30 -10 -30 -5 0 -7 -7 -4 -15 5 -12 -1 -16 -22 -16 -80 0 -454 -6 -486 -8 -21 0 -38 -5 -38 -10 0 -4 16 -7 36 -6 37 2 37 1 15 -16 -11 -9 -21 -22 -21 -28 0 -6 -7 -8 -15 -5 -8 4 -15 1 -15 -5 0 -6 5 -11 11 -11 5 0 8 -4 5 -9 -7 -10 -44 -3 -62 11 -7 5 -16 8 -20 7 -19 -5 -94 34 -87 45 4 6 -2 4 -12 -4 -13 -10 -16 -11 -11 -2 5 9 3 13 -5 11 -22 -3 -50 12 -42 24 4 7 0 8 -11 4 -20 -8 -59 10 -51 23 3 5 -6 12 -20 16 -14 3 -25 11 -25 18 0 15 -47 36 -81 36 -15 0 -31 5 -34 10 -3 6 -16 11 -28 11 -17 1 -15 3 8 9 38 9 35 10 -140 55 -77 20 -153 40 -170 45 -16 5 -49 14 -72 20 -51 13 -74 45 -48 64 16 11 16 14 1 29 -10 9 -12 18 -6 22 18 11 11 32 -12 39 -17 4 -20 8 -11 17 17 17 4 39 -23 39 -16 0 -22 4 -18 14 6 15 -29 32 -45 22 -5 -3 -11 3 -14 14 -6 22 -47 29 -47 8 0 -6 -9 -2 -21 10 -11 13 -25 19 -32 15 -18 -11 -61 -3 -70 14 -6 10 -17 12 -38 8 -18 -4 -29 -3 -29 4 0 15 -47 14 -53 -1 -3 -10 -8 -10 -22 2 -15 13 -19 12 -35 -7 -11 -14 -21 -18 -30 -13 -19 12 -40 1 -40 -20 0 -12 -9 -20 -23 -22 -16 -2 -21 -9 -20 -26 2 -16 -2 -22 -17 -22 -24 0 -37 -20 -19 -31 12 -8 11 -11 -3 -20 -22 -12 -24 -39 -3 -39 22 0 18 -17 -6 -23 -17 -5 -19 -9 -9 -26 9 -19 8 -21 -15 -21 -27 0 -33 -18 -13 -38 7 -7 8 -12 3 -12 -6 0 -16 -4 -24 -9 -12 -8 -12 -12 3 -26 13 -13 14 -20 5 -31 -12 -15 -4 -34 14 -34 15 0 19 51 4 68 -8 10 -5 14 12 19 17 4 19 8 10 19 -6 8 -8 14 -3 14 5 0 2 5 -6 10 -13 8 -13 10 2 10 10 0 22 9 28 20 8 15 8 20 -2 20 -6 0 -4 6 6 13 11 8 17 20 14 28 -3 8 1 27 9 43 8 15 10 25 4 22 -6 -4 -11 -3 -11 3 0 6 15 15 33 20 17 5 24 10 15 10 -29 2 -21 19 10 23 19 2 27 8 26 21 -1 13 3 16 16 12 9 -3 23 1 30 10 9 11 22 14 46 9 23 -4 34 -2 34 5 0 9 5 9 20 1 12 -7 17 -16 13 -28 -3 -11 1 -9 12 6 16 22 18 22 31 5 7 -10 14 -14 14 -10 0 5 10 1 21 -7 14 -10 29 -12 43 -6 22 8 62 -11 49 -23 -3 -4 -4 -7 0 -7 3 0 13 8 23 17 16 16 18 15 40 -10 14 -16 24 -22 27 -14 2 7 9 3 16 -11 6 -12 18 -22 26 -22 8 0 15 -8 15 -18 0 -10 3 -22 7 -26 4 -4 8 -21 9 -37 1 -20 -3 -29 -15 -30 -10 0 -11 -2 -3 -6 6 -2 12 -16 12 -29 0 -13 5 -24 10 -24 6 0 10 -4 10 -10 0 -5 -7 -10 -15 -10 -7 0 -19 -8 -24 -17 -9 -16 -12 -16 -21 -3 -5 8 -10 13 -11 10 -9 -50 -8 -66 5 -75 16 -12 11 -59 -5 -49 -5 3 -9 1 -9 -4 0 -5 10 -13 23 -16 20 -6 20 -7 5 -16 -9 -6 -15 -17 -12 -25 4 -8 1 -15 -4 -15 -6 0 -18 -7 -27 -16 -13 -14 -14 -19 -3 -26 9 -7 1 -8 -22 -4 -25 4 -31 3 -20 -4 12 -8 12 -10 -5 -10 -17 0 -17 -2 -5 -10 12 -8 9 -10 -11 -10 -15 0 -32 -7 -39 -15 -8 -10 -17 -12 -24 -6 -6 5 -22 12 -36 15 -18 6 -21 5 -10 -3 22 -15 4 -26 -23 -14 -36 18 -58 23 -53 14 4 -5 -5 -4 -18 2 -13 7 -22 16 -19 21 3 5 0 7 -8 4 -8 -3 -20 2 -27 9 -12 11 -12 16 0 31 11 15 11 15 -2 5 -19 -14 -46 -1 -35 17 5 8 4 11 -3 6 -6 -3 -14 -1 -17 5 -4 6 -17 8 -30 5 -26 -7 -51 16 -39 36 6 10 3 9 -9 -1 -12 -9 -17 -10 -17 -2 0 7 -4 9 -10 6 -5 -3 -10 -2 -10 4 0 5 -9 12 -19 16 -14 4 -17 12 -13 28 5 20 4 20 -11 8 -32 -26 -20 -57 21 -52 8 1 12 -6 10 -16 -2 -13 4 -19 25 -21 16 -2 27 -9 27 -19 0 -12 7 -14 34 -10 30 5 35 3 38 -16 2 -12 13 -26 26 -32 12 -5 22 -15 22 -22 0 -13 11 -17 41 -14 9 1 19 -7 22 -19 5 -21 31 -27 42 -10 4 6 12 4 21 -5 18 -17 44 -20 44 -5 0 7 13 8 34 5 24 -5 35 -3 39 8 4 10 14 13 32 9 21 -3 27 0 32 17 4 14 13 21 30 21 22 0 25 4 21 25 -4 20 -1 25 15 25 15 0 18 5 15 24 -4 21 3 26 86 56 50 18 118 35 151 37 55 5 156 -11 180 -27 6 -4 44 -15 85 -25 41 -10 81 -24 88 -32 45 -44 111 -80 267 -143 112 -45 96 -48 155 34 l25 34 242 4 c133 2 244 6 248 9 3 4 4 52 3 108 l-3 101 -35 -23 c-52 -35 -153 -68 -260 -83 -52 -7 -96 -11 -98 -9 -2 2 4 18 14 37 21 39 32 188 17 221 -6 12 -18 40 -28 62 -21 49 -76 124 -91 125 -6 0 -22 17 -36 38 -13 20 -40 61 -59 89 -19 29 -37 53 -41 53 -5 0 -8 5 -8 11 0 8 18 10 58 6 l57 -7 -35 30 c-34 30 -85 40 -105 21z m50 -21 c-3 -5 -13 -10 -21 -10 -8 0 -12 5 -9 10 3 6 13 10 21 10 8 0 12 -4 9 -10z m34 -138 c22 -38 47 -74 55 -82 18 -14 21 -40 5 -40 -5 0 -7 -4 -4 -10 3 -5 1 -18 -4 -28 -6 -11 -6 -23 -2 -28 5 -5 12 -18 15 -30 6 -18 -2 -25 -51 -47 -97 -42 -147 -56 -229 -60 -66 -4 -191 7 -201 17 -2 1 -4 18 -6 37 -2 26 -9 37 -30 47 -30 14 -31 20 -18 54 18 45 24 63 23 69 -10 52 -9 55 7 56 14 1 16 -5 13 -27 -5 -36 18 -72 38 -59 13 7 12 9 -2 9 -20 0 -35 55 -19 74 13 15 5 27 -13 20 -7 -3 -19 2 -26 11 -40 48 87 64 153 20 20 -14 37 -32 37 -39 0 -9 12 -14 35 -14 24 0 35 5 35 15 0 25 40 73 73 88 61 26 73 21 116 -53z m-489 48 c0 -5 -2 -10 -4 -10 -3 0 -8 5 -11 10 -3 6 -1 10 4 10 6 0 11 -4 11 -10z m-23 -16 c-3 -3 -12 -4 -19 -1 -8 3 -5 6 6 6 11 1 17 -2 13 -5z m-309 -439 c39 -10 72 -21 72 -26 0 -5 -7 -9 -16 -9 -16 0 -95 -23 -156 -46 -34 -12 -63 -4 -38 11 17 10 11 33 -10 40 -26 8 -26 25 0 25 11 0 23 7 26 15 7 16 7 16 122 -10z"
       id="path5225" />
    <path
       d="M2000 3515 c0 -8 -7 -15 -16 -15 -8 0 -13 -4 -9 -9 3 -5 1 -12 -5 -16 -13 -8 5 -45 22 -45 6 0 5 7 -5 18 -14 16 -13 19 9 45 13 16 29 25 34 22 6 -3 10 -1 10 4 0 6 -9 11 -20 11 -11 0 -20 -7 -20 -15z"
       id="path5227" />
    <path
       d="M2055 3520 c-5 -9 1 -12 21 -9 24 3 32 -69 9 -77 -8 -4 -15 -12 -15 -20 0 -8 -5 -14 -11 -14 -5 0 -7 -4 -4 -10 6 -9 35 9 32 20 -1 3 3 6 8 7 16 3 22 46 11 73 -16 37 -38 50 -51 30z"
       id="path5229" />
    <path
       d="M1743 3505 c0 -18 33 -20 43 -3 4 7 3 8 -5 4 -6 -4 -18 -3 -25 3 -9 8 -13 7 -13 -4z"
       id="path5231" />
    <path
       d="M1792 3475 c4 -23 29 -27 35 -5 4 12 3 12 -5 1 -8 -11 -12 -10 -21 5 -11 18 -12 18 -9 -1z"
       id="path5233" />
    <path
       d="M2012 3478 c-7 -7 -8 -17 -1 -30 12 -22 32 -23 54 -2 12 12 13 19 4 30 -14 17 -41 18 -57 2z"
       id="path5235" />
    <path
       d="M1720 3455 c-19 -23 -4 -45 30 -45 25 0 30 4 30 24 0 34 -38 48 -60 21z"
       id="path5237" />
    <path
       d="M1826 3434 c-3 -8 -10 -13 -15 -9 -5 3 -12 -4 -16 -15 -4 -13 -16 -20 -33 -21 -24 -2 -24 -2 -4 -6 12 -2 22 -9 22 -14 0 -5 -10 -8 -22 -6 -13 2 -17 2 -10 0 6 -3 12 -11 12 -19 0 -11 -11 -13 -50 -10 -50 5 -69 -9 -27 -19 69 -18 167 27 166 75 0 10 -2 11 -6 3 -2 -7 -11 -13 -19 -13 -9 0 -13 -4 -9 -9 3 -6 -3 -15 -14 -20 -31 -17 -34 -13 -11 19 12 17 18 30 13 30 -4 0 5 9 20 19 16 10 24 21 19 25 -5 3 -13 -1 -16 -10z"
       id="path5239" />
    <path
       d="M1901 3428 c0 -7 4 -22 9 -33 7 -17 9 -16 9 10 1 21 4 26 10 16 10 -16 3 -51 -11 -51 -5 0 -6 -10 -2 -22 6 -20 5 -21 -10 -9 -9 8 -19 11 -22 8 -9 -9 20 -47 37 -47 23 0 29 41 20 128 0 6 -10 12 -21 12 -11 0 -20 -6 -19 -12z"
       id="path5241" />
    <path
       d="M2132 3396 c7 -8 15 -12 17 -11 5 6 -10 25 -20 25 -5 0 -4 -6 3 -14z"
       id="path5243" />
    <path
       d="M2093 3381 c-6 -25 -53 -35 -53 -12 0 14 -2 14 -10 1 -7 -11 -10 -12 -10 -2 0 8 -6 12 -12 9 -7 -2 -21 0 -30 5 -10 5 -18 5 -18 0 0 -9 64 -42 83 -42 27 0 87 22 87 32 0 5 -7 7 -16 4 -12 -4 -15 -2 -10 9 3 8 3 15 0 15 -3 0 -8 -9 -11 -19z"
       id="path5245" />
    <path
       d="M1680 3349 c0 -5 5 -7 10 -4 6 3 10 8 10 11 0 2 -4 4 -10 4 -5 0 -10 -5 -10 -11z"
       id="path5247" />
    <path
       d="M1992 3318 c-7 -9 -6 -17 3 -25 8 -7 16 -9 20 -4 3 5 -1 12 -7 14 -10 4 -9 8 2 16 8 6 10 11 4 11 -6 0 -16 -6 -22 -12z"
       id="path5249" />
    <path
       d="M2050 3306 c0 -2 7 -7 16 -10 8 -3 12 -2 9 4 -6 10 -25 14 -25 6z"
       id="path5251" />
    <path
       d="M1830 3260 c0 -5 5 -10 11 -10 5 0 7 5 4 10 -3 6 -8 10 -11 10 -2 0 -4 -4 -4 -10z"
       id="path5253" />
    <path
       d="M1839 3223 c-13 -16 -12 -17 4 -4 16 13 21 21 13 21 -2 0 -10 -8 -17 -17z"
       id="path5255" />
    <path
       d="M890 3660 c0 -5 5 -10 11 -10 5 0 7 5 4 10 -3 6 -8 10 -11 10 -2 0 -4 -4 -4 -10z"
       id="path5257" />
    <path
       d="M1310 3661 c0 -6 4 -13 10 -16 6 -3 7 1 4 9 -7 18 -14 21 -14 7z"
       id="path5259" />
    <path
       d="M2290 3655 c7 -8 17 -15 22 -15 5 0 3 7 -6 15 -8 8 -18 15 -22 15 -3 0 -1 -7 6 -15z"
       id="path5261" />
    <path
       d="M1270 3650 c0 -5 5 -10 11 -10 5 0 7 5 4 10 -3 6 -8 10 -11 10 -2 0 -4 -4 -4 -10z"
       id="path5263" />
    <path
       d="M1544 3640 c0 -11 4 -20 8 -20 4 0 8 9 8 20 0 11 -4 20 -8 20 -4 0 -8 -9 -8 -20z"
       id="path5265" />
    <path
       d="M1800 3640 c0 -5 5 -10 10 -10 6 0 10 5 10 10 0 6 -4 10 -10 10 -5 0 -10 -4 -10 -10z"
       id="path5267" />
    <path
       d="M2680 3639 c0 -5 5 -7 10 -4 6 3 10 8 10 11 0 2 -4 4 -10 4 -5 0 -10 -5 -10 -11z"
       id="path5269" />
    <path
       d="M165 3630 c-3 -6 1 -7 9 -4 18 7 21 14 7 14 -6 0 -13 -4 -16 -10z"
       id="path5271" />
    <path
       d="M575 3620 c-19 -8 -19 -9 3 -9 12 -1 22 4 22 9 0 6 -1 10 -2 9 -2 0 -12 -4 -23 -9z"
       id="path5273" />
    <path
       d="M872 3610 c7 -10 14 -18 15 -16 6 6 -9 36 -18 36 -5 0 -4 -9 3 -20z"
       id="path5275" />
    <path
       d="M1170 3611 c0 -5 5 -13 10 -16 6 -3 10 -2 10 4 0 5 -4 13 -10 16 -5 3 -10 2 -10 -4z"
       id="path5277" />
    <path
       d="M2777 3606 c-4 -10 -1 -13 8 -9 8 3 12 9 9 14 -7 12 -11 11 -17 -5z"
       id="path5279" />
    <path
       d="M1071 3594 c0 -11 3 -14 6 -6 3 7 2 16 -1 19 -3 4 -6 -2 -5 -13z"
       id="path5281" />
    <path
       d="M2340 3600 c0 -5 5 -10 11 -10 5 0 7 5 4 10 -3 6 -8 10 -11 10 -2 0 -4 -4 -4 -10z"
       id="path5283" />
    <path
       d="M848 3573 c7 -3 16 -2 19 1 4 3 -2 6 -13 5 -11 0 -14 -3 -6 -6z"
       id="path5285" />
    <path
       d="M2557 3569 c7 -7 15 -10 18 -7 3 3 -2 9 -12 12 -14 6 -15 5 -6 -5z"
       id="path5287" />
    <path
       d="M2773 3565 c-10 -11 -10 -15 0 -19 9 -3 9 -7 -2 -14 -7 -5 -9 -12 -4 -15 10 -6 10 -346 0 -385 -3 -12 -2 -20 3 -17 5 3 11 -7 13 -22 2 -16 5 83 5 219 0 137 4 252 7 258 9 15 -8 11 -22 -5z"
       id="path5289" />
    <path
       d="M2140 3566 c0 -2 8 -10 18 -17 15 -13 16 -12 3 4 -13 16 -21 21 -21 13z"
       id="path5291" />
    <path
       d="M2340 3566 c0 -2 7 -9 15 -16 9 -7 15 -8 15 -2 0 5 -7 12 -15 16 -8 3 -15 4 -15 2z"
       id="path5293" />
    <path
       d="M860 3550 c0 -5 7 -7 15 -4 8 4 15 8 15 10 0 2 -7 4 -15 4 -8 0 -15 -4 -15 -10z"
       id="path5295" />
    <path
       d="M1085 3549 c-11 -16 -1 -19 13 -3 7 8 8 14 3 14 -5 0 -13 -5 -16 -11z"
       id="path5297" />
    <path
       d="M1185 3550 c3 -5 11 -10 16 -10 6 0 7 5 4 10 -3 6 -11 10 -16 10 -6 0 -7 -4 -4 -10z"
       id="path5299" />
    <path
       d="M1460 3549 c0 -5 5 -7 10 -4 6 3 10 8 10 11 0 2 -4 4 -10 4 -5 0 -10 -5 -10 -11z"
       id="path5301" />
    <path
       d="M1390 3540 c0 -5 5 -10 10 -10 6 0 10 5 10 10 0 6 -4 10 -10 10 -5 0 -10 -4 -10 -10z"
       id="path5303" />
    <path
       d="M2540 3539 c0 -5 5 -7 10 -4 6 3 10 8 10 11 0 2 -4 4 -10 4 -5 0 -10 -5 -10 -11z"
       id="path5305" />
    <path
       d="M225 3530 c3 -5 8 -10 11 -10 2 0 4 5 4 10 0 6 -5 10 -11 10 -5 0 -7 -4 -4 -10z"
       id="path5307" />
    <path
       d="M1310 3535 c0 -5 5 -17 10 -25 5 -8 10 -10 10 -5 0 6 -5 17 -10 25 -5 8 -10 11 -10 5z"
       id="path5309" />
    <path
       d="M2460 3521 c0 -5 5 -13 10 -16 6 -3 10 -2 10 4 0 5 -4 13 -10 16 -5 3 -10 2 -10 -4z"
       id="path5311" />
    <path
       d="M2711 3514 c0 -11 3 -14 6 -6 3 7 2 16 -1 19 -3 4 -6 -2 -5 -13z"
       id="path5313" />
    <path
       d="M985 3510 c3 -5 8 -10 11 -10 2 0 4 5 4 10 0 6 -5 10 -11 10 -5 0 -7 -4 -4 -10z"
       id="path5315" />
    <path
       d="M1100 3510 c0 -5 5 -10 10 -10 6 0 10 5 10 10 0 6 -4 10 -10 10 -5 0 -10 -4 -10 -10z"
       id="path5317" />
    <path
       d="M255 3500 c-3 -6 1 -7 9 -4 18 7 21 14 7 14 -6 0 -13 -4 -16 -10z"
       id="path5319" />
    <path
       d="M480 3490 c0 -5 5 -10 11 -10 5 0 7 5 4 10 -3 6 -8 10 -11 10 -2 0 -4 -4 -4 -10z"
       id="path5321" />
    <path
       d="M625 3490 c3 -5 8 -10 11 -10 2 0 4 5 4 10 0 6 -5 10 -11 10 -5 0 -7 -4 -4 -10z"
       id="path5323" />
    <path
       d="M955 3490 c3 -5 11 -10 16 -10 6 0 7 5 4 10 -3 6 -11 10 -16 10 -6 0 -7 -4 -4 -10z"
       id="path5325" />
    <path
       d="M1135 3491 c-17 -7 -15 -9 12 -13 26 -4 30 -2 22 9 -7 7 -12 13 -13 12 0 0 -10 -4 -21 -8z"
       id="path5327" />
    <path
       d="M1258 3493 c7 -3 16 -2 19 1 4 3 -2 6 -13 5 -11 0 -14 -3 -6 -6z"
       id="path5329" />
    <path
       d="M1385 3490 c3 -5 8 -10 11 -10 2 0 4 5 4 10 0 6 -5 10 -11 10 -5 0 -7 -4 -4 -10z"
       id="path5331" />
    <path
       d="M1486 3485 c4 -8 11 -15 16 -15 6 0 5 6 -2 15 -7 8 -14 15 -16 15 -2 0 -1 -7 2 -15z"
       id="path5333" />
    <path
       d="M2398 3493 c7 -3 16 -2 19 1 4 3 -2 6 -13 5 -11 0 -14 -3 -6 -6z"
       id="path5335" />
    <path
       d="M2530 3496 c0 -2 7 -9 15 -16 13 -11 14 -10 9 4 -5 14 -24 23 -24 12z"
       id="path5337" />
    <path
       d="M308 3483 c7 -3 16 -2 19 1 4 3 -2 6 -13 5 -11 0 -14 -3 -6 -6z"
       id="path5339" />
    <path
       d="M1081 3474 c0 -11 3 -14 6 -6 3 7 2 16 -1 19 -3 4 -6 -2 -5 -13z"
       id="path5341" />
    <path
       d="M2580 3481 c0 -6 5 -13 10 -16 6 -3 10 1 10 9 0 9 -4 16 -10 16 -5 0 -10 -4 -10 -9z"
       id="path5343" />
    <path
       d="M171 3463 c7 -12 15 -20 18 -17 3 2 -3 12 -13 22 -17 16 -18 16 -5 -5z"
       id="path5345" />
    <path
       d="M1420 3465 c-11 -13 -10 -14 4 -9 9 3 16 10 16 15 0 13 -6 11 -20 -6z"
       id="path5347" />
    <path
       d="M2490 3466 c7 -7 13 -7 20 0 6 6 3 10 -10 10 -13 0 -16 -4 -10 -10z"
       id="path5349" />
    <path
       d="M2643 3460 c-2 -18 0 -18 13 -6 17 18 18 26 1 26 -7 0 -13 -9 -14 -20z"
       id="path5351" />
    <path
       d="M265 3460 c27 -12 43 -12 25 0 -8 5 -22 9 -30 9 -10 0 -8 -3 5 -9z"
       id="path5353" />
    <path
       d="M425 3460 c-19 -8 -19 -9 3 -9 12 -1 22 4 22 9 0 6 -1 10 -2 9 -2 0 -12 -4 -23 -9z"
       id="path5355" />
    <path
       d="M575 3460 c3 -5 11 -10 16 -10 6 0 7 5 4 10 -3 6 -11 10 -16 10 -6 0 -7 -4 -4 -10z"
       id="path5357" />
    <path
       d="M331 3444 c0 -11 3 -14 6 -6 3 7 2 16 -1 19 -3 4 -6 -2 -5 -13z"
       id="path5359" />
    <path
       d="M1255 3450 c3 -5 8 -10 11 -10 2 0 4 5 4 10 0 6 -5 10 -11 10 -5 0 -7 -4 -4 -10z"
       id="path5361" />
    <path
       d="M2440 3449 c0 -5 5 -7 10 -4 6 3 10 8 10 11 0 2 -4 4 -10 4 -5 0 -10 -5 -10 -11z"
       id="path5363" />
    <path
       d="M1301 3434 c0 -11 3 -14 6 -6 3 7 2 16 -1 19 -3 4 -6 -2 -5 -13z"
       id="path5365" />
    <path
       d="M1350 3431 c0 -6 4 -13 10 -16 6 -3 7 1 4 9 -7 18 -14 21 -14 7z"
       id="path5367" />
    <path
       d="M1460 3424 c0 -8 5 -12 10 -9 6 4 8 11 5 16 -9 14 -15 11 -15 -7z"
       id="path5369" />
    <path
       d="M2250 3420 c0 -5 5 -10 11 -10 5 0 7 5 4 10 -3 6 -8 10 -11 10 -2 0 -4 -4 -4 -10z"
       id="path5371" />
    <path
       d="M2590 3415 c7 -9 15 -13 17 -11 7 7 -7 26 -19 26 -6 0 -6 -6 2 -15z"
       id="path5373" />
    <path
       d="M100 3410 c0 -5 5 -10 11 -10 5 0 7 5 4 10 -3 6 -8 10 -11 10 -2 0 -4 -4 -4 -10z"
       id="path5375" />
    <path
       d="M1428 3403 c7 -3 16 -2 19 1 4 3 -2 6 -13 5 -11 0 -14 -3 -6 -6z"
       id="path5377" />
    <path
       d="M2325 3400 c-3 -5 -1 -10 4 -10 6 0 11 5 11 10 0 6 -2 10 -4 10 -3 0 -8 -4 -11 -10z"
       id="path5379" />
    <path
       d="M470 3391 c0 -5 9 -7 20 -4 11 3 20 7 20 9 0 2 -9 4 -20 4 -11 0 -20 -4 -20 -9z"
       id="path5381" />
    <path
       d="M1431 3354 c0 -11 3 -14 6 -6 3 7 2 16 -1 19 -3 4 -6 -2 -5 -13z"
       id="path5383" />
    <path
       d="M1016 3343 c-6 -14 -5 -15 5 -6 7 7 10 15 7 18 -3 3 -9 -2 -12 -12z"
       id="path5385" />
    <path
       d="M2436 3347 c3 -10 9 -15 12 -12 3 3 0 11 -7 18 -10 9 -11 8 -5 -6z"
       id="path5387" />
    <path
       d="M2615 3350 c-3 -5 -1 -10 4 -10 6 0 11 5 11 10 0 6 -2 10 -4 10 -3 0 -8 -4 -11 -10z"
       id="path5389" />
    <path
       d="M1355 3340 c-3 -5 -1 -10 4 -10 6 0 11 5 11 10 0 6 -2 10 -4 10 -3 0 -8 -4 -11 -10z"
       id="path5391" />
    <path
       d="M1411 3345 c1 -19 18 -51 18 -35 0 8 -4 22 -9 30 -5 8 -9 11 -9 5z"
       id="path5393" />
    <path
       d="M2713 3335 c0 -8 4 -12 9 -9 5 3 6 10 3 15 -9 13 -12 11 -12 -6z"
       id="path5395" />
    <path
       d="M2750 3330 c0 -19 3 -21 12 -12 9 9 9 15 0 24 -9 9 -12 7 -12 -12z"
       id="path5397" />
    <path
       d="M920 3330 c0 -5 5 -10 10 -10 6 0 10 5 10 10 0 6 -4 10 -10 10 -5 0 -10 -4 -10 -10z"
       id="path5399" />
    <path
       d="M2480 3336 c0 -2 7 -9 15 -16 13 -11 14 -10 9 4 -5 14 -24 23 -24 12z"
       id="path5401" />
    <path
       d="M2550 3330 c0 -5 5 -10 10 -10 6 0 10 5 10 10 0 6 -4 10 -10 10 -5 0 -10 -4 -10 -10z"
       id="path5403" />
    <path
       d="M500 3320 c-13 -8 -12 -10 3 -10 9 0 17 5 17 10 0 12 -1 12 -20 0z"
       id="path5405" />
    <path
       d="M1100 3326 c0 -2 7 -6 15 -10 8 -3 15 -1 15 4 0 6 -7 10 -15 10 -8 0 -15 -2 -15 -4z"
       id="path5407" />
    <path
       d="M1322 3310 c0 -14 2 -19 5 -12 2 6 2 18 0 25 -3 6 -5 1 -5 -13z"
       id="path5409" />
    <path
       d="M165 3310 c-3 -6 1 -7 9 -4 18 7 21 14 7 14 -6 0 -13 -4 -16 -10z"
       id="path5411" />
    <path
       d="M298 3313 c6 -2 18 -2 25 0 6 3 1 5 -13 5 -14 0 -19 -2 -12 -5z"
       id="path5413" />
    <path
       d="M395 3310 c3 -5 8 -10 11 -10 2 0 4 5 4 10 0 6 -5 10 -11 10 -5 0 -7 -4 -4 -10z"
       id="path5415" />
    <path
       d="M1490 3310 c0 -5 5 -10 11 -10 5 0 7 5 4 10 -3 6 -8 10 -11 10 -2 0 -4 -4 -4 -10z"
       id="path5417" />
    <path
       d="M2675 3310 c-3 -5 -1 -10 4 -10 6 0 11 5 11 10 0 6 -2 10 -4 10 -3 0 -8 -4 -11 -10z"
       id="path5419" />
    <path
       d="M750 3303 c0 -6 -3 -20 -7 -30 -7 -17 -6 -17 11 0 14 14 16 21 7 30 -8 8 -11 8 -11 0z"
       id="path5421" />
    <path
       d="M1535 3300 c3 -5 10 -10 16 -10 5 0 9 5 9 10 0 6 -7 10 -16 10 -8 0 -12 -4 -9 -10z"
       id="path5423" />
    <path
       d="M2407 3296 c-15 -12 -15 -15 -2 -26 8 -6 20 -10 27 -7 8 4 7 6 -4 6 -10 1 -18 5 -18 11 0 5 8 14 18 19 9 6 13 10 7 10 -5 0 -18 -6 -28 -13z"
       id="path5425" />
    <path
       d="M1030 3285 c-10 -12 -10 -15 4 -15 9 0 16 7 16 15 0 8 -2 15 -4 15 -2 0 -9 -7 -16 -15z"
       id="path5427" />
    <path
       d="M1400 3290 c0 -5 5 -10 11 -10 5 0 7 5 4 10 -3 6 -8 10 -11 10 -2 0 -4 -4 -4 -10z"
       id="path5429" />
    <path
       d="M325 3280 c3 -5 8 -10 11 -10 2 0 4 5 4 10 0 6 -5 10 -11 10 -5 0 -7 -4 -4 -10z"
       id="path5431" />
    <path
       d="M140 3269 c0 -5 5 -7 10 -4 6 3 10 8 10 11 0 2 -4 4 -10 4 -5 0 -10 -5 -10 -11z"
       id="path5433" />
    <path
       d="M1305 3270 c3 -5 8 -10 11 -10 2 0 4 5 4 10 0 6 -5 10 -11 10 -5 0 -7 -4 -4 -10z"
       id="path5435" />
    <path
       d="M220 3256 c0 -8 -6 -17 -12 -19 -8 -4 -9 -6 -2 -6 18 -1 37 26 24 34 -5 3 -10 0 -10 -9z"
       id="path5437" />
    <path
       d="M480 3266 c0 -2 7 -9 15 -16 13 -11 14 -10 9 4 -5 14 -24 23 -24 12z"
       id="path5439" />
    <path
       d="M1265 3260 c3 -5 8 -10 11 -10 2 0 4 5 4 10 0 6 -5 10 -11 10 -5 0 -7 -4 -4 -10z"
       id="path5441" />
    <path
       d="M2578 3263 c7 -3 16 -2 19 1 4 3 -2 6 -13 5 -11 0 -14 -3 -6 -6z"
       id="path5443" />
    <path
       d="M104 3239 c-3 -6 -1 -16 4 -21 8 -8 11 -5 9 11 -1 24 -3 25 -13 10z"
       id="path5445" />
    <path
       d="M1240 3246 c0 -2 8 -10 18 -17 15 -13 16 -12 3 4 -13 16 -21 21 -21 13z"
       id="path5447" />
    <path
       d="M2370 3240 c0 -5 5 -10 11 -10 5 0 7 5 4 10 -3 6 -8 10 -11 10 -2 0 -4 -4 -4 -10z"
       id="path5449" />
    <path
       d="M2448 3243 c7 -3 16 -2 19 1 4 3 -2 6 -13 5 -11 0 -14 -3 -6 -6z"
       id="path5451" />
    <path
       d="M1505 3230 c-3 -6 1 -7 9 -4 18 7 21 14 7 14 -6 0 -13 -4 -16 -10z"
       id="path5453" />
    <path
       d="M2414 3217 c0 -14 7 -23 18 -23 22 0 23 12 2 20 -8 3 -12 10 -9 16 3 5 2 10 -3 10 -6 0 -9 -10 -8 -23z"
       id="path5455" />
    <path
       d="M418 3223 c7 -3 16 -2 19 1 4 3 -2 6 -13 5 -11 0 -14 -3 -6 -6z"
       id="path5457" />
    <path
       d="M981 3214 c0 -11 3 -14 6 -6 3 7 2 16 -1 19 -3 4 -6 -2 -5 -13z"
       id="path5459" />
    <path
       d="M1335 3220 c3 -5 8 -10 11 -10 2 0 4 5 4 10 0 6 -5 10 -11 10 -5 0 -7 -4 -4 -10z"
       id="path5461" />
    <path
       d="M606 3204 c-11 -7 -17 -17 -13 -20 3 -4 14 1 23 10 21 22 15 28 -10 10z"
       id="path5463" />
    <path
       d="M1125 3200 c-3 -5 -1 -10 4 -10 6 0 11 5 11 10 0 6 -2 10 -4 10 -3 0 -8 -4 -11 -10z"
       id="path5465" />
    <path
       d="M1477 3191 c5 -18 8 -19 22 -9 26 20 27 22 10 15 -9 -3 -21 -1 -27 5 -8 8 -9 5 -5 -11z"
       id="path5467" />
    <path
       d="M2606 3187 c3 -10 9 -15 12 -12 3 3 0 11 -7 18 -10 9 -11 8 -5 -6z"
       id="path5469" />
    <path
       d="M100 3183 c0 -7 4 -13 9 -13 5 0 11 -10 13 -22 2 -15 6 -19 10 -12 5 7 -1 23 -12 35 -11 13 -19 18 -20 12z"
       id="path5471" />
    <path
       d="M290 3180 c0 -5 5 -10 11 -10 5 0 7 5 4 10 -3 6 -8 10 -11 10 -2 0 -4 -4 -4 -10z"
       id="path5473" />
    <path
       d="M672 3170 c0 -14 2 -19 5 -12 2 6 2 18 0 25 -3 6 -5 1 -5 -13z"
       id="path5475" />
    <path
       d="M2710 3180 c0 -5 5 -10 11 -10 5 0 7 5 4 10 -3 6 -8 10 -11 10 -2 0 -4 -4 -4 -10z"
       id="path5477" />
    <path
       d="M145 3170 c3 -5 8 -10 11 -10 2 0 4 5 4 10 0 6 -5 10 -11 10 -5 0 -7 -4 -4 -10z"
       id="path5479" />
    <path
       d="M2582 3166 c7 -8 15 -12 17 -11 5 6 -10 25 -20 25 -5 0 -4 -6 3 -14z"
       id="path5481" />
    <path
       d="M2100 3166 c0 -2 7 -7 16 -10 8 -3 12 -2 9 4 -6 10 -25 14 -25 6z"
       id="path5483" />
    <path
       d="M2252 3141 c-6 -17 -9 -31 -6 -31 7 0 25 52 20 57 -2 2 -8 -10 -14 -26z"
       id="path5485" />
    <path
       d="M2508 3163 c7 -3 16 -2 19 1 4 3 -2 6 -13 5 -11 0 -14 -3 -6 -6z"
       id="path5487" />
    <path
       d="M2448 3153 c7 -3 16 -2 19 1 4 3 -2 6 -13 5 -11 0 -14 -3 -6 -6z"
       id="path5489" />
    <path
       d="M1761 3134 c0 -11 3 -14 6 -6 3 7 2 16 -1 19 -3 4 -6 -2 -5 -13z"
       id="path5491" />
    <path
       d="M2400 3140 c0 -5 5 -10 11 -10 5 0 7 5 4 10 -3 6 -8 10 -11 10 -2 0 -4 -4 -4 -10z"
       id="path5493" />
    <path
       d="M1691 3135 c1 -19 18 -51 18 -35 0 8 -4 22 -9 30 -5 8 -9 11 -9 5z"
       id="path5495" />
    <path
       d="M2480 3130 c0 -5 5 -10 10 -10 6 0 10 5 10 10 0 6 -4 10 -10 10 -5 0 -10 -4 -10 -10z"
       id="path5497" />
    <path
       d="M2454 3114 c9 -8 16 -20 16 -26 0 -6 3 -9 6 -6 8 9 -14 48 -27 48 -6 0 -3 -7 5 -16z"
       id="path5499" />
    <path
       d="M476 3107 c3 -10 9 -15 12 -12 3 3 0 11 -7 18 -10 9 -11 8 -5 -6z"
       id="path5501" />
    <path
       d="M2530 3110 c0 -5 5 -10 11 -10 5 0 7 5 4 10 -3 6 -8 10 -11 10 -2 0 -4 -4 -4 -10z"
       id="path5503" />
    <path
       d="M2425 3100 c-3 -5 -1 -10 4 -10 6 0 11 5 11 10 0 6 -2 10 -4 10 -3 0 -8 -4 -11 -10z"
       id="path5505" />
    <path
       d="M831 3084 c0 -11 3 -14 6 -6 3 7 2 16 -1 19 -3 4 -6 -2 -5 -13z"
       id="path5507" />
    <path
       d="M90 3080 c18 -12 30 -13 30 -2 0 4 -10 9 -22 9 -18 2 -20 0 -8 -7z"
       id="path5509" />
    <path
       d="M230 3078 c0 -2 9 -11 20 -21 11 -9 20 -13 20 -7 0 5 -9 14 -20 20 -11 6 -20 9 -20 8z"
       id="path5511" />
    <path
       d="M2180 3071 c0 -5 7 -12 16 -15 14 -5 15 -4 4 9 -14 17 -20 19 -20 6z"
       id="path5513" />
    <path
       d="M2380 3059 c0 -5 5 -7 10 -4 6 3 10 8 10 11 0 2 -4 4 -10 4 -5 0 -10 -5 -10 -11z"
       id="path5515" />
    <path
       d="M2420 3060 c-13 -8 -12 -10 3 -10 9 0 17 5 17 10 0 12 -1 12 -20 0z"
       id="path5517" />
    <path
       d="M2744 3058 c-5 -8 -2 -9 9 -5 20 8 19 12 21 -145 0 -65 -2 -118 -6 -118 -8 0 -1 -67 8 -82 4 -6 -2 -8 -15 -3 -12 4 -21 2 -21 -4 0 -6 6 -11 14 -11 20 0 29 -35 16 -60 -9 -16 -8 -20 5 -20 11 0 15 12 15 51 0 28 -5 59 -10 69 -6 11 -6 21 -1 24 15 9 13 298 -1 308 -18 11 -26 10 -34 -4z"
       id="path5519" />
    <path
       d="M485 3050 c3 -5 8 -10 11 -10 2 0 4 5 4 10 0 6 -5 10 -11 10 -5 0 -7 -4 -4 -10z"
       id="path5521" />
    <path
       d="M1695 3041 c-3 -5 -1 -12 5 -16 5 -3 10 1 10 9 0 18 -6 21 -15 7z"
       id="path5523" />
    <path
       d="M1926 3028 c3 -4 16 -8 30 -8 14 0 22 4 19 10 -3 5 -17 9 -30 8 -13 -1 -21 -6 -19 -10z"
       id="path5525" />
    <path
       d="M260 3015 c0 -8 4 -15 10 -15 5 0 7 7 4 15 -4 8 -8 15 -10 15 -2 0 -4 -7 -4 -15z"
       id="path5527" />
    <path
       d="M1670 3020 c0 -5 5 -10 11 -10 5 0 7 5 4 10 -3 6 -8 10 -11 10 -2 0 -4 -4 -4 -10z"
       id="path5529" />
    <path
       d="M1730 3018 c0 -9 7 -19 16 -22 15 -6 15 -4 3 11 -7 10 -15 20 -16 22 -2 2 -3 -3 -3 -11z"
       id="path5531" />
    <path
       d="M2195 3020 c-3 -5 -1 -10 4 -10 6 0 11 5 11 10 0 6 -2 10 -4 10 -3 0 -8 -4 -11 -10z"
       id="path5533" />
    <path
       d="M1820 3010 c0 -5 5 -10 11 -10 5 0 7 5 4 10 -3 6 -8 10 -11 10 -2 0 -4 -4 -4 -10z"
       id="path5535" />
    <path
       d="M1338 2998 c5 -5 16 -8 23 -6 8 3 3 7 -10 11 -17 4 -21 3 -13 -5z"
       id="path5537" />
    <path
       d="M1400 3000 c-9 -6 -10 -10 -3 -10 6 0 15 5 18 10 8 12 4 12 -15 0z"
       id="path5539" />
    <path
       d="M1857 3003 c7 -2 15 -3 17 -1 3 2 12 -6 21 -17 16 -20 16 -20 13 0 -2 14 -12 20 -33 21 -17 1 -24 0 -18 -3z"
       id="path5541" />
    <path
       d="M2058 3003 c7 -3 16 -2 19 1 4 3 -2 6 -13 5 -11 0 -14 -3 -6 -6z"
       id="path5543" />
    <path
       d="M1493 2973 c9 -2 23 -2 30 0 6 3 -1 5 -18 5 -16 0 -22 -2 -12 -5z"
       id="path5545" />
    <path
       d="M50 2698 c1 -150 4 -268 8 -261 4 6 6 77 5 157 0 83 3 144 8 140 5 -3 6 3 2 12 -5 13 -3 16 10 11 11 -4 14 -2 10 9 -3 8 -11 13 -19 10 -10 -4 -12 14 -11 80 1 80 11 109 20 62 4 -20 4 -19 6 4 1 18 -6 31 -19 38 -20 11 -20 8 -20 -262z"
       id="path5547" />
    <path
       d="M100 2966 c0 -2 8 -10 18 -17 15 -13 16 -12 3 4 -13 16 -21 21 -21 13z"
       id="path5549" />
    <path
       d="M2025 2960 c-3 -5 -1 -10 4 -10 6 0 11 5 11 10 0 6 -2 10 -4 10 -3 0 -8 -4 -11 -10z"
       id="path5551" />
    <path
       d="M200 2945 c-11 -13 -10 -14 4 -9 9 3 16 10 16 15 0 13 -6 11 -20 -6z"
       id="path5553" />
    <path
       d="M150 2940 c0 -5 5 -10 10 -10 6 0 10 5 10 10 0 6 -4 10 -10 10 -5 0 -10 -4 -10 -10z"
       id="path5555" />
    <path
       d="M2200 2940 c0 -5 5 -10 11 -10 5 0 7 5 4 10 -3 6 -8 10 -11 10 -2 0 -4 -4 -4 -10z"
       id="path5557" />
    <path
       d="M225 2919 c-4 -6 -5 -12 -2 -15 2 -3 7 2 10 11 7 17 1 20 -8 4z"
       id="path5559" />
    <path
       d="M385 2920 c-3 -5 -1 -10 4 -10 6 0 11 5 11 10 0 6 -2 10 -4 10 -3 0 -8 -4 -11 -10z"
       id="path5561" />
    <path
       d="M1355 2909 c-4 -12 -3 -25 2 -29 4 -5 8 4 9 21 1 34 -2 37 -11 8z"
       id="path5563" />
    <path
       d="M1838 2923 c6 -2 18 -2 25 0 6 3 1 5 -13 5 -14 0 -19 -2 -12 -5z"
       id="path5565" />
    <path
       d="M1190 2905 c-11 -13 -10 -14 4 -9 9 3 16 10 16 15 0 13 -6 11 -20 -6z"
       id="path5567" />
    <path
       d="M1905 2910 c7 -11 55 -9 55 2 0 4 -14 8 -31 8 -17 0 -28 -4 -24 -10z"
       id="path5569" />
    <path
       d="M135 2900 c3 -5 8 -10 11 -10 2 0 4 5 4 10 0 6 -5 10 -11 10 -5 0 -7 -4 -4 -10z"
       id="path5571" />
    <path
       d="M2068 2883 c7 -3 16 -2 19 1 4 3 -2 6 -13 5 -11 0 -14 -3 -6 -6z"
       id="path5573" />
    <path
       d="M2700 2880 c-9 -6 -10 -10 -3 -10 6 0 15 5 18 10 8 12 4 12 -15 0z"
       id="path5575" />
    <path
       d="M2700 2781 c0 -6 4 -13 10 -16 6 -3 7 1 4 9 -7 18 -14 21 -14 7z"
       id="path5613" />
    <path
       d="M2730 2781 c0 -6 4 -13 10 -16 6 -3 7 1 4 9 -7 18 -14 21 -14 7z"
       id="path5615" />
    <path
       d="M2690 2629 c0 -5 5 -7 10 -4 6 3 10 8 10 11 0 2 -4 4 -10 4 -5 0 -10 -5 -10 -11z"
       id="path5677" />
    <path
       d="M2771 2587 c-6 -8 -8 -17 -4 -21 4 -3 8 -29 9 -56 2 -42 0 -49 -12 -39 -9 8 -14 8 -14 1 0 -6 4 -13 9 -16 12 -8 20 -55 10 -62 -14 -8 -11 -36 3 -32 8 3 13 43 16 121 2 64 1 117 -1 117 -3 0 -10 -6 -16 -13z"
       id="path5689" />
    <path
       d="M2728 2493 c7 -3 16 -2 19 1 4 3 -2 6 -13 5 -11 0 -14 -3 -6 -6z"
       id="path5745" />
    <path
       d="M2711 2464 c0 -11 3 -14 6 -6 3 7 2 16 -1 19 -3 4 -6 -2 -5 -13z"
       id="path5749" />
    <path
       d="M2710 2319 c0 -5 5 -7 10 -4 6 3 10 8 10 11 0 2 -4 4 -10 4 -5 0 -10 -5 -10 -11z"
       id="path5815" />
    <path
       d="M2767 2324 c7 -3 9 -13 6 -22 -4 -14 -3 -14 5 -2 12 16 7 30 -11 29 -9 0 -9 -2 0 -5z"
       id="path5817" />
    <path
       d="M2745 2280 c3 -5 8 -10 11 -10 2 0 4 5 4 10 0 6 -5 10 -11 10 -5 0 -7 -4 -4 -10z"
       id="path5827" />
    <path
       d="M2762 2264 c-11 -12 -10 -14 3 -14 10 0 13 -5 9 -12 -9 -14 -5 -130 4 -140 4 -4 7 33 7 82 0 48 -2 90 -5 93 -3 3 -11 -1 -18 -9z"
       id="path5829" />
    <path
       d="M2686 2165 c4 -8 11 -15 16 -15 6 0 5 6 -2 15 -7 8 -14 15 -16 15 -2 0 -1 -7 2 -15z"
       id="path5891" />
    <path
       d="M2745 2070 c-10 -11 -13 -20 -7 -20 7 0 12 5 12 10 0 6 4 10 9 10 5 0 9 -13 9 -29 -1 -15 2 -33 6 -40 4 -6 3 -11 -3 -11 -5 0 -11 6 -14 13 -2 6 -8 9 -12 4 -5 -4 0 -14 11 -21 25 -19 28 -14 25 42 -3 58 -12 69 -36 42z"
       id="path5907" />
    <path
       d="M2695 2050 c3 -5 8 -10 11 -10 2 0 4 5 4 10 0 6 -5 10 -11 10 -5 0 -7 -4 -4 -10z"
       id="path5921" />
    <path
       d="M2767 1953 c-3 -5 -1 -28 3 -53 l7 -45 2 53 c1 49 -2 62 -12 45z"
       id="path5971" />
    <path
       d="M2730 1920 c8 -5 20 -10 25 -10 6 0 3 5 -5 10 -8 5 -19 10 -25 10 -5 0 -3 -5 5 -10z"
       id="path5987" />
    <path
       d="M2767 1834 c-8 -14 -5 -64 3 -64 11 0 18 46 10 60 -4 7 -10 8 -13 4z"
       id="path6047" />
    <path
       d="M2670 1819 c0 -5 5 -7 10 -4 6 3 10 8 10 11 0 2 -4 4 -10 4 -5 0 -10 -5 -10 -11z"
       id="path6051" />
    <path
       d="M2715 1811 c-3 -5 -2 -12 3 -15 5 -3 9 1 9 9 0 17 -3 19 -12 6z"
       id="path6053" />
    <path
       d="M2692 1790 c0 -14 2 -19 5 -12 2 6 2 18 0 25 -3 6 -5 1 -5 -13z"
       id="path6055" />
    <path
       d="M2712 1771 c2 -7 7 -12 11 -12 12 1 9 15 -3 20 -7 2 -11 -2 -8 -8z"
       id="path6065" />
    <path
       d="M2765 1693 c0 -63 -2 -68 -22 -71 -13 -2 -23 -8 -23 -13 0 -5 11 -7 25 -3 32 8 34 -13 3 -27 l-23 -10 23 5 c14 3 22 -1 22 -10 0 -8 -7 -14 -15 -14 -8 0 -15 -4 -15 -10 0 -5 7 -10 15 -10 18 0 20 -21 3 -38 -9 -9 -9 -12 0 -12 8 0 12 -15 10 -45 0 -24 -5 -42 -10 -39 -13 8 -9 -9 7 -30 13 -18 15 3 15 187 0 114 -3 207 -7 207 -5 0 -8 -30 -8 -67z"
       id="path6067" />
    <path
       d="M2885 1679 c-12 -36 40 -54 65 -24 10 12 10 18 0 30 -19 23 -57 19 -65 -6z m55 -9 c0 -5 -9 -10 -20 -10 -11 0 -20 5 -20 10 0 6 9 10 20 10 11 0 20 -4 20 -10z"
       id="path6127" />
    <path
       d="M2854 1629 c-2 -4 25 -9 61 -11 40 -2 64 1 62 7 -4 11 -116 15 -123 4z"
       id="path6141" />
    <path
       d="M2865 1601 c-19 -7 -18 -9 5 -21 23 -13 64 -14 82 -4 4 3 5 11 1 19 -6 16 -54 19 -88 6z m75 -11 c0 -5 -13 -10 -30 -10 -16 0 -30 5 -30 10 0 6 14 10 30 10 17 0 30 -4 30 -10z"
       id="path6145" />
    <path
       d="M2914 1552 c-29 -3 -31 -6 -31 -43 0 -37 1 -39 31 -40 28 0 26 -2 -17 -15 -54 -17 -53 -28 1 -44 49 -13 73 -13 50 1 -19 11 -25 39 -8 39 6 0 10 9 10 20 0 14 -6 19 -22 17 -18 -2 -22 4 -24 28 -2 28 -2 29 8 8 12 -25 33 -30 41 -10 9 25 -7 42 -39 39z m26 -22 c0 -5 -2 -10 -4 -10 -3 0 -8 5 -11 10 -3 6 -1 10 4 10 6 0 11 -4 11 -10z m-30 -100 c0 -5 -2 -10 -4 -10 -3 0 -8 5 -11 10 -3 6 -1 10 4 10 6 0 11 -4 11 -10z"
       id="path6171" />
    <path
       d="M2735 1460 c3 -5 8 -10 11 -10 2 0 4 5 4 10 0 6 -5 10 -11 10 -5 0 -7 -4 -4 -10z"
       id="path6225" />
    <path
       d="M2716 1415 c4 -8 11 -15 16 -15 6 0 5 6 -2 15 -7 8 -14 15 -16 15 -2 0 -1 -7 2 -15z"
       id="path6239" />
    <path
       d="M2720 1371 c0 -10 19 -25 25 -20 1 2 -3 10 -11 17 -8 7 -14 8 -14 3z"
       id="path6271" />
    <path
       d="M2690 1356 c0 -2 7 -7 16 -10 8 -3 12 -2 9 4 -6 10 -25 14 -25 6z"
       id="path6311" />
    <path
       d="M2884 1345 c-8 -21 4 -35 30 -35 31 0 50 22 34 38 -17 17 -58 15 -64 -3z m54 -13 c2 -7 -6 -12 -17 -12 -21 0 -27 11 -14 24 9 9 26 2 31 -12z"
       id="path6313" />
    <path
       d="M2760 1325 c7 -9 15 -13 17 -11 7 7 -7 26 -19 26 -6 0 -6 -6 2 -15z"
       id="path6323" />
    <path
       d="M2686 1317 c3 -10 9 -15 12 -12 3 3 0 11 -7 18 -10 9 -11 8 -5 -6z"
       id="path6325" />
    <path
       d="M2738 1291 c-9 -11 -14 -22 -11 -25 8 -7 35 22 31 34 -2 6 -11 2 -20 -9z"
       id="path6329" />
    <path
       d="M2873 1293 c15 -2 39 -2 55 0 15 2 2 4 -28 4 -30 0 -43 -2 -27 -4z"
       id="path6335" />
    <path
       d="M2766 1281 c-4 -7 -5 -15 -2 -18 9 -9 19 4 14 18 -4 11 -6 11 -12 0z"
       id="path6341" />
    <path
       d="M2855 1270 c-4 -6 13 -10 44 -10 28 0 51 5 51 10 0 6 -20 10 -44 10 -25 0 -48 -4 -51 -10z"
       id="path6345" />
    <path
       d="M2757 1231 c4 -9 8 -43 9 -75 2 -46 -1 -63 -14 -73 -16 -12 -16 -13 1 -7 12 4 17 1 17 -11 0 -10 -5 -13 -12 -9 -8 5 -9 2 -4 -11 4 -11 2 -22 -6 -27 -10 -6 -8 -8 5 -8 14 0 16 -4 8 -18 -6 -11 -6 -24 0 -33 12 -19 11 -59 -1 -59 -5 0 -10 -11 -10 -25 0 -14 3 -25 8 -25 4 0 7 -35 7 -77 0 -57 -4 -81 -15 -90 -10 -8 -11 -12 -3 -13 7 0 10 -6 8 -12 -6 -17 12 -45 22 -35 4 5 1 13 -7 18 -12 8 -12 12 -2 16 10 4 12 69 12 297 -1 252 -3 293 -16 293 -10 0 -12 -5 -7 -16z"
       id="path6357" />
    <path
       d="M2880 1230 c0 -25 20 -27 21 -2 0 11 2 12 6 4 3 -7 -2 -21 -10 -30 -8 -9 -15 -32 -15 -49 -1 -30 2 -33 29 -33 16 0 29 -4 29 -10 0 -5 -13 -10 -30 -10 -23 0 -30 -4 -30 -20 0 -15 7 -20 25 -20 14 0 25 -5 25 -11 0 -6 -15 -9 -37 -7 -22 2 -38 -2 -41 -10 -2 -7 5 -12 16 -12 11 0 28 -3 37 -6 13 -5 14 -8 3 -15 -7 -5 -23 -9 -35 -9 -13 0 -23 -6 -23 -13 0 -10 16 -14 50 -16 28 -1 50 3 50 9 0 5 -10 10 -22 11 l-23 0 23 9 c12 5 22 12 22 15 0 3 -10 10 -22 15 -21 8 -21 9 -3 9 17 1 20 9 23 51 3 47 2 50 -22 50 -14 0 -28 5 -31 10 -3 6 4 10 17 10 33 0 51 19 36 37 -8 10 -8 17 0 25 19 19 1 38 -34 38 -27 0 -34 -4 -34 -20z m60 0 c0 -5 -4 -10 -10 -10 -5 0 -10 5 -10 10 0 6 5 10 10 10 6 0 10 -4 10 -10z m-6 -45 c3 -9 -1 -18 -10 -22 -19 -7 -28 2 -21 22 8 19 23 19 31 0z m-24 -105 c0 -5 -5 -10 -11 -10 -5 0 -7 5 -4 10 3 6 8 10 11 10 2 0 4 -4 4 -10z m30 0 c0 -5 -4 -10 -10 -10 -5 0 -10 5 -10 10 0 6 5 10 10 10 6 0 10 -4 10 -10z"
       id="path6359" />
    <path
       d="M2746 1195 c4 -8 8 -15 10 -15 2 0 4 7 4 15 0 8 -4 15 -10 15 -5 0 -7 -7 -4 -15z"
       id="path6385" />
    <path
       d="M2690 1186 c0 -4 7 -14 15 -22 8 -9 15 -11 15 -6 0 5 -7 15 -15 22 -8 7 -15 9 -15 6z"
       id="path6427" />
    <path
       d="M2880 901 c0 -10 7 -24 15 -31 17 -14 21 -45 5 -35 -6 4 -8 11 -5 16 4 5 1 9 -4 9 -6 0 -11 -9 -11 -21 0 -17 5 -20 33 -17 31 3 32 5 34 51 2 41 -1 47 -17 47 -11 0 -20 -7 -20 -15 0 -8 -5 -15 -11 -15 -6 0 -9 7 -5 15 3 8 1 15 -4 15 -6 0 -10 -8 -10 -19z m55 -31 c0 -22 -2 -40 -6 -40 -9 0 -16 40 -11 63 6 32 17 18 17 -23z"
       id="path6523" />
    <path
       d="M2884 795 c-4 -8 -1 -22 6 -30 9 -11 10 -15 1 -15 -23 0 -7 -44 19 -51 l25 -7 -27 -1 c-26 -1 -28 -4 -28 -40 0 -37 2 -40 33 -44 28 -3 26 -4 -10 -5 -24 -1 -43 -7 -43 -13 0 -6 17 -9 43 -7 35 2 43 7 45 26 3 18 -1 22 -26 22 -25 0 -29 4 -29 25 0 30 13 33 20 4 9 -32 32 -17 33 22 0 25 5 34 17 33 9 -1 17 4 17 12 0 8 -8 14 -18 14 -26 0 -34 11 -21 26 17 21 3 44 -26 44 -14 0 -28 -7 -31 -15z m51 -4 c3 -5 1 -13 -5 -16 -15 -9 -43 3 -35 15 8 13 32 13 40 1z m5 -62 c0 -5 -11 -9 -25 -9 -26 0 -34 15 -12 23 16 5 37 -3 37 -14z m0 -59 c0 -5 -4 -10 -10 -10 -5 0 -10 5 -10 10 0 6 5 10 10 10 6 0 10 -4 10 -10z"
       id="path6605" />
    <path
       d="M2850 786 c0 -8 5 -18 10 -21 6 -3 10 3 10 14 0 12 -4 21 -10 21 -5 0 -10 -6 -10 -14z"
       id="path6607" />
    <path
       d="M2711 604 c0 -11 3 -14 6 -6 3 7 2 16 -1 19 -3 4 -6 -2 -5 -13z"
       id="path6693" />
    <path
       d="M2748 588 c-3 -16 -2 -28 3 -28 4 0 8 -67 8 -150 1 -127 -2 -151 -15 -158 -12 -7 -13 -11 -4 -17 6 -4 16 -3 21 2 5 5 11 92 13 194 3 101 1 175 -3 164 -8 -20 -8 -20 -13 0 -3 17 -5 15 -10 -7z"
       id="path6697" />
    <path
       d="M2877 564 c-9 -10 4 -34 19 -34 8 0 17 7 20 15 4 8 10 15 15 15 4 0 5 -7 2 -17 -4 -11 -3 -14 5 -9 19 12 14 36 -8 36 -11 0 -20 -4 -20 -10 0 -5 -5 -10 -11 -10 -5 0 -7 5 -4 10 7 11 -8 14 -18 4z"
       id="path6713" />
    <path
       d="M2900 513 c40 -7 48 -23 12 -23 -18 0 -32 -5 -32 -11 0 -6 14 -9 33 -7 24 2 33 8 35 26 3 20 -1 22 -35 21 -27 -1 -31 -3 -13 -6z"
       id="path6769" />
    <path
       d="M2721 464 c0 -11 3 -14 6 -6 3 7 2 16 -1 19 -3 4 -6 -2 -5 -13z"
       id="path6777" />
    <path
       d="M2850 459 c0 -5 23 -9 52 -9 28 0 49 2 47 4 -9 8 -99 13 -99 5z"
       id="path6779" />
    <path
       d="M2850 432 c0 -5 23 -9 50 -8 28 0 50 3 50 8 0 4 -22 8 -50 8 -27 0 -50 -4 -50 -8z"
       id="path6787" />
    <path
       d="M2700 250 c0 -5 5 -10 10 -10 6 0 10 5 10 10 0 6 -4 10 -10 10 -5 0 -10 -4 -10 -10z"
       id="path6877" />
    <path
       d="M2725 211 c3 -5 -6 -22 -20 -37 -14 -15 -25 -31 -25 -35 0 -5 -9 -9 -19 -9 -11 0 -21 -3 -23 -7 -6 -14 -85 -53 -106 -53 -12 0 -24 -5 -27 -10 -9 -15 77 0 93 17 7 7 18 13 23 13 17 0 76 49 103 85 21 27 23 34 10 39 -8 3 -12 2 -9 -3z"
       id="path6907" />
  </g>
  <text
     xml:space="preserve"
     style="font-size:14.40883636px;font-style:normal;font-variant:normal;font-weight:bold;font-stretch:normal;text-align:start;line-height:125%;letter-spacing:0px;word-spacing:0px;text-anchor:start;fill:#000000;fill-opacity:1;stroke:none;font-family:Comic Sans MS;-inkscape-font-specification:Sans Bold"
     x="11.170398"
     y="172.01631"
     id="text7021"
     sodipodi:linespacing="125%"
     transform="scale(1.0286077,0.9721879)"><tspan
       sodipodi:role="line"
       id="tspan7023"
       x="11.170398"
       y="172.01631" /><tspan
       sodipodi:role="line"
       x="11.170398"
       y="190.02736"
       id="tspan7031">Quandopensamos em </tspan><tspan
       sodipodi:role="line"
       x="11.170398"
       y="208.03841"
       id="tspan7039">morcegos e coruja,logo </tspan><tspan
       sodipodi:role="line"
       x="11.170398"
       y="226.04945"
       id="tspan7041">associamos estes animais </tspan><tspan
       sodipodi:role="line"
       x="11.170398"
       y="244.06049"
       id="tspan7071">a seu habitos noturnos, no ?</tspan><tspan
       sodipodi:role="line"
       x="11.170398"
       y="262.07153"
       id="tspan7033">Pois saiba que o morcego-</tspan><tspan
       sodipodi:role="line"
       x="11.170398"
       y="280.08258"
       id="tspan7047">raposa, que vive na Australia, e </tspan><tspan
       sodipodi:role="line"
       x="11.170398"
       y="298.09363"
       id="tspan7049">a acoruja-buraqueira,que vive</tspan><tspan
       sodipodi:role="line"
       x="11.170398"
       y="316.10468"
       id="tspan7053">no Brasil, nadam contra</tspan><tspan
       sodipodi:role="line"
       x="11.170398"
       y="334.11572"
       id="tspan7057">essa corrente! O morcego-</tspan><tspan
       sodipodi:role="line"
       x="11.170398"
       y="352.12677"
       id="tspan7059">raposa faz tudo durante o dia e </tspan><tspan
       sodipodi:role="line"
       x="11.170398"
       y="370.13782"
       id="tspan7061">guarda a noite s para para dormir,</tspan><tspan
       sodipodi:role="line"
       x="11.170398"
       y="388.14886"
       id="tspan7063">enquanto a coruja-buraqueira, </tspan><tspan
       sodipodi:role="line"
       x="11.170398"
       y="406.15991"
       id="tspan7065">embora tenha artividades</tspan><tspan
       sodipodi:role="line"
       x="11.170398"
       y="424.17096"
       id="tspan7067">tambm  noite, faz a maioria </tspan><tspan
       sodipodi:role="line"
       x="11.170398"
       y="442.18201"
       id="tspan7069">das coisas durante o dia.</tspan></text>
</svg>
