<?xml version="1.0" standalone="no"?>
<!DOCTYPE svg PUBLIC "-//W3C//DTD SVG 20010904//EN"
 "http://www.w3.org/TR/2001/REC-SVG-20010904/DTD/svg10.dtd">
<svg version="1.0" xmlns="http://www.w3.org/2000/svg"
 width="900.000000pt" height="1644.000000pt" viewBox="0 0 900.000000 1644.000000"
 preserveAspectRatio="xMidYMid meet">
<metadata>
Created by potrace 1.10, written by Peter Selinger 2001-2011
</metadata>
<g transform="translate(0.000000,1644.000000) scale(0.100000,-0.100000)"
fill="#000000" stroke="none">
<path d="M5885 14645 c-16 -8 -40 -14 -52 -15 -22 0 -68 -17 -126 -46 -16 -8
-35 -14 -42 -14 -8 0 -33 -13 -57 -28 -24 -16 -69 -46 -100 -66 -31 -20 -75
-55 -96 -77 -22 -21 -44 -39 -50 -39 -9 0 -42 -35 -112 -119 -19 -24 -45 -54
-58 -68 -13 -14 -35 -44 -49 -67 -14 -22 -41 -64 -59 -91 -35 -54 -144 -264
-144 -279 0 -5 -11 -33 -25 -62 -14 -30 -28 -68 -32 -86 -3 -18 -11 -44 -18
-58 -30 -60 -45 -102 -45 -124 0 -13 -7 -40 -15 -59 -8 -20 -15 -50 -15 -67 0
-17 -5 -40 -11 -52 -12 -22 -31 -129 -30 -168 0 -14 -4 -34 -8 -45 -12 -26
-29 -230 -36 -415 -8 -210 14 -595 39 -700 6 -23 32 -180 44 -260 2 -19 11
-44 18 -55 8 -11 14 -32 14 -48 0 -16 5 -38 12 -50 6 -12 15 -35 19 -52 23
-93 146 -369 207 -466 9 -15 32 -51 50 -80 46 -75 103 -153 119 -162 7 -4 13
-13 13 -20 0 -15 171 -187 185 -187 6 0 20 -11 33 -25 27 -28 190 -125 210
-125 8 0 26 -6 40 -14 74 -39 154 -51 332 -50 144 0 181 3 207 17 18 9 44 17
58 17 15 0 39 7 53 15 15 8 61 30 102 50 41 19 89 44 105 55 17 11 37 23 45
27 22 9 131 97 159 127 14 14 30 26 37 26 7 0 19 10 25 23 7 12 43 56 81 98
37 42 68 80 68 86 0 5 14 29 30 51 17 23 30 44 30 48 0 3 11 20 24 37 13 18
32 52 44 77 11 25 40 88 65 140 45 98 63 144 77 195 4 17 12 41 18 55 32 80
84 313 103 470 6 47 12 101 15 120 15 123 22 275 22 480 1 204 -3 277 -23 470
-10 94 -46 301 -61 348 -8 23 -14 50 -14 59 0 17 -49 174 -78 248 -81 212
-234 475 -333 574 -22 21 -39 43 -39 48 0 22 -232 220 -290 246 -8 4 -28 16
-45 27 -16 11 -37 23 -45 26 -8 3 -28 12 -45 19 -53 22 -99 37 -152 49 -28 6
-55 15 -59 19 -14 13 -307 6 -339 -8z m358 -222 c89 -33 156 -88 234 -193 41
-55 143 -257 143 -283 0 -7 7 -22 15 -33 8 -10 15 -26 15 -35 0 -9 6 -39 14
-65 55 -190 93 -386 106 -554 4 -58 13 -143 18 -190 13 -105 13 -880 1 -1050
-5 -69 -13 -177 -18 -240 -10 -128 -27 -270 -42 -345 -6 -27 -14 -75 -18 -105
-4 -30 -13 -68 -19 -83 -7 -16 -12 -41 -12 -57 0 -16 -6 -44 -14 -62 -7 -18
-21 -58 -31 -88 -22 -71 -81 -196 -111 -237 -13 -17 -24 -37 -24 -43 0 -6 -35
-46 -77 -88 -79 -79 -187 -152 -226 -152 -12 0 -31 -7 -41 -15 -14 -10 -45
-15 -100 -15 -175 0 -328 87 -431 245 -36 55 -112 219 -130 280 -9 33 -24 75
-31 93 -8 18 -14 43 -14 55 0 12 -7 31 -15 41 -8 11 -15 31 -15 45 0 24 -8 66
-41 211 -7 30 -16 91 -20 135 -4 44 -13 112 -19 150 -12 76 -31 463 -31 615 0
222 29 760 41 775 5 6 11 58 13 115 5 118 30 300 46 343 6 16 11 41 11 56 0
15 12 65 26 112 14 46 30 101 35 123 5 21 26 73 45 115 20 42 40 85 46 96 24
53 102 166 144 210 40 41 131 99 194 123 94 36 228 34 333 -5z"/>
<path d="M2537 14566 c-7 -8 -152 -292 -321 -633 -532 -1069 -488 -976 -470
-993 11 -11 51 -17 162 -22 145 -6 363 -31 383 -44 6 -3 34 -10 62 -14 92 -15
282 -75 342 -108 11 -6 27 -13 35 -16 8 -4 35 -17 59 -31 24 -14 48 -25 54
-25 5 0 26 -13 46 -28 20 -15 53 -37 74 -47 48 -25 234 -191 304 -273 29 -33
71 -88 94 -123 22 -35 49 -75 58 -89 9 -14 25 -47 36 -75 10 -27 24 -59 30
-70 7 -11 20 -45 28 -75 8 -30 23 -82 32 -115 13 -49 16 -93 12 -235 -4 -171
-8 -194 -48 -310 -39 -113 -155 -291 -234 -361 -122 -106 -258 -198 -316 -212
-209 -51 -258 -59 -344 -55 -84 4 -161 20 -208 44 -16 8 -34 14 -41 14 -16 0
-70 29 -188 103 -51 32 -102 63 -112 70 -11 7 -38 24 -59 40 -24 16 -53 27
-74 27 -18 0 -42 5 -53 12 -15 10 -26 10 -53 0 -18 -7 -44 -12 -56 -12 -32 0
-107 -47 -133 -83 -13 -17 -31 -51 -40 -75 -16 -41 -16 -48 -1 -110 17 -67 63
-142 114 -188 37 -32 119 -84 133 -84 6 0 16 -4 22 -9 5 -6 47 -20 94 -33 78
-21 105 -23 330 -23 251 0 296 5 440 51 25 8 53 14 62 14 10 0 34 7 55 16 21
9 53 22 71 30 18 7 47 20 65 28 17 8 39 17 47 20 8 4 33 17 55 30 22 13 67 38
100 56 125 67 331 239 416 347 29 37 56 70 59 73 10 9 76 113 105 165 82 148
111 214 140 320 9 33 21 74 27 90 42 116 41 553 -1 658 -6 16 -11 38 -11 50 0
12 -7 35 -15 51 -8 15 -15 34 -15 40 0 20 -62 155 -98 216 -52 88 -56 93 -87
135 -16 22 -34 46 -40 54 -14 21 -246 253 -270 271 -11 8 -39 30 -61 48 -23
17 -45 32 -49 32 -4 0 -24 12 -44 28 -20 15 -45 32 -56 39 -39 24 -281 141
-325 158 -25 9 -52 20 -60 24 -8 4 -49 17 -90 30 -41 12 -96 28 -121 36 -26 8
-57 15 -68 15 -12 0 -30 4 -40 9 -10 6 -55 15 -102 20 -115 15 -121 23 -81
105 18 36 32 72 32 80 0 7 7 19 15 26 8 7 15 18 15 25 0 6 11 32 25 56 14 24
27 51 31 59 3 8 10 22 15 30 5 8 12 22 15 30 3 8 10 22 15 30 5 8 12 22 15 30
4 8 15 34 25 56 37 80 -18 74 679 76 541 3 624 5 631 18 8 15 75 157 136 290
19 41 47 100 62 131 15 30 25 61 23 67 -3 9 -185 12 -742 12 -621 0 -741 -2
-753 -14z"/>
<path d="M1035 8074 c-68 -20 -115 -72 -115 -127 0 -47 23 -88 60 -111 26 -15
302 -16 3482 -16 l3453 1 26 22 c14 12 33 40 43 63 17 40 17 42 -4 88 -17 38
-30 51 -68 69 l-47 22 -3390 2 c-2961 1 -3396 0 -3440 -13z"/>
<path d="M2708 5684 c-4 -4 -55 -11 -113 -15 -57 -5 -121 -15 -141 -24 -20 -8
-47 -15 -59 -15 -22 0 -102 -34 -190 -82 -97 -52 -240 -177 -330 -288 -54 -67
-85 -108 -85 -113 0 -3 -20 -36 -45 -74 -25 -37 -59 -97 -76 -133 -17 -36 -37
-78 -45 -93 -20 -40 -18 -52 11 -71 52 -34 76 -23 142 67 69 93 228 249 288
284 193 110 340 140 565 115 150 -17 263 -73 376 -186 84 -84 145 -184 164
-271 5 -22 14 -60 20 -85 14 -53 8 -319 -8 -365 -6 -16 -20 -59 -32 -95 -37
-107 -44 -123 -81 -180 -76 -116 -171 -209 -288 -284 -26 -17 -56 -37 -67 -44
-10 -6 -29 -17 -42 -22 -13 -5 -49 -22 -80 -36 -112 -52 -167 -72 -232 -85
-121 -24 -115 -20 -115 -69 l0 -45 120 -7 c211 -12 334 -44 535 -141 235 -113
364 -239 463 -452 48 -104 67 -160 78 -225 4 -25 13 -65 19 -90 7 -28 10 -93
8 -170 -4 -101 -10 -142 -32 -215 -27 -86 -90 -231 -104 -237 -4 -2 -26 -28
-49 -58 -104 -137 -284 -250 -448 -281 -83 -16 -254 -23 -268 -11 -7 6 -34 13
-62 17 -56 8 -165 42 -179 56 -6 5 -16 9 -23 9 -6 0 -35 13 -63 30 -28 16 -55
30 -61 30 -5 0 -39 14 -74 30 -36 17 -95 44 -132 61 -61 29 -76 31 -175 32
-83 0 -112 -3 -125 -15 -10 -8 -25 -18 -34 -21 -9 -3 -33 -26 -54 -52 -36 -44
-38 -50 -39 -119 0 -68 2 -75 36 -122 81 -111 186 -167 353 -189 50 -6 97 -15
106 -19 8 -4 112 -5 230 -3 207 4 404 23 462 46 16 6 41 11 57 11 41 0 209 56
310 103 234 109 396 241 554 452 115 154 180 291 237 500 31 118 32 124 32
335 0 176 -3 223 -16 260 -9 25 -17 59 -17 77 0 17 -4 34 -10 38 -5 3 -14 20
-19 38 -44 145 -148 308 -276 432 -60 59 -224 178 -268 194 -70 27 -157 74
-157 86 0 13 79 93 149 151 51 42 172 184 228 266 55 82 120 210 155 308 20
58 23 83 23 225 0 135 -3 164 -18 185 -9 13 -17 36 -17 50 0 36 -56 143 -124
235 -88 118 -189 205 -306 261 -99 48 -139 64 -160 64 -11 0 -34 7 -52 15 -18
8 -82 19 -143 24 -60 6 -126 13 -145 16 -19 4 -38 3 -42 -1z"/>
<path d="M6020 5680 c-19 -5 -64 -13 -100 -18 -196 -29 -361 -120 -597 -330
-29 -26 -53 -50 -53 -55 0 -5 -27 -38 -60 -74 -33 -36 -60 -70 -60 -76 0 -5
-13 -26 -30 -47 -16 -21 -30 -41 -30 -45 0 -4 -12 -24 -27 -44 -26 -34 -44
-66 -77 -143 -8 -18 -26 -58 -41 -88 -55 -112 -135 -349 -155 -462 -5 -27 -11
-52 -15 -57 -6 -11 -31 -165 -45 -281 -30 -243 -30 -771 0 -960 40 -254 67
-384 102 -485 5 -16 13 -44 17 -60 4 -17 13 -40 19 -52 7 -12 12 -29 12 -38 0
-16 28 -79 113 -250 52 -106 56 -114 101 -185 49 -79 90 -135 103 -143 7 -4
13 -15 13 -24 0 -25 219 -236 295 -284 39 -24 79 -50 90 -57 23 -14 26 -15
125 -53 104 -39 188 -53 305 -53 136 1 293 36 389 88 27 14 55 26 63 26 18 0
172 100 238 154 27 23 61 50 74 61 13 11 31 29 40 39 9 11 26 29 39 41 12 12
22 27 22 32 0 5 12 20 26 34 14 13 46 56 71 94 26 39 64 96 85 129 21 32 38
63 38 68 0 6 23 56 51 112 28 55 55 115 59 131 8 29 17 56 45 135 25 69 45
143 45 166 0 13 6 43 13 66 19 59 37 158 47 253 5 44 12 94 15 110 22 114 32
637 15 815 -10 115 -38 313 -49 358 -5 20 -17 73 -27 117 -20 93 -100 340
-120 372 -8 12 -14 28 -14 34 0 17 -39 97 -51 105 -5 3 -9 12 -9 21 0 8 -13
35 -30 60 -16 24 -30 48 -30 52 0 5 -20 36 -45 70 -25 34 -45 63 -45 66 0 3
-30 43 -67 88 -212 262 -451 415 -703 452 -52 8 -108 16 -125 19 -16 2 -46 0
-65 -4z m182 -224 c89 -24 132 -52 215 -140 66 -69 90 -105 136 -198 54 -107
78 -166 97 -233 4 -16 13 -43 18 -60 11 -33 30 -108 43 -170 44 -218 51 -263
56 -375 2 -59 10 -111 16 -119 17 -20 22 -904 7 -1101 -6 -80 -15 -199 -20
-265 -17 -230 -35 -354 -76 -517 -8 -32 -14 -67 -14 -78 0 -28 -66 -222 -98
-290 -33 -67 -117 -183 -168 -231 -53 -48 -120 -99 -132 -99 -5 0 -15 -6 -21
-14 -7 -8 -27 -18 -44 -22 -18 -3 -38 -11 -46 -18 -23 -18 -229 -14 -271 5
-19 9 -46 21 -60 27 -54 22 -149 103 -188 158 -64 93 -154 283 -172 364 -4 19
-12 46 -18 60 -15 38 -39 127 -56 210 -8 41 -21 100 -27 130 -7 30 -16 89 -20
130 -4 41 -13 111 -19 155 -12 92 -32 475 -32 615 0 166 21 612 32 700 6 47
15 132 20 190 11 139 36 314 49 339 6 11 11 39 11 63 1 24 12 75 26 113 14 39
29 88 33 110 4 22 26 80 49 128 23 49 42 91 42 94 0 4 24 43 54 87 56 82 134
167 177 191 72 40 141 65 219 79 37 6 122 -2 182 -18z"/>
</g>
</svg>
