<?xml version="1.0" standalone="no"?>
<!DOCTYPE svg PUBLIC "-//W3C//DTD SVG 20010904//EN"
 "http://www.w3.org/TR/2001/REC-SVG-20010904/DTD/svg10.dtd">
<svg version="1.0" xmlns="http://www.w3.org/2000/svg"
 width="624.000000pt" height="303.000000pt" viewBox="0 0 624.000000 303.000000"
 preserveAspectRatio="xMidYMid meet">
<metadata>
Created by potrace 1.10, written by Peter Selinger 2001-2011
</metadata>
<g transform="translate(0.000000,303.000000) scale(0.100000,-0.100000)"
fill="#000000" stroke="none">
<path d="M5440 2900 c-146 -3 -270 -8 -276 -12 -7 -5 -333 -8 -725 -9 -975 -2
-1535 -18 -1545 -43 -4 -11 45 -98 76 -133 5 -7 10 -17 10 -22 0 -5 6 -16 13
-23 16 -19 35 -48 47 -75 5 -13 14 -23 19 -23 5 0 12 -11 15 -25 4 -14 11 -25
16 -25 6 0 10 -4 10 -10 0 -5 12 -26 26 -47 14 -21 30 -48 35 -60 5 -13 13
-23 19 -23 5 0 10 -6 10 -14 0 -8 6 -21 13 -28 16 -19 35 -48 47 -75 5 -13 14
-23 19 -23 5 0 12 -11 15 -25 4 -14 11 -25 16 -25 6 0 10 -4 10 -9 0 -9 58
-103 78 -126 4 -5 11 -17 15 -25 4 -8 16 -28 27 -45 11 -16 25 -40 31 -53 7
-12 16 -22 20 -22 4 0 10 -11 13 -25 4 -14 11 -25 16 -25 6 0 10 -4 10 -9 0
-9 58 -103 78 -126 4 -5 11 -17 15 -25 4 -8 16 -28 27 -45 11 -16 25 -40 31
-52 7 -13 16 -23 20 -23 4 0 10 -11 13 -25 4 -14 11 -25 16 -25 6 0 10 -4 10
-9 0 -6 13 -29 28 -53 16 -24 51 -79 80 -123 28 -44 55 -85 60 -91 5 -6 13
-20 16 -32 4 -12 12 -22 17 -22 5 0 9 -4 9 -9 0 -6 13 -29 28 -53 16 -24 51
-79 80 -123 28 -44 55 -85 59 -91 17 -22 33 -50 43 -71 5 -13 14 -23 20 -23 5
0 10 -6 10 -13 0 -8 14 -33 30 -55 17 -23 30 -44 30 -47 0 -9 44 -69 53 -73 4
-2 7 -10 7 -17 0 -8 6 -20 13 -27 16 -19 35 -48 47 -75 5 -13 14 -23 20 -23 5
0 10 -5 10 -12 0 -19 163 -258 176 -258 11 0 84 108 84 124 0 3 14 28 30 54
17 27 30 56 30 65 0 8 4 17 8 19 9 3 13 9 77 135 22 43 43 80 47 83 4 3 12 17
17 30 6 14 22 43 36 65 13 22 24 48 25 58 0 9 4 17 8 17 4 0 15 15 23 32 27
58 94 183 100 188 3 3 13 19 21 35 62 121 100 191 109 200 5 5 9 17 9 27 0 10
3 18 8 18 4 0 18 24 32 53 13 28 27 54 30 57 4 3 14 19 22 35 62 121 100 191
109 200 5 5 9 17 9 27 0 10 3 18 8 18 4 0 18 24 32 53 13 28 27 54 30 57 3 3
17 25 30 50 13 25 41 77 62 115 20 39 40 77 43 85 4 8 11 22 16 30 5 8 20 38
35 65 14 28 41 77 59 110 19 33 46 83 60 110 14 28 30 57 35 65 5 8 11 22 15
30 3 8 21 42 40 75 19 33 46 84 60 112 15 29 30 55 36 58 5 4 9 13 9 21 0 9 7
22 15 30 8 9 15 28 15 43 l0 28 -92 7 c-50 3 -116 5 -147 4 -31 -1 -175 -5
-321 -8z m495 -62 c-6 -19 -46 -93 -86 -158 -5 -8 -20 -37 -34 -65 -25 -49
-35 -67 -55 -102 -5 -10 -21 -40 -35 -68 -14 -27 -41 -77 -60 -110 -19 -33
-46 -82 -60 -110 -25 -49 -35 -67 -55 -102 -5 -10 -21 -40 -35 -68 -14 -27
-41 -77 -60 -110 -62 -110 -75 -135 -75 -150 0 -8 -4 -15 -8 -15 -4 0 -15 -15
-23 -32 -31 -65 -94 -183 -101 -188 -4 -3 -12 -17 -17 -30 -6 -14 -22 -43 -36
-65 -13 -22 -24 -48 -25 -57 0 -10 -4 -18 -8 -18 -4 0 -15 -15 -23 -32 -27
-58 -94 -183 -100 -188 -3 -3 -13 -18 -21 -35 -62 -121 -100 -191 -109 -199
-5 -6 -9 -18 -9 -28 0 -10 -3 -18 -8 -18 -4 0 -18 -24 -32 -53 -13 -28 -27
-54 -30 -57 -4 -3 -14 -18 -22 -35 -62 -121 -100 -191 -109 -199 -5 -6 -9 -18
-9 -28 0 -10 -3 -18 -8 -18 -4 0 -18 -24 -32 -52 -13 -29 -30 -59 -37 -66 -7
-7 -13 -21 -13 -30 0 -9 -9 -27 -18 -40 -17 -22 -19 -22 -32 -7 -19 23 -37 54
-51 88 -6 15 -14 27 -18 27 -3 0 -17 20 -31 45 -14 25 -28 45 -31 45 -4 0 -10
11 -13 25 -4 14 -11 25 -16 25 -6 0 -10 4 -10 9 0 9 -58 103 -78 126 -4 6 -11
17 -15 25 -4 8 -16 29 -27 45 -11 17 -25 40 -31 52 -7 13 -16 23 -20 23 -4 0
-10 11 -13 25 -4 14 -11 25 -16 25 -6 0 -10 4 -10 9 0 6 -13 29 -28 53 -16 24
-51 79 -80 123 -28 44 -55 85 -60 91 -5 6 -13 20 -16 32 -4 12 -12 22 -17 22
-5 0 -9 4 -9 9 0 6 -13 29 -28 53 -16 24 -51 79 -80 123 -28 44 -55 85 -60 91
-5 6 -13 20 -16 32 -4 12 -12 22 -17 22 -5 0 -9 7 -9 15 0 9 -7 18 -15 21 -8
4 -15 12 -15 19 0 6 -13 31 -30 53 -16 23 -30 44 -30 47 0 9 -44 69 -52 73 -5
2 -8 10 -8 17 0 8 -6 20 -12 27 -17 19 -36 48 -48 76 -5 12 -14 22 -20 22 -5
0 -10 6 -10 13 0 8 -13 33 -30 55 -17 23 -30 44 -30 47 0 9 -44 69 -52 73 -5
2 -8 10 -8 17 0 8 -6 20 -12 27 -17 19 -36 48 -48 76 -5 12 -14 22 -19 22 -5
0 -12 11 -15 25 -4 14 -11 25 -16 25 -6 0 -10 4 -10 10 0 5 -12 26 -26 47 -14
21 -30 48 -35 61 -5 12 -13 22 -19 22 -5 0 -10 6 -10 14 0 8 -6 21 -12 28 -17
19 -36 48 -48 76 -5 12 -14 22 -19 22 -5 0 -12 11 -15 25 -4 14 -11 25 -16 25
-6 0 -10 5 -10 10 0 12 -41 73 -52 78 -5 2 -8 9 -8 15 0 6 -9 21 -21 33 -12
12 -18 27 -14 33 4 8 110 11 329 11 177 0 326 4 332 9 5 5 461 11 1031 14 689
4 1028 9 1040 16 10 6 69 11 131 11 113 0 113 0 107 -22z"/>
<path d="M1613 2883 c-7 -3 -13 -9 -13 -14 0 -5 -12 -28 -27 -52 -33 -51 -69
-113 -86 -147 -6 -14 -17 -30 -23 -37 -7 -7 -22 -32 -33 -55 -24 -48 -33 -63
-73 -126 -16 -24 -28 -50 -28 -58 0 -7 -4 -14 -10 -14 -5 0 -12 -11 -16 -25
-3 -14 -10 -25 -14 -25 -4 0 -13 -12 -19 -27 -12 -28 -24 -50 -61 -108 -10
-16 -29 -50 -42 -75 -13 -25 -28 -50 -34 -57 -7 -7 -22 -32 -33 -55 -24 -48
-33 -63 -73 -126 -16 -24 -28 -50 -28 -58 0 -7 -4 -14 -9 -14 -5 0 -13 -10
-17 -22 -3 -12 -13 -28 -20 -36 -8 -7 -14 -20 -14 -28 0 -8 -4 -14 -9 -14 -5
0 -14 -12 -20 -27 -6 -16 -20 -41 -30 -58 -11 -16 -30 -50 -43 -75 -13 -25
-27 -50 -33 -56 -5 -6 -19 -28 -30 -50 -11 -21 -23 -41 -27 -44 -4 -3 -12 -17
-18 -30 -5 -14 -19 -38 -30 -55 -30 -46 -43 -69 -70 -122 -14 -26 -31 -54 -38
-61 -6 -7 -12 -20 -12 -28 0 -8 -4 -14 -9 -14 -5 0 -14 -12 -20 -27 -6 -16
-25 -50 -41 -78 -17 -27 -36 -61 -43 -75 -6 -14 -17 -31 -24 -38 -7 -7 -13
-20 -13 -28 0 -8 -4 -14 -9 -14 -5 0 -14 -12 -20 -27 -12 -28 -24 -50 -61
-108 -10 -16 -29 -50 -42 -75 -13 -25 -29 -51 -35 -58 -7 -7 -13 -20 -13 -28
0 -8 -4 -14 -9 -14 -5 0 -14 -12 -20 -27 -6 -16 -16 -37 -23 -48 -7 -11 -25
-39 -40 -63 -16 -24 -28 -50 -28 -58 0 -7 -4 -14 -9 -14 -5 0 -13 -10 -17 -22
-3 -12 -13 -28 -21 -36 -8 -8 -13 -24 -11 -36 l3 -21 1550 0 1550 0 3 21 c2
12 -3 28 -10 35 -7 8 -24 36 -38 62 -47 90 -53 102 -59 107 -3 3 -17 26 -31
53 -13 26 -28 47 -32 47 -5 0 -8 8 -8 18 0 10 -5 23 -11 29 -13 13 -33 47 -49
83 -6 13 -14 27 -18 30 -4 3 -16 23 -27 45 -11 22 -31 58 -45 80 -40 64 -48
78 -71 123 -11 23 -26 48 -33 55 -6 7 -21 32 -34 57 -13 25 -32 59 -42 75 -11
17 -25 41 -30 55 -6 13 -14 27 -18 30 -4 3 -18 26 -32 53 -13 26 -28 47 -32
47 -5 0 -8 8 -8 18 0 10 -5 23 -11 29 -14 14 -35 50 -50 86 -6 15 -15 27 -20
27 -5 0 -9 6 -9 14 0 8 -6 21 -13 28 -7 7 -18 24 -24 38 -7 14 -26 48 -42 75
-17 28 -35 59 -40 71 -5 11 -27 50 -48 85 -22 35 -42 71 -46 79 -4 8 -16 29
-27 45 -11 17 -25 41 -30 55 -6 13 -14 27 -18 30 -4 3 -17 25 -30 50 -13 25
-32 59 -42 75 -37 58 -49 80 -61 108 -6 15 -15 27 -20 27 -5 0 -9 6 -9 14 0 8
-6 21 -12 28 -14 15 -54 85 -77 136 -8 17 -19 32 -23 32 -4 0 -8 5 -8 11 0 10
-65 126 -100 179 -6 8 -15 27 -21 43 -6 15 -15 27 -19 27 -4 0 -11 11 -14 25
-4 14 -11 25 -16 25 -6 0 -10 6 -10 14 0 8 -6 21 -12 28 -7 7 -20 26 -28 41
-16 31 -38 47 -57 40z m52 -117 c8 -17 27 -53 44 -81 16 -27 40 -70 52 -95 13
-25 35 -63 49 -85 38 -60 47 -76 71 -123 11 -23 26 -48 33 -55 6 -7 21 -32 34
-57 13 -25 32 -58 42 -75 11 -16 25 -41 30 -55 6 -13 14 -27 18 -30 4 -3 18
-26 32 -52 13 -27 28 -48 32 -48 5 0 8 -8 8 -18 0 -10 5 -23 11 -29 13 -13 33
-47 49 -83 6 -13 14 -27 18 -30 4 -3 16 -23 27 -45 11 -22 31 -58 45 -80 40
-64 48 -78 71 -123 11 -23 26 -48 33 -55 6 -7 21 -32 34 -57 13 -25 32 -58 42
-75 11 -16 25 -41 30 -55 6 -13 14 -27 18 -30 4 -3 18 -27 32 -53 27 -53 41
-76 70 -122 11 -16 25 -42 31 -57 6 -16 15 -28 20 -28 5 0 9 -6 9 -14 0 -8 6
-21 13 -28 12 -14 29 -44 70 -123 12 -22 23 -42 26 -45 4 -3 15 -23 26 -44 11
-22 25 -44 30 -50 6 -6 20 -31 33 -56 13 -25 32 -58 42 -75 11 -16 25 -41 30
-55 6 -13 14 -27 18 -30 4 -3 17 -25 30 -50 13 -25 32 -58 42 -75 11 -16 24
-39 30 -50 6 -11 19 -33 30 -50 19 -28 42 -77 41 -83 -2 -5 -2971 -3 -2971 2
1 14 15 42 27 54 7 7 13 20 13 28 0 8 4 14 10 14 5 0 12 11 16 25 3 14 10 25
14 25 4 0 13 12 19 28 6 15 25 50 41 77 17 28 36 61 43 75 6 14 17 31 24 38 7
7 13 20 13 28 0 8 4 14 10 14 5 0 12 11 16 25 3 14 10 25 14 25 4 0 13 12 19
28 6 15 20 41 30 57 11 17 30 50 43 75 13 25 28 50 34 57 7 7 22 32 34 55 12
24 30 57 41 73 10 17 23 40 28 52 5 11 15 24 20 28 6 3 11 15 11 26 0 10 3 19
8 19 4 0 19 21 32 47 14 27 28 50 32 53 4 3 12 17 18 30 5 14 19 39 30 55 11
17 24 39 29 50 5 11 20 36 33 55 12 19 32 53 43 75 11 22 23 42 27 45 4 3 12
17 18 30 5 14 19 39 30 55 30 46 43 69 70 122 14 26 30 53 36 60 7 7 22 32 33
55 24 48 33 63 74 126 15 24 27 50 27 58 0 7 4 14 9 14 5 0 13 10 17 22 3 12
13 28 20 36 8 7 14 20 14 28 0 8 4 14 9 14 5 0 14 12 20 28 6 15 20 41 30 57
11 17 30 50 43 75 13 25 28 50 33 56 6 6 19 28 30 50 11 21 23 41 27 44 4 3
12 17 18 30 16 36 36 70 49 83 6 6 11 19 11 29 0 10 4 18 10 18 5 0 12 11 16
25 3 14 9 25 13 25 4 0 17 23 29 51 19 43 25 49 38 38 8 -7 21 -26 29 -43z"/>
</g>
</svg>
