<?xml version="1.0" encoding="UTF-8" standalone="no"?>
<svg
   xmlns:dc="http://purl.org/dc/elements/1.1/"
   xmlns:cc="http://creativecommons.org/ns#"
   xmlns:rdf="http://www.w3.org/1999/02/22-rdf-syntax-ns#"
   xmlns:svg="http://www.w3.org/2000/svg"
   xmlns="http://www.w3.org/2000/svg"
   xmlns:sodipodi="http://sodipodi.sourceforge.net/DTD/sodipodi-0.dtd"
   xmlns:inkscape="http://www.inkscape.org/namespaces/inkscape"
   version="1.0"
   width="493.57205"
   height="339.09808"
   viewBox="0 0 394.85764 271.27847"
   preserveAspectRatio="xMidYMid meet"
   id="svg5113"
   inkscape:version="0.48.4 r9939"
   sodipodi:docname="10a.svg">
  <defs
     id="defs5137" />
  <sodipodi:namedview
     pagecolor="#ffffff"
     bordercolor="#666666"
     borderopacity="1"
     objecttolerance="10"
     gridtolerance="10"
     guidetolerance="10"
     inkscape:pageopacity="0"
     inkscape:pageshadow="2"
     inkscape:window-width="1600"
     inkscape:window-height="824"
     id="namedview5135"
     showgrid="false"
     inkscape:zoom="1.1539983"
     inkscape:cx="492.46527"
     inkscape:cy="112.71338"
     inkscape:window-x="0"
     inkscape:window-y="24"
     inkscape:window-maximized="1"
     inkscape:current-layer="g5117"
     fit-margin-top="0"
     fit-margin-left="0"
     fit-margin-right="0"
     fit-margin-bottom="0" />
  <metadata
     id="metadata5115">
Created by potrace 1.10, written by Peter Selinger 2001-2011
<rdf:RDF>
  <cc:Work
     rdf:about="">
    <dc:format>image/svg+xml</dc:format>
    <dc:type
       rdf:resource="http://purl.org/dc/dcmitype/StillImage" />
    <dc:title></dc:title>
  </cc:Work>
</rdf:RDF>
</metadata>
  <g
     transform="matrix(0.1,0,0,-0.1,-63.142347,284.27846)"
     id="g5117"
     style="fill:#000000;stroke:none">
    <path
       d="m 647,2838 c -14,-9 -22,-2675 -9,-2696 7,-10 394,-12 1966,-12 1077,0 1962,3 1967,6 5,3 9,578 9,1355 l 0,1349 -1961,2 c -1078,2 -1966,0 -1972,-4 z m 373,-68 c 16,-9 17,-13 3,-52 -10,-31 -14,-83 -12,-197 l 2,-156 -164,0 -164,0 -3,195 c -1,107 0,200 2,207 6,16 307,19 336,3 z m 765,2 c 6,-4 8,-82 5,-207 l -5,-200 -162,-1 c -89,-1 -166,2 -172,5 -8,5 -8,24 0,67 15,77 5,242 -16,263 -8,8 -18,11 -22,7 -5,-4 -8,-82 -8,-172 0,-90 -2,-165 -5,-165 -3,-1 -78,-3 -167,-4 l -163,-3 0,173 c 0,96 -4,185 -10,199 -7,20 -6,27 8,35 20,11 702,14 717,3 z m 422,0 c 8,-5 9,-31 1,-97 -5,-49 -8,-139 -6,-200 l 3,-110 -178,-1 c -98,-1 -180,2 -182,7 -3,4 -7,86 -8,181 -2,95 -7,183 -11,195 -6,16 -3,22 11,26 30,8 357,7 370,-1 z m 780,0 c 8,-5 9,-29 1,-92 -5,-47 -8,-137 -6,-200 l 3,-114 -188,-1 -189,0 -1,175 c -2,117 -6,182 -14,195 -7,11 -13,18 -15,15 -1,-3 -4,-90 -7,-195 l -6,-190 -160,0 -160,0 3,110 c 2,61 -1,151 -6,200 -7,65 -7,92 1,97 15,9 729,9 744,0 z m 360,0 c 8,-5 9,-28 2,-87 -6,-44 -9,-134 -7,-200 l 3,-120 -160,0 -160,0 3,115 c 2,63 -1,153 -6,200 -8,63 -7,87 1,92 16,10 308,10 324,0 z m 791,1 c 19,-4 22,-10 16,-27 -4,-11 -9,-99 -11,-194 -1,-95 -5,-177 -8,-182 -3,-4 -78,-7 -167,-6 l -163,1 -5,182 c -3,100 -8,184 -12,188 -17,17 -30,-87 -26,-222 2,-121 1,-144 -12,-147 -8,-2 -94,-3 -190,-2 l -175,1 3,115 c 2,63 -1,153 -6,200 -8,63 -7,87 1,92 14,9 721,10 755,1 z m 376,-208 c -1,-115 -1,-214 -1,-220 -1,-5 1,-97 4,-204 2,-107 0,-197 -4,-200 -4,-3 -79,-5 -166,-3 l -157,3 2,192 3,192 138,1 c 89,0 141,4 149,12 19,19 -11,24 -154,25 l -133,2 -5,200 c -3,128 -1,203 5,207 6,5 80,7 165,5 l 155,-2 -1,-210 z M 1010,2320 c 0,-3 1,-88 2,-190 l 1,-185 -164,0 -164,0 -3,180 c -1,98 -1,184 2,190 4,11 326,16 326,5 z m 390,1 c 3,-1 5,-73 5,-160 0,-88 4,-163 8,-168 30,-29 57,159 38,267 -5,30 -7,57 -6,59 2,2 79,4 172,5 l 168,1 3,-192 2,-192 -350,0 c -193,0 -356,2 -363,5 -9,3 -11,51 -9,182 2,97 4,182 6,188 3,7 56,10 163,8 87,-1 160,-3 163,-3 z m 802,-107 c -1,-60 1,-142 6,-181 5,-47 5,-76 -2,-83 -14,-14 -359,-13 -373,1 -7,7 -8,21 -2,43 5,17 9,95 8,173 0,78 1,146 4,150 3,5 86,8 184,8 l 178,-2 -3,-109 z m 364,10 c 1,-54 3,-139 5,-189 l 4,-90 -159,-3 c -94,-1 -163,2 -170,7 -9,8 -10,32 -3,93 4,46 6,126 2,179 -3,52 -4,97 -1,100 2,2 76,4 163,3 l 158,0 1,-100 z m 419,-90 0,-189 -185,-2 c -102,-2 -190,0 -196,5 -9,5 -9,23 -2,67 5,33 8,115 5,182 -2,68 -3,124 -1,125 1,2 87,3 191,2 l 188,0 0,-190 z m 360,1 0,-190 -160,0 -160,0 0,185 c -1,102 0,187 1,190 1,3 73,5 160,5 l 159,-1 0,-189 z m 415,186 c 3,-1 4,-85 4,-189 l -1,-187 -189,0 -189,0 0,185 c -1,102 0,187 1,190 2,4 353,5 374,1 z m 374,-2 c 4,-3 7,-89 7,-190 l 2,-184 -172,-3 c -133,-2 -171,0 -171,10 -2,60 2,363 4,367 5,8 323,8 330,0 z m 381,-441 c 4,-23 2,-1144 -3,-1283 0,-5 2,-100 5,-209 2,-122 0,-201 -5,-205 -6,-3 -80,-5 -166,-3 l -156,3 2,192 3,192 120,-4 c 137,-3 175,3 175,29 0,26 -36,32 -174,29 l -121,-2 -3,404 c -1,222 0,413 2,424 5,19 12,20 130,17 72,-2 133,1 143,6 36,21 -34,34 -154,30 -90,-3 -113,-1 -118,10 -8,21 -6,365 3,378 5,9 23,9 62,3 58,-10 195,-2 220,12 24,14 29,11 35,-23 z m -3508,10 c 5,-8 7,-92 4,-202 l -6,-189 -158,-1 c -150,-1 -158,0 -163,19 -2,11 -3,99 -2,195 l 3,175 100,-3 c 84,-2 123,1 206,17 4,0 11,-5 16,-11 z m 1833,-3 145,0 1,-175 c 0,-96 -1,-184 -3,-195 -4,-19 -10,-20 -114,-17 -126,5 -202,-4 -196,-21 2,-8 52,-14 158,-17 l 154,-5 -3,-100 c -2,-55 1,-138 7,-185 5,-47 6,-87 1,-90 -4,-3 -86,-5 -182,-5 l -173,0 -3,390 c -1,215 0,401 3,413 5,21 10,23 33,16 15,-4 92,-8 172,-9 z m 506,-175 c 0,-96 -1,-184 -3,-195 -4,-19 -12,-20 -158,-20 -85,0 -155,2 -156,5 -2,12 -6,376 -3,380 1,3 73,5 161,5 l 158,-1 1,-174 z m 412,164 c 4,-5 6,-91 4,-191 l -3,-182 -182,-3 c -100,-2 -184,-2 -186,-1 -4,3 -10,376 -6,383 6,9 365,4 373,-6 z m 378,3 c 8,-7 6,-350 -2,-371 -5,-14 -316,-16 -326,-1 -8,10 -11,368 -4,376 8,7 324,4 332,-4 z M 1790,1697 c 0,-100 -4,-187 -8,-192 -4,-7 -64,-8 -167,-5 l -160,5 0,145 c -1,99 -5,152 -14,169 -26,47 -36,7 -38,-155 -1,-86 -3,-158 -6,-160 -2,-2 -75,-5 -163,-6 l -159,-2 -5,185 c -3,101 -4,187 -2,191 1,4 165,7 362,7 l 360,0 0,-182 z m 422,158 c -2,-11 -5,-92 -6,-180 -2,-88 -4,-164 -5,-170 -1,-6 -66,-10 -173,-10 -104,0 -176,4 -180,10 -4,6 -8,76 -8,157 0,81 -5,159 -10,174 -8,21 -8,29 2,36 7,4 96,7 198,5 179,-2 185,-3 182,-22 z m 357,-605 0,-630 -162,0 -162,0 1,193 c 1,105 2,194 3,197 1,3 55,3 122,2 66,-2 132,-1 146,3 24,6 25,7 9,23 -20,21 -211,31 -244,13 -33,-18 -37,6 -37,214 l 0,190 142,5 c 78,3 145,8 149,12 17,18 -58,30 -168,26 -137,-4 -131,-10 -122,117 3,44 1,118 -4,165 -5,47 -7,88 -5,93 2,4 78,7 168,7 l 164,0 0,-630 z m -1560,202 c 3,-6 4,-99 1,-208 l -5,-199 -25,4 c -51,7 -236,6 -261,-2 -22,-7 -27,-5 -33,15 -7,28 -8,371 -1,390 4,10 39,13 162,11 89,-1 158,-6 162,-11 z m 355,5 38,-2 0,-194 c -1,-106 -4,-196 -7,-199 -3,-4 -57,-5 -120,-3 -71,2 -128,-2 -151,-9 -30,-10 -38,-10 -45,1 -8,14 -13,402 -5,410 4,4 205,1 290,-4 z m 424,-182 c 1,-111 -2,-201 -8,-219 -7,-20 -7,-33 0,-41 7,-8 9,-85 8,-205 l -3,-193 -164,2 c -91,1 -172,6 -181,11 -8,4 -22,4 -31,0 -8,-5 -87,-10 -174,-11 l -160,-2 -3,193 c -1,107 1,196 5,199 5,4 80,4 167,1 l 160,-5 -3,-150 c -3,-167 3,-208 28,-203 23,4 37,154 25,260 -6,50 -6,82 0,88 6,6 71,10 146,10 139,0 176,8 152,32 -9,9 -52,13 -146,14 -74,1 -139,4 -145,8 -7,5 -9,47 -5,139 4,77 2,155 -4,187 -6,30 -8,57 -5,60 4,4 303,18 328,15 6,-1 11,-74 13,-190 z m 417,-10 c 1,-206 -3,-232 -36,-214 -23,12 -263,8 -291,-5 -30,-14 -37,25 -38,210 0,98 -1,185 0,192 0,10 40,12 182,10 l 182,-3 1,-190 z m 1137,90 c -2,-55 1,-138 7,-185 5,-47 8,-87 5,-89 -6,-6 -324,-7 -334,-1 -5,3 -4,41 2,85 5,44 7,125 4,181 -4,55 -3,103 1,107 4,4 77,6 162,5 l 156,-3 -3,-100 z m 419,-36 c -3,-147 5,-212 23,-206 7,2 13,60 16,173 l 5,169 168,3 c 130,2 167,0 167,-10 0,-7 1,-93 2,-191 3,-151 1,-177 -12,-178 -56,-3 -751,-1 -755,2 -2,2 1,42 7,89 5,47 7,128 3,181 -3,52 -2,98 2,102 4,4 90,6 191,5 l 185,-3 -2,-136 z M 1006,1008 c 6,-7 8,-378 1,-384 -8,-8 -305,-6 -317,1 -10,6 -14,352 -5,377 4,10 39,13 161,12 85,-1 157,-4 160,-6 z m 1195,2 c 0,-3 2,-92 3,-198 l 2,-192 -185,2 -184,3 2,190 c 1,104 6,192 11,195 10,6 350,7 351,0 z m 784,-193 0,-197 -189,2 -189,3 -1,193 c -1,106 1,195 3,198 3,2 88,3 190,2 l 186,-3 0,-198 z m 361,193 c 6,-6 7,-41 2,-97 -5,-49 -6,-134 -2,-190 l 6,-103 -164,0 -163,0 1,193 c 1,105 2,195 3,200 2,11 305,9 317,-3 z m 422,-2 c 9,-9 15,-9 24,0 12,12 310,18 340,7 10,-4 13,-45 11,-198 l -2,-192 -170,-3 c -133,-2 -171,0 -171,10 -1,7 -1,85 0,173 0,156 -7,203 -26,174 -5,-8 -10,-90 -11,-184 l -1,-170 -189,-3 -189,-2 1,192 c 1,106 2,196 3,201 3,13 367,8 380,-5 z M 1007,557 c 2,-3 6,-81 7,-174 1,-92 4,-175 6,-183 4,-13 -20,-15 -167,-18 l -173,-2 0,189 c 0,118 4,191 10,193 16,5 311,1 317,-5 z m 402,-7 c 9,-5 22,-5 31,0 9,5 90,10 180,11 l 165,3 3,-192 2,-192 -362,0 -363,0 3,182 c 2,101 4,188 6,193 4,12 313,8 335,-5 z m 642,10 158,0 -2,-127 c -1,-71 0,-155 2,-188 l 5,-60 -190,-3 -189,-2 2,186 c 2,191 6,212 41,199 8,-3 85,-5 173,-5 z m 2077,1 c 11,-6 14,-48 16,-177 0,-93 3,-176 6,-184 4,-13 -43,-15 -384,-15 l -390,0 5,65 c 2,36 3,120 1,188 l -2,122 191,-2 192,-3 1,-165 c 1,-160 10,-218 27,-174 4,10 8,92 8,181 l 1,162 153,4 c 83,1 154,3 157,5 3,1 11,-2 18,-7 z M 2572,385 c 0,-96 1,-181 2,-187 1,-10 -39,-13 -169,-13 l -169,0 4,55 c 3,30 4,115 3,188 l -2,132 164,0 165,0 2,-175 z m 415,48 c -1,-71 0,-155 2,-188 l 5,-60 -200,0 c -194,0 -199,1 -195,20 2,11 5,94 6,185 2,91 4,166 4,168 1,1 86,2 191,2 l 189,0 -2,-127 z m 360,0 c -1,-71 0,-155 2,-188 l 5,-60 -169,0 -169,0 5,60 c 2,33 3,117 2,188 l -2,127 164,0 164,0 -2,-127 z"
       id="path5121"
       inkscape:connector-curvature="0" />
    <path
       d="m 4260,1053 c -8,-3 -21,-10 -28,-16 -23,-18 8,-27 103,-27 131,0 171,15 104,39 -33,11 -152,14 -179,4 z"
       id="path5123"
       inkscape:connector-curvature="0" />
    <path
       d="m 1404,507 c -8,-33 -1,-263 8,-273 4,-4 14,-2 22,5 17,14 29,174 18,241 -8,52 -37,68 -48,27 z"
       id="path5125"
       inkscape:connector-curvature="0" />
  </g>
  <path
     style="fill:none;stroke:#ff0000;stroke-width:4.80000019;stroke-linecap:butt;stroke-linejoin:miter;stroke-miterlimit:4;stroke-opacity:1;stroke-dasharray:none"
     d="m 40.150701,91.557197 157.365919,0 0,89.428213 155.2862,0"
     id="path6577"
     inkscape:connector-curvature="0" />
</svg>
