<?xml version="1.0" encoding="UTF-8" standalone="no"?>
<svg
   xmlns:dc="http://purl.org/dc/elements/1.1/"
   xmlns:cc="http://creativecommons.org/ns#"
   xmlns:rdf="http://www.w3.org/1999/02/22-rdf-syntax-ns#"
   xmlns:svg="http://www.w3.org/2000/svg"
   xmlns="http://www.w3.org/2000/svg"
   xmlns:sodipodi="http://sodipodi.sourceforge.net/DTD/sodipodi-0.dtd"
   xmlns:inkscape="http://www.inkscape.org/namespaces/inkscape"
   version="1.0"
   width="311.65524"
   height="307.625"
   viewBox="0 0 249.32419 246.1"
   preserveAspectRatio="xMidYMid meet"
   id="svg3041"
   inkscape:version="0.48.4 r9939"
   sodipodi:docname="16.svg">
  <defs
     id="defs3061" />
  <sodipodi:namedview
     pagecolor="#ffffff"
     bordercolor="#666666"
     borderopacity="1"
     objecttolerance="10"
     gridtolerance="10"
     guidetolerance="10"
     inkscape:pageopacity="0"
     inkscape:pageshadow="2"
     inkscape:window-width="1600"
     inkscape:window-height="824"
     id="namedview3059"
     showgrid="false"
     fit-margin-top="0"
     fit-margin-left="0"
     fit-margin-right="0"
     fit-margin-bottom="0"
     inkscape:zoom="0.408"
     inkscape:cx="515"
     inkscape:cy="128.875"
     inkscape:window-x="0"
     inkscape:window-y="24"
     inkscape:window-maximized="1"
     inkscape:current-layer="g3045" />
  <metadata
     id="metadata3043">
Created by potrace 1.10, written by Peter Selinger 2001-2011
<rdf:RDF>
  <cc:Work
     rdf:about="">
    <dc:format>image/svg+xml</dc:format>
    <dc:type
       rdf:resource="http://purl.org/dc/dcmitype/StillImage" />
    <dc:title></dc:title>
  </cc:Work>
</rdf:RDF>
</metadata>
  <g
     transform="matrix(0.1,0,0,-0.1,-38,326)"
     id="g3045"
     style="fill:#000000;stroke:none">
    <path
       d="m 2250,3250 c -8,-5 -24,-10 -35,-10 -12,0 -52,-20 -89,-45 -38,-25 -72,-45 -76,-45 -7,0 -71,-60 -106,-101 -25,-28 -65,-59 -76,-59 -9,0 -49,-33 -97,-80 -20,-19 -54,-47 -76,-61 -22,-14 -62,-48 -90,-75 -27,-28 -63,-59 -80,-69 -29,-18 -78,-60 -141,-120 -17,-16 -60,-55 -95,-85 -72,-62 -101,-87 -144,-125 -16,-15 -48,-39 -70,-53 -22,-15 -52,-41 -68,-59 -15,-17 -51,-48 -80,-67 -29,-19 -72,-60 -97,-89 -25,-30 -56,-62 -70,-70 -14,-9 -50,-39 -80,-69 -31,-29 -76,-69 -101,-88 -26,-19 -54,-48 -64,-65 -51,-88 -74,-137 -80,-169 -4,-20 -13,-36 -21,-36 -27,0 -34,-40 -34,-189 0,-163 3,-181 30,-181 13,0 21,-10 25,-32 8,-34 9,-37 46,-111 25,-50 170,-204 211,-225 13,-6 54,-25 92,-42 l 69,-31 192,2 192,2 69,38 c 38,21 87,48 109,59 22,12 51,37 64,56 13,19 46,55 73,81 27,27 63,68 80,93 29,43 105,120 118,120 3,0 13,13 23,29 9,16 51,65 92,108 42,43 78,89 82,103 3,14 16,34 27,45 23,22 169,183 207,229 13,15 59,65 101,110 43,44 78,83 78,86 0,3 25,32 56,65 30,33 62,72 70,87 7,14 29,39 47,55 19,15 44,44 58,63 13,19 60,71 104,115 44,44 86,91 93,105 7,14 20,39 30,55 55,90 72,284 37,395 -17,53 -111,210 -125,210 -4,0 -16,8 -28,18 -46,38 -66,52 -76,52 -5,0 -23,10 -40,23 -51,39 -125,57 -228,57 -51,0 -100,-5 -108,-10 z m 250,-73 c 114,-41 182,-88 235,-166 51,-74 75,-158 75,-266 0,-313 -233,-502 -544,-444 -68,13 -110,31 -176,74 -57,38 -80,57 -80,68 0,8 -40,68 -51,77 -4,3 -17,37 -29,75 -13,39 -27,74 -32,80 -14,15 -9,121 7,151 8,16 15,36 15,45 0,64 90,185 179,243 62,40 83,49 191,82 56,17 126,11 210,-19 z m -608,-246 c -6,-3 -14,-20 -18,-36 -4,-17 -11,-35 -16,-41 -4,-6 -11,-47 -14,-90 -7,-96 13,-166 75,-267 23,-37 41,-70 41,-74 0,-9 62,-73 71,-73 4,0 33,-18 65,-39 33,-22 73,-43 89,-47 17,-4 36,-12 44,-18 7,-6 58,-12 112,-14 86,-4 104,-2 139,17 79,41 110,17 40,-32 -22,-15 -56,-49 -77,-75 -21,-26 -48,-56 -61,-67 -13,-11 -53,-57 -88,-102 -36,-46 -81,-95 -100,-109 -19,-15 -41,-39 -49,-54 -8,-15 -46,-59 -84,-98 -39,-39 -71,-74 -71,-77 0,-4 -19,-26 -42,-51 -23,-24 -48,-57 -55,-72 -8,-16 -26,-42 -41,-58 -15,-17 -56,-64 -91,-105 -88,-101 -109,-121 -116,-109 -3,5 0,20 7,32 19,33 17,297 -3,363 -18,63 -30,84 -94,170 -53,71 -117,135 -134,135 -5,0 -36,20 -68,44 -32,25 -72,48 -88,52 -17,4 -34,10 -40,14 -5,4 -44,15 -85,24 -68,15 -83,15 -160,1 -47,-8 -91,-15 -97,-15 -25,0 -12,20 40,61 108,85 133,106 206,172 42,38 87,76 101,85 13,9 55,47 93,85 38,37 75,67 81,67 7,0 30,18 51,41 22,22 60,54 85,70 49,32 143,117 272,244 53,53 82,75 85,66 3,-7 1,-16 -5,-20 z m -683,-935 c 29,-9 68,-26 85,-39 17,-13 36,-26 41,-28 43,-17 118,-80 146,-123 18,-28 48,-70 66,-94 18,-24 33,-53 33,-65 0,-12 7,-40 15,-62 10,-27 14,-83 14,-175 1,-177 -17,-229 -118,-351 -77,-94 -147,-144 -253,-180 -51,-18 -78,-20 -226,-17 -107,2 -174,7 -187,15 -11,7 -45,23 -75,37 -62,27 -194,150 -222,207 -56,115 -72,173 -76,286 -4,115 1,143 46,258 47,117 139,220 252,281 19,11 47,28 62,38 15,10 51,22 80,26 73,12 252,4 317,-14 z"
       id="path3049"
       inkscape:connector-curvature="0" />
  </g>
</svg>
