<?xml version="1.0" standalone="no"?>
<!DOCTYPE svg PUBLIC "-//W3C//DTD SVG 20010904//EN"
 "http://www.w3.org/TR/2001/REC-SVG-20010904/DTD/svg10.dtd">
<svg version="1.0" xmlns="http://www.w3.org/2000/svg"
 width="900.000000pt" height="1269.000000pt" viewBox="0 0 900.000000 1269.000000"
 preserveAspectRatio="xMidYMid meet">
<metadata>
Created by potrace 1.10, written by Peter Selinger 2001-2011
</metadata>
<g transform="translate(0.000000,1269.000000) scale(0.100000,-0.100000)"
fill="#000000" stroke="none">
<path d="M4430 11321 c-8 -4 -51 -11 -95 -15 -129 -10 -216 -42 -341 -123
-127 -82 -288 -270 -358 -418 -10 -22 -25 -52 -33 -67 -26 -51 -14 -80 37 -93
22 -5 31 2 75 62 139 190 284 286 477 313 116 17 296 -12 349 -57 8 -7 20 -13
26 -13 6 0 42 -29 80 -64 72 -67 126 -156 146 -241 31 -133 13 -341 -38 -449
-14 -29 -25 -55 -25 -58 0 -12 -70 -109 -101 -140 -40 -40 -114 -98 -125 -98
-4 0 -15 -6 -23 -14 -49 -42 -222 -119 -307 -136 -75 -15 -104 -33 -104 -65 0
-29 2 -30 160 -45 140 -14 221 -38 360 -104 157 -75 251 -159 309 -276 12 -25
26 -52 31 -60 4 -8 16 -42 26 -75 10 -33 22 -65 27 -72 15 -20 29 -214 22
-307 -3 -49 -12 -101 -20 -117 -8 -15 -15 -37 -15 -47 0 -11 -7 -25 -15 -32
-8 -7 -15 -20 -15 -29 0 -9 -28 -49 -63 -88 -146 -170 -258 -231 -445 -240
-105 -6 -161 4 -267 45 -59 22 -223 104 -273 136 -38 24 -52 27 -142 28 -80 1
-104 -2 -118 -16 -10 -9 -23 -16 -28 -16 -14 -1 -60 -71 -68 -103 -26 -109 99
-230 269 -259 33 -6 71 -13 85 -16 54 -11 319 -13 385 -2 39 6 95 15 125 20
81 12 172 35 197 48 12 7 29 12 38 12 24 0 142 59 232 117 207 133 384 365
448 588 9 33 24 81 32 108 19 61 14 432 -7 487 -7 19 -19 53 -28 75 -14 39
-45 106 -68 147 -7 11 -35 48 -64 83 -82 99 -211 196 -333 249 -31 14 -57 32
-57 40 0 8 41 54 91 102 116 113 204 228 249 324 64 136 74 175 74 305 1 183
-42 289 -173 427 -90 95 -227 188 -275 188 -15 0 -39 6 -55 14 -15 8 -67 19
-117 25 -49 5 -100 12 -114 15 -14 4 -32 2 -40 -3z"/>
<path d="M732 6207 c-17 -18 -22 -36 -22 -74 0 -53 11 -69 63 -91 21 -9 880
-12 3710 -12 3662 0 3682 0 3715 20 18 11 37 31 42 45 13 33 2 85 -23 113
l-20 22 -3722 0 -3722 0 -21 -23z"/>
<path d="M1940 4364 c-30 -14 -68 -31 -85 -39 -34 -15 -232 -113 -255 -125 -8
-5 -22 -11 -30 -14 -8 -3 -22 -10 -30 -15 -8 -5 -31 -16 -50 -24 -108 -47
-293 -144 -297 -155 -3 -6 -2 -23 1 -37 8 -32 30 -32 103 1 48 22 74 26 152
28 l93 1 33 -38 c68 -78 65 -17 65 -1394 l0 -1240 -29 -40 c-16 -22 -42 -49
-58 -60 -46 -32 -134 -53 -219 -53 -43 0 -85 -4 -92 -9 -8 -5 -12 -22 -10 -42
l3 -34 610 0 610 0 3 28 c5 46 -10 55 -111 60 -117 6 -178 24 -220 65 -45 44
-58 86 -69 217 -6 61 -12 742 -14 1515 -4 1304 -5 1406 -21 1418 -21 15 -18
16 -83 -14z"/>
<path d="M4195 4371 c-159 -17 -337 -113 -490 -266 -48 -49 -145 -167 -145
-179 0 -2 -17 -31 -38 -63 -21 -32 -48 -78 -59 -103 -90 -195 -104 -230 -133
-350 -25 -98 -33 -137 -41 -185 -4 -27 -13 -77 -18 -110 -21 -120 -31 -436
-21 -616 12 -209 48 -437 85 -539 7 -19 20 -62 30 -95 16 -51 51 -132 123
-285 10 -19 36 -63 60 -98 23 -34 42 -66 42 -71 0 -5 7 -11 15 -15 8 -3 15
-13 15 -21 0 -23 174 -194 240 -237 149 -95 227 -120 397 -125 102 -4 132 -1
185 16 172 55 256 103 400 227 149 129 277 340 378 624 29 82 70 273 80 370 5
47 14 103 20 125 14 51 8 676 -8 760 -6 33 -13 78 -15 100 -3 22 -10 60 -17
85 -6 25 -18 72 -27 105 -8 33 -21 75 -29 93 -8 18 -14 38 -14 46 0 16 -67
170 -91 210 -10 17 -23 41 -29 53 -27 62 -115 179 -205 271 -141 146 -203 188
-380 255 -47 19 -211 28 -310 18z m215 -168 c72 -17 78 -21 151 -93 58 -58 84
-94 116 -160 67 -136 98 -236 131 -410 50 -260 47 -212 46 -800 0 -378 -4
-568 -12 -595 -6 -22 -16 -86 -21 -142 -10 -96 -16 -128 -42 -233 -6 -25 -14
-65 -18 -90 -4 -25 -13 -55 -19 -67 -7 -12 -12 -29 -12 -37 0 -14 -46 -113
-86 -187 -26 -50 -105 -128 -162 -163 -121 -73 -236 -83 -347 -31 -62 30 -155
116 -192 180 -29 51 -83 167 -83 180 0 8 -6 32 -14 52 -29 79 -63 215 -76 303
-5 30 -13 78 -18 105 -37 193 -46 707 -18 1048 10 109 21 209 26 223 6 14 10
56 10 94 0 38 5 81 10 96 6 14 15 58 20 98 6 39 14 82 19 96 5 14 17 52 26 85
30 107 128 289 189 351 104 104 218 133 376 97z"/>
<path d="M6655 4371 c-166 -17 -351 -121 -508 -285 -98 -103 -247 -330 -247
-377 0 -9 -7 -22 -15 -29 -8 -7 -15 -20 -15 -29 0 -9 -5 -22 -11 -28 -6 -6
-14 -26 -19 -44 -10 -39 -27 -90 -46 -137 -8 -18 -14 -47 -14 -65 0 -17 -6
-49 -14 -72 -29 -83 -66 -421 -68 -620 -1 -99 22 -373 37 -444 8 -40 15 -85
15 -101 0 -26 18 -96 42 -165 5 -16 14 -46 18 -65 12 -53 29 -96 77 -196 23
-49 43 -96 43 -102 0 -16 80 -144 151 -240 30 -43 87 -106 125 -141 69 -65
208 -161 232 -161 7 0 23 -6 35 -12 76 -43 312 -62 415 -33 155 43 281 114
416 234 57 50 186 207 186 227 0 3 12 23 28 43 15 20 34 52 43 71 9 19 30 64
47 100 35 74 92 239 92 268 0 10 3 22 8 26 11 12 42 163 52 257 5 48 13 104
19 125 13 48 15 690 3 698 -5 3 -12 38 -16 78 -13 139 -78 383 -136 513 -45
101 -61 133 -112 213 -16 24 -28 45 -28 48 0 16 -100 131 -186 214 -87 84
-206 170 -236 170 -5 0 -22 6 -36 14 -87 45 -224 62 -377 47z m215 -168 c72
-17 78 -21 151 -93 105 -105 162 -221 219 -451 57 -223 71 -360 77 -744 8
-502 -14 -842 -72 -1115 -9 -41 -20 -95 -24 -120 -15 -78 -60 -190 -118 -293
-26 -47 -97 -119 -150 -153 -228 -145 -451 -65 -587 212 -25 51 -46 98 -46
104 0 6 -13 52 -29 103 -16 50 -36 128 -46 172 -9 44 -21 102 -27 128 -31 145
-51 581 -38 861 10 227 27 440 36 466 3 8 8 53 11 99 3 47 11 103 19 124 8 22
14 54 14 72 0 31 16 94 46 180 8 23 14 46 14 53 0 18 62 141 103 204 117 179
250 236 447 191z"/>
</g>
</svg>
