<?xml version="1.0" encoding="UTF-8" standalone="no"?>
<svg
   xmlns:dc="http://purl.org/dc/elements/1.1/"
   xmlns:cc="http://creativecommons.org/ns#"
   xmlns:rdf="http://www.w3.org/1999/02/22-rdf-syntax-ns#"
   xmlns:svg="http://www.w3.org/2000/svg"
   xmlns="http://www.w3.org/2000/svg"
   xmlns:sodipodi="http://sodipodi.sourceforge.net/DTD/sodipodi-0.dtd"
   xmlns:inkscape="http://www.inkscape.org/namespaces/inkscape"
   version="1.0"
   width="558.000000pt"
   height="717.000000pt"
   viewBox="0 0 558.000000 717.000000"
   preserveAspectRatio="xMidYMid meet"
   id="svg3003"
   inkscape:version="0.48.4 r9939"
   sodipodi:docname="3.svg">
  <defs
     id="defs3017" />
  <sodipodi:namedview
     pagecolor="#ffffff"
     bordercolor="#666666"
     borderopacity="1"
     objecttolerance="10"
     gridtolerance="10"
     guidetolerance="10"
     inkscape:pageopacity="0"
     inkscape:pageshadow="2"
     inkscape:window-width="1600"
     inkscape:window-height="824"
     id="namedview3015"
     showgrid="false"
     inkscape:zoom="1.0532775"
     inkscape:cx="345.56034"
     inkscape:cy="496.64105"
     inkscape:window-x="0"
     inkscape:window-y="24"
     inkscape:window-maximized="1"
     inkscape:current-layer="svg3003" />
  <metadata
     id="metadata3005">
Created by potrace 1.10, written by Peter Selinger 2001-2011
<rdf:RDF>
  <cc:Work
     rdf:about="">
    <dc:format>image/svg+xml</dc:format>
    <dc:type
       rdf:resource="http://purl.org/dc/dcmitype/StillImage" />
  </cc:Work>
</rdf:RDF>
</metadata>
  <g
     transform="translate(0.000000,717.000000) scale(0.100000,-0.100000)"
     fill="#000000"
     stroke="none"
     id="g3007">
    <path
       d="M3472 6977 c-25 -26 -32 -41 -32 -73 l0 -40 -95 -49 c-52 -26 -95 -52 -95 -57 0 -4 -5 -8 -11 -8 -6 0 -55 -27 -109 -59 -53 -32 -107 -62 -119 -66 -11 -3 -21 -11 -21 -16 0 -5 -5 -9 -11 -9 -6 0 -45 -20 -86 -45 -40 -25 -78 -45 -83 -45 -5 0 -15 -6 -22 -12 -19 -18 -49 -36 -78 -49 -13 -5 -27 -13 -30 -17 -3 -4 -16 -13 -30 -19 -32 -16 -94 -52 -145 -84 -22 -14 -47 -29 -55 -32 -8 -4 -28 -16 -45 -27 -16 -11 -42 -25 -57 -31 -16 -6 -28 -15 -28 -20 0 -5 -5 -9 -11 -9 -9 0 -107 -55 -179 -100 -8 -5 -39 -23 -67 -40 -29 -17 -53 -36 -53 -41 0 -15 -46 -10 -60 6 -8 9 -29 15 -55 15 -62 0 -105 -43 -105 -105 0 -37 5 -47 40 -79 l41 -36 0 -845 1 -844 -41 -36 c-36 -33 -41 -43 -41 -80 0 -39 -3 -44 -34 -59 -19 -9 -39 -16 -45 -16 -6 0 -11 -4 -11 -9 0 -5 -12 -14 -27 -20 -16 -6 -50 -25 -78 -41 -27 -17 -61 -36 -75 -43 -14 -6 -27 -15 -30 -19 -3 -4 -17 -12 -30 -18 -32 -13 -103 -54 -158 -91 -24 -16 -47 -29 -53 -29 -5 0 -28 -13 -51 -30 -22 -16 -47 -30 -54 -30 -7 0 -14 -4 -16 -8 -3 -8 -104 -72 -114 -72 -4 0 -50 -26 -103 -58 -53 -32 -103 -61 -111 -65 -8 -4 -28 -16 -45 -27 -16 -11 -42 -25 -58 -31 -15 -6 -27 -15 -27 -20 0 -5 -5 -9 -11 -9 -9 0 -101 -51 -179 -100 -8 -5 -35 -21 -60 -36 -25 -15 -49 -33 -53 -41 -11 -17 -42 -17 -57 2 -8 9 -30 15 -59 15 -40 0 -52 -5 -79 -33 -25 -26 -32 -41 -32 -74 0 -35 6 -46 40 -77 l41 -37 5 -467 c6 -466 8 -594 17 -792 3 -58 6 -179 8 -269 3 -138 1 -165 -11 -169 -8 -2 -27 -16 -42 -30 -23 -21 -28 -34 -28 -72 0 -39 5 -51 33 -78 26 -25 41 -32 74 -32 24 0 46 6 53 15 17 21 52 19 73 -5 9 -11 24 -20 32 -20 8 0 15 -4 15 -10 0 -5 11 -12 25 -16 14 -3 25 -10 25 -14 0 -4 12 -13 28 -19 15 -6 54 -26 87 -45 65 -38 111 -63 165 -92 19 -11 37 -22 40 -25 5 -6 17 -13 107 -59 26 -14 50 -27 53 -31 3 -3 23 -14 45 -26 77 -40 110 -58 115 -64 3 -3 23 -14 45 -26 79 -41 109 -58 123 -71 7 -6 20 -12 28 -12 8 0 14 -4 14 -9 0 -5 12 -14 28 -20 15 -6 54 -26 87 -45 60 -35 100 -57 164 -92 19 -11 40 -23 45 -27 6 -5 40 -23 76 -41 61 -31 65 -35 70 -73 3 -22 16 -54 30 -71 22 -28 31 -32 74 -32 42 0 52 4 77 33 20 22 29 43 29 68 0 39 19 62 60 74 14 4 27 10 30 14 3 3 23 15 45 26 22 11 59 32 81 48 23 15 47 27 52 27 6 0 17 6 24 13 18 16 48 35 73 46 12 5 63 34 113 65 51 31 95 56 97 56 2 0 24 14 48 30 25 17 48 30 52 30 4 0 51 26 104 58 53 32 103 61 111 65 8 4 29 16 45 27 17 11 41 25 55 30 13 6 27 14 30 18 3 4 23 16 44 27 22 11 45 25 51 30 6 6 26 18 45 29 70 37 106 58 135 77 17 10 41 24 55 29 13 6 27 14 30 18 11 16 70 52 83 52 8 0 20 -7 27 -15 8 -9 30 -15 58 -15 61 0 102 43 102 106 0 36 -5 47 -40 78 l-41 36 0 831 0 831 28 21 c43 33 52 49 53 88 0 39 19 62 60 74 14 4 27 10 30 14 3 3 25 16 50 29 25 13 59 32 75 42 17 11 41 25 55 32 14 7 27 15 30 18 8 8 43 29 65 39 12 5 61 33 110 63 50 30 97 57 105 61 8 4 29 16 45 27 17 11 39 24 50 29 12 5 61 33 110 63 50 30 97 57 105 61 8 4 29 16 45 27 17 11 41 25 55 30 13 6 27 14 30 18 3 4 26 18 53 32 26 13 47 28 47 32 0 5 7 8 15 8 8 0 31 12 52 26 21 14 47 30 58 35 11 5 34 18 50 29 17 11 40 24 53 30 23 10 37 20 73 53 23 21 52 22 69 2 8 -9 30 -15 57 -15 63 0 103 40 103 103 0 39 -5 49 -40 81 l-40 36 -5 598 c-3 328 -8 607 -10 618 -3 12 -7 111 -10 220 -3 110 -8 210 -10 224 -5 22 2 31 40 58 44 31 45 33 45 85 0 47 -4 57 -30 80 -35 31 -108 38 -130 12 -17 -20 -52 -19 -72 3 -26 27 -45 41 -70 52 -13 6 -30 14 -38 20 -56 37 -169 100 -179 100 -6 0 -11 3 -11 8 0 4 -21 19 -47 32 -27 14 -50 28 -53 32 -3 4 -17 12 -30 18 -14 5 -38 19 -55 30 -16 11 -37 23 -45 27 -8 4 -44 24 -79 46 -35 21 -74 43 -85 48 -12 5 -34 18 -51 29 -16 11 -39 24 -50 30 -11 5 -27 14 -35 20 -38 25 -155 93 -174 101 -12 5 -34 18 -51 28 -29 19 -65 40 -135 77 -19 11 -39 24 -45 29 -6 6 -29 19 -51 30 -21 11 -41 23 -44 26 -3 4 -16 10 -30 14 -42 13 -60 35 -60 76 0 55 -46 99 -104 99 -34 0 -48 -6 -74 -33z m14 -162 c26 -19 108 -20 124 0 17 20 47 19 59 -3 5 -10 27 -27 48 -38 21 -10 44 -25 51 -31 7 -7 18 -13 23 -13 5 0 28 -13 51 -30 22 -16 45 -30 49 -30 4 0 53 -27 107 -60 55 -33 105 -60 111 -60 6 0 11 -4 11 -9 0 -5 12 -14 28 -20 15 -6 41 -20 57 -31 17 -11 37 -23 45 -27 8 -3 33 -18 55 -32 51 -32 113 -68 145 -84 14 -6 27 -15 30 -19 3 -4 17 -12 30 -17 14 -6 32 -15 40 -21 52 -34 152 -90 159 -90 5 0 16 -6 23 -13 15 -15 112 -75 142 -88 21 -9 50 -26 70 -42 6 -5 40 -23 76 -41 61 -31 65 -35 68 -71 4 -44 20 -70 56 -95 l26 -16 5 -515 c4 -462 17 -947 30 -1117 4 -53 2 -64 -13 -69 -9 -3 -29 -17 -44 -31 -23 -21 -28 -34 -28 -72 l0 -47 -87 -44 c-49 -24 -104 -54 -123 -67 -19 -13 -44 -28 -55 -33 -11 -5 -33 -18 -50 -29 -16 -11 -41 -25 -55 -30 -13 -6 -27 -14 -30 -18 -3 -4 -21 -15 -40 -26 -63 -33 -104 -57 -135 -77 -16 -10 -41 -24 -55 -30 -14 -5 -39 -21 -57 -35 -17 -13 -35 -24 -39 -24 -3 0 -40 -20 -81 -45 -40 -25 -76 -45 -78 -45 -2 0 -24 -13 -48 -30 -25 -16 -49 -30 -54 -30 -6 0 -29 -14 -51 -30 -23 -17 -45 -30 -48 -30 -4 0 -39 -19 -78 -43 -39 -24 -78 -46 -86 -50 -8 -4 -28 -16 -45 -27 -16 -11 -42 -25 -57 -31 -16 -6 -28 -15 -28 -20 0 -5 -5 -9 -12 -9 -6 0 -22 -10 -35 -22 -24 -22 -25 -22 -54 -5 -38 21 -112 23 -129 2 -17 -21 -27 -19 -70 15 -20 16 -48 34 -61 40 -13 5 -31 14 -39 20 -56 37 -169 100 -179 100 -6 0 -11 4 -11 9 0 5 -8 11 -17 15 -10 3 -25 10 -33 15 -42 27 -158 92 -280 157 -19 11 -37 22 -40 25 -3 3 -17 9 -32 13 -35 8 -37 40 -6 99 34 66 37 74 49 119 44 175 34 436 -22 540 -5 10 -9 23 -9 30 0 24 -89 187 -117 216 -7 7 -13 16 -13 20 0 15 -110 122 -180 174 -118 88 -179 117 -355 168 -22 6 -71 12 -108 13 l-68 2 0 444 c-1 425 0 445 17 452 36 13 63 53 66 98 3 42 5 45 58 74 136 73 185 101 190 106 3 4 16 12 30 18 32 16 94 52 145 84 22 14 47 28 56 31 8 3 42 23 75 44 32 21 79 49 104 62 74 40 120 68 185 110 11 6 29 16 40 21 12 5 61 33 110 63 50 30 97 57 105 61 8 4 29 16 45 27 17 10 65 38 108 61 42 24 77 46 77 50 0 4 10 9 23 13 12 3 38 19 57 35 40 35 49 37 76 16z m-1416 -1937 c41 -8 85 -19 97 -26 12 -6 30 -12 41 -12 11 0 25 -7 32 -15 7 -8 19 -15 26 -15 18 0 104 -52 174 -106 51 -39 150 -138 150 -151 0 -3 14 -22 30 -43 17 -21 30 -42 30 -48 0 -5 7 -15 15 -22 8 -7 15 -21 15 -31 0 -9 7 -24 15 -33 8 -8 15 -24 15 -36 0 -12 6 -31 12 -43 53 -95 54 -438 2 -539 -8 -14 -14 -35 -14 -46 0 -12 -4 -23 -9 -26 -4 -3 -11 -19 -14 -36 -7 -33 -35 -41 -57 -15 -7 8 -18 15 -26 15 -7 0 -19 6 -26 13 -7 7 -34 24 -60 37 -27 13 -48 27 -48 32 0 4 -8 8 -18 8 -10 0 -23 5 -29 11 -13 13 -39 28 -100 59 -23 12 -47 28 -54 36 -6 8 -20 14 -31 14 -10 0 -21 7 -24 15 -4 8 -14 15 -24 15 -10 0 -22 6 -28 13 -6 7 -45 30 -87 51 l-75 38 0 44 c0 41 -3 47 -46 77 -40 28 -45 35 -40 61 3 16 6 186 6 378 l0 350 38 -6 c20 -3 71 -11 112 -18z m-230 -943 c7 -9 29 -15 55 -15 26 0 48 6 55 15 14 17 50 20 50 4 0 -5 14 -15 30 -20 17 -6 30 -15 30 -19 0 -5 10 -12 23 -15 12 -4 36 -18 54 -31 17 -13 38 -24 47 -24 8 0 19 -6 23 -12 8 -12 21 -20 116 -70 20 -11 40 -24 43 -29 3 -5 14 -9 25 -9 11 0 22 -7 25 -15 4 -8 12 -15 20 -15 7 0 30 -12 51 -26 21 -14 47 -30 58 -35 11 -5 27 -13 35 -18 8 -5 23 -12 33 -15 31 -10 18 -48 -35 -110 -29 -34 -57 -67 -63 -74 -13 -16 -155 -126 -175 -135 -8 -4 -35 -18 -59 -32 -24 -14 -50 -25 -58 -25 -8 0 -24 -6 -36 -12 -91 -52 -443 -52 -534 0 -12 6 -29 12 -37 12 -9 0 -24 4 -34 10 -9 5 -42 21 -72 35 -117 55 -206 124 -312 243 -45 50 -47 68 -10 85 15 6 33 17 40 24 7 7 18 13 23 13 5 0 38 18 74 40 36 22 67 40 70 40 2 0 23 12 47 28 74 47 82 52 104 61 11 5 50 27 85 49 35 21 69 41 74 43 29 12 85 52 85 60 0 15 36 10 50 -6z m921 -436 c20 -16 40 -29 44 -29 4 0 41 -20 82 -45 40 -25 76 -45 79 -45 4 0 43 -22 89 -50 46 -27 86 -50 90 -50 4 0 20 -10 37 -21 30 -22 64 -41 203 -115 76 -40 80 -44 83 -80 4 -43 20 -70 57 -94 l26 -17 0 -833 -1 -833 -23 -16 c-45 -30 -57 -49 -57 -89 0 -45 -7 -53 -87 -93 -32 -15 -80 -42 -108 -58 -27 -17 -59 -35 -70 -41 -11 -6 -33 -19 -50 -30 -16 -10 -50 -30 -75 -43 -25 -13 -61 -34 -80 -45 -19 -12 -44 -26 -55 -32 -11 -6 -33 -19 -50 -30 -16 -11 -39 -24 -50 -29 -11 -5 -73 -41 -138 -80 -65 -39 -121 -71 -126 -71 -4 0 -22 -11 -40 -24 -18 -14 -57 -37 -87 -52 -30 -15 -54 -31 -54 -36 0 -4 -5 -8 -11 -8 -6 0 -44 -19 -83 -43 -39 -24 -78 -46 -86 -50 -8 -4 -28 -16 -45 -27 -16 -11 -42 -25 -57 -31 -16 -6 -28 -15 -28 -20 0 -5 -5 -9 -12 -9 -6 0 -22 -10 -35 -22 -24 -22 -25 -22 -54 -5 -38 21 -102 22 -119 2 -15 -18 -44 -19 -62 -2 -20 18 -76 57 -83 57 -3 0 -22 11 -43 23 -20 13 -68 41 -107 62 -38 21 -88 49 -110 62 -22 12 -49 27 -60 33 -11 6 -42 24 -70 40 -27 17 -77 44 -110 61 -65 32 -97 51 -105 60 -3 3 -18 12 -35 21 -63 31 -171 91 -184 101 -13 11 -51 32 -161 89 -25 13 -47 26 -50 29 -6 7 -104 62 -225 124 -74 39 -80 44 -83 76 -4 46 -22 79 -54 99 l-28 17 -5 559 c-5 512 -18 1006 -30 1095 -4 33 -1 38 40 67 40 28 44 35 47 78 3 45 5 48 53 74 28 15 82 44 120 65 39 20 72 40 75 44 3 3 16 12 30 18 38 19 132 73 162 94 14 10 29 19 33 19 10 0 129 74 133 83 2 4 8 7 14 7 6 0 36 16 68 35 32 19 62 35 67 35 4 0 28 -27 52 -60 40 -54 81 -97 152 -155 56 -47 187 -118 304 -166 25 -10 102 -27 180 -40 70 -12 300 -6 318 9 6 5 31 13 54 17 24 4 45 11 49 16 3 5 13 9 22 9 22 0 101 41 183 96 82 55 186 162 225 231 25 46 32 52 54 46 14 -3 41 -19 61 -34z"
       id="path3009" />
    <path
       d="M2931 5018 c-9 -10 -26 -18 -38 -18 -18 0 -23 -6 -23 -25 0 -13 -7 -28 -15 -33 -13 -7 -15 -48 -16 -288 0 -243 2 -280 15 -289 11 -7 22 -6 34 1 15 10 17 25 14 113 -4 111 5 127 43 72 16 -25 27 -30 69 -33 39 -2 54 1 65 14 9 10 26 18 38 18 18 0 23 6 23 25 0 13 7 28 17 33 13 8 16 23 14 77 -2 63 -4 69 -39 101 -20 19 -47 34 -59 34 -14 0 -23 6 -23 15 0 11 -12 15 -45 15 -43 0 -45 -1 -45 -30 0 -28 3 -30 36 -30 29 0 44 -8 75 -39 34 -33 39 -45 39 -82 0 -59 -31 -89 -90 -89 -36 0 -48 6 -81 39 l-39 39 0 133 c0 128 1 135 24 157 34 31 104 31 134 -1 25 -27 28 -55 7 -63 -8 -4 -15 -12 -15 -20 0 -23 49 -16 74 10 32 35 26 75 -17 119 -32 32 -42 36 -99 39 -50 2 -65 0 -77 -14z"
       id="path3011" />
    <path
       d="M2043 2933 c-7 -2 -13 -18 -13 -34 0 -38 -19 -37 -45 1 -19 28 -24 30 -87 30 l-67 0 -51 -50 -50 -51 0 -94 0 -94 50 -51 51 -50 68 0 c52 0 70 4 75 15 7 19 45 20 52 0 8 -20 42 -29 59 -15 17 14 9 81 -12 93 -19 11 -19 193 0 204 19 11 30 73 16 89 -12 14 -24 16 -46 7z m-81 -100 c36 -35 38 -41 38 -97 0 -56 -3 -63 -37 -98 -50 -51 -82 -51 -134 1 -36 36 -39 43 -39 96 0 52 3 60 38 96 50 51 83 52 134 2z"
       id="path3013" />
  </g>
  <path
     style="fill:#ffaaaa;fill-opacity:1;fill-rule:nonzero;stroke:#000000;stroke-width:6.64592171;stroke-miterlimit:4;stroke-opacity:1;stroke-dasharray:none"
     d="m 329.45076,441.70491 c -0.63327,-0.76304 -2.01032,-1.65997 -3.06011,-1.99316 -2.03193,-0.64491 -13.01877,-7.25237 -16.79885,-10.10279 -1.24533,-0.93905 -2.79757,-1.70737 -3.44943,-1.70737 -1.15841,0 -12.35555,-6.38307 -19.92062,-11.35598 -2.08871,-1.37303 -4.86576,-3.01186 -6.17121,-3.64186 -1.30545,-0.63 -4.93697,-2.62904 -8.07005,-4.44233 -3.13307,-1.81328 -9.1751,-5.08919 -13.42671,-7.27979 l -7.73021,-3.98292 -0.41286,-5.70773 c -0.37403,-5.17094 -0.71733,-5.93711 -3.6502,-8.14664 -5.53029,-4.16635 -7.73655,-6.71524 -7.14558,-8.25529 0.30804,-0.80275 0.56008,-21.55401 0.56008,-46.11391 l 0,-44.65436 5.45915,0.65384 c 20.82426,2.49413 35.04089,7.64225 51.49213,18.64631 12.1876,8.15215 22.28055,18.0559 29.56888,29.01457 7.25575,10.90969 10.10188,16.77782 13.51127,27.85746 3.26243,10.60204 4.36687,18.88619 4.36687,32.7549 0,14.74046 -1.1391,22.31556 -5.28241,35.12844 -4.61188,14.26194 -6.70857,17.10192 -9.84014,13.32861 z"
     id="path4579"
     inkscape:connector-curvature="0"
     transform="scale(0.8,0.8)" />
  <path
     style="fill:#ffaaaa;fill-opacity:1;fill-rule:nonzero;stroke:#000000;stroke-width:6.64592171;stroke-miterlimit:4;stroke-opacity:1;stroke-dasharray:none"
     d="m 223.56021,499.97735 c -14.30331,-1.68523 -36.08588,-10.48739 -49.96443,-20.19022 -12.72778,-8.8983 -28.34768,-25.2946 -27.12707,-28.47545 0.27984,-0.72927 3.64106,-3.12592 7.46938,-5.32591 3.82831,-2.19998 12.51466,-7.21556 19.303,-11.14573 6.78833,-3.93017 20.09451,-11.60122 29.56928,-17.04679 9.47477,-5.44556 18.36197,-10.95301 19.74933,-12.23877 2.96191,-2.74501 4.086,-2.87314 7.04199,-0.80268 3.03267,2.12416 10.63707,2.08917 14.64152,-0.0674 3.15557,-1.69939 3.30035,-1.69652 5.99132,0.11877 1.51669,1.02313 4.03933,2.71336 5.60587,3.75606 2.79301,1.85905 10.77317,6.48174 17.77486,10.29648 1.94348,1.05887 7.07034,4.02169 11.39301,6.58405 4.32267,2.56236 9.88523,5.76664 12.36124,7.12063 2.476,1.35399 9.09819,5.08629 14.71597,8.294 5.61778,3.20771 11.60266,6.52978 13.29974,7.38237 3.53832,1.7776 3.56303,1.88393 1.38433,5.95803 -5.77305,10.79541 -23.66552,26.93368 -40.07309,36.14425 -15.69141,8.80856 -39.42603,12.43185 -63.13625,9.63828 z"
     id="path4581"
     inkscape:connector-curvature="0"
     transform="scale(0.8,0.8)" />
</svg>
