<?xml version="1.0" standalone="no"?>
<!DOCTYPE svg PUBLIC "-//W3C//DTD SVG 20010904//EN"
 "http://www.w3.org/TR/2001/REC-SVG-20010904/DTD/svg10.dtd">
<svg version="1.0" xmlns="http://www.w3.org/2000/svg"
 width="900.000000pt" height="240.000000pt" viewBox="0 0 900.000000 240.000000"
 preserveAspectRatio="xMidYMid meet">
<metadata>
Created by potrace 1.10, written by Peter Selinger 2001-2011
</metadata>
<g transform="translate(0.000000,240.000000) scale(0.100000,-0.100000)"
fill="#000000" stroke="none">
<path d="M21 2341 c-12 -21 -16 -2210 -5 -2294 l7 -47 4452 0 4453 0 7 112 c3
62 5 587 3 1166 -3 1030 -3 1054 -22 1068 -17 12 -640 14 -4453 14 -4336 0
-4433 0 -4442 -19z m8861 -49 c9 -9 11 -2248 3 -2263 -4 -5 -1703 -9 -4421 -9
l-4414 0 0 1129 c0 621 2 1135 5 1143 4 11 750 13 4412 10 2424 -1 4411 -6
4415 -10z"/>
<path d="M764 2025 c-9 -21 4 -35 32 -35 14 0 24 -3 22 -7 -26 -52 -48 -108
-48 -123 0 -9 -7 -23 -15 -30 -8 -7 -15 -20 -15 -30 0 -9 -11 -22 -25 -28 -14
-6 -25 -19 -25 -27 0 -28 70 -40 86 -14 3 5 0 18 -6 29 -9 17 -7 20 14 26 13
3 35 4 47 2 19 -2 24 -9 24 -33 0 -28 3 -30 39 -33 57 -5 65 10 27 53 -17 20
-31 43 -31 52 0 9 -10 42 -21 75 l-22 59 22 22 c30 33 26 43 -16 51 -59 9 -83
7 -89 -9z m76 -181 c0 -19 -16 -25 -44 -18 l-25 6 22 29 c20 28 23 29 34 13 7
-10 13 -23 13 -30z"/>
<path d="M128 1973 c-22 -6 -23 -29 -3 -37 13 -5 15 -21 13 -83 -3 -73 -5 -78
-26 -81 -17 -3 -22 -9 -20 -25 2 -17 11 -23 35 -25 49 -5 73 40 73 135 0 57 4
74 17 81 10 6 14 16 10 26 -6 16 -56 20 -99 9z"/>
<path d="M503 1973 c-17 -6 -16 -23 2 -37 15 -11 28 -136 18 -163 -3 -7 -20
-13 -37 -13 -28 0 -34 5 -48 38 -9 20 -20 51 -23 67 -13 55 -39 105 -55 105
-23 0 -40 -20 -40 -49 0 -13 -6 -32 -13 -40 -7 -9 -20 -35 -27 -59 -7 -24 -22
-48 -32 -53 -10 -5 -18 -19 -18 -29 0 -16 7 -20 34 -20 39 0 53 14 36 35 -17
21 -3 35 35 35 52 0 67 -8 54 -31 -5 -11 -7 -24 -4 -29 3 -5 50 -9 105 -9 90
0 100 2 100 19 0 10 -7 21 -16 24 -9 3 -14 15 -12 28 2 19 10 24 45 26 47 3
83 37 83 78 0 26 -32 61 -68 75 -25 9 -98 11 -119 2z m125 -80 c4 -26 -22 -46
-48 -38 -15 5 -20 15 -20 40 0 18 6 35 13 38 18 7 52 -17 55 -40z m-268 -28
c14 -17 7 -45 -13 -45 -21 0 -35 20 -30 41 6 23 26 25 43 4z"/>
<path d="M1014 1958 c-61 -43 -80 -109 -48 -170 27 -51 53 -67 111 -68 44 0
58 5 84 28 40 36 51 108 24 158 -10 19 -21 34 -25 34 -4 0 -17 9 -30 20 -30
26 -78 25 -116 -2z m98 -45 c24 -21 25 -114 2 -137 -42 -43 -104 -2 -104 69 0
70 57 109 102 68z"/>
<path d="M1303 1963 c-3 -8 4 -21 16 -29 18 -13 21 -25 21 -88 0 -64 -3 -75
-22 -88 -39 -26 -13 -37 92 -37 104 0 123 8 96 38 -18 19 -23 111 -6 111 5 0
24 -21 42 -46 62 -85 74 -98 91 -91 14 5 15 18 10 90 -5 78 -4 85 17 105 33
30 20 52 -30 52 -46 0 -65 -24 -37 -45 18 -13 28 -96 12 -101 -5 -2 -20 11
-32 29 -13 17 -38 50 -57 72 l-33 39 -87 2 c-68 1 -89 -2 -93 -13z m146 -37
c7 -9 11 -42 9 -88 -3 -68 -5 -73 -27 -76 -13 -2 -28 1 -33 6 -17 17 -17 141
-1 158 18 18 37 18 52 0z"/>
<path d="M1948 1974 c-22 -7 -22 -13 -2 -36 12 -12 18 -43 22 -95 6 -104 22
-123 104 -123 55 0 59 2 78 33 14 23 20 50 20 93 0 46 5 68 20 87 26 33 26 35
-14 42 -65 13 -99 -16 -57 -46 22 -15 24 -24 22 -85 -1 -47 -30 -84 -66 -84
-41 0 -55 25 -55 97 0 55 3 67 23 83 12 10 19 21 15 25 -9 9 -88 15 -110 9z"/>
<path d="M2290 1960 c-13 -11 -27 -20 -31 -20 -10 0 -49 -73 -49 -92 0 -7 7
-31 16 -53 20 -54 56 -75 128 -75 65 0 96 22 96 69 0 17 5 33 10 36 21 13 -3
25 -51 25 -35 0 -49 -4 -49 -14 0 -8 7 -17 16 -20 21 -8 14 -50 -9 -54 -54
-10 -104 43 -93 99 12 60 77 89 117 53 21 -19 52 -11 47 12 -4 21 -65 54 -99
54 -14 0 -36 -9 -49 -20z"/>
<path d="M2483 1973 c-17 -6 -16 -28 2 -43 11 -9 15 -33 15 -89 0 -104 22
-126 122 -122 50 2 68 35 68 122 0 81 11 104 47 97 26 -5 32 -151 7 -179 -22
-25 -10 -39 35 -39 43 0 76 25 47 36 -17 7 -23 59 -7 68 5 3 24 -18 42 -47
l34 -52 69 -3 c78 -3 99 7 72 37 -17 19 -17 20 17 26 49 9 83 3 78 -15 -10
-42 -7 -45 44 -45 56 0 74 23 32 42 -23 11 -38 42 -69 142 -25 82 -74 78 -85
-8 -6 -42 3 -51 25 -29 10 10 15 10 22 -2 24 -37 -13 -66 -44 -35 -20 20 -32
13 -41 -22 -7 -30 -31 -52 -56 -53 -19 0 -79 58 -79 77 0 7 11 20 25 29 33 22
33 63 -1 87 -20 15 -47 19 -137 21 -62 2 -118 1 -124 -2 -18 -6 -16 -29 2 -36
11 -4 15 -22 15 -73 0 -79 -6 -91 -46 -99 -48 -9 -64 14 -64 93 0 50 4 69 17
78 28 21 9 45 -34 44 -21 0 -44 -3 -50 -6z m375 -45 c15 -15 16 -45 2 -53 -19
-12 -50 6 -50 29 0 36 24 48 48 24z"/>
<path d="M3313 1964 c-3 -9 3 -21 16 -30 18 -13 21 -25 21 -89 0 -64 -3 -76
-20 -85 -33 -18 -13 -40 36 -40 37 0 44 3 44 19 0 10 -7 21 -15 25 -10 4 -15
20 -15 50 0 47 16 70 26 39 5 -17 27 -68 44 -103 12 -25 45 -18 48 10 2 14 8
29 13 35 5 5 9 20 8 35 l-1 25 -10 -27 c-5 -16 -13 -28 -17 -28 -8 0 -35 51
-68 127 -10 23 -27 44 -38 47 -36 10 -66 6 -72 -10z"/>
<path d="M3574 1970 c-11 -4 -27 -22 -34 -39 -10 -26 -10 -36 4 -65 20 -43 20
-84 0 -107 -23 -25 -9 -39 37 -39 44 0 65 25 36 42 -14 7 -17 25 -17 88 0 70
2 79 20 85 24 8 26 30 4 39 -19 7 -23 7 -50 -4z"/>
<path d="M3711 1953 c-63 -53 -77 -114 -40 -178 27 -45 46 -55 103 -55 36 0
52 6 79 30 38 33 49 69 40 125 -4 28 -16 44 -51 71 -54 41 -87 43 -131 7z
m101 -40 c31 -37 29 -124 -4 -145 -23 -14 -57 -9 -78 12 -26 26 -27 97 -2 128
21 26 63 29 84 5z"/>
<path d="M3903 1973 c-22 -8 -14 -28 16 -40 23 -8 30 -18 36 -52 9 -53 -2
-100 -29 -123 -21 -18 -21 -18 -2 -33 20 -15 65 -10 78 9 4 6 -2 20 -13 32
-22 24 -24 94 -3 101 7 2 33 -27 58 -65 75 -114 97 -106 89 33 l-6 93 62 -1
61 0 0 -79 c0 -61 -3 -80 -15 -84 -8 -4 -15 -15 -15 -25 0 -16 8 -19 50 -19
54 0 73 17 50 45 -7 8 -14 49 -16 90 -3 80 3 88 48 64 28 -15 41 1 29 33 l-10
26 -145 -2 c-152 -1 -190 -11 -147 -38 17 -10 21 -23 21 -60 0 -27 -4 -48 -8
-48 -5 0 -30 30 -56 66 -55 74 -91 95 -133 77z"/>
<path d="M4637 1973 c-15 -14 -6 -32 20 -40 27 -9 28 -11 24 -84 -1 -41 -5
-77 -8 -81 -2 -5 -15 -8 -28 -8 -30 0 -42 21 -75 125 -23 71 -28 80 -52 83
-22 3 -27 -2 -33 -27 -4 -17 -11 -33 -16 -36 -5 -4 -9 -19 -9 -34 0 -16 -7
-34 -15 -41 -8 -7 -15 -20 -15 -28 0 -9 -12 -26 -26 -37 -25 -20 -26 -22 -9
-38 30 -30 85 -4 66 32 -10 18 -8 21 13 27 13 3 35 4 47 2 19 -2 24 -9 24 -33
l0 -30 94 -3 c67 -2 97 1 102 10 10 16 2 27 -24 37 -18 7 -22 17 -22 56 0 27
5 50 10 52 15 5 47 -27 95 -92 24 -32 48 -55 59 -55 17 0 19 9 19 96 1 100 7
118 38 112 16 -3 19 -15 22 -82 2 -62 -1 -82 -14 -97 -23 -25 -10 -39 37 -39
42 0 62 21 40 43 -15 15 -14 53 3 70 16 16 66 11 78 -7 13 -19 9 -54 -7 -60
-8 -3 -15 -15 -15 -26 0 -17 6 -20 45 -20 50 0 73 24 42 42 -13 7 -17 24 -17
80 0 60 4 75 22 95 19 20 20 25 8 33 -21 14 -84 12 -98 -2 -9 -9 -7 -17 9 -34
33 -35 19 -56 -33 -52 -49 3 -62 26 -32 59 9 10 15 21 13 23 -2 2 -48 6 -102
9 -84 5 -99 3 -104 -11 -4 -10 2 -21 15 -30 18 -12 22 -24 22 -63 0 -27 -4
-49 -8 -49 -4 0 -32 33 -62 74 -30 41 -64 77 -75 80 -27 8 -60 7 -68 -1z
m-117 -104 c14 -25 6 -49 -14 -49 -21 0 -28 15 -20 45 8 30 20 32 34 4z"/>
<path d="M5567 1972 c-23 -5 -21 -19 3 -34 17 -11 20 -24 20 -90 0 -61 -3 -79
-17 -86 -29 -17 -8 -42 36 -42 46 0 60 14 37 39 -18 20 -21 57 -5 66 11 7 31
-17 60 -70 14 -25 22 -30 55 -30 47 0 61 29 20 39 -14 3 -37 22 -52 42 l-27
35 31 29 c18 16 32 34 32 40 0 14 -49 60 -66 61 -34 3 -112 4 -127 1z m117
-48 c32 -32 5 -65 -35 -44 -21 12 -26 46 -6 53 20 9 25 8 41 -9z"/>
<path d="M5803 1973 c-17 -6 -16 -30 0 -36 9 -3 16 -32 20 -86 9 -118 20 -132
107 -133 30 0 48 6 66 23 23 21 25 30 23 101 -2 66 0 80 16 92 28 20 12 46
-28 46 -47 0 -66 -23 -38 -47 17 -14 21 -29 21 -73 0 -72 -26 -105 -73 -96
-17 3 -33 9 -36 12 -3 3 -7 36 -9 74 -4 60 -2 71 17 86 15 13 18 21 9 31 -10
13 -70 17 -95 6z"/>
<path d="M6097 1952 c-47 -49 -32 -99 38 -128 37 -15 59 -39 50 -54 -10 -16
-63 -12 -73 7 -13 23 -42 9 -42 -21 0 -29 16 -36 80 -36 57 0 90 26 90 70 0
27 -25 52 -87 84 -19 10 -33 24 -33 35 0 27 36 32 65 9 14 -10 29 -16 35 -13
16 10 11 45 -7 51 -10 3 -26 10 -35 15 -30 16 -53 10 -81 -19z"/>
<path d="M6307 1960 c-37 -29 -37 -81 -1 -115 15 -14 33 -25 40 -25 8 0 24
-10 35 -21 17 -17 19 -23 8 -30 -22 -14 -51 -10 -71 8 -17 15 -20 15 -35 1
-32 -33 7 -58 89 -58 33 0 78 39 78 68 0 22 -34 56 -81 81 -41 22 -53 61 -19
61 12 0 35 -9 51 -21 25 -17 30 -18 35 -5 12 30 0 59 -26 62 -14 1 -36 5 -50
9 -18 5 -33 0 -53 -15z"/>
<path d="M6872 1950 c-25 -18 -44 -41 -48 -57 -3 -16 -7 -33 -9 -40 -7 -21 16
-84 37 -105 24 -24 83 -40 113 -32 26 8 65 44 65 61 0 17 -5 16 -35 -3 -34
-22 -87 -10 -108 26 -23 39 -21 63 9 99 29 34 66 41 91 16 20 -21 47 -15 51
10 2 16 -7 25 -36 38 -55 24 -83 21 -130 -13z"/>
<path d="M7112 1950 c-102 -73 -64 -230 56 -230 129 0 176 143 75 229 -46 39
-78 39 -131 1z m109 -42 c42 -51 12 -148 -46 -148 -30 0 -65 47 -65 88 0 68
71 106 111 60z"/>
<path d="M7313 1964 c-3 -9 3 -23 16 -35 17 -16 21 -31 21 -84 0 -54 -3 -67
-20 -77 -11 -7 -20 -21 -20 -30 0 -14 9 -18 40 -18 49 0 64 23 31 47 -18 12
-21 23 -19 56 2 22 8 42 13 44 10 3 47 -67 60 -115 10 -36 49 -26 53 14 2 24
-4 39 -27 62 -17 17 -31 37 -31 44 0 24 -40 93 -58 100 -29 11 -52 9 -59 -8z"/>
<path d="M7548 1957 c-17 -20 -36 -60 -55 -119 -3 -11 0 -18 7 -18 6 0 14 9
17 20 9 34 28 16 31 -28 2 -31 -1 -44 -12 -48 -9 -3 -16 -15 -16 -25 0 -16 8
-19 49 -19 55 0 75 21 41 42 -17 11 -20 24 -20 85 0 62 3 75 20 85 24 15 26
34 4 42 -28 11 -45 6 -66 -17z"/>
<path d="M1785 1941 c-4 -17 -11 -33 -16 -36 -5 -4 -9 -19 -9 -34 0 -16 -7
-34 -15 -41 -8 -7 -15 -21 -15 -31 0 -10 -9 -23 -20 -29 -24 -13 -27 -45 -5
-54 16 -6 65 9 65 19 0 4 -5 15 -10 25 -9 16 -6 21 14 26 13 3 35 4 47 2 19
-2 24 -9 24 -33 0 -29 2 -30 48 -33 55 -4 62 12 22 52 -13 13 -27 37 -31 53
-3 15 -14 53 -24 83 -14 46 -21 55 -43 58 -21 3 -26 -2 -32 -27z m37 -76 c14
-31 0 -50 -30 -41 -18 6 -19 10 -9 36 14 37 24 38 39 5z"/>
<path d="M5282 1958 c-7 -7 -12 -21 -12 -31 0 -10 -6 -31 -14 -45 -8 -15 -20
-42 -27 -61 -7 -18 -23 -44 -37 -56 -30 -28 -22 -45 23 -45 38 0 52 14 35 35
-17 21 -3 35 35 35 52 0 67 -8 54 -31 -15 -29 -3 -39 46 -39 52 0 67 16 36 39
-26 20 -47 58 -56 103 -3 18 -10 42 -15 53 -4 11 -11 28 -14 38 -6 20 -36 23
-54 5z m19 -88 c23 -13 25 -38 4 -46 -22 -9 -44 13 -38 36 6 23 8 24 34 10z"/>
<path d="M6565 1958 c-3 -7 -14 -41 -24 -75 -24 -76 -38 -102 -64 -123 -27
-22 -14 -40 29 -40 34 0 35 1 32 33 -3 32 -3 32 42 32 45 0 45 0 42 -32 l-3
-33 50 0 c59 0 68 15 31 50 -17 16 -37 56 -55 113 -25 77 -31 87 -52 87 -13 0
-26 -6 -28 -12z m29 -93 c20 -15 16 -45 -7 -45 -21 0 -38 25 -31 44 7 19 13
20 38 1z"/>
<path d="M7833 1958 c-6 -7 -20 -40 -31 -73 -31 -90 -43 -114 -64 -120 -41
-14 -7 -60 36 -49 33 8 40 19 27 43 -12 21 2 31 44 31 40 0 57 -10 44 -26 -23
-28 -2 -45 48 -42 54 3 70 27 30 45 -17 8 -29 28 -41 70 -38 125 -64 158 -93
121z m27 -94 c21 -21 22 -27 10 -34 -34 -22 -64 -3 -54 33 8 33 14 34 44 1z"/>
<path d="M5443 1814 c-7 -19 12 -34 44 -34 31 0 53 10 53 25 0 28 -86 36 -97
9z"/>
<path d="M2502 1613 c-19 -4 -23 -9 -18 -28 5 -18 1 -25 -14 -30 -23 -7 -27
-47 -6 -64 22 -19 18 -130 -7 -163 -11 -14 -16 -31 -13 -36 4 -6 49 -11 106
-11 110 0 114 3 84 60 -17 34 -15 94 3 94 6 0 33 -29 60 -65 71 -95 82 -92 80
19 -1 72 2 94 16 109 31 34 22 52 -28 52 -49 0 -59 -17 -31 -49 18 -20 26 -96
10 -96 -7 0 -36 32 -66 70 l-54 70 -54 3 c-66 4 -84 17 -46 32 23 9 26 13 16
25 -7 8 -13 14 -14 14 0 -1 -12 -4 -24 -6z m84 -124 c27 -30 23 -122 -8 -154
l-22 -23 -18 23 c-24 31 -25 131 -1 157 21 23 26 23 49 -3z"/>
<path d="M6433 1538 c-78 -40 -108 -109 -77 -174 37 -78 126 -109 178 -60 15
13 26 31 26 40 0 18 -15 22 -25 6 -7 -12 -84 -13 -102 -2 -17 11 -26 57 -19
96 5 28 13 37 41 46 28 9 41 8 69 -5 38 -18 56 -14 56 15 0 17 -21 29 -87 51
-14 4 -35 0 -60 -13z"/>
<path d="M137 1511 c-19 -21 -38 -53 -42 -70 -8 -39 11 -100 39 -123 12 -10
26 -21 31 -26 46 -37 138 -83 155 -77 29 9 24 32 -10 44 -43 14 -47 36 -13 65
25 22 28 30 28 90 0 64 -2 68 -37 101 -29 28 -45 35 -76 35 -33 0 -45 -6 -75
-39z m118 -36 c49 -48 22 -145 -40 -145 -64 0 -91 94 -43 150 24 27 54 25 83
-5z"/>
<path d="M350 1533 c1 -10 7 -29 15 -43 8 -14 15 -53 15 -90 0 -72 3 -78 42
-103 36 -23 87 -21 118 4 22 19 25 30 27 96 1 55 6 80 19 94 19 21 39 25 50 8
13 -21 4 -150 -12 -175 -9 -12 -13 -28 -9 -34 3 -5 43 -10 90 -10 75 0 85 2
99 22 15 22 22 58 11 58 -4 0 -20 -7 -36 -16 -54 -27 -112 -3 -96 40 5 11 19
16 52 16 41 0 45 2 45 24 0 32 -13 39 -45 24 -24 -11 -29 -10 -41 6 -17 24 -1
59 24 52 9 -2 32 -8 50 -11 32 -7 33 -6 30 22 l-3 28 -142 3 c-132 2 -143 1
-143 -15 0 -10 7 -27 15 -37 17 -23 20 -92 5 -130 -8 -21 -16 -26 -46 -26 -23
0 -42 6 -50 18 -18 23 -17 112 1 136 8 11 15 28 15 38 0 15 -8 18 -50 18 -41
0 -50 -3 -50 -17z"/>
<path d="M836 1541 c-3 -5 1 -23 10 -40 15 -30 15 -58 2 -186 l-3 -30 60 -3
c108 -6 175 48 175 140 0 51 -24 89 -70 113 -32 16 -165 21 -174 6z m167 -72
c21 -26 22 -77 2 -106 -19 -26 -70 -39 -90 -23 -19 16 -21 130 -2 149 17 17
68 6 90 -20z"/>
<path d="M1208 1539 c-10 -5 -18 -21 -18 -35 0 -13 -4 -32 -9 -42 -5 -9 -17
-36 -26 -59 -10 -23 -26 -50 -36 -59 -11 -10 -19 -28 -19 -41 0 -20 5 -23 36
-23 l37 0 -6 39 c-5 38 -4 39 28 45 51 10 66 -1 63 -43 l-3 -36 48 -3 c43 -3
47 -1 47 20 0 13 -8 31 -19 40 -10 8 -26 38 -36 64 -52 147 -55 152 -87 133z
m16 -94 c20 -15 16 -45 -6 -45 -26 0 -40 17 -33 39 7 25 13 25 39 6z"/>
<path d="M1440 1530 c0 -11 9 -29 19 -39 27 -27 25 -127 -2 -154 -30 -30 -18
-52 28 -52 44 0 44 1 29 86 -10 62 13 56 42 -10 15 -34 32 -61 39 -61 15 0 35
43 35 77 0 20 -3 23 -14 14 -10 -8 -16 -8 -23 1 -13 18 -43 84 -43 96 0 5 -9
21 -21 36 -26 34 -89 38 -89 6z"/>
<path d="M1682 1538 c-14 -18 -42 -87 -42 -104 0 -8 9 -14 20 -14 16 0 20 -7
20 -35 0 -20 -7 -47 -16 -60 -9 -13 -13 -29 -10 -34 4 -6 45 -9 99 -8 l92 2
-3 37 c-3 33 0 38 22 44 46 11 66 -3 66 -47 l0 -39 100 0 c110 0 126 9 96 52
-20 29 -21 133 -1 168 25 43 20 50 -40 50 -61 0 -68 -11 -40 -54 22 -33 17
-155 -6 -169 -26 -16 -56 20 -79 94 -24 77 -51 129 -65 129 -14 0 -45 -63 -45
-90 0 -14 6 -18 28 -17 21 2 27 -2 27 -18 0 -16 -6 -19 -25 -17 -14 2 -32 5
-39 5 -8 1 -20 -11 -25 -28 -6 -16 -22 -40 -36 -52 -23 -20 -26 -21 -37 -6
-18 24 -17 154 2 179 23 31 18 44 -19 44 -18 0 -38 -6 -44 -12z"/>
<path d="M2186 1519 c-43 -51 -32 -79 53 -132 38 -24 42 -36 17 -52 -11 -7
-22 -6 -36 3 -26 16 -57 15 -63 -2 -7 -17 65 -56 102 -56 28 0 81 51 81 79 0
24 -33 58 -75 75 -41 18 -62 43 -46 59 9 9 19 8 44 -2 49 -19 62 -18 65 7 2
14 -3 24 -15 28 -10 3 -26 10 -35 15 -33 17 -66 10 -92 -22z"/>
<path d="M2878 1520 c-72 -59 -72 -151 0 -209 29 -25 46 -31 82 -31 51 1 90
26 90 58 0 12 5 33 10 48 13 33 1 44 -47 44 -42 0 -49 -14 -23 -50 20 -29 20
-29 1 -39 -28 -15 -78 -2 -96 25 -50 77 24 161 106 120 43 -21 49 -20 49 9 0
16 -7 28 -17 31 -10 3 -26 10 -35 15 -35 18 -82 10 -120 -21z"/>
<path d="M3088 1544 c-4 -3 0 -22 9 -41 15 -36 14 -136 -2 -195 -7 -27 -6 -28
33 -28 51 0 58 10 36 55 -21 44 -13 71 16 55 11 -6 20 -16 20 -21 0 -6 14 -29
31 -50 l31 -39 117 0 c71 0 121 4 128 11 8 8 17 8 31 0 11 -6 34 -11 51 -11
26 0 31 4 31 24 0 13 -7 29 -15 36 -17 14 -21 95 -6 105 10 5 51 -76 51 -100
0 -16 38 -50 47 -41 16 16 42 101 34 109 -5 5 -12 0 -16 -12 -10 -33 -23 -25
-47 27 -47 106 -55 117 -89 120 -43 5 -56 -10 -35 -39 11 -16 16 -45 16 -94 0
-80 -11 -110 -29 -77 -10 19 -12 19 -56 3 -53 -19 -80 -8 -80 30 0 21 5 25 50
29 38 4 51 9 53 24 6 27 -10 37 -44 27 -34 -10 -64 2 -64 25 0 20 40 33 68 23
29 -11 33 -11 51 0 10 7 11 13 2 30 -11 19 -20 21 -101 21 -97 0 -102 -3 -75
-50 16 -27 20 -137 6 -159 -13 -21 -65 -4 -89 29 -27 36 -28 52 -2 68 30 18
26 66 -6 91 -21 16 -41 21 -89 21 -34 0 -64 -3 -67 -6z m132 -74 c0 -23 -36
-36 -55 -20 -20 17 -19 37 2 49 23 12 53 -4 53 -29z"/>
<path d="M3776 1535 c-7 -7 -19 -28 -26 -45 -11 -28 -11 -36 3 -60 21 -35 22
-69 3 -106 -8 -15 -13 -31 -11 -34 2 -4 72 -7 154 -8 144 -2 151 -1 166 20 29
43 11 85 -24 54 -30 -27 -74 -30 -95 -7 -28 31 -6 53 48 49 40 -3 41 -2 44 30
4 35 -12 42 -49 21 -16 -8 -25 -7 -40 7 -19 17 -19 18 -1 36 15 16 23 17 46 8
62 -23 92 -7 62 33 -12 15 -30 17 -140 16 -89 -1 -131 -5 -140 -14z m104 -34
c5 -11 10 -50 10 -86 0 -98 -22 -129 -61 -82 -13 16 -18 38 -19 80 0 85 42
139 70 88z"/>
<path d="M4180 1527 c0 -13 5 -28 11 -34 15 -15 14 -122 -1 -155 -22 -47 -9
-58 70 -58 82 0 109 14 146 72 28 44 39 47 48 14 3 -14 20 -38 37 -55 44 -44
92 -43 146 4 62 53 70 139 18 187 -46 44 -54 48 -93 48 -31 0 -46 -7 -71 -32
-18 -18 -34 -43 -37 -55 -9 -32 -20 -29 -44 15 -31 55 -68 72 -156 72 -71 0
-74 -1 -74 -23z m171 -53 c21 -19 25 -73 9 -104 -14 -26 -76 -46 -95 -30 -16
13 -21 112 -9 145 9 21 67 14 95 -11z m254 1 c49 -48 22 -135 -40 -135 -69 0
-99 98 -44 143 29 24 55 21 84 -8z"/>
<path d="M4786 1542 c-3 -5 4 -21 15 -38 24 -37 27 -145 4 -168 -8 -8 -15 -24
-15 -35 0 -18 6 -21 40 -21 48 0 60 18 36 55 -17 25 -22 90 -8 99 9 6 52 -76
52 -99 0 -17 36 -39 50 -30 19 12 10 55 -20 97 -16 22 -30 47 -30 55 0 7 -11
31 -25 53 -21 34 -30 40 -60 40 -18 0 -36 -4 -39 -8z"/>
<path d="M5019 1517 c-23 -38 -23 -46 -4 -83 19 -37 19 -67 0 -105 -21 -39
-13 -49 41 -49 36 0 44 3 44 19 0 10 -7 24 -15 31 -11 9 -15 33 -15 85 0 59 4
75 20 90 33 30 50 5 50 -77 0 -73 9 -101 44 -130 28 -23 94 -23 122 0 31 26
48 80 37 121 -14 54 -29 47 -39 -16 l-9 -58 -38 -3 c-21 -2 -45 2 -53 9 -20
16 -19 132 1 149 8 7 15 21 15 31 0 17 -9 19 -91 18 l-90 -1 -20 -31z"/>
<path d="M5280 1531 c0 -10 8 -29 18 -41 18 -23 19 -23 49 -5 36 21 60 15 72
-18 14 -35 1 -110 -21 -125 -10 -7 -18 -24 -18 -38 0 -22 4 -24 45 -24 37 0
45 3 45 18 0 10 -7 27 -15 38 -8 10 -15 38 -15 62 0 59 17 53 77 -28 27 -36
56 -66 66 -68 15 -3 17 7 17 91 0 82 3 96 21 113 17 16 22 16 30 4 9 -13 7
-152 -2 -205 -4 -18 2 -20 60 -23 95 -4 146 24 168 92 l9 30 23 -38 c52 -84
105 -106 169 -69 51 29 75 75 70 133 -4 43 -11 56 -44 85 -31 28 -47 35 -80
35 -35 0 -47 -6 -75 -38 -19 -20 -42 -48 -51 -62 l-17 -25 0 24 c-1 15 -17 39
-41 62 l-41 39 -129 -1 c-119 0 -130 -2 -130 -18 0 -10 7 -24 15 -31 16 -13
22 -104 6 -98 -5 2 -34 36 -66 76 l-56 72 -80 0 c-71 0 -79 -2 -79 -19z m487
-33 c50 -21 63 -38 63 -83 0 -50 -21 -73 -70 -77 l-35 -3 -3 65 c-3 60 3 110
13 110 2 0 17 -5 32 -12z m305 -21 c9 -14 11 -99 2 -121 -8 -21 -77 -21 -98 0
-10 9 -16 33 -16 60 0 58 28 89 73 80 17 -4 35 -12 39 -19z"/>
<path d="M6661 1533 c-31 -23 -71 -87 -71 -116 0 -64 71 -137 132 -137 42 0
103 55 113 102 25 110 -89 209 -174 151z m99 -53 c22 -22 26 -72 10 -114 -8
-22 -16 -26 -49 -26 -49 0 -66 20 -66 77 0 35 5 49 24 64 30 24 56 24 81 -1z"/>
<path d="M6857 1544 c-8 -8 2 -33 26 -66 16 -21 18 -35 12 -75 -4 -26 -13 -55
-20 -63 -7 -8 -15 -24 -17 -35 -2 -17 3 -21 35 -23 45 -4 57 16 33 54 -18 27
-18 85 0 91 9 3 27 -31 53 -99 13 -34 26 -35 47 -3 19 29 11 61 -16 68 -11 3
-23 13 -26 24 -3 10 -12 32 -20 50 -8 17 -14 35 -14 40 0 28 -73 57 -93 37z"/>
<path d="M7087 1533 c-8 -10 -19 -30 -22 -46 -4 -15 -11 -30 -16 -33 -12 -7
-12 -54 0 -54 5 0 16 10 24 23 15 21 16 21 16 -26 1 -28 -6 -58 -15 -72 -22
-33 -11 -45 42 -45 39 0 44 2 44 23 0 13 -5 28 -11 34 -6 6 -13 39 -15 73 -3
50 0 66 17 90 12 15 18 33 15 39 -11 17 -61 13 -79 -6z"/>
<path d="M7280 1538 c0 -7 9 -24 20 -38 28 -36 28 -140 0 -165 -11 -10 -20
-26 -20 -37 0 -16 8 -18 65 -18 71 0 82 12 50 58 -12 16 -15 43 -14 105 2 46
-1 88 -5 95 -10 16 -96 16 -96 0z"/>
<path d="M7540 1532 c0 -10 7 -27 15 -38 20 -27 20 -137 0 -154 -9 -7 -15 -23
-13 -34 2 -17 11 -22 43 -24 61 -4 73 9 52 53 -22 46 -21 55 2 55 20 0 61 -55
61 -83 0 -8 7 -18 16 -21 26 -10 172 -7 179 4 3 5 -1 23 -10 40 -17 33 -17
106 0 103 5 0 18 -23 28 -50 41 -105 35 -98 57 -78 25 23 25 41 1 91 -10 21
-24 57 -30 80 -18 66 -32 73 -141 71 -95 -2 -95 -2 -96 -28 -1 -14 -4 -31 -8
-38 -9 -14 0 -14 48 3 22 7 45 21 51 30 10 14 15 12 38 -12 23 -24 27 -37 27
-88 0 -67 -11 -84 -52 -84 -30 0 -101 64 -113 101 -5 13 -16 19 -37 19 -28 0
-30 2 -24 28 16 65 15 67 -41 70 -46 3 -53 1 -53 -16z"/>
<path d="M8060 1540 c-11 -7 -15 -33 -16 -107 -1 -54 -3 -109 -5 -123 -4 -23
-1 -25 40 -28 66 -5 75 1 56 37 -20 41 -20 159 1 189 8 12 12 27 9 32 -8 13
-65 13 -85 0z"/>
<path d="M8255 1528 c16 -54 21 -168 7 -194 -23 -45 -11 -54 72 -54 73 0 76 1
115 38 76 72 69 146 -23 220 -9 7 -46 12 -97 12 -80 0 -81 0 -74 -22z m171
-59 c25 -27 23 -84 -3 -110 -11 -12 -35 -21 -54 -22 l-34 -2 -3 73 c-3 87 6
105 48 91 15 -6 36 -19 46 -30z"/>
<path d="M8517 1544 c-3 -3 3 -23 14 -42 25 -48 25 -121 -1 -171 -10 -21 -16
-41 -13 -45 4 -3 46 -6 94 -6 79 0 89 2 103 22 20 28 21 58 3 58 -8 0 -28 -7
-45 -16 -37 -18 -61 -16 -75 7 -19 31 -1 49 48 49 43 0 45 1 45 30 0 33 -5 35
-46 20 -19 -7 -30 -7 -40 1 -18 15 -18 24 1 43 12 12 22 13 41 6 41 -16 74
-12 74 8 0 34 -21 42 -110 42 -48 0 -89 -3 -93 -6z"/>
<path d="M6187 1463 c-13 -12 -7 -31 12 -36 26 -6 45 7 38 27 -6 16 -38 22
-50 9z"/>
<path d="M4980 1411 c0 -17 2 -31 4 -31 8 0 13 51 5 56 -5 3 -9 -9 -9 -25z"/>
<path d="M6183 1323 c-3 -10 -8 -21 -10 -25 -6 -12 34 -28 52 -22 25 10 16 58
-13 62 -14 2 -24 -3 -29 -15z"/>
<path d="M1552 1068 c-24 -24 -13 -45 29 -56 52 -13 89 -1 89 29 0 17 -4 20
-22 16 -13 -3 -32 1 -42 9 -24 17 -38 18 -54 2z"/>
<path d="M1820 992 c-42 -21 -80 -75 -80 -114 0 -70 55 -137 119 -145 31 -4
42 1 79 34 37 33 44 45 48 88 6 62 -17 105 -75 135 -48 24 -46 24 -91 2z m76
-50 c36 -24 43 -82 14 -129 -24 -41 -57 -43 -91 -7 -29 31 -31 94 -4 124 18
20 60 26 81 12z"/>
<path d="M2632 993 c-43 -21 -42 -43 2 -43 46 0 56 -18 23 -45 -33 -26 -34
-41 -3 -49 27 -7 40 -33 30 -59 -4 -10 -21 -17 -47 -19 -34 -2 -42 -7 -42 -23
0 -16 8 -21 36 -23 27 -2 42 3 66 25 49 45 55 64 32 103 -17 27 -19 37 -9 55
17 32 9 56 -25 76 -28 17 -33 17 -63 2z"/>
<path d="M3615 1000 c-58 -4 -70 -8 -73 -24 -2 -10 1 -23 7 -29 17 -17 14
-153 -4 -171 -8 -8 -15 -19 -15 -24 0 -11 159 -26 182 -17 20 8 39 50 32 70
-8 19 -11 19 -41 -5 -46 -36 -103 -22 -103 26 0 28 26 37 75 28 34 -6 35 -5
35 23 0 40 -6 43 -40 26 -35 -17 -73 -2 -68 25 3 13 16 17 58 19 30 1 61 2 68
2 22 2 12 30 -15 43 -19 9 -52 11 -98 8z"/>
<path d="M113 993 c-15 -6 -17 -39 -3 -48 17 -10 12 -151 -5 -165 -32 -27 -16
-37 62 -42 43 -3 91 -2 107 3 16 5 36 4 46 -1 10 -6 32 -7 50 -4 24 5 31 12
30 28 -2 25 10 66 19 66 20 -1 36 -23 36 -52 0 -31 2 -33 45 -39 74 -11 80 8
20 68 -27 28 -50 60 -50 71 0 12 14 32 33 46 27 21 42 24 87 22 l55 -3 3 -64
c3 -47 -1 -73 -14 -97 -22 -42 -9 -53 55 -47 54 6 59 10 39 32 -11 12 -17 44
-19 98 l-4 80 33 -3 c37 -2 52 18 32 43 -15 18 -150 21 -182 4 -14 -8 -23 -8
-31 0 -6 6 -21 11 -33 11 -42 0 -54 -11 -54 -46 0 -30 -3 -34 -25 -34 -21 0
-25 5 -25 30 0 33 -22 50 -68 50 -49 0 -48 -27 3 -72 46 -41 55 -69 32 -98
-16 -21 -87 -64 -87 -53 0 4 -4 15 -10 23 -7 12 -12 12 -28 -4 -13 -11 -32
-16 -54 -14 -30 3 -33 6 -33 38 0 34 1 35 37 35 42 0 62 14 52 39 -5 12 -12
15 -28 10 -44 -15 -61 -10 -64 19 -3 27 -3 27 57 27 47 0 61 3 61 15 0 8 -9
19 -19 25 -20 10 -135 13 -158 3z"/>
<path d="M815 986 c-19 -14 -19 -15 -2 -33 26 -30 24 -142 -4 -177 -25 -31
-23 -32 81 -40 56 -5 80 -3 94 7 16 12 23 12 45 1 32 -17 52 -18 74 -1 16 11
15 15 -12 47 -15 19 -26 40 -24 47 3 6 0 20 -6 30 -9 15 -10 11 -11 -20 0 -41
-14 -77 -30 -77 -6 0 -10 8 -10 18 0 30 -10 32 -40 11 -38 -29 -82 -22 -94 14
-13 35 5 50 50 42 21 -4 35 0 43 9 19 23 3 39 -34 33 -39 -6 -71 12 -62 37 5
12 21 16 64 18 84 2 96 0 113 -20 8 -10 22 -21 31 -24 9 -4 38 -35 64 -70 52
-68 85 -99 97 -92 4 3 8 49 8 103 0 59 4 101 11 108 21 21 2 43 -36 43 -45 0
-58 -25 -26 -51 17 -14 22 -27 19 -54 -2 -19 -7 -36 -13 -38 -5 -1 -32 28 -60
65 -55 73 -89 90 -131 67 -19 -10 -27 -10 -36 -1 -17 17 -140 15 -163 -2z"/>
<path d="M1317 975 c-15 -15 -27 -36 -27 -46 0 -21 46 -79 63 -79 24 -1 58
-36 51 -53 -8 -21 -42 -22 -68 -2 -29 22 -46 18 -46 -10 0 -17 6 -25 18 -25 9
0 26 -7 36 -15 29 -22 50 -18 85 12 22 20 31 36 31 59 0 33 -16 49 -85 84 -16
8 -30 22 -30 30 0 18 43 26 58 11 19 -19 57 -13 57 9 0 23 -23 37 -76 46 -34
5 -43 2 -67 -21z"/>
<path d="M2086 985 c-3 -9 3 -23 14 -32 29 -25 29 -144 0 -173 -20 -20 -26
-40 -12 -41 172 -11 212 -3 212 45 0 34 -10 38 -40 16 -34 -24 -85 -26 -94 -4
-18 48 3 67 69 62 21 -2 30 2 33 15 6 29 -6 51 -21 39 -12 -10 -38 -15 -70
-13 -13 1 -17 8 -15 24 3 20 9 22 61 23 65 2 76 7 61 32 -16 24 -189 31 -198
7z"/>
<path d="M2853 984 c-3 -8 4 -25 16 -38 33 -35 30 -124 -5 -166 -15 -17 -24
-33 -21 -36 11 -11 82 -15 96 -5 12 8 12 15 -3 46 -18 38 -15 90 6 83 5 -2 17
-24 25 -48 8 -25 21 -51 28 -59 12 -12 17 -9 34 20 26 41 23 65 -6 62 -15 -2
-24 4 -28 20 -15 50 -56 125 -71 131 -29 11 -65 6 -71 -10z"/>
<path d="M3097 988 c-14 -11 -47 -94 -47 -120 0 -5 9 -8 20 -8 16 0 20 -7 20
-34 0 -18 -7 -39 -15 -46 -18 -15 -20 -39 -2 -41 66 -8 87 -6 96 5 8 10 6 18
-9 31 -27 24 -29 148 -4 176 33 37 -17 68 -59 37z"/>
<path d="M3273 984 c-3 -9 -1 -25 5 -35 18 -29 15 -150 -4 -177 -9 -13 -14
-25 -12 -28 3 -2 40 -5 84 -6 85 -3 104 4 145 56 45 57 23 156 -41 188 -48 24
-168 25 -177 2z m164 -56 c17 -16 23 -33 23 -63 0 -34 -5 -45 -30 -63 -16 -12
-41 -22 -55 -22 -25 0 -25 1 -25 78 0 43 3 82 7 85 14 14 58 6 80 -15z"/>
<path d="M3953 992 c-16 -11 -33 -49 -33 -75 0 -14 -6 -27 -14 -30 -7 -3 -17
-18 -20 -33 -4 -15 -21 -43 -37 -62 -24 -27 -28 -37 -18 -48 13 -16 57 -18 79
-4 13 8 13 13 1 31 -12 20 -11 24 5 36 25 18 73 17 81 -3 3 -9 1 -25 -6 -36
-15 -25 -13 -25 148 -32 130 -5 134 -4 157 19 13 13 24 29 24 35 0 19 -30 23
-55 6 -33 -21 -72 -20 -84 2 -13 25 -2 133 17 154 26 31 8 49 -45 46 -38 -2
-49 -7 -51 -22 -2 -10 3 -23 12 -28 12 -7 16 -25 16 -78 0 -80 -6 -100 -29
-100 -28 0 -56 40 -75 105 -33 112 -46 134 -73 117z m22 -112 c0 -18 -33 -26
-48 -11 -9 9 -8 14 3 21 21 14 45 8 45 -10z"/>
<path d="M4326 987 c-27 -20 -17 -53 14 -48 56 8 55 10 58 -63 2 -50 -1 -75
-13 -93 -23 -34 -13 -53 27 -53 69 0 96 19 64 44 -10 7 -15 37 -18 91 l-3 80
58 1 57 2 0 -75 c0 -72 1 -76 34 -109 45 -45 92 -47 136 -4 25 25 30 37 30 77
0 54 -13 86 -24 58 -3 -9 -6 -30 -6 -45 0 -17 -9 -38 -22 -50 -50 -47 -97 -8
-98 82 0 42 4 59 16 66 9 5 14 18 12 28 -3 16 -11 19 -48 17 -55 -3 -55 -3
-165 3 -67 4 -95 2 -109 -9z"/>
<path d="M4714 985 c-4 -10 1 -25 15 -38 21 -21 22 -22 52 -4 47 26 59 10 59
-78 0 -52 -4 -76 -15 -85 -18 -15 -19 -36 -2 -42 21 -8 87 4 87 16 0 6 -7 20
-15 30 -19 26 -19 66 0 66 8 0 30 -24 49 -54 38 -60 67 -73 136 -61 45 8 53
15 40 35 -14 23 7 50 39 50 36 0 54 -21 46 -53 -6 -22 -3 -25 37 -30 63 -8 74
6 39 51 -16 21 -39 70 -52 110 -23 73 -49 110 -69 97 -13 -8 -40 -72 -40 -95
0 -10 -7 -23 -15 -30 -8 -7 -15 -22 -15 -34 0 -23 -32 -56 -53 -56 -16 1 -48
29 -70 62 -22 35 -22 48 2 48 27 0 44 26 37 56 -9 36 -61 56 -133 49 -72 -6
-70 -6 -115 1 -30 5 -39 3 -44 -11z m233 -50 c7 -22 -23 -48 -45 -41 -21 7
-30 35 -15 50 10 10 56 3 60 -9z m233 -57 c0 -11 -8 -18 -19 -18 -28 0 -33 13
-14 39 12 18 17 20 24 10 5 -8 9 -22 9 -31z"/>
<path d="M1582 978 c-7 -7 -12 -20 -12 -29 0 -10 -4 -21 -10 -24 -5 -3 -10
-17 -10 -29 0 -13 -7 -29 -15 -36 -8 -7 -15 -19 -15 -27 0 -8 -12 -29 -26 -48
l-25 -34 21 -11 c12 -7 33 -9 46 -6 20 5 23 12 21 44 -2 36 -1 37 35 40 28 2
39 -1 47 -17 7 -13 8 -22 1 -26 -5 -3 -10 -13 -10 -21 0 -10 14 -14 55 -14 30
0 55 3 55 6 0 3 -13 22 -30 42 -16 21 -33 53 -36 72 -4 19 -13 46 -21 60 -7
14 -13 33 -13 43 0 9 -4 17 -9 17 -5 0 -15 2 -23 5 -7 3 -19 0 -26 -7z m32
-84 c7 -19 -1 -34 -19 -34 -8 0 -16 4 -19 9 -9 14 4 41 19 41 7 0 16 -7 19
-16z"/>
<path d="M2471 949 c-23 -47 -21 -60 10 -52 17 5 20 2 17 -13 -4 -25 -36 -30
-52 -9 -12 17 -14 17 -34 -1 -41 -35 -24 -64 39 -64 24 0 30 -5 37 -32 5 -22
15 -34 29 -36 17 -3 22 4 28 35 4 21 12 44 17 51 8 9 6 18 -6 31 -13 15 -17
33 -14 73 3 51 2 53 -24 56 -23 3 -30 -3 -47 -39z"/>
<path d="M5343 804 c-21 -9 -15 -52 8 -64 27 -15 51 5 47 39 -3 26 -27 36 -55
25z"/>
<path d="M4772 490 c-59 -59 -65 -120 -19 -197 11 -19 28 -38 38 -44 16 -8 21
-5 29 17 10 25 13 26 61 19 43 -6 55 -4 84 16 59 41 81 114 49 169 -26 43 -64
60 -137 60 -62 0 -66 -2 -105 -40z m76 -85 c3 -54 0 -63 -23 -85 -13 -13 -28
-20 -32 -16 -10 10 -10 126 -1 149 5 12 16 17 30 15 21 -3 23 -9 26 -63z m110
53 c18 -18 15 -88 -5 -110 -9 -10 -26 -18 -38 -18 -20 0 -23 6 -27 63 -3 34
-3 65 -1 70 7 11 58 8 71 -5z"/>
<path d="M5450 505 c0 -13 5 -27 10 -30 6 -3 10 -37 10 -75 0 -55 -3 -69 -17
-74 -17 -7 -52 26 -53 50 0 6 -9 41 -21 77 -16 51 -25 67 -40 67 -21 0 -43
-35 -35 -55 2 -7 -4 -29 -15 -49 -10 -20 -19 -41 -19 -48 0 -6 -10 -22 -21
-34 -26 -27 -19 -54 13 -54 37 0 50 14 43 43 -8 31 10 43 50 33 24 -6 36 -36
15 -36 -20 0 -9 -28 13 -31 48 -9 157 3 157 16 0 7 -7 16 -16 19 -27 10 -13
51 19 54 23 3 28 8 25 25 -2 16 -10 22 -28 22 -20 0 -25 5 -25 25 0 24 3 25
55 25 l55 0 3 -66 c2 -50 -1 -69 -13 -79 -22 -19 -18 -39 10 -46 54 -14 100
21 59 44 -21 12 -14 46 11 50 34 7 65 43 65 77 0 20 -8 39 -22 52 -21 18 -37
21 -155 21 l-133 1 0 -24z m268 -52 c2 -7 -4 -16 -12 -19 -19 -7 -49 14 -40
28 8 13 46 6 52 -9z"/>
<path d="M5860 498 c-31 -42 -34 -139 -6 -180 27 -42 54 -45 85 -12 23 26 26
36 25 102 -1 61 -5 76 -24 97 -31 33 -51 31 -80 -7z m68 -88 c3 -59 -8 -81
-33 -60 -18 15 -20 91 -3 108 22 22 33 7 36 -48z"/>
<path d="M6011 504 c-26 -33 -26 -37 0 -91 13 -27 27 -43 39 -43 15 0 30 -18
30 -36 0 -11 -26 -1 -47 18 -17 16 -26 19 -34 11 -17 -17 -7 -44 24 -67 26
-19 30 -19 54 -6 43 25 50 45 30 83 -17 32 -17 35 0 65 17 30 17 32 -3 59 -29
39 -66 41 -93 7z m67 -57 c2 -10 -3 -17 -11 -17 -18 0 -39 24 -30 34 12 12 38
2 41 -17z"/>
<path d="M6256 514 c-4 -10 -14 -14 -25 -11 -28 7 -61 -28 -61 -64 0 -22 6
-32 20 -36 12 -3 22 -17 26 -37 9 -49 47 -90 75 -82 42 11 62 52 63 125 1 46
5 66 14 65 6 -1 26 -2 43 -2 28 -2 31 -4 26 -29 -3 -16 -13 -49 -22 -75 -19
-51 -15 -78 10 -78 9 0 18 12 22 30 3 17 10 33 14 36 5 3 9 19 9 35 0 16 6 44
14 62 8 20 10 41 5 55 -7 19 -16 22 -58 22 -41 0 -51 -4 -66 -26 l-17 -26 -27
26 c-31 30 -56 33 -65 10z m38 -50 c21 -8 22 -96 1 -114 -23 -19 -35 -2 -35
54 0 63 5 71 34 60z"/>
<path d="M6615 520 c-3 -5 -17 -10 -29 -10 -18 0 -26 -9 -38 -42 -8 -24 -21
-59 -28 -78 -22 -61 -24 -100 -6 -100 9 0 16 8 16 18 0 10 7 27 15 38 8 10 15
31 15 45 0 57 69 102 99 65 10 -11 9 -24 0 -55 -7 -23 -15 -41 -18 -41 -3 0
-19 -12 -34 -26 -22 -20 -26 -29 -16 -40 13 -16 86 -19 108 -5 21 13 5 41 -24
41 -32 0 -31 4 5 50 36 45 39 86 9 124 -21 26 -62 35 -74 16z"/>
<path d="M6759 504 c-21 -22 -24 -35 -24 -100 0 -65 3 -76 25 -99 50 -49 100
0 100 100 0 64 -29 125 -59 125 -10 0 -28 -12 -42 -26z m45 -40 c23 -9 23
-109 -1 -118 -9 -4 -20 -1 -25 6 -9 15 -11 79 -2 102 7 18 7 18 28 10z"/>
<path d="M7650 510 c0 -12 5 -30 10 -40 9 -17 6 -21 -17 -26 -32 -8 -53 -33
-70 -84 l-11 -35 -1 51 c-1 63 -16 79 -67 69 -34 -6 -36 -8 -30 -36 3 -17 1
-40 -5 -51 -6 -11 -8 -31 -5 -44 6 -22 11 -24 61 -23 39 1 58 6 65 18 9 14 11
14 24 -2 13 -17 26 -18 126 -14 61 3 114 8 117 10 2 3 0 14 -6 25 -22 41 -7
88 23 76 16 -6 17 -15 11 -68 -3 -34 -12 -68 -19 -76 -19 -22 -9 -40 22 -40
41 0 59 15 43 34 -15 18 -6 36 18 36 10 0 23 11 29 25 6 14 18 25 27 25 8 0
17 -11 21 -25 5 -18 13 -25 31 -25 22 0 24 3 19 23 -17 59 -18 83 -1 97 14 12
18 12 26 -1 5 -8 7 -27 3 -44 -15 -69 -14 -70 46 -70 44 0 54 3 51 15 -3 8 -7
41 -9 73 -3 49 -7 58 -26 63 -12 3 -34 0 -50 -6 -30 -11 -46 -6 -46 15 0 38
-43 26 -61 -17 -10 -25 -14 -27 -21 -14 -11 20 -117 23 -136 4 -8 -8 -12 -8
-12 -1 0 14 -43 25 -64 17 -21 -8 -20 -31 2 -43 15 -9 14 -13 -16 -41 -17 -17
-37 -28 -43 -25 -6 4 -9 42 -7 98 l3 92 -27 3 c-23 3 -28 -1 -28 -18z m18
-134 c5 -40 -12 -54 -38 -31 -24 22 -25 29 -4 50 22 22 38 14 42 -19z m282 13
c9 -16 8 -26 -5 -45 -20 -31 -35 -23 -35 20 0 49 21 62 40 25z"/>
<path d="M8360 515 c-22 -27 -4 -45 44 -45 65 0 71 22 13 48 -36 15 -42 15
-57 -3z"/>
<path d="M8600 509 c0 -11 11 -35 25 -53 35 -46 35 -113 -1 -151 -29 -31 -28
-62 1 -57 68 11 101 153 51 221 -25 33 -55 60 -68 61 -5 0 -8 -9 -8 -21z"/>
<path d="M6908 506 c-16 -12 -17 -16 -2 -54 17 -42 12 -132 -7 -132 -5 0 -9
-7 -9 -15 0 -20 65 -31 85 -15 14 11 14 15 1 29 -11 12 -16 44 -18 106 -3 95
-13 110 -50 81z"/>
<path d="M7055 506 c-17 -13 -18 -18 -7 -35 14 -25 16 -137 2 -146 -19 -12
-10 -35 15 -41 53 -13 101 21 60 43 -10 6 -15 32 -17 98 -3 97 -13 111 -53 81z"/>
<path d="M5071 441 c-9 -6 -11 -18 -8 -33 4 -13 0 -36 -8 -51 -13 -26 -11 -56
6 -67 4 -3 28 -4 53 -2 l45 4 -6 66 c-7 82 -36 112 -82 83z"/>
<path d="M8259 443 c-31 -8 -54 -102 -29 -118 6 -3 10 -19 10 -34 0 -16 7 -34
15 -41 18 -15 45 -6 45 13 0 8 7 20 15 27 22 18 18 28 -14 35 -20 4 -31 14
-35 31 -9 35 2 47 35 40 25 -5 29 -3 29 18 0 21 -27 39 -50 35 -3 -1 -12 -3
-21 -6z"/>
<path d="M8509 440 c-9 -5 -22 -24 -30 -41 l-13 -32 -11 34 c-11 31 -16 34
-53 37 -37 3 -42 1 -42 -17 0 -16 6 -21 25 -21 23 0 25 -4 25 -41 0 -24 -4
-38 -10 -34 -5 3 -10 17 -10 31 0 31 -10 30 -40 -1 -23 -24 -23 -25 -5 -45 15
-16 29 -20 64 -18 44 3 46 5 52 38 4 19 7 27 8 17 2 -31 48 -69 73 -61 56 17
77 100 38 142 -22 23 -45 27 -71 12z m49 -78 c-4 -35 -41 -38 -46 -4 -6 40 4
55 28 42 15 -8 20 -19 18 -38z"/>
<path d="M7237 413 c-13 -3 -17 -12 -15 -31 3 -27 4 -27 78 -27 74 0 75 0 78
28 2 17 -2 27 -10 28 -80 5 -116 5 -131 2z"/>
<path d="M6147 383 c-10 -10 -8 -63 2 -63 11 0 21 25 21 51 0 19 -11 25 -23
12z"/>
</g>
</svg>
