<?xml version="1.0" standalone="no"?>
<!DOCTYPE svg PUBLIC "-//W3C//DTD SVG 20010904//EN"
 "http://www.w3.org/TR/2001/REC-SVG-20010904/DTD/svg10.dtd">
<svg version="1.0" xmlns="http://www.w3.org/2000/svg"
 width="900.000000pt" height="441.000000pt" viewBox="0 0 900.000000 441.000000"
 preserveAspectRatio="xMidYMid meet">
<metadata>
Created by potrace 1.10, written by Peter Selinger 2001-2011
</metadata>
<g transform="translate(0.000000,441.000000) scale(0.100000,-0.100000)"
fill="#000000" stroke="none">
<path d="M1515 4230 c-4 -12 -4 -42 0 -66 8 -54 -6 -80 -46 -89 -57 -13 -47
-61 14 -67 l32 -3 3 -72 c3 -70 1 -76 -51 -180 -29 -60 -70 -134 -90 -165 -20
-31 -37 -60 -37 -64 0 -4 -27 -61 -60 -126 l-60 -119 0 -290 0 -289 28 -11
c32 -13 586 -9 599 4 4 5 9 145 11 311 l3 302 -69 136 c-38 75 -81 156 -96
179 -15 24 -54 93 -87 152 -55 102 -59 111 -49 145 5 21 11 48 12 62 3 20 10
26 38 30 29 4 36 10 38 32 3 22 -2 27 -27 33 -39 8 -43 16 -56 100 -8 51 -15
71 -27 73 -10 2 -19 -6 -23 -18z m45 -180 c0 -5 -5 -12 -11 -16 -14 -8 -33 11
-25 25 7 11 36 4 36 -9z m25 -350 c15 -36 37 -76 49 -90 13 -14 41 -61 62
-105 21 -44 49 -97 61 -117 43 -70 49 -68 -206 -68 -133 0 -232 4 -236 9 -3 6
9 36 26 68 18 32 47 87 67 123 19 36 43 76 52 90 21 30 56 113 65 154 5 25 8
27 20 15 7 -8 25 -43 40 -79z m230 -688 c1 -229 -1 -262 -14 -267 -9 -2 -127
-4 -263 -4 -177 1 -248 5 -249 13 -1 12 -1 508 0 516 1 3 119 5 263 4 l261 -1
2 -261z"/>
<path d="M6808 3685 c-34 -41 -60 -65 -69 -65 -6 0 -24 -9 -40 -21 -29 -20
-29 -20 -56 -1 -16 10 -44 24 -63 31 -32 11 -36 10 -50 -9 -8 -11 -22 -30 -31
-42 l-15 -20 -46 21 c-26 11 -58 21 -71 21 -14 0 -41 7 -62 16 -69 29 -156 1
-88 -29 15 -7 47 -25 71 -41 52 -35 45 -46 -33 -57 -31 -4 -63 -13 -71 -20
-13 -10 -12 -14 2 -30 9 -11 37 -30 60 -44 45 -26 57 -45 29 -45 -27 0 -97
-40 -92 -53 4 -12 66 -15 162 -7 54 4 55 3 39 -62 -6 -25 -4 -28 19 -28 13 0
30 6 36 14 16 20 79 26 86 8 3 -7 5 -128 5 -268 l0 -254 26 -10 c30 -12 216
-11 236 1 10 7 13 60 13 261 0 197 3 259 14 281 16 30 42 35 61 12 7 -8 16
-15 21 -15 4 0 25 -11 45 -25 20 -14 43 -25 50 -25 24 0 26 39 5 69 -24 34
-27 59 -7 67 8 3 42 0 76 -6 53 -10 65 -9 78 3 8 8 11 20 7 26 -9 16 -73 41
-102 41 -47 0 -13 35 60 60 20 7 27 16 27 35 0 24 -3 25 -52 25 -29 0 -63 3
-75 6 -21 6 -21 7 -5 40 24 51 10 58 -82 43 -86 -13 -106 -7 -86 30 13 26 10
73 -7 78 -6 2 -17 -3 -25 -12z m-3 -122 c0 -31 11 -38 63 -38 43 0 46 -2 47
-25 0 -23 4 -25 58 -30 63 -5 76 -21 26 -31 -48 -10 -63 -41 -29 -59 31 -16
24 -30 -15 -30 -32 0 -35 -3 -35 -28 0 -15 6 -34 13 -41 14 -14 -62 15 -77 30
-30 28 -76 -3 -76 -51 0 -30 -28 -37 -46 -11 -9 12 -27 32 -41 45 -34 32 -62
20 -89 -37 -24 -53 -40 -57 -48 -13 -7 38 -34 60 -61 50 -9 -4 -21 1 -29 11
-10 14 -22 17 -52 13 -21 -3 -50 -3 -63 1 l-24 7 27 17 c23 16 25 21 14 34 -7
9 -28 22 -45 30 -64 26 -28 74 44 60 54 -10 68 11 31 50 -31 33 -19 36 40 8
76 -35 83 -35 97 4 19 58 38 61 84 17 48 -46 73 -44 115 9 33 41 71 45 71 8z
m-103 -345 c16 -18 31 -42 34 -53 2 -11 3 -110 2 -220 l-3 -200 -70 0 -70 0
-3 185 c-2 148 0 191 12 215 8 17 22 47 31 68 10 20 22 37 28 37 6 0 23 -14
39 -32z"/>
<path d="M2241 2902 c-11 -20 10 -62 30 -62 10 0 104 -40 148 -62 51 -27 16
-33 -199 -33 -213 0 -215 0 -218 -22 -6 -41 23 -45 254 -37 183 6 214 5 214
-8 0 -9 -23 -20 -67 -32 -106 -27 -157 -56 -161 -89 -7 -56 46 -42 206 55 35
21 78 41 95 44 97 17 115 80 28 104 -21 5 -58 24 -82 42 -50 36 -206 118 -226
118 -7 0 -17 -8 -22 -18z"/>
<path d="M3194 2894 c-9 -34 1 -42 98 -80 74 -29 111 -54 97 -68 -2 -3 -92 -1
-199 3 -107 4 -205 3 -218 -1 -18 -6 -23 -14 -20 -36 l3 -27 227 0 c145 0 228
-4 229 -10 0 -5 -26 -18 -58 -28 -103 -33 -153 -59 -159 -83 -3 -13 -3 -28 1
-33 10 -17 48 -12 75 9 14 11 30 20 35 20 6 0 33 15 61 33 59 39 125 67 158
67 25 0 56 28 56 52 0 21 -27 41 -75 57 -22 7 -69 32 -105 56 -77 51 -163 95
-184 95 -9 0 -19 -12 -22 -26z"/>
<path d="M4009 2904 c-29 -35 22 -78 141 -119 19 -7 36 -19 38 -28 3 -15 -12
-16 -165 -12 -92 3 -187 8 -210 10 -43 5 -73 -12 -73 -39 0 -35 26 -38 255
-34 146 2 224 -1 224 -7 -1 -5 -37 -20 -81 -32 -43 -11 -89 -28 -102 -36 -29
-19 -38 -51 -21 -73 12 -16 18 -15 81 23 82 47 167 88 209 97 37 9 65 33 65
56 0 23 -24 42 -95 77 -65 32 -174 91 -190 102 -5 4 -22 12 -37 18 -21 10 -29
9 -39 -3z"/>
<path d="M4526 2904 c-4 -10 -2 -22 3 -27 7 -7 13 -5 17 7 4 10 2 22 -3 27 -7
7 -13 5 -17 -7z"/>
<path d="M4889 2904 c-9 -11 -10 -20 -2 -32 11 -19 80 -61 133 -82 106 -41 74
-50 -155 -41 -110 4 -206 5 -213 3 -19 -7 -27 -52 -11 -64 9 -5 103 -7 240 -3
155 5 229 4 233 -4 4 -6 -11 -15 -36 -21 -24 -6 -57 -15 -74 -19 -39 -11 -113
-58 -121 -77 -6 -17 14 -44 33 -44 8 0 42 19 76 43 35 23 79 48 98 56 19 7 50
19 68 27 18 8 43 14 56 14 54 0 76 72 29 91 -70 27 -223 106 -264 136 -52 37
-70 40 -90 17z"/>
<path d="M5667 2913 c-12 -11 -8 -50 6 -60 6 -6 48 -25 92 -42 89 -37 118 -57
94 -66 -8 -3 -104 -1 -214 3 -110 5 -207 5 -216 1 -24 -12 -31 -39 -17 -57 11
-13 44 -14 245 -7 196 6 233 5 233 -7 0 -9 -26 -21 -72 -33 -103 -26 -152 -54
-156 -87 -5 -41 25 -43 94 -8 32 17 73 40 89 50 96 61 151 73 197 42 33 -22
168 -169 168 -183 0 -6 11 -25 25 -43 14 -18 25 -36 25 -39 0 -28 -175 53
-183 84 -4 16 -12 20 -34 17 -26 -3 -28 -6 -28 -48 0 -42 2 -45 35 -56 88 -31
211 -65 269 -73 84 -13 151 -60 195 -136 10 -16 51 -57 92 -90 73 -59 81 -69
66 -79 -11 -7 -122 33 -153 55 -31 22 -72 25 -87 7 -12 -16 2 -58 20 -58 7 0
26 -7 41 -15 16 -8 59 -18 95 -21 37 -4 91 -17 121 -30 57 -26 106 -31 117
-13 6 11 0 34 -58 211 -15 48 -28 95 -28 103 0 9 -7 29 -15 45 -12 23 -22 30
-45 30 -48 0 -45 -15 46 -227 10 -24 10 -34 2 -39 -13 -8 -187 173 -214 223
-11 19 -35 40 -65 53 -49 23 -54 33 -73 130 -11 57 -26 108 -41 136 -8 16 -15
36 -15 44 0 8 -10 27 -23 42 -16 21 -28 26 -44 22 -30 -8 -29 -20 11 -106 44
-95 58 -141 50 -162 -5 -13 -9 -14 -20 -5 -8 6 -14 19 -14 29 0 9 -10 25 -21
36 -12 10 -35 43 -52 72 -18 34 -50 68 -84 94 -30 22 -67 52 -81 67 -15 15
-52 39 -82 53 -30 14 -65 35 -77 47 -12 11 -27 21 -33 21 -6 0 -42 18 -79 40
-65 39 -91 47 -104 33z"/>
<path d="M1863 2613 c-26 -26 -74 -67 -107 -91 -32 -24 -61 -52 -63 -62 -3
-11 -16 -26 -30 -35 -29 -19 -29 -68 -1 -73 21 -4 118 77 118 99 0 17 56 63
64 51 16 -26 -38 -156 -85 -203 -23 -23 -24 -52 -4 -69 28 -24 60 2 82 67 35
99 43 129 43 151 0 28 39 94 51 86 6 -3 7 -63 3 -153 -6 -122 -4 -148 8 -158
11 -10 19 -9 37 3 22 16 22 17 16 212 -4 109 -8 203 -10 210 -3 6 -20 12 -39
12 -27 0 -44 -9 -83 -47z"/>
<path d="M1595 2063 c-102 -79 -96 -75 -156 -104 -59 -27 -76 -59 -50 -91 l19
-22 70 62 c58 52 92 73 92 59 0 -14 -73 -176 -89 -198 -20 -27 -21 -30 -5 -54
9 -14 22 -25 30 -25 15 0 44 50 44 77 0 10 6 29 13 43 7 14 23 53 36 87 25 66
43 89 62 78 7 -5 9 -27 5 -69 -10 -103 -10 -186 2 -198 6 -6 22 -8 37 -4 l26
7 -4 200 c-4 197 -8 218 -38 219 -3 0 -45 -30 -94 -67z"/>
<path d="M6848 1883 c-10 -2 -18 -8 -18 -13 0 -5 -2 -15 -5 -23 -7 -16 130
-153 196 -196 24 -16 60 -42 79 -59 32 -27 33 -31 16 -38 -11 -4 -38 0 -65 10
-124 48 -147 56 -168 56 -27 0 -37 -14 -29 -44 4 -18 15 -25 43 -31 36 -6 82
-19 183 -52 25 -8 67 -25 93 -39 27 -13 55 -24 62 -24 29 0 29 61 0 120 -15
30 -51 146 -66 215 -14 58 -25 75 -50 75 -23 0 -33 -33 -19 -61 10 -18 50
-149 50 -163 0 -3 -10 5 -23 17 -13 12 -38 35 -57 50 -18 15 -69 67 -113 115
-88 95 -84 92 -109 85z"/>
<path d="M1340 1529 c-41 -34 -97 -81 -124 -105 -27 -24 -59 -47 -71 -50 -13
-3 -27 -16 -33 -30 -10 -20 -8 -25 9 -35 24 -12 36 -5 119 65 29 25 57 46 62
46 19 0 5 -34 -36 -87 -52 -68 -76 -134 -56 -158 22 -26 40 -16 61 33 11 26
24 55 29 64 6 10 10 22 10 27 0 20 73 130 82 125 6 -4 9 -57 6 -133 l-3 -126
35 0 35 0 0 200 c0 110 -4 206 -9 213 -15 22 -40 12 -116 -49z"/>
<path d="M8520 1569 c-69 -10 -197 -26 -370 -44 -217 -23 -261 -30 -270 -45
-11 -17 -12 -878 -1 -884 15 -10 786 -18 809 -9 l23 9 0 482 c0 266 -3 487 -6
492 -7 12 -106 11 -185 -1z m128 -205 l-3 -157 -353 -1 c-349 -1 -353 -1 -358
20 -7 29 1 212 10 222 4 4 58 10 119 13 62 4 168 14 237 24 175 24 248 32 303
33 l48 2 -3 -156z m0 -467 l-3 -252 -255 -5 c-140 -3 -259 -2 -264 2 -5 4 -8
81 -7 172 2 157 1 166 -20 187 -19 19 -28 21 -79 15 -84 -10 -90 -5 -90 69 0
35 4 65 10 67 5 2 168 2 360 0 l350 -3 -2 -252z m-594 57 c12 -31 7 -302 -6
-310 -19 -12 -98 -11 -108 1 -9 11 -13 303 -4 317 3 4 29 8 59 8 39 0 54 -4
59 -16z"/>
<path d="M488 1373 c-10 -2 -51 -75 -102 -178 -48 -95 -93 -176 -101 -179 -13
-4 -15 -38 -15 -210 0 -113 3 -207 8 -209 12 -8 810 -12 818 -5 8 9 8 9 4 233
-3 154 -5 173 -25 205 -12 19 -25 45 -29 56 -6 18 -44 91 -76 144 -20 33 -40
84 -40 101 0 10 -7 25 -16 33 -13 14 -46 16 -212 15 -108 -1 -205 -3 -214 -6z
m393 -54 c5 -8 9 -22 9 -32 0 -9 4 -25 9 -35 5 -9 20 -42 35 -72 14 -30 40
-79 57 -107 17 -29 27 -53 22 -53 -16 -1 -648 -1 -657 -1 -5 1 -3 9 5 19 8 9
25 40 39 67 14 28 28 52 31 55 3 3 25 41 48 85 23 43 46 82 52 86 6 3 85 5
176 4 126 -2 168 -6 174 -16z m160 -509 c-2 -85 -6 -158 -10 -162 -3 -3 -73
-8 -156 -10 l-150 -3 -3 82 c-3 96 1 93 -128 97 -113 3 -120 -2 -116 -93 1
-48 -2 -72 -10 -78 -19 -11 -111 -12 -125 0 -10 7 -13 53 -13 166 l0 156 358
0 357 -1 -4 -154z m-398 -47 c13 -3 17 -15 17 -57 0 -28 -5 -57 -12 -64 -19
-19 -96 -15 -106 6 -14 27 -8 102 8 112 15 10 61 11 93 3z"/>
<path d="M7313 1364 c-4 -11 17 -37 66 -85 39 -38 71 -74 71 -80 0 -12 90
-101 128 -126 12 -8 22 -19 22 -24 0 -15 -67 -10 -80 6 -7 8 -19 15 -27 15 -7
0 -36 11 -64 25 -39 20 -54 23 -69 15 -27 -15 -25 -24 11 -53 35 -27 32 -47
-7 -47 -14 0 -51 -14 -82 -32 -31 -17 -70 -38 -87 -45 -55 -26 -60 -30 -69
-56 -12 -34 0 -48 72 -85 32 -16 84 -43 117 -61 33 -17 66 -31 73 -31 7 0 23
-7 35 -15 21 -13 67 -11 67 4 0 3 -8 16 -18 28 -16 21 -141 83 -166 83 -7 0
-21 9 -31 20 -30 33 -9 41 76 31 99 -12 351 -18 367 -8 15 10 16 43 1 53 -9 5
-164 5 -384 0 -22 -1 -42 4 -44 9 -2 6 38 31 90 58 81 41 102 47 154 47 34 0
66 -5 73 -12 11 -11 69 -35 108 -45 12 -3 26 2 34 12 11 14 9 26 -18 83 -29
63 -92 254 -92 278 0 6 -11 16 -24 22 -18 8 -28 7 -45 -4 l-20 -15 30 -67 c17
-37 38 -80 45 -95 16 -32 19 -77 6 -77 -5 0 -29 23 -53 52 -24 29 -61 71 -81
94 -21 23 -38 46 -38 52 0 6 -19 29 -42 52 -45 43 -93 54 -105 24z"/>
<path d="M2878 1067 c-7 -7 -49 -30 -93 -51 -44 -21 -87 -44 -95 -51 -8 -7
-40 -22 -70 -33 -48 -17 -55 -23 -55 -47 0 -30 1 -31 90 -71 33 -14 83 -43
110 -63 56 -41 138 -76 160 -67 21 8 19 55 -2 62 -10 3 -60 27 -111 52 -64 32
-92 51 -89 62 2 8 10 13 18 12 26 -7 393 -20 406 -15 19 8 26 42 11 60 -11 14
-36 15 -205 10 -106 -4 -193 -3 -193 2 0 23 88 71 131 71 37 0 68 42 49 65
-15 18 -44 19 -62 2z"/>
<path d="M4480 1072 c-8 -2 -21 -9 -28 -15 -8 -6 -37 -19 -64 -29 -28 -10 -58
-24 -67 -32 -10 -9 -52 -32 -94 -51 -116 -54 -116 -79 1 -129 39 -17 82 -40
95 -51 12 -11 45 -31 73 -44 27 -13 57 -28 66 -32 30 -15 56 -10 63 11 7 22
-9 50 -28 50 -24 0 -197 93 -197 106 0 12 25 13 143 9 78 -3 171 -7 207 -10
36 -2 70 -1 76 3 16 10 24 40 17 58 -5 15 -28 16 -202 13 -195 -4 -227 1 -178
28 49 26 91 43 109 43 31 0 58 19 58 40 0 22 -28 40 -50 32z"/>
<path d="M6000 1060 c-19 -10 -55 -28 -80 -40 -25 -11 -58 -29 -75 -39 -16
-10 -56 -29 -88 -42 -59 -24 -81 -46 -72 -71 5 -13 111 -68 131 -68 5 0 20
-10 34 -21 82 -66 177 -107 210 -89 36 19 18 41 -65 79 -119 55 -145 70 -145
87 0 12 20 14 138 9 75 -3 172 -8 215 -10 73 -5 78 -4 86 17 4 12 6 31 3 42
-5 18 -13 19 -209 12 -125 -4 -203 -3 -203 3 0 20 87 61 162 76 35 7 48 43 22
62 -22 16 -21 16 -64 -7z"/>
<path d="M1430 1061 c0 -5 -15 -14 -32 -20 -67 -19 -104 -37 -168 -78 -36 -24
-73 -43 -83 -43 -15 0 -18 -7 -15 -32 2 -26 10 -37 35 -49 18 -9 47 -28 66
-42 32 -24 111 -67 191 -103 42 -19 69 -11 74 22 2 15 -13 26 -75 52 -126 54
-168 77 -168 92 0 8 6 14 13 12 28 -5 418 -19 429 -15 19 8 26 42 11 60 -11
14 -36 15 -209 9 -107 -3 -198 -3 -202 0 -10 10 38 37 103 58 99 33 102 35 98
59 -2 17 -11 23 -35 25 -18 2 -33 -1 -33 -7z"/>
<path d="M2100 1055 c-14 -7 -45 -21 -70 -31 -123 -47 -240 -119 -240 -149 0
-15 30 -36 115 -81 33 -17 86 -45 118 -63 31 -17 65 -31 75 -31 10 0 23 -5 30
-12 14 -14 42 6 42 31 0 16 -41 39 -185 102 -48 21 -65 34 -65 53 0 5 15 5 33
2 45 -10 415 -26 432 -20 21 8 29 43 13 61 -11 14 -37 15 -215 10 -111 -4
-204 -3 -207 2 -6 10 125 71 152 71 25 0 42 19 42 47 0 27 -29 30 -70 8z"/>
<path d="M3656 1061 c-3 -4 -34 -18 -68 -31 -84 -29 -76 -26 -133 -60 -27 -16
-61 -35 -75 -42 -55 -27 -53 -58 6 -97 25 -17 50 -31 55 -31 6 0 30 -13 54
-30 24 -16 49 -30 56 -30 6 0 26 -8 43 -19 17 -10 48 -24 70 -31 41 -13 56 -5
56 30 0 13 -122 80 -144 80 -22 0 -96 43 -96 55 0 13 22 14 158 10 86 -3 183
-8 215 -10 69 -6 97 6 97 40 0 36 -25 39 -241 31 -138 -5 -189 -4 -189 4 0 14
122 70 153 70 29 0 47 18 47 47 0 19 -5 23 -29 23 -17 0 -32 -4 -35 -9z"/>
<path d="M5180 1039 c-30 -15 -61 -28 -68 -28 -7 -1 -53 -24 -102 -52 -107
-60 -114 -78 -51 -128 21 -17 45 -31 53 -31 8 0 34 -13 56 -30 23 -16 48 -30
55 -30 7 0 18 -5 23 -10 15 -15 107 -47 122 -42 6 2 12 15 12 28 0 25 -22 38
-187 109 -41 17 -56 39 -31 47 6 2 41 1 77 -3 36 -4 133 -9 214 -12 147 -4
149 -4 159 19 6 12 8 30 4 40 -6 15 -26 16 -209 13 -111 -2 -204 -1 -207 4 -5
8 109 62 151 71 29 6 42 27 33 51 -9 21 -41 16 -104 -16z"/>
<path d="M6760 1056 c-7 -9 -18 -16 -25 -16 -7 0 -26 -7 -41 -15 -16 -8 -36
-15 -45 -15 -9 0 -22 -7 -29 -15 -7 -8 -21 -15 -31 -15 -10 0 -21 -5 -24 -11
-4 -5 -28 -20 -53 -32 -67 -32 -69 -61 -7 -105 25 -17 49 -32 53 -32 5 0 29
-13 55 -30 26 -16 53 -30 59 -30 6 0 19 -6 27 -14 22 -20 100 -46 117 -39 8 3
14 15 14 27 0 19 -18 31 -100 69 -56 26 -104 47 -109 47 -5 0 -14 7 -21 15
-23 28 1 38 61 26 30 -5 126 -11 213 -13 155 -2 159 -2 174 20 12 19 12 24 1
38 -12 15 -35 16 -206 10 -124 -4 -194 -3 -198 4 -7 11 109 70 139 70 31 0 45
13 48 40 3 21 -2 25 -28 28 -19 2 -36 -3 -44 -12z"/>
<path d="M7909 533 c-14 -3 -17 -24 -21 -121 -5 -127 -4 -138 19 -146 27 -11
33 4 33 75 0 55 3 69 15 69 11 0 15 -11 15 -37 0 -21 7 -47 15 -57 8 -11 15
-28 15 -38 0 -10 7 -18 15 -18 8 0 15 9 15 19 0 11 6 26 14 34 8 8 16 31 18
52 2 27 9 40 24 45 19 8 20 6 13 -53 -9 -71 -4 -89 24 -85 20 3 21 10 21 131
l1 127 -26 0 c-26 0 -38 -20 -65 -107 -2 -7 -7 -13 -12 -13 -5 0 -12 -19 -16
-42 -5 -32 -9 -39 -16 -28 -5 8 -10 27 -10 42 0 15 -4 30 -10 33 -5 3 -14 23
-20 44 -12 47 -39 79 -61 74z"/>
<path d="M8187 463 c-4 -3 -7 -40 -7 -82 1 -97 17 -121 84 -121 58 0 66 14 66
119 0 81 -6 96 -34 85 -12 -5 -16 -21 -16 -69 0 -66 -15 -93 -45 -81 -11 4
-15 21 -15 65 0 78 -11 106 -33 84z"/>
<path d="M8378 445 c-10 -13 -18 -31 -18 -39 0 -22 36 -56 59 -56 36 0 53 -11
40 -26 -13 -16 -43 -18 -69 -4 -27 15 -35 -5 -13 -35 26 -35 79 -34 110 2 13
14 23 31 23 37 -1 24 -38 55 -71 58 -24 2 -35 9 -37 22 -4 17 1 18 45 12 60
-8 70 0 41 31 -30 32 -87 31 -110 -2z"/>
<path d="M8570 456 c0 -8 -7 -16 -15 -20 -11 -4 -15 -21 -15 -67 0 -50 4 -66
23 -85 30 -32 76 -32 107 1 26 28 25 28 -40 29 -33 1 -45 5 -45 16 0 11 14 16
50 20 48 5 50 6 53 38 5 46 -30 82 -80 82 -26 0 -38 -4 -38 -14z m71 -36 c15
0 10 -27 -7 -34 -27 -10 -44 -7 -51 10 -7 18 15 36 35 29 8 -3 18 -5 23 -5z"/>
<path d="M8720 390 c0 -72 3 -85 23 -106 17 -18 33 -24 70 -24 42 0 49 3 58
27 5 14 8 60 7 102 -3 68 -5 76 -23 76 -18 0 -20 -8 -23 -67 -2 -53 -7 -70
-21 -78 -33 -17 -50 8 -53 80 -2 52 -6 65 -20 68 -16 3 -18 -6 -18 -78z"/>
<path d="M245 437 c-24 -13 0 -37 36 -37 21 0 29 -5 30 -17 0 -10 1 -63 2
-118 2 -93 3 -100 22 -100 19 0 20 8 23 117 l3 117 37 3 c29 2 37 7 37 23 0
18 -7 20 -87 21 -48 0 -94 -4 -103 -9z"/>
<path d="M810 400 c0 -5 1 -11 2 -12 1 -2 -4 -13 -11 -26 -11 -20 -10 -27 4
-42 14 -15 16 -30 10 -78 -7 -65 7 -89 45 -77 21 7 27 29 10 40 -13 8 -13 112
0 120 7 4 7 12 0 25 -5 10 -10 28 -10 39 0 16 -6 21 -25 21 -14 0 -25 -4 -25
-10z"/>
<path d="M465 333 c-36 -40 -36 -114 1 -148 36 -34 83 -33 108 2 15 20 17 30
8 44 -8 13 -8 19 0 21 6 2 11 18 11 34 0 71 -78 100 -128 47z m88 -19 c11 -11
-5 -34 -23 -34 -20 0 -43 23 -33 33 8 9 48 9 56 1z m-4 -73 c8 -5 11 -16 8
-25 -7 -17 -34 -21 -55 -7 -11 6 -10 11 3 25 19 18 24 19 44 7z"/>
<path d="M648 335 c-14 -31 -4 -43 22 -27 21 13 53 16 63 6 13 -13 -7 -34 -32
-34 -29 0 -71 -36 -71 -61 0 -20 42 -59 63 -59 10 0 20 7 24 15 5 14 7 14 23
0 25 -22 30 -10 30 69 -1 87 -19 116 -74 116 -29 0 -39 -5 -48 -25z m82 -80
c0 -16 -25 -55 -36 -55 -23 0 -25 19 -4 40 18 18 40 27 40 15z"/>
<path d="M916 276 c-7 -93 -2 -119 23 -114 12 3 16 16 16 58 0 56 19 100 42
100 16 0 17 26 3 35 -6 4 -17 2 -25 -5 -9 -7 -15 -8 -20 0 -3 5 -12 10 -19 10
-9 0 -15 -25 -20 -84z"/>
<path d="M1054 352 c-25 -17 -44 -59 -44 -97 0 -82 86 -126 138 -71 32 34 32
123 -1 154 -23 22 -71 29 -93 14z m67 -44 c2 -25 -3 -93 -7 -100 -2 -3 -13 -4
-24 -1 -16 4 -20 14 -20 52 0 26 3 51 7 54 11 12 43 8 44 -5z"/>
</g>
</svg>
