<?xml version="1.0" standalone="no"?>
<!DOCTYPE svg PUBLIC "-//W3C//DTD SVG 20010904//EN"
 "http://www.w3.org/TR/2001/REC-SVG-20010904/DTD/svg10.dtd">
<svg version="1.0" xmlns="http://www.w3.org/2000/svg"
 width="639.000000pt" height="450.000000pt" viewBox="0 0 639.000000 450.000000"
 preserveAspectRatio="xMidYMid meet">
<metadata>
Created by potrace 1.10, written by Peter Selinger 2001-2011
</metadata>
<g transform="translate(0.000000,450.000000) scale(0.100000,-0.100000)"
fill="#000000" stroke="none">
<path d="M2143 4151 c-64 -22 -77 -33 -108 -85 -31 -55 -39 -99 -25 -141 20
-60 8 -79 -61 -105 -107 -40 -231 -174 -244 -265 -12 -74 41 -149 122 -176 52
-17 152 -5 217 26 66 31 151 120 167 174 14 47 0 122 -37 198 -32 66 -29 85
19 100 60 20 124 70 153 119 26 45 27 45 9 85 -33 73 -119 101 -212 70z m135
-63 c26 -26 12 -59 -50 -124 -67 -70 -96 -80 -122 -42 -31 44 -13 115 40 157
30 24 112 29 132 9z m-213 -311 c8 -13 22 -58 31 -101 15 -73 15 -81 -1 -116
-37 -81 -117 -125 -216 -118 -45 3 -65 9 -75 23 -42 57 12 188 105 259 114 85
131 91 156 53z"/>
<path d="M5091 4159 c-14 -5 -31 -19 -39 -30 -7 -11 -31 -40 -53 -65 -21 -25
-39 -53 -39 -64 0 -33 29 -31 69 5 21 19 56 41 79 49 44 16 249 25 270 12 9
-5 -5 -26 -51 -75 -35 -37 -76 -86 -93 -108 -16 -23 -54 -75 -85 -115 -31 -40
-64 -88 -74 -106 -37 -74 -159 -218 -191 -226 -15 -4 -26 -16 -30 -32 -8 -32
10 -47 46 -38 14 3 75 8 135 11 119 5 145 16 145 60 0 27 -8 28 -45 9 -74 -38
-73 30 2 135 18 25 37 56 42 70 6 13 31 51 56 84 24 33 54 78 66 100 20 37 66
96 174 223 50 60 51 61 31 87 -12 17 -17 18 -57 5 -57 -17 -230 -10 -319 14
-8 3 -26 0 -39 -5z"/>
<path d="M3604 4121 c-84 -56 -117 -88 -157 -153 -37 -58 -77 -171 -77 -216 0
-40 39 -111 71 -127 34 -18 62 -18 113 0 44 15 66 11 66 -14 0 -25 -118 -136
-164 -155 -46 -19 -126 -21 -174 -4 -30 11 -35 11 -48 -6 -9 -13 -10 -24 -4
-36 17 -31 64 -43 158 -38 78 5 94 9 155 44 80 45 87 52 150 135 99 132 127
174 127 192 0 10 7 32 16 49 74 143 48 320 -53 359 -13 5 -46 9 -72 9 -39 0
-59 -7 -107 -39z m174 -33 c20 -20 14 -114 -13 -191 -31 -91 -75 -178 -95
-187 -30 -14 -116 -43 -143 -48 -38 -6 -67 21 -67 65 0 43 50 162 98 232 67
98 183 166 220 129z"/>
<path d="M4500 4143 c-19 -8 -55 -21 -80 -27 -38 -9 -45 -15 -45 -36 0 -22 5
-25 38 -28 31 -3 37 -7 37 -25 0 -12 -11 -39 -25 -59 -14 -20 -25 -42 -25 -49
0 -7 -11 -35 -24 -63 -14 -28 -32 -76 -41 -106 -9 -30 -28 -80 -42 -110 -91
-199 -92 -200 -129 -200 -27 0 -56 -32 -48 -53 8 -22 28 -27 65 -17 18 5 64 7
103 3 60 -5 74 -3 86 12 19 22 2 49 -34 53 -30 4 -35 34 -11 66 8 11 15 29 15
39 0 22 58 167 95 240 14 26 25 52 25 58 0 12 9 34 77 178 54 115 57 135 23
138 -14 1 -41 -5 -60 -14z"/>
<path d="M2522 3504 c-15 -10 -22 -25 -22 -49 0 -33 12 -46 75 -81 39 -22 31
-68 -25 -154 -29 -44 -58 -84 -66 -91 -16 -13 -19 -55 -3 -64 21 -14 57 6 84
47 87 131 99 159 99 238 1 98 -8 126 -47 150 -39 24 -65 25 -95 4z"/>
<path d="M1085 3010 c-3 -5 3 -10 14 -10 12 0 21 5 21 10 0 6 -6 10 -14 10 -8
0 -18 -4 -21 -10z"/>
<path d="M4796 2905 l-31 -10 -3 -275 c-2 -254 8 -481 23 -522 4 -9 17 -19 31
-22 13 -4 38 -19 56 -34 18 -15 45 -36 60 -45 15 -10 30 -28 34 -42 8 -31 70
-47 88 -23 6 8 51 35 100 59 48 24 108 61 132 82 98 86 122 218 56 312 -39 56
-40 70 -4 92 61 38 82 65 82 106 0 59 -26 102 -82 138 -72 47 -135 50 -218 13
-73 -33 -112 -79 -136 -161 -14 -49 -14 -56 0 -78 25 -38 43 -30 65 30 12 31
21 59 21 64 0 20 101 101 127 103 57 3 79 -3 102 -29 19 -21 22 -34 18 -66 -7
-52 -40 -84 -105 -103 -72 -21 -67 -52 11 -69 76 -16 68 -190 -15 -307 -24
-34 -137 -88 -184 -88 -61 0 -144 67 -144 115 0 10 -16 33 -35 51 l-35 33 8
63 c4 35 6 167 2 293 -3 127 -2 238 3 248 7 16 33 17 390 15 l382 -3 3 -428
c2 -310 0 -433 -9 -443 -8 -10 -32 -12 -105 -7 -60 4 -122 1 -167 -7 -100 -17
-103 -18 -88 -33 8 -8 72 -13 217 -14 l205 -3 8 23 c10 24 5 909 -5 940 -12
38 -37 40 -438 41 -238 1 -400 -3 -420 -9z"/>
<path d="M2720 2776 c0 -8 4 -17 9 -20 10 -7 23 19 14 28 -11 11 -23 6 -23 -8z"/>
<path d="M3226 2771 c-3 -5 1 -14 9 -21 13 -10 15 -9 15 9 0 21 -14 28 -24 12z"/>
<path d="M4515 2728 c-73 -45 -250 -214 -322 -306 -54 -69 -98 -182 -96 -242
1 -25 10 -70 20 -100 16 -50 23 -57 68 -80 76 -37 126 -34 205 15 85 52 127
98 170 181 30 60 35 78 35 141 0 66 -2 74 -29 102 -39 41 -82 48 -138 23 -45
-20 -98 -73 -98 -98 0 -22 19 -16 52 16 33 34 66 45 103 36 36 -9 41 -46 15
-103 -44 -97 -52 -110 -129 -191 -70 -73 -82 -82 -114 -82 -68 0 -84 64 -46
179 26 75 78 181 119 237 44 61 197 201 247 225 51 25 57 32 49 65 -9 34 -31
30 -111 -18z"/>
<path d="M3780 2720 c-77 -39 -79 -41 -342 -310 -57 -58 -125 -123 -151 -144
-55 -45 -70 -67 -61 -91 7 -18 21 -17 89 8 55 20 213 7 232 -19 26 -35 -12
-97 -70 -117 -29 -9 -43 -20 -45 -35 -4 -27 31 -46 66 -37 15 4 56 7 91 6 67
-2 91 9 91 40 0 14 -9 21 -30 25 -47 10 -52 25 -24 72 25 41 25 42 84 41 72
-1 127 16 135 42 10 31 -4 42 -44 35 -20 -4 -51 -9 -70 -13 l-34 -6 6 38 c3
21 17 54 30 74 13 20 27 47 31 61 7 24 53 127 82 182 8 14 14 34 14 45 0 10
11 35 25 55 28 41 31 58 13 76 -18 18 -36 14 -118 -28z m-2 -94 c2 -10 -11
-48 -28 -84 -48 -100 -95 -202 -115 -250 -24 -57 -39 -63 -116 -51 -35 6 -79
9 -99 7 -56 -5 -44 24 40 95 41 34 89 82 108 107 19 25 65 80 104 123 70 77
99 92 106 53z"/>
<path d="M2019 2698 c-26 -26 -50 -60 -53 -74 -4 -15 -18 -42 -32 -60 -18 -23
-24 -40 -19 -54 6 -20 11 -21 74 -14 77 7 114 -6 151 -53 28 -35 24 -86 -14
-169 -38 -84 -158 -197 -231 -219 -66 -19 -88 -19 -125 0 -28 15 -30 19 -30
74 0 64 -14 85 -50 79 -12 -2 -29 -15 -38 -30 -13 -22 -14 -32 -3 -68 7 -23
28 -58 46 -79 66 -73 196 -77 315 -9 77 43 205 178 224 236 24 68 20 124 -10
183 -32 61 -80 94 -155 106 -51 8 -54 10 -54 38 0 47 49 67 146 59 83 -7 172
8 202 34 20 18 22 47 5 59 -7 4 -78 8 -158 9 l-145 1 -46 -49z"/>
<path d="M6090 2465 c0 -8 5 -15 10 -15 6 0 10 7 10 15 0 8 -4 15 -10 15 -5 0
-10 -7 -10 -15z"/>
<path d="M295 2352 c-10 -10 -5 -60 8 -69 7 -5 89 -7 197 -4 102 3 216 4 255
1 125 -10 158 4 140 59 -6 19 -18 19 -300 19 -162 -1 -297 -3 -300 -6z"/>
<path d="M2538 2114 c-54 -29 -46 -109 12 -121 78 -15 70 -90 -20 -195 -44
-51 -60 -77 -60 -99 0 -32 19 -46 44 -32 15 8 105 123 123 158 6 11 18 47 27
79 20 80 7 147 -39 193 -37 37 -48 39 -87 17z"/>
<path d="M4769 2013 c-2 -43 2 -67 13 -80 13 -16 154 -18 163 -3 3 6 3 11 -2
11 -4 1 -23 3 -41 5 -49 6 -88 30 -102 64 -16 37 -30 39 -31 3z"/>
<path d="M1010 1980 c0 -5 7 -10 15 -10 8 0 15 5 15 10 0 6 -7 10 -15 10 -8 0
-15 -4 -15 -10z"/>
<path d="M1153 1524 c-13 -20 -13 -27 -2 -40 10 -13 38 -15 163 -14 382 3 474
3 511 3 22 0 218 -1 435 -1 217 0 429 -1 470 -1 41 -1 149 -3 240 -5 91 -2
351 -4 579 -4 271 -1 417 -5 426 -12 9 -8 11 -42 7 -138 -7 -160 -7 -364 -1
-553 6 -198 20 -185 -214 -192 -234 -7 -296 -24 -162 -42 77 -11 357 -6 387 6
25 10 26 14 21 59 -3 26 -1 50 4 53 6 4 29 -8 53 -25 41 -30 47 -32 132 -30
86 1 91 2 149 41 33 22 67 43 77 46 26 9 104 109 134 173 40 82 38 144 -4 208
-37 55 -91 89 -154 99 -52 7 -61 26 -30 62 24 27 26 28 151 30 137 2 165 11
187 59 10 20 9 27 -2 34 -8 5 -86 6 -175 3 -172 -7 -178 -9 -191 -63 -8 -38
-21 -61 -59 -108 -54 -67 -50 -72 54 -72 81 0 92 -2 120 -26 83 -69 25 -223
-133 -354 -71 -60 -88 -68 -158 -69 -39 -1 -50 3 -68 26 -12 15 -19 34 -16 43
17 55 17 58 -5 79 -13 11 -31 21 -42 21 -16 0 -18 4 -11 23 11 31 12 367 1
397 -5 14 -10 66 -12 117 -3 79 -1 93 15 108 13 12 27 15 49 10 52 -11 1955
-14 1969 -3 16 14 15 43 -2 60 -10 11 -41 13 -127 11 -118 -3 -657 -3 -1889
-1 -393 0 -760 0 -815 0 -55 -1 -538 0 -1073 2 l-973 3 -16 -23z"/>
<path d="M3146 1392 c-28 -86 -18 -630 12 -640 7 -2 12 6 12 23 0 14 5 35 10
45 13 23 19 458 8 520 -10 55 -33 83 -42 52z"/>
<path d="M1990 1337 c-58 -28 -69 -39 -97 -92 -35 -65 -43 -125 -19 -144 24
-20 54 3 62 47 17 91 113 172 189 158 38 -8 75 -52 75 -91 0 -41 -37 -83 -90
-102 -45 -16 -50 -21 -48 -43 2 -20 9 -26 36 -28 44 -4 55 -35 49 -138 -5 -92
-18 -123 -79 -181 -74 -72 -153 -91 -232 -55 -34 15 -43 27 -65 82 -26 65 -26
65 -66 65 -34 0 -40 -3 -43 -23 -4 -26 34 -95 74 -136 52 -51 99 -68 189 -68
107 0 150 19 240 108 69 67 71 71 84 140 l14 72 -37 74 c-20 40 -36 76 -36 80
0 4 18 19 40 33 46 29 70 70 70 120 0 52 -61 115 -133 138 -75 24 -103 21
-177 -16z"/>
<path d="M5385 1348 c-51 -18 -213 -140 -249 -188 -37 -49 -242 -243 -294
-277 -56 -38 -75 -74 -50 -99 12 -13 20 -12 57 1 51 18 189 20 225 3 30 -13
41 -40 27 -67 -14 -25 -69 -71 -87 -71 -15 0 -30 -43 -20 -58 8 -13 229 -2
238 12 16 22 2 41 -32 46 -33 5 -35 7 -34 43 2 62 24 77 114 77 64 0 80 3 99
21 12 11 21 28 19 37 -4 18 -21 19 -94 7 -28 -5 -44 -3 -49 4 -6 10 44 124
116 263 10 20 19 45 19 54 0 9 13 38 29 65 36 58 50 117 30 130 -17 11 -26 10
-64 -3z m-49 -113 c4 -9 -18 -66 -48 -128 -30 -62 -68 -143 -84 -180 -35 -84
-50 -93 -118 -78 -28 6 -70 10 -94 10 -72 -2 -71 13 5 74 73 59 119 105 202
207 86 104 124 130 137 95z"/>
<path d="M3730 1340 l-125 -5 -32 -50 c-18 -27 -46 -68 -63 -91 -57 -77 -39
-105 65 -97 92 7 130 -11 146 -71 15 -54 0 -101 -61 -192 -73 -108 -184 -184
-268 -184 -62 0 -99 33 -88 77 19 75 8 93 -50 79 -64 -16 -51 -95 29 -174 50
-49 58 -53 103 -54 28 -1 63 6 81 15 18 10 38 17 45 17 62 1 216 124 268 216
58 101 48 223 -24 277 -33 25 -105 54 -146 59 -33 4 -38 38 -9 64 18 16 37 19
138 19 125 1 169 14 192 57 10 18 8 24 -7 35 -10 7 -29 12 -43 11 -14 -1 -82
-5 -151 -8z"/>
<path d="M521 1036 c-12 -14 -5 -26 16 -26 15 0 18 26 4 34 -5 3 -14 0 -20 -8z"/>
<path d="M2665 715 c-44 -43 -31 -89 31 -116 39 -16 44 -22 44 -52 0 -36 -47
-118 -83 -148 -12 -9 -30 -31 -40 -48 -17 -29 -17 -31 3 -51 l21 -21 27 21
c27 21 85 107 122 180 22 44 25 95 9 169 -18 85 -84 117 -134 66z"/>
<path d="M3146 649 c-9 -45 -7 -107 2 -113 16 -9 348 -3 358 7 8 8 -147 18
-189 12 -26 -4 -58 -1 -82 8 -34 12 -42 20 -56 60 -20 61 -25 64 -33 26z"/>
<path d="M6159 384 c-11 -14 -11 -18 6 -30 22 -16 39 -5 33 22 -4 24 -22 28
-39 8z"/>
</g>
</svg>
