<?xml version="1.0" standalone="no"?>
<!DOCTYPE svg PUBLIC "-//W3C//DTD SVG 20010904//EN"
 "http://www.w3.org/TR/2001/REC-SVG-20010904/DTD/svg10.dtd">
<svg version="1.0" xmlns="http://www.w3.org/2000/svg"
 width="747.000000pt" height="546.000000pt" viewBox="0 0 747.000000 546.000000"
 preserveAspectRatio="xMidYMid meet">
<metadata>
Created by potrace 1.10, written by Peter Selinger 2001-2011
</metadata>
<g transform="translate(0.000000,546.000000) scale(0.100000,-0.100000)"
fill="#000000" stroke="none">
<path d="M1750 5351 c-8 -5 -48 -14 -89 -20 -41 -7 -78 -14 -83 -18 -6 -3 -35
-9 -66 -13 -53 -8 -122 -20 -302 -56 -107 -22 -205 -40 -280 -54 -36 -6 -78
-15 -95 -20 -16 -5 -52 -12 -80 -15 -27 -4 -61 -11 -75 -16 -14 -5 -52 -13
-85 -18 -73 -11 -190 -34 -310 -61 -50 -11 -97 -21 -105 -21 -30 -1 -60 -10
-60 -18 0 -5 18 -31 40 -59 22 -27 40 -55 40 -60 0 -6 6 -15 13 -19 6 -4 17
-17 24 -28 71 -118 104 -172 150 -238 29 -43 53 -80 53 -83 0 -5 57 -94 121
-192 16 -24 29 -46 29 -49 0 -3 14 -22 30 -43 17 -21 30 -40 30 -44 0 -3 21
-38 47 -78 103 -161 158 -246 204 -316 27 -41 49 -78 49 -82 0 -5 10 -21 23
-37 13 -15 57 -81 98 -146 41 -64 99 -156 129 -204 l55 -86 253 -2 c144 0 256
-5 261 -11 14 -14 19 -123 7 -133 -6 -5 -65 -8 -131 -6 -90 3 -701 7 -782 5
-9 0 -12 -106 -13 -447 -1 -247 -3 -493 -5 -548 -11 -256 -9 -299 9 -328 18
-27 19 -27 132 -27 l114 0 0 -28 c0 -15 -5 -33 -11 -39 -6 -6 -15 -26 -19 -44
-59 -225 -90 -368 -90 -415 0 -18 -5 -45 -11 -61 -26 -64 -52 -470 -39 -619
14 -174 28 -282 36 -296 4 -6 11 -28 15 -47 16 -75 44 -135 79 -172 l37 -39
121 0 c70 0 123 4 127 10 3 6 15 10 25 10 17 0 38 22 141 143 l26 31 204 -12
c112 -7 271 -12 353 -12 146 0 151 1 176 25 14 13 66 53 115 88 l90 63 3 67 3
67 37 -6 c35 -6 41 -2 103 58 l66 63 12 135 c7 74 16 209 21 300 4 91 11 176
14 190 3 14 10 135 16 270 9 241 19 306 50 325 5 3 10 27 10 53 0 26 5 65 10
87 19 82 43 841 26 867 -6 10 -31 27 -56 38 -25 11 -52 25 -60 30 -22 13 -167
80 -175 80 -3 0 -44 18 -91 40 -47 22 -88 40 -91 40 -6 0 -66 25 -103 44 -23
11 -25 16 -22 76 2 36 8 69 13 75 6 6 123 10 294 10 l284 0 27 27 c27 26 48
71 64 138 23 91 33 128 46 158 8 18 14 47 14 65 0 18 4 37 9 43 5 5 26 74 45
154 39 155 61 237 78 285 6 17 14 50 18 75 5 25 18 81 30 125 12 44 25 96 29
115 4 19 13 51 19 70 60 190 62 206 42 302 -14 68 -29 76 -95 54 -25 -9 -66
-16 -91 -16 -25 0 -89 -6 -142 -14 -53 -8 -151 -22 -217 -31 -66 -9 -147 -20
-179 -26 -108 -19 -197 -23 -206 -10 -10 17 -110 131 -186 211 -33 36 -78 85
-100 109 -21 24 -61 67 -89 96 -182 192 -173 184 -205 166z m33 -149 c21 -42
46 -90 55 -107 9 -16 43 -73 74 -126 31 -54 66 -115 78 -136 11 -21 24 -45 29
-53 19 -31 80 -137 107 -185 58 -107 66 -122 98 -180 33 -62 167 -294 198
-343 10 -15 23 -38 30 -53 12 -24 95 -174 160 -289 17 -30 35 -56 40 -58 4 -2
8 -8 8 -14 0 -6 14 -30 30 -55 17 -24 30 -47 30 -52 0 -4 16 -26 35 -48 19
-23 35 -46 35 -52 0 -6 5 -11 10 -11 6 0 10 -6 10 -14 0 -12 -55 -15 -322 -18
l-323 -4 -42 25 c-23 14 -42 32 -43 40 0 18 -140 151 -159 151 -8 0 -31 -8
-52 -17 -43 -21 -72 -71 -63 -109 3 -13 1 -38 -6 -54 l-12 -30 -137 5 c-75 2
-176 5 -226 6 -97 2 -175 16 -175 31 0 5 -17 35 -39 66 -39 58 -148 222 -166
251 -5 8 -30 47 -55 85 -25 38 -54 84 -65 102 -56 93 -202 322 -245 382 -16
23 -30 45 -30 48 0 4 -14 26 -30 51 -17 24 -37 58 -46 76 -9 18 -40 68 -69
112 -87 134 -121 188 -141 225 -10 19 -34 56 -52 83 -48 70 -42 81 48 88 41 3
85 10 97 17 12 7 37 12 55 12 18 0 87 12 153 26 66 14 150 29 186 33 36 5 75
13 86 20 12 6 41 11 65 11 24 0 53 7 64 15 10 8 40 15 65 15 25 0 68 7 95 15
27 8 65 15 85 15 19 0 58 6 85 14 27 8 73 17 103 21 30 3 60 9 65 13 11 7 124
28 161 30 15 1 29 -16 58 -76z m138 -88 c24 -28 64 -74 89 -103 25 -29 60 -67
78 -84 17 -17 32 -36 32 -43 0 -7 27 -37 60 -67 33 -29 60 -58 60 -64 0 -5 12
-20 26 -34 14 -13 32 -39 41 -57 13 -28 14 -37 3 -58 -15 -27 -4 -48 11 -21
14 23 26 21 41 -7 7 -14 34 -47 61 -74 45 -48 58 -72 38 -72 -5 0 -12 8 -15
17 -5 11 -10 13 -17 6 -8 -8 -5 -17 11 -33 17 -17 24 -19 36 -9 13 11 21 6 50
-25 19 -20 34 -41 34 -47 0 -5 6 -9 13 -9 6 -1 28 -21 47 -45 19 -25 41 -45
47 -45 7 0 13 -9 13 -19 0 -11 6 -21 13 -24 9 -3 7 -10 -7 -25 -20 -23 -16
-52 8 -52 9 0 19 12 22 26 5 20 11 24 29 20 18 -5 28 2 50 34 31 45 44 50 52
19 4 -16 8 -17 14 -7 13 19 11 28 -6 28 -21 0 -19 27 6 66 26 42 39 43 39 4 0
-16 -4 -30 -10 -30 -5 0 -10 -8 -10 -17 1 -14 6 -12 25 10 27 31 31 57 14 85
-10 16 -3 31 42 95 30 42 70 107 90 144 24 45 43 69 56 71 l21 3 -20 -68 c-11
-37 -24 -93 -28 -123 -8 -55 -11 -68 -57 -230 -14 -47 -28 -101 -33 -120 -5
-19 -16 -60 -26 -90 -9 -30 -21 -77 -26 -105 -6 -27 -16 -65 -24 -83 -8 -18
-14 -43 -14 -55 0 -12 -9 -46 -20 -76 -12 -29 -28 -83 -36 -120 -8 -36 -22
-77 -31 -90 -15 -24 -16 -23 -59 65 -24 49 -49 98 -56 109 -53 81 -88 145 -88
158 0 9 -9 21 -20 27 -11 6 -20 19 -20 30 0 10 -4 22 -10 25 -5 3 -10 13 -10
20 0 8 -20 44 -45 80 -25 37 -48 77 -51 90 -3 13 -12 29 -20 36 -8 6 -14 15
-14 20 0 4 -27 54 -61 111 -33 57 -64 110 -69 118 -5 8 -23 42 -41 75 -17 33
-40 71 -50 84 -11 13 -19 32 -19 42 0 10 -5 21 -10 24 -6 4 -22 29 -35 56 -14
27 -29 49 -33 49 -4 0 -13 15 -20 33 -6 18 -26 55 -44 82 -18 28 -41 66 -51
85 -11 19 -32 54 -48 78 -16 24 -29 46 -29 50 0 4 -11 24 -25 44 -23 34 -37
95 -16 73 5 -6 28 -33 52 -61z m1197 -357 c2 -18 -1 -27 -11 -27 -22 0 -241
-313 -314 -450 -17 -30 -37 -56 -45 -58 -8 -1 -28 17 -45 40 -17 24 -48 61
-68 83 -21 22 -81 89 -133 149 -52 61 -112 124 -133 140 -62 50 -53 63 44 69
82 5 179 15 397 42 63 8 142 17 175 21 33 4 69 10 80 15 33 13 50 6 53 -24z
m-1144 -1242 c24 -25 47 -53 51 -63 3 -9 21 -28 41 -42 69 -49 64 -37 68 -180
2 -63 -15 -93 -48 -84 -12 2 -70 6 -131 7 l-110 2 3 180 c4 195 11 225 56 225
16 0 41 -17 70 -45z m160 -401 c9 -3 16 -12 16 -20 0 -11 -18 -14 -77 -14 -82
0 -128 14 -82 24 21 5 48 8 111 14 9 1 23 -1 32 -4z m-42 -204 c-2 -74 -8
-272 -14 -440 -6 -168 -12 -354 -13 -415 l-3 -110 -150 -3 c-119 -2 -153 -6
-163 -18 -26 -32 5 -39 169 -39 l157 0 3 -60 c1 -33 7 -127 12 -210 6 -82 17
-260 25 -395 8 -135 19 -297 25 -360 5 -63 10 -153 10 -200 0 -47 7 -139 15
-205 21 -172 24 -158 -37 -151 -51 6 -456 26 -589 30 -57 1 -65 -1 -62 -15 3
-9 0 -20 -6 -23 -6 -4 -11 -15 -11 -25 0 -22 -71 -122 -124 -174 -20 -20 -36
-41 -36 -47 0 -5 -17 -10 -39 -10 -21 0 -52 -3 -68 -6 -26 -5 -33 0 -71 50
-23 30 -42 62 -42 69 0 8 -9 34 -20 58 -11 24 -20 60 -20 80 0 19 -5 40 -11
46 -18 18 -21 438 -4 557 8 55 15 123 15 153 0 50 14 140 45 283 8 36 21 99
30 140 9 41 21 89 27 105 5 17 13 44 16 60 3 17 11 40 19 52 8 12 12 31 8 42
-7 24 37 116 60 125 46 17 74 -14 35 -41 -17 -12 -21 -22 -16 -45 4 -20 1 -30
-9 -34 -8 -4 -15 -19 -15 -35 0 -15 -9 -37 -20 -47 -16 -15 -20 -29 -18 -68 2
-39 0 -49 -12 -47 -12 2 -15 -14 -15 -95 0 -53 -6 -142 -13 -197 -6 -55 -16
-188 -22 -295 -5 -107 -14 -236 -20 -287 -12 -112 -13 -330 -1 -337 4 -3 11
-25 13 -49 3 -24 17 -60 34 -84 29 -42 47 -52 59 -33 4 6 13 5 26 -3 18 -10
24 -8 49 21 17 17 37 32 45 32 9 0 15 9 15 25 0 14 7 28 15 31 8 4 15 15 15
25 0 17 33 94 46 108 2 3 11 -4 18 -15 14 -18 16 -16 40 36 14 30 26 67 26 81
0 14 3 29 8 33 8 9 26 107 47 271 21 157 40 293 55 380 33 196 40 246 40 282
0 21 5 44 11 50 6 6 13 29 15 52 3 24 9 54 15 67 12 34 11 99 -5 219 -14 102
-9 135 19 135 7 0 21 8 30 17 23 22 12 89 -19 120 l-23 23 -57 -26 c-69 -31
-93 -69 -77 -116 18 -51 14 -66 -23 -78 -23 -7 -41 -7 -60 0 -20 7 -36 6 -63
-5 -19 -8 -40 -15 -45 -15 -25 0 -15 36 30 107 82 128 75 121 111 100 35 -21
46 -16 86 33 11 13 28 31 37 39 10 9 18 23 18 32 0 9 7 22 15 29 7 6 17 33 21
58 3 26 11 52 16 59 23 29 -4 299 -38 380 -8 17 -14 37 -14 44 0 21 -79 118
-109 133 -26 14 -30 13 -64 -11 -21 -14 -37 -32 -37 -38 0 -7 -7 -18 -15 -25
-14 -11 -28 -38 -49 -90 -3 -8 -10 -22 -15 -30 -16 -24 -161 -327 -161 -335 0
-4 -6 -21 -14 -38 -38 -86 -70 -277 -62 -373 4 -52 2 -75 -7 -83 -18 -14 -184
-2 -198 15 -7 9 -7 52 0 146 5 73 10 319 11 547 0 228 3 418 6 423 3 4 177 9
387 9 210 1 416 4 457 8 41 3 124 4 185 1 l109 -5 -2 -135z m220 99 c84 -26
102 -36 128 -69 35 -45 37 -56 10 -65 -22 -7 -27 -31 -8 -37 17 -6 0 -28 -23
-28 -29 0 -23 -28 8 -32 29 -3 45 -28 19 -28 -9 0 -20 -10 -24 -22 -4 -13 -5
-151 -2 -308 6 -353 1 -487 -20 -500 -21 -13 -267 -13 -275 0 -5 8 8 586 20
870 1 25 2 94 3 154 l2 109 33 -7 c17 -3 76 -20 129 -37z m308 -125 c47 -19
92 -42 100 -50 15 -15 16 -185 7 -794 l-2 -125 -123 0 c-84 0 -122 -4 -122
-11 0 -6 -7 -17 -15 -24 -13 -10 -18 -11 -28 -1 -9 10 -6 18 16 37 23 19 28
32 27 66 -2 154 1 236 9 291 6 34 13 163 16 287 6 257 14 360 28 360 2 0 41
-16 87 -36z m-1033 -38 c13 -12 23 -25 23 -30 0 -5 11 -32 25 -61 42 -91 73
-327 48 -375 -7 -14 -13 -37 -13 -52 0 -32 -41 -121 -74 -162 -28 -33 -60 -29
-79 11 -10 23 -7 28 35 66 71 64 83 100 83 242 0 114 -2 123 -32 187 -50 106
-85 112 -143 26 -39 -60 -71 -98 -82 -98 -16 0 -7 41 15 78 13 20 36 63 52 95
33 67 77 109 103 100 9 -4 27 -16 39 -27z m-28 -216 c12 -21 20 -59 24 -122 5
-84 4 -94 -18 -132 -13 -23 -32 -50 -42 -62 -45 -51 -123 -176 -123 -198 0 -8
-13 -41 -30 -74 -16 -34 -30 -70 -30 -81 0 -27 -26 -27 -33 -1 -7 28 -34 36
-56 16 -10 -9 -26 -16 -36 -16 -14 0 -16 6 -11 32 3 17 15 49 25 72 39 86 51
117 51 132 0 9 6 28 14 42 8 15 22 47 31 72 9 25 23 57 31 72 8 14 14 33 14
41 0 8 7 20 15 27 8 7 15 23 15 35 0 13 7 25 15 29 8 3 15 16 15 29 0 14 7 30
15 37 8 7 15 18 15 26 0 19 40 54 62 54 10 0 27 -14 37 -30z m908 -137 c-2
-16 -4 -3 -4 27 0 30 2 43 4 28 2 -16 2 -40 0 -55z m-1133 -69 c-30 -59 -54
-114 -54 -123 0 -9 -7 -25 -15 -35 -8 -11 -15 -35 -15 -54 0 -35 -22 -42 -28
-8 -4 18 23 113 43 156 7 14 20 43 30 65 34 74 56 105 75 105 16 0 10 -16 -36
-106z m338 -420 c-2 -10 -8 -23 -13 -28 -11 -12 -23 19 -15 40 8 22 32 11 28
-12z m-87 -209 c1 -44 -2 -111 -7 -150 -4 -38 -15 -133 -23 -210 -23 -214 -63
-495 -89 -635 -61 -321 -66 -342 -83 -347 -17 -6 -30 53 -42 195 -11 120 -20
191 -41 322 -6 36 -16 112 -21 170 -5 58 -14 118 -19 134 -16 47 -12 261 5
303 8 19 15 45 15 57 0 12 6 30 14 41 7 11 16 34 19 50 3 17 12 57 20 90 l14
60 72 2 c41 1 75 4 77 6 2 2 23 1 46 -2 l42 -6 1 -80z m821 40 c3 -8 1 -45 -5
-82 -5 -37 -13 -243 -16 -458 -6 -385 -14 -752 -19 -830 -4 -51 -21 -85 -45
-85 -9 0 -28 -11 -40 -24 -13 -13 -31 -26 -40 -29 -17 -4 -19 11 -25 182 -4
102 -11 240 -17 306 -5 66 -14 201 -19 300 -11 206 -25 416 -41 591 -7 67 -8
127 -5 133 5 7 53 11 137 11 105 0 131 -3 135 -15z m246 3 c3 -7 1 -35 -3 -63
-5 -27 -13 -124 -19 -214 -6 -90 -13 -167 -15 -172 -3 -4 -10 -99 -15 -211
-17 -370 -30 -501 -50 -522 -35 -36 -40 -13 -40 185 0 104 -6 281 -14 392 -8
111 -17 288 -20 394 -8 230 -11 223 99 223 48 0 75 -4 77 -12z m-1492 -63 c0
-8 -4 -15 -10 -15 -5 0 -10 7 -10 15 0 8 5 15 10 15 6 0 10 -7 10 -15z m1290
-635 c11 -234 28 -462 36 -493 4 -11 -2 -20 -18 -26 -48 -18 -48 -17 -48 278
0 248 8 476 16 468 2 -1 8 -104 14 -227z m-1210 -327 c-1 -57 20 -310 30 -362
5 -30 10 -78 10 -107 0 -44 -4 -55 -21 -64 -46 -25 -53 1 -68 275 -10 191 -7
231 20 246 11 5 19 16 19 24 0 8 2 15 5 15 3 0 5 -12 5 -27z"/>
<path d="M1826 4901 c-4 -6 -3 -19 3 -28 9 -17 10 -17 17 0 8 21 -10 45 -20
28z"/>
<path d="M528 4888 c9 -9 15 -9 24 0 9 9 7 12 -12 12 -19 0 -21 -3 -12 -12z"/>
<path d="M480 4866 c0 -9 7 -16 16 -16 17 0 14 22 -4 28 -7 2 -12 -3 -12 -12z"/>
<path d="M1797 4823 c-11 -10 -8 -51 3 -58 6 -4 10 8 10 29 0 37 -2 41 -13 29z"/>
<path d="M2065 4466 c-9 -21 3 -47 26 -55 11 -3 12 -1 2 10 -6 8 -13 25 -15
39 -4 23 -5 23 -13 6z"/>
<path d="M1255 3670 c-8 -13 4 -32 16 -25 12 8 12 35 0 35 -6 0 -13 -4 -16
-10z"/>
<path d="M2394 4404 c3 -9 6 -18 6 -20 0 -2 5 -4 10 -4 6 0 10 9 10 20 0 12
-7 20 -16 20 -11 0 -14 -5 -10 -16z"/>
<path d="M2577 4273 c-12 -11 -8 -23 8 -23 8 0 15 7 15 15 0 16 -12 20 -23 8z"/>
<path d="M2450 4231 c0 -11 5 -23 10 -26 6 -3 10 3 10 14 0 11 -4 23 -10 26
-5 3 -10 -3 -10 -14z"/>
<path d="M2545 4239 c-10 -15 3 -25 16 -12 7 7 7 13 1 17 -6 3 -14 1 -17 -5z"/>
<path d="M2630 4555 c0 -8 5 -15 10 -15 6 0 10 7 10 15 0 8 -4 15 -10 15 -5 0
-10 -7 -10 -15z"/>
<path d="M2206 2728 c-3 -129 -3 -249 0 -268 4 -18 20 -59 35 -89 16 -31 29
-69 29 -86 0 -16 6 -50 14 -75 8 -25 24 -79 35 -120 26 -90 20 -100 -52 -91
l-49 6 -1 187 c-2 135 -5 190 -15 200 -14 14 -14 6 -16 -267 l-1 -160 78 -3
c82 -3 109 7 106 37 -1 9 1 24 6 34 12 29 -2 97 -24 118 -12 11 -21 27 -21 37
0 26 -31 153 -47 189 -7 17 -13 46 -13 65 0 19 -4 38 -10 44 -5 5 -12 34 -16
65 -7 60 13 121 62 186 13 17 24 36 24 41 0 5 18 23 39 40 38 30 39 33 28 67
-11 36 -61 75 -97 75 -34 0 -30 -16 11 -40 45 -29 48 -47 14 -88 -14 -17 -25
-33 -25 -36 0 -12 -44 -66 -53 -66 -6 0 -7 26 -2 68 4 37 8 87 9 112 1 38 -2
45 -20 48 -20 3 -21 -1 -28 -230z"/>
<path d="M2366 2723 c-8 -50 -8 -419 1 -507 12 -130 21 -40 24 229 1 149 1
280 0 293 -2 35 -18 26 -25 -15z"/>
<path d="M2576 2843 c-3 -4 -6 -34 -6 -67 0 -34 -6 -113 -14 -176 -8 -67 -14
-215 -15 -353 0 -131 -3 -242 -6 -246 -9 -16 6 -41 25 -41 24 0 35 17 21 34
-15 18 -10 258 5 263 13 4 48 -185 47 -254 -1 -38 2 -53 12 -53 33 0 36 25 41
433 l6 405 -29 19 c-38 26 -80 43 -87 36z m62 -94 c1 -19 7 -43 13 -54 12 -25
8 -510 -5 -510 -14 0 -43 134 -51 235 -4 60 -3 125 5 173 7 50 8 82 2 90 -11
14 -10 76 2 95 13 22 31 7 34 -29z"/>
<path d="M1447 2461 c-9 -16 -17 -39 -17 -51 0 -12 -9 -43 -21 -70 -41 -95 -9
-117 44 -31 20 32 44 61 52 65 32 12 7 116 -28 116 -7 0 -20 -13 -30 -29z"/>
<path d="M5031 3275 c-21 -9 -66 -15 -120 -15 -54 0 -94 -5 -106 -13 -11 -7
-38 -19 -60 -26 -64 -22 -140 -58 -151 -72 -19 -24 -22 -56 -12 -104 14 -66
-3 -87 -118 -142 -52 -25 -94 -48 -94 -52 0 -11 -71 -38 -120 -45 -125 -18
-190 -25 -240 -26 -31 0 -60 -4 -66 -10 -5 -5 -56 -19 -114 -31 -218 -46 -373
-156 -430 -307 l-18 -47 -108 -12 c-60 -8 -121 -20 -136 -28 -14 -8 -32 -15
-40 -15 -8 0 -27 -14 -43 -30 -26 -28 -29 -38 -33 -119 l-4 -89 -40 -22 c-45
-25 -95 -96 -104 -149 -4 -20 -11 -41 -16 -48 -14 -17 -31 -136 -31 -213 -1
-114 13 -202 40 -254 26 -50 27 -76 7 -188 -5 -31 -3 -39 12 -44 44 -13 49
-21 50 -75 2 -56 22 -148 46 -209 33 -87 97 -121 224 -122 92 0 120 12 153 66
10 17 22 50 26 73 3 22 12 49 20 59 13 18 15 18 62 1 26 -9 58 -17 69 -17 31
0 41 -18 49 -85 16 -150 121 -319 251 -408 54 -36 191 -56 274 -39 31 7 71 12
88 12 57 0 164 99 252 232 22 33 40 66 40 74 0 8 8 22 19 33 18 18 20 18 92 0
67 -17 129 -18 669 -20 327 -1 618 -2 647 -3 47 -1 56 -5 100 -47 96 -92 191
-134 330 -148 154 -14 229 5 358 90 86 58 185 153 185 179 0 4 7 13 15 20 8 7
15 21 15 31 0 19 39 34 135 49 52 9 134 36 171 57 11 6 26 29 32 50 14 50 36
325 28 358 -4 14 -23 36 -46 50 -44 28 -47 37 -25 79 36 68 27 223 -17 308
-21 40 -109 135 -161 173 -15 12 -63 38 -105 59 -42 21 -84 42 -92 47 -18 11
-22 12 -90 32 -30 8 -79 23 -109 31 -29 9 -67 16 -85 16 -17 0 -56 7 -86 15
-30 8 -75 15 -100 15 -37 1 -92 8 -228 30 -2 0 -12 19 -22 43 -35 78 -72 97
-205 104 -81 4 -93 7 -118 31 -16 15 -36 41 -44 57 -20 39 -116 164 -145 190
-45 40 -117 64 -242 81 -65 9 -83 28 -78 83 4 38 8 44 41 58 20 9 63 29 97 45
33 15 63 28 67 28 13 0 125 80 175 125 48 43 53 51 50 84 -3 30 -9 39 -41 54
-62 31 -141 37 -237 20 -83 -15 -165 -35 -225 -55 -16 -5 -37 -12 -46 -15 -11
-3 -21 9 -34 39 -16 38 -50 78 -65 77 -3 0 -20 -6 -39 -14z m27 -148 c3 -35 1
-38 -40 -56 -98 -43 -120 -51 -138 -51 -10 0 -21 -4 -24 -9 -3 -4 -20 -11 -38
-15 -17 -3 -39 -12 -47 -20 -9 -8 -25 -16 -36 -18 -26 -4 -33 -38 -8 -38 10 0
38 9 62 20 24 11 51 20 60 20 10 0 26 7 37 15 10 8 29 15 41 15 12 0 34 6 50
14 15 8 55 25 88 37 33 12 80 31 105 42 25 11 65 24 90 28 25 4 79 14 120 24
41 9 106 18 143 20 60 4 68 2 65 -13 -4 -22 -121 -93 -248 -151 -14 -6 -38
-20 -55 -31 -76 -50 -128 -53 -133 -8 -2 20 -10 30 -28 34 -30 8 -42 -2 -26
-18 21 -21 13 -37 -22 -44 -34 -6 -52 -26 -40 -45 10 -17 43 -9 49 11 3 11 15
20 26 20 42 0 17 -121 -35 -169 -26 -24 -27 -24 -55 -8 -41 24 -145 22 -176
-3 -8 -7 -17 -11 -18 -9 -23 35 -28 58 -17 80 28 53 51 69 102 69 42 0 50 3
58 24 5 13 28 34 51 47 23 13 44 30 47 37 6 19 -49 15 -93 -8 -22 -11 -47 -20
-57 -20 -9 0 -20 -4 -23 -10 -3 -5 -19 -10 -34 -10 -16 0 -34 -7 -41 -15 -7
-8 -23 -15 -35 -15 -12 0 -28 -7 -35 -15 -7 -8 -18 -15 -24 -15 -15 0 -89 -68
-109 -100 -15 -24 -21 -25 -104 -25 -73 0 -88 3 -91 17 -2 9 6 20 20 25 13 4
74 34 137 66 102 53 111 60 95 72 -16 11 -17 18 -7 61 27 116 30 120 113 150
75 27 215 46 255 33 14 -4 21 -17 23 -42z m141 -310 c-9 -12 -51 31 -43 44 3
6 15 1 28 -13 12 -13 19 -27 15 -31z m-409 38 c0 -3 -9 -22 -20 -42 -11 -21
-20 -43 -20 -49 0 -14 -72 -12 -77 3 -5 13 56 73 75 73 6 0 12 5 12 10 0 6 7
10 15 10 8 0 15 -2 15 -5z m390 -89 c0 -8 -4 -18 -10 -21 -5 -3 -10 3 -10 14
0 12 5 21 10 21 6 0 10 -6 10 -14z m-358 -57 c2 -6 56 -12 133 -15 72 -3 166
-10 210 -15 44 -6 114 -14 155 -19 41 -5 88 -13 103 -19 16 -6 39 -11 51 -11
20 0 96 -63 96 -80 0 -4 9 -18 20 -31 29 -36 32 -40 64 -89 42 -64 96 -166 96
-182 0 -18 34 -85 55 -108 14 -15 42 -17 270 -19 178 -1 277 -6 332 -16 43 -8
95 -15 115 -15 65 0 304 -81 408 -138 36 -19 88 -60 117 -91 59 -62 78 -116
75 -216 -2 -73 -26 -191 -43 -211 -18 -22 -89 -8 -184 36 -44 21 -100 41 -125
45 -25 4 -67 16 -93 26 -27 10 -54 16 -61 13 -7 -3 -19 2 -26 11 -7 8 -23 15
-35 15 -13 0 -52 7 -87 16 -84 22 -330 14 -358 -11 -22 -20 -28 -11 -28 37 0
20 -4 44 -10 53 -22 41 -168 60 -237 31 -33 -14 -39 -24 -47 -81 -4 -22 34
-18 -428 -48 -140 -9 -313 -21 -385 -27 l-130 -10 -24 -32 c-48 -63 -161 -165
-198 -177 -48 -17 -274 -26 -398 -16 -85 6 -95 9 -100 28 -21 78 -29 106 -41
134 -8 17 -14 38 -14 46 0 30 -91 193 -131 236 -47 50 -112 76 -165 67 -26 -5
-41 -17 -59 -46 -48 -76 -56 -114 -61 -315 -5 -173 -8 -196 -32 -255 -14 -35
-28 -89 -31 -120 -7 -65 -20 -72 -84 -41 -24 12 -53 21 -65 21 -11 0 -23 4
-26 9 -3 5 -21 12 -40 15 -18 4 -60 19 -92 35 -92 45 -139 109 -143 196 -2 27
-8 61 -15 75 -7 14 -21 68 -30 120 -15 86 -33 167 -58 271 -17 74 -62 75 -72
2 -10 -77 -7 -157 10 -212 14 -48 14 -57 -1 -102 -30 -89 -48 -59 -65 113 -9
81 -9 126 -2 150 6 18 13 52 16 76 16 110 139 216 276 237 63 10 78 10 97 -3
13 -8 23 -21 23 -28 0 -18 58 -54 85 -54 50 0 91 71 50 86 -18 7 -21 109 -4
120 14 8 29 -14 29 -43 0 -52 45 -96 65 -63 3 5 20 14 38 19 18 5 57 18 87 29
91 33 192 62 215 62 13 0 40 7 61 16 26 11 73 17 139 19 55 1 107 5 115 8 8 3
71 8 140 11 143 6 159 8 180 21 19 12 112 14 127 3 6 -5 51 -7 99 -4 50 3 95
1 106 -5 13 -7 29 -6 53 2 23 9 38 9 47 2 7 -5 55 -10 107 -11 52 -1 97 -6
100 -10 7 -10 166 -32 232 -32 25 0 50 -5 56 -11 6 -6 48 -13 94 -16 60 -5 87
-11 96 -22 9 -13 14 -14 24 -3 7 6 23 12 36 12 18 0 23 6 23 26 0 14 -6 38
-13 52 -54 107 -72 140 -88 158 -11 11 -19 23 -19 27 0 10 -62 100 -84 122
-31 31 -67 52 -104 59 -17 4 -34 12 -37 17 -8 12 -165 12 -165 0 0 -10 35 -21
68 -21 50 0 161 -42 200 -75 53 -46 182 -263 182 -308 0 -15 -5 -18 -22 -14
-13 3 -57 11 -99 17 -90 14 -110 23 -91 42 16 16 16 74 0 88 -39 33 -140 100
-151 100 -7 0 -25 6 -41 13 -22 10 -26 17 -22 39 6 33 -18 52 -46 37 -38 -21
-49 9 -18 48 23 30 26 56 6 72 -12 10 -16 5 -26 -24 -6 -19 -15 -35 -20 -35
-11 0 -23 -55 -16 -77 3 -10 19 -26 36 -35 30 -17 42 -58 18 -58 -21 0 -104
27 -138 45 -29 15 -31 20 -25 48 3 18 9 51 12 75 5 41 4 42 -25 42 -16 0 -46
7 -65 15 -25 10 -38 11 -42 4 -8 -12 -11 -9 48 -44 33 -19 46 -32 43 -44 -2
-9 -7 -37 -11 -62 -7 -55 3 -67 76 -83 62 -14 64 -30 4 -34 -34 -2 -47 1 -51
12 -5 13 -23 16 -89 16 -91 0 -127 -17 -139 -65 -6 -25 -8 -25 -105 -25 -55 0
-106 -3 -115 -6 -10 -4 -18 1 -23 12 -10 27 50 72 106 80 25 3 56 12 68 20 12
8 35 14 50 14 43 0 156 31 176 48 9 8 17 26 17 39 0 24 -34 45 -92 58 -22 4
-28 11 -28 33 0 15 -4 33 -9 41 -7 11 -13 7 -25 -18 -9 -17 -23 -31 -32 -31
-21 0 -63 51 -64 78 0 21 4 22 64 22 36 0 66 -5 68 -11z m-749 -34 c-3 -14
-29 -18 -61 -10 -21 5 -23 8 -11 16 18 12 75 7 72 -6z m581 5 c29 -11 52 -50
43 -74 -5 -12 -12 -13 -49 -2 -24 7 -60 16 -80 20 -35 6 -39 4 -58 -26 -14
-22 -20 -46 -18 -73 l3 -40 57 -1 c31 -1 64 -4 73 -8 21 -8 10 -26 -17 -26
-51 0 -148 -79 -148 -122 0 -37 -24 -48 -112 -48 -78 -1 -192 -13 -220 -25
-15 -6 -18 -2 -18 25 0 38 -57 114 -125 168 -43 33 -48 34 -83 24 -20 -6 -59
-14 -87 -17 -96 -13 -217 -61 -264 -104 -40 -37 -51 -39 -51 -7 0 46 42 88
130 133 46 24 89 48 94 53 6 6 19 10 29 10 10 0 31 6 45 13 15 8 42 21 60 30
19 9 44 17 56 17 12 0 31 7 42 15 10 8 40 15 65 15 25 0 54 7 65 15 10 8 37
15 59 15 22 1 76 7 120 14 97 16 354 20 389 6z m-686 -39 c4 -11 -5 -13 -44
-7 -42 5 -52 3 -67 -14 -9 -11 -26 -20 -38 -20 -11 0 -33 -6 -47 -14 -15 -7
-62 -31 -105 -51 -43 -21 -80 -42 -83 -47 -3 -4 -14 -8 -25 -8 -25 0 -25 27 1
35 11 3 20 11 20 16 0 5 4 9 9 9 6 0 30 14 54 30 25 17 51 30 58 30 8 0 25 6
39 13 31 16 175 46 209 43 8 0 16 -7 19 -15z m23 -264 c45 -42 73 -83 64 -97
-3 -5 -22 -10 -41 -10 -63 0 -295 -65 -374 -105 -41 -20 -79 -26 -100 -15 -18
10 -19 17 -13 83 7 82 12 87 92 113 30 9 66 23 80 30 14 8 37 14 51 15 14 0
34 4 45 9 11 5 52 9 90 9 66 1 72 -1 106 -32z m1243 22 c13 -6 27 -23 31 -37
7 -27 31 -51 53 -52 17 0 15 39 -3 46 -18 7 -20 34 -4 34 24 0 99 -71 99 -94
0 -12 5 -27 12 -34 20 -20 -17 -25 -51 -8 -16 9 -47 16 -67 16 -22 0 -46 8
-58 18 -12 10 -36 25 -54 32 -30 12 -34 11 -48 -9 -17 -23 -77 -30 -90 -10
-10 17 37 50 64 45 15 -2 26 2 29 13 6 16 42 50 55 51 4 0 18 -5 32 -11z
m-244 -29 c11 -11 17 -26 15 -35 -3 -8 -7 -22 -10 -31 -4 -11 -9 -13 -18 -6
-15 12 -92 26 -134 23 -36 -2 -42 13 -23 50 16 28 141 28 170 -1z m860 -55
c25 -8 57 -17 72 -20 15 -3 43 -22 63 -42 61 -63 44 -81 -69 -73 -70 5 -78 8
-101 35 -14 17 -28 42 -31 58 -4 15 -11 30 -15 33 -13 8 0 24 19 24 9 0 37 -7
62 -15z m-2460 -50 c20 -22 22 -29 14 -67 -12 -56 -45 -65 -68 -19 -20 38 -48
47 -80 26 -36 -24 -44 -56 -17 -73 11 -8 21 -21 21 -29 0 -13 -10 -15 -51 -11
-59 6 -68 13 -79 64 -8 36 -6 42 22 71 29 30 43 36 123 52 70 15 90 12 115
-14z m1830 -14 c0 -6 -5 -13 -10 -16 -15 -9 -43 3 -35 15 8 13 45 13 45 1z
m-1908 -85 c7 -8 35 -38 62 -65 40 -42 46 -54 36 -66 -8 -10 -17 -12 -28 -6
-23 13 -121 134 -116 143 8 13 31 9 46 -6z m573 -502 c13 -14 34 -46 46 -70
20 -43 49 -60 49 -29 0 8 5 15 10 15 13 0 13 -2 -5 -36 -11 -21 -22 -29 -42
-29 -35 0 -37 -20 -3 -21 55 -2 70 -14 70 -56 0 -21 6 -49 14 -61 8 -12 17
-32 21 -44 5 -20 3 -23 -19 -23 -27 0 -43 15 -26 25 5 3 10 12 10 19 0 9 -28
15 -100 20 l-101 7 -37 -31 c-20 -17 -38 -26 -40 -20 -2 5 10 38 27 73 31 64
39 101 22 111 -4 3 -16 -3 -26 -14 -18 -20 -35 -18 -35 4 0 8 9 16 20 19 16 4
20 14 20 45 0 105 68 157 125 96z m2099 -63 c11 -12 16 -31 14 -53 -3 -30 -6
-33 -36 -31 -42 1 -62 19 -62 54 0 46 52 65 84 30z m-116 -77 c3 -22 60 -64
86 -64 29 0 96 40 96 57 0 13 3 14 12 5 16 -16 55 -15 61 2 7 19 47 9 47 -11
0 -12 11 -13 63 -8 70 8 231 -8 322 -32 33 -8 77 -17 99 -18 38 -2 135 -29
169 -47 12 -6 23 -5 32 2 8 7 22 10 32 7 16 -4 15 -6 -4 -12 -29 -9 -29 -22
-1 -52 18 -20 20 -26 10 -49 -12 -24 -15 -25 -66 -19 -50 7 -55 5 -80 -21 -14
-16 -26 -36 -26 -45 0 -8 -11 -22 -25 -29 -24 -13 -24 -14 -5 -27 11 -8 20
-25 20 -38 0 -18 7 -25 30 -30 20 -4 30 -13 30 -25 0 -26 15 -33 30 -15 9 11
34 15 96 15 46 0 84 -4 84 -9 0 -5 -10 -11 -22 -13 -36 -5 -28 -32 10 -36 42
-4 41 -14 -3 -28 -28 -9 -37 -8 -46 2 -18 21 -27 17 -34 -16 -4 -17 -11 -30
-16 -30 -5 0 -14 -11 -19 -25 -6 -15 -15 -23 -24 -19 -16 6 -83 -71 -78 -92 1
-7 -7 -18 -18 -24 -11 -6 -20 -17 -20 -25 0 -20 -36 -19 -44 0 -3 8 -15 15
-26 15 -11 0 -20 -7 -20 -15 0 -8 7 -15 15 -15 23 0 18 -12 -21 -49 -35 -31
-39 -32 -83 -25 -25 5 -76 7 -113 6 -56 -2 -68 0 -68 13 0 8 -7 15 -16 15 -11
0 -15 -6 -11 -20 4 -14 0 -20 -13 -20 -30 0 -89 29 -100 49 -5 11 -23 22 -39
26 -16 3 -35 13 -42 21 -6 8 -16 14 -22 14 -6 0 -19 8 -29 17 -16 14 -21 15
-28 4 -5 -9 -15 -11 -26 -7 -18 7 -18 8 0 21 21 16 22 14 -44 34 -88 25 -248
32 -685 29 -534 -4 -582 -3 -676 6 l-87 9 -46 -33 c-25 -19 -46 -39 -46 -45 0
-7 -11 -17 -24 -23 -13 -6 -30 -23 -38 -39 -7 -15 -23 -29 -35 -31 -13 -2 -25
-14 -32 -33 -5 -16 -14 -29 -20 -29 -17 0 -41 -31 -41 -54 0 -15 -9 -27 -26
-35 -14 -6 -24 -17 -21 -24 3 -9 -6 -11 -35 -9 -22 3 -45 -1 -51 -7 -13 -13
-123 -15 -132 -1 -3 5 21 10 57 12 87 4 75 23 -14 23 -70 0 -73 -1 -71 -23 2
-14 -3 -22 -12 -22 -8 0 -15 5 -15 10 0 6 -7 10 -15 10 -21 0 -31 30 -14 41
20 12 1 27 -46 37 -33 6 -42 13 -50 39 -6 18 -21 43 -33 56 -43 46 -21 51 29
7 42 -36 93 -49 117 -28 58 51 112 111 112 124 0 8 5 12 10 9 6 -4 10 35 10
109 0 119 4 129 39 107 12 -8 12 -12 2 -25 -7 -8 -11 -32 -9 -53 4 -39 6 -37
28 32 9 29 10 40 1 43 -6 2 -11 12 -11 22 0 34 -11 52 -25 40 -17 -14 -27 1
-28 45 -1 43 9 54 28 29 10 -14 14 -15 15 -5 0 8 12 32 26 53 21 29 30 36 40
27 7 -6 26 -8 43 -4 22 5 32 2 40 -12 6 -11 21 -18 38 -18 22 0 29 -6 36 -30
5 -16 21 -55 36 -85 25 -49 32 -56 72 -67 57 -15 243 -16 328 -2 113 18 111
18 111 41 0 12 12 35 27 50 26 27 27 29 11 56 -11 19 -14 33 -8 42 15 23 13
27 -24 49 -59 37 -74 24 -30 -28 21 -25 23 -34 14 -51 -6 -11 -8 -36 -4 -54 5
-28 2 -36 -15 -46 -13 -6 -31 -8 -44 -3 -34 11 -337 3 -359 -10 -28 -18 -48
15 -48 78 0 56 24 105 43 86 15 -15 308 -15 341 0 30 14 40 37 26 54 -8 9 -8
15 0 20 18 11 11 35 -10 35 -22 0 -26 20 -8 38 18 18 28 14 28 -10 1 -34 25
-60 51 -56 32 4 37 28 5 28 -32 0 -43 17 -16 25 12 4 26 18 32 31 23 50 64 58
393 75 392 20 448 26 461 44 7 9 14 11 20 5 13 -13 85 0 91 17 7 19 27 11 31
-13z m-998 -82 c0 -4 -9 -13 -20 -20 -22 -13 -27 -3 -8 16 14 14 28 16 28 4z
m-1814 -77 c8 -20 17 -75 19 -123 7 -144 -35 -235 -67 -145 -17 50 -16 266 2
288 19 23 30 18 46 -20z m3932 -1 c6 -30 16 -35 59 -28 30 4 44 13 52 30 15
33 31 30 31 -6 0 -63 -43 -95 -92 -69 -15 8 -27 8 -45 0 -14 -7 -35 -9 -46 -5
-20 6 -20 7 4 25 21 16 22 18 6 24 -20 8 -22 26 -5 43 16 16 32 10 36 -14z
m-3070 -47 c26 -20 62 -115 73 -193 19 -136 -3 -277 -55 -352 -34 -49 -73 -56
-106 -19 -43 48 -47 55 -54 88 -3 19 -13 47 -21 63 -19 36 -19 50 1 93 12 24
14 37 6 45 -7 7 -7 16 1 30 10 15 9 20 -3 28 -12 7 -12 14 -2 43 14 40 16 74
3 81 -10 7 76 101 99 108 17 6 39 0 58 -15z m180 -61 c5 -38 -15 -58 -32 -33
-7 9 -21 17 -30 17 -22 0 -21 37 2 43 38 11 57 3 60 -27z m3084 2 c-9 -9 -15
-9 -24 0 -10 10 -10 15 2 22 20 12 38 -6 22 -22z m-46 -40 c6 -82 -1 -85 -208
-91 -116 -3 -171 -1 -177 7 -4 6 -11 28 -14 48 -7 47 -13 45 193 52 140 5 156
7 170 25 23 31 32 21 36 -41z m-3928 -138 c13 -16 31 -30 42 -30 12 0 20 -7
20 -17 0 -10 12 -27 27 -38 31 -26 24 -45 -18 -45 -24 0 -29 -4 -29 -24 0 -30
-30 -43 -47 -20 -15 21 -43 11 -43 -16 0 -11 -4 -20 -10 -20 -5 0 -12 27 -16
60 l-7 60 -27 -20 c-37 -27 -40 -26 -40 14 0 42 53 100 83 90 13 -4 20 0 24
15 7 28 15 26 41 -9z m495 16 c6 -16 -2 -28 -14 -20 -12 7 -11 34 0 34 5 0 11
-6 14 -14z m3447 -10 c0 -20 -40 -32 -51 -15 -5 8 -3 17 4 21 20 13 47 9 47
-6z m-3459 -84 c-14 -26 -38 -34 -63 -21 -18 10 -19 12 -5 27 14 13 18 13 33
1 15 -12 18 -12 28 3 14 23 20 15 7 -10z m17 -129 c-4 -22 -22 -20 -26 1 -2
10 3 16 13 16 10 0 15 -7 13 -17z m2672 -228 c0 -8 -4 -15 -10 -15 -5 0 -10 7
-10 15 0 8 5 15 10 15 6 0 10 -7 10 -15z"/>
<path d="M4986 2809 c-15 -9 -16 -13 -5 -20 25 -16 61 -11 57 8 -4 22 -27 26
-52 12z"/>
<path d="M5770 2106 c0 -2 7 -9 15 -16 12 -10 15 -10 15 4 0 9 -7 16 -15 16
-8 0 -15 -2 -15 -4z"/>
<path d="M5395 2079 c-10 -15 1 -23 20 -15 9 3 13 10 10 16 -8 13 -22 13 -30
-1z"/>
<path d="M5935 2050 c-3 -5 1 -10 9 -10 9 0 33 -9 53 -20 45 -24 83 -26 83 -5
0 8 -8 15 -19 15 -10 0 -32 7 -47 15 -33 17 -70 20 -79 5z"/>
<path d="M3820 2021 c0 -16 19 -23 43 -15 21 7 21 7 2 15 -28 11 -45 11 -45 0z"/>
<path d="M3680 2004 c0 -9 5 -14 12 -12 18 6 21 28 4 28 -9 0 -16 -7 -16 -16z"/>
<path d="M4215 2000 c-8 -14 3 -30 21 -30 8 0 14 -7 14 -15 0 -17 16 -20 25
-6 5 9 -36 61 -48 61 -3 0 -9 -4 -12 -10z"/>
<path d="M6110 2004 c0 -3 5 -15 11 -26 9 -16 13 -18 20 -7 4 8 3 19 -3 26
-11 13 -28 18 -28 7z"/>
<path d="M5565 1980 c3 -5 15 -10 25 -10 10 0 25 -6 32 -13 20 -20 103 -44
178 -52 36 -4 70 -11 76 -16 17 -14 134 -24 134 -12 0 14 -35 23 -93 23 -33 0
-49 5 -53 15 -4 9 -19 15 -35 15 -16 0 -55 9 -86 20 -32 11 -70 20 -85 20 -15
0 -28 5 -28 10 0 6 -16 10 -36 10 -21 0 -33 -4 -29 -10z"/>
<path d="M4302 1925 c-26 -30 -48 -32 -62 -5 -11 20 -50 28 -50 10 0 -11 43
-34 83 -44 16 -4 27 -2 27 4 0 6 12 15 26 20 14 6 24 15 22 22 -7 21 -24 19
-46 -7z"/>
<path d="M4373 1905 c-3 -9 -3 -18 0 -21 9 -9 27 6 27 22 0 19 -19 18 -27 -1z"/>
<path d="M4155 1833 c-10 -32 -25 -66 -33 -75 -26 -31 -2 -41 29 -11 20 20 29
38 29 62 0 20 7 39 18 47 15 12 15 15 2 24 -23 15 -25 14 -45 -47z"/>
<path d="M6622 1874 c4 -21 22 -23 26 -1 2 10 -3 17 -13 17 -10 0 -15 -6 -13
-16z"/>
<path d="M4425 1861 c-16 -10 -49 -36 -73 -57 -33 -30 -44 -48 -48 -79 -3 -22
-10 -57 -16 -77 -9 -30 -8 -48 7 -94 39 -125 121 -193 214 -179 57 9 138 74
171 137 33 65 37 153 11 210 -57 126 -182 191 -266 139z m65 -45 c0 -8 -10
-18 -22 -22 -80 -24 -126 -172 -80 -257 20 -37 53 -77 64 -77 4 0 24 -11 44
-25 28 -19 33 -26 21 -31 -27 -10 -119 47 -150 94 -26 39 -29 51 -29 128 0 64
4 90 16 103 9 10 16 22 16 28 0 13 59 59 85 66 33 8 35 8 35 -7z m93 -36 c29
-23 77 -117 77 -152 0 -49 -35 -122 -69 -145 -48 -32 -80 -29 -120 12 -49 49
-80 152 -51 170 6 3 10 16 10 28 1 21 31 67 45 67 4 0 18 9 32 20 32 25 44 25
76 0z"/>
<path d="M6818 1840 c-64 -56 -67 -82 -15 -141 23 -26 53 -68 67 -95 32 -63
59 -94 81 -94 36 0 85 56 104 120 18 59 18 62 -1 116 -27 79 -87 134 -147 134
-37 0 -51 -6 -89 -40z m132 -5 c0 -8 -9 -15 -19 -15 -10 0 -21 -7 -25 -15 -3
-8 -12 -15 -21 -15 -8 0 -15 -7 -15 -15 0 -20 19 -19 55 5 36 24 45 25 45 5 0
-9 6 -18 14 -21 23 -9 39 -60 32 -99 -7 -37 -43 -105 -55 -105 -4 0 -24 29
-45 65 -21 36 -42 68 -47 71 -5 3 -9 15 -9 27 0 12 -9 28 -20 35 -27 16 -16
36 36 67 46 27 74 31 74 10z"/>
<path d="M6620 1771 c0 -11 4 -22 9 -25 11 -7 23 22 15 35 -9 16 -24 10 -24
-10z"/>
<path d="M5618 1759 c-22 -23 -15 -23 37 1 40 18 40 19 10 18 -17 0 -38 -8
-47 -19z"/>
<path d="M4815 1760 c-8 -14 3 -30 21 -30 8 0 14 9 14 20 0 21 -24 28 -35 10z"/>
<path d="M5090 1740 c0 -5 11 -10 24 -10 14 0 28 5 31 10 4 6 -7 10 -24 10
-17 0 -31 -4 -31 -10z"/>
<path d="M6676 1721 c-3 -5 1 -11 9 -15 15 -6 29 7 18 18 -9 9 -21 8 -27 -3z"/>
<path d="M4190 1675 c0 -9 5 -15 11 -13 6 2 11 8 11 13 0 5 -5 11 -11 13 -6 2
-11 -4 -11 -13z"/>
<path d="M3945 1441 c-4 -14 -12 -17 -28 -14 -18 5 -20 3 -9 -8 11 -12 17 -11
39 1 31 17 42 40 20 40 -9 0 -18 -9 -22 -19z"/>
<path d="M6695 1390 c-4 -6 9 -10 32 -9 30 0 34 2 18 9 -27 12 -43 12 -50 0z"/>
<path d="M6830 1320 c0 -5 7 -10 15 -10 8 0 15 5 15 10 0 6 -7 10 -15 10 -8 0
-15 -4 -15 -10z"/>
<path d="M6605 1181 c-7 -12 31 -25 45 -16 6 4 8 11 5 16 -8 12 -42 12 -50 0z"/>
<path d="M6603 1108 c2 -7 10 -13 17 -13 7 0 15 6 18 13 2 7 -5 12 -18 12 -13
0 -20 -5 -17 -12z"/>
<path d="M4117 834 c-13 -13 -7 -24 14 -24 11 0 19 5 17 12 -5 14 -22 21 -31
12z"/>
<path d="M6556 713 c-12 -30 10 -35 39 -9 l28 26 -30 0 c-20 0 -33 -6 -37 -17z"/>
<path d="M3800 1151 c0 -6 9 -20 20 -31 15 -15 20 -33 20 -74 0 -30 -3 -61 -6
-70 -7 -17 -44 -22 -44 -6 0 6 -4 10 -10 10 -17 0 -11 -24 15 -55 l25 -30 20
24 c11 13 20 32 20 42 0 10 5 28 10 41 8 16 7 42 -3 88 -12 59 -15 65 -40 68
-15 2 -27 -1 -27 -7z"/>
<path d="M3200 993 c0 -5 11 -13 24 -19 19 -9 25 -8 35 8 10 16 8 18 -24 18
-19 0 -35 -3 -35 -7z"/>
<path d="M2995 611 c-8 -14 12 -23 36 -16 17 6 19 9 8 16 -18 11 -36 11 -44 0z"/>
</g>
</svg>
