<?xml version="1.0" standalone="no"?>
<!DOCTYPE svg PUBLIC "-//W3C//DTD SVG 20010904//EN"
 "http://www.w3.org/TR/2001/REC-SVG-20010904/DTD/svg10.dtd">
<svg version="1.0" xmlns="http://www.w3.org/2000/svg"
 width="822.000000pt" height="516.000000pt" viewBox="0 0 822.000000 516.000000"
 preserveAspectRatio="xMidYMid meet">
<metadata>
Created by potrace 1.10, written by Peter Selinger 2001-2011
</metadata>
<g transform="translate(0.000000,516.000000) scale(0.100000,-0.100000)"
fill="#000000" stroke="none">
<path d="M4588 5004 c-21 -13 -38 -29 -38 -34 0 -5 -9 -14 -20 -20 -16 -8 -26
-6 -50 12 -22 16 -44 22 -82 22 -45 0 -54 -4 -78 -32 -14 -18 -34 -32 -43 -32
-10 0 -22 -12 -27 -27 -6 -16 -15 -36 -20 -45 -6 -10 -10 -25 -10 -35 0 -9 -8
-26 -19 -37 -10 -12 -26 -43 -36 -71 -26 -76 -36 -94 -58 -101 -10 -3 -26 -22
-34 -42 -8 -21 -18 -39 -22 -42 -4 -3 -24 -40 -46 -84 -22 -43 -50 -86 -62
-96 -13 -10 -23 -23 -23 -30 0 -14 -26 -63 -52 -99 -10 -13 -23 -42 -29 -64
-13 -48 -52 -113 -79 -129 -12 -8 -20 -24 -20 -39 0 -14 -10 -34 -21 -45 -28
-25 -69 -89 -69 -108 0 -25 -42 -99 -77 -136 -18 -19 -40 -55 -48 -80 -8 -25
-31 -69 -50 -97 -19 -29 -35 -58 -35 -66 0 -8 -22 -42 -50 -76 -27 -34 -50
-69 -50 -77 0 -27 -71 -149 -91 -156 -10 -4 -19 -16 -19 -26 0 -11 -16 -46
-35 -78 -19 -32 -35 -65 -35 -73 0 -9 -14 -34 -30 -55 -17 -22 -30 -45 -30
-51 0 -7 -18 -27 -40 -46 -22 -19 -40 -43 -40 -54 0 -11 -7 -29 -15 -39 -8
-11 -15 -27 -15 -36 0 -8 -9 -23 -20 -33 -11 -9 -20 -27 -20 -39 -1 -38 -37
-107 -63 -119 -25 -11 -47 -47 -47 -76 0 -8 -13 -32 -29 -52 -36 -46 -53 -78
-61 -116 -4 -21 -12 -31 -27 -33 -15 -2 -29 -18 -43 -50 -97 -215 -116 -252
-130 -252 -6 0 -16 -15 -24 -33 -7 -19 -30 -55 -50 -81 -20 -26 -36 -56 -36
-67 0 -26 -29 -81 -50 -96 -9 -7 -27 -34 -38 -61 -12 -27 -28 -54 -36 -61 -8
-7 -25 -42 -38 -78 -14 -40 -38 -82 -60 -107 -21 -22 -38 -43 -38 -47 0 -3
-11 -18 -25 -33 -33 -36 -48 -97 -40 -165 6 -56 6 -56 -37 -100 -24 -25 -51
-56 -60 -70 -23 -34 -25 -133 -3 -151 8 -7 15 -18 15 -24 0 -6 23 -35 51 -64
l51 -54 81 4 c102 4 108 -10 22 -56 -33 -18 -80 -44 -105 -57 -67 -38 -170
-66 -305 -84 -66 -8 -151 -22 -190 -30 -38 -8 -136 -17 -217 -19 -81 -3 -155
-9 -165 -14 -10 -5 -58 -12 -108 -16 -268 -20 -339 -25 -430 -31 -55 -4 -122
-11 -149 -16 -27 -5 -107 -9 -178 -9 l-129 0 3 -42 c3 -39 5 -43 33 -46 17 -2
100 3 185 12 85 8 223 18 305 21 83 3 170 10 195 15 25 5 95 9 155 10 61 0
155 7 210 15 55 8 126 15 159 15 56 0 99 6 246 31 36 6 83 14 105 16 22 3 49
11 60 18 11 7 81 30 155 50 163 45 178 52 225 110 21 25 41 45 46 45 5 0 18
-9 29 -20 20 -20 29 -20 2216 -20 l2196 1 28 21 c21 15 36 19 57 14 92 -23
160 -27 383 -23 227 4 252 6 340 30 52 15 112 27 133 27 22 0 62 6 90 14 29 8
82 17 118 20 79 7 82 3 69 -78 -9 -55 -22 -88 -45 -116 -7 -8 -18 -34 -24 -56
-6 -23 -18 -47 -26 -54 -18 -15 -50 -84 -60 -128 -5 -23 -1 -35 15 -50 12 -11
20 -28 18 -38 -2 -11 4 -20 16 -22 26 -5 42 13 27 31 -9 11 -8 17 4 27 8 7 15
27 15 45 0 20 11 48 30 73 17 23 30 46 30 51 0 19 34 117 46 131 16 19 33 93
34 143 0 46 -11 69 -53 108 -31 29 -33 29 -112 23 -44 -4 -89 -13 -100 -20
-11 -7 -50 -18 -85 -23 -36 -5 -85 -17 -110 -26 -73 -26 -239 -40 -488 -40
-194 0 -234 2 -242 15 -18 29 9 40 97 40 123 0 204 43 217 116 4 17 13 37 21
44 24 20 20 112 -5 135 -31 28 -28 98 5 119 33 22 34 68 1 89 -14 9 -26 30
-30 50 -3 19 -18 44 -31 57 -28 27 -55 75 -55 99 0 16 -62 110 -80 121 -5 3
-27 44 -50 90 -55 113 -86 169 -105 190 -8 9 -15 21 -15 26 0 5 -11 21 -25 36
-13 14 -33 52 -44 84 -12 31 -29 67 -40 78 -10 12 -31 44 -46 71 -15 28 -34
57 -41 66 -8 8 -14 20 -14 25 0 24 -72 150 -121 214 -15 19 -55 89 -89 155
-34 66 -72 131 -84 145 -25 27 -56 86 -56 106 0 7 -20 43 -45 80 -25 36 -45
74 -45 83 0 10 -13 27 -30 39 -28 21 -70 95 -70 124 0 7 -14 31 -30 52 -17 22
-30 45 -30 51 0 6 -13 26 -30 45 -16 19 -29 39 -30 44 0 17 -34 86 -41 86 -5
0 -15 15 -23 33 -8 17 -26 58 -39 90 -19 41 -31 57 -45 57 -15 0 -24 13 -36
53 -10 28 -26 64 -37 79 -10 15 -19 31 -19 36 0 6 -7 23 -15 38 -8 16 -15 36
-15 45 0 16 -56 79 -71 79 -5 0 -9 6 -9 14 0 7 -9 25 -20 39 -11 14 -20 35
-20 46 0 12 -4 21 -9 21 -5 0 -22 32 -38 71 -17 44 -36 74 -48 79 -11 4 -29
29 -40 54 -11 25 -23 46 -27 46 -3 0 -14 24 -24 53 -20 61 -36 88 -81 140 -18
20 -33 42 -33 47 0 6 -12 29 -27 53 -39 60 -49 80 -57 112 -4 16 -26 54 -49
84 -59 79 -77 108 -77 127 0 31 -41 73 -96 99 -54 25 -56 26 -82 9 -15 -10
-32 -25 -39 -33 -10 -14 -16 -12 -45 17 -19 17 -41 32 -50 32 -8 0 -21 7 -28
15 -21 25 -117 19 -162 -11z m143 -66 c44 -13 46 -19 23 -74 -21 -50 -12 -87
31 -135 19 -22 35 -47 35 -57 0 -9 13 -33 29 -52 15 -19 32 -46 36 -60 15 -49
58 -122 81 -137 13 -8 24 -21 24 -28 0 -7 9 -24 20 -38 11 -14 20 -34 20 -45
0 -12 5 -24 10 -27 6 -4 17 -21 25 -38 30 -63 101 -184 126 -212 9 -11 22 -39
28 -61 11 -41 43 -91 68 -107 7 -4 13 -13 13 -19 0 -5 14 -30 30 -55 17 -24
30 -46 30 -49 0 -2 11 -21 23 -42 13 -20 27 -49 31 -64 9 -39 57 -118 94 -155
18 -17 32 -41 32 -53 0 -26 14 -54 51 -102 16 -20 32 -50 35 -68 4 -17 18 -38
31 -47 14 -9 29 -26 34 -37 5 -12 13 -28 18 -36 6 -8 12 -27 15 -41 3 -14 17
-42 31 -63 13 -20 32 -59 41 -87 12 -35 24 -53 40 -59 16 -6 35 -34 59 -87 20
-43 42 -81 50 -86 8 -4 15 -17 15 -28 0 -11 12 -32 27 -47 15 -15 36 -52 46
-82 10 -30 32 -71 48 -91 16 -20 29 -41 29 -46 0 -9 20 -57 39 -92 4 -8 16
-19 27 -25 25 -14 32 -25 43 -64 5 -17 22 -49 38 -70 16 -20 37 -62 47 -92 10
-30 28 -64 41 -75 12 -11 29 -33 37 -50 53 -105 99 -190 108 -199 5 -5 10 -18
10 -28 0 -11 11 -30 24 -43 13 -12 34 -40 47 -62 12 -21 29 -42 36 -46 7 -4
13 -19 13 -32 0 -26 56 -125 70 -125 5 0 12 -15 16 -34 3 -19 17 -45 30 -57
25 -23 64 -100 64 -124 0 -12 37 -65 83 -118 15 -17 27 -41 27 -52 0 -11 14
-35 30 -52 28 -31 34 -33 93 -33 35 0 68 5 75 12 8 8 14 4 22 -18 15 -39 4
-169 -16 -185 -19 -15 -203 -30 -225 -18 -9 5 -22 22 -27 39 -6 16 -26 39 -44
50 -33 20 -44 20 -2209 20 -1197 0 -2190 -3 -2207 -6 -24 -5 -40 -20 -73 -70
-41 -63 -42 -64 -88 -65 -76 -2 -85 1 -118 36 -28 30 -33 42 -33 86 0 91 89
183 130 134 18 -22 132 -20 168 2 38 24 62 54 62 81 0 13 15 43 34 68 19 24
40 64 47 88 8 26 20 47 30 49 23 6 69 80 69 111 0 14 4 27 9 31 6 3 26 39 46
80 19 41 44 79 54 84 10 6 24 25 32 43 7 18 25 49 41 68 15 19 28 43 28 53 0
11 6 31 14 45 8 15 17 35 20 45 3 9 15 17 26 17 13 0 24 10 31 28 6 15 15 35
20 44 5 10 9 24 9 32 0 8 6 21 13 28 15 15 47 77 47 91 0 22 45 97 61 102 10
3 30 32 45 63 15 31 38 74 50 94 13 21 24 44 24 52 0 7 7 19 15 26 8 7 15 20
15 30 0 10 11 25 25 34 14 9 32 31 40 49 8 17 19 39 24 47 5 8 14 32 21 53 13
41 59 115 85 137 8 7 15 18 15 25 0 8 10 26 23 42 34 41 64 96 71 130 4 17 26
53 49 80 23 27 55 80 71 119 16 38 40 82 53 98 13 16 27 41 30 56 3 15 25 47
49 71 24 24 44 50 44 59 0 8 7 28 15 44 8 15 15 37 15 47 0 10 7 22 15 26 8 5
24 33 34 63 12 35 27 58 44 66 19 11 67 94 67 118 0 17 78 130 101 147 17 12
29 30 29 42 0 12 9 33 20 47 11 14 20 35 20 47 0 12 6 26 13 30 8 4 22 35 32
67 14 43 26 63 46 75 33 18 59 60 59 93 0 13 9 31 20 41 11 9 20 24 20 32 0 8
4 15 9 15 5 0 17 22 27 49 12 33 24 51 38 55 21 5 32 24 95 167 38 88 44 119
31 169 -14 51 -2 70 46 70 18 0 36 5 39 10 8 13 19 13 66 -2z m-263 -13 c2 -2
-17 -22 -42 -45 -25 -24 -46 -51 -46 -62 0 -18 -25 -36 -37 -25 -12 12 -15 95
-4 115 6 11 21 23 33 25 22 5 89 -1 96 -8z m538 -10 c27 -17 32 -56 11 -77 -7
-7 -16 -21 -20 -30 -4 -10 -12 -15 -21 -12 -8 3 -12 12 -9 20 3 8 -10 30 -31
51 -36 37 -43 53 -28 67 10 11 70 0 98 -19z m-126 -87 c23 -22 39 -46 37 -52
-2 -6 -21 -12 -41 -14 -62 -5 -105 50 -70 89 24 26 28 25 74 -23z m-332 -1 c5
-44 -22 -67 -80 -67 -33 0 -48 4 -48 13 0 19 21 37 42 37 10 0 18 4 18 9 0 17
32 42 49 39 9 -2 17 -15 19 -31z m536 -52 c6 -11 23 -36 39 -56 15 -20 27 -44
27 -52 0 -9 11 -28 24 -44 21 -25 66 -112 66 -129 0 -3 14 -23 30 -44 17 -21
30 -42 30 -48 0 -5 7 -16 16 -23 9 -7 27 -34 39 -59 55 -106 75 -146 84 -160
5 -8 15 -30 22 -49 7 -19 28 -49 46 -67 18 -18 33 -40 33 -49 0 -23 34 -87 62
-115 14 -14 28 -38 32 -53 3 -15 16 -35 27 -45 10 -9 35 -51 55 -92 19 -41 44
-91 55 -110 11 -19 28 -52 36 -72 9 -21 20 -38 24 -38 15 0 39 -32 39 -52 0
-12 12 -36 26 -55 14 -18 36 -57 50 -87 13 -30 35 -64 48 -77 13 -13 32 -48
42 -78 11 -30 29 -66 42 -80 26 -28 62 -101 62 -125 0 -8 13 -25 28 -38 16
-13 45 -52 66 -88 20 -36 40 -72 45 -80 5 -8 17 -33 27 -55 9 -22 28 -54 41
-71 12 -17 23 -36 23 -41 0 -6 16 -34 35 -63 19 -29 35 -58 35 -65 0 -8 4 -16
9 -19 5 -3 12 -17 15 -31 3 -13 24 -44 46 -67 22 -24 42 -54 45 -68 3 -14 19
-40 35 -59 17 -18 30 -42 30 -52 0 -10 4 -20 9 -24 5 -3 12 -18 16 -33 3 -15
16 -39 29 -53 26 -28 33 -39 95 -160 63 -122 93 -172 124 -208 15 -18 27 -38
27 -46 0 -7 7 -15 15 -19 8 -3 15 -14 15 -24 0 -21 25 -71 63 -127 15 -22 27
-44 27 -48 0 -5 12 -26 28 -46 36 -48 62 -96 62 -114 0 -9 11 -29 25 -45 31
-37 34 -82 6 -82 -14 0 -23 11 -32 38 -6 20 -15 42 -19 47 -4 6 -10 23 -14 39
-4 15 -13 35 -21 42 -43 43 -84 107 -108 167 -15 38 -32 74 -37 80 -6 7 -31
44 -56 82 -25 39 -52 77 -59 85 -7 8 -22 40 -33 71 -10 30 -33 75 -51 99 -17
23 -31 47 -31 51 0 5 -16 31 -36 59 -19 27 -40 66 -46 87 -6 21 -13 40 -17 43
-4 3 -20 26 -34 51 -15 25 -36 54 -47 64 -11 10 -20 24 -20 31 0 7 -6 19 -12
26 -14 14 -58 100 -58 112 0 4 -5 12 -10 19 -35 42 -115 177 -126 214 -12 39
-18 51 -50 87 -7 7 -21 32 -32 57 -11 24 -32 55 -46 68 -14 14 -26 29 -26 34
0 5 -9 20 -20 34 -11 14 -20 33 -20 42 0 9 -20 48 -45 86 -25 39 -45 75 -45
81 0 6 -8 22 -19 35 -10 13 -22 35 -26 49 -4 14 -20 41 -36 60 -15 19 -38 58
-50 87 -12 28 -30 54 -40 56 -15 4 -59 85 -59 110 0 5 -13 31 -29 57 -16 25
-32 61 -36 79 -4 18 -23 49 -43 69 -20 20 -54 70 -75 112 -53 106 -70 133 -89
148 -10 7 -18 21 -18 31 0 10 -6 24 -14 30 -15 12 -55 92 -77 151 -7 19 -29
55 -50 80 -20 25 -44 61 -53 80 -9 19 -32 61 -50 92 -19 32 -38 68 -42 80 -3
13 -10 25 -13 28 -4 3 -18 23 -31 45 -13 21 -32 47 -42 57 -10 10 -21 30 -24
45 -4 16 -18 45 -31 65 -12 21 -23 45 -23 54 0 21 30 14 44 -11z m-751 9 c10
-11 -31 -82 -52 -89 -12 -3 -21 -19 -26 -42 -3 -19 -18 -53 -31 -75 -14 -21
-29 -51 -35 -66 -19 -52 -34 -82 -40 -82 -11 0 -68 -87 -75 -114 -3 -15 -17
-39 -30 -53 -26 -29 -58 -87 -67 -124 -4 -14 -18 -31 -32 -37 -14 -6 -25 -19
-25 -27 0 -8 -11 -33 -25 -54 -13 -22 -27 -52 -31 -68 -4 -15 -19 -45 -33 -67
-66 -99 -81 -123 -94 -151 -8 -16 -24 -39 -36 -49 -11 -11 -21 -26 -21 -35 0
-22 -34 -88 -59 -115 -10 -12 -37 -57 -60 -101 -23 -44 -46 -87 -50 -95 -4 -8
-19 -36 -32 -63 -13 -26 -38 -64 -56 -84 -18 -20 -35 -45 -39 -55 -3 -10 -9
-18 -14 -18 -4 0 -11 -12 -14 -27 -9 -37 -38 -96 -53 -106 -6 -4 -14 -20 -18
-36 -3 -16 -20 -44 -37 -62 -26 -30 -78 -125 -78 -144 0 -4 -13 -24 -30 -45
-16 -21 -30 -41 -30 -45 0 -4 -9 -19 -21 -33 -40 -53 -69 -103 -69 -122 0 -10
-4 -20 -8 -22 -8 -3 -38 -62 -72 -144 -7 -17 -26 -38 -42 -47 -17 -10 -28 -24
-28 -37 0 -12 -16 -46 -36 -75 -19 -30 -48 -81 -65 -115 -16 -33 -36 -63 -45
-67 -16 -6 -64 -101 -64 -127 0 -8 -5 -16 -10 -18 -6 -2 -26 -36 -44 -76 -18
-40 -43 -83 -55 -96 -25 -26 -40 -53 -98 -166 -21 -41 -48 -85 -60 -98 -13
-12 -23 -30 -23 -41 0 -10 -15 -38 -33 -62 -37 -49 -67 -109 -67 -133 0 -9 -4
-16 -10 -16 -5 0 -16 -15 -23 -33 -8 -17 -21 -38 -29 -45 -16 -13 -48 -7 -48
9 0 21 28 75 49 93 11 11 21 25 21 31 0 7 8 23 19 36 10 13 42 69 71 124 28
55 63 110 76 123 13 13 24 29 24 37 0 20 39 94 67 128 13 16 26 41 30 55 3 15
22 47 42 72 20 25 42 56 48 70 55 121 107 216 123 227 11 8 20 21 20 29 0 8
16 40 35 70 19 30 45 75 57 101 12 25 36 60 55 78 18 17 33 39 33 48 0 8 15
42 34 74 19 32 39 76 45 98 6 22 21 51 33 65 34 38 64 83 72 106 3 11 14 29
24 40 10 10 36 55 57 99 21 44 55 100 75 125 21 25 41 56 45 70 14 52 46 111
80 149 19 21 35 45 35 53 0 8 16 36 35 61 19 25 35 50 35 55 0 19 41 102 64
129 12 15 41 62 63 103 22 41 57 107 78 145 21 39 58 93 81 121 24 28 44 59
44 68 0 9 17 49 39 89 21 40 41 83 44 97 4 14 20 33 37 43 16 10 30 23 30 29
0 10 23 58 85 179 13 26 31 49 39 52 9 4 21 17 26 29 6 13 14 30 18 38 48 84
58 104 90 185 23 56 72 92 95 69z m694 -66 c12 -24 27 -55 32 -70 6 -15 28
-57 51 -93 22 -37 40 -71 40 -75 0 -5 12 -23 26 -40 33 -38 64 -98 64 -122 0
-10 25 -50 56 -90 31 -40 59 -80 62 -88 3 -8 10 -22 17 -30 6 -8 33 -64 60
-123 36 -79 55 -111 74 -120 14 -7 27 -21 29 -32 6 -32 42 -107 67 -141 13
-16 30 -46 38 -65 8 -19 28 -48 45 -65 30 -31 62 -93 62 -122 0 -8 13 -36 29
-61 15 -26 32 -58 36 -72 4 -13 16 -31 28 -40 21 -17 67 -93 111 -184 13 -28
36 -65 50 -82 14 -17 33 -50 41 -72 8 -23 25 -56 38 -74 14 -17 41 -67 62
-109 20 -43 45 -80 55 -83 10 -3 25 -27 35 -53 10 -26 26 -59 37 -74 10 -15
30 -52 44 -83 15 -31 32 -59 39 -62 8 -2 18 -18 24 -34 5 -16 21 -44 34 -61
14 -18 28 -44 32 -57 4 -14 16 -39 26 -55 11 -17 26 -46 34 -63 8 -18 20 -33
26 -33 5 0 17 -17 25 -37 9 -20 26 -51 39 -67 12 -17 29 -47 37 -66 31 -71 39
-86 72 -130 19 -25 35 -52 35 -60 1 -8 10 -28 21 -45 12 -16 32 -54 46 -82 14
-29 43 -76 65 -105 22 -29 58 -89 81 -133 69 -136 84 -162 117 -203 17 -22 31
-43 31 -48 0 -4 6 -15 14 -23 22 -25 27 -56 13 -75 -11 -15 -17 -17 -35 -7
-13 7 -22 21 -22 35 0 13 -13 34 -30 49 -16 15 -30 33 -30 41 0 7 -6 19 -14
25 -8 7 -18 27 -22 44 -3 18 -23 56 -43 85 -20 30 -40 61 -46 70 -5 9 -33 53
-61 97 -28 44 -54 92 -57 106 -4 14 -26 55 -51 91 -24 36 -58 95 -76 129 -71
140 -92 176 -130 217 -22 24 -40 49 -40 56 0 22 -41 107 -71 149 -16 22 -29
48 -29 58 0 10 -11 26 -25 37 -14 11 -35 46 -47 78 -12 33 -34 73 -50 89 -15
17 -28 38 -28 47 0 8 -7 21 -15 28 -8 7 -15 20 -15 28 0 9 -11 27 -24 41 -24
26 -76 116 -127 222 -16 31 -35 59 -43 62 -8 3 -21 25 -27 49 -7 24 -27 61
-45 83 -18 22 -38 60 -45 84 -7 23 -23 50 -35 58 -24 15 -64 76 -64 96 0 7
-11 32 -25 57 -14 25 -38 72 -54 105 -15 33 -38 69 -49 79 -12 11 -22 24 -22
29 0 6 -6 18 -14 26 -18 21 -86 152 -86 168 0 6 -11 20 -25 31 -14 11 -34 40
-46 64 -11 23 -29 57 -39 73 -25 39 -40 72 -40 91 0 8 -5 20 -10 27 -34 40
-80 107 -80 117 0 5 -18 37 -40 69 -22 32 -51 83 -65 112 -13 30 -38 72 -55
94 -29 40 -37 53 -70 130 -10 22 -27 49 -39 59 -12 11 -26 36 -31 57 -6 23
-18 40 -30 44 -12 4 -20 15 -20 29 0 29 7 36 39 36 20 0 31 -9 48 -42z m-619
4 c2 -13 -1 -29 -7 -36 -14 -17 -56 -91 -76 -132 -8 -17 -26 -39 -40 -48 -14
-9 -25 -21 -25 -27 0 -15 -50 -118 -61 -124 -5 -4 -9 -17 -9 -31 0 -29 -36
-88 -79 -128 -17 -17 -31 -37 -31 -47 0 -9 -9 -28 -20 -42 -11 -14 -20 -28
-20 -31 0 -4 -11 -23 -24 -44 -13 -21 -27 -52 -31 -70 -4 -20 -16 -37 -29 -43
-21 -10 -52 -63 -110 -189 -27 -59 -102 -178 -134 -214 -10 -11 -27 -45 -36
-75 -10 -30 -33 -73 -52 -96 -19 -23 -34 -48 -34 -55 0 -7 -12 -29 -27 -49
-16 -20 -42 -68 -60 -108 -17 -40 -49 -94 -71 -120 -38 -47 -49 -65 -124 -215
-21 -42 -45 -79 -53 -82 -8 -3 -15 -12 -15 -20 0 -8 -6 -21 -13 -28 -23 -24
-47 -67 -47 -85 0 -19 -71 -137 -113 -188 -13 -16 -53 -90 -88 -162 -35 -75
-70 -135 -80 -138 -9 -3 -24 -27 -34 -53 -10 -26 -26 -56 -35 -67 -10 -11 -33
-51 -50 -88 -19 -41 -41 -73 -54 -79 -16 -7 -29 -30 -45 -79 -12 -38 -25 -69
-29 -69 -4 0 -20 -30 -36 -68 -16 -37 -40 -75 -53 -85 -12 -10 -39 -51 -58
-90 -20 -40 -41 -81 -48 -92 -7 -11 -26 -42 -43 -70 -17 -27 -45 -75 -63 -105
-17 -30 -36 -62 -41 -70 -5 -8 -17 -32 -26 -52 -9 -21 -22 -38 -30 -38 -18 0
-30 49 -16 69 6 9 34 61 61 116 28 55 66 117 85 138 20 20 36 47 36 58 0 12
20 52 45 89 25 37 45 74 45 82 0 7 17 33 39 57 21 23 46 61 56 84 9 23 25 59
36 79 10 20 19 43 19 51 0 8 7 20 15 27 8 7 15 21 15 31 0 9 14 27 30 39 17
12 30 29 30 37 0 9 12 31 26 50 14 18 41 67 59 108 25 54 42 78 60 85 15 6 27
20 31 37 9 46 25 81 45 104 10 12 19 30 19 40 0 10 5 21 10 24 6 3 10 15 10
25 0 11 12 32 28 48 39 41 72 89 72 105 0 7 13 31 30 53 16 21 30 45 30 52 0
17 46 98 79 139 38 46 71 102 71 119 0 22 29 74 61 111 15 17 39 56 54 85 15
29 35 62 45 73 10 11 25 42 34 68 9 27 34 70 55 95 21 26 42 58 46 72 4 13 14
30 21 38 8 7 14 19 14 26 0 15 30 73 58 113 12 17 22 34 22 37 0 2 23 35 50
71 28 36 50 76 50 89 0 13 12 41 28 62 41 60 52 82 52 104 0 11 12 27 26 37
21 13 74 105 74 128 0 10 68 109 93 135 13 14 38 60 57 103 18 42 37 77 41 77
5 0 12 12 15 27 4 15 13 38 20 52 8 14 14 32 14 38 0 7 11 15 24 19 18 4 29
20 46 67 12 34 27 68 33 75 16 20 52 10 55 -16z m102 -12 c0 -5 -4 -10 -10
-10 -5 0 -10 -9 -10 -20 0 -30 -21 -69 -42 -76 -17 -5 -50 -58 -79 -126 -6
-16 -15 -28 -19 -28 -4 0 -16 -23 -26 -51 -10 -28 -26 -55 -35 -60 -19 -10
-69 -94 -69 -115 0 -7 -9 -18 -20 -24 -11 -6 -20 -19 -20 -29 0 -10 -7 -32
-15 -47 -8 -16 -15 -36 -15 -45 0 -8 -16 -30 -35 -49 -19 -18 -37 -46 -40 -62
-4 -16 -20 -43 -36 -61 -35 -37 -59 -82 -59 -109 0 -10 -20 -40 -45 -66 -25
-26 -45 -56 -45 -68 0 -11 -9 -29 -20 -39 -11 -10 -20 -26 -20 -36 0 -10 -4
-21 -10 -24 -5 -3 -10 -15 -10 -25 0 -10 -6 -25 -13 -32 -7 -7 -16 -20 -20
-28 -22 -44 -100 -160 -109 -160 -3 0 -10 -14 -13 -32 -4 -17 -16 -45 -26 -62
-11 -17 -24 -43 -30 -58 -6 -16 -14 -28 -18 -28 -5 0 -16 -18 -26 -40 -10 -22
-24 -45 -31 -51 -17 -14 -41 -61 -49 -97 -3 -15 -17 -40 -30 -55 -14 -14 -25
-31 -25 -36 0 -6 -12 -25 -27 -43 -35 -41 -50 -65 -66 -100 -6 -16 -15 -28
-19 -28 -4 0 -8 -11 -8 -25 0 -14 -8 -29 -20 -35 -13 -7 -20 -21 -20 -40 0
-17 -8 -34 -19 -42 -11 -8 -25 -26 -32 -41 -7 -15 -15 -27 -18 -27 -9 0 -38
-60 -45 -90 -3 -14 -19 -41 -36 -60 -16 -18 -30 -40 -30 -48 0 -15 -41 -76
-64 -97 -23 -21 -46 -65 -46 -89 0 -14 -5 -28 -11 -31 -11 -8 -59 -107 -59
-125 0 -6 -11 -15 -24 -21 -13 -7 -32 -32 -45 -62 -13 -29 -33 -65 -45 -82
-13 -16 -26 -41 -30 -55 -16 -53 -31 -79 -52 -89 -20 -9 -54 -67 -69 -118 -3
-13 -10 -23 -15 -23 -5 0 -11 -14 -15 -30 -4 -17 -11 -30 -16 -30 -5 0 -9 -14
-9 -31 0 -23 -12 -42 -45 -77 -25 -25 -45 -50 -45 -55 0 -4 -7 -15 -15 -23 -8
-9 -15 -24 -15 -33 0 -10 -7 -24 -15 -31 -8 -7 -31 -45 -50 -86 -40 -82 -75
-114 -75 -68 0 24 38 88 62 105 5 3 18 32 29 64 11 33 33 73 47 90 15 17 38
51 52 74 14 24 35 54 48 68 12 14 22 32 22 39 0 7 7 25 14 41 8 15 17 35 20
43 3 8 10 22 15 30 5 8 17 32 27 54 11 21 29 45 42 53 12 9 22 21 22 29 0 19
39 95 65 124 12 14 29 45 38 70 21 55 25 61 60 83 15 10 27 26 27 36 0 17 19
66 40 101 5 8 25 48 45 89 20 41 45 81 56 88 10 8 26 29 34 46 8 18 24 46 34
62 11 17 39 71 64 120 25 50 53 97 62 105 9 8 21 23 26 35 5 11 13 27 18 35 5
8 17 35 27 60 10 25 34 65 54 90 21 25 46 63 58 86 11 22 28 46 36 53 9 8 16
22 16 32 0 10 4 20 9 23 5 3 12 18 15 32 4 15 18 41 32 59 13 17 24 35 24 39
0 4 16 27 35 50 19 24 35 50 35 58 0 16 29 80 41 88 3 3 21 33 39 66 18 34 47
77 66 95 18 19 34 43 34 54 0 11 11 40 24 65 13 25 36 70 51 101 16 33 37 61
51 68 14 6 24 19 24 32 0 12 14 41 30 66 17 24 30 48 30 53 0 17 44 85 82 127
21 24 38 51 38 62 0 23 38 91 51 91 5 0 9 11 9 25 0 34 34 100 61 118 22 16
49 61 49 82 0 6 9 22 20 35 11 13 20 29 20 36 0 7 6 17 13 21 8 4 24 32 37 61
14 31 35 59 50 67 30 17 40 18 40 5z m408 -15 c5 -31 24 -67 50 -97 26 -28 41
-53 66 -103 8 -16 24 -43 36 -60 11 -16 20 -36 20 -43 0 -8 9 -25 20 -39 11
-14 20 -32 20 -39 0 -13 22 -43 60 -83 13 -14 31 -51 54 -111 8 -20 25 -47 59
-91 15 -20 27 -43 27 -50 0 -8 10 -25 21 -39 39 -48 69 -100 69 -118 0 -11 9
-29 20 -42 11 -13 20 -31 20 -41 0 -9 18 -36 40 -59 22 -23 40 -49 40 -57 0
-9 19 -48 43 -87 24 -39 48 -86 55 -103 6 -18 26 -46 44 -62 22 -19 40 -49 52
-87 11 -33 25 -66 32 -74 11 -14 24 -42 52 -112 6 -14 19 -29 30 -32 17 -6 82
-121 82 -145 0 -6 6 -14 14 -18 7 -4 23 -29 34 -55 12 -27 25 -48 30 -48 5 0
18 -22 30 -49 11 -26 36 -72 56 -100 20 -29 41 -72 47 -94 7 -26 26 -56 50
-80 21 -21 39 -44 39 -52 0 -14 38 -85 51 -95 12 -9 39 -69 39 -87 0 -9 13
-31 30 -48 16 -17 57 -84 90 -149 33 -65 73 -135 88 -155 35 -45 102 -155 102
-168 0 -13 31 -76 40 -83 4 -3 22 -31 40 -62 17 -32 36 -60 40 -63 8 -5 30
-49 68 -135 10 -25 37 -65 59 -90 40 -46 103 -158 103 -183 0 -8 9 -22 20 -32
13 -12 20 -29 18 -44 -4 -36 -30 -33 -42 4 -6 17 -29 60 -53 96 -23 36 -45 74
-49 85 -4 10 -21 37 -39 59 -34 44 -65 104 -65 128 0 9 -5 19 -10 22 -15 9
-80 111 -118 185 -79 154 -103 195 -132 225 -17 17 -35 48 -41 67 -5 20 -27
62 -49 94 -22 32 -42 70 -45 85 -3 14 -15 35 -25 47 -20 21 -60 91 -60 105 0
7 -40 73 -87 142 -54 81 -83 126 -83 131 0 15 -58 126 -96 184 -23 36 -46 77
-49 93 -4 15 -13 31 -19 35 -19 11 -76 111 -83 144 -4 18 -14 33 -28 38 -24 9
-49 51 -60 99 -3 16 -13 35 -21 42 -8 6 -14 19 -15 28 0 9 -9 30 -20 46 -10
17 -26 44 -34 62 -8 17 -19 34 -24 38 -12 7 -62 81 -78 115 -6 14 -21 48 -34
75 -12 28 -34 61 -47 75 -14 14 -34 45 -45 70 -11 25 -23 47 -27 50 -10 7 -50
99 -50 115 0 7 -18 32 -39 57 -22 25 -70 103 -107 174 -37 71 -87 156 -110
188 -24 33 -44 68 -44 77 0 19 -56 120 -71 129 -4 3 -15 22 -24 43 -8 20 -20
37 -26 37 -5 0 -15 14 -20 30 -6 17 -14 30 -19 30 -7 0 -41 71 -55 118 -6 21
-4 23 16 20 15 -2 25 -11 27 -23z m1891 -3919 c31 -33 20 -46 -39 -46 -51 0
-63 -11 -53 -49 5 -18 13 -21 65 -21 56 0 59 -1 56 -22 -3 -20 -9 -23 -44 -23
-22 0 -47 -5 -55 -12 -11 -9 -19 -7 -36 7 -19 15 -23 28 -23 72 1 55 15 83 55
106 30 17 49 14 74 -12z m-153 -2 c-3 -9 -6 -20 -6 -25 0 -5 -847 -9 -2141 -9
-2204 0 -2208 0 -2098 36 24 8 607 12 2142 12 1895 1 2108 0 2103 -14z m-14
-86 c4 -7 5 -29 2 -49 -5 -32 -3 -38 15 -44 11 -3 21 -11 21 -16 0 -5 -821 -9
-2135 -9 -2027 0 -2135 1 -2135 18 0 16 104 17 2057 14 1132 -2 2077 0 2101 3
27 4 42 11 39 18 -3 9 -496 12 -2089 12 -1769 0 -2089 -2 -2111 -14 -24 -13
-28 -12 -46 10 -24 28 -27 55 -7 66 8 4 974 7 2147 6 1698 -2 2134 -5 2141
-15z"/>
</g>
</svg>
