<?xml version="1.0" encoding="UTF-8" standalone="no"?>
<svg
   xmlns:dc="http://purl.org/dc/elements/1.1/"
   xmlns:cc="http://creativecommons.org/ns#"
   xmlns:rdf="http://www.w3.org/1999/02/22-rdf-syntax-ns#"
   xmlns:svg="http://www.w3.org/2000/svg"
   xmlns="http://www.w3.org/2000/svg"
   xmlns:sodipodi="http://sodipodi.sourceforge.net/DTD/sodipodi-0.dtd"
   xmlns:inkscape="http://www.inkscape.org/namespaces/inkscape"
   version="1.0"
   width="447.52393"
   height="422.62576"
   viewBox="0 0 358.01914 338.10061"
   preserveAspectRatio="xMidYMid meet"
   id="svg2"
   inkscape:version="0.48.4 r9939"
   sodipodi:docname="7.svg">
  <defs
     id="defs26" />
  <sodipodi:namedview
     pagecolor="#ffffff"
     bordercolor="#666666"
     borderopacity="1"
     objecttolerance="10"
     gridtolerance="10"
     guidetolerance="10"
     inkscape:pageopacity="0"
     inkscape:pageshadow="2"
     inkscape:window-width="1152"
     inkscape:window-height="788"
     id="namedview24"
     showgrid="false"
     inkscape:zoom="0.41212121"
     inkscape:cx="541.39893"
     inkscape:cy="216.61815"
     inkscape:window-x="0"
     inkscape:window-y="24"
     inkscape:window-maximized="1"
     inkscape:current-layer="g6"
     fit-margin-top="0"
     fit-margin-left="0"
     fit-margin-right="0"
     fit-margin-bottom="0" />
  <metadata
     id="metadata4">
Created by potrace 1.10, written by Peter Selinger 2001-2011
<rdf:RDF>
  <cc:Work
     rdf:about="">
    <dc:format>image/svg+xml</dc:format>
    <dc:type
       rdf:resource="http://purl.org/dc/dcmitype/StillImage" />
    <dc:title></dc:title>
  </cc:Work>
</rdf:RDF>
</metadata>
  <g
     transform="matrix(0.1,0,0,-0.1,-12.380857,343.3061)"
     id="g6"
     style="fill:#000000;stroke:none">
    <path
       d="m 1845,3419 c -148,-20 -223,-38 -361,-84 -89,-29 -256,-123 -369,-207 -35,-27 -70,-48 -77,-48 -23,0 -58,-30 -58,-49 0,-10 -24,-40 -52,-68 -58,-53 -136,-142 -192,-214 -52,-69 -146,-242 -146,-271 0,-9 -9,-32 -20,-51 -65,-109 -126,-344 -139,-532 -17,-249 14,-541 75,-709 8,-22 24,-65 34,-94 11,-29 28,-64 39,-79 12,-14 37,-59 57,-101 58,-119 128,-216 247,-337 43,-44 93,-95 110,-114 18,-18 49,-42 69,-52 20,-10 39,-23 43,-29 3,-6 30,-25 58,-44 29,-18 61,-43 71,-55 11,-11 23,-21 27,-21 8,0 147,-61 179,-79 9,-5 30,-12 48,-15 17,-4 34,-12 37,-17 4,-5 16,-9 27,-9 25,0 121,-27 163,-45 17,-8 48,-16 70,-18 22,-3 81,-10 130,-17 143,-20 414,0 485,35 14,6 61,20 105,30 74,17 257,85 329,122 17,9 52,33 77,55 25,21 50,38 55,38 39,0 313,252 376,345 19,28 59,86 90,131 69,100 118,190 147,274 13,36 27,74 31,85 10,21 30,100 54,205 18,77 39,261 40,345 0,95 -24,303 -46,385 -11,41 -23,91 -27,110 -12,52 -38,128 -66,188 -14,29 -25,63 -25,75 0,27 -33,92 -65,127 -12,14 -29,39 -38,57 -21,44 -156,224 -186,248 -14,11 -59,54 -101,96 -71,71 -126,117 -160,132 -8,4 -28,16 -45,27 -16,11 -37,23 -45,27 -8,3 -31,19 -50,34 -33,25 -54,36 -145,75 -94,40 -142,56 -236,78 -218,50 -429,62 -624,35 z m 207,-61 c 2,-7 0,-247 -5,-533 -4,-286 -6,-629 -4,-762 3,-219 2,-243 -13,-243 -9,0 -26,19 -38,43 -28,53 -149,209 -198,256 -20,19 -62,69 -92,110 -31,42 -88,110 -128,152 -40,43 -74,89 -77,105 -6,29 -37,69 -190,243 -45,51 -92,109 -104,129 -12,20 -46,61 -76,92 -43,44 -53,60 -46,73 13,23 212,153 257,168 20,7 51,23 68,36 56,42 231,95 394,119 52,8 100,16 105,18 26,11 143,5 147,-6 z m 228,-9 c 101,-14 298,-62 355,-86 22,-10 56,-27 75,-39 19,-11 46,-25 60,-29 14,-4 63,-32 108,-62 46,-30 92,-57 101,-61 26,-10 231,-205 231,-219 0,-6 -12,-21 -27,-33 -16,-12 -69,-60 -118,-108 -50,-48 -121,-114 -158,-147 -44,-39 -67,-67 -67,-81 0,-15 -18,-37 -52,-66 -29,-24 -95,-86 -148,-138 -52,-53 -111,-107 -130,-121 -19,-15 -69,-61 -110,-103 -41,-43 -100,-98 -130,-123 -29,-24 -71,-68 -92,-96 -70,-94 -94,-88 -79,19 6,38 13,390 16,783 3,393 8,718 11,723 3,5 20,6 37,4 18,-3 70,-10 117,-17 z M 1061,2938 c 17,-18 44,-53 61,-78 17,-25 54,-72 82,-105 28,-33 54,-64 58,-70 4,-5 41,-48 82,-95 42,-47 76,-91 76,-98 0,-28 52,-101 115,-163 36,-35 75,-80 87,-99 12,-19 51,-68 87,-108 36,-41 78,-90 93,-109 15,-20 43,-53 63,-74 19,-21 46,-55 60,-76 26,-38 94,-103 108,-103 4,0 7,-8 7,-17 0,-17 -42,-18 -772,-15 -425,2 -776,6 -780,10 -13,13 22,296 52,419 20,78 44,148 70,195 21,41 44,94 49,120 6,25 24,68 40,95 15,26 40,69 55,95 15,26 50,73 80,105 29,32 57,65 62,75 15,27 113,128 124,128 6,0 25,-15 41,-32 z m 2258,-206 c 25,-37 56,-87 69,-112 13,-25 37,-63 53,-84 16,-22 29,-48 29,-57 0,-16 14,-54 44,-124 17,-39 40,-106 59,-175 33,-119 74,-427 60,-441 -11,-11 -1473,-13 -1484,-2 -5,5 17,27 49,50 56,41 251,224 441,413 53,52 112,107 131,121 59,44 150,141 150,160 0,10 23,37 51,61 29,24 100,91 159,151 63,63 114,107 126,107 12,0 34,-23 63,-68 z M 1949,1666 c 9,-11 -3,-27 -56,-77 -38,-35 -185,-179 -327,-319 -143,-140 -315,-309 -384,-375 -68,-66 -155,-150 -193,-187 -37,-38 -75,-68 -83,-68 -8,0 -24,15 -35,34 -12,18 -31,44 -44,57 -43,43 -92,124 -150,245 -32,65 -69,140 -82,165 -42,79 -105,380 -105,501 l 0,28 708,3 c 389,1 714,3 723,5 9,1 22,-4 28,-12 z m 1682,-7 c 6,-10 4,-28 -21,-193 -27,-179 -100,-403 -163,-499 -19,-29 -45,-71 -58,-94 -74,-129 -237,-323 -273,-323 -16,0 -257,280 -302,351 -13,21 -33,43 -44,49 -11,6 -53,55 -95,110 -41,54 -97,123 -125,152 -48,52 -167,196 -223,270 -15,21 -53,61 -83,90 -57,54 -78,83 -70,96 7,11 1449,3 1457,-9 z m -1482,-51 c 29,-44 171,-221 192,-238 3,-3 36,-44 72,-92 37,-48 91,-111 120,-140 30,-29 60,-63 66,-76 12,-22 91,-119 181,-222 96,-110 130,-152 141,-173 6,-12 42,-52 80,-89 38,-38 69,-74 69,-81 0,-12 -51,-57 -65,-57 -4,0 -57,-34 -120,-75 -62,-41 -115,-75 -118,-75 -3,0 -35,-14 -70,-30 -36,-17 -71,-30 -79,-30 -8,0 -18,-4 -24,-10 -5,-5 -30,-14 -54,-19 -25,-5 -81,-19 -125,-31 -44,-12 -116,-26 -160,-30 -44,-4 -91,-11 -105,-14 -14,-3 -31,-3 -37,2 -16,10 -24,1532 -8,1532 6,0 26,-24 44,-52 z m -103,-60 c -3,-46 -7,-381 -7,-745 -1,-470 -5,-665 -13,-672 -13,-10 -216,13 -306,35 -129,31 -239,68 -314,105 -112,56 -131,67 -307,189 -39,28 -129,111 -129,121 0,3 55,59 121,125 67,65 131,129 143,142 11,13 40,42 64,65 24,23 96,94 160,157 64,64 133,130 152,147 19,16 62,58 95,92 33,35 78,77 100,94 22,18 53,48 70,67 71,81 152,160 164,160 11,0 12,-17 7,-82 z"
       id="path10"
       inkscape:connector-curvature="0" />
  </g>
  <path
     style="fill:#999999;fill-opacity:1;fill-rule:nonzero;stroke:none"
     d="m 205.33421,7.874113 c -8.89941,0.2737792 -3.4867,13.38982 -5.46696,18.864615 -0.17928,45.256059 -1.74589,90.537902 -1.99443,135.762222 4.06983,3.05522 9.09765,-7.25119 13.04227,-9.0386 32.7098,-31.54198 66.15595,-63.462779 96.69486,-96.573531 C 281.43777,29.03375 243.63416,10.429934 205.33421,7.874113 z"
     id="path3235"
     inkscape:connector-curvature="0" />
  <path
     style="fill:#999999;fill-opacity:1;fill-rule:nonzero;stroke:none"
     d="m 313.25149,66.352051 c -19.79154,8.778032 -30.83321,29.472008 -46.9522,43.069859 -19.22473,19.60213 -40.38651,37.33304 -58.84192,57.62868 12.38385,3.58726 27.66392,1.15876 41.00624,2.2702 33.88209,-0.25345 68.63725,1.17016 101.97355,-0.63234 -1.10565,-36.07494 -12.05453,-73.180783 -34.45588,-101.669119 -0.70992,-0.685904 -1.79423,-0.815 -2.72979,-0.66728 z"
     id="path3237"
     inkscape:connector-curvature="0" />
  <path
     style="fill:#999999;fill-opacity:1;fill-rule:nonzero;stroke:none"
     d="m 234.33054,176.45315 c -7.52691,1.95744 -19.06681,-3.21937 -24.68934,3.09376 8.42879,16.19243 23.44621,28.8961 34.46451,43.62632 19.27326,21.10568 35.44504,46.30073 56.64946,64.77625 28.51831,-28.96673 47.52628,-68.13294 49.37868,-108.88787 -36.61373,-3.65042 -74.25437,-2.07166 -111.25358,-2.63506 -1.51658,0.009 -3.03315,0.0178 -4.54973,0.0266 z"
     id="path3239"
     inkscape:connector-curvature="0" />
  <path
     style="fill:#999999;fill-opacity:1;fill-rule:nonzero;stroke:none"
     d="m 137.51437,233.59654 c -16.91307,17.36301 -35.7915,33.83815 -51.501843,51.74449 26.199963,26.78524 63.301953,42.69563 100.637863,44.70772 7.702,-3.77656 2.2469,-16.1099 4.21172,-22.74808 0.30766,-41.27096 -0.316,-82.54111 -0.57202,-123.81075 -12.58584,8.05133 -23.84016,22.85571 -35.91406,33.50344 -5.62055,5.53439 -11.24111,11.06879 -16.86166,16.60318 z"
     id="path3241"
     inkscape:connector-curvature="0" />
  <path
     style="fill:#999999;fill-opacity:1;fill-rule:nonzero;stroke:none"
     d="m 199.38937,182.03404 c -3.36071,40.39481 -1.61807,81.606 -1.38812,122.2927 1.86112,7.91398 -2.41614,20.24826 5.02782,25.60068 30.00102,-1.93061 59.2614,-13.21507 83.91601,-30.47263 15.76814,-5.13638 -4.79169,-16.09172 -8.27348,-23.85202 -26.5044,-30.87506 -51.15947,-63.48566 -78.31165,-93.69006 l -0.97058,0.12133 z"
     id="path3243"
     inkscape:connector-curvature="0" />
</svg>
