<?xml version="1.0" encoding="UTF-8" standalone="no"?>
<svg
   xmlns:dc="http://purl.org/dc/elements/1.1/"
   xmlns:cc="http://creativecommons.org/ns#"
   xmlns:rdf="http://www.w3.org/1999/02/22-rdf-syntax-ns#"
   xmlns:svg="http://www.w3.org/2000/svg"
   xmlns="http://www.w3.org/2000/svg"
   xmlns:sodipodi="http://sodipodi.sourceforge.net/DTD/sodipodi-0.dtd"
   xmlns:inkscape="http://www.inkscape.org/namespaces/inkscape"
   version="1.0"
   width="426.25"
   height="325"
   viewBox="0 0 341 260"
   preserveAspectRatio="xMidYMid meet"
   id="svg5113"
   inkscape:version="0.48.4 r9939"
   sodipodi:docname="10c.svg">
  <defs
     id="defs5137" />
  <sodipodi:namedview
     pagecolor="#ffffff"
     bordercolor="#666666"
     borderopacity="1"
     objecttolerance="10"
     gridtolerance="10"
     guidetolerance="10"
     inkscape:pageopacity="0"
     inkscape:pageshadow="2"
     inkscape:window-width="1600"
     inkscape:window-height="824"
     id="namedview5135"
     showgrid="false"
     inkscape:zoom="1.632"
     inkscape:cx="422.97583"
     inkscape:cy="211.21485"
     inkscape:window-x="0"
     inkscape:window-y="24"
     inkscape:window-maximized="1"
     inkscape:current-layer="g5117"
     fit-margin-top="0"
     fit-margin-left="0"
     fit-margin-right="0"
     fit-margin-bottom="0" />
  <metadata
     id="metadata5115">
Created by potrace 1.10, written by Peter Selinger 2001-2011
<rdf:RDF>
  <cc:Work
     rdf:about="">
    <dc:format>image/svg+xml</dc:format>
    <dc:type
       rdf:resource="http://purl.org/dc/dcmitype/StillImage" />
    <dc:title></dc:title>
  </cc:Work>
</rdf:RDF>
</metadata>
  <g
     transform="matrix(0.1,0,0,-0.1,-551,287)"
     id="g5117"
     style="fill:#000000;stroke:none">
    <path
       d="m 5532,2854 -22,-15 0,-1262 c 0,-1126 2,-1265 16,-1285 l 15,-22 1674,0 c 1494,1 1676,2 1690,16 13,14 15,155 15,1283 0,1216 -1,1269 -18,1284 -17,16 -148,17 -1683,17 -1490,0 -1667,-2 -1687,-16 z m 280,-172 c -1,-67 -4,-127 -7,-132 -3,-5 -55,-9 -118,-7 l -112,2 -3,119 c -1,66 0,126 2,133 4,11 32,13 123,11 l 116,-3 -1,-123 z m 293,-7 0,-130 -115,-1 c -146,-2 -150,0 -136,66 7,36 7,70 -1,117 -9,52 -9,69 0,75 7,5 66,7 132,6 l 120,-3 0,-130 z m 269,0 -1,-130 -114,0 -114,0 -1,125 c -1,69 0,129 3,133 2,4 55,6 116,5 l 112,-3 -1,-130 z m 271,0 0,-130 -115,0 -115,0 -3,119 c -1,66 0,126 2,133 4,11 31,13 118,11 l 113,-3 0,-130 z m 270,0 0,-130 -95,-2 c -146,-4 -135,-15 -133,129 1,68 2,127 2,131 1,4 52,6 114,5 l 112,-3 0,-130 z m 299,3 1,-127 -25,-5 c -14,-2 -72,-3 -130,-2 l -105,1 -2,125 c -1,68 1,128 4,132 2,5 61,7 130,6 l 126,-3 1,-127 z m 271,-3 0,-130 -115,0 -115,0 -5,125 c -3,69 -4,129 -2,133 2,4 56,6 120,5 l 117,-3 0,-130 z m 270,0 0,-130 -115,0 -115,0 -1,125 c -1,69 1,129 3,133 3,4 55,6 116,5 l 112,-3 0,-130 z m 301,123 c 4,-4 1,-14 -6,-23 -9,-10 -11,-45 -8,-120 4,-124 16,-115 -142,-112 l -105,2 -1,125 c -1,69 1,129 3,133 6,10 248,5 259,-5 z m 246,-116 c -1,-67 -4,-127 -7,-132 -6,-10 -173,-14 -197,-5 -11,4 -13,27 -10,104 3,58 0,106 -6,118 -20,36 3,44 117,41 l 104,-3 -1,-123 z m 293,-7 0,-130 -115,-2 c -145,-2 -150,1 -137,67 7,35 6,71 -1,118 -9,51 -9,68 1,74 7,4 66,7 132,6 l 120,-3 0,-130 z m 265,128 c 1,-5 1,-64 2,-133 l 1,-125 -114,0 -114,0 -2,120 c -1,66 0,126 2,133 5,13 225,18 225,5 z M 5805,2500 c 3,-5 6,-65 7,-132 l 1,-123 -119,0 -119,0 -3,119 c -1,66 -1,125 2,132 6,15 222,18 231,4 z m 301,-55 c 0,-33 2,-91 5,-130 l 4,-70 -123,-3 c -130,-3 -174,7 -152,34 14,16 19,155 7,196 -9,34 -4,35 143,34 l 115,-1 1,-60 z m 270,-50 c 1,-60 4,-119 6,-130 3,-19 -3,-20 -121,-20 l -124,0 2,125 c 1,68 5,128 8,133 2,4 54,6 115,5 l 111,-3 3,-110 z m 274,-15 c 3,-69 3,-129 0,-133 -4,-4 -60,-6 -125,-5 l -118,3 2,125 c 1,68 5,128 7,132 3,4 55,7 117,5 l 112,-2 5,-125 z m 267,-8 3,-133 -123,3 -122,3 5,35 c 3,19 5,76 5,125 0,50 5,93 10,98 6,4 57,6 115,5 l 105,-3 2,-133 z m 288,129 c 6,0 10,-49 10,-123 0,-71 -4,-126 -10,-130 -5,-4 -65,-8 -132,-8 l -122,0 0,128 c 1,70 3,130 5,133 3,5 211,5 249,0 z m 280,-126 0,-130 -115,0 -115,0 -3,119 c -1,66 -1,125 2,132 3,9 36,12 118,11 l 113,-2 0,-130 z m 270,0 0,-130 -115,0 -115,0 0,125 c -1,69 1,129 3,133 2,4 54,6 115,5 l 112,-3 0,-130 z m 275,129 c 12,-3 15,-26 15,-129 0,-148 12,-137 -145,-133 l -105,3 -1,125 c -1,69 0,128 2,132 5,7 208,9 234,2 z m 266,-3 c 5,-6 7,-61 4,-133 l -5,-123 -104,0 -104,0 -1,128 c -1,76 3,129 9,131 20,9 191,6 201,-3 z m 299,-126 0,-130 -113,-3 c -140,-3 -154,2 -140,60 10,42 5,147 -7,180 -9,22 9,25 145,24 l 115,-1 0,-130 z m 268,4 c 0,-70 -3,-131 -6,-135 -3,-5 -54,-7 -114,-4 l -108,5 -1,125 c 0,69 1,129 4,133 2,4 53,6 114,5 l 111,-3 0,-126 z m -3,-334 0,-163 -112,2 -113,2 0,160 0,159 60,-3 c 33,-1 80,1 105,6 25,5 48,7 53,5 4,-2 7,-78 7,-168 z m -3042,152 c 7,-5 9,-14 5,-20 -4,-7 -10,-74 -13,-151 l -5,-138 -115,-2 -115,-1 -3,150 c -1,82 -1,154 1,160 5,12 225,14 245,2 z m 1388,0 c 9,-8 5,-300 -4,-306 -6,-3 -59,-6 -119,-6 l -108,0 -3,150 c -1,82 0,155 2,161 3,9 35,11 117,8 62,-2 113,-5 115,-7 z m 279,-152 0,-160 -115,1 -115,0 -3,149 c -1,82 -1,154 1,160 3,6 48,10 118,9 l 114,0 0,-159 z m 270,0 -1,-159 -114,0 -114,0 -1,154 c -1,85 0,157 1,160 1,3 53,5 116,4 l 113,-1 0,-158 z m 279,156 c 5,-1 6,-37 3,-83 -3,-46 -2,-114 2,-151 4,-38 3,-71 -2,-74 -5,-3 -61,-6 -125,-7 l -117,-1 -1,155 c 0,85 0,157 2,160 2,4 184,4 238,1 z m 261,-156 0,-159 -98,0 c -55,-1 -101,3 -104,7 -6,10 -6,295 1,305 2,4 48,7 103,6 l 98,-1 0,-158 z m 300,0 0,-159 -120,1 c -66,1 -122,2 -125,2 -3,1 -5,71 -5,156 0,126 3,155 14,157 8,2 65,3 125,2 l 111,0 0,-159 z m -1681,119 c 9,-22 7,-267 -2,-280 -5,-9 -23,-9 -62,-3 -30,5 -76,7 -101,3 -29,-3 -49,-1 -53,5 -4,6 -8,70 -9,143 l -2,133 100,6 c 55,3 105,6 111,7 7,1 15,-5 18,-14 z m -809,-139 0,-140 -115,2 c -63,1 -121,2 -128,2 -9,1 -11,19 -6,79 3,42 1,97 -4,121 -18,77 -13,80 143,77 l 110,-1 0,-140 z m 269,0 -1,-140 -114,0 -114,1 -2,129 c -1,72 0,136 2,143 3,9 33,12 117,10 l 113,-3 -1,-140 z m 277,128 c 2,-10 2,-74 -1,-143 l -5,-125 -115,1 -115,0 -3,129 c -1,71 0,135 2,142 4,10 35,13 120,13 100,0 114,-2 117,-17 z m 263,-309 c 11,-29 7,-252 -5,-260 -12,-7 -193,-6 -212,2 -8,3 -12,42 -11,132 l 1,127 104,6 c 57,3 107,6 110,7 4,1 10,-5 13,-14 z m 1949,-131 0,-128 -114,0 -114,0 0,130 0,130 105,5 c 58,3 109,2 114,-2 5,-4 9,-64 9,-135 z m -3058,127 c 8,-13 8,-236 0,-250 -4,-6 -51,-9 -118,-7 l -112,2 -3,119 c -1,66 0,126 2,133 7,16 221,19 231,3 z m 300,-125 0,-130 -115,-1 c -133,-2 -154,4 -140,42 13,32 13,129 1,171 -14,47 4,53 139,50 l 115,-2 0,-130 z m 268,0 0,-130 -114,0 -114,0 -1,125 c -1,69 1,129 3,133 3,4 54,6 115,5 l 111,-3 0,-130 z m 272,0 0,-130 -115,0 -115,0 -3,119 c -1,66 0,126 2,133 4,11 31,13 118,11 l 113,-3 0,-130 z m 560,127 c 6,-4 10,-59 10,-130 l 0,-122 -30,-6 c -16,-3 -70,-4 -120,-2 l -90,3 -3,119 c -1,66 0,126 2,133 4,10 33,13 113,13 59,0 113,-4 118,-8 z m 280,-127 0,-130 -115,0 -115,0 -3,119 c -1,66 0,126 2,133 4,11 31,13 118,11 l 113,-3 0,-130 z m 270,0 0,-130 -115,0 -115,0 -1,125 c 0,69 1,129 4,133 2,4 54,6 115,5 l 112,-3 0,-130 z m 280,127 c 6,-4 10,-60 10,-130 0,-144 13,-133 -145,-129 l -105,2 -1,125 c -1,69 1,128 3,133 5,9 225,9 238,-1 z m 260,-2 c 4,-6 6,-62 6,-125 0,-63 -2,-119 -6,-125 -7,-11 -185,-14 -200,-2 -6,4 -10,59 -10,127 0,68 4,123 10,127 15,12 193,9 200,-2 z m 300,-125 0,-130 -115,-1 c -63,-1 -122,2 -131,7 -13,7 -14,16 -6,64 7,38 7,76 1,116 -9,51 -8,62 5,69 9,6 68,9 131,7 l 115,-2 0,-130 z M 6920,1401 c 0,-75 -4,-141 -8,-147 -5,-8 -25,-9 -67,-3 -33,5 -74,6 -92,3 -67,-12 -68,-10 -68,146 0,133 1,141 20,145 39,9 190,10 203,1 8,-6 12,-47 12,-145 z m -1115,139 c 6,-5 8,-59 5,-146 l -5,-138 -115,-1 -115,0 -3,134 c -1,74 0,141 2,147 6,15 214,18 231,4 z m 300,-140 0,-145 -115,0 c -63,0 -121,1 -127,3 -10,3 -11,28 -7,101 4,57 2,111 -4,133 -14,52 -4,56 137,54 l 116,-1 0,-145 z m 268,0 1,-145 -114,0 -115,0 -1,140 c 0,77 1,144 3,148 3,4 54,6 115,5 l 111,-3 0,-145 z m 272,0 0,-144 -115,-1 -115,0 -3,134 c -1,74 -1,140 2,147 3,9 37,12 118,11 l 113,-2 0,-145 z m 550,144 c 19,-5 20,-12 18,-141 -2,-99 -6,-139 -15,-143 -7,-4 -60,-6 -118,-6 l -105,1 -3,134 c -1,74 0,141 2,148 4,9 32,13 103,13 54,0 107,-3 118,-6 z m 290,-144 0,-145 -115,0 -115,1 -3,134 c -1,74 -1,139 2,146 3,8 39,11 118,10 l 113,-1 0,-145 z m 270,0 0,-145 -115,0 -115,0 -1,140 c 0,77 2,144 4,148 2,4 54,6 115,5 l 112,-3 0,-145 z m 283,141 c 7,-4 8,-27 3,-67 -4,-34 -4,-95 0,-135 4,-41 5,-76 3,-78 -2,-2 -59,-5 -126,-5 l -123,-1 -1,140 c 0,77 1,143 3,147 4,9 226,8 241,-1 z m 258,0 c 5,-6 7,-67 4,-148 l -5,-138 -98,0 c -54,-1 -101,2 -105,5 -11,8 -8,274 3,282 15,11 189,10 201,-1 z m 299,-141 0,-145 -115,-1 c -63,0 -121,2 -127,4 -10,3 -11,28 -7,101 4,57 2,111 -4,133 -14,52 -2,57 138,55 l 115,-2 0,-145 z m 267,5 c -1,-77 -2,-143 -2,-148 0,-4 -51,-6 -112,-5 l -113,3 -1,140 c 0,77 1,144 3,148 3,4 54,6 115,5 l 111,-3 -1,-140 z M 6915,1208 c 3,-13 4,-75 3,-138 l -3,-115 -95,-3 c -146,-4 -135,-15 -134,135 l 1,128 104,6 c 57,3 107,6 111,7 4,1 10,-8 13,-20 z m -1110,2 c 8,-13 8,-236 0,-249 -3,-6 -52,-9 -118,-8 l -112,2 -3,119 c -1,66 0,126 2,133 7,16 221,19 231,3 z m 300,-125 0,-130 -115,-1 c -138,-2 -152,3 -139,48 12,42 12,124 0,165 -13,47 3,53 139,50 l 115,-2 0,-130 z m 268,0 0,-130 -114,0 -114,0 -1,125 c -1,69 1,129 3,133 3,4 54,6 115,5 l 111,-3 0,-130 z m 272,0 0,-130 -115,0 -115,0 -3,119 c -1,66 0,126 2,133 4,11 31,13 118,11 l 113,-3 0,-130 z m 557,130 c 10,-4 13,-34 13,-123 l 0,-117 -110,-6 c -62,-3 -115,-1 -122,4 -14,10 -19,228 -6,240 7,8 205,9 225,2 z m 283,-124 0,-124 -112,0 c -61,1 -116,4 -121,7 -8,5 -5,206 4,234 3,9 31,12 116,10 l 113,-3 0,-124 z m 270,0 0,-124 -115,0 -115,1 -2,114 c -1,62 0,119 2,126 4,9 32,12 117,10 l 113,-3 0,-124 z m 277,124 c 11,-5 13,-24 10,-88 -3,-62 0,-87 11,-102 24,-32 32,-10 32,88 0,51 5,95 10,99 15,11 193,10 200,-1 9,-16 11,-232 1,-238 -15,-10 -195,-5 -213,6 -11,6 -24,6 -35,0 -10,-5 -71,-10 -135,-11 l -118,-2 -3,114 c -1,63 0,120 2,127 4,10 34,13 115,13 60,0 116,-2 123,-5 z m 563,-120 0,-120 -126,-3 c -103,-2 -128,0 -139,13 -8,10 -9,19 -3,28 15,18 23,108 13,150 -11,52 3,57 140,54 l 115,-2 0,-120 z m 268,-10 0,-130 -114,0 -114,0 -2,120 c -1,66 0,126 2,133 4,9 32,12 116,10 l 112,-3 0,-130 z M 5805,909 c 8,-11 8,-266 1,-277 -3,-4 -56,-8 -118,-8 l -113,1 -3,134 c -1,74 -1,140 2,147 6,15 223,18 231,3 z m 300,-139 0,-145 -115,-1 c -143,0 -152,3 -138,53 11,39 6,185 -6,215 -10,22 5,25 144,24 l 115,-1 0,-145 z m 268,0 0,-145 -114,0 -114,0 -1,140 c 0,77 1,143 3,147 2,3 53,6 115,5 l 111,-2 0,-145 z m 272,0 0,-145 -115,0 -115,0 -3,134 c -1,74 0,141 2,148 4,9 34,12 118,10 l 113,-2 0,-145 z m 271,3 -1,-148 -95,-3 c -147,-3 -135,-16 -135,145 0,80 4,141 10,145 6,4 58,8 116,8 l 107,0 -2,-147 z m 577,138 c 4,0 5,-11 2,-24 -4,-13 -7,-77 -8,-142 l -2,-120 -115,0 -115,0 -3,125 c -1,68 -7,129 -12,134 -18,18 -31,-48 -29,-147 1,-63 -2,-102 -9,-106 -6,-4 -64,-6 -129,-6 l -118,0 -2,128 c -1,71 -4,131 -7,134 -3,4 -2,11 3,17 7,8 91,11 273,10 145,-1 266,-2 271,-3 z m 265,-4 c 7,-5 9,-13 6,-19 -4,-5 -7,-67 -8,-137 l -1,-126 -115,0 -115,0 -1,126 c 0,69 -4,131 -9,138 -4,8 -2,16 4,21 16,9 223,7 239,-3 z m 837,-138 0,-144 -115,-1 c -142,-1 -152,3 -138,53 10,38 6,152 -8,186 -3,10 -12,16 -18,14 -7,-2 -13,-49 -16,-128 l -5,-124 -90,-2 c -49,0 -97,1 -105,3 -12,3 -15,25 -15,123 0,66 -4,123 -8,128 -5,4 -15,-1 -24,-12 -11,-16 -14,-43 -11,-127 4,-125 17,-114 -142,-114 l -105,1 -1,128 c -1,70 -4,131 -8,134 -24,25 30,28 411,27 l 398,-1 0,-144 z m 267,1 0,-145 -113,0 -114,0 -1,140 c -1,77 0,144 3,148 2,4 54,6 115,5 l 110,-3 0,-145 z M 5805,579 c 4,-5 8,-56 8,-112 2,-83 5,-102 17,-102 21,0 36,104 23,162 -14,58 -5,62 137,60 l 115,-2 0,-129 0,-129 -263,0 c -145,1 -266,3 -269,6 -7,7 -4,237 3,249 8,12 222,10 229,-3 z m 567,-69 c -2,-41 1,-96 6,-123 6,-31 6,-50 0,-54 -13,-7 -222,-8 -234,0 -6,3 -7,35 -3,79 3,40 4,89 1,110 -9,67 -6,69 120,66 l 113,-3 -3,-75 z m 278,-50 c 3,-69 5,-127 3,-129 -2,-3 -209,-5 -238,-2 -10,1 -9,220 0,249 4,9 33,12 117,10 l 113,-3 5,-125 z m 265,-5 0,-129 -119,2 c -65,0 -120,3 -122,4 -1,2 2,24 7,48 6,25 9,80 7,122 -3,50 -1,79 6,82 6,3 58,4 116,3 l 105,-2 0,-130 z m 286,129 c 13,-4 15,-17 11,-83 -5,-92 4,-154 21,-148 8,2 14,42 17,118 l 5,114 115,0 115,0 5,-123 c 3,-70 1,-126 -4,-130 -7,-4 -166,-5 -251,-1 -5,0 -71,-1 -145,-2 l -135,-3 -2,120 c -1,65 -1,124 2,130 3,12 210,18 246,8 z m 554,-128 0,-129 -111,0 c -61,0 -115,3 -121,6 -5,3 -6,33 -1,74 4,37 5,87 1,110 -9,73 -8,74 119,71 l 113,-3 0,-129 z m 279,128 c 9,-3 11,-30 8,-97 -3,-71 0,-97 11,-112 25,-32 32,-10 32,98 0,57 4,105 10,109 16,12 193,9 201,-3 3,-6 6,-55 5,-108 -1,-100 9,-140 27,-105 15,30 22,115 13,162 -11,57 -2,61 139,59 l 115,-2 0,-129 0,-129 -398,0 c -219,0 -400,3 -404,6 -6,7 -4,237 3,249 5,8 217,10 238,2 z m 829,-129 1,-130 -111,1 c -110,1 -139,7 -128,24 3,5 6,58 6,117 1,59 3,111 6,116 2,4 54,6 115,5 l 110,-3 1,-130 z"
       id="path5119"
       inkscape:connector-curvature="0" />
  </g>
  <path
     style="fill:none;stroke:#ff0000;stroke-width:4.80000019;stroke-linecap:butt;stroke-linejoin:miter;stroke-miterlimit:4;stroke-opacity:1;stroke-dasharray:none"
     d="m 30.862744,64.45098 112.745096,0 0,126.47059 166.17648,0 0,0.4902"
     id="path7087"
     inkscape:connector-curvature="0" />
</svg>
