<?xml version="1.0" standalone="no"?>
<!DOCTYPE svg PUBLIC "-//W3C//DTD SVG 20010904//EN"
 "http://www.w3.org/TR/2001/REC-SVG-20010904/DTD/svg10.dtd">
<svg version="1.0" xmlns="http://www.w3.org/2000/svg"
 width="264.000000pt" height="291.000000pt" viewBox="0 0 264.000000 291.000000"
 preserveAspectRatio="xMidYMid meet">
<metadata>
Created by potrace 1.10, written by Peter Selinger 2001-2011
</metadata>
<g transform="translate(0.000000,291.000000) scale(0.100000,-0.100000)"
fill="#000000" stroke="none">
<path d="M513 2648 c-5 -7 -18 -39 -28 -71 -18 -54 -21 -58 -45 -52 -14 3 -44
8 -67 12 -36 5 -44 3 -49 -13 -3 -11 -10 -27 -15 -36 -13 -26 -10 -49 12 -83
10 -16 23 -39 27 -50 10 -21 4 -55 -8 -55 -5 0 -21 -21 -37 -46 -15 -26 -36
-58 -45 -73 -22 -33 -48 -90 -48 -105 0 -12 40 -35 108 -60 43 -16 142 -22
142 -8 0 15 -32 97 -42 110 -13 15 -2 28 27 34 17 3 21 13 25 68 l5 65 109 3
c81 2 112 -1 118 -10 4 -7 8 -56 8 -110 0 -95 0 -96 -31 -122 -36 -30 -34 -61
3 -51 67 18 201 79 216 98 11 13 4 46 -30 137 -21 55 -132 274 -143 282 -5 4
-26 8 -46 8 -43 0 -54 12 -62 64 -3 21 -14 47 -23 57 -19 22 -67 25 -81 7z"/>
<path d="M2217 2554 c-4 -4 -7 -16 -7 -26 0 -16 -10 -18 -100 -18 -99 0 -100
0 -114 -28 -8 -15 -17 -46 -21 -67 -3 -22 -13 -70 -23 -108 -13 -57 -14 -74
-3 -110 6 -23 15 -55 19 -72 7 -25 13 -30 37 -30 27 0 30 4 33 35 4 50 21 59
100 52 56 -4 74 -11 114 -41 48 -35 54 -56 27 -85 -5 -6 -9 -20 -9 -32 0 -38
-36 -54 -119 -54 -55 0 -79 4 -93 17 -17 15 -18 15 -18 0 0 -10 5 -17 10 -17
6 0 10 -7 10 -15 0 -8 4 -15 10 -15 5 0 15 -12 23 -26 11 -21 11 -34 1 -72
-19 -68 -44 -136 -55 -147 -5 -5 -9 -20 -9 -35 0 -36 -14 -52 -41 -48 -15 2
-29 15 -39 35 -18 39 -32 37 -41 -5 -4 -18 -13 -39 -20 -48 -10 -13 -13 -45
-11 -128 3 -139 9 -171 27 -156 8 7 19 9 25 5 16 -10 12 -43 -6 -53 -14 -8
-16 -21 -12 -80 3 -42 12 -82 22 -97 l16 -25 174 0 c191 0 186 -2 186 62 0 30
0 31 20 13 19 -17 20 -17 26 0 4 10 2 36 -5 59 -7 23 -15 58 -18 79 -5 34 -3
37 20 37 25 0 25 0 32 124 4 68 3 166 -2 217 -8 73 -10 83 -12 42 -1 -55 -19
-83 -52 -83 -13 0 -19 7 -19 22 0 12 -6 44 -14 72 -36 128 -36 136 -8 147 l25
10 -28 29 c-30 32 -26 50 12 50 39 0 93 30 97 54 13 69 29 262 33 392 l5 151
-78 7 c-44 4 -88 9 -99 12 -11 3 -24 2 -28 -2z m-33 -670 c23 -9 20 -34 -3
-34 -22 0 -35 15 -26 30 7 12 8 12 29 4z m54 -172 c4 -52 -7 -57 -86 -46 -49
8 -57 12 -60 32 -6 42 25 63 87 60 l56 -3 3 -43z m-300 -186 c-2 -15 -7 -28
-13 -29 -12 -2 -19 38 -10 60 9 25 27 1 23 -31z m43 -107 c-9 -21 -20 -37 -26
-36 -19 6 -16 43 6 71 29 37 42 16 20 -35z"/>
<path d="M1315 2543 c-27 -7 -113 -65 -168 -114 l-46 -40 0 -147 c0 -91 7
-185 17 -247 l17 -100 63 -3 63 -3 -7 28 c-4 15 -11 29 -15 31 -5 2 -16 19
-25 38 -18 38 -21 33 55 116 44 48 44 48 107 48 39 0 66 -5 71 -12 16 -25 32
-82 26 -92 -22 -39 -96 -147 -105 -152 -6 -4 -27 -7 -47 -8 -27 -1 -37 -6 -39
-21 -7 -36 -23 -45 -82 -45 l-58 0 -22 -47 c-12 -27 -26 -55 -31 -63 -5 -8
-12 -22 -15 -30 -4 -8 -15 -34 -26 -57 l-20 -43 -94 0 -94 0 0 -73 0 -73 35
-17 c20 -9 40 -17 46 -17 6 0 36 19 67 43 31 23 74 50 95 60 20 9 52 24 71 33
77 36 87 1 35 -115 -50 -109 -56 -123 -74 -186 -9 -33 -21 -75 -27 -94 -22
-71 -48 -187 -48 -216 0 -16 -7 -57 -15 -90 -8 -33 -15 -86 -15 -118 l0 -57
43 -19 c23 -10 59 -26 80 -35 l38 -16 -7 -118 -7 -118 27 -12 c53 -24 56 -20
56 82 0 104 -1 101 88 147 l33 17 19 -39 c23 -45 26 -107 6 -134 -14 -19 -10
-36 24 -105 8 -17 42 -24 76 -16 24 6 24 7 24 150 0 161 1 164 69 173 58 8 64
19 47 94 -24 102 -37 178 -46 264 -9 80 -21 123 -60 225 -12 30 -25 66 -30 80
-5 14 -18 50 -30 80 -51 131 -53 141 -37 157 21 21 34 11 116 -84 77 -89 80
-99 56 -179 -8 -27 -15 -58 -15 -70 0 -26 30 -54 58 -54 27 0 92 64 92 90 0
11 -13 46 -29 77 -16 32 -32 65 -35 73 -3 8 -10 23 -16 33 -5 9 -15 25 -20 35
-6 9 -13 24 -16 32 -4 8 -15 34 -26 57 -12 25 -21 75 -25 130 -3 48 -10 96
-14 105 -5 9 -26 20 -47 23 -81 13 -90 17 -94 33 -8 29 2 42 32 42 22 0 36 11
67 53 73 99 71 91 78 268 l7 164 -29 55 c-20 39 -39 61 -68 77 -70 38 -144 73
-152 72 -4 -1 -17 -4 -28 -6z m65 -141 c82 -42 90 -51 84 -92 -6 -37 -5 -39
22 -42 24 -2 30 -9 35 -38 3 -19 12 -48 18 -65 13 -32 7 -80 -9 -70 -6 3 -10
17 -10 31 0 13 -9 33 -21 45 -19 19 -30 20 -182 18 -89 -2 -168 0 -175 5 -19
11 -14 37 7 43 20 5 41 50 41 88 0 32 22 56 71 75 58 23 78 24 119 2z m-320
-867 c0 -8 -6 -15 -14 -15 -8 0 -16 -7 -20 -15 -6 -17 -32 -20 -41 -5 -3 6 2
13 12 17 10 4 24 13 31 20 18 17 32 16 32 -2z"/>
<path d="M1367 2324 c-14 -14 -7 -35 11 -32 9 2 17 10 17 17 0 16 -18 25 -28
15z"/>
<path d="M1255 2281 c-8 -15 3 -31 21 -31 9 0 14 7 12 17 -4 20 -24 28 -33 14z"/>
<path d="M504 2237 c-3 -9 -3 -25 0 -34 6 -15 8 -15 24 0 15 16 15 18 0 34
-16 15 -18 15 -24 0z"/>
<path d="M620 2234 c-11 -12 -10 -18 3 -31 13 -13 19 -14 31 -3 20 16 20 36 0
44 -21 8 -20 8 -34 -10z"/>
<path d="M2154 2135 c-8 -21 2 -45 19 -45 20 0 40 27 33 45 -7 19 -45 20 -52
0z"/>
<path d="M545 2110 c-8 -13 20 -24 41 -16 20 8 9 26 -16 26 -10 0 -22 -5 -25
-10z"/>
<path d="M1347 2114 c-11 -12 3 -24 29 -24 15 0 24 6 24 15 0 15 -40 21 -53 9z"/>
<path d="M2085 2048 c10 -44 13 -48 35 -48 42 0 27 45 -23 72 -17 9 -18 7 -12
-24z"/>
<path d="M565 2048 c-11 -6 -35 -27 -52 -45 -18 -18 -39 -33 -48 -33 -8 0 -15
-5 -15 -10 0 -6 -11 -15 -25 -20 -30 -11 -33 -30 -5 -30 28 0 34 -20 24 -88
-9 -55 -10 -57 -39 -57 l-30 0 3 55 c2 30 6 63 8 73 4 11 0 17 -11 17 -8 0
-17 -6 -19 -12 -2 -7 -11 -38 -19 -68 -9 -30 -23 -84 -32 -120 -9 -36 -22 -84
-28 -106 -9 -32 -9 -94 1 -265 11 -194 10 -237 -3 -322 -8 -54 -15 -119 -15
-145 0 -26 -7 -85 -15 -132 -8 -47 -15 -99 -15 -117 0 -31 2 -33 69 -53 62
-19 69 -24 73 -50 6 -39 0 -47 -47 -62 -36 -12 -40 -17 -38 -43 6 -84 26 -101
102 -84 27 6 55 17 62 25 6 8 14 46 17 84 2 38 10 75 17 80 8 6 45 10 87 8
l73 -3 0 -100 0 -100 83 -3 c53 -2 89 1 98 9 34 28 1 109 -45 109 -29 0 -43
25 -39 72 l3 43 60 5 60 5 -3 60 c-2 33 -9 92 -17 130 -15 76 -34 194 -61 378
-16 105 -16 149 -7 410 6 190 7 299 0 311 -5 11 -23 35 -41 54 -28 31 -34 34
-73 28 l-43 -6 3 63 c2 55 0 62 -18 64 -11 2 -29 -2 -40 -9z m146 -187 c29
-27 31 -34 26 -71 -3 -23 -7 -44 -10 -46 -13 -13 -40 15 -63 63 -21 43 -23 57
-14 68 17 21 24 19 61 -14z m-243 -206 c2 -15 -3 -44 -11 -64 -9 -20 -18 -43
-21 -51 -18 -44 -65 -115 -77 -115 -19 0 -47 161 -31 177 8 8 15 8 26 -2 13
-10 17 -8 25 11 12 33 59 81 74 76 6 -2 13 -16 15 -32z m223 -11 c19 -24 41
-84 43 -119 1 -25 -3 -30 -24 -33 -22 -2 -27 3 -43 46 -31 89 -16 154 24 106z
m0 -357 c-21 -34 -41 -46 -41 -27 0 17 43 68 53 63 4 -3 -1 -19 -12 -36z"/>
<path d="M1287 2054 c-4 -4 -4 -17 -1 -30 4 -16 0 -25 -15 -34 -31 -16 -25
-36 16 -53 74 -29 102 10 55 77 -28 40 -43 51 -55 40z"/>
<path d="M2346 643 c-9 -9 -7 -43 2 -43 10 0 32 21 32 31 0 10 -27 19 -34 12z"/>
<path d="M1850 545 c0 -9 9 -15 25 -15 16 0 25 6 25 15 0 9 -9 15 -25 15 -16
0 -25 -6 -25 -15z"/>
<path d="M2002 518 c-13 -17 -34 -210 -23 -221 5 -5 28 -7 52 -5 50 3 49 1 31
103 -6 38 -7 64 -1 70 6 6 38 15 72 21 74 14 77 11 77 -66 0 -110 34 -165 97
-158 27 3 28 5 28 63 l0 60 -42 3 c-48 4 -59 21 -49 77 6 29 11 33 49 41 41 8
40 8 -33 15 -132 12 -247 10 -258 -3z"/>
</g>
</svg>
