<?xml version="1.0" standalone="no"?>
<!DOCTYPE svg PUBLIC "-//W3C//DTD SVG 20010904//EN"
 "http://www.w3.org/TR/2001/REC-SVG-20010904/DTD/svg10.dtd">
<svg version="1.0" xmlns="http://www.w3.org/2000/svg"
 width="900.000000pt" height="1551.000000pt" viewBox="0 0 900.000000 1551.000000"
 preserveAspectRatio="xMidYMid meet">
<metadata>
Created by potrace 1.10, written by Peter Selinger 2001-2011
</metadata>
<g transform="translate(0.000000,1551.000000) scale(0.100000,-0.100000)"
fill="#000000" stroke="none">
<path d="M2594 13820 c-55 -4 -110 -12 -121 -19 -12 -6 -33 -11 -46 -11 -39 0
-213 -79 -268 -122 -20 -15 -41 -28 -46 -28 -26 0 -266 -275 -296 -340 -4 -8
-16 -28 -26 -45 -35 -54 -121 -234 -121 -252 0 -16 75 -63 83 -52 2 2 32 42
67 88 151 201 309 319 503 376 82 24 295 24 369 0 124 -41 201 -87 284 -170
105 -103 137 -163 173 -316 18 -75 21 -115 18 -190 -3 -52 -7 -103 -9 -114
-19 -86 -59 -214 -69 -221 -5 -3 -9 -12 -9 -21 0 -28 -93 -153 -166 -223 -121
-115 -289 -214 -464 -273 -25 -9 -65 -19 -90 -22 -25 -4 -58 -14 -73 -22 -24
-12 -28 -19 -25 -51 l3 -37 115 -7 c115 -7 185 -18 270 -44 116 -35 171 -55
207 -75 21 -12 61 -34 90 -50 125 -68 221 -149 277 -234 47 -71 126 -226 126
-248 0 -5 6 -23 14 -40 29 -64 40 -136 43 -294 3 -129 1 -169 -12 -198 -8 -21
-15 -46 -15 -56 0 -24 -54 -139 -94 -199 -81 -123 -193 -222 -311 -278 -153
-71 -381 -83 -540 -27 -103 36 -130 49 -377 171 -65 32 -101 43 -140 45 -29 1
-60 5 -68 10 -19 9 -104 -10 -147 -34 -48 -26 -97 -97 -115 -167 -1 -3 5 -27
13 -55 15 -53 88 -136 145 -165 16 -8 35 -19 43 -24 21 -16 79 -35 161 -52
124 -27 472 -30 640 -6 74 11 146 23 160 27 14 4 43 10 65 15 22 4 65 18 95
30 30 12 64 24 75 27 21 5 51 18 125 53 249 120 476 351 607 620 38 77 56 129
99 275 59 201 42 541 -36 730 -78 186 -155 293 -297 411 -49 41 -247 164 -264
164 -19 0 -89 43 -89 55 0 8 50 60 110 117 107 100 236 253 280 334 12 21 31
57 43 79 20 36 31 67 73 204 17 53 18 238 3 296 -6 22 -14 56 -18 75 -10 42
-65 153 -97 197 -13 17 -24 35 -24 40 0 10 -182 193 -192 193 -3 0 -29 16 -57
34 -28 19 -91 47 -139 61 -48 15 -97 31 -110 36 -19 7 -286 32 -302 27 -3 0
-50 -4 -106 -8z"/>
<path d="M5529 13733 c-8 -10 -23 -36 -33 -58 -10 -22 -22 -47 -27 -55 -4 -8
-18 -35 -29 -60 -12 -25 -26 -52 -31 -60 -5 -8 -12 -22 -15 -30 -8 -19 -42
-90 -53 -110 -12 -21 -53 -102 -62 -120 -3 -8 -17 -35 -30 -60 -12 -25 -26
-52 -30 -60 -3 -8 -17 -35 -30 -60 -12 -25 -26 -52 -30 -60 -3 -8 -17 -35 -30
-60 -12 -25 -27 -54 -32 -65 -6 -11 -14 -27 -19 -35 -4 -8 -11 -22 -14 -30 -9
-22 -44 -93 -54 -110 -5 -8 -18 -35 -30 -60 -11 -25 -25 -52 -30 -60 -5 -8
-18 -35 -30 -60 -11 -25 -25 -52 -29 -60 -10 -18 -51 -98 -62 -120 -4 -8 -18
-37 -30 -63 -24 -47 -24 -48 -5 -63 13 -9 48 -14 105 -15 47 0 113 -5 146 -10
33 -5 96 -11 140 -15 44 -3 85 -10 91 -15 6 -5 37 -13 70 -18 71 -12 138 -29
179 -46 17 -7 54 -20 84 -30 130 -43 334 -165 455 -272 138 -121 266 -280 323
-403 58 -122 74 -164 83 -210 5 -28 15 -61 22 -73 8 -15 12 -79 12 -197 0
-144 -3 -185 -18 -230 -38 -113 -51 -143 -100 -235 -18 -34 -80 -114 -125
-161 -89 -95 -224 -183 -341 -224 -127 -44 -294 -59 -393 -35 -141 34 -214 69
-415 197 -15 10 -34 21 -42 24 -8 4 -22 12 -30 19 -28 22 -105 40 -165 39 -79
-1 -151 -40 -200 -109 -30 -43 -35 -58 -35 -107 0 -68 22 -116 83 -179 104
-108 181 -147 367 -184 67 -14 119 -16 260 -12 201 5 329 27 438 73 18 8 39
14 47 14 7 0 26 6 42 14 15 7 44 20 63 28 74 32 86 38 135 67 28 17 72 41 98
54 27 14 63 37 80 51 18 15 70 57 117 95 47 38 108 95 135 127 60 69 139 173
148 194 4 8 16 29 27 45 10 17 31 54 45 82 15 29 30 55 36 58 5 4 9 15 9 25 0
10 6 31 14 47 35 68 62 164 90 313 18 95 21 309 5 380 -5 25 -12 65 -15 90 -3
25 -12 59 -20 77 -8 17 -14 40 -14 52 0 47 -118 276 -195 381 -56 75 -218 242
-300 309 -136 112 -426 267 -590 315 -33 10 -72 24 -87 32 -14 8 -38 14 -53
14 -14 0 -36 5 -47 11 -11 6 -44 15 -72 20 -211 35 -216 38 -177 105 12 19 21
40 21 45 0 16 191 397 205 409 8 6 218 11 600 12 l588 3 21 40 c12 22 30 60
40 85 10 25 31 72 47 105 15 33 42 92 60 130 17 39 36 78 40 87 25 51 62 48
-689 48 -654 0 -700 -1 -713 -17z"/>
<path d="M895 7573 c-54 -56 -46 -122 24 -182 l24 -21 3351 0 c3226 0 3352 1
3379 18 44 29 56 53 57 108 0 44 -4 54 -33 82 l-33 32 -3366 0 -3367 0 -36
-37z"/>
<path d="M2675 5359 c-86 -7 -106 -10 -175 -29 -25 -6 -67 -17 -95 -24 -72
-17 -196 -82 -284 -148 -94 -71 -246 -236 -274 -298 -4 -8 -18 -33 -30 -55
-52 -92 -87 -167 -87 -188 0 -7 -14 -45 -30 -86 -17 -40 -30 -87 -30 -105 0
-17 -7 -53 -15 -80 -8 -27 -15 -60 -15 -73 0 -21 4 -23 58 -23 63 0 57 -7 108
120 10 25 23 52 28 60 6 8 20 32 30 52 41 80 176 222 271 283 84 55 212 115
244 115 10 0 35 7 56 16 54 22 274 22 347 -1 99 -31 193 -71 216 -92 7 -7 18
-13 24 -13 21 0 162 -138 219 -215 42 -56 58 -85 93 -167 66 -156 91 -371 61
-528 -21 -111 -43 -197 -61 -238 -8 -18 -14 -41 -14 -51 0 -34 -170 -391 -197
-413 -7 -6 -13 -15 -13 -20 0 -6 -12 -27 -27 -47 -16 -20 -37 -52 -47 -71 -25
-45 -136 -193 -153 -203 -7 -4 -13 -13 -13 -20 0 -7 -22 -37 -48 -68 -26 -31
-72 -87 -102 -124 -30 -37 -67 -80 -81 -94 -15 -15 -51 -56 -80 -91 -107 -130
-667 -686 -986 -980 -49 -45 -53 -52 -53 -94 0 -41 3 -48 26 -56 16 -6 449
-10 1165 -10 1126 0 1139 0 1159 20 11 11 20 27 20 36 0 9 6 30 14 47 8 18 28
73 46 122 17 50 38 103 46 118 8 16 14 36 14 46 0 9 6 25 14 36 7 11 16 31 19
45 3 14 15 50 27 80 12 30 24 66 28 80 3 14 11 34 18 45 7 11 15 36 16 55 3
34 2 35 -38 38 -38 3 -43 0 -90 -54 -67 -78 -161 -164 -178 -164 -4 0 -23 -11
-44 -24 -21 -13 -76 -34 -122 -47 -84 -22 -91 -23 -770 -26 -417 -2 -691 0
-699 6 -11 7 40 65 224 255 131 135 243 253 248 263 6 9 42 49 81 89 65 65
138 144 302 323 190 208 405 483 499 636 27 44 54 87 61 95 13 16 86 152 136
255 16 33 36 73 44 88 8 16 14 36 14 46 0 9 5 22 11 28 6 6 15 26 19 44 5 19
21 77 36 129 25 88 27 109 28 296 0 163 -3 209 -16 240 -9 22 -24 66 -34 99
-11 33 -29 78 -41 100 -12 22 -32 60 -45 84 -32 62 -175 220 -250 277 -35 27
-65 52 -68 56 -16 22 -252 138 -281 138 -11 0 -30 5 -42 12 -25 13 -87 29
-132 33 -16 1 -41 5 -55 8 -41 10 -170 12 -255 6z"/>
<path d="M6338 5363 c-10 -2 -18 -9 -18 -14 0 -6 -20 -37 -45 -69 -25 -32 -45
-61 -45 -65 0 -4 -20 -33 -45 -65 -25 -32 -45 -61 -45 -64 0 -3 -28 -43 -62
-90 -35 -47 -83 -115 -108 -152 -25 -36 -70 -101 -100 -144 -30 -43 -75 -108
-100 -144 -25 -37 -66 -95 -92 -131 -27 -35 -48 -68 -48 -73 0 -5 -7 -16 -16
-23 -9 -7 -36 -43 -60 -79 -24 -36 -57 -84 -74 -108 -16 -23 -30 -47 -30 -52
0 -5 -6 -13 -13 -17 -7 -4 -27 -28 -43 -53 -70 -104 -128 -187 -154 -220 -15
-19 -29 -40 -31 -46 -2 -6 -24 -39 -49 -73 -153 -213 -186 -259 -195 -274 -20
-31 -91 -133 -131 -187 -22 -30 -43 -60 -45 -66 -2 -6 -23 -37 -47 -70 -23
-32 -76 -106 -117 -164 -41 -58 -88 -124 -105 -147 l-30 -42 0 -186 0 -185
828 0 c455 0 833 -4 839 -8 10 -6 13 -127 15 -528 l3 -519 235 0 235 0 5 525
5 525 265 5 265 5 3 183 c1 113 -2 190 -8 202 -10 19 -24 20 -268 22 l-257 3
-5 1295 -5 1295 -145 1 c-80 1 -153 0 -162 -3z m-173 -1624 l0 -964 -679 -3
c-404 -1 -684 2 -689 7 -6 6 14 40 49 88 33 43 77 104 99 136 22 32 57 81 78
110 33 45 56 79 144 207 10 14 37 51 60 82 24 31 43 59 43 63 0 3 27 42 60 85
33 43 60 81 60 84 0 3 28 43 63 90 34 47 94 131 132 186 86 123 179 254 240
337 25 34 45 66 45 70 0 4 13 22 28 40 15 17 47 61 72 97 25 37 73 105 108
152 34 47 62 90 62 95 0 6 6 9 13 7 9 -4 12 -206 12 -969z"/>
</g>
</svg>
