<?xml version="1.0" standalone="no"?>
<!DOCTYPE svg PUBLIC "-//W3C//DTD SVG 20010904//EN"
 "http://www.w3.org/TR/2001/REC-SVG-20010904/DTD/svg10.dtd">
<svg version="1.0" xmlns="http://www.w3.org/2000/svg"
 width="627.000000pt" height="744.000000pt" viewBox="0 0 627.000000 744.000000"
 preserveAspectRatio="xMidYMid meet">
<metadata>
Created by potrace 1.10, written by Peter Selinger 2001-2011
</metadata>
<g transform="translate(0.000000,744.000000) scale(0.100000,-0.100000)"
fill="#000000" stroke="none">
<path d="M570 7300 c-256 -8 -327 -15 -379 -36 -18 -8 -48 -14 -67 -14 -37 0
-51 -14 -35 -34 6 -7 20 -40 32 -72 l20 -59 -31 -135 c-17 -74 -36 -155 -42
-180 -22 -97 -22 -210 1 -300 24 -93 36 -134 58 -195 12 -33 15 -159 14 -775
0 -495 -4 -778 -12 -867 -13 -140 -1 -300 27 -371 10 -24 11 -39 3 -53 -13
-24 -13 -75 -4 -364 4 -127 2 -349 -3 -498 -7 -173 -7 -278 -1 -300 5 -17 14
-70 19 -117 10 -86 19 -134 45 -225 7 -27 21 -81 31 -120 9 -38 23 -81 30 -95
7 -14 22 -46 34 -72 11 -26 29 -52 40 -58 11 -6 27 -24 35 -40 9 -17 34 -42
56 -57 22 -15 47 -40 56 -56 l15 -29 206 5 c180 4 219 8 302 30 59 16 137 28
205 31 61 4 144 11 186 17 54 7 91 6 125 -2 61 -14 428 -14 590 0 65 6 189 13
276 17 l156 6 20 -46 c12 -25 26 -46 31 -46 15 0 14 26 -1 49 -9 15 -9 23 1
35 12 14 46 16 242 16 254 0 251 1 207 -63 -32 -44 -36 -47 -96 -47 -62 0 -99
-17 -137 -62 -23 -27 -26 -38 -20 -72 3 -22 12 -47 18 -56 7 -8 19 -27 26 -42
12 -23 12 -29 -2 -43 -9 -9 -22 -24 -29 -33 -7 -10 -28 -28 -45 -41 -18 -12
-33 -29 -33 -37 0 -20 72 -97 107 -114 71 -36 224 -185 254 -248 20 -40 20
-45 6 -59 -15 -15 -19 -13 -48 18 -17 18 -35 43 -39 55 -5 12 -26 35 -47 50
-21 15 -47 38 -59 50 -59 64 -167 112 -150 67 4 -8 9 -25 12 -38 3 -13 12 -26
21 -29 8 -3 11 -11 7 -17 -5 -9 -10 -8 -18 3 -35 48 -176 80 -190 42 -11 -28
13 -52 81 -84 64 -29 93 -52 93 -72 0 -12 -50 1 -86 23 -30 18 -84 25 -97 13
-13 -13 25 -64 61 -84 20 -12 55 -34 77 -50 22 -17 63 -41 91 -55 27 -14 61
-36 74 -50 35 -37 103 -35 145 4 19 18 43 31 65 33 30 3 35 0 38 -20 2 -14 -8
-35 -27 -58 -25 -28 -31 -44 -31 -80 0 -43 4 -50 53 -95 28 -27 58 -49 65 -49
7 0 35 -11 63 -25 48 -25 51 -25 101 -10 78 23 105 20 116 -12 5 -17 5 -44 0
-67 -6 -25 -5 -50 2 -69 15 -43 12 -149 -5 -190 -15 -37 -76 -77 -118 -77 -31
-1 -149 -43 -199 -73 -83 -49 -125 -117 -112 -184 7 -39 76 -93 148 -117 61
-21 81 -20 130 4 51 25 86 75 86 123 0 19 4 38 10 42 14 9 50 -32 51 -57 1
-38 42 -113 64 -116 51 -7 81 133 72 337 -4 77 -2 202 4 278 9 132 11 139 37
160 31 27 77 30 86 7 11 -28 6 -167 -8 -254 -8 -47 -20 -152 -26 -235 -11
-129 -10 -158 3 -208 25 -95 67 -137 100 -98 19 22 45 107 53 175 4 31 12 56
18 56 6 0 22 -26 35 -58 30 -69 72 -130 103 -148 110 -61 179 -71 218 -29 25
27 26 25 -12 162 -33 119 -162 247 -269 267 -20 3 -46 17 -57 29 -28 30 -55
121 -48 161 25 148 46 203 82 216 14 6 78 10 143 10 l117 0 38 39 c38 39 38
40 34 109 -2 48 -9 77 -21 90 -9 10 -17 26 -17 35 0 21 -43 43 -103 51 -36 6
-50 13 -57 29 -5 12 -9 16 -9 9 -1 -8 -26 -38 -56 -68 -42 -40 -63 -54 -85
-54 -40 0 -45 -14 -21 -66 18 -38 20 -51 11 -82 -6 -20 -21 -50 -34 -65 -34
-42 -65 -34 -92 23 -36 76 -37 84 -9 114 44 48 35 58 -47 51 -100 -9 -103 -10
-84 -36 8 -12 25 -27 38 -33 12 -6 27 -24 32 -38 9 -24 5 -31 -35 -67 -62 -57
-94 -56 -120 4 -21 47 -19 76 8 107 22 25 7 38 -45 39 -26 0 -83 13 -127 28
-76 25 -81 28 -93 66 -17 50 -10 239 11 316 28 100 49 244 45 319 l-3 75 -38
-2 c-21 -1 -48 -9 -60 -18 -44 -31 -86 -13 -138 58 -22 31 -29 51 -29 87 0 57
9 70 85 119 44 29 67 52 85 88 28 53 55 65 94 39 13 -8 26 -12 30 -9 12 12 6
46 -11 58 -15 11 -15 15 6 49 42 68 74 68 126 1 25 -34 26 -39 14 -62 -8 -15
-26 -35 -41 -46 -34 -26 -35 -37 -4 -37 14 0 28 -4 31 -10 12 -20 35 -10 35
15 0 58 65 105 99 73 11 -11 13 -10 8 5 -8 23 7 53 34 67 15 9 32 7 70 -5 59
-20 79 -50 61 -90 -10 -21 -18 -25 -56 -25 -26 0 -48 6 -56 15 -7 8 -20 15
-30 15 -15 0 -17 -6 -13 -40 7 -51 -25 -93 -64 -84 -31 8 -30 -14 1 -26 26 -9
66 -3 66 11 0 4 16 24 37 44 33 32 41 35 97 35 34 -1 72 -7 86 -15 14 -8 34
-14 44 -15 11 0 28 -8 39 -18 15 -13 34 -16 81 -15 59 3 64 1 96 -32 34 -35
35 -37 38 -138 7 -190 -14 -217 -172 -217 -96 0 -97 0 -107 -27 -13 -35 -3
-107 18 -125 9 -7 29 -41 44 -76 16 -35 44 -86 63 -115 18 -29 36 -59 39 -67
10 -28 6 45 -7 115 -7 39 -25 94 -40 124 -15 30 -26 66 -24 80 3 24 7 26 48
25 27 0 69 -12 105 -29 82 -38 127 -37 171 6 32 31 34 37 34 99 0 61 3 69 31
96 22 21 30 37 29 59 -1 16 -2 35 -1 41 1 5 35 16 76 23 91 15 109 34 119 120
4 33 12 63 18 67 6 4 25 -7 42 -24 53 -53 144 -130 166 -142 18 -10 25 -9 36
2 12 11 12 21 3 49 -7 18 -19 43 -29 54 -27 32 -50 73 -50 89 0 11 18 13 106
8 94 -4 108 -3 132 15 31 23 45 24 467 48 149 8 287 18 307 21 62 10 152 101
198 198 21 45 42 97 47 116 6 20 9 254 9 555 -1 516 -1 521 -25 600 -12 44
-28 103 -33 130 -14 68 -3 766 12 820 19 66 24 401 10 607 -14 197 -5 422 25
608 7 47 16 125 19 173 8 113 25 149 68 145 44 -4 46 8 47 254 1 222 0 225
-50 219 -20 -2 -32 5 -48 27 -11 17 -21 33 -21 37 0 4 -30 45 -66 92 -37 47
-77 107 -90 133 -27 57 -73 98 -117 104 -106 15 -269 22 -327 14 -77 -11 -291
-4 -319 11 -11 6 -68 11 -128 12 -127 0 -308 13 -413 29 -51 8 -350 13 -920
15 -533 1 -880 7 -940 13 -281 33 -593 44 -950 35 -47 -2 -285 -1 -530 1 -245
2 -551 0 -680 -4z m3260 -126 c1561 -5 1640 -6 1665 -20 17 -10 69 -19 290
-49 77 -11 104 -56 116 -190 4 -49 11 -122 15 -161 8 -80 -8 -189 -35 -240
-24 -44 -78 -94 -111 -100 -15 -4 -37 -19 -49 -35 -12 -16 -29 -29 -37 -29 -9
0 -28 -6 -42 -14 -105 -55 -415 -83 -617 -55 -138 19 -240 56 -284 103 -14 14
-30 26 -37 26 -17 0 -103 97 -153 171 -49 74 -80 99 -118 99 -40 0 -47 -9 -25
-34 10 -12 27 -41 37 -65 11 -25 56 -81 110 -136 78 -80 103 -98 185 -139 53
-25 101 -46 107 -46 6 0 24 -6 40 -14 62 -31 109 -48 187 -67 198 -49 236 -51
270 -14 13 14 29 25 35 25 16 0 41 -62 41 -101 0 -18 6 -66 14 -108 8 -42 22
-150 32 -241 9 -91 21 -176 27 -190 5 -14 14 -68 18 -120 5 -52 12 -115 15
-139 6 -42 -2 -110 -27 -241 -37 -186 -34 -142 -21 -435 5 -121 15 -233 22
-250 8 -22 9 -133 4 -425 -5 -217 -8 -498 -8 -625 -1 -126 -5 -241 -10 -253
-7 -22 -57 -77 -98 -110 -25 -20 -145 -49 -231 -56 -91 -8 -115 -15 -96 -27 8
-4 11 -11 8 -14 -9 -8 -403 -36 -463 -33 l-51 3 -3 37 c-2 28 -11 44 -38 65
-19 15 -60 53 -91 83 l-55 55 5 65 c3 36 15 92 26 125 12 33 24 90 27 126 8
80 -8 120 -72 179 -36 33 -51 40 -86 41 -66 3 -110 -1 -146 -12 -26 -9 -32
-15 -26 -31 11 -34 -4 -68 -30 -68 -19 0 -22 -4 -18 -25 11 -59 -27 -107 -68
-85 -24 13 -36 70 -21 99 9 15 21 21 46 21 39 0 46 14 15 30 -26 14 -18 27 20
35 17 4 30 11 30 16 0 16 -32 23 -52 10 -27 -17 -34 -8 -53 56 -9 32 -30 74
-46 94 -16 20 -29 41 -29 45 0 16 -100 101 -138 117 -69 29 -170 48 -220 41
-112 -15 -194 -42 -213 -67 -3 -5 -22 -18 -41 -30 -20 -12 -47 -36 -61 -52
-32 -38 -77 -120 -77 -138 0 -8 -9 -35 -20 -60 -20 -44 -22 -46 -53 -40 -18 3
-43 14 -57 24 -30 21 -126 30 -179 17 -48 -12 -110 -90 -121 -151 -8 -42 7
-145 29 -200 6 -16 11 -69 11 -118 0 -89 0 -90 -30 -107 -17 -9 -33 -25 -36
-34 -3 -10 -23 -27 -44 -39 -38 -22 -52 -43 -65 -104 -16 -72 -36 -75 -245
-45 -74 11 -152 20 -172 20 -38 0 -38 0 -38 40 0 22 9 65 19 95 17 49 18 57 5
70 -29 28 -49 18 -72 -38 -13 -30 -25 -78 -29 -107 l-6 -53 -113 5 c-76 4
-116 2 -124 -6 -17 -17 -756 -15 -835 2 -33 7 -71 15 -83 18 -15 3 -22 10 -19
18 7 17 -12 36 -36 36 -22 0 -83 44 -91 66 -3 9 -13 74 -21 144 -8 71 -19 140
-24 152 -50 127 -89 412 -99 708 -14 408 -3 1193 16 1228 19 33 40 212 48 397
6 145 -9 622 -22 686 -7 34 15 43 59 25 118 -50 324 -74 468 -56 102 13 185
35 210 56 8 8 22 14 30 14 8 0 24 10 36 23 61 62 110 118 160 180 30 37 59 67
63 67 4 0 13 13 19 28 7 16 27 46 46 68 19 21 35 44 35 49 0 6 12 24 26 40
l25 30 22 -26 c56 -65 79 -96 97 -135 16 -32 28 -43 51 -48 21 -4 34 -15 45
-38 30 -67 90 -148 109 -148 8 0 24 -13 37 -29 38 -47 213 -96 314 -88 100 8
245 54 273 87 35 42 285 150 348 150 15 0 33 4 38 8 15 11 49 64 55 87 9 30
45 30 87 -2 21 -15 76 -67 124 -115 66 -67 93 -88 122 -93 24 -5 47 -19 67
-41 37 -43 88 -55 238 -55 90 0 118 3 131 15 10 9 27 16 38 16 11 0 28 11 36
24 9 13 35 33 59 45 35 17 109 77 163 133 6 6 25 25 43 43 17 19 32 37 32 41
0 4 8 13 18 20 16 12 15 13 -6 14 -12 0 -30 -4 -40 -9 -9 -5 -32 -15 -49 -21
-33 -12 -93 -66 -93 -83 0 -20 -117 -118 -152 -128 -60 -16 -227 -27 -298 -19
-67 7 -130 26 -130 40 0 4 -27 27 -60 51 -33 24 -60 48 -60 52 0 5 -34 42 -76
83 -88 87 -105 91 -186 53 -78 -37 -103 -51 -123 -70 -11 -10 -32 -22 -48 -28
-15 -6 -32 -22 -39 -36 -6 -15 -20 -25 -31 -25 -11 0 -66 -22 -122 -50 -56
-27 -124 -55 -151 -61 -27 -6 -123 -12 -214 -12 -183 -1 -199 3 -294 72 -65
49 -74 57 -172 179 -14 17 -34 32 -44 32 -11 0 -28 17 -43 43 -41 69 -106 137
-131 137 -18 0 -27 -10 -40 -44 -9 -25 -24 -50 -32 -57 -8 -7 -21 -27 -29 -44
-7 -18 -40 -61 -74 -96 -33 -35 -61 -70 -61 -77 0 -7 -8 -15 -17 -19 -10 -3
-46 -32 -80 -65 -34 -32 -70 -58 -82 -58 -11 0 -30 -11 -43 -25 -71 -76 -498
-77 -588 -1 -18 14 -43 26 -56 26 -30 0 -106 51 -159 108 -22 24 -71 74 -110
112 -96 94 -128 161 -141 296 -9 96 6 125 94 185 65 45 114 65 177 72 17 2
485 2 1040 0 556 -2 1561 -6 2235 -9z m-3405 -787 c11 -13 41 -37 66 -54 64
-44 73 -57 59 -83 -20 -38 -43 -239 -43 -385 0 -77 5 -228 11 -335 15 -248 16
-534 2 -580 -6 -19 -20 -86 -30 -148 -25 -141 -28 -436 -6 -499 12 -33 12 -43
-1 -67 -19 -37 -13 -157 16 -305 20 -102 21 -121 10 -185 -19 -110 -17 -378 3
-451 9 -33 24 -96 33 -140 9 -44 23 -105 31 -136 8 -33 15 -113 17 -190 2
-113 -1 -142 -17 -184 -23 -58 -56 -115 -79 -134 -24 -19 -68 16 -94 76 -63
144 -58 102 -54 526 3 335 1 392 -12 420 -14 29 -14 42 -2 112 17 94 19 278 4
385 -5 41 -14 134 -19 205 -5 72 -14 196 -21 276 -11 130 -11 159 4 250 9 57
17 132 17 166 0 37 8 82 19 110 11 29 21 90 26 154 6 98 5 110 -15 150 -22 42
-23 54 -27 443 -4 366 4 570 24 622 8 21 52 10 78 -19z m5289 -248 c48 -38 66
-96 66 -214 0 -61 -7 -136 -16 -176 l-16 -70 34 -52 33 -52 -2 -152 c-1 -116
-6 -165 -19 -205 -24 -72 -25 -230 -2 -323 27 -108 35 -204 24 -292 -8 -67 -7
-86 7 -115 10 -21 14 -48 11 -73 -3 -22 -1 -60 5 -84 8 -38 7 -52 -10 -87 -21
-47 -26 -144 -9 -204 9 -33 27 -173 37 -286 3 -32 -1 -64 -10 -86 -13 -30 -13
-39 0 -68 10 -25 11 -41 4 -60 -5 -14 -13 -49 -16 -77 -6 -43 -3 -59 14 -87
18 -29 21 -49 21 -154 0 -84 -5 -136 -16 -167 -12 -36 -14 -71 -10 -153 12
-220 8 -265 -29 -338 -27 -54 -41 -61 -83 -38 -84 44 -142 116 -156 195 -7 40
27 276 44 310 9 16 11 124 9 398 -2 207 0 386 4 397 5 15 3 27 -7 37 -9 8 -24
37 -33 64 -15 41 -17 80 -16 273 2 221 12 338 39 494 8 43 14 126 14 185 1 58
7 142 15 186 21 114 19 244 -6 360 -11 54 -23 104 -27 109 -3 6 -10 34 -13 61
-16 108 -39 239 -48 269 -15 46 -24 188 -14 213 12 33 83 82 119 83 17 0 43
-9 58 -21z m-2630 -2617 c3 -5 -4 -23 -14 -40 -19 -31 -15 -43 7 -21 21 21 57
6 67 -29 13 -46 -5 -82 -42 -82 -34 0 -52 16 -52 48 0 13 -11 37 -25 54 -28
33 -31 48 -13 66 14 14 64 16 72 4z m981 -293 c4 -12 15 -29 25 -39 10 -10 22
-24 26 -32 5 -7 22 -24 39 -37 39 -29 54 -89 55 -213 0 -54 -1 -98 -2 -99 -27
-8 -237 -34 -247 -31 -19 7 -6 103 35 267 9 33 19 76 24 95 5 19 12 52 15 73
7 41 20 48 30 16z m-985 -69 c0 -21 5 -42 10 -45 15 -9 56 -95 65 -135 4 -19
18 -45 31 -57 13 -12 24 -33 24 -45 0 -13 9 -32 21 -41 13 -12 19 -27 17 -45
l-3 -27 -148 -9 c-81 -4 -154 -6 -162 -2 -12 4 -15 28 -15 128 1 161 8 192 59
237 23 20 41 41 41 48 0 13 42 43 53 36 4 -2 7 -22 7 -43z m2336 -455 c10 -8
26 -15 34 -15 9 0 45 -29 80 -65 53 -54 63 -68 54 -82 -28 -45 -121 -61 -464
-83 -148 -9 -314 0 -333 19 -6 6 -2 34 14 81 19 58 21 75 11 90 -7 11 -12 24
-12 29 0 20 81 31 214 29 75 -1 139 2 143 5 3 4 59 7 123 7 87 0 121 -4 136
-15z m-3831 -15 c319 -5 560 -12 590 -18 28 -6 124 -13 214 -14 l164 -3 29
-53 28 -53 -19 -37 c-11 -20 -24 -49 -29 -63 -10 -25 -13 -26 -154 -37 -159
-13 -677 -16 -778 -4 -97 11 -303 -3 -395 -26 -54 -14 -132 -23 -240 -27 -88
-4 -196 -14 -240 -22 -129 -24 -185 -26 -228 -8 -26 11 -35 19 -30 29 20 34
65 85 143 164 94 95 154 142 180 142 10 0 31 7 46 15 16 8 45 15 64 15 19 0
42 5 50 10 8 6 26 8 40 4 14 -4 268 -10 565 -14z m3145 -13 c0 -8 -3 -17 -7
-21 -5 -4 -22 -42 -38 -84 -24 -59 -37 -80 -59 -91 -37 -17 -66 -4 -91 42 -18
34 -18 37 -2 55 9 10 17 25 17 34 0 8 9 27 20 41 17 21 31 27 73 30 29 2 60 4
70 5 9 1 17 -4 17 -11z m-240 -48 c0 -36 -21 -38 -37 -2 -9 19 -10 30 -2 40
17 19 39 -2 39 -38z m-1361 22 c261 7 235 14 265 -75 17 -52 15 -66 -13 -66
-10 0 -35 -13 -55 -29 l-36 -29 -187 0 c-104 0 -210 -5 -236 -11 -73 -17 -223
-26 -231 -13 -12 20 6 42 42 47 77 13 126 47 168 118 35 59 55 68 138 61 33
-3 98 -4 145 -3z m1149 -41 c27 -52 67 -97 94 -106 10 -3 18 -11 18 -18 0 -16
-114 -25 -211 -17 -36 4 -133 1 -215 -5 -150 -11 -220 -9 -230 8 -8 13 15 38
35 38 16 0 85 82 98 116 10 27 44 32 218 31 l170 -2 23 -45z m-1598 20 c0 -10
-9 -24 -20 -30 -18 -10 -20 -8 -20 20 0 23 4 30 20 30 13 0 20 -7 20 -20z
m1614 -346 c27 -26 20 -79 -15 -119 -40 -45 -66 -45 -85 0 -20 48 -18 91 6
115 24 24 72 26 94 4z m155 -28 c7 -8 11 -27 9 -43 -2 -22 -9 -29 -38 -34 -62
-13 -88 20 -54 69 18 25 65 30 83 8z m-1499 -131 c69 -36 64 -125 -7 -125 -29
0 -80 28 -88 48 -6 17 11 52 39 74 26 21 21 21 56 3z m1389 -61 c16 -21 18
-30 10 -52 -13 -34 -48 -72 -67 -72 -18 0 -92 80 -92 99 0 31 32 51 81 51 39
0 51 -5 68 -26z m-1288 -123 c16 -16 29 -33 29 -38 0 -5 -13 -23 -29 -41 -22
-24 -38 -32 -63 -32 -69 0 -80 60 -20 109 20 17 41 30 45 31 5 0 22 -13 38
-29z m1235 -48 c29 -39 8 -127 -32 -137 -30 -8 -64 9 -64 32 0 19 30 83 50
107 16 20 30 19 46 -2z m-1127 -30 c29 -36 36 -70 20 -99 -15 -29 -1 -49 28
-40 24 8 43 46 43 85 0 35 19 52 48 44 43 -11 41 -94 -4 -160 -18 -26 -24 -49
-24 -87 0 -82 -10 -125 -31 -131 -29 -9 -65 22 -88 74 -19 45 -88 119 -163
174 -16 12 -28 29 -28 39 0 26 10 25 77 -10 13 -7 24 -12 26 -12 2 0 7 28 11
63 9 87 45 112 85 60z m1019 -691 c20 -26 14 -56 -17 -86 -16 -16 -32 -39 -35
-51 -4 -15 -16 -26 -34 -30 -31 -6 -82 9 -82 24 0 6 -14 26 -31 45 -33 38 -31
53 10 90 40 36 162 41 189 8z m-888 -10 c20 -16 22 -22 12 -49 -10 -31 -7 -47
9 -37 5 3 9 14 9 24 0 27 31 40 76 33 47 -7 84 -44 84 -82 0 -46 -21 -64 -81
-69 -45 -3 -59 0 -81 18 -16 12 -28 30 -28 41 0 25 -27 25 -35 -1 -9 -28 -37
-25 -69 9 -36 38 -30 66 21 103 45 33 54 34 83 10z"/>
<path d="M5517 7003 c-4 -3 -7 -18 -7 -32 0 -52 -42 -93 -151 -150 -104 -54
-104 -54 -196 -54 -84 0 -96 3 -127 26 -18 15 -52 33 -75 41 -39 13 -42 13
-52 -6 -8 -15 -5 -30 11 -64 23 -46 100 -114 129 -114 9 0 28 -8 41 -17 35
-25 253 -26 291 -2 13 9 38 19 55 23 53 12 138 87 167 150 37 78 35 102 -14
159 -39 45 -57 55 -72 40z"/>
<path d="M563 6914 c-12 -32 5 -123 31 -161 14 -21 26 -43 26 -49 0 -15 101
-114 117 -114 6 0 21 -13 33 -30 12 -16 30 -30 41 -30 11 0 47 -13 82 -28 109
-49 142 -57 186 -44 21 7 49 12 62 12 13 0 38 7 54 16 17 9 64 24 104 35 41
11 85 28 97 40 12 11 37 28 55 38 49 26 49 56 -2 109 -43 45 -59 51 -78 28 -7
-8 -50 -34 -97 -58 -47 -24 -97 -50 -112 -58 -20 -11 -57 -15 -145 -14 -104 1
-121 3 -147 22 -16 12 -36 22 -44 22 -8 0 -47 37 -86 83 -94 109 -89 101 -111
152 -21 47 -53 61 -66 29z"/>
<path d="M2295 6826 c-49 -49 -19 -128 63 -167 26 -12 59 -31 74 -41 20 -14
45 -18 111 -18 117 0 177 15 227 59 l42 36 -16 45 c-9 25 -16 53 -16 63 0 25
-25 21 -44 -8 -9 -14 -22 -25 -29 -25 -7 0 -29 -14 -50 -31 -58 -48 -92 -48
-173 -1 -38 22 -78 50 -89 62 -11 12 -32 28 -48 36 -25 14 -29 13 -52 -10z"/>
<path d="M3657 6813 c-4 -3 -7 -19 -7 -34 0 -36 66 -104 145 -149 59 -34 62
-35 177 -35 140 0 152 8 143 88 -9 73 -13 80 -49 72 -109 -23 -244 -5 -313 42
-32 22 -82 30 -96 16z"/>
<path d="M1641 6468 c-16 -35 -37 -90 -46 -123 -9 -33 -21 -73 -27 -90 -6 -16
-13 -51 -15 -77 -4 -39 -2 -48 11 -48 9 0 25 9 36 20 27 27 37 25 44 -7 5 -17
3 -29 -6 -34 -18 -12 -46 -11 -53 1 -13 21 -34 9 -40 -22 -4 -18 -11 -37 -15
-43 -5 -5 -11 -31 -15 -57 -6 -42 -10 -48 -31 -48 -21 0 -24 -5 -24 -37 0 -21
7 -47 15 -57 8 -11 15 -30 15 -43 0 -13 5 -23 10 -23 6 0 10 -7 10 -16 0 -11
-5 -14 -17 -9 -10 4 -33 9 -52 12 -28 5 -33 3 -29 -13 6 -34 65 -64 127 -64
36 0 65 -6 80 -16 19 -14 40 -16 109 -11 l86 5 31 -32 c34 -36 74 -50 187 -65
53 -8 86 -8 104 -1 32 13 22 27 -21 32 -32 3 -31 0 -18 81 3 24 2 37 -5 37 -6
0 -20 10 -32 22 l-20 22 25 13 c28 15 33 44 11 63 -8 6 -23 33 -32 58 -20 55
-48 90 -76 94 -14 2 -26 20 -41 63 -11 33 -33 81 -49 106 -15 25 -28 54 -28
63 0 9 -11 34 -25 56 -14 22 -35 64 -46 93 -11 28 -31 66 -43 82 -13 17 -26
40 -30 53 -13 38 -35 24 -65 -40z m33 -140 c20 -75 -4 -157 -37 -129 -10 7
-17 7 -24 0 -14 -14 -33 -3 -33 18 0 11 6 14 24 9 27 -7 36 12 36 75 0 51 22
69 34 27z m86 -54 c0 -19 7 -48 15 -64 9 -18 11 -31 5 -35 -6 -3 -10 -18 -10
-33 1 -25 2 -25 14 -9 7 9 18 17 24 17 14 0 32 -33 32 -57 -1 -17 -1 -17 -11
0 -11 19 -39 23 -39 5 0 -6 6 -19 14 -27 7 -9 16 -35 20 -59 8 -55 -10 -64
-59 -26 l-36 27 2 146 c1 80 4 149 6 154 10 16 23 -6 23 -39z m-150 -224 c0
-30 13 -37 38 -22 7 5 10 16 6 25 -10 26 15 20 27 -7 9 -18 7 -30 -5 -55 -14
-27 -22 -31 -56 -31 -44 0 -46 5 -34 83 8 44 24 49 24 7z m276 -7 c34 -51 64
-143 46 -143 -16 0 -80 82 -87 113 -8 29 -1 57 14 57 5 0 17 -12 27 -27z m-67
-138 c29 -19 57 -35 62 -35 5 0 23 -9 41 -20 18 -11 43 -20 54 -20 20 0 34
-17 34 -41 0 -5 -19 -9 -42 -9 -31 0 -56 9 -88 30 -25 16 -50 30 -56 30 -5 0
-23 14 -39 30 -16 17 -35 30 -42 30 -7 0 -13 9 -13 20 0 30 28 25 89 -15z
m-144 16 c3 -6 -11 -13 -30 -17 -38 -7 -51 -2 -40 15 8 14 62 14 70 2z m-100
-106 c0 -10 -5 -20 -11 -22 -13 -4 -27 24 -18 38 9 15 29 4 29 -16z m200 -75
c6 -10 -62 -46 -71 -37 -4 4 -2 18 4 31 8 18 16 22 36 19 15 -3 28 -9 31 -13z
m258 -84 c-12 -16 -20 -20 -25 -12 -15 22 -8 36 17 36 26 0 26 0 8 -24z"/>
<path d="M3600 6279 c0 -17 4 -28 10 -24 6 3 10 17 10 31 0 13 -4 24 -10 24
-5 0 -10 -14 -10 -31z"/>
<path d="M3746 6218 c-10 -28 -28 -114 -29 -137 -3 -32 24 -48 60 -35 22 7 29
18 37 54 5 25 9 63 10 85 1 39 0 40 -37 43 -24 2 -39 -1 -41 -10z"/>
<path d="M4807 6124 c-43 -16 -76 -49 -77 -78 0 -11 -6 -27 -13 -35 -12 -15
-37 -71 -51 -114 -8 -25 -34 -32 -55 -13 -16 15 -19 13 -44 -25 -15 -22 -27
-45 -27 -50 0 -4 -14 -23 -31 -40 -35 -36 -59 -86 -59 -124 0 -30 -32 -65 -60
-65 -15 0 -22 8 -26 29 -4 16 -19 41 -34 56 -26 25 -27 30 -22 90 6 78 -6 100
-81 150 -83 55 -210 61 -242 11 -20 -31 -10 -53 31 -68 43 -15 48 -30 28 -86
-14 -42 -14 -52 1 -114 10 -37 15 -75 12 -83 -4 -8 -23 -23 -44 -34 -21 -10
-54 -35 -73 -55 -34 -36 -34 -36 -17 -65 20 -35 22 -51 4 -51 -8 0 -22 -9 -32
-20 -15 -17 -16 -24 -7 -45 12 -26 69 -55 110 -55 14 0 34 -7 44 -17 10 -9 28
-21 40 -27 36 -18 49 -54 45 -121 -5 -76 -20 -131 -43 -156 -16 -18 -16 -22 2
-74 21 -63 39 -67 39 -9 0 35 3 39 28 42 19 2 33 -3 43 -15 17 -23 17 -27 14
162 -2 182 2 208 35 223 14 6 34 27 47 45 12 19 35 43 51 53 27 18 57 61 57
83 0 6 -18 21 -40 33 -72 41 -40 66 35 28 41 -21 59 -47 45 -65 -5 -5 -4 -64
0 -130 5 -66 10 -164 12 -219 2 -97 2 -98 -25 -118 -15 -11 -27 -24 -27 -29 0
-15 72 -41 84 -29 6 6 88 10 210 11 111 0 235 4 276 8 72 7 90 5 147 -22 13
-6 26 -8 29 -4 4 3 6 121 6 261 1 219 -2 259 -16 280 -20 32 -21 80 -1 96 21
17 19 44 -5 65 -11 10 -20 26 -20 35 0 9 -23 51 -50 93 -33 51 -53 93 -56 121
-4 24 -17 61 -30 83 -13 21 -34 59 -48 85 -14 26 -30 49 -36 53 -5 3 -10 22
-10 41 0 39 -9 41 -73 18z m40 -69 c12 -8 25 -30 28 -48 4 -17 12 -38 19 -46
12 -16 33 -85 46 -151 17 -95 45 -150 76 -150 8 0 17 -12 20 -26 11 -45 -8
-49 -226 -45 -63 1 -139 -2 -169 -8 -60 -12 -93 -3 -67 18 9 8 16 19 16 27 0
7 15 38 34 70 19 31 44 88 57 128 12 39 35 87 50 106 20 26 27 46 26 74 -2 58
43 84 90 51z m-659 -182 c70 -46 75 -59 41 -124 -25 -50 -20 -65 29 -84 30
-12 41 -24 50 -51 10 -32 9 -34 -16 -40 -42 -8 -56 -18 -74 -55 -25 -49 -23
-62 7 -55 20 5 37 -1 70 -25 25 -18 45 -36 45 -40 0 -17 -66 -83 -97 -95 -17
-8 -34 -18 -37 -23 -4 -5 -31 -15 -61 -22 -54 -12 -56 -12 -83 14 -16 15 -40
27 -54 27 -35 0 -44 16 -18 32 25 16 25 32 -1 67 -27 37 -14 66 36 75 30 6 38
14 61 61 18 39 33 57 50 61 35 9 33 49 -3 66 -34 16 -41 55 -19 100 23 46 20
63 -19 92 -20 15 -32 32 -29 38 9 15 88 2 122 -19z m422 -91 c0 -15 -16 -51
-35 -80 -20 -28 -40 -63 -45 -77 -10 -27 -37 -34 -46 -11 -9 23 101 211 117
200 5 -3 9 -17 9 -32z m443 -261 c7 -7 13 -43 13 -89 1 -42 6 -106 12 -142 8
-56 7 -69 -8 -95 -21 -37 -45 -149 -35 -165 4 -7 1 -16 -6 -21 -16 -9 -99 -1
-114 12 -18 17 -41 8 -60 -23 -10 -18 -23 -36 -29 -40 -15 -10 -118 -10 -134
0 -19 13 -32 70 -32 142 0 85 14 106 77 113 59 7 108 -19 118 -61 3 -15 15
-38 25 -52 l20 -25 -6 50 c-3 28 -15 76 -26 108 -25 71 -56 86 -93 43 -26 -30
-75 -35 -95 -10 -8 8 -25 14 -39 12 -25 -3 -26 -5 -24 -63 0 -33 5 -85 11
-115 13 -75 3 -92 -51 -88 l-42 3 -5 70 c-3 39 -11 80 -18 92 -15 28 -15 58 2
107 9 26 12 67 8 125 -4 73 -2 89 13 101 33 27 491 38 518 11z"/>
<path d="M4764 5106 c-10 -26 4 -46 31 -46 23 0 26 4 23 28 -3 31 -44 45 -54
18z"/>
<path d="M3927 6057 c-4 -10 -7 -28 -7 -40 1 -20 2 -20 11 -4 6 10 9 28 7 40
-3 20 -4 20 -11 4z"/>
<path d="M3510 5910 c0 -11 5 -20 10 -20 6 0 10 9 10 20 0 11 -4 20 -10 20 -5
0 -10 -9 -10 -20z"/>
<path d="M3627 5823 c-4 -3 -7 -21 -7 -39 0 -27 5 -35 24 -40 32 -8 46 2 46
31 0 37 -42 69 -63 48z"/>
<path d="M3830 5755 c0 -8 5 -15 10 -15 6 0 10 7 10 15 0 8 -4 15 -10 15 -5 0
-10 -7 -10 -15z"/>
<path d="M3442 5720 c-7 -11 -9 -20 -4 -20 10 0 32 22 32 32 0 15 -15 8 -28
-12z"/>
<path d="M987 5573 c-13 -12 -7 -33 8 -33 8 0 15 9 15 20 0 20 -11 26 -23 13z"/>
<path d="M3504 5542 c-14 -9 -74 -135 -74 -155 0 -37 61 -49 68 -13 2 10 19
38 38 63 42 54 44 90 8 103 -30 12 -26 12 -40 2z"/>
<path d="M882 5498 c-17 -17 -15 -56 6 -81 24 -31 79 -25 88 9 8 33 -1 54 -26
54 -11 0 -23 7 -26 15 -7 18 -26 19 -42 3z"/>
<path d="M1030 5411 c0 -5 7 -14 15 -21 12 -10 18 -10 30 0 8 7 12 16 9 21 -7
12 -54 12 -54 0z"/>
<path d="M3185 5400 c-11 -17 5 -32 21 -19 8 6 14 15 14 20 0 12 -27 11 -35
-1z"/>
<path d="M3650 5389 c0 -24 23 -21 28 4 2 10 -3 17 -12 17 -10 0 -16 -9 -16
-21z"/>
<path d="M1120 5375 c0 -9 7 -18 15 -21 8 -4 15 -16 15 -28 0 -11 10 -34 23
-50 28 -35 62 -29 78 12 10 25 7 30 -33 64 -45 40 -98 52 -98 23z"/>
<path d="M1127 5243 c-4 -3 -7 -19 -7 -35 0 -23 4 -28 25 -28 21 0 25 5 25 29
0 17 -6 31 -16 35 -19 7 -19 7 -27 -1z"/>
<path d="M3250 5191 c-23 -43 12 -91 54 -75 20 8 32 52 19 73 -16 25 -60 26
-73 2z"/>
<path d="M1005 5190 c-8 -13 6 -40 21 -40 19 0 18 36 -1 43 -8 4 -17 2 -20 -3z"/>
<path d="M5246 5044 c-11 -28 -6 -93 7 -101 7 -4 23 -25 37 -45 40 -61 58 -49
54 34 -2 57 -9 68 -40 68 -17 0 -24 6 -24 19 0 27 -26 46 -34 25z"/>
<path d="M1055 5040 c3 -5 13 -10 21 -10 8 0 14 5 14 10 0 6 -9 10 -21 10 -11
0 -17 -4 -14 -10z"/>
<path d="M1160 4981 c0 -5 11 -16 25 -25 19 -13 25 -13 25 -3 0 7 -5 18 -12
25 -14 14 -38 16 -38 3z"/>
<path d="M2857 4984 c-4 -4 -7 -14 -7 -23 0 -11 3 -12 11 -4 6 6 10 16 7 23
-2 6 -7 8 -11 4z"/>
<path d="M3050 4950 c0 -5 -16 -24 -35 -43 -42 -41 -54 -86 -30 -110 19 -19
52 -8 62 21 3 9 21 36 40 59 38 48 40 58 14 73 -25 13 -51 13 -51 0z"/>
<path d="M4284 4926 c-8 -22 -1 -59 14 -64 8 -2 12 9 12 37 0 40 -15 55 -26
27z"/>
<path d="M1282 4898 c5 -15 48 -24 48 -10 0 10 -23 22 -42 22 -5 0 -8 -6 -6
-12z"/>
<path d="M3957 4873 c-3 -5 -2 -25 2 -45 7 -42 27 -40 32 2 5 37 -20 67 -34
43z"/>
<path d="M4789 4876 c-2 -2 -94 -9 -204 -16 -191 -11 -202 -13 -245 -40 -33
-20 -69 -31 -135 -40 -80 -11 -146 -33 -225 -75 -28 -15 -36 -63 -10 -56 8 2
33 8 55 13 22 5 63 15 90 23 28 8 79 21 115 30 36 9 81 24 100 32 60 26 154
34 466 40 273 4 310 3 408 -16 80 -15 114 -18 128 -10 19 10 19 11 1 31 -32
36 -75 50 -172 59 -53 5 -121 13 -151 18 -55 9 -213 14 -221 7z"/>
<path d="M1373 4863 c9 -2 25 -2 35 0 9 3 1 5 -18 5 -19 0 -27 -2 -17 -5z"/>
<path d="M3182 4828 c-16 -16 -15 -28 3 -28 8 0 15 2 15 4 0 2 3 11 6 20 7 19
-7 21 -24 4z"/>
<path d="M3099 4724 c-12 -14 -11 -16 5 -13 11 2 21 10 24 17 5 17 -13 15 -29
-4z"/>
<path d="M2754 4646 c-10 -43 -2 -61 31 -61 28 0 30 2 30 40 0 36 -3 40 -27
43 -22 3 -29 -2 -34 -22z"/>
<path d="M3020 4645 c0 -8 5 -15 10 -15 6 0 10 7 10 15 0 8 -4 15 -10 15 -5 0
-10 -7 -10 -15z"/>
<path d="M2465 4497 c-4 -10 -5 -21 -1 -24 10 -10 18 4 13 24 -4 17 -4 17 -12
0z"/>
<path d="M4861 4436 c-16 -17 -22 -33 -19 -57 3 -31 0 -34 -27 -39 -49 -8 -98
-39 -90 -57 8 -21 -12 -33 -55 -33 -19 0 -51 -4 -70 -10 -22 -6 -38 -6 -44 0
-14 14 -70 12 -84 -2 -14 -14 -16 -48 -3 -48 5 0 23 -13 39 -29 22 -23 47 -33
110 -47 45 -10 82 -21 82 -26 0 -5 -12 -13 -26 -18 -25 -10 -25 -12 -11 -33 9
-14 28 -24 53 -27 l39 -5 3 -79 c2 -63 0 -82 -14 -97 -17 -18 -16 -21 4 -58
32 -56 29 -61 -30 -62 -60 0 -119 -18 -126 -37 -2 -7 12 -19 31 -27 20 -8 42
-24 50 -35 23 -33 68 -50 135 -50 l62 0 19 43 c11 23 22 50 25 60 5 16 16 17
88 15 54 -2 83 -7 86 -15 2 -9 -9 -13 -38 -13 -71 0 -106 -35 -60 -60 12 -6
25 -21 30 -34 14 -38 166 -61 220 -33 21 11 25 18 22 53 -4 46 15 74 50 74 57
0 113 72 113 144 -1 62 -10 79 -35 66 -12 -6 -26 -23 -33 -38 -6 -15 -15 -29
-19 -32 -12 -9 -171 14 -195 28 -12 6 -51 12 -87 12 -37 0 -93 7 -126 17 -56
15 -60 18 -60 45 0 17 9 38 23 51 31 29 47 60 47 91 0 14 8 30 18 35 10 5 24
21 32 35 17 33 42 33 87 -1 26 -20 39 -24 51 -17 20 13 33 60 26 91 -3 12 -1
38 6 57 9 27 8 39 -2 55 -17 28 -35 26 -87 -9 -51 -35 -70 -37 -100 -12 -16
13 -23 33 -27 82 -7 67 -25 110 -47 110 -8 0 -24 -11 -36 -24z m42 -226 l18
-35 -38 -33 c-28 -25 -34 -35 -25 -44 17 -17 15 -68 -3 -74 -8 -4 -31 1 -51
11 -33 15 -34 18 -20 34 9 10 16 25 16 34 0 9 8 21 18 26 16 8 18 19 14 66
l-5 57 29 -4 c21 -2 34 -12 47 -38z m-148 -30 c4 -6 -9 -10 -32 -9 -30 0 -34
2 -18 9 27 12 43 12 50 0z m95 -415 c-12 -14 -15 -14 -31 1 -11 10 -19 31 -19
48 l0 31 32 -32 c27 -27 30 -34 18 -48z m90 10 c9 -11 10 -19 2 -27 -12 -12
-32 -2 -32 17 0 7 -8 16 -17 18 -12 3 -9 5 8 6 15 0 32 -6 39 -14z m110 -22
c14 -10 40 -18 57 -18 18 0 32 -4 30 -10 -2 -10 -103 -8 -119 2 -10 6 -10 43
0 43 4 0 19 -8 32 -17z m160 -38 c0 -8 -4 -15 -10 -15 -5 0 -10 7 -10 15 0 8
5 15 10 15 6 0 10 -7 10 -15z"/>
<path d="M2573 4403 c-3 -10 -11 -25 -18 -33 -7 -8 -19 -36 -27 -62 -16 -52
-10 -68 28 -68 27 0 40 15 48 57 4 17 14 37 22 44 17 14 18 51 2 67 -18 18
-48 15 -55 -5z"/>
<path d="M2840 4405 c0 -8 5 -15 10 -15 6 0 10 7 10 15 0 8 -4 15 -10 15 -5 0
-10 -7 -10 -15z"/>
<path d="M2400 4389 c0 -11 5 -17 10 -14 6 3 10 13 10 21 0 8 -4 14 -10 14 -5
0 -10 -9 -10 -21z"/>
<path d="M2310 4235 c0 -8 5 -15 10 -15 6 0 10 7 10 15 0 8 -4 15 -10 15 -5 0
-10 -7 -10 -15z"/>
<path d="M2727 4234 c-4 -4 -7 -14 -7 -23 0 -11 3 -12 11 -4 6 6 10 16 7 23
-2 6 -7 8 -11 4z"/>
<path d="M1115 4200 c-4 -6 -4 -23 0 -39 5 -24 2 -32 -21 -48 -34 -22 -124
-114 -124 -126 0 -4 -20 -49 -45 -99 -47 -96 -57 -155 -30 -178 20 -17 35 -4
35 32 0 23 4 29 15 24 9 -3 34 8 58 25 34 25 43 28 45 15 4 -19 45 -21 61 -3
7 10 7 17 0 24 -23 23 2 36 54 29 52 -6 87 10 87 39 0 22 32 40 88 50 47 8 57
14 62 34 7 29 48 44 97 35 42 -8 73 3 73 27 0 21 -21 25 -51 8 -16 -8 -26 -7
-44 5 -34 22 -45 20 -83 -16 -27 -27 -41 -33 -75 -33 -36 0 -42 -3 -45 -23 -2
-12 -19 -34 -38 -48 -29 -23 -40 -25 -78 -20 -32 5 -47 3 -53 -6 -12 -19 -133
-91 -141 -84 -7 8 26 106 44 127 8 8 14 20 14 25 0 5 12 21 26 34 14 14 39 40
57 58 17 17 38 32 47 32 17 0 82 31 106 50 9 9 30 10 62 6 26 -4 58 -9 72 -10
33 -3 112 -27 125 -38 5 -4 21 -8 36 -8 18 0 39 -12 62 -35 33 -33 77 -47 77
-25 0 17 -54 60 -76 60 -12 0 -25 7 -28 15 -3 9 -34 29 -68 45 -57 27 -73 30
-165 30 -56 0 -113 -4 -126 -9 -18 -7 -32 -5 -56 10 -36 22 -47 23 -56 9z"/>
<path d="M1285 4111 c-6 -5 -25 -11 -44 -13 -44 -4 -51 -24 -11 -30 48 -7 140
3 140 16 0 11 -45 36 -65 36 -6 0 -15 -4 -20 -9z"/>
<path d="M2250 4084 c0 -14 4 -23 10 -19 6 3 10 15 10 26 0 10 -4 19 -10 19
-5 0 -10 -12 -10 -26z"/>
<path d="M2630 4074 c0 -14 4 -23 10 -19 6 3 10 15 10 26 0 10 -4 19 -10 19
-5 0 -10 -12 -10 -26z"/>
<path d="M2410 4027 c-16 -8 -26 -23 -28 -40 -3 -22 2 -29 24 -37 45 -18 78
32 46 70 -15 17 -20 18 -42 7z"/>
<path d="M2220 3994 c0 -21 4 -33 10 -29 6 3 10 19 10 36 0 16 -4 29 -10 29
-5 0 -10 -16 -10 -36z"/>
<path d="M1173 3994 c-8 -21 23 -52 38 -37 14 14 2 53 -17 53 -8 0 -17 -7 -21
-16z"/>
<path d="M1597 3989 c-15 -12 -33 -22 -40 -23 -54 -10 -107 -53 -107 -87 0
-26 27 -24 41 4 6 12 13 23 14 25 7 8 113 42 132 42 23 0 32 15 25 43 -6 23
-31 21 -65 -4z"/>
<path d="M1430 3970 c0 -11 5 -20 10 -20 6 0 10 9 10 20 0 11 -4 20 -10 20 -5
0 -10 -9 -10 -20z"/>
<path d="M1060 3965 c-6 -8 -9 -19 -5 -25 9 -14 45 6 45 25 0 19 -24 19 -40 0z"/>
<path d="M1316 3851 c-21 -15 -45 -40 -53 -54 -16 -31 -21 -32 -59 -12 -16 8
-38 15 -50 15 -21 0 -54 -28 -54 -46 0 -19 -63 -47 -108 -48 -31 -1 -48 -6
-56 -18 -16 -26 5 -44 34 -28 18 9 25 8 41 -6 22 -19 11 -26 111 64 43 38 50
41 73 30 14 -6 25 -16 25 -21 0 -9 30 -6 62 8 13 5 20 1 28 -16 5 -13 14 -31
19 -39 5 -8 17 -42 28 -75 10 -33 30 -79 46 -102 15 -22 30 -56 33 -75 4 -18
17 -55 30 -83 12 -27 26 -67 30 -88 7 -41 38 -65 68 -54 26 10 18 59 -21 138
-48 94 -83 174 -83 188 0 26 -35 109 -60 141 -29 39 -60 109 -60 140 0 17 7
20 39 20 46 0 62 17 36 37 -27 19 -55 15 -99 -16z"/>
<path d="M2548 3854 c-5 -4 -8 -21 -8 -38 0 -21 3 -27 11 -19 6 6 9 23 7 38
-2 15 -6 23 -10 19z"/>
<path d="M2160 3728 c0 -19 2 -20 10 -8 13 19 13 30 0 30 -5 0 -10 -10 -10
-22z"/>
<path d="M2303 3728 c-26 -35 -48 -143 -34 -166 5 -8 20 -12 36 -10 26 3 30 9
41 58 18 76 17 117 -2 124 -23 9 -30 8 -41 -6z"/>
<path d="M2137 3673 c-11 -10 -8 -43 3 -43 6 0 10 11 10 25 0 26 -2 29 -13 18z"/>
<path d="M2487 3593 c-11 -10 -8 -53 3 -53 6 0 10 14 10 30 0 31 -2 35 -13 23z"/>
<path d="M2070 3428 c0 -19 2 -20 10 -8 13 19 13 30 0 30 -5 0 -10 -10 -10
-22z"/>
<path d="M2175 3310 c-14 -44 41 -80 73 -48 17 17 15 55 -4 62 -32 12 -63 6
-69 -14z"/>
<path d="M2366 3237 c-5 -15 -6 -31 -2 -34 11 -11 18 5 14 34 l-4 28 -8 -28z"/>
<path d="M1953 3234 c-8 -21 13 -42 28 -27 13 13 5 43 -11 43 -6 0 -13 -7 -17
-16z"/>
</g>
</svg>
