<?xml version="1.0" standalone="no"?>
<!DOCTYPE svg PUBLIC "-//W3C//DTD SVG 20010904//EN"
 "http://www.w3.org/TR/2001/REC-SVG-20010904/DTD/svg10.dtd">
<svg version="1.0" xmlns="http://www.w3.org/2000/svg"
 width="900.000000pt" height="2541.000000pt" viewBox="0 0 900.000000 2541.000000"
 preserveAspectRatio="xMidYMid meet">
<metadata>
Created by potrace 1.10, written by Peter Selinger 2001-2011
</metadata>
<g transform="translate(0.000000,2541.000000) scale(0.100000,-0.100000)"
fill="#000000" stroke="none">
<path d="M3921 22533 c-16 -10 -311 -589 -311 -608 0 -4 -97 -204 -216 -444
-119 -240 -306 -616 -415 -837 -110 -220 -199 -404 -199 -408 0 -4 -21 -50
-47 -102 -44 -90 -45 -95 -29 -113 15 -16 37 -20 144 -25 233 -10 372 -24 389
-37 6 -6 31 -10 55 -9 39 1 134 -11 198 -25 14 -3 41 -8 60 -11 19 -4 40 -10
45 -14 6 -4 35 -11 65 -15 30 -4 72 -14 94 -21 21 -8 51 -14 66 -14 15 0 33
-7 40 -15 7 -8 21 -15 31 -15 10 0 33 -6 51 -14 18 -8 62 -23 98 -34 74 -23
347 -157 430 -211 86 -56 94 -61 110 -68 8 -3 31 -19 51 -35 20 -15 40 -28 44
-28 4 0 26 -17 48 -38 23 -22 76 -69 117 -106 101 -90 94 -83 156 -156 30 -36
70 -81 88 -100 30 -32 156 -215 156 -226 0 -3 12 -21 26 -39 28 -37 64 -104
64 -119 0 -8 16 -45 71 -162 10 -22 19 -48 19 -57 0 -9 4 -18 9 -22 5 -3 13
-30 16 -60 4 -31 11 -57 15 -60 5 -3 11 -29 15 -58 4 -28 12 -58 19 -66 16
-21 15 -566 -2 -583 -6 -6 -12 -23 -12 -36 0 -13 -6 -36 -14 -50 -13 -26 -27
-74 -45 -152 -4 -19 -21 -57 -36 -85 -16 -27 -43 -79 -62 -115 -52 -101 -209
-289 -315 -378 -143 -120 -163 -134 -217 -163 -31 -16 -87 -47 -126 -69 -38
-21 -78 -39 -87 -39 -10 -1 -32 -7 -50 -15 -58 -25 -141 -46 -228 -57 -121
-16 -309 -22 -323 -11 -7 5 -40 12 -74 16 -35 4 -75 13 -90 21 -16 8 -38 15
-51 15 -12 0 -48 14 -79 30 -31 17 -62 30 -70 30 -7 0 -32 12 -56 27 -57 37
-79 51 -97 59 -8 4 -74 47 -146 96 -73 48 -136 88 -142 88 -5 0 -28 14 -50 30
-23 17 -49 30 -58 30 -8 0 -25 5 -37 12 -22 12 -131 29 -182 29 -122 0 -270
-65 -303 -134 -7 -15 -17 -27 -21 -27 -21 0 -76 -188 -60 -205 5 -5 9 -26 9
-46 0 -45 36 -144 70 -190 40 -54 162 -174 195 -190 17 -9 59 -31 95 -51 36
-19 92 -42 125 -52 33 -9 76 -22 95 -28 19 -6 64 -15 100 -19 36 -5 90 -13
120 -18 72 -12 494 -13 590 -1 67 9 141 21 290 49 25 5 59 13 75 19 17 6 64
20 105 32 101 30 160 51 166 61 3 5 14 9 24 9 10 0 32 7 49 15 17 8 45 22 62
30 17 8 37 15 45 15 8 0 33 12 57 27 23 15 74 43 112 62 39 19 86 47 106 63
20 15 40 28 44 28 4 0 24 14 45 30 21 17 41 30 45 30 9 0 88 63 98 78 4 6 13
12 19 12 19 0 277 245 355 338 104 123 255 339 294 418 13 27 35 67 49 89 36
58 60 114 60 139 0 12 5 27 12 34 12 12 36 71 45 112 3 14 10 30 14 36 5 6 12
33 15 60 4 27 10 54 14 59 5 6 11 33 15 60 4 28 12 55 17 62 5 7 12 54 15 105
3 51 9 98 14 104 13 17 13 469 -1 493 -5 11 -10 41 -11 68 0 26 -5 71 -10 98
-5 28 -14 70 -18 95 -5 25 -13 59 -19 75 -6 17 -24 75 -41 130 -18 55 -38 114
-46 130 -58 126 -111 234 -126 255 -29 43 -113 172 -126 194 -7 12 -30 42 -53
68 -22 26 -40 50 -40 53 0 9 -316 325 -325 325 -7 0 -73 51 -113 87 -26 24
-169 123 -178 123 -3 0 -31 17 -62 38 -31 21 -79 49 -107 63 -27 13 -68 35
-90 48 -47 30 -172 91 -184 91 -5 0 -22 6 -38 14 -53 26 -141 61 -223 91 -87
31 -107 37 -135 44 -17 4 -40 13 -52 19 -12 7 -37 12 -55 12 -18 1 -44 7 -58
15 -14 8 -41 15 -60 15 -19 0 -46 7 -60 15 -14 8 -41 14 -60 15 -20 0 -45 7
-57 15 -11 8 -33 14 -49 14 -91 -1 -123 3 -134 16 -7 8 -27 15 -46 15 -18 0
-36 5 -39 10 -4 6 6 36 20 68 15 31 36 77 47 102 11 25 24 52 29 60 5 8 11 21
14 28 3 6 7 18 10 25 3 6 9 20 15 30 5 9 15 25 20 35 6 9 13 24 16 32 3 8 10
22 15 30 5 8 12 22 15 30 3 8 10 22 15 30 5 8 12 22 15 30 28 70 156 332 173
353 13 16 72 17 977 17 529 0 970 3 978 6 14 5 96 161 96 181 0 6 14 36 84
184 20 42 36 80 36 84 0 8 12 34 84 186 20 42 36 83 36 90 0 8 7 23 15 33 18
24 20 56 3 56 -7 0 -523 1 -1147 3 -857 1 -1138 -1 -1150 -10z"/>
<path d="M1551 12469 c-78 -31 -121 -98 -121 -187 0 -73 23 -117 86 -162 l48
-35 2809 0 c1903 0 2810 3 2815 10 4 6 19 18 35 28 33 21 72 81 82 125 17 79
-62 211 -136 226 -52 10 -5591 6 -5618 -5z"/>
<path d="M4180 8780 c-157 -12 -214 -22 -410 -76 -36 -10 -89 -31 -117 -46
-29 -16 -61 -28 -72 -28 -10 0 -24 -7 -31 -15 -7 -8 -17 -15 -23 -15 -14 0
-98 -54 -169 -107 -31 -24 -60 -43 -65 -43 -11 0 -270 -264 -303 -310 -30 -41
-83 -109 -104 -132 -8 -9 -24 -34 -36 -55 -11 -21 -29 -51 -40 -68 -55 -85
-210 -383 -210 -405 0 -8 -7 -24 -15 -34 -22 -29 -20 -32 33 -57 26 -13 55
-30 65 -38 16 -13 20 -11 48 15 17 16 51 61 77 99 45 68 161 214 192 241 8 7
47 42 85 77 81 73 174 145 225 172 19 11 55 31 80 46 25 15 70 35 100 44 30
10 64 24 75 31 11 8 38 14 60 14 22 0 48 6 57 13 9 8 53 14 104 16 48 1 104 9
124 17 33 13 42 13 81 0 24 -9 79 -16 124 -16 44 -1 98 -7 120 -15 22 -8 48
-15 57 -15 24 0 174 -67 256 -114 58 -34 242 -202 242 -222 0 -7 6 -17 13 -21
40 -25 167 -251 167 -297 0 -12 7 -42 15 -67 8 -24 20 -80 26 -124 16 -104 23
-403 10 -419 -5 -6 -12 -40 -16 -76 -3 -36 -12 -81 -19 -100 -24 -66 -38 -105
-46 -135 -4 -16 -20 -54 -34 -82 -14 -29 -26 -58 -26 -63 0 -12 -41 -73 -52
-78 -5 -2 -8 -8 -8 -13 0 -11 -42 -72 -52 -77 -5 -2 -8 -9 -8 -16 0 -12 -210
-226 -223 -226 -4 0 -18 -10 -30 -23 -25 -26 -173 -127 -186 -127 -5 0 -11 -7
-15 -15 -3 -8 -14 -15 -24 -15 -11 0 -25 -7 -32 -15 -7 -8 -20 -15 -30 -15
-10 0 -23 -7 -30 -15 -7 -8 -18 -15 -25 -15 -7 0 -18 -7 -25 -15 -7 -8 -23
-15 -35 -15 -12 0 -28 -7 -35 -15 -7 -8 -19 -15 -27 -15 -8 0 -38 -11 -66 -23
-84 -38 -275 -92 -355 -101 -61 -6 -82 -28 -82 -86 0 -74 7 -76 215 -84 99 -4
194 -11 210 -16 17 -5 59 -13 95 -19 118 -18 182 -36 330 -93 88 -34 132 -55
176 -84 17 -11 67 -38 110 -59 91 -45 291 -191 349 -257 77 -86 120 -142 141
-185 11 -23 25 -48 31 -55 20 -24 103 -192 103 -208 0 -9 4 -20 9 -25 10 -10
36 -86 66 -190 9 -33 21 -69 26 -80 4 -11 8 -31 9 -45 0 -49 12 -125 21 -135
13 -13 12 -312 -1 -320 -5 -3 -10 -36 -10 -73 0 -40 -6 -79 -15 -96 -8 -15
-15 -35 -15 -43 0 -28 -63 -196 -86 -231 -13 -19 -35 -57 -48 -86 -13 -28 -36
-62 -50 -75 -14 -14 -26 -29 -26 -34 0 -9 -39 -53 -120 -136 -91 -92 -175
-161 -239 -196 -36 -20 -82 -45 -101 -57 -56 -33 -221 -87 -306 -99 -199 -29
-429 -13 -594 41 -68 23 -347 157 -356 171 -3 5 -13 9 -23 9 -10 0 -24 7 -31
15 -7 8 -20 15 -28 15 -9 0 -82 32 -162 72 -146 73 -238 99 -345 101 -100 1
-227 -43 -300 -103 -53 -44 -119 -189 -116 -255 3 -83 62 -187 153 -269 59
-53 201 -134 275 -156 96 -29 167 -42 275 -53 64 -7 120 -15 124 -20 10 -9
598 -9 608 0 4 5 65 13 134 20 148 13 359 51 467 83 119 35 289 96 350 125 39
18 93 43 120 55 28 13 76 41 108 62 32 21 61 38 65 38 10 0 110 69 168 115 27
22 55 45 63 50 8 6 61 55 119 110 182 174 344 397 448 615 14 30 32 68 40 83
8 16 14 34 14 40 0 6 9 29 20 51 10 23 24 64 31 91 6 28 18 62 25 77 8 14 14
44 14 65 0 21 4 43 10 49 5 5 13 39 16 74 4 36 11 71 17 78 14 18 21 493 9
617 -6 55 -18 134 -27 175 -9 41 -21 93 -25 115 -4 22 -18 65 -30 95 -12 30
-32 82 -44 115 -12 33 -34 79 -49 102 -15 24 -27 46 -27 50 0 5 -20 39 -45 76
-25 38 -45 71 -45 74 0 3 -13 20 -29 37 -74 78 -121 134 -121 145 0 6 -8 14
-17 18 -10 3 -41 27 -69 52 -28 25 -64 58 -81 73 -39 35 -173 126 -213 144 -8
4 -22 13 -30 20 -18 15 -191 104 -202 104 -4 0 -30 10 -58 22 -68 30 -74 54
-24 92 64 50 364 357 436 447 37 46 96 127 130 179 69 104 188 337 188 367 0
11 7 28 15 39 8 10 15 31 15 46 0 15 5 39 11 55 22 57 32 141 32 268 -1 136
-13 271 -28 295 -5 7 -12 30 -16 49 -4 20 -13 52 -20 71 -20 57 -103 220 -116
232 -7 6 -13 15 -13 20 0 5 -33 53 -74 106 -85 113 -238 262 -334 325 -75 49
-241 132 -287 143 -16 4 -35 11 -42 16 -14 12 -112 35 -203 49 -36 6 -81 14
-100 19 -50 13 -286 18 -410 10z"/>
</g>
</svg>
