<?xml version="1.0" encoding="UTF-8" standalone="no"?>
<svg
   xmlns:dc="http://purl.org/dc/elements/1.1/"
   xmlns:cc="http://creativecommons.org/ns#"
   xmlns:rdf="http://www.w3.org/1999/02/22-rdf-syntax-ns#"
   xmlns:svg="http://www.w3.org/2000/svg"
   xmlns="http://www.w3.org/2000/svg"
   xmlns:sodipodi="http://sodipodi.sourceforge.net/DTD/sodipodi-0.dtd"
   xmlns:inkscape="http://www.inkscape.org/namespaces/inkscape"
   version="1.0"
   width="408.75"
   height="230.50371"
   viewBox="0 0 327 184.40296"
   preserveAspectRatio="xMidYMid meet"
   id="svg3441"
   inkscape:version="0.48.4 r9939"
   sodipodi:docname="3d.svg">
  <defs
     id="defs3685" />
  <sodipodi:namedview
     pagecolor="#ffffff"
     bordercolor="#666666"
     borderopacity="1"
     objecttolerance="10"
     gridtolerance="10"
     guidetolerance="10"
     inkscape:pageopacity="0"
     inkscape:pageshadow="2"
     inkscape:window-width="1600"
     inkscape:window-height="824"
     id="namedview3683"
     showgrid="false"
     fit-margin-top="0"
     fit-margin-left="0"
     fit-margin-right="0"
     fit-margin-bottom="0"
     inkscape:zoom="0.37684631"
     inkscape:cx="307.20868"
     inkscape:cy="57.458171"
     inkscape:window-x="0"
     inkscape:window-y="24"
     inkscape:window-maximized="1"
     inkscape:current-layer="g3445" />
  <metadata
     id="metadata3443">
Created by potrace 1.10, written by Peter Selinger 2001-2011
<rdf:RDF>
  <cc:Work
     rdf:about="">
    <dc:format>image/svg+xml</dc:format>
    <dc:type
       rdf:resource="http://purl.org/dc/dcmitype/StillImage" />
    <dc:title />
  </cc:Work>
</rdf:RDF>
</metadata>
  <g
     transform="matrix(0.1,0,0,-0.1,-204.23306,388.93644)"
     id="g3445"
     style="fill:#000000;stroke:none">
    <path
       d="m 3427.3306,3848.3644 c -36,-33 -115,-160 -115,-184 0,-8 36,-6 44,3 4,4 29,12 54,17 39,8 48,14 50,35 4,27 19,50 33,50 13,0 11,-48 -2,-56 -19,-11 12,-24 59,-24 44,0 59,16 20,22 -30,4 -45,67 -21,85 21,16 247,6 283,-12 14,-7 47,-16 73,-20 26,-4 54,-14 62,-21 7,-8 19,-14 26,-14 23,0 84,-25 92,-37 4,-7 15,-13 23,-13 9,0 27,-9 41,-20 14,-11 39,-20 55,-20 34,0 128,-37 144,-57 6,-7 22,-13 36,-13 14,0 50,-13 81,-30 31,-16 63,-30 71,-30 9,0 20,-9 26,-19 5,-11 24,-22 42,-26 18,-4 40,-13 48,-20 8,-8 35,-23 60,-34 25,-12 72,-41 105,-66 33,-25 80,-57 105,-71 25,-15 56,-34 70,-43 14,-9 38,-21 53,-28 46,-20 29,-54 -34,-67 -15,-3 -29,-14 -31,-24 -3,-11 -17,-21 -32,-24 -22,-4 -30,-1 -38,18 -6,13 -19,24 -29,24 -22,0 -35,-36 -19,-55 12,-14 -3,-31 -19,-21 -18,12 -40,-6 -55,-45 -22,-54 -20,-69 7,-68 12,0 32,-2 45,-6 19,-6 22,-4 22,17 0,37 79,98 127,98 10,0 36,12 58,27 84,58 184,75 216,37 19,-23 49,-17 49,9 0,27 -17,47 -39,47 -19,0 -139,77 -202,130 -25,21 -62,42 -82,45 -21,4 -55,20 -77,36 -22,16 -42,29 -45,29 -2,0 -34,18 -69,39 -35,22 -88,50 -118,62 -29,13 -63,32 -75,44 -13,11 -55,34 -95,52 -173,75 -313,133 -323,133 -6,0 -36,13 -67,28 -129,66 -381,122 -550,122 l -98,0 -45,-41 z"
       id="path3603"
       inkscape:connector-curvature="0" />
    <path
       d="m 3630.3306,3657.3644 c 7,-7 12,-22 12,-34 0,-13 5,-26 10,-29 6,-4 10,10 10,34 0,36 -3,41 -22,41 -17,0 -19,-3 -10,-12 z"
       id="path3611"
       inkscape:connector-curvature="0" />
    <path
       d="m 3279.3306,3612.3644 c -4,-3 -7,-16 -7,-28 0,-32 -63,-123 -138,-197 -100,-100 -177,-185 -180,-202 -2,-9 8,-16 30,-20 18,-4 52,-12 75,-18 53,-13 87,-5 100,25 12,25 120,71 158,67 11,-1 63,-4 115,-5 52,-2 101,-4 108,-4 26,-2 10,-30 -47,-84 -32,-31 -71,-59 -87,-62 -73,-15 -104,-27 -104,-39 0,-18 16,-23 88,-32 56,-6 63,-4 102,22 33,23 48,45 76,108 19,44 34,89 34,100 0,41 -12,66 -32,66 -10,0 -31,9 -47,21 -38,28 -95,23 -99,-8 -5,-36 -57,-32 -77,7 -19,37 -19,54 1,71 13,10 20,10 43,-4 26,-15 29,-15 61,5 l 34,20 -23,17 c -30,23 -18,31 44,31 62,0 74,-8 43,-31 -19,-15 -21,-22 -13,-45 6,-15 18,-32 28,-38 14,-9 22,-5 43,22 14,18 41,39 60,47 19,8 34,20 34,27 0,30 -112,78 -181,78 -68,0 -111,11 -116,29 -10,35 -105,76 -126,54 z m 117,-82 c 3,-4 -16,-22 -42,-39 -84,-56 -82,-54 -82,-119 0,-37 6,-67 15,-79 26,-35 18,-41 -47,-36 -35,2 -67,8 -71,12 -8,7 80,170 92,170 3,0 12,12 19,28 21,46 100,90 116,63 z"
       id="path3613"
       inkscape:connector-curvature="0" />
    <path
       d="m 3842.3306,3579.3644 c -8,-14 -21,-20 -45,-20 -19,0 -35,-4 -35,-10 0,-5 -11,-12 -25,-16 -32,-8 -32,-22 0,-30 17,-4 38,3 73,24 26,16 58,33 70,36 26,9 28,21 6,30 -25,10 -33,7 -44,-14 z"
       id="path3615"
       inkscape:connector-curvature="0" />
    <path
       d="m 4121.3306,3569.3644 c -1,-8 -1,-51 0,-95 1,-70 4,-82 24,-97 25,-20 43,-23 51,-9 10,16 -5,41 -25,41 -28,0 -34,26 -14,56 12,19 14,29 6,37 -6,6 -11,18 -11,27 0,23 -29,60 -31,40 z"
       id="path3617"
       inkscape:connector-curvature="0" />
    <path
       d="m 3875.3306,3425.3644 c 4,-10 7,-22 7,-27 0,-5 5,-9 11,-9 15,0 7,43 -10,48 -10,3 -12,0 -8,-12 z"
       id="path3635"
       inkscape:connector-curvature="0" />
    <path
       d="m 4352.3306,3409.3644 c 0,-5 7,-10 15,-10 8,0 15,5 15,10 0,6 -7,10 -15,10 -8,0 -15,-4 -15,-10 z"
       id="path3637"
       inkscape:connector-curvature="0" />
    <path
       d="m 4494.3306,3337.3644 c 5,-15 28,-18 29,-3 0,6 -7,12 -17,13 -10,3 -15,-1 -12,-10 z"
       id="path3639"
       inkscape:connector-curvature="0" />
    <path
       d="m 3865.3306,3292.3644 c -7,-2 -13,-11 -13,-20 0,-20 34,-12 38,10 3,17 -3,20 -25,10 z"
       id="path3641"
       inkscape:connector-curvature="0" />
    <path
       d="m 3688.3306,3210.3644 c -12,-19 6,-43 28,-37 11,3 29,6 38,6 17,0 17,1 1,20 -18,21 -57,27 -67,11 z"
       id="path3643"
       inkscape:connector-curvature="0" />
    <path
       d="m 4002.3306,3209.3644 c -8,-4 -39,-19 -67,-31 -45,-20 -53,-28 -53,-51 0,-17 9,-33 28,-47 l 27,-20 -18,-32 -18,-32 37,-54 c 20,-30 47,-59 58,-66 13,-7 60,-11 125,-10 l 104,1 56,56 c 55,56 56,57 56,115 -1,38 -7,67 -18,84 -23,35 -95,73 -110,58 -6,-6 -33,-11 -59,-11 -39,0 -52,5 -70,25 -22,25 -50,31 -78,15 z m 40,-47 c 0,-5 -18,-18 -40,-31 -22,-12 -40,-27 -40,-32 0,-6 -7,-10 -15,-10 -16,0 -19,18 -7,37 17,27 102,57 102,36 z m 161,-53 c 24,-13 25,-39 2,-47 -47,-17 -31,-63 22,-63 45,0 46,-23 3,-50 -43,-26 -54,-25 -82,5 -29,31 -72,33 -81,5 -7,-22 -26,-25 -56,-10 -13,8 -19,21 -19,46 l 0,36 44,-6 c 33,-5 48,-3 60,9 20,20 20,31 1,39 -21,8 -19,34 3,39 32,9 83,7 103,-3 z"
       id="path3645"
       inkscape:connector-curvature="0" />
    <path
       d="m 4772.3306,3205.3644 c -10,-13 -9,-17 4,-22 22,-8 49,3 44,19 -7,18 -33,20 -48,3 z"
       id="path3647"
       inkscape:connector-curvature="0" />
    <path
       d="m 4532.3306,3189.3644 c 0,-5 16,-10 35,-10 19,0 35,5 35,10 0,6 -16,10 -35,10 -19,0 -35,-4 -35,-10 z"
       id="path3649"
       inkscape:connector-curvature="0" />
    <path
       d="m 4672.3306,3189.3644 c 0,-5 14,-10 30,-10 17,0 30,5 30,10 0,6 -13,10 -30,10 -16,0 -30,-4 -30,-10 z"
       id="path3651"
       inkscape:connector-curvature="0" />
    <path
       d="m 4319.3306,3162.3644 c -13,-12 -7,-22 20,-35 15,-7 34,-25 41,-41 8,-16 24,-29 40,-33 64,-14 96,-28 128,-56 29,-26 34,-37 34,-74 0,-54 11,-55 64,-9 69,61 41,117 -74,151 -30,9 -68,29 -85,44 -52,47 -78,60 -121,60 -22,0 -44,-3 -47,-7 z"
       id="path3653"
       inkscape:connector-curvature="0" />
    <path
       d="m 2967.3306,3056.3644 c -22,-8 -63,-28 -92,-46 -42,-26 -54,-39 -59,-67 -14,-75 11,-121 85,-159 79,-40 284,5 328,71 43,66 17,161 -52,189 -50,22 -162,27 -210,12 z m 131,-52 c 3,-8 -1,-24 -9,-36 -14,-19 -14,-24 0,-46 14,-21 22,-24 50,-20 28,5 33,3 33,-13 0,-10 -10,-26 -22,-34 -24,-17 -78,-22 -78,-7 0,5 -14,14 -31,21 -26,11 -36,10 -65,-3 -48,-23 -63,-21 -70,10 -11,41 7,59 54,55 32,-3 43,1 56,19 14,21 14,25 0,40 -14,16 -14,18 3,22 38,10 74,7 79,-8 z"
       id="path3655"
       inkscape:connector-curvature="0" />
    <path
       d="m 2693.3306,2882.3644 c -12,-16 -39,-39 -59,-52 -21,-13 -49,-40 -63,-60 -39,-58 -62,-81 -80,-81 -9,0 -27,-17 -39,-37 -12,-20 -59,-75 -105,-122 -209,-213 -275,-289 -275,-315 0,-38 21,-41 81,-10 54,27 122,48 214,64 142,27 185,53 185,112 0,32 -35,98 -51,98 -15,0 -10,64 6,86 8,10 15,38 15,61 0,59 30,90 93,96 37,4 50,1 57,-12 9,-14 11,-14 25,4 9,11 22,28 30,38 14,16 12,17 -15,17 -37,0 -40,24 -9,87 25,52 19,66 -10,26 z m -231,-473 c 0,-12 -28,-25 -36,-17 -9,9 6,27 22,27 8,0 14,-5 14,-10 z"
       id="path3657"
       inkscape:connector-curvature="0" />
    <path
       d="m 5152.3306,2869.3644 c -14,-12 -40,-27 -57,-35 -41,-18 -45,-50 -7,-59 56,-14 126,51 107,100 -7,18 -13,18 -43,-6 z"
       id="path3659"
       inkscape:connector-curvature="0" />
    <path
       d="m 4422.3306,2844.3644 c -7,-8 -18,-15 -25,-15 -7,0 -23,-9 -36,-20 -24,-19 -24,-19 -3,-20 12,0 24,7 28,15 3,9 18,15 38,15 39,0 63,13 54,29 -10,16 -41,14 -56,-4 z"
       id="path3661"
       inkscape:connector-curvature="0" />
    <path
       d="m 4229.3306,2836.3644 c -3,-7 -3,-25 0,-40 7,-36 50,-49 70,-21 13,17 11,22 -19,47 -36,31 -44,33 -51,14 z"
       id="path3663"
       inkscape:connector-curvature="0" />
    <path
       d="m 3719.3306,2805.3644 c -18,-18 -39,-43 -48,-56 -13,-19 -18,-21 -37,-11 -18,10 -26,7 -58,-21 -34,-30 -43,-33 -105,-33 -74,0 -93,12 -105,68 -8,35 -19,34 -50,-2 -14,-17 -35,-33 -47,-37 -39,-12 -58,-34 -46,-56 16,-29 2,-53 -44,-76 -32,-16 -53,-19 -90,-15 -53,6 -68,23 -49,54 15,24 15,29 -1,29 -7,0 -28,11 -46,25 -26,19 -38,22 -52,14 -27,-14 -23,-29 6,-29 35,0 67,-53 54,-87 -5,-13 -9,-39 -9,-56 l 0,-32 -99,-3 c -121,-3 -166,12 -241,81 -60,55 -80,52 -53,-9 25,-54 80,-120 120,-144 64,-38 199,-19 259,37 24,22 30,23 51,12 20,-11 31,-10 71,4 26,9 57,17 70,17 13,0 32,5 43,11 11,6 41,14 67,19 26,5 65,13 87,19 38,10 246,57 385,88 36,7 79,20 95,28 44,20 124,43 177,50 26,3 56,14 68,23 19,16 19,19 5,38 -18,27 -102,49 -150,40 -37,-7 -112,10 -133,31 -24,23 -62,15 -95,-21 z m 103,-33 c 0,-29 -41,-63 -76,-63 -59,0 -54,31 11,64 39,21 65,20 65,-1 z"
       id="path3665"
       inkscape:connector-curvature="0" />
    <path
       d="m 4977.3306,2804.3644 c -205,-70 -504,-145 -575,-145 -26,0 -43,-7 -59,-24 -20,-21 -32,-24 -90,-24 -49,1 -77,-5 -108,-21 -23,-11 -51,-21 -61,-21 -10,0 -22,-3 -26,-7 -4,-5 -35,-12 -69,-18 -35,-6 -60,-14 -57,-20 7,-13 120,-7 138,7 13,11 43,18 177,39 39,6 81,18 94,26 13,8 60,19 105,24 111,11 155,22 196,47 20,13 52,22 75,22 22,1 58,7 80,15 22,8 51,15 65,15 14,0 38,7 54,15 15,8 45,15 66,15 43,0 70,8 70,21 0,7 -54,40 -62,38 -2,0 -7,-2 -13,-4 z"
       id="path3667"
       inkscape:connector-curvature="0" />
    <path
       d="m 3787.3306,2493.3644 c -9,-9 -14,-18 -12,-20 7,-8 77,18 72,27 -9,14 -42,11 -60,-7 z"
       id="path3669"
       inkscape:connector-curvature="0" />
    <path
       d="m 3602.3306,2443.3644 c -19,-7 -44,-13 -56,-13 -11,-1 -29,-8 -40,-16 -18,-15 -15,-15 31,-12 60,5 152,30 168,46 16,16 -58,13 -103,-5 z"
       id="path3671"
       inkscape:connector-curvature="0" />
    <path
       d="m 3337.3306,2395.3644 c -46,-16 -108,-33 -147,-41 -17,-3 -28,-12 -28,-21 0,-12 6,-15 23,-10 12,3 40,9 62,12 22,3 49,10 60,15 11,5 45,12 75,17 39,5 55,12 55,22 0,20 -49,23 -100,6 z"
       id="path3673"
       inkscape:connector-curvature="0" />
    <path
       d="m 3058.3306,2309.3644 c 6,-6 21,-6 39,-1 30,9 30,9 -9,10 -26,1 -37,-2 -30,-9 z"
       id="path3675"
       inkscape:connector-curvature="0" />
    <path
       d="m 2932.3306,2294.3644 c -30,-7 -86,-21 -125,-30 -38,-9 -97,-25 -130,-35 -33,-11 -70,-20 -81,-20 -32,0 -124,-32 -124,-43 0,-5 19,-7 43,-4 116,15 170,26 180,36 6,6 23,11 37,11 14,0 35,7 46,15 12,8 46,19 75,24 108,20 169,37 181,49 16,16 -27,15 -102,-3 z"
       id="path3677"
       inkscape:connector-curvature="0" />
    <path
       d="m 2372.3306,2139.3644 c 0,-5 7,-10 15,-10 8,0 15,5 15,10 0,6 -7,10 -15,10 -8,0 -15,-4 -15,-10 z"
       id="path3679"
       inkscape:connector-curvature="0" />
    <path
       d="m 2048.3306,2123.3644 c -8,-21 -8,-69 0,-77 4,-4 28,4 53,18 25,13 79,29 119,35 39,7 72,14 72,16 0,3 -39,4 -87,3 -54,-2 -96,2 -110,9 -29,16 -40,15 -47,-4 z"
       id="path3681"
       inkscape:connector-curvature="0" />
  </g>
</svg>
