<?xml version="1.0" standalone="no"?>
<!DOCTYPE svg PUBLIC "-//W3C//DTD SVG 20010904//EN"
 "http://www.w3.org/TR/2001/REC-SVG-20010904/DTD/svg10.dtd">
<svg version="1.0" xmlns="http://www.w3.org/2000/svg"
 width="261.000000pt" height="279.000000pt" viewBox="0 0 261.000000 279.000000"
 preserveAspectRatio="xMidYMid meet">
<metadata>
Created by potrace 1.10, written by Peter Selinger 2001-2011
</metadata>
<g transform="translate(0.000000,279.000000) scale(0.100000,-0.100000)"
fill="#000000" stroke="none">
<path d="M1166 2292 c-25 -5 -36 -43 -36 -121 0 -37 -7 -121 -15 -186 -8 -66
-15 -147 -15 -180 0 -33 -7 -114 -15 -180 -8 -65 -15 -123 -15 -127 0 -4 -12
-8 -27 -8 -16 0 -91 -7 -168 -15 -196 -20 -367 -37 -455 -44 l-75 -6 -3 -156
c-2 -117 1 -159 10 -166 16 -13 265 -33 414 -33 139 -1 313 -15 325 -27 5 -5
10 -176 12 -387 l2 -377 47 -45 c47 -44 49 -45 100 -39 108 12 199 28 213 39
11 9 16 47 20 176 9 288 28 604 36 628 l9 22 380 0 c244 0 388 4 401 10 10 6
19 19 19 28 0 10 7 27 15 38 8 10 15 28 15 39 0 11 7 29 15 39 23 30 18 72
-12 119 -38 58 -51 79 -62 102 -25 50 -29 51 -201 64 -91 7 -254 16 -363 20
-112 4 -202 12 -208 18 -13 13 -38 318 -40 473 -1 130 -11 265 -21 275 -7 7
-271 13 -302 7z"/>
</g>
</svg>
