<?xml version="1.0" standalone="no"?>
<!DOCTYPE svg PUBLIC "-//W3C//DTD SVG 20010904//EN"
 "http://www.w3.org/TR/2001/REC-SVG-20010904/DTD/svg10.dtd">
<svg version="1.0" xmlns="http://www.w3.org/2000/svg"
 width="726.000000pt" height="678.000000pt" viewBox="0 0 726.000000 678.000000"
 preserveAspectRatio="xMidYMid meet">
<metadata>
Created by potrace 1.10, written by Peter Selinger 2001-2011
</metadata>
<g transform="translate(0.000000,678.000000) scale(0.100000,-0.100000)"
fill="#000000" stroke="none">
<path d="M5544 6682 c-5 -4 -23 -24 -38 -45 -16 -20 -48 -46 -72 -57 -36 -15
-44 -24 -44 -45 0 -14 7 -28 15 -31 27 -11 65 6 75 32 7 16 16 24 27 22 16 -3
17 -16 13 -123 -2 -66 -4 -145 -4 -175 l-1 -55 35 0 35 0 1 230 c2 242 -4 274
-42 247z"/>
<path d="M5860 6563 c-8 -3 -26 -15 -40 -25 -24 -19 -24 -19 -32 1 -5 13 -16
21 -31 21 l-24 0 -5 -167 c-3 -93 -3 -174 0 -180 5 -16 58 -17 67 -2 4 6 6 61
6 123 -2 100 0 115 19 139 14 17 31 27 48 27 54 0 57 -8 57 -157 l0 -138 35 0
35 0 1 110 c1 141 0 137 24 163 29 31 75 29 96 -3 14 -21 16 -46 13 -148 l-4
-122 38 -3 37 -3 0 140 0 141 -29 31 c-17 17 -32 36 -34 42 -2 7 -24 12 -49
12 -38 0 -50 -5 -68 -27 -27 -34 -45 -35 -73 -3 -23 25 -62 38 -87 28z"/>
<path d="M1240 6072 c-5 -2 -10 -12 -10 -22 0 -10 -5 -22 -11 -26 -6 -3 -203
-6 -437 -5 -265 1 -433 -2 -442 -8 -13 -9 -15 -125 -15 -941 l0 -930 -23 -8
-22 -7 -1 -1055 0 -1055 21 -11 21 -11 2 -926 c1 -626 5 -929 12 -936 15 -15
5824 -16 5839 -1 8 8 11 295 11 940 l0 929 33 3 33 3 0 1060 0 1060 -33 3 -33
3 3 903 c1 497 -1 921 -6 942 l-8 39 -437 0 -438 0 -7 28 -7 27 -2018 3
c-1109 1 -2021 1 -2027 -1z m-8 -570 c0 -250 -2 -456 -5 -458 -6 -6 -829 -5
-834 0 -10 9 -7 906 2 910 6 2 196 3 424 2 l413 -1 0 -453z m4898 448 c2 -307
0 -903 -2 -906 -2 -2 -190 -4 -418 -4 l-415 -2 -3 449 c-1 246 0 453 2 458 4
10 836 15 836 5z m-3880 -50 c3 0 5 -193 5 -430 l0 -429 -415 -3 c-228 -2
-419 0 -424 4 -6 4 -13 826 -7 858 1 3 693 4 841 0z m1000 -17 c3 -10 4 -204
2 -430 l-2 -413 -470 0 c-441 0 -470 1 -470 18 0 9 0 200 -1 424 -1 224 1 410
4 415 3 4 213 7 468 6 438 -2 463 -3 469 -20z m957 13 c4 -3 6 -645 3 -849 0
-4 -201 -6 -447 -5 l-448 3 3 340 c2 187 -1 372 -6 412 -14 120 -61 108 448
106 243 -1 444 -4 447 -7z m902 -12 c3 -11 5 -204 3 -431 -2 -314 -5 -412 -15
-415 -6 -1 -194 -1 -417 2 l-405 5 3 360 c2 223 -1 380 -7 413 -19 94 -50 87
420 86 393 -2 413 -3 418 -20z m688 -902 l332 3 3 -425 c2 -234 3 -426 2 -428
-2 -5 -836 -4 -841 1 -9 10 -2 841 7 852 7 8 32 9 87 3 43 -5 227 -8 410 -6z
m-4563 -403 c1 -222 5 -412 9 -421 6 -12 3 -19 -10 -25 -10 -4 -205 -7 -433
-5 l-415 3 2 419 c1 231 4 423 6 427 3 5 193 8 423 7 l417 0 1 -405z m1019
-50 l0 -452 -423 -1 -422 0 0 450 c1 247 1 451 1 454 1 3 191 4 423 4 l422 -2
-1 -453z m992 1 l0 -453 -468 -1 -467 -1 0 455 0 455 468 -1 467 -1 0 -453z
m965 443 c0 -17 0 -881 0 -890 0 -5 -201 -7 -446 -7 l-447 1 1 454 c1 250 1
454 2 454 0 0 200 0 445 0 349 0 445 -3 445 -12z m898 -439 c2 -376 0 -451
-12 -459 -9 -7 -48 -8 -112 -2 -55 4 -235 6 -402 5 l-303 -3 0 450 c0 248 0
452 0 455 1 3 187 5 414 4 l412 0 3 -450z m-2854 -975 l-1 -450 -452 0 -453 0
0 418 -1 418 29 5 c22 4 30 11 32 32 2 15 10 28 19 30 9 2 199 2 422 0 l406
-2 -1 -451z m2836 451 c8 -5 15 -20 15 -32 0 -18 7 -24 33 -28 l34 -5 -1 -414
c0 -228 -3 -416 -5 -418 -2 -3 -203 -5 -446 -5 l-442 0 -1 451 -2 451 395 3
c217 1 397 3 400 4 3 2 12 -2 20 -7z m-1842 -451 l-3 -451 -468 -1 c-257 -1
-467 1 -467 6 0 9 0 885 0 892 0 3 212 5 470 5 l470 0 -2 -451z m963 2 c0
-244 -2 -446 -5 -448 -2 -2 -203 -5 -446 -5 l-442 0 -2 451 -1 451 448 -2 448
-3 0 -444z m-2919 381 c4 -4 2 -54 -3 -112 -6 -58 -9 -244 -7 -414 l3 -309
-360 2 c-198 1 -383 -2 -410 -7 -28 -5 -56 -7 -63 -4 -16 5 -18 848 -2 854 20
6 835 -3 842 -10z m4776 10 c9 -7 12 -99 10 -427 l-3 -418 -420 1 c-231 1
-422 2 -425 2 -3 0 -5 189 -5 420 l0 420 400 3 c220 1 407 3 415 4 8 2 21 -1
28 -5z m-5173 -917 l390 -2 -3 -314 c-2 -173 1 -357 6 -409 6 -52 7 -101 3
-108 -6 -10 -94 -13 -429 -15 l-422 -2 0 426 c0 234 3 429 7 433 4 4 19 4 33
0 14 -4 201 -8 415 -9z m924 -1 l435 -1 0 -451 c1 -249 -1 -452 -4 -452 -3 0
-192 -1 -420 -1 l-415 -1 -3 23 c-5 31 -17 43 -43 44 l-22 0 1 420 c1 231 1
424 1 429 1 4 9 4 19 0 9 -5 212 -9 451 -10z m2029 -2 c251 3 362 1 362 -6 3
-104 -1 -890 -4 -893 -2 -2 -203 -4 -446 -4 l-442 0 0 449 c-1 247 2 454 5
459 4 6 36 6 84 0 43 -4 241 -7 441 -5z m2220 10 c10 -7 12 -100 10 -431 l-3
-424 -420 2 c-231 0 -422 1 -425 1 -3 0 -4 190 -3 422 l1 423 339 -3 c186 -1
365 2 398 7 82 12 88 12 103 3z m-2820 -461 c2 -357 0 -451 -10 -451 -7 0
-218 -1 -468 -1 l-455 0 -3 453 -2 453 467 -1 468 -2 3 -451z m1924 44 c2
-225 1 -416 -1 -422 -2 -7 -13 -13 -26 -13 -25 0 -41 -15 -46 -43 -4 -18 -23
-19 -409 -18 -223 0 -407 1 -410 1 -4 0 -4 905 0 905 0 0 200 0 445 0 l444 0
3 -410z m-2925 -559 c8 -4 10 -80 6 -298 -2 -161 -1 -348 4 -416 5 -68 6 -128
2 -133 -3 -6 -165 -10 -429 -10 l-423 -1 0 425 c1 234 3 429 6 434 5 8 811 7
834 -1z m1003 -399 c0 -216 3 -401 5 -412 12 -46 16 -46 -475 -46 -254 0 -464
2 -467 5 -4 3 -5 469 -3 848 0 10 900 15 923 5 16 -7 17 -36 17 -400z m957
399 c5 -5 6 -847 0 -852 -2 -3 -204 -5 -447 -5 -356 0 -445 2 -450 13 -4 7 -3
47 2 88 5 41 7 226 6 410 -2 184 0 340 4 345 5 9 876 10 885 1z m894 -3 c9 -9
15 -841 6 -850 -10 -9 -830 -4 -839 5 -6 6 -5 36 2 73 8 42 11 182 9 414 -1
193 0 355 3 360 8 12 807 10 819 -2z m-3865 -66 c7 -4 8 -28 2 -69 -4 -35 -7
-222 -6 -417 l3 -354 -419 1 c-231 1 -421 3 -423 6 -3 3 -7 816 -4 836 1 7
835 5 847 -3z m4895 -403 c0 -225 -1 -416 -1 -424 0 -13 -45 -15 -361 -12
-218 2 -379 -1 -407 -7 -35 -7 -50 -7 -59 2 -9 9 -13 114 -13 424 -1 227 1
416 3 420 3 5 193 7 422 7 l418 -1 -2 -409z m-4901 -524 c3 -14 16 -30 29 -37
35 -17 37 -23 30 -115 -4 -45 -6 -229 -5 -408 l1 -325 -439 -3 c-242 -1 -444
2 -448 6 -5 5 -9 209 -9 453 l-1 444 384 5 c502 7 451 10 458 -20z m4900 7 c3
-6 4 -211 2 -454 l-2 -443 -450 0 c-248 0 -450 3 -450 8 -1 4 -1 194 -2 422
l-1 415 29 5 c21 4 30 13 36 35 l7 30 413 -3 c318 -1 413 -5 418 -15z m-3876
-469 l0 -423 -452 -3 c-249 -1 -452 1 -452 5 -1 21 -2 839 -1 843 1 3 205 4
453 3 l453 -2 -1 -423z m996 408 c3 -8 3 -199 0 -423 l-5 -408 -467 -3 -467
-2 -3 417 c-2 230 -2 423 0 428 1 7 165 9 469 8 412 -1 468 -3 473 -17z m961
9 c3 -58 -3 -830 -7 -836 -3 -5 -203 -9 -445 -9 -344 0 -439 3 -440 13 -1 6
-1 165 0 352 1 187 -2 365 -7 396 -15 103 -58 94 452 94 290 0 446 -3 447 -10z
m961 -5 c2 -8 1 -199 -2 -425 l-5 -410 -442 -3 c-351 -2 -443 0 -444 10 0 7 0
168 1 358 0 203 -3 367 -9 398 -19 94 -54 87 453 87 387 0 445 -2 448 -15z"/>
<path d="M6449 5751 c-12 -17 -42 -40 -66 -51 -37 -17 -43 -24 -43 -50 0 -40
22 -47 59 -21 16 12 34 21 39 21 7 0 10 -58 9 -167 l-2 -168 32 -3 c23 -2 34
2 40 15 4 10 6 115 3 233 -5 211 -5 215 -27 218 -15 2 -29 -6 -44 -27z"/>
<path d="M6767 5650 c-31 -24 -35 -25 -59 -3 -37 33 -46 3 -50 -164 -3 -133
-1 -154 14 -169 14 -14 20 -15 32 -4 13 10 16 35 16 116 0 85 3 109 20 137 22
38 58 51 97 36 22 -8 23 -12 23 -148 0 -148 3 -157 48 -140 23 9 24 12 21 117
-3 87 0 113 14 140 15 28 23 32 56 32 21 0 44 -6 50 -14 8 -10 11 -55 10 -139
-1 -68 1 -129 5 -136 10 -16 31 -14 49 7 13 14 14 38 10 152 l-6 135 -34 32
c-42 41 -83 43 -125 8 -16 -14 -36 -25 -43 -25 -7 0 -27 11 -43 25 -36 30 -71
32 -105 5z"/>
</g>
</svg>
