<?xml version="1.0" standalone="no"?>
<!DOCTYPE svg PUBLIC "-//W3C//DTD SVG 20010904//EN"
 "http://www.w3.org/TR/2001/REC-SVG-20010904/DTD/svg10.dtd">
<svg version="1.0" xmlns="http://www.w3.org/2000/svg"
 width="900.000000pt" height="1269.000000pt" viewBox="0 0 900.000000 1269.000000"
 preserveAspectRatio="xMidYMid meet">
<metadata>
Created by potrace 1.10, written by Peter Selinger 2001-2011
</metadata>
<g transform="translate(0.000000,1269.000000) scale(0.100000,-0.100000)"
fill="#000000" stroke="none">
<path d="M3734 11271 c-25 -32 -68 -92 -96 -132 -178 -257 -225 -323 -290
-412 -29 -40 -81 -114 -115 -165 -35 -52 -78 -113 -96 -137 -17 -24 -59 -83
-92 -130 -33 -48 -87 -125 -120 -171 -33 -46 -80 -114 -105 -150 -25 -36 -50
-71 -55 -77 -6 -7 -24 -32 -41 -57 -100 -147 -163 -236 -188 -266 -10 -13 -24
-32 -30 -43 -16 -29 -81 -123 -148 -214 -32 -43 -58 -80 -58 -83 0 -4 -14 -23
-30 -44 l-31 -39 3 -138 3 -138 685 -5 685 -5 5 -430 5 -430 195 0 195 0 3
426 2 427 23 6 c12 3 111 6 220 6 l197 0 -2 163 -3 162 -217 3 -218 2 0 1046
c0 701 -3 1052 -10 1065 -10 17 -22 19 -120 19 l-110 0 -46 -59z m-114 -1286
l0 -785 -560 0 c-377 0 -560 3 -560 10 0 6 17 33 38 60 20 27 57 79 82 115 25
37 56 82 70 100 14 19 48 66 75 105 28 40 61 86 75 103 14 18 30 40 35 49 19
32 90 134 147 210 32 42 58 79 58 83 0 3 35 53 78 110 42 58 97 134 122 171
25 36 50 71 55 77 6 7 24 32 41 57 60 89 128 186 171 242 24 31 43 61 43 67 0
6 7 11 15 11 13 0 15 -94 15 -785z"/>
<path d="M5747 11324 c-3 -4 -48 -11 -99 -15 -292 -27 -525 -211 -704 -555
-46 -88 -51 -118 -22 -138 12 -9 28 -16 35 -16 7 0 46 44 86 98 72 94 205 212
240 212 7 0 18 5 25 12 19 19 83 39 172 54 123 21 282 0 360 -47 8 -5 24 -13
35 -18 12 -5 53 -41 92 -81 107 -106 159 -230 155 -370 -3 -107 -14 -195 -28
-214 -8 -11 -14 -26 -14 -34 0 -7 -20 -55 -45 -105 -31 -65 -61 -109 -101
-149 -64 -65 -195 -158 -223 -158 -10 0 -24 -7 -31 -15 -7 -8 -20 -15 -29 -15
-9 0 -21 -4 -27 -9 -14 -14 -116 -51 -141 -51 -13 0 -41 -7 -63 -16 -34 -14
-40 -21 -40 -45 0 -29 18 -40 65 -38 35 1 229 -28 255 -39 14 -5 50 -18 80
-27 149 -49 313 -158 386 -258 47 -64 94 -150 94 -172 0 -8 6 -29 14 -47 36
-83 49 -153 50 -272 1 -123 -13 -195 -51 -271 -42 -83 -57 -107 -79 -127 -13
-13 -24 -28 -24 -34 0 -11 -23 -33 -97 -92 -52 -42 -147 -89 -215 -107 -52
-14 -90 -16 -170 -12 -128 7 -152 15 -425 149 -120 59 -122 60 -212 60 -71 1
-95 -2 -109 -15 -10 -10 -24 -17 -30 -17 -15 0 -56 -58 -70 -100 -21 -63 19
-139 101 -192 61 -39 105 -57 167 -69 25 -4 72 -13 105 -19 59 -11 331 -9 390
3 17 3 62 10 100 16 181 27 344 88 477 178 28 18 52 33 55 33 3 0 18 12 35 28
90 82 143 139 192 204 57 78 150 249 159 295 7 37 26 110 38 148 17 53 23 274
9 350 -26 153 -26 153 -69 245 -34 72 -76 137 -135 205 -34 39 -64 71 -67 73
-3 1 -34 24 -70 50 -89 65 -171 112 -197 112 -5 0 -17 9 -27 20 -18 20 -16 22
113 150 73 71 132 135 132 141 0 6 13 28 29 48 26 32 70 113 106 196 30 67 41
213 25 314 -13 76 -42 147 -94 230 -29 45 -154 177 -186 196 -10 5 -47 27 -82
48 -36 20 -75 37 -87 37 -12 0 -32 5 -44 12 -12 7 -69 17 -127 24 -58 6 -112
15 -121 18 -8 4 -18 4 -22 0z"/>
<path d="M732 6207 c-17 -18 -22 -36 -22 -74 0 -53 11 -69 63 -91 21 -9 880
-12 3710 -12 3662 0 3682 0 3715 20 18 11 37 31 42 45 13 33 2 85 -23 113
l-20 22 -3722 0 -3722 0 -21 -23z"/>
<path d="M1940 4364 c-30 -14 -68 -31 -85 -39 -34 -15 -232 -113 -255 -125 -8
-5 -22 -11 -30 -14 -8 -3 -22 -10 -30 -15 -8 -5 -31 -16 -50 -24 -108 -47
-293 -144 -297 -155 -3 -6 -2 -23 1 -37 8 -32 30 -32 103 1 48 22 74 26 152
28 l93 1 33 -38 c68 -78 65 -17 65 -1394 l0 -1240 -29 -40 c-16 -22 -42 -49
-58 -60 -46 -32 -134 -53 -219 -53 -43 0 -85 -4 -92 -9 -8 -5 -12 -22 -10 -42
l3 -34 610 0 610 0 3 28 c5 46 -10 55 -111 60 -117 6 -178 24 -220 65 -45 44
-58 86 -69 217 -6 61 -12 742 -14 1515 -4 1304 -5 1406 -21 1418 -21 15 -18
16 -83 -14z"/>
<path d="M4195 4371 c-159 -17 -337 -113 -490 -266 -48 -49 -145 -167 -145
-179 0 -2 -17 -31 -38 -63 -21 -32 -48 -78 -59 -103 -90 -195 -104 -230 -133
-350 -25 -98 -33 -137 -41 -185 -4 -27 -13 -77 -18 -110 -21 -120 -31 -436
-21 -616 12 -209 48 -437 85 -539 7 -19 20 -62 30 -95 16 -51 51 -132 123
-285 10 -19 36 -63 60 -98 23 -34 42 -66 42 -71 0 -5 7 -11 15 -15 8 -3 15
-13 15 -21 0 -23 174 -194 240 -237 149 -95 227 -120 397 -125 102 -4 132 -1
185 16 172 55 256 103 400 227 149 129 277 340 378 624 29 82 70 273 80 370 5
47 14 103 20 125 14 51 8 676 -8 760 -6 33 -13 78 -15 100 -3 22 -10 60 -17
85 -6 25 -18 72 -27 105 -8 33 -21 75 -29 93 -8 18 -14 38 -14 46 0 16 -67
170 -91 210 -10 17 -23 41 -29 53 -27 62 -115 179 -205 271 -141 146 -203 188
-380 255 -47 19 -211 28 -310 18z m215 -168 c72 -17 78 -21 151 -93 58 -58 84
-94 116 -160 67 -136 98 -236 131 -410 50 -260 47 -212 46 -800 0 -378 -4
-568 -12 -595 -6 -22 -16 -86 -21 -142 -10 -96 -16 -128 -42 -233 -6 -25 -14
-65 -18 -90 -4 -25 -13 -55 -19 -67 -7 -12 -12 -29 -12 -37 0 -14 -46 -113
-86 -187 -26 -50 -105 -128 -162 -163 -121 -73 -236 -83 -347 -31 -62 30 -155
116 -192 180 -29 51 -83 167 -83 180 0 8 -6 32 -14 52 -29 79 -63 215 -76 303
-5 30 -13 78 -18 105 -37 193 -46 707 -18 1048 10 109 21 209 26 223 6 14 10
56 10 94 0 38 5 81 10 96 6 14 15 58 20 98 6 39 14 82 19 96 5 14 17 52 26 85
30 107 128 289 189 351 104 104 218 133 376 97z"/>
<path d="M6655 4371 c-166 -17 -351 -121 -508 -285 -98 -103 -247 -330 -247
-377 0 -9 -7 -22 -15 -29 -8 -7 -15 -20 -15 -29 0 -9 -5 -22 -11 -28 -6 -6
-14 -26 -19 -44 -10 -39 -27 -90 -46 -137 -8 -18 -14 -47 -14 -65 0 -17 -6
-49 -14 -72 -29 -83 -66 -421 -68 -620 -1 -99 22 -373 37 -444 8 -40 15 -85
15 -101 0 -26 18 -96 42 -165 5 -16 14 -46 18 -65 12 -53 29 -96 77 -196 23
-49 43 -96 43 -102 0 -16 80 -144 151 -240 30 -43 87 -106 125 -141 69 -65
208 -161 232 -161 7 0 23 -6 35 -12 76 -43 312 -62 415 -33 155 43 281 114
416 234 57 50 186 207 186 227 0 3 12 23 28 43 15 20 34 52 43 71 9 19 30 64
47 100 35 74 92 239 92 268 0 10 3 22 8 26 11 12 42 163 52 257 5 48 13 104
19 125 13 48 15 690 3 698 -5 3 -12 38 -16 78 -13 139 -78 383 -136 513 -45
101 -61 133 -112 213 -16 24 -28 45 -28 48 0 16 -100 131 -186 214 -87 84
-206 170 -236 170 -5 0 -22 6 -36 14 -87 45 -224 62 -377 47z m215 -168 c72
-17 78 -21 151 -93 105 -105 162 -221 219 -451 57 -223 71 -360 77 -744 8
-502 -14 -842 -72 -1115 -9 -41 -20 -95 -24 -120 -15 -78 -60 -190 -118 -293
-26 -47 -97 -119 -150 -153 -228 -145 -451 -65 -587 212 -25 51 -46 98 -46
104 0 6 -13 52 -29 103 -16 50 -36 128 -46 172 -9 44 -21 102 -27 128 -31 145
-51 581 -38 861 10 227 27 440 36 466 3 8 8 53 11 99 3 47 11 103 19 124 8 22
14 54 14 72 0 31 16 94 46 180 8 23 14 46 14 53 0 18 62 141 103 204 117 179
250 236 447 191z"/>
</g>
</svg>
