<?xml version="1.0" standalone="no"?>
<!DOCTYPE svg PUBLIC "-//W3C//DTD SVG 20010904//EN"
 "http://www.w3.org/TR/2001/REC-SVG-20010904/DTD/svg10.dtd">
<svg version="1.0" xmlns="http://www.w3.org/2000/svg"
 width="828.000000pt" height="381.000000pt" viewBox="0 0 828.000000 381.000000"
 preserveAspectRatio="xMidYMid meet">
<metadata>
Created by potrace 1.10, written by Peter Selinger 2001-2011
</metadata>
<g transform="translate(0.000000,381.000000) scale(0.100000,-0.100000)"
fill="#000000" stroke="none">
<path d="M99 3702 l-30 -24 6 -1552 c2 -853 5 -1605 5 -1671 1 -66 -2 -172 -6
-236 l-7 -115 29 -23 28 -22 1965 2 c1635 2 1970 5 1989 16 l22 13 0 1804 c0
1661 -1 1805 -17 1817 -13 12 -338 14 -1985 15 l-1970 1 -29 -25z m1839 -34
c17 -17 15 -38 -5 -45 -10 -3 -28 -15 -40 -26 -22 -20 -43 -16 -43 8 0 15 53
75 67 75 5 0 14 -5 21 -12z m-1047 -28 c13 -35 17 -36 34 -13 11 14 16 15 44
4 17 -8 31 -17 31 -22 0 -5 11 -16 26 -25 20 -13 28 -14 37 -5 9 10 5 18 -18
36 -22 18 -27 27 -18 36 8 8 20 8 46 -2 28 -10 39 -10 50 -1 11 9 81 12 253
12 132 -1 247 2 256 5 22 9 35 -19 18 -40 -13 -16 -6 -35 15 -35 25 0 25 -18
0 -48 -19 -23 -25 -41 -25 -77 0 -60 9 -76 67 -113 43 -27 56 -30 125 -31 73
0 79 2 132 40 61 44 74 74 62 155 l-6 44 49 25 c27 13 52 29 56 35 3 5 14 10
24 10 10 0 24 7 31 15 11 13 89 15 595 15 321 0 590 -3 599 -6 25 -10 20 -49
-9 -62 -31 -14 -31 -25 -3 -51 21 -20 21 -21 2 -42 -19 -21 -19 -21 10 -45 27
-24 28 -27 22 -87 -6 -55 -5 -66 15 -91 43 -54 127 -93 144 -66 8 13 72 13 80
0 9 -14 43 -12 90 5 55 22 105 97 105 159 0 33 -7 52 -25 74 -32 39 -31 52 5
84 17 14 30 33 30 41 0 18 -74 52 -96 43 -15 -6 -16 -8 0 -24 16 -19 22 -52 8
-52 -4 0 -24 11 -45 25 -39 27 -59 25 -56 -3 4 -42 -3 -59 -31 -75 -31 -19
-33 -17 -30 20 3 44 -11 44 -56 3 -34 -31 -52 -40 -79 -40 -19 0 -35 4 -35 8
0 19 29 46 61 56 49 16 37 30 -21 27 -66 -3 -64 13 4 44 29 13 56 31 60 40 5
13 39 15 240 15 129 0 241 -3 250 -6 14 -5 16 -55 16 -455 0 -438 0 -449 -19
-449 -28 0 -35 -17 -17 -42 21 -29 21 -68 1 -68 -9 0 -26 11 -39 25 -41 45
-70 21 -42 -33 9 -17 13 -38 10 -46 -9 -23 -51 -20 -64 4 -6 11 -17 20 -24 20
-21 0 -36 -24 -26 -40 10 -16 -2 -43 -33 -77 -25 -28 -51 -31 -44 -5 2 9 6 23
8 31 8 29 -32 22 -76 -14 -28 -23 -51 -35 -61 -31 -22 9 -13 27 27 54 63 43
28 71 -39 31 -50 -30 -62 -47 -62 -86 0 -41 19 -51 66 -34 30 11 38 9 79 -14
29 -17 53 -25 68 -21 20 5 74 51 105 90 7 9 25 16 40 16 31 0 60 22 85 63 11
16 26 27 40 27 l22 0 -3 -662 c-1 -365 -2 -669 -2 -675 0 -19 -40 -16 -47 3
-4 11 -13 14 -30 10 -18 -5 -25 -1 -32 16 -12 33 -59 80 -74 75 -25 -8 -17
-39 22 -84 23 -25 46 -63 51 -84 11 -39 5 -85 -11 -95 -11 -6 -12 -54 -1 -54
22 1 41 51 40 107 -1 90 15 107 46 49 12 -23 17 -46 13 -68 -3 -19 1 -39 8
-48 7 -8 15 -43 18 -77 10 -101 -32 -121 -115 -54 -15 12 -18 12 -24 -2 -3 -9
-4 -26 -2 -39 2 -19 8 -23 36 -20 24 1 32 -2 32 -14 0 -9 -9 -18 -20 -21 -11
-3 -20 -12 -20 -19 0 -19 44 -18 60 1 7 8 18 15 26 15 34 0 27 -54 -9 -66 -21
-7 -20 -8 11 -21 54 -22 34 -38 -41 -35 -37 1 -68 -2 -72 -8 -11 -17 -44 -11
-55 10 -6 11 -8 25 -5 30 12 19 26 155 25 230 -1 41 -8 90 -16 109 -8 18 -14
62 -14 96 0 40 -5 67 -14 74 -18 15 -117 -4 -133 -26 -7 -9 -13 -40 -13 -69 0
-29 -5 -56 -12 -62 -7 -5 -43 -12 -79 -13 -65 -4 -66 -3 -99 34 -18 21 -53 52
-77 68 -23 17 -43 35 -43 40 0 6 -21 38 -47 71 -45 57 -48 64 -48 119 1 50 5
63 28 87 35 36 34 57 -4 93 -35 33 -56 37 -61 13 -2 -13 -18 -17 -78 -20 -61
-3 -78 -8 -92 -25 -10 -12 -15 -25 -12 -30 9 -15 60 -10 74 6 17 20 30 19 57
-7 59 -55 0 -113 -112 -109 -118 4 -128 3 -154 -16 -33 -25 -148 -161 -161
-190 -8 -19 -38 -43 -54 -43 -34 0 54 136 121 188 20 15 44 34 53 44 10 9 26
18 35 20 29 6 46 77 56 243 5 88 13 174 18 190 5 17 13 55 17 85 3 30 20 89
37 130 16 41 36 93 43 115 7 22 22 65 34 95 12 30 26 69 31 87 12 41 23 47 75
44 35 -1 49 4 78 30 32 27 41 31 75 25 33 -5 44 -1 76 24 29 23 41 27 55 20
26 -14 30 -13 30 9 0 24 47 81 67 81 31 0 83 32 83 51 0 24 -35 25 -76 4 -72
-37 -71 -10 3 61 51 50 60 55 88 50 43 -8 77 6 95 38 10 20 11 29 2 38 -8 8
-8 17 -1 30 20 37 7 50 -50 54 -37 3 -57 0 -63 -8 -12 -20 -10 -25 23 -56 32
-30 32 -52 1 -52 -9 0 -28 12 -41 25 -34 37 -51 32 -51 -14 0 -42 -31 -91 -57
-91 -13 0 -14 8 -9 41 6 39 5 40 -16 33 -25 -7 -68 -49 -68 -65 0 -5 11 -14
25 -19 28 -10 29 -17 16 -53 -7 -18 -6 -30 4 -43 8 -11 15 -27 15 -36 0 -25
-42 -23 -65 2 -10 11 -24 20 -32 20 -19 0 -28 -29 -14 -43 16 -16 14 -44 -4
-51 -23 -8 -43 3 -47 26 -7 50 -68 49 -68 -1 0 -49 -86 -119 -113 -92 -9 9 -8
17 1 31 14 22 16 60 4 60 -5 0 -32 -20 -61 -45 -29 -25 -57 -45 -62 -45 -15 0
-10 -27 6 -34 19 -7 19 -40 0 -56 -8 -7 -15 -21 -15 -31 0 -10 -4 -21 -10 -24
-5 -3 -10 -16 -10 -29 0 -12 -11 -49 -24 -82 -24 -58 -25 -59 -60 -56 -41 3
-45 -7 -16 -33 25 -22 25 -26 0 -81 -16 -33 -18 -49 -10 -63 14 -27 13 -62 -4
-102 -9 -21 -16 -87 -20 -166 -3 -92 -10 -141 -21 -162 -13 -26 -13 -31 -1
-31 28 0 37 -26 17 -48 -22 -26 -40 -28 -56 -5 -11 14 -18 15 -56 4 -32 -9
-52 -9 -72 -2 -16 6 -39 11 -52 11 -13 0 -27 5 -30 10 -11 18 14 38 40 32 19
-3 27 2 37 24 7 16 21 37 31 46 9 10 17 24 17 32 0 18 69 164 81 172 5 3 9 12
9 20 0 8 13 42 30 76 30 60 37 88 22 88 -11 0 -48 -50 -56 -77 -12 -37 -61
-125 -72 -127 -22 -3 -14 70 16 143 41 98 56 137 71 186 10 35 65 162 88 205
4 8 22 16 40 18 36 4 38 10 11 40 -25 27 -25 32 0 32 22 0 27 29 8 48 -17 17
5 58 42 77 16 8 30 20 30 25 0 13 -51 13 -85 0 -22 -9 -27 -7 -35 15 -11 28
-47 34 -56 10 -8 -20 -63 -29 -99 -15 -29 11 -29 12 -11 26 11 8 34 14 52 14
23 0 34 5 39 19 9 31 42 33 65 4 19 -24 22 -25 62 -14 24 6 59 12 78 13 30 3
35 7 35 28 0 21 -4 25 -30 23 -16 -1 -42 -4 -57 -8 -25 -7 -28 -5 -28 18 0 20
9 28 51 45 31 13 49 27 47 34 -7 21 -46 21 -86 1 -45 -23 -66 -20 -81 13 -17
38 -40 15 -35 -34 3 -26 -1 -44 -14 -61 -27 -34 -52 -22 -52 24 0 51 -22 45
-69 -19 -48 -65 -50 -66 -78 -55 -30 11 -29 23 3 65 28 36 25 57 -4 36 -9 -7
-32 -19 -49 -27 -36 -17 -38 -24 -21 -71 12 -34 12 -35 -32 -218 -9 -39 -21
-71 -27 -73 -17 -6 -23 32 -30 189 l-6 147 27 10 c14 6 30 21 35 34 10 25 44
37 102 37 32 0 48 18 28 31 -8 5 -32 9 -55 9 -22 0 -43 3 -47 6 -9 9 4 34 18
34 6 0 34 12 60 26 47 25 49 25 80 8 31 -17 34 -16 67 4 34 21 48 51 48 102 0
21 -49 80 -66 80 -23 0 -24 -33 -4 -72 16 -31 18 -43 9 -54 -18 -22 -36 -16
-48 16 -5 17 -15 30 -21 30 -11 0 -39 -27 -72 -68 -12 -15 -29 -22 -53 -22
-40 0 -44 9 -15 35 22 20 27 55 8 55 -7 -1 -24 -7 -38 -15 -32 -18 -70 -19
-70 -2 0 26 39 50 82 51 36 1 43 4 43 21 0 18 -6 20 -51 17 -88 -4 -97 46 -10
55 44 5 76 30 59 47 -16 16 -95 5 -133 -19 -42 -26 -50 -50 -29 -84 10 -14 8
-24 -11 -49 -29 -39 -22 -57 27 -69 42 -10 63 -39 63 -89 0 -17 7 -37 15 -44
22 -18 19 -24 -20 -43 -19 -9 -35 -23 -35 -32 0 -20 -39 -19 -61 1 -10 9 -26
14 -35 10 -15 -6 -15 -8 0 -29 29 -40 37 -68 25 -83 -16 -19 -25 -18 -64 12
-42 32 -55 25 -48 -25 5 -34 3 -40 -18 -46 -18 -6 -29 -1 -51 24 -15 17 -32
31 -38 31 -5 0 -10 -23 -10 -51 0 -42 -5 -58 -31 -90 -17 -21 -37 -39 -44 -39
-21 0 -26 29 -10 59 26 52 -17 57 -67 8 -52 -50 -107 -82 -120 -69 -9 9 -7 16
5 29 10 12 13 24 8 32 -7 11 -17 11 -60 -2 -49 -14 -51 -14 -51 4 0 24 66 56
132 64 29 4 48 12 52 22 8 19 -13 35 -34 27 -31 -13 -91 -21 -96 -13 -10 17
21 48 55 54 20 4 50 17 66 29 42 32 62 37 75 20 20 -23 57 -17 79 14 21 27 25
32 62 65 26 23 20 41 -14 45 -15 2 -32 12 -37 23 -13 23 -48 25 -57 4 -3 -9 2
-24 12 -35 12 -13 15 -27 11 -45 -9 -34 -35 -32 -48 6 -13 38 -47 37 -66 -3
-17 -36 -59 -68 -88 -68 -29 0 -31 21 -4 45 11 10 20 25 20 33 0 19 -76 10
-98 -11 -13 -13 -13 -18 2 -38 22 -32 21 -76 -3 -89 -28 -14 -30 -13 -41 16
-14 35 -32 26 -49 -25 -13 -40 -15 -42 -50 -39 -30 3 -36 7 -39 28 -6 59 -12
70 -36 70 -19 0 -27 -8 -36 -34 -15 -47 -42 -68 -95 -73 -53 -7 -60 9 -20 47
28 26 33 68 10 76 -9 4 -34 -6 -56 -22 -32 -22 -53 -28 -93 -29 l-51 0 -5 50
c-5 46 -7 50 -32 53 -16 2 -28 8 -28 14 0 6 12 8 33 4 109 -23 116 -20 66 25
-54 48 -17 64 71 29 66 -26 110 -27 110 -1 0 20 -18 31 -50 31 -30 0 -70 22
-70 38 0 12 10 13 55 7 51 -6 55 -5 55 14 0 28 -16 35 -80 35 -52 1 -55 2 -58
29 -5 38 -41 37 -70 -3 -13 -16 -27 -30 -33 -30 -20 0 -20 30 0 56 25 32 27
64 4 64 -9 0 -33 -11 -52 -24 -23 -15 -56 -26 -88 -28 -57 -5 -61 -2 -38 28 8
10 15 29 15 42 0 21 -4 22 -64 22 -67 0 -96 14 -96 47 0 16 8 15 113 -3 56
-10 49 19 -12 48 -52 24 -55 33 -14 49 28 10 114 -12 143 -36 28 -24 80 -21
80 5 0 5 -36 27 -80 49 -73 36 -86 39 -138 34 -66 -6 -99 -31 -82 -64 9 -17 6
-19 -31 -25 -22 -4 -43 -13 -46 -20 -10 -27 7 -64 32 -70 13 -3 29 -12 36 -20
6 -8 20 -14 30 -14 13 0 20 -10 25 -34 9 -50 64 -86 130 -86 41 0 55 -5 75
-26 21 -23 29 -25 71 -20 40 6 49 4 57 -12 13 -24 5 -32 -31 -32 -26 0 -68
-30 -68 -48 0 -5 -18 -16 -41 -25 -32 -13 -40 -20 -37 -38 2 -12 12 -27 23
-33 28 -15 35 -27 35 -57 0 -40 48 -69 114 -69 50 0 59 -3 91 -35 49 -49 75
-58 127 -39 23 8 50 22 60 30 16 15 20 14 53 -6 42 -26 88 -23 132 9 18 13 36
19 51 15 34 -10 26 -28 -21 -52 -24 -12 -51 -30 -61 -41 -16 -18 -16 -20 9
-39 14 -11 33 -18 43 -15 10 2 27 -6 41 -21 20 -21 34 -26 71 -26 25 0 55 7
66 15 27 20 57 18 87 -5 14 -11 33 -20 43 -20 30 0 92 50 110 88 39 85 76 64
90 -50 3 -29 13 -91 22 -138 17 -93 20 -138 25 -370 4 -140 2 -162 -19 -230
-67 -219 -78 -262 -90 -354 -8 -56 -14 -126 -14 -156 0 -30 -4 -61 -9 -69 -13
-21 -39 -6 -58 34 -15 30 -21 35 -53 35 -25 0 -46 -9 -71 -29 -20 -17 -49 -33
-65 -36 -51 -11 -84 -27 -84 -40 0 -7 -9 -24 -20 -38 -11 -14 -20 -38 -21 -54
l-1 -28 -10 33 c-12 36 -27 40 -52 13 -13 -15 -15 -23 -6 -47 9 -23 8 -31 -4
-40 -9 -6 -16 -21 -16 -33 0 -12 -7 -33 -16 -47 -22 -33 -4 -56 24 -31 23 21
48 22 56 2 8 -21 23 -19 37 7 10 18 8 24 -10 39 -39 32 -21 55 62 83 14 5 17
15 15 58 -3 45 0 53 16 56 11 2 25 -3 32 -13 19 -25 48 -14 60 23 14 44 70
100 84 86 8 -8 3 -20 -15 -43 -27 -32 -28 -61 -1 -61 7 0 21 11 30 25 9 14 25
25 36 25 26 0 25 -3 -10 -52 -36 -49 -26 -76 14 -39 35 33 49 19 43 -43 -8
-81 -35 -188 -49 -197 -7 -5 -63 -6 -125 -4 -89 4 -122 1 -153 -11 -37 -15
-42 -15 -58 -1 -15 14 -23 13 -77 -10 -50 -20 -65 -23 -91 -14 -29 11 -94 4
-135 -13 -17 -8 -49 31 -49 59 0 17 16 20 25 5 3 -5 16 -10 28 -10 16 0 28 12
42 42 23 48 41 58 50 29 3 -12 15 -21 25 -21 18 0 80 62 80 80 0 10 -63 30
-95 30 -29 0 -56 -22 -90 -70 -17 -25 -34 -39 -44 -37 -29 6 -69 -21 -73 -50
-2 -18 -14 -33 -37 -47 -32 -18 -34 -18 -63 -2 -27 17 -31 17 -71 1 -23 -10
-71 -18 -107 -19 -102 -3 -159 -55 -87 -80 20 -7 37 -6 60 4 18 7 59 14 92 14
33 1 77 8 97 15 30 12 43 12 75 2 33 -11 45 -11 77 3 29 12 47 14 73 7 28 -8
38 -6 52 8 17 17 19 17 41 -1 20 -16 34 -18 99 -12 51 4 85 12 104 25 21 15
32 17 46 9 26 -13 198 -1 233 16 36 18 45 18 57 -4 18 -33 -18 -124 -72 -182
-26 -28 -57 -72 -69 -96 -27 -58 -64 -78 -148 -78 l-65 -1 0 -30 0 -30 100 -8
c122 -9 128 -9 188 -1 57 7 60 20 8 34 -60 16 -68 32 -35 75 15 20 35 40 45
45 11 6 15 17 12 30 -4 16 0 23 16 27 11 3 21 11 21 19 0 7 11 21 24 29 22 14
25 26 30 103 4 48 13 107 21 132 8 25 15 56 15 70 0 14 7 45 16 69 9 28 13 59
8 86 -9 60 13 294 38 400 12 55 36 118 60 162 30 55 37 78 32 100 -6 26 -5 27
8 9 16 -20 38 -15 38 9 0 8 13 34 30 58 17 25 30 54 30 65 0 11 6 25 14 31 8
7 18 26 21 42 4 16 11 29 17 29 5 0 30 -16 54 -36 39 -33 44 -41 44 -79 0 -26
-6 -48 -15 -55 -8 -7 -15 -20 -15 -30 0 -10 -11 -43 -25 -74 -16 -36 -25 -75
-25 -107 0 -43 -5 -55 -31 -81 -134 -135 -141 -144 -146 -205 -10 -110 -5
-165 17 -188 28 -30 25 -56 -10 -87 -26 -23 -30 -33 -30 -76 0 -60 7 -82 26
-82 10 0 14 16 14 61 0 81 24 77 28 -4 2 -45 0 -59 -13 -63 -14 -6 -14 -9 -1
-29 8 -12 16 -40 18 -61 2 -30 7 -39 21 -38 19 2 20 -9 11 -80 -7 -46 -7 -47
-26 -26 -10 11 -27 20 -37 20 -10 0 -30 9 -45 21 -26 20 -56 20 -56 0 0 -6 12
-18 26 -28 58 -40 74 -61 74 -100 0 -45 -8 -58 -34 -58 -12 0 -22 -12 -30 -35
-6 -20 -19 -36 -29 -38 -20 -4 -68 34 -66 52 5 40 -39 86 -80 86 -20 0 -23 -2
-11 -10 35 -22 80 -64 80 -76 0 -27 -30 -23 -45 6 -16 32 -55 42 -55 15 0 -8
5 -15 10 -15 6 0 19 -9 30 -20 21 -21 19 -40 -4 -40 -25 0 -35 -21 -19 -40 13
-14 32 -18 97 -19 44 0 99 -3 121 -7 46 -6 164 19 177 38 4 7 5 32 2 55 -5 38
-2 49 30 98 20 30 46 59 56 65 20 11 45 48 37 56 -13 13 -58 -10 -63 -32 -4
-14 -14 -30 -23 -37 -26 -19 -51 -64 -51 -91 0 -35 -10 -56 -26 -56 -15 0 -20
17 -29 101 -8 71 0 99 32 123 21 15 29 17 44 8 10 -7 23 -12 29 -12 15 0 12
40 -4 46 -8 3 -20 19 -27 36 -12 29 -11 32 17 54 21 17 42 24 74 24 25 0 54 3
66 6 13 3 28 -1 37 -11 15 -15 15 -20 2 -51 -8 -19 -24 -47 -35 -61 -25 -32
-25 -39 -2 -45 15 -4 18 -15 17 -62 -2 -66 -7 -74 -39 -57 -37 20 -66 0 -66
-46 0 -24 -10 -51 -26 -75 -30 -43 -28 -58 12 -78 39 -19 146 -81 164 -95 26
-20 108 -38 142 -31 84 17 191 25 208 16 10 -6 26 -7 34 -4 9 3 28 2 43 -3 16
-6 41 -6 57 -2 22 6 42 3 74 -11 24 -11 41 -23 39 -27 -8 -13 -3259 -6 -3267
7 -4 6 -5 48 -3 93 1 45 3 90 3 100 0 26 45 40 86 27 18 -6 106 -13 196 -15
90 -2 226 -9 303 -14 77 -5 144 -6 148 -1 5 4 7 18 5 31 -3 23 -7 24 -113 29
-61 3 -120 11 -133 18 -36 20 -382 11 -416 -11 -31 -21 -60 -22 -75 -3 -13 15
-7 81 11 129 8 20 7 31 -2 42 -10 12 -12 330 -11 1548 0 842 1 1538 1 1544 0
10 82 13 358 16 196 1 361 3 365 5 4 1 13 -11 18 -28z m947 18 c-3 -7 -21 -22
-41 -34 l-37 -21 33 -18 c27 -14 47 -17 90 -12 78 8 91 -4 85 -77 -4 -45 -11
-63 -34 -87 -24 -25 -34 -29 -59 -24 -39 8 -54 8 -87 -1 -34 -8 -78 18 -78 46
0 15 7 20 29 20 21 0 36 8 50 29 12 16 21 34 21 39 0 15 -32 24 -44 12 -12
-12 -46 -13 -46 -1 0 5 7 14 15 21 21 18 19 47 -5 53 -30 8 -25 36 8 42 15 4
34 10 42 15 23 14 62 12 58 -2z m226 -11 c8 -14 8 -20 -4 -27 -38 -24 -76 3
-50 36 16 18 39 15 54 -9z m1671 -192 c31 -30 33 -81 5 -136 -28 -53 -62 -69
-102 -46 -37 21 -62 22 -78 2 -18 -22 -48 -18 -75 10 -30 30 -33 65 -6 65 11
0 23 -5 27 -11 8 -14 24 8 24 35 0 14 -5 17 -21 13 -26 -7 -37 19 -16 40 12
12 20 13 29 6 19 -16 100 0 133 25 36 28 50 28 80 -3z m-987 -848 c12 -14 -3
-72 -26 -99 -9 -11 -9 -23 -1 -47 9 -26 8 -36 -5 -54 -50 -69 -49 -67 -38 -92
9 -19 8 -31 -2 -52 -14 -27 -65 -153 -91 -223 -17 -46 -73 -186 -91 -228 -8
-18 -14 -44 -14 -57 0 -14 -6 -25 -14 -25 -25 0 -35 197 -12 251 12 29 12 36
-1 56 -11 17 -13 33 -8 60 5 21 7 48 6 60 -1 11 4 25 11 29 9 6 6 10 -12 14
-28 7 -40 40 -29 87 5 23 1 39 -13 60 -14 21 -18 42 -16 89 2 39 -2 67 -10 77
-20 24 -11 71 14 75 29 4 61 -33 45 -52 -10 -12 -9 -14 8 -9 15 4 22 -1 27
-21 6 -26 1 -90 -11 -137 -6 -25 -5 -26 21 -21 l27 5 -7 -49 c-13 -84 -14
-148 -3 -162 7 -9 6 -21 -2 -38 -6 -14 -11 -35 -11 -47 0 -22 1 -22 20 3 11
14 20 30 20 35 0 6 9 28 20 50 11 22 19 57 20 78 0 22 7 55 16 75 37 86 42 99
48 129 4 18 18 41 32 52 21 16 22 20 9 31 -14 12 -14 15 0 30 11 12 13 20 6
25 -18 11 -12 24 17 39 34 19 37 19 50 3z m159 -81 c7 -6 19 -17 28 -24 8 -7
15 -20 15 -28 0 -18 -34 -11 -60 11 -8 8 -35 15 -59 17 -50 3 -65 23 -29 37
26 11 86 3 105 -13z m-37 -61 c9 -8 26 -15 38 -15 19 0 22 -6 22 -39 0 -22 -6
-44 -15 -51 -8 -7 -15 -18 -15 -25 0 -6 -22 -55 -49 -109 -27 -53 -55 -113
-62 -134 -6 -20 -20 -50 -29 -67 -10 -16 -20 -50 -22 -75 -2 -25 -7 -51 -12
-58 -10 -17 -41 -15 -56 3 -7 8 -23 15 -36 15 -20 0 -24 5 -24 28 0 15 6 36
13 47 7 11 24 56 37 100 13 44 30 87 37 96 8 9 17 34 20 55 3 22 12 48 18 59
7 11 16 49 20 85 9 86 27 114 68 106 17 -3 38 -13 47 -21z m388 -909 c3 -20 0
-27 -10 -24 -7 3 -14 17 -16 32 -3 20 0 27 10 24 7 -3 14 -17 16 -32z m-42
-157 c-3 -18 -17 -42 -31 -55 -15 -14 -22 -29 -19 -38 9 -24 23 -19 30 9 3 14
13 25 21 25 19 0 73 -60 73 -81 0 -25 72 -99 97 -99 27 0 36 -14 28 -40 -4
-12 -15 -20 -29 -20 -35 0 -57 -22 -80 -80 -12 -29 -30 -58 -41 -64 -11 -5
-32 -18 -47 -28 -37 -25 -131 -12 -154 21 -19 26 -60 28 -74 2 -12 -24 10 -51
43 -51 27 0 38 -8 60 -42 15 -24 24 -28 62 -28 28 0 45 -5 45 -12 0 -18 -31
-48 -51 -48 -10 0 -27 -10 -39 -22 l-20 -22 -30 22 c-16 12 -43 22 -61 22 -37
0 -170 30 -183 41 -5 5 -2 19 8 33 28 44 16 88 -19 68 -9 -4 -23 -24 -33 -42
-36 -73 -113 -78 -183 -12 -75 70 -90 223 -27 285 24 24 35 29 63 24 46 -8
117 -79 125 -126 4 -27 11 -37 27 -39 17 -3 24 3 29 25 13 62 40 133 49 133 6
1 13 -14 16 -32 8 -42 35 -105 50 -113 6 -4 16 -2 22 4 9 9 6 22 -10 54 -12
23 -24 68 -27 99 -6 53 -4 59 27 100 36 48 66 58 102 34 32 -21 32 -21 31 22
-1 34 2 39 43 59 25 13 49 27 55 33 5 5 21 10 34 10 22 0 24 -3 18 -31z m-592
-24 c-16 -20 -36 -49 -45 -66 -9 -16 -21 -34 -26 -41 -6 -7 -16 -30 -22 -50
-16 -48 -37 -66 -44 -37 -6 21 8 63 41 125 18 33 111 119 120 110 2 -3 -8 -22
-24 -41z m116 16 c0 -10 -13 -36 -30 -57 -16 -22 -42 -56 -57 -76 -32 -42 -53
-48 -53 -17 0 51 85 155 138 168 1 1 2 -7 2 -18z m220 2 c0 -5 -16 -26 -36
-48 -43 -48 -110 -146 -119 -174 -9 -30 -33 -47 -48 -32 -24 24 98 200 167
242 35 21 36 22 36 12z m837 -293 c2 -63 3 -122 3 -130 0 -8 -1 -37 -2 -64 -3
-40 -7 -50 -26 -57 -31 -12 -41 15 -16 42 16 17 16 22 4 29 -26 17 -49 11 -54
-12 -21 -97 -26 -137 -26 -192 0 -71 -9 -81 -65 -70 -27 5 -39 0 -69 -27 -21
-18 -46 -49 -57 -70 -10 -21 -28 -43 -40 -49 -21 -12 -75 -5 -84 11 -11 17 15
49 40 49 14 0 32 11 44 26 18 23 21 41 21 131 0 102 0 104 -26 113 -14 6 -38
10 -54 10 -35 0 -40 13 -40 106 0 70 1 75 26 86 20 9 36 9 72 -2 26 -7 63 -14
82 -14 28 -1 36 3 38 20 4 26 47 36 107 26 39 -8 40 -9 37 -44 -4 -48 15 -58
45 -24 17 20 21 32 14 44 -13 24 -33 161 -25 173 3 6 16 9 27 7 21 -3 22 -9
24 -118z m-552 -220 c0 -10 -12 -16 -39 -18 -50 -4 -72 4 -58 21 16 19 97 16
97 -3z m-711 -62 c9 -35 7 -68 -4 -68 -5 0 -9 10 -8 23 1 12 -2 32 -6 45 -4
12 -3 22 2 22 5 0 12 -10 16 -22z m759 -2 c4 -10 24 -16 59 -18 59 -3 67 -18
16 -32 -18 -5 -35 -11 -38 -13 -9 -8 26 -23 53 -23 16 0 26 -4 22 -9 -3 -5
-18 -9 -34 -9 -58 2 -63 -29 -8 -55 l32 -16 -28 -10 c-30 -12 -35 -28 -12 -37
23 -9 18 -34 -7 -34 -33 0 -117 59 -124 87 -5 17 -10 21 -17 14 -7 -7 -7 -18
1 -36 16 -36 15 -58 -5 -94 -31 -54 -105 -76 -162 -47 -44 23 -52 39 -43 82 6
32 15 42 47 57 22 11 54 31 70 47 17 15 40 31 52 34 26 8 63 52 63 74 0 19 29
52 45 52 7 0 15 -7 18 -14z m498 -141 c-3 -122 -9 -144 -34 -145 -4 0 -16 15
-28 33 -20 33 -20 33 -3 172 6 51 26 78 54 73 13 -3 14 -23 11 -133z m-1193
98 c-2 -10 -10 -18 -18 -18 -8 0 -16 8 -18 18 -2 12 3 17 18 17 15 0 20 -5 18
-17z m349 -48 c28 -8 53 -21 56 -29 3 -8 -5 -29 -18 -47 -14 -18 -30 -48 -36
-68 -15 -44 -30 -56 -46 -35 -16 22 -45 11 -36 -13 7 -22 53 -62 71 -63 6 0
29 -9 49 -20 21 -11 53 -20 71 -20 29 0 32 -2 22 -20 -6 -10 -30 -33 -55 -50
-44 -30 -59 -64 -32 -73 21 -7 36 4 74 55 20 28 61 66 90 85 29 18 63 49 76
68 27 42 47 52 63 30 20 -27 5 -54 -35 -65 -32 -8 -46 -22 -89 -89 -72 -110
-109 -147 -162 -161 -56 -15 -102 -9 -165 21 -60 29 -68 52 -30 87 27 24 27
25 24 151 -2 115 10 234 26 261 8 14 22 13 82 -5z m1008 -24 c3 -5 19 -12 35
-16 17 -4 35 -16 41 -27 11 -21 10 -511 -2 -530 -10 -15 -93 -22 -118 -9 -28
15 -27 33 5 69 45 51 63 123 64 254 0 94 -4 125 -20 162 -10 25 -24 46 -29 46
-12 0 -24 37 -16 50 8 13 32 13 40 1z m-61 -77 c10 -27 7 -44 -9 -44 -15 0
-32 -46 -22 -56 10 -11 27 7 27 27 0 38 25 13 37 -37 23 -99 9 -199 -34 -247
-17 -18 -17 -18 -25 2 -4 12 -15 21 -24 21 -13 0 -15 -7 -11 -37 3 -21 8 -48
12 -59 9 -29 -17 -38 -60 -20 -19 8 -43 12 -54 9 -28 -7 -45 37 -37 99 3 26 1
60 -3 75 -12 42 3 73 36 73 20 1 33 10 48 33 11 18 30 33 43 35 26 4 25 1 11
57 -8 31 -8 49 0 64 14 25 56 28 65 5z m-249 -42 c36 -26 37 -40 6 -84 -28
-41 -30 -48 -30 -143 1 -106 14 -153 51 -179 29 -21 15 -56 -21 -56 -16 0 -34
6 -40 14 -7 8 -28 16 -49 19 -20 2 -68 17 -107 32 -54 21 -91 28 -164 31 -52
2 -97 6 -100 9 -3 3 0 26 7 50 7 25 12 53 12 63 0 49 109 112 169 97 48 -12
61 -33 61 -95 0 -41 5 -64 18 -80 33 -41 42 -17 42 109 0 93 3 121 15 131 8 7
15 18 15 25 0 36 86 78 115 57z m-1134 -206 c-7 -16 -18 -26 -31 -26 -27 0
-35 23 -17 52 8 13 18 39 22 58 12 58 19 58 28 -1 4 -34 4 -67 -2 -83z m260
54 c24 0 29 -21 13 -58 -21 -52 -71 -38 -57 16 2 11 0 23 -7 27 -8 5 -8 11 1
21 8 10 15 12 23 4 5 -5 18 -10 27 -10z"/>
<path d="M910 3548 c-28 -38 -22 -50 46 -94 59 -39 84 -61 105 -93 15 -23 16
-24 41 -7 28 18 50 13 90 -21 11 -10 18 -11 23 -4 13 22 -6 48 -45 64 -32 12
-40 21 -45 51 l-7 36 -53 -6 c-43 -5 -58 -3 -79 12 -30 23 -33 34 -7 34 17 0
49 27 40 33 -12 9 -62 27 -73 27 -7 0 -23 -14 -36 -32z"/>
<path d="M1351 3455 c-31 -14 -33 -18 -28 -49 4 -27 1 -38 -19 -55 -36 -32
-31 -58 14 -70 20 -6 43 -11 49 -11 7 0 23 -16 35 -35 39 -58 77 -67 146 -34
l44 22 25 -32 c25 -32 74 -43 89 -20 3 6 22 17 40 25 29 12 33 17 24 33 -26
49 -99 76 -85 31 3 -9 -1 -23 -10 -30 -20 -16 -45 3 -45 35 0 12 -7 29 -16 36
-14 11 -21 7 -51 -29 -26 -31 -42 -42 -63 -42 -39 0 -44 13 -15 40 14 13 25
28 25 34 0 16 -57 74 -80 81 -11 3 -20 10 -20 15 0 18 23 21 71 9 42 -11 52
-11 59 1 9 15 2 41 -14 52 -19 13 -140 8 -175 -7z m107 -136 c2 -12 -9 -19
-39 -27 -69 -17 -96 7 -36 33 40 18 71 15 75 -6z"/>
<path d="M2865 3459 c-5 -5 -26 -20 -45 -32 -39 -26 -48 -49 -30 -82 10 -19
10 -27 -4 -46 -19 -27 -6 -49 29 -49 18 0 25 7 30 30 5 22 17 35 43 48 46 22
57 55 16 50 -32 -4 -44 17 -15 27 21 6 36 38 26 55 -8 13 -37 12 -50 -1z"/>
<path d="M2101 3413 c-61 -32 -71 -41 -71 -64 0 -40 26 -62 64 -53 41 8 42 11
23 32 -33 37 -22 52 37 52 57 0 73 13 61 51 -9 28 -34 23 -114 -18z"/>
<path d="M3130 3411 c0 -16 6 -31 15 -35 8 -3 15 -16 15 -28 0 -21 -2 -21 -26
10 -14 17 -32 32 -40 32 -8 0 -23 -20 -34 -44 -23 -55 -54 -76 -70 -46 -11 20
-50 28 -50 10 0 -6 -11 -16 -25 -22 -14 -6 -25 -18 -25 -27 0 -9 -7 -36 -16
-61 -20 -59 -12 -99 32 -144 33 -34 38 -36 102 -36 37 0 86 -1 109 -2 106 -5
172 156 98 236 -25 27 -24 48 2 74 23 24 15 58 -21 86 -46 35 -66 34 -66 -3z
m7 -145 c15 -13 36 -37 45 -53 15 -27 16 -32 2 -59 -35 -67 -85 -93 -114 -59
-16 19 -41 19 -66 0 -30 -23 -58 -18 -77 14 -9 16 -17 38 -17 50 0 19 4 20 43
15 39 -6 44 -4 55 20 7 15 12 35 12 44 0 16 51 50 77 51 6 1 24 -10 40 -23z"/>
<path d="M2266 3322 c-9 -26 -69 -92 -84 -92 -6 0 -12 11 -12 25 0 14 -1 25
-2 25 -2 0 -19 -6 -38 -13 -61 -23 -100 -51 -100 -73 0 -11 -5 -25 -11 -31 -6
-6 -9 -23 -5 -36 4 -18 18 -28 52 -40 43 -14 47 -14 65 4 20 20 26 64 10 73
-5 4 -22 1 -37 -4 -33 -13 -39 -8 -24 19 9 17 20 21 63 21 29 1 63 7 77 15 14
8 34 14 46 15 67 1 100 -154 36 -174 -10 -3 -23 -19 -29 -36 -12 -33 -33 -39
-53 -15 -16 19 -39 19 -64 0 -34 -26 -66 -18 -105 26 -34 36 -39 39 -51 24
-20 -24 -101 -2 -114 32 -10 24 5 43 28 37 27 -7 59 25 46 46 -6 10 -12 11
-22 2 -11 -9 -17 -9 -26 0 -18 18 4 45 43 52 36 7 93 51 81 63 -13 13 -72 5
-110 -15 -44 -24 -77 -66 -96 -121 -12 -36 -11 -43 11 -82 19 -35 34 -47 72
-61 27 -10 55 -25 64 -33 8 -8 26 -15 41 -15 15 0 40 -7 56 -15 35 -19 56 -19
91 -1 24 13 32 12 62 -2 33 -16 36 -16 81 8 34 18 53 37 70 70 25 51 29 117 7
146 -8 10 -15 27 -15 36 0 20 52 51 78 46 42 -7 58 36 17 46 -14 4 -35 16 -46
27 -30 30 -54 21 -54 -21 0 -25 -5 -36 -18 -38 -13 -3 -22 7 -34 37 -17 43
-38 53 -47 23z"/>
<path d="M3350 3043 c-20 -7 -60 -44 -71 -65 -12 -22 5 -58 27 -58 23 0 28
-29 9 -50 -16 -18 -16 -20 4 -46 12 -15 21 -37 21 -51 0 -26 38 -50 65 -39 13
4 15 13 10 35 -6 26 -2 33 29 53 60 39 37 68 -25 31 -23 -14 -31 -15 -41 -5
-17 17 23 49 74 57 20 4 43 14 52 24 14 15 14 20 2 36 -13 18 -15 18 -64 -3
-28 -12 -60 -22 -71 -22 -30 0 -27 30 6 56 40 32 22 65 -27 47z"/>
<path d="M1766 2943 c-22 -7 -46 -19 -53 -25 -22 -18 -15 -47 12 -54 24 -6 35
-24 15 -24 -17 0 -24 -51 -9 -61 28 -17 58 -10 71 18 12 24 27 33 86 49 31 9
-4 24 -54 24 -30 0 -54 5 -54 10 0 17 52 32 88 26 39 -6 62 1 62 20 0 32 -95
42 -164 17z"/>
<path d="M1312 2195 c-43 -19 -37 -40 11 -40 46 0 77 -26 77 -65 0 -38 10 -38
38 0 28 37 28 51 0 77 -17 15 -83 46 -92 43 -1 -1 -16 -7 -34 -15z"/>
<path d="M1490 2105 c0 -47 -33 -95 -65 -95 -13 0 -27 5 -30 10 -3 6 -16 10
-29 10 -12 0 -58 19 -102 42 l-79 42 -155 0 c-128 1 -160 -2 -181 -15 -13 -9
-55 -29 -93 -44 -192 -77 -244 -122 -273 -236 -19 -74 -7 -129 44 -201 18 -26
33 -55 33 -63 0 -11 11 -15 38 -15 l37 -1 -28 -22 c-15 -12 -70 -64 -122 -114
-61 -59 -117 -104 -155 -123 -40 -20 -62 -38 -65 -53 -8 -32 52 -131 116 -192
29 -28 49 -54 46 -64 -3 -17 -6 -17 -49 -7 -52 12 -118 -68 -118 -143 0 -22
-7 -58 -15 -78 -8 -21 -16 -69 -19 -107 -3 -37 -10 -74 -16 -81 -20 -25 89
-115 138 -115 36 0 110 40 142 76 35 40 121 78 157 69 14 -3 25 -15 29 -33 15
-69 61 -112 128 -119 34 -4 50 1 90 29 27 18 53 40 56 48 4 8 15 31 23 50 9
19 24 47 34 63 15 22 16 31 5 47 -19 30 -15 40 27 79 54 50 59 77 27 147 -36
77 -34 105 10 154 42 47 60 49 114 15 22 -14 51 -25 64 -25 19 0 27 -8 36 -35
6 -19 21 -40 32 -46 35 -19 94 -1 144 44 l45 42 -7 59 c-6 52 -12 65 -49 100
-44 44 -104 77 -175 98 -38 11 -45 17 -45 38 0 20 7 26 41 36 84 24 168 85
217 157 22 32 27 51 27 98 0 50 -4 63 -29 91 -39 45 -91 134 -98 169 -6 33 10
59 37 59 19 0 47 -78 37 -103 -9 -24 10 -44 30 -31 37 23 24 116 -19 130 -29
9 -22 44 12 57 16 6 36 25 44 42 13 27 13 33 -2 59 -26 44 -42 44 -42 1z
m-392 -195 c2 -30 8 -60 13 -67 8 -8 2 -16 -19 -27 -38 -20 -64 -60 -65 -103
-1 -35 21 -63 50 -63 21 0 53 38 60 71 3 16 14 36 24 43 18 12 18 14 -3 65
-25 58 -18 84 23 89 13 1 49 14 81 29 62 28 91 26 86 -9 -2 -15 -13 -24 -36
-30 -37 -10 -34 -28 4 -28 40 0 64 -51 64 -138 0 -65 2 -72 16 -64 43 24 72
-16 60 -83 -9 -46 -85 -112 -193 -165 -78 -39 -87 -42 -142 -35 -49 6 -67 3
-121 -20 -71 -30 -90 -27 -90 12 0 15 -5 45 -11 66 -12 46 -6 57 19 34 10 -10
26 -17 35 -17 9 0 17 -7 17 -15 0 -15 15 -20 90 -29 29 -4 54 -1 70 8 14 8 44
24 68 36 68 35 70 80 4 60 -62 -17 -202 46 -202 91 0 11 -11 25 -26 31 -45 21
-64 -4 -81 -109 -6 -38 -9 -39 -35 -16 -11 10 -40 20 -66 23 -43 5 -47 8 -50
33 -3 24 -7 28 -25 23 -90 -27 -126 -13 -158 60 -58 136 22 287 145 275 26 -2
56 -30 56 -51 0 -9 6 -24 13 -35 13 -17 16 -17 47 -1 18 9 46 16 63 16 l30 0
-7 -49 c-7 -52 8 -101 30 -101 19 0 25 30 18 86 -6 48 -4 55 30 102 41 56 49
62 86 59 23 -2 25 -6 28 -57z m-118 -343 c0 -8 -11 -19 -25 -25 -20 -9 -25 -9
-25 1 0 17 20 37 37 37 7 0 13 -6 13 -13z m58 -48 c9 -13 19 -18 32 -14 13 4
22 0 30 -14 8 -16 7 -22 -9 -31 -27 -14 -46 -13 -61 5 -7 8 -23 15 -36 15 -29
0 -38 14 -24 40 14 26 52 26 68 -1z m-223 -26 c40 -19 49 -38 39 -88 -8 -45
-36 -60 -128 -69 l-68 -7 6 36 c6 30 4 35 -13 35 -57 0 -83 -186 -35 -261 41
-66 113 -85 194 -53 43 18 82 12 62 -8 -7 -7 -12 -22 -12 -35 0 -19 5 -23 33
-23 40 0 70 -20 58 -38 -4 -7 -47 -20 -96 -29 -73 -13 -103 -14 -172 -5 -123
16 -191 51 -255 128 -72 85 -98 118 -98 124 0 3 25 18 56 34 36 19 76 53 112
95 110 125 148 153 235 170 23 5 43 9 44 10 1 1 18 -7 38 -16z m330 -143 c22
-9 26 -14 21 -38 -8 -32 10 -46 72 -57 23 -4 49 -13 56 -21 8 -8 21 -14 28
-14 21 0 118 -69 118 -84 0 -7 -8 -24 -18 -37 -10 -13 -21 -32 -25 -41 -4 -11
-17 -18 -32 -18 -22 0 -25 4 -23 28 4 54 -25 67 -70 31 -24 -18 -27 -19 -30
-4 -2 9 8 31 22 50 31 40 33 65 8 65 -22 0 -48 -27 -54 -55 -2 -12 -13 -21
-26 -23 -24 -4 -62 22 -62 42 0 6 -7 24 -15 39 -8 15 -12 34 -9 42 4 9 -4 19
-20 26 -34 16 -44 48 -20 66 21 16 44 16 79 3z m-148 -70 c23 -9 73 -76 73
-97 0 -8 -4 -21 -10 -31 -5 -9 -14 -30 -20 -45 -10 -28 -30 -29 -30 -1 0 8
-10 14 -25 14 -20 0 -25 -5 -25 -24 0 -13 6 -26 13 -29 9 -3 8 -9 -4 -22 -36
-37 -78 10 -49 55 6 10 3 25 -10 48 -11 18 -20 42 -20 53 0 15 -6 20 -22 17
-18 -2 -22 -9 -20 -26 5 -37 -32 -62 -93 -62 -64 0 -95 27 -97 84 -2 51 13 63
57 48 29 -11 38 -11 58 3 13 8 48 24 78 34 49 18 57 18 89 4 19 -8 45 -19 57
-23z m-443 -361 c19 -11 57 -24 83 -28 l48 -7 -3 -44 c-5 -56 -29 -99 -61
-107 -13 -3 -56 -3 -97 0 -67 6 -74 5 -84 -14 -15 -27 -4 -57 23 -61 66 -9
-11 -142 -96 -163 -54 -14 -98 36 -74 84 13 25 13 31 0 44 -13 13 -12 25 11
100 14 47 26 99 26 116 0 34 30 71 57 71 9 0 34 -12 55 -26 40 -28 75 -27 64
2 -6 16 1 54 9 54 2 0 20 -9 39 -21z m440 -21 c8 -13 17 -38 21 -56 6 -28 2
-36 -25 -62 -26 -25 -41 -30 -93 -32 l-62 -3 0 -40 c0 -42 9 -47 62 -30 16 5
24 1 33 -15 10 -19 7 -32 -19 -84 -31 -64 -59 -86 -105 -86 -49 0 -74 64 -77
195 -2 107 10 169 35 173 11 3 25 -4 32 -13 18 -24 38 -14 39 20 0 25 6 31 40
41 65 20 103 17 119 -8z m-324 -231 c0 -17 -32 -47 -50 -47 -10 0 -23 -7 -30
-15 -25 -30 -53 19 -31 53 17 27 111 34 111 9z"/>
<path d="M1221 1740 c-10 -50 -18 -64 -46 -86 -20 -15 -35 -35 -35 -46 0 -17
3 -18 15 -8 9 8 28 10 48 6 28 -5 39 -1 70 26 30 26 39 42 43 78 7 53 -7 75
-52 83 -32 6 -32 6 -43 -53z"/>
<path d="M590 1080 c0 -12 59 -50 78 -50 19 0 14 30 -5 36 -10 3 -26 10 -35
15 -23 12 -38 11 -38 -1z"/>
<path d="M355 1851 c-32 -52 -65 -147 -65 -189 0 -19 8 -57 18 -84 19 -55 88
-138 115 -138 25 0 21 33 -8 60 -68 64 -85 178 -39 274 14 30 32 60 40 67 24
20 17 49 -11 49 -18 0 -32 -11 -50 -39z"/>
<path d="M218 1807 c-41 -105 -42 -200 0 -282 21 -43 58 -77 78 -73 29 5 25
21 -16 67 -65 72 -75 198 -21 266 28 37 28 65 -1 65 -18 0 -27 -10 -40 -43z"/>
<path d="M466 1598 c4 -13 8 -36 9 -51 2 -34 28 -62 49 -54 20 8 21 27 2 27
-20 0 -31 21 -16 30 9 6 7 15 -11 39 -27 36 -43 41 -33 9z"/>
<path d="M2498 1494 c-10 -21 -9 -27 3 -35 8 -5 17 -9 21 -9 12 0 30 41 24 56
-9 23 -35 16 -48 -12z"/>
<path d="M3308 1463 c-23 -6 -23 -6 10 -41 15 -16 34 -40 43 -52 21 -31 49
-21 49 18 0 45 -57 87 -102 75z"/>
<path d="M2434 1445 c-7 -18 3 -35 20 -35 14 0 28 35 18 44 -10 11 -33 6 -38
-9z"/>
<path d="M2265 550 c-5 -9 101 -100 118 -100 22 0 -20 65 -59 91 -32 21 -50
24 -59 9z"/>
<path d="M166 461 c-3 -5 1 -11 9 -15 9 -3 15 0 15 9 0 16 -16 20 -24 6z"/>
<path d="M1223 454 c-12 -32 11 -49 69 -52 47 -2 57 -6 66 -27 16 -35 69 -35
78 -1 8 35 -2 46 -41 46 -27 0 -34 4 -37 23 -3 20 -9 22 -66 25 -51 2 -63 0
-69 -14z"/>
<path d="M1531 361 c-13 -23 -5 -48 19 -61 23 -12 53 19 48 52 -4 31 -52 38
-67 9z"/>
<path d="M1716 334 c-34 -34 -9 -78 41 -72 23 2 29 9 31 33 6 46 -40 71 -72
39z"/>
<path d="M1128 318 c-8 -24 4 -48 24 -48 15 0 19 6 16 27 -3 29 -33 44 -40 21z"/>
<path d="M501 246 c-19 -22 -5 -96 18 -96 44 0 55 54 18 89 -21 19 -26 20 -36
7z"/>
<path d="M261 236 c-14 -16 -4 -66 12 -66 6 0 19 7 29 17 17 15 19 15 36 0 25
-23 120 -24 128 -2 14 35 -43 60 -99 44 -20 -6 -38 -4 -58 6 -34 18 -34 18
-48 1z"/>
<path d="M3196 1158 c4 -81 3 -83 -27 -114 -20 -20 -29 -39 -26 -48 5 -14 13
-12 49 11 24 14 61 46 82 70 l39 43 -26 58 c-24 52 -29 57 -60 60 l-35 3 4
-83z"/>
<path d="M2988 1192 c-26 -17 -26 -18 -7 -30 16 -10 18 -19 13 -51 -5 -34 -3
-43 19 -65 32 -32 42 -32 72 -1 28 28 31 61 11 120 -12 35 -18 40 -48 42 -18
1 -45 -6 -60 -15z"/>
<path d="M3610 1021 c0 -11 26 -22 34 -14 3 3 3 10 0 14 -7 12 -34 11 -34 0z"/>
<path d="M3776 384 c-10 -26 -7 -144 4 -144 25 0 48 128 27 149 -15 15 -24 14
-31 -5z"/>
<path d="M4463 3722 c-98 -2 -114 -5 -123 -21 -6 -13 -10 -562 -10 -1588 l-1
-1568 32 -28 c29 -27 35 -28 93 -22 33 4 68 13 77 21 23 21 33 18 86 -28 100
-86 225 -115 289 -66 38 29 44 38 44 70 0 34 41 58 97 58 52 0 113 18 113 34
0 15 -42 36 -73 36 -12 -1 -33 -7 -47 -15 -68 -39 -86 -9 -99 160 -10 143 -5
164 33 142 25 -13 65 -58 145 -160 41 -52 54 -77 55 -104 1 -23 9 -45 24 -60
13 -13 29 -38 37 -56 27 -65 108 -117 180 -116 29 0 54 29 120 137 27 45 51
78 60 84 16 12 113 7 131 -7 15 -10 15 -14 1 -41 -8 -16 -34 -42 -57 -59 -82
-60 -90 -67 -90 -80 0 -27 27 -37 59 -21 16 9 42 16 56 16 15 0 35 5 46 11 12
6 28 7 37 3 38 -16 145 -15 192 2 44 16 49 16 71 0 13 -9 38 -16 56 -16 17 0
35 -4 38 -10 3 -5 39 -10 80 -10 72 0 75 -1 120 -40 31 -27 56 -40 75 -40 19
0 35 -9 48 -25 17 -22 28 -25 80 -25 34 0 63 4 66 8 11 17 -25 50 -61 57 -44
8 -93 40 -93 61 0 8 -10 14 -23 14 -13 0 -32 7 -43 15 -10 8 -27 15 -36 15
-10 0 -19 11 -23 30 -6 27 0 36 54 91 58 59 81 68 81 29 0 -31 -11 -50 -30
-50 -19 0 -50 -30 -50 -48 0 -20 17 -14 48 18 17 16 39 30 50 30 28 0 54 -34
50 -67 -2 -23 -7 -28 -28 -25 -28 2 -58 -13 -47 -24 4 -4 24 -3 45 2 34 9 40
8 77 -26 22 -19 55 -46 73 -59 40 -30 40 -40 2 -54 -16 -6 -30 -15 -30 -18 0
-31 89 -61 115 -39 36 30 9 105 -50 143 -57 36 -61 61 -7 53 55 -10 186 -11
200 -2 22 13 13 26 -18 26 -17 0 -33 6 -36 13 -2 7 -30 26 -60 42 -59 31 -78
53 -68 80 6 14 15 16 53 10 55 -8 53 -7 55 -42 2 -41 30 -77 53 -68 17 6 16 8
-4 22 -32 22 -29 45 12 81 30 28 33 35 25 58 -11 29 0 58 26 68 27 10 37 -5
31 -50 -2 -25 -1 -46 3 -49 4 -3 25 2 46 11 29 12 43 13 61 5 35 -16 58 1 73
53 7 25 21 53 31 62 26 23 24 34 -6 34 -28 0 -32 12 -11 29 8 7 17 23 20 36 6
25 39 35 51 15 3 -5 21 -10 39 -10 18 0 40 -6 50 -13 16 -12 16 -14 2 -26 -27
-23 -18 -29 25 -19 26 7 44 7 50 1 16 -16 -2 -44 -32 -50 -16 -3 -32 -9 -35
-14 -6 -10 22 -79 33 -79 18 0 84 85 80 102 -7 23 24 24 61 1 38 -24 52 -43
52 -74 0 -36 22 -54 49 -39 25 13 27 35 6 56 -20 21 -19 35 5 41 26 7 126 59
228 118 81 47 85 50 170 178 118 177 125 186 140 192 8 3 18 2 23 -1 13 -7 0
-75 -17 -95 -8 -8 -14 -29 -14 -45 0 -50 -20 -103 -53 -141 -36 -41 -113 -93
-137 -93 -9 0 -25 -7 -36 -15 -16 -13 -17 -16 -4 -25 18 -12 69 -3 91 16 8 8
22 14 30 14 18 0 82 58 98 88 6 12 19 22 28 22 13 0 15 -8 10 -41 -6 -43 -48
-99 -75 -99 -25 0 -82 -32 -82 -46 0 -22 46 -16 90 11 58 37 74 34 66 -12 -3
-21 -6 -91 -6 -156 0 -134 -4 -140 -67 -110 -26 12 -56 17 -96 15 -38 -1 -68
3 -89 14 -23 12 -46 15 -80 11 -46 -6 -49 -5 -60 21 -6 15 -14 45 -17 67 -5
36 -9 40 -37 43 -27 3 -34 -2 -48 -30 -17 -33 -17 -33 10 -54 26 -22 26 -22 6
-33 -29 -16 -77 -14 -92 4 -16 19 -51 19 -97 0 -33 -14 -38 -14 -68 5 -26 16
-42 19 -73 14 -39 -6 -41 -5 -55 29 -8 19 -20 38 -26 41 -16 11 -13 35 8 62
11 14 17 33 14 49 -4 20 -11 25 -35 25 -27 0 -29 -2 -23 -34 6 -27 2 -38 -19
-61 -32 -34 -33 -47 -3 -60 17 -8 22 -18 20 -44 -2 -49 -16 -57 -52 -32 -43
31 -66 24 -68 -19 -1 -19 -2 -41 -2 -48 -1 -18 -61 -52 -92 -52 -36 0 -51 21
-47 67 3 32 0 38 -17 41 -12 2 -31 -8 -44 -22 l-23 -24 21 -11 c12 -7 21 -20
21 -31 0 -10 7 -23 17 -28 10 -6 14 -16 10 -26 -5 -12 -20 -16 -61 -16 -41 0
-55 -4 -60 -17 -10 -25 10 -40 34 -25 23 14 50 16 50 3 0 -5 6 -16 14 -23 12
-12 29 -11 114 6 l101 20 25 -23 c24 -22 25 -23 93 -9 46 10 78 12 94 6 13 -5
87 -8 164 -7 89 1 182 -5 255 -15 168 -25 180 -25 197 1 13 19 12 24 -7 43
-18 18 -29 21 -58 15 -21 -4 -43 -11 -50 -17 -9 -8 -20 -3 -40 17 -25 25 -32
27 -81 22 -38 -4 -63 -1 -83 9 -21 11 -44 13 -87 8 -46 -5 -64 -3 -85 11 -24
16 -31 16 -106 1 -101 -20 -146 -21 -154 -1 -4 11 -20 15 -55 15 -27 0 -52 4
-55 9 -8 12 103 93 119 87 7 -2 31 0 54 5 26 6 48 6 59 0 10 -5 76 -12 148
-16 71 -3 167 -10 214 -16 47 -5 126 -12 175 -15 50 -3 95 -10 100 -14 6 -4
61 -9 123 -11 l113 -4 -1 1615 c0 1379 -2 1617 -15 1629 -12 12 -276 14 -1817
15 -992 1 -1854 0 -1915 -2z m1100 -89 c-3 -7 -9 -13 -14 -13 -11 0 -12 44 -2
54 9 9 22 -25 16 -41z m1215 35 c54 3 65 -18 28 -53 -33 -30 -40 -31 -65 -3
-17 18 -25 20 -53 12 -20 -6 -34 -17 -36 -29 -2 -11 -10 -27 -17 -35 -14 -16
-19 -44 -17 -101 2 -27 13 -48 51 -90 l48 -54 75 0 c65 0 80 3 115 28 22 15
49 47 62 72 12 25 27 45 32 45 14 0 11 -82 -7 -150 -17 -67 -13 -110 11 -110
28 0 46 48 59 156 15 118 10 145 -26 141 -17 -1 -28 9 -50 48 -32 58 -35 90
-10 104 9 5 52 10 96 12 66 3 80 1 90 -13 9 -14 6 -21 -12 -33 -31 -22 -29
-55 3 -55 19 0 25 -5 25 -23 0 -13 -4 -27 -8 -32 -18 -20 -32 -120 -23 -158
16 -69 72 -108 125 -88 30 12 58 -11 32 -26 -17 -10 -66 -72 -66 -85 0 -4 9
-8 20 -8 11 0 20 5 20 10 0 22 16 8 25 -22 8 -27 16 -34 45 -38 25 -4 36 -11
38 -25 7 -51 14 -64 33 -70 13 -4 27 -1 39 10 18 16 19 16 32 -4 16 -26 40
-27 63 -1 10 11 22 20 27 20 5 0 21 8 36 18 15 11 46 31 70 47 24 16 42 35 42
46 0 24 -21 24 -70 -1 -65 -33 -66 10 0 55 45 32 53 46 40 81 -6 14 -10 41
-10 60 0 40 -13 43 -67 14 -21 -11 -43 -20 -50 -20 -19 0 -26 -19 -13 -35 7
-8 25 -15 39 -15 15 0 35 -6 45 -13 16 -12 16 -14 -3 -31 -17 -16 -24 -16 -55
-5 -47 17 -55 6 -28 -41 28 -49 28 -90 1 -119 -25 -26 -39 -15 -39 32 0 37
-27 35 -35 -3 -8 -37 -17 -43 -38 -27 -15 11 -15 16 8 62 13 28 25 53 25 58 0
17 -38 5 -60 -18 -28 -30 -65 -30 -66 0 0 11 -4 28 -8 38 -13 28 0 45 41 52
59 10 66 13 100 42 35 31 63 91 63 135 0 33 -26 89 -46 101 -22 13 -16 24 16
36 22 7 32 18 36 41 4 17 16 36 27 41 21 12 461 8 473 -4 16 -15 -7 -37 -39
-37 -36 0 -64 -21 -52 -40 3 -5 15 -10 26 -10 26 0 79 -52 79 -78 0 -11 -6
-25 -14 -31 -11 -10 -21 -6 -49 19 -19 16 -42 30 -51 30 -18 0 -22 -25 -6 -35
6 -4 19 -24 30 -46 18 -34 25 -39 55 -39 66 0 95 83 55 155 -17 31 -19 42 -10
75 12 43 44 70 63 51 7 -7 10 -359 9 -1168 l-2 -1158 -25 -3 c-15 -2 -25 -10
-25 -19 0 -9 -11 -31 -25 -49 -14 -18 -25 -39 -25 -47 0 -7 -16 -31 -35 -53
-20 -21 -59 -74 -88 -117 -51 -76 -134 -147 -172 -147 -20 0 -19 26 3 48 16
16 68 93 106 155 9 15 39 44 66 65 53 40 58 52 35 76 -22 22 -19 26 19 26 38
0 96 41 96 68 0 22 -30 52 -51 52 -16 0 -81 -70 -132 -144 -13 -19 -28 -26
-59 -28 -35 -2 -46 -9 -64 -36 l-22 -32 -36 50 c-20 27 -51 60 -71 72 -32 21
-48 60 -27 71 15 8 190 -19 205 -32 9 -7 23 -11 32 -8 15 6 45 68 45 94 0 22
-29 27 -50 8 -11 -10 -24 -14 -32 -9 -21 13 -98 11 -163 -4 -57 -14 -60 -14
-73 7 -11 16 -25 21 -56 21 -22 0 -52 7 -66 15 -14 8 -35 19 -47 24 -11 5 -24
15 -28 20 -8 13 -52 14 -59 2 -10 -16 49 -57 100 -70 27 -7 55 -15 62 -17 21
-6 14 -44 -9 -44 -11 0 -42 -9 -68 -20 -44 -19 -47 -23 -43 -53 2 -22 -2 -38
-12 -46 -9 -8 -16 -18 -16 -23 0 -6 -13 -29 -29 -53 -16 -24 -32 -53 -36 -64
-11 -36 -25 -23 -25 23 0 26 6 48 15 56 8 7 15 21 15 31 0 11 4 19 8 19 10 0
46 60 39 66 -18 18 -77 -56 -111 -140 -22 -53 -21 -76 4 -76 27 0 25 -19 -11
-95 -26 -55 -34 -65 -56 -65 l-25 0 7 103 c6 79 12 107 26 123 11 11 19 27 19
36 0 8 9 27 20 41 11 14 20 30 20 36 0 6 16 25 35 42 37 34 46 69 19 69 -17 0
-84 -67 -84 -83 0 -5 -11 -20 -25 -33 -22 -21 -27 -22 -32 -8 -3 9 0 26 8 38
9 14 14 54 15 119 1 91 3 100 31 140 16 23 33 49 37 57 23 52 65 105 84 108
22 3 141 -49 165 -72 8 -8 36 -28 64 -45 69 -42 139 -44 181 -3 59 56 72 99
72 239 0 103 -4 136 -21 184 -36 97 -113 169 -183 169 -37 0 -114 -56 -133
-96 -10 -21 -26 -42 -36 -48 -24 -15 -69 11 -82 49 -5 17 -14 33 -20 37 -19
14 -59 8 -81 -13 -26 -25 -44 -18 -44 17 0 20 5 24 29 24 18 0 34 8 42 20 24
36 107 50 299 50 133 1 179 4 193 15 12 8 31 11 53 8 27 -5 40 -1 59 17 30 28
32 59 5 90 -11 13 -20 24 -20 25 0 1 9 12 20 25 37 42 20 76 -43 89 -25 5 -33
12 -35 34 -4 36 -32 49 -90 41 -37 -5 -51 -2 -61 10 -17 20 -51 21 -77 2 -13
-10 -19 -26 -19 -53 0 -38 -1 -38 -45 -44 -25 -3 -50 -4 -56 -2 -21 8 -52 78
-51 115 0 20 -8 61 -18 92 -17 50 -18 58 -4 71 14 14 18 14 45 0 16 -8 37 -15
46 -15 22 0 32 -38 24 -89 -4 -27 -2 -42 8 -51 12 -9 18 -6 30 19 9 16 16 43
16 58 0 37 -60 134 -79 128 -18 -7 -51 23 -51 45 0 30 -29 88 -52 104 -30 21
-108 22 -108 1 0 -16 6 -19 51 -29 15 -3 37 -14 50 -25 22 -17 23 -21 9 -46
-19 -36 -69 -62 -81 -43 -5 7 -9 16 -9 20 0 3 -16 12 -36 18 -22 7 -39 21 -44
36 -7 18 -17 24 -40 24 -22 0 -40 9 -61 33 -29 32 -30 32 -117 30 -48 -1 -107
-7 -132 -13 -25 -6 -56 -14 -70 -17 -13 -4 -50 -21 -81 -40 -67 -39 -102 -46
-107 -21 -2 12 14 29 53 53 82 53 143 69 265 69 l105 1 3 26 c4 32 -57 90
-132 125 -63 29 -158 32 -231 7 -49 -18 -135 -88 -135 -112 0 -18 30 -26 49
-13 40 29 94 52 153 67 62 16 67 16 123 -4 32 -11 66 -28 77 -38 27 -24 8 -38
-33 -24 -102 36 -266 -15 -333 -102 -33 -43 -33 -53 4 -66 17 -5 30 -14 30
-19 0 -17 -34 -51 -55 -54 -17 -3 -20 3 -23 40 -4 48 -14 52 -56 18 -35 -29
-30 -53 14 -69 34 -13 37 -29 15 -84 -8 -21 -14 -51 -12 -68 2 -34 -20 -43
-66 -26 -30 12 -34 33 -13 77 8 16 17 48 21 72 l7 42 -40 0 c-27 0 -42 -5 -46
-16 -11 -28 -6 -84 9 -114 13 -26 13 -30 -1 -45 -9 -9 -26 -15 -38 -14 -39 3
-66 -1 -66 -9 0 -4 23 -18 50 -29 51 -22 62 -41 35 -63 -8 -7 -15 -20 -15 -29
0 -9 -7 -28 -14 -43 -8 -15 -15 -42 -15 -60 0 -58 -13 -117 -27 -129 -8 -6
-14 -18 -14 -25 0 -8 -9 -31 -20 -51 -11 -21 -20 -43 -20 -49 0 -6 -9 -19 -20
-29 -11 -10 -23 -34 -26 -54 -11 -60 -87 -196 -112 -199 -12 -2 -22 -2 -22 0
0 2 7 25 15 51 8 27 17 92 21 145 3 53 10 105 15 114 5 10 7 28 3 42 -4 19 1
29 31 51 19 15 51 56 70 90 35 62 35 62 35 193 0 114 3 137 21 172 18 33 19
45 10 71 -15 44 -14 76 4 83 8 3 20 17 25 31 9 22 15 25 63 25 54 0 97 20 97
45 0 22 -36 27 -69 11 -17 -9 -39 -16 -50 -16 -17 0 -19 5 -14 35 5 31 3 35
-15 35 -21 0 -52 -24 -52 -41 0 -16 -30 -10 -47 11 -12 14 -20 16 -29 9 -17
-14 -9 -33 29 -71 30 -29 30 -31 12 -44 -26 -20 -38 -18 -65 11 -34 36 -58 33
-62 -7 -2 -25 -9 -35 -31 -42 -25 -9 -31 -6 -59 22 -35 38 -65 39 -60 2 9 -65
5 -82 -23 -105 l-29 -22 17 -77 c10 -43 23 -89 31 -104 19 -38 62 -203 76
-297 15 -94 8 -115 -44 -140 -46 -22 -76 -52 -76 -76 0 -34 29 -34 61 0 34 38
65 38 61 1 -1 -14 -6 -69 -10 -122 -8 -109 -15 -124 -56 -108 -47 17 -65 12
-87 -25 -20 -33 -49 -48 -49 -24 0 5 -22 34 -48 62 -26 29 -55 68 -64 88 -23
52 -74 107 -120 130 -39 20 -78 70 -78 100 0 9 9 24 20 34 31 28 27 88 -7 115
-15 11 -34 19 -42 18 -26 -5 -24 -42 4 -68 14 -13 25 -32 25 -42 0 -26 -38
-23 -60 4 -34 42 -161 20 -178 -32 -4 -10 2 -11 24 -6 103 26 154 11 154 -43
0 -34 -19 -42 -63 -28 -57 19 -226 -20 -317 -73 -69 -40 -100 -70 -159 -153
-19 -25 -38 -44 -42 -41 -13 8 -11 64 2 64 20 0 4 53 -22 73 -25 18 -28 18
-51 3 -33 -22 -58 -11 -58 24 0 15 -9 35 -20 45 -37 33 -77 -1 -105 -89 -5
-18 -6 -18 -28 3 -32 29 -48 26 -75 -13 -19 -28 -21 -38 -13 -55 6 -11 11 -26
11 -33 0 -15 -58 -63 -67 -55 -10 11 -4 1712 7 1741 10 27 13 28 55 21 37 -5
45 -3 45 10 0 17 -41 37 -77 37 -28 1 -41 35 -21 55 13 12 22 11 72 -11 31
-14 59 -32 62 -41 8 -19 44 -20 44 0 0 7 -7 18 -16 23 -9 5 -15 14 -13 21 3 8
87 12 317 12 265 0 316 -3 335 -16 12 -8 34 -15 50 -15 26 0 28 -3 22 -22 -19
-58 -17 -97 6 -134 29 -48 74 -67 122 -52 29 9 42 8 71 -6 31 -15 39 -15 69
-3 44 19 85 69 93 114 5 29 2 46 -14 74 -29 51 -16 60 97 63 85 3 91 2 91 -16
0 -11 -9 -22 -20 -25 -15 -4 -20 -13 -18 -36 2 -18 -3 -32 -11 -35 -22 -7 -83
-64 -113 -106 -39 -54 -38 -109 2 -157 51 -62 117 -82 186 -57 27 10 35 8 60
-9 38 -27 101 -53 129 -53 12 0 42 13 66 30 24 16 53 30 65 30 11 0 38 15 59
33 34 29 39 39 43 89 3 45 0 64 -16 90 -35 58 -36 73 -3 104 33 31 32 44 -4
44 -13 0 -30 7 -39 15 -18 19 -56 20 -56 2 0 -8 11 -24 25 -37 13 -12 22 -27
19 -31 -10 -16 -43 -9 -54 11 -16 31 -49 25 -64 -11 -7 -18 -30 -40 -52 -53
-38 -21 -39 -24 -39 -75 -1 -37 -5 -55 -17 -62 -10 -5 -14 -17 -11 -34 7 -33
-17 -42 -68 -25 -34 12 -41 11 -57 -3 -30 -27 -65 -21 -105 20 -27 27 -37 45
-37 68 0 33 35 85 58 85 17 0 15 -15 -3 -30 -19 -16 -19 -44 1 -60 12 -11 17
-11 28 1 19 20 36 76 36 116 0 23 5 35 18 40 48 16 101 46 96 54 -3 5 -23 9
-45 9 -60 0 -49 28 21 51 48 16 92 18 363 19 l307 0 10 -25 c11 -28 35 -33 44
-10 9 25 69 56 91 48 11 -4 39 -6 63 -5z m-1328 -18 c6 -11 19 -20 30 -20 10
0 25 -7 34 -15 8 -8 23 -15 33 -15 44 0 55 -46 26 -99 -22 -39 -61 -45 -94
-15 -18 16 -65 19 -74 4 -10 -16 -41 -11 -59 9 -21 23 -13 41 18 41 15 0 26
10 37 34 15 34 15 35 -4 38 -31 5 -31 25 0 42 37 20 40 20 53 -4z m1465 -15
c0 -21 -5 -31 -19 -33 -22 -5 -36 13 -36 46 0 20 4 23 28 20 23 -2 27 -8 27
-33z m592 13 c12 -12 13 -20 4 -37 -14 -26 -23 -26 -46 -1 -26 29 -50 25 -79
-12 -26 -35 -92 -76 -103 -64 -4 3 -1 12 5 18 7 7 12 20 12 30 0 15 -5 17 -27
12 -16 -4 -36 -11 -45 -15 -29 -15 -39 -10 -36 17 3 28 27 40 113 61 60 15
183 9 202 -9z m-653 -73 c15 -8 37 -15 47 -15 10 0 24 -9 32 -20 16 -22 12
-34 -42 -122 l-23 -38 -72 0 c-64 0 -75 3 -95 24 -29 31 -24 62 8 58 26 -3 54
15 45 29 -3 5 -16 9 -29 9 -28 0 -62 40 -43 51 7 4 24 1 39 -7 38 -19 42 -18
62 16 20 34 30 36 71 15z m594 -51 l34 -27 -6 -76 c-9 -91 -22 -113 -47 -80
-16 22 -18 22 -43 6 -14 -9 -36 -17 -49 -17 -13 0 -32 -7 -43 -15 -32 -24 -60
-18 -83 19 -25 40 -25 54 -2 126 11 34 25 56 35 58 15 3 16 -2 10 -35 -3 -21
-13 -45 -20 -54 -16 -18 -18 -55 -4 -64 5 -3 19 -1 30 5 16 9 20 21 20 69 l0
58 53 25 c67 33 73 33 115 2z m-1275 -56 c23 -18 39 -109 26 -148 -10 -26 -16
-30 -48 -30 -29 0 -44 -7 -64 -30 -22 -24 -35 -30 -66 -30 -52 0 -59 14 -20
42 45 33 72 91 64 138 -5 28 -2 42 10 54 19 19 74 21 98 4z m835 -547 c11 -7
10 -10 -3 -15 -9 -3 -27 -6 -39 -6 -23 0 -111 -29 -136 -45 -40 -26 -87 -45
-108 -45 -65 0 34 81 117 95 22 4 43 11 47 16 7 11 104 12 122 0z m-6 -66 c-4
-16 -169 -95 -198 -95 -32 0 9 40 76 75 62 31 128 42 122 20z m-848 -18 c16
-12 19 -28 18 -117 -1 -120 -12 -142 -36 -73 -38 107 -46 169 -24 191 15 15
20 15 42 -1z m983 -36 c17 -11 53 -21 80 -23 44 -3 48 -5 45 -26 -1 -16 4 -25
17 -29 22 -5 45 -56 55 -119 6 -32 3 -49 -13 -78 -25 -44 -25 -46 -6 -46 8 0
19 -9 25 -19 5 -11 19 -22 29 -26 11 -3 22 -13 25 -21 10 -25 -30 -96 -81
-145 -75 -73 -121 -91 -238 -96 -55 -2 -110 -9 -122 -15 -18 -9 -29 -5 -68 26
-27 20 -54 36 -61 36 -8 0 -14 5 -14 10 0 6 -5 10 -11 10 -11 0 -85 56 -121
93 -27 26 -22 59 12 89 17 14 30 31 30 37 0 15 -30 13 -60 -4 -104 -60 -184
71 -134 218 20 58 82 117 123 117 36 0 91 -44 91 -72 0 -11 -13 -36 -30 -55
-37 -42 -40 -73 -6 -73 18 0 40 18 78 60 29 34 63 63 75 66 12 3 27 12 34 20
6 8 20 14 31 14 17 0 19 -4 13 -22 -4 -13 -10 -42 -12 -65 -6 -48 -16 -54 -34
-21 l-12 22 -9 -23 c-6 -17 -3 -32 10 -55 23 -39 48 -42 44 -3 -4 32 17 37 36
7 13 -21 52 -28 52 -8 0 6 -7 19 -15 28 -9 10 -18 40 -21 67 -6 46 -4 53 26
86 26 30 60 49 100 56 3 1 19 -8 37 -18z m-1110 -38 c4 -10 17 -31 31 -48 21
-26 23 -35 18 -86 l-7 -56 31 -6 c28 -6 30 -9 30 -52 0 -25 -4 -53 -9 -63 -4
-9 -13 -30 -18 -47 -6 -16 -14 -38 -18 -47 -5 -13 -3 -18 8 -18 8 0 17 6 20
13 2 6 7 9 11 6 9 -8 -48 -112 -60 -108 -5 2 -9 23 -9 46 -1 30 -7 47 -19 56
-14 10 -20 31 -24 70 -4 49 -1 58 20 80 38 38 46 69 10 34 -25 -24 -33 -27
-51 -18 -31 17 -39 78 -16 133 5 13 2 15 -14 11 -27 -7 -37 18 -24 60 13 47
77 75 90 40z m404 -210 c41 -24 47 -52 18 -74 -19 -14 -21 -19 -9 -23 8 -3 24
-4 34 -3 14 1 23 -7 30 -26 9 -26 8 -31 -19 -50 -16 -12 -45 -31 -64 -42 -19
-11 -50 -40 -69 -65 -31 -40 -34 -49 -29 -93 4 -31 15 -59 32 -79 14 -17 29
-43 32 -59 3 -19 12 -29 27 -31 24 -3 36 -38 12 -38 -8 0 -19 7 -24 16 -6 10
-14 14 -22 9 -19 -12 -50 -95 -44 -119 4 -18 1 -25 -17 -29 -19 -5 -21 -11
-16 -47 4 -33 2 -42 -14 -50 -14 -8 -19 -22 -19 -53 0 -30 -6 -48 -20 -60 -24
-20 -28 -94 -6 -103 16 -6 19 -91 4 -100 -4 -3 -8 2 -8 11 0 9 -5 26 -11 37
-15 27 -29 7 -29 -42 0 -20 -6 -45 -14 -56 -8 -11 -19 -39 -25 -62 -7 -23 -18
-42 -25 -42 -7 0 -20 -8 -30 -19 -18 -20 -11 -31 28 -45 15 -5 17 -13 12 -44
-3 -20 -6 -49 -6 -64 0 -20 -7 -28 -31 -37 -34 -12 -33 -18 14 -64 23 -24 7
-47 -34 -47 -40 0 -43 -13 -9 -45 54 -52 26 -74 -46 -36 -36 20 -64 19 -64 -3
0 -6 22 -21 48 -33 27 -12 56 -31 65 -41 15 -17 15 -20 0 -55 -20 -43 -40 -47
-73 -12 -13 14 -48 36 -77 50 -55 25 -62 37 -38 69 17 22 34 101 43 195 6 55
11 68 29 76 33 14 36 33 7 51 -21 14 -24 22 -18 53 4 20 15 51 26 69 16 27 18
38 9 63 -10 28 -8 31 24 51 24 13 35 27 35 43 0 14 13 34 30 48 32 28 37 46
18 76 -9 14 -8 23 5 42 26 36 21 58 -18 80 -19 12 -35 29 -35 38 0 21 29 82
46 96 13 11 104 161 104 171 0 4 9 25 19 48 30 63 71 179 71 201 1 11 7 31 15
45 8 14 14 37 15 52 0 15 7 49 16 75 9 26 16 63 16 82 -2 60 26 75 79 44z
m1191 -38 c9 -20 8 -31 -2 -50 -19 -35 -27 -31 -35 15 -10 60 15 84 37 35z
m128 -18 c0 -22 -30 -57 -50 -57 -28 0 -33 16 -14 45 17 26 64 35 64 12z m83
-53 c7 -8 -11 -46 -27 -56 -19 -13 -46 -9 -53 8 -10 28 59 69 80 48z m-283
-49 c14 -43 35 -45 49 -5 5 17 15 30 21 30 23 0 99 -52 125 -86 21 -28 30 -33
41 -23 17 14 44 5 44 -16 0 -15 -11 -19 -40 -15 -8 1 -32 -4 -53 -11 -37 -12
-40 -12 -57 11 l-18 24 -31 -33 c-26 -28 -33 -31 -51 -21 -17 9 -29 9 -50 0
-16 -7 -34 -9 -40 -5 -17 10 10 37 32 32 14 -4 18 1 18 24 0 42 -39 39 -90 -7
-46 -42 -60 -39 -38 8 55 120 50 115 120 127 3 0 12 -15 18 -34z m-990 -28 c0
-20 -25 1 -28 24 -2 23 -2 23 13 5 8 -11 15 -24 15 -29z m71 -30 c29 -23 53
-67 41 -79 -17 -17 -102 53 -102 84 0 12 43 9 61 -5z m-108 -56 c55 -28 67
-40 67 -68 0 -23 3 -25 28 -18 15 3 57 9 94 12 61 5 69 3 102 -22 40 -30 49
-61 16 -52 -15 4 -24 -4 -41 -39 -12 -24 -35 -56 -51 -71 -15 -15 -28 -33 -28
-40 0 -7 -11 -13 -25 -13 -28 0 -34 24 -9 34 9 3 14 15 12 28 -2 19 -11 24
-43 28 -22 3 -52 13 -67 23 -21 14 -31 16 -47 8 -28 -16 -59 -14 -91 6 -34 20
-50 52 -50 100 0 28 8 42 37 69 43 40 47 40 96 15z m446 -178 c9 -17 11 -17
39 0 40 23 57 22 96 -8 23 -17 46 -25 74 -25 38 0 42 -2 42 -25 0 -31 -19 -41
-98 -49 -57 -6 -65 -5 -97 19 -19 15 -37 36 -40 46 -6 17 -12 19 -38 14 -18
-4 -39 -15 -49 -26 -16 -19 -58 -27 -58 -11 0 5 15 25 33 45 36 40 79 49 96
20z m673 -7 c14 -20 8 -35 -24 -72 -32 -36 -33 -41 -36 -139 -4 -122 8 -174
54 -224 87 -97 -17 -88 -124 10 -42 38 -70 54 -130 73 -53 16 -76 28 -73 37
16 61 12 98 -13 135 -14 21 -26 47 -26 58 0 17 5 18 53 12 81 -11 97 -26 97
-91 0 -42 5 -60 21 -76 37 -37 44 -21 44 98 0 104 1 112 28 151 16 22 36 43
45 45 24 7 76 -4 84 -17z m-2142 -104 c16 -19 33 -30 41 -27 19 7 64 -39 54
-55 -4 -6 -13 -9 -20 -6 -15 5 -77 -23 -115 -53 -21 -17 -22 -21 -10 -35 9
-12 16 -14 24 -6 13 13 53 13 61 0 11 -17 24 -11 31 15 10 42 74 28 74 -16 0
-10 11 -20 28 -24 46 -11 82 -53 82 -97 0 -65 -55 -154 -128 -205 -47 -34 -69
-30 -81 15 -17 60 -13 77 32 132 61 76 61 76 54 93 -6 15 -11 15 -58 1 -60
-18 -101 -13 -176 21 -34 15 -57 33 -68 54 -17 34 -32 38 -61 17 -15 -12 -17
-17 -6 -27 16 -18 15 -109 -2 -151 -45 -107 -24 -187 58 -226 55 -26 53 -36
-17 -62 l-42 -16 -38 33 c-20 18 -43 33 -51 33 -15 0 -97 86 -134 140 -13 19
-38 49 -55 65 -52 49 -127 146 -127 162 0 9 16 31 36 49 61 58 143 41 160 -33
11 -50 14 -54 36 -51 18 2 22 10 22 42 1 35 6 43 46 72 31 22 52 30 68 27 21
-5 22 -3 16 35 -13 82 36 119 157 118 79 -1 82 -2 109 -34z m1075 9 c3 -10 1
-41 -5 -71 -5 -29 -10 -69 -10 -89 -1 -20 -8 -54 -16 -76 -8 -22 -19 -69 -24
-105 -5 -36 -14 -90 -20 -120 -6 -30 -10 -125 -9 -210 2 -256 1 -287 -10 -307
-7 -14 -7 -23 1 -31 10 -10 32 -107 45 -195 14 -98 -32 -76 -67 33 -24 74 -28
128 -12 156 7 13 7 25 0 37 -12 24 -11 473 2 497 12 22 -3 43 -26 38 -30 -5
-46 -86 -39 -194 5 -82 4 -92 -15 -109 -25 -23 -25 -33 2 -62 21 -22 21 -23 3
-43 -14 -16 -31 -20 -82 -20 l-63 0 0 36 c0 19 -7 42 -15 50 -17 17 -21 129
-6 139 16 10 24 -15 24 -81 0 -62 12 -87 21 -41 2 12 9 47 16 77 6 30 15 78
19 105 5 28 13 64 19 80 26 71 52 163 52 181 0 11 9 36 20 57 11 20 20 52 20
71 0 18 6 39 14 45 14 12 46 98 46 125 0 17 78 56 97 49 7 -3 15 -13 18 -22z
m413 -14 c28 -26 28 -48 1 -73 -56 -51 -90 -194 -47 -202 13 -2 21 9 32 47 23
79 86 160 148 192 51 26 65 24 105 -16 41 -41 43 -78 3 -84 -36 -5 -74 -35
-117 -93 -62 -85 -104 -177 -102 -223 3 -60 1 -65 -24 -65 -28 0 -86 85 -94
138 -3 20 -12 56 -20 80 -11 28 -14 61 -10 101 2 32 1 64 -3 72 -14 22 -40 -9
-40 -47 0 -24 -6 -36 -22 -45 -13 -6 -24 -13 -26 -14 -2 -2 13 -25 32 -53 39
-54 45 -79 19 -89 -14 -6 -54 31 -104 95 -16 20 -6 47 19 50 20 3 23 8 18 28
-4 13 0 38 7 56 17 41 113 161 135 170 25 9 64 -2 90 -25z m721 -73 c15 -103
14 -199 -2 -213 -21 -17 -37 7 -37 54 0 22 -8 56 -18 75 -34 64 -6 202 34 169
6 -5 17 -43 23 -85z m-3045 50 c20 -8 21 -44 2 -69 -12 -16 -16 -17 -30 -6
-20 17 -22 81 -2 81 8 0 21 -3 30 -6z m2070 -89 c-48 -89 -82 -130 -121 -146
-16 -6 -23 -17 -23 -34 0 -14 -4 -25 -10 -25 -21 0 -9 43 30 104 22 35 43 78
47 97 3 19 18 43 32 54 23 19 82 45 89 40 2 -2 -18 -42 -44 -90z m-2169 13
c44 -38 27 -70 -23 -44 -27 14 -42 34 -42 57 0 17 40 9 65 -13z m230 12 c4 -6
-1 -24 -9 -42 -13 -25 -14 -39 -5 -71 11 -40 79 -148 125 -198 13 -14 24 -29
24 -35 0 -23 -51 -62 -92 -69 -37 -7 -44 -5 -58 14 -56 80 -96 125 -123 140
-51 27 -77 57 -77 91 0 67 51 120 115 120 23 0 37 5 40 15 3 8 7 22 10 30 5
17 41 20 50 5z m2454 -108 c18 -33 -66 -179 -96 -168 -8 3 -15 -5 -19 -22 -12
-55 -17 -67 -32 -84 -8 -10 -27 -18 -41 -18 -22 1 -24 2 -10 13 9 7 19 33 22
60 9 65 43 110 79 103 29 -6 38 7 38 53 0 24 32 81 45 81 3 0 9 -8 14 -18z
m-2704 -17 c0 -15 -8 -21 -34 -23 -38 -4 -57 9 -47 33 4 12 16 15 43 13 30 -2
38 -7 38 -23z m1355 -35 c0 -16 -4 -32 -10 -35 -5 -3 -10 -18 -10 -33 -1 -15
-7 -45 -15 -67 -8 -21 -12 -41 -10 -44 9 -8 43 30 49 55 9 36 50 30 54 -8 3
-24 8 -27 45 -30 35 -2 43 -7 45 -25 4 -28 -22 -31 -56 -7 -25 17 -52 13 -52
-10 0 -8 16 -23 35 -35 19 -11 35 -25 35 -31 0 -21 -45 -9 -66 17 -20 25 -24
26 -48 15 -15 -7 -40 -12 -55 -12 -15 0 -46 -13 -67 -28 -57 -41 -210 -132
-222 -132 -13 0 -21 21 -14 38 2 7 36 31 75 54 100 58 157 119 187 197 13 35
33 75 45 90 12 14 25 36 29 49 10 30 26 18 26 -18z m97 14 c3 -10 -4 -26 -20
-41 -15 -16 -31 -23 -41 -20 -21 8 -20 19 5 51 23 29 47 34 56 10z m-1559 -21
c6 -16 13 -46 16 -68 8 -60 57 -85 97 -49 16 14 20 13 57 -13 22 -16 63 -57
91 -91 76 -91 66 -141 -20 -96 -17 8 -44 14 -61 12 -29 -3 -32 -7 -46 -63 -12
-50 -13 -74 -4 -141 7 -44 12 -96 12 -116 0 -24 9 -47 30 -73 48 -60 35 -115
-27 -115 -22 0 -88 -65 -97 -97 -10 -34 10 -138 39 -194 29 -59 26 -96 -6 -79
-11 6 -41 10 -67 8 l-47 -3 -3 418 c-2 432 -2 437 37 403 27 -23 57 -28 71
-11 16 20 8 28 -49 45 -45 15 -77 50 -67 75 8 21 28 19 59 -6 43 -33 93 -36
143 -8 24 13 43 28 41 34 -4 10 -13 10 -97 -1 -63 -8 -117 16 -136 61 -14 34
-19 149 -8 179 9 25 30 19 42 -11z m2248 -21 c14 -8 35 -82 28 -94 -10 -15
-43 -8 -54 11 -11 22 -14 74 -3 84 8 9 15 9 29 -1z m-2148 -29 c-4 -35 -48
-48 -48 -14 0 18 23 40 43 41 5 0 7 -12 5 -27z m1510 -25 c-3 -25 -34 -36 -51
-19 -14 14 9 41 35 41 14 0 19 -6 16 -22z m229 -100 c-2 -13 -4 -3 -4 22 0 25
2 35 4 23 2 -13 2 -33 0 -45z m326 50 c54 -30 120 -46 144 -35 36 16 101 -9
120 -47 8 -17 31 -54 50 -82 l35 -51 59 18 c33 10 68 23 79 29 35 19 43 12 36
-27 -20 -125 -36 -328 -35 -458 1 -235 1 -242 -17 -249 -9 -3 -34 -1 -55 4
-38 11 -39 12 -40 58 0 26 -1 162 -2 302 -2 213 -5 260 -18 284 -13 23 -18 26
-25 15 -5 -8 -9 -112 -9 -232 0 -216 0 -219 -23 -237 -19 -16 -28 -17 -48 -8
-31 14 -30 35 3 70 25 26 26 29 13 69 -15 44 -42 69 -77 69 -29 0 -38 -17 -15
-29 37 -20 17 -141 -23 -141 -19 0 -65 -40 -65 -56 0 -18 54 -19 69 0 15 18
61 27 61 12 0 -6 -9 -19 -20 -29 -11 -9 -20 -24 -20 -33 0 -13 6 -15 31 -10
18 3 38 1 45 -5 18 -15 34 -3 34 27 0 29 16 30 50 4 l25 -19 -24 -25 c-14 -14
-30 -26 -37 -26 -13 0 -74 -65 -74 -80 0 -5 -7 -16 -16 -24 -12 -12 -20 -13
-35 -5 -11 5 -39 8 -62 4 -38 -5 -45 -2 -81 31 -29 27 -43 52 -57 103 -10 36
-19 81 -19 98 0 18 -4 33 -10 33 -5 0 -10 10 -9 23 l0 22 9 -22 c18 -46 50
-22 50 36 0 15 9 36 20 46 19 17 20 17 29 -9 13 -33 37 -33 73 1 32 31 35 43
10 43 -10 0 -27 7 -38 15 -34 26 -69 18 -99 -21 -15 -20 -34 -34 -43 -32 -14
3 -16 29 -13 238 1 129 7 239 12 245 5 5 9 23 9 41 0 33 8 64 17 64 2 0 14 -5
26 -12z m-1187 -22 c70 -33 96 -76 92 -153 -3 -52 -5 -58 -30 -67 -39 -14 -88
31 -109 98 -16 52 -17 53 -71 40 -22 -5 -28 -3 -28 10 0 39 48 95 80 96 8 0
38 -11 66 -24z m-392 -135 c20 -27 36 -55 36 -63 0 -19 -24 -39 -72 -61 -29
-13 -38 -22 -38 -42 0 -47 66 -27 133 40 20 20 42 35 49 33 7 -3 18 -24 25
-49 13 -43 35 -69 60 -69 7 0 10 6 7 15 -5 12 2 15 34 15 32 0 47 7 70 30 20
19 41 30 59 30 15 0 38 3 50 6 18 5 25 0 35 -21 11 -25 10 -29 -17 -52 -29
-26 -66 -28 -132 -7 -16 4 -23 2 -23 -7 -1 -32 -129 -119 -177 -119 -16 0 -67
11 -114 25 -46 13 -87 25 -91 25 -5 0 -8 -11 -8 -25 0 -31 -18 -32 -54 -4 -29
23 -69 22 -74 -2 -2 -10 18 -26 62 -47 68 -33 106 -39 244 -34 67 2 73 4 84
27 6 14 14 25 17 25 14 0 49 -68 41 -79 -11 -19 -287 -74 -332 -67 -61 10
-147 46 -182 77 -18 15 -42 48 -54 71 -28 59 -56 182 -48 214 6 24 10 26 49
20 23 -3 66 -9 95 -12 42 -5 57 -13 77 -36 15 -18 31 -28 40 -24 26 10 17 53
-20 93 -19 21 -35 41 -35 45 0 4 20 13 44 19 24 6 55 22 67 35 33 35 53 30 93
-25z m901 -11 c7 -11 -11 -120 -26 -160 -16 -42 -44 -52 -152 -55 -107 -3
-133 -13 -104 -42 15 -15 26 -16 108 -6 57 8 98 18 110 28 23 22 39 11 39 -24
0 -42 -23 -54 -109 -61 -68 -4 -76 -7 -79 -27 -2 -14 3 -23 17 -28 24 -7 89 3
97 16 8 14 41 10 47 -5 6 -15 -7 -120 -18 -148 -4 -9 -2 -25 4 -36 8 -15 7
-23 -3 -31 -7 -6 -16 -27 -19 -45 -3 -19 -14 -44 -24 -57 -47 -59 -60 -67
-118 -74 -63 -8 -81 2 -69 40 3 11 5 30 5 42 -1 31 13 36 47 19 35 -18 42 -13
42 31 0 31 2 34 23 27 38 -12 50 -10 62 12 6 12 17 29 24 38 17 21 7 33 -14
16 -8 -7 -24 -10 -36 -7 -31 8 -68 -9 -78 -36 -8 -21 -35 -36 -63 -37 -5 0 -8
29 -8 63 0 79 -19 120 -71 152 -62 40 -111 29 -185 -38 -44 -40 -68 -33 -72
20 -2 25 -11 48 -23 58 -28 26 -24 62 9 79 15 7 61 17 104 21 70 7 79 10 110
42 18 19 71 52 117 74 47 22 109 57 138 79 72 55 153 84 168 60z m1571 -165
c4 -8 12 -15 19 -15 7 0 19 -7 26 -16 7 -9 22 -20 34 -25 48 -22 140 -87 143
-101 2 -8 -20 -38 -47 -67 -53 -55 -107 -132 -138 -194 -15 -32 -22 -37 -44
-33 -15 3 -46 18 -70 34 -24 16 -70 39 -101 52 -32 13 -58 29 -58 35 0 16 29
69 83 152 26 40 58 95 73 123 33 64 68 87 80 55z m-1119 -177 c5 -7 8 -69 7
-138 l-3 -124 -38 -19 c-65 -33 -126 -121 -139 -200 -11 -69 -15 -77 -43 -91
-24 -13 -31 -13 -47 -2 -16 12 -22 11 -50 -10 -17 -13 -36 -24 -42 -24 -19 0
-24 21 -9 38 8 9 17 27 20 40 5 21 3 23 -31 20 -31 -3 -38 -7 -42 -30 -3 -16
-19 -36 -42 -52 l-37 -25 -32 32 -32 31 -15 -22 c-15 -23 -46 -29 -57 -11 -4
6 2 20 13 32 11 12 23 32 27 45 3 12 13 22 21 22 9 0 14 10 14 28 0 37 42 116
63 120 20 4 119 -59 141 -89 9 -13 16 -34 16 -46 0 -25 19 -30 38 -11 9 9 15
8 26 -8 19 -25 28 -14 37 44 3 26 12 72 18 102 29 134 42 227 36 256 -5 28 -1
34 34 57 61 41 131 57 148 35z m1423 -6 c0 -4 -13 -23 -30 -42 -27 -33 -29
-34 -30 -12 0 34 18 62 40 62 11 0 20 -4 20 -8z m-70 -122 c0 -20 -16 -48 -51
-90 -54 -65 -104 -96 -127 -78 -9 8 -4 19 23 49 19 21 45 56 59 77 26 41 75
84 88 76 5 -3 8 -18 8 -34z m-2180 6 c28 -31 21 -51 -24 -70 -35 -15 -116
-107 -116 -132 0 -8 -9 -27 -20 -42 -15 -20 -23 -57 -32 -134 -7 -60 -16 -108
-21 -108 -20 0 -55 55 -91 144 -22 53 -43 96 -47 96 -3 0 -12 13 -19 29 -6 16
-38 57 -71 91 -32 34 -59 66 -59 71 0 14 37 29 75 29 19 0 52 7 72 15 74 31
103 -10 66 -93 -38 -86 -25 -178 17 -123 9 13 21 41 27 64 16 59 63 125 113
158 54 36 98 38 130 5z m-738 -38 l69 -23 -2 -100 c-2 -69 2 -124 15 -176 9
-41 16 -98 14 -125 -3 -41 -6 -49 -24 -52 -18 -3 -23 4 -29 35 -9 47 -28 84
-77 150 -60 79 -164 141 -191 114 -6 -6 -21 -11 -34 -11 -29 0 -31 32 -4 76
22 36 66 49 120 34 40 -11 136 -90 146 -120 9 -29 45 -26 45 4 0 37 -51 97
-115 135 -53 32 -68 50 -54 68 16 18 41 16 121 -9z m755 -89 c27 -27 -12 -203
-54 -247 -7 -7 -13 -19 -13 -25 0 -7 -15 -22 -32 -34 l-32 -23 -23 22 c-28 27
-29 49 -3 73 17 15 20 26 14 61 -5 38 -3 44 20 59 14 10 26 25 26 34 0 10 11
28 25 41 14 13 25 29 25 37 0 16 32 17 47 2z m854 -66 c8 -10 21 -35 27 -55
16 -46 3 -78 -33 -78 -33 0 -103 -68 -111 -109 -6 -29 -28 -51 -52 -51 -6 0
-13 22 -17 49 -6 41 -2 57 20 101 28 56 119 160 140 160 7 0 18 -8 26 -17z
m144 -97 c8 -18 21 -36 30 -39 8 -4 25 -29 37 -56 16 -37 29 -53 50 -60 40
-14 36 -54 -4 -59 -34 -4 -107 45 -108 71 0 10 -7 20 -15 23 -8 4 -15 18 -15
34 0 19 -6 29 -20 33 -22 6 -26 36 -10 68 16 29 39 23 55 -15z m-1919 -3 c18
-16 47 -38 64 -51 16 -13 30 -30 30 -37 0 -8 11 -26 25 -41 14 -15 25 -33 25
-40 0 -8 4 -14 8 -14 5 0 14 -11 20 -25 14 -30 0 -33 -45 -10 -15 7 -49 24
-75 35 -49 22 -93 66 -109 107 -5 13 -13 23 -19 23 -15 0 -12 27 6 55 21 32
29 31 70 -2z"/>
<path d="M5895 3505 l-29 -24 24 -26 c31 -33 49 -32 57 5 3 17 10 33 14 36 5
3 9 12 9 20 0 22 -42 16 -75 -11z"/>
<path d="M4454 3501 c-2 -2 -4 -23 -4 -47 0 -31 7 -51 26 -73 23 -27 32 -31
78 -31 29 0 58 -6 65 -12 11 -11 14 -10 18 0 3 8 19 29 35 48 57 65 13 99 -52
40 -22 -20 -46 -37 -53 -37 -47 -5 -84 18 -74 45 3 8 20 16 38 18 32 3 60 30
45 45 -8 8 -114 11 -122 4z"/>
<path d="M7880 3451 c0 -33 -4 -62 -10 -66 -13 -8 -36 33 -44 78 -6 32 -11 38
-29 35 -19 -3 -22 -9 -21 -41 1 -22 11 -51 23 -67 26 -37 27 -56 0 -70 -11 -6
-19 -19 -17 -28 3 -13 14 -17 48 -17 38 0 45 -3 48 -21 3 -18 -4 -23 -35 -31
-28 -6 -39 -14 -41 -31 -3 -16 2 -22 17 -23 12 -1 26 -3 31 -4 6 -1 15 -3 20
-4 6 0 10 -12 10 -25 0 -29 -40 -59 -61 -45 -19 12 -59 11 -59 -1 0 -6 12 -33
26 -61 29 -58 30 -112 2 -117 -12 -2 -21 6 -28 22 -11 31 -46 35 -55 6 -3 -10
-1 -29 5 -41 7 -12 10 -34 8 -50 -5 -34 1 -36 35 -9 14 11 32 20 39 20 8 0 25
11 38 25 18 20 23 35 23 82 -1 63 10 93 32 93 18 0 55 52 55 78 0 11 -7 25
-16 33 -12 10 -14 23 -9 56 5 34 2 48 -16 72 -24 33 -20 64 8 59 10 -2 24 -16
31 -31 9 -19 21 -27 38 -27 22 0 25 4 22 33 -2 26 -8 33 -28 35 -21 2 -28 13
-46 69 -27 88 -44 93 -44 14z"/>
<path d="M6515 3480 c-11 -18 5 -65 40 -119 19 -29 35 -58 35 -65 0 -19 47
-59 59 -51 19 11 12 42 -18 87 -16 24 -41 69 -55 101 -26 54 -47 70 -61 47z"/>
<path d="M4744 3355 c-22 -29 -33 -35 -65 -35 -28 0 -39 -4 -39 -15 0 -8 -6
-33 -12 -55 -11 -34 -17 -40 -41 -40 -16 0 -37 -5 -48 -10 -40 -22 -10 -90 39
-90 19 0 21 4 16 30 -5 25 -3 30 12 31 44 4 101 -4 133 -17 43 -18 41 -18 41
11 0 20 -6 25 -37 31 -43 8 -63 20 -63 40 0 25 48 27 99 5 46 -19 81 -20 81
-1 0 13 -28 38 -50 45 -16 5 -20 15 -20 56 0 27 -4 49 -9 49 -6 0 -22 -16 -37
-35z"/>
<path d="M6316 3312 c-13 -21 11 -51 84 -107 83 -64 103 -72 108 -40 2 14 -20
40 -72 88 -68 61 -107 80 -120 59z"/>
<path d="M5509 3259 c-8 -5 -33 -14 -57 -20 -23 -7 -49 -21 -57 -32 -13 -19
-13 -23 5 -42 25 -27 25 -37 0 -60 -23 -21 -26 -48 -7 -63 19 -16 87 -26 87
-13 0 6 -4 11 -10 11 -14 0 -13 33 2 48 7 7 24 12 39 12 40 0 59 10 59 31 0
15 -9 18 -52 21 -40 2 -54 7 -56 20 -2 12 5 19 22 23 14 3 37 7 51 10 18 4 25
12 25 29 0 26 -29 40 -51 25z"/>
<path d="M6202 3143 c2 -20 16 -35 58 -60 61 -36 114 -44 108 -16 -4 21 -123
103 -149 103 -16 0 -20 -6 -17 -27z"/>
<path d="M5824 3114 c4 -19 9 -41 12 -47 7 -18 -21 -51 -35 -43 -7 5 -16 19
-21 32 -14 35 -33 30 -74 -21 -29 -35 -44 -45 -67 -45 -34 0 -34 1 -13 42 28
53 -16 61 -79 13 -18 -13 -18 -15 -1 -43 16 -29 16 -31 -5 -61 -21 -29 -21
-32 -7 -53 29 -41 12 -54 -24 -18 -11 11 -29 20 -40 20 -20 0 -20 0 0 -32 23
-39 25 -61 6 -77 -24 -20 -44 -2 -51 45 -6 42 -8 45 -33 42 -23 -3 -28 -9 -33
-42 -11 -69 -98 -120 -91 -54 5 49 -38 45 -72 -8 -17 -25 -17 -27 5 -50 34
-36 104 -34 154 6 44 35 38 34 75 15 23 -12 34 -13 55 -3 14 6 25 15 25 19 0
4 16 17 35 29 19 12 35 28 35 36 0 17 46 41 97 52 29 6 39 13 41 30 4 26 7 26
-68 5 -44 -12 -64 -13 -71 -6 -6 6 -8 16 -4 22 9 15 72 41 100 41 13 0 37 8
53 17 29 17 31 17 50 0 34 -31 64 -16 115 59 28 42 34 64 17 64 -6 0 -20 11
-32 25 -12 14 -30 25 -41 25 -17 0 -18 -5 -13 -36z"/>
<path d="M4612 3048 c3 -60 4 -61 43 -82 31 -16 56 -21 113 -19 40 1 72 -2 72
-8 0 -19 41 -49 68 -49 15 0 38 7 51 16 19 14 27 14 46 4 13 -7 41 -11 64 -8
44 4 51 -5 25 -34 -14 -15 -15 -20 -4 -34 12 -13 11 -21 -4 -49 -22 -40 -16
-62 19 -71 36 -9 58 2 50 26 -10 32 3 57 35 69 28 9 38 29 24 44 -3 3 -17 1
-29 -5 -13 -6 -32 -7 -42 -4 -32 13 31 53 96 61 71 8 108 30 90 52 -9 10 -22
13 -43 8 -88 -18 -130 2 -61 30 43 19 55 43 30 61 -22 16 -50 4 -83 -37 -27
-33 -40 -36 -57 -12 -12 16 -14 14 -28 -19 -8 -19 -21 -39 -28 -43 -16 -11
-49 30 -49 60 0 12 -6 28 -14 34 -20 16 -46 3 -46 -24 0 -46 -18 -75 -46 -75
-24 0 -26 3 -21 33 3 17 9 44 12 59 11 41 -21 50 -47 14 -26 -35 -68 -56 -112
-56 -47 0 -66 9 -66 31 0 14 12 22 44 30 43 11 63 30 50 50 -3 5 -39 9 -80 9
l-75 0 3 -62z"/>
<path d="M7526 2928 c-20 -26 -28 -30 -38 -20 -6 6 -20 12 -30 12 -29 0 -23
-44 7 -58 14 -6 25 -17 26 -24 0 -7 16 -26 36 -42 29 -25 38 -28 54 -18 16 10
21 9 31 -9 7 -11 35 -32 61 -46 47 -23 51 -24 95 -10 26 9 87 27 135 42 97 30
132 59 100 82 -23 17 -41 16 -88 -7 -22 -11 -44 -19 -50 -20 -5 0 -32 -11 -59
-25 -58 -29 -79 -31 -97 -9 -7 9 -23 20 -36 25 -24 9 -33 52 -13 64 12 8 13
42 1 49 -18 12 -40 -6 -47 -37 -6 -33 -30 -67 -46 -67 -22 0 -25 46 -6 82 20
35 19 68 -1 68 -5 0 -21 -15 -35 -32z"/>
<path d="M6312 2855 c-35 -15 -42 -47 -11 -53 15 -3 79 48 79 62 0 10 -34 6
-68 -9z"/>
<path d="M5765 2790 c-27 -41 -88 -82 -108 -74 -23 8 -21 23 5 51 28 29 13 48
-30 38 -38 -8 -51 -24 -59 -69 -11 -71 44 -92 134 -51 41 19 67 25 91 21 35
-5 55 15 34 36 -6 6 -8 26 -5 44 5 31 3 34 -18 34 -16 0 -31 -11 -44 -30z"/>
<path d="M7850 2573 c-53 -7 -59 -20 -16 -38 54 -23 204 -17 220 8 8 14 8 20
-4 27 -15 9 -130 11 -200 3z"/>
<path d="M5316 2548 c-10 -46 -17 -204 -11 -221 9 -22 52 -22 63 1 5 9 12 68
16 130 l7 112 -35 0 c-29 0 -37 -4 -40 -22z"/>
<path d="M4965 2547 c-18 -14 -16 -27 20 -147 7 -25 16 -61 19 -81 7 -41 41
-82 64 -77 28 6 22 47 -29 230 -21 73 -44 96 -74 75z"/>
<path d="M5737 2488 c-21 -16 -117 -203 -117 -228 0 -46 50 -35 77 18 11 20
39 72 62 115 35 63 41 80 31 92 -15 18 -31 19 -53 3z"/>
<path d="M4655 2400 c-10 -16 4 -47 50 -113 23 -34 45 -71 49 -82 16 -49 78
-91 89 -61 6 15 -92 217 -120 249 -18 19 -58 23 -68 7z"/>
<path d="M5533 2143 c-23 -9 -13 -31 17 -38 17 -4 44 -24 65 -47 29 -34 37
-39 49 -28 14 11 14 15 0 41 -15 30 -83 80 -106 78 -7 0 -19 -3 -25 -6z"/>
<path d="M7361 1580 c-8 -4 -11 -15 -8 -23 9 -23 96 -67 132 -67 19 0 35 -5
37 -12 2 -6 29 -13 59 -15 60 -5 149 26 149 52 0 20 -18 19 -63 -5 -68 -37
-150 -22 -242 45 -46 33 -50 34 -64 25z"/>
<path d="M7091 2679 c-43 -47 -11 -118 39 -87 23 14 33 44 28 79 -4 33 -40 36
-67 8z"/>
<path d="M7206 2628 c-9 -12 -16 -34 -16 -49 0 -21 -6 -28 -32 -35 -23 -7 -34
-17 -36 -32 -3 -19 1 -22 27 -22 16 0 33 -4 36 -10 14 -22 35 -10 35 21 0 21
8 37 25 51 27 21 34 65 13 86 -18 18 -35 15 -52 -10z"/>
<path d="M6829 2455 c-73 -38 -103 -105 -60 -132 18 -11 20 -9 23 15 4 39 50
43 88 7 18 -17 30 -23 34 -16 12 19 52 12 76 -14 19 -21 22 -30 14 -43 -14
-22 -112 -36 -134 -19 -23 18 -59 37 -70 37 -6 0 -3 -11 6 -25 10 -16 26 -25
43 -25 14 0 35 -7 45 -15 11 -8 27 -15 36 -15 23 0 153 41 165 51 5 5 16 9 25
9 9 0 37 10 61 23 35 19 45 30 47 53 2 25 -4 35 -40 61 -80 56 -132 73 -227
73 -71 -1 -94 -5 -132 -25z m288 -42 c43 -28 60 -65 37 -84 -10 -8 -21 -6 -43
10 -16 12 -40 21 -53 21 -28 0 -48 17 -48 40 0 45 48 51 107 13z"/>
<path d="M5307 1942 c-23 -25 -21 -32 9 -32 14 0 38 -7 54 -16 28 -17 60 -14
60 6 0 6 -11 22 -25 35 -29 30 -75 33 -98 7z"/>
<path d="M6440 1665 c0 -17 5 -25 13 -22 6 2 12 12 12 22 0 10 -6 20 -12 23
-8 2 -13 -6 -13 -23z"/>
<path d="M4663 1764 c-13 -35 35 -90 59 -66 7 7 4 21 -12 46 -23 39 -37 45
-47 20z"/>
<path d="M6627 1473 c-14 -14 -6 -40 21 -64 40 -36 84 -65 111 -74 30 -9 108
20 122 47 16 30 -3 45 -36 30 -14 -7 -46 -12 -70 -12 -37 0 -50 6 -87 40 -45
41 -50 44 -61 33z"/>
<path d="M6640 1287 c0 -33 47 -64 101 -68 88 -5 109 -1 121 26 17 39 -3 55
-41 32 -40 -24 -76 -21 -119 8 -46 31 -62 32 -62 2z"/>
<path d="M6702 1154 c7 -37 128 -45 128 -9 0 10 -10 15 -27 15 -16 0 -45 3
-67 7 -34 5 -38 4 -34 -13z"/>
<path d="M5880 673 c1 -13 71 -85 77 -79 6 6 -17 45 -42 70 -17 17 -35 21 -35
9z"/>
<path d="M5850 593 c0 -15 39 -57 46 -50 3 3 -6 18 -20 33 -14 16 -26 23 -26
17z"/>
<path d="M5487 673 c-11 -10 -8 -43 3 -43 6 0 10 11 10 25 0 26 -2 29 -13 18z"/>
<path d="M7436 714 c-9 -24 -7 -52 4 -59 20 -12 50 15 50 45 0 25 -4 30 -24
30 -13 0 -27 -7 -30 -16z"/>
<path d="M5497 452 c-19 -21 -22 -42 -7 -42 19 0 60 32 60 46 0 20 -34 17 -53
-4z"/>
<path d="M4965 348 c-16 -5 -117 -13 -223 -18 -197 -9 -222 -15 -222 -51 0
-30 28 -38 79 -22 37 12 56 12 96 3 38 -9 61 -9 94 0 39 10 46 9 65 -8 20 -19
24 -19 80 -5 56 15 59 14 87 -6 27 -20 37 -21 119 -15 75 6 93 4 108 -9 23
-21 92 -36 172 -37 36 0 76 -1 90 -1 14 -1 36 -1 50 0 14 1 45 -1 69 -5 45 -7
61 2 61 38 0 28 -31 37 -99 29 -61 -7 -65 -6 -97 22 -31 27 -36 28 -70 17 -33
-11 -38 -10 -63 14 -30 28 -71 33 -131 16 -32 -9 -37 -8 -56 15 -19 24 -25 26
-72 19 -28 -3 -63 -2 -79 3 -17 6 -40 6 -58 1z"/>
<path d="M5982 308 c-16 -16 -15 -43 2 -57 22 -18 117 -10 130 12 8 12 8 22 0
35 -14 21 -112 30 -132 10z"/>
<path d="M6180 280 c-33 -33 -19 -70 25 -70 42 0 59 44 29 74 -20 21 -30 20
-54 -4z"/>
<path d="M6818 264 c-10 -22 -10 -28 6 -39 14 -10 24 -11 42 -3 28 13 31 30 8
52 -23 23 -43 20 -56 -10z"/>
<path d="M5777 233 c-4 -3 -7 -19 -7 -35 0 -25 3 -28 35 -28 30 0 35 3 35 23
0 36 -41 63 -63 40z"/>
<path d="M7457 222 c-24 -27 -21 -49 8 -56 40 -10 75 3 75 28 0 45 -52 62 -83
28z"/>
<path d="M6390 211 c-14 -28 -13 -30 16 -42 33 -12 64 -3 64 20 0 40 -61 57
-80 22z"/>
<path d="M7617 203 c-15 -15 -6 -52 13 -58 21 -7 70 17 70 33 0 25 -64 44 -83
25z"/>
<path d="M1355 40 c-7 -11 39 -25 55 -15 5 3 8 11 5 16 -8 12 -52 12 -60 -1z"/>
<path d="M1285 10 c-4 -6 7 -10 25 -10 18 0 29 4 25 10 -3 6 -15 10 -25 10
-10 0 -22 -4 -25 -10z"/>
<path d="M1430 10 c0 -5 12 -10 26 -10 14 0 23 4 19 10 -3 6 -15 10 -26 10
-10 0 -19 -4 -19 -10z"/>
<path d="M5045 10 c-4 -6 10 -10 34 -10 23 0 41 5 41 10 0 6 -15 10 -34 10
-19 0 -38 -4 -41 -10z"/>
</g>
</svg>
