<?xml version="1.0" standalone="no"?>
<!DOCTYPE svg PUBLIC "-//W3C//DTD SVG 20010904//EN"
 "http://www.w3.org/TR/2001/REC-SVG-20010904/DTD/svg10.dtd">
<svg version="1.0" xmlns="http://www.w3.org/2000/svg"
 width="765.000000pt" height="378.000000pt" viewBox="0 0 765.000000 378.000000"
 preserveAspectRatio="xMidYMid meet">
<metadata>
Created by potrace 1.10, written by Peter Selinger 2001-2011
</metadata>
<g transform="translate(0.000000,378.000000) scale(0.100000,-0.100000)"
fill="#000000" stroke="none">
<path d="M84 3668 c-3 -4 -4 -299 -3 -655 1 -357 2 -664 1 -683 0 -19 -2 -540
-4 -1158 -3 -1116 -3 -1123 17 -1128 11 -2 1701 -3 3755 -2 3727 3 3735 3
3735 23 0 20 -7 20 -1990 22 -1094 2 -1999 3 -2010 3 -20 0 -20 6 -18 337 l2
338 2003 2 c1900 2 2003 3 2009 20 3 10 4 25 2 33 -4 13 -226 15 -2009 15
l-2004 0 -3 338 -2 337 2004 0 c1320 0 2008 3 2014 9 7 7 6 19 -1 36 -10 22
-16 25 -35 18 -12 -4 -912 -8 -2000 -8 l-1979 0 -1 347 c-2 303 0 348 13 348
8 0 911 0 2007 0 1344 0 1994 3 1998 10 3 6 4 18 1 28 -5 16 -113 17 -2010 14
-1780 -2 -2005 -1 -2016 13 -10 12 -10 18 -1 29 9 11 12 84 10 270 -1 141 0
258 3 261 3 3 892 5 1977 5 1431 0 1978 -3 1993 -11 16 -9 22 -8 29 2 10 16
13 29 9 44 -1 6 -2 152 -1 325 1 180 -2 321 -8 329 -16 25 -39 4 -46 -41 -7
-43 -1 -535 6 -573 4 -20 -1 -20 -1979 -20 l-1983 0 -2 333 c-2 325 -2 333 18
338 11 2 914 3 2007 2 2092 -3 2014 -5 1990 38 -7 12 -529 14 -3751 17 -2059
1 -3745 -1 -3747 -5z m3441 -57 c6 -6 8 -138 5 -341 l-5 -330 -1689 0 c-929 0
-1691 1 -1692 3 -9 9 -8 668 1 671 22 9 3371 6 3380 -3z m-3 -724 c4 -1 8
-130 9 -287 l2 -285 -1695 -3 c-1498 -2 -1697 0 -1708 13 -10 12 -10 18 -1 29
9 10 12 86 10 271 -1 168 2 259 9 264 9 5 3358 4 3374 -2z m8 -960 c3 -184 4
-341 2 -350 -3 -16 -127 -17 -1698 -17 -932 0 -1694 3 -1694 8 -5 134 -3 693
2 695 5 1 767 1 1695 0 l1688 -3 5 -333z m2 -424 c2 -5 2 -158 0 -341 l-3
-332 -1694 2 -1695 3 -1 330 c0 182 0 333 1 338 0 9 3388 9 3392 0z m-4 -1073
l-3 -340 -1689 0 c-929 0 -1691 1 -1693 3 -8 9 -3 671 6 676 5 3 768 5 1695 3
l1686 -2 -2 -340z"/>
<path d="M1344 3530 c-77 -31 -115 -196 -79 -345 23 -95 153 -125 222 -52 57
61 76 162 49 264 -29 108 -112 166 -192 133z m113 -84 c26 -23 28 -29 31 -120
4 -84 1 -100 -18 -131 -70 -113 -180 -42 -180 115 0 61 28 144 52 153 35 14
88 6 115 -17z"/>
<path d="M2462 3506 c-49 -45 -72 -109 -72 -203 0 -124 41 -195 120 -208 107
-18 180 66 180 208 0 130 -58 225 -144 234 -39 5 -47 2 -84 -31z m138 -58 c28
-31 35 -60 35 -149 -1 -65 -5 -83 -25 -113 -32 -46 -79 -58 -118 -29 -29 22
-62 101 -62 148 1 47 24 122 44 144 27 30 98 29 126 -1z"/>
<path d="M2784 3518 c-17 -12 -39 -40 -48 -62 -17 -37 -17 -41 0 -78 22 -49
67 -88 103 -88 26 0 68 -23 83 -44 15 -22 7 -63 -15 -84 -46 -43 -104 -22
-135 51 -13 29 -39 36 -48 12 -10 -24 4 -63 35 -97 26 -29 34 -32 89 -33 89 0
116 23 120 101 2 32 1 67 -2 79 -8 28 -47 54 -120 80 -58 21 -61 24 -64 57 -4
43 14 60 63 60 36 0 75 -24 75 -47 0 -17 21 -34 36 -28 28 11 16 64 -25 104
-32 32 -46 39 -77 39 -24 0 -51 -8 -70 -22z"/>
<path d="M707 3523 c-3 -5 -6 -100 -8 -213 -4 -194 -3 -205 15 -208 28 -6 34
12 28 89 l-5 69 55 0 c64 0 118 29 129 70 21 77 -2 160 -52 185 -29 16 -154
21 -162 8z m167 -85 c22 -31 20 -60 -5 -92 -18 -22 -28 -26 -75 -26 l-54 0 0
70 0 70 59 0 c51 0 62 -3 75 -22z"/>
<path d="M987 3523 c-3 -5 -6 -100 -8 -213 -4 -202 -4 -205 17 -208 34 -5 42
17 34 98 -4 41 -6 78 -3 83 8 14 60 7 74 -10 8 -10 25 -40 37 -68 13 -27 28
-61 35 -75 14 -28 57 -41 57 -17 0 17 -44 112 -66 144 -14 20 -14 23 6 40 33
28 50 67 50 117 0 39 -5 51 -35 81 -35 34 -38 35 -115 35 -43 0 -81 -3 -83 -7z
m183 -88 c11 -21 11 -29 -1 -51 -18 -34 -43 -43 -99 -35 -44 6 -45 7 -48 45
-5 61 0 66 71 66 58 0 65 -2 77 -25z"/>
<path d="M1602 3518 c-9 -9 -12 -69 -12 -210 l0 -198 25 -6 c14 -3 54 -5 88
-2 67 4 111 27 122 63 13 45 17 184 6 240 -9 50 -17 66 -47 93 -34 29 -43 32
-104 32 -38 0 -71 -5 -78 -12z m172 -80 c30 -49 39 -119 23 -186 -19 -79 -44
-103 -107 -99 l-45 2 -3 153 -3 152 61 0 c51 0 62 -3 74 -22z"/>
<path d="M1873 3514 c-3 -8 -4 -90 -1 -183 4 -145 7 -171 24 -194 38 -52 139
-60 182 -14 35 38 43 92 40 252 l-3 150 -27 3 -28 3 0 -166 c0 -198 -8 -224
-73 -225 -20 0 -32 8 -47 33 -18 28 -20 50 -20 195 0 156 -1 162 -20 162 -11
0 -23 -7 -27 -16z"/>
<path d="M2154 3516 c-14 -36 0 -51 51 -56 l50 -5 -3 -140 c-2 -77 -6 -154 -9
-172 -4 -28 -2 -33 20 -38 14 -4 30 -4 35 -1 5 3 7 81 4 181 -4 145 -2 175 9
176 8 0 28 2 44 2 26 2 30 6 33 35 l3 32 -116 0 c-91 0 -117 -3 -121 -14z"/>
<path d="M972 2828 c-32 -16 -64 -73 -64 -115 0 -49 28 -83 98 -116 87 -41 89
-42 92 -65 4 -24 -32 -52 -68 -52 -33 0 -69 25 -81 57 -6 18 -15 24 -32 21
-60 -8 -3 -105 76 -127 34 -10 49 -9 78 3 41 17 53 29 66 71 19 57 -19 119
-88 144 -69 25 -84 36 -87 65 -4 31 28 66 60 66 18 0 30 -10 78 -70 17 -21 21
-23 30 -10 18 26 2 73 -37 108 -39 34 -78 40 -121 20z"/>
<path d="M1770 2819 c-8 -14 -8 -34 -1 -67 5 -26 8 -48 6 -50 -2 -2 -12 1 -23
7 -60 32 -111 -9 -132 -107 -12 -57 -11 -65 9 -106 26 -56 70 -83 110 -67 14
5 37 11 51 13 l25 3 2 120 c1 66 2 147 4 180 1 33 1 68 0 78 -2 24 -38 22 -51
-4z m-3 -223 c18 -93 -16 -139 -78 -106 -16 9 -19 22 -19 78 0 77 11 94 55 90
28 -3 31 -7 42 -62z"/>
<path d="M2101 2827 c-6 -8 -14 -28 -17 -45 -9 -45 20 -55 52 -17 32 38 32 75
0 75 -13 0 -29 -6 -35 -13z"/>
<path d="M2393 2825 c-3 -9 -3 -50 0 -91 8 -84 -1 -93 -43 -42 -33 39 -78 42
-115 8 -28 -26 -55 -98 -55 -146 0 -64 62 -134 118 -134 11 0 34 13 51 29 30
28 30 28 44 8 9 -14 19 -18 31 -14 16 7 18 15 12 77 -5 48 -3 81 6 106 11 30
16 35 42 32 37 -4 44 -27 36 -126 -4 -62 -3 -76 13 -89 31 -29 40 -3 38 112
-2 92 -5 111 -23 136 -24 32 -63 38 -98 17 -25 -16 -33 -7 -20 26 16 44 12 84
-10 96 -16 9 -22 8 -27 -5z m-63 -191 c7 -18 16 -24 32 -22 21 3 23 -1 23 -47
0 -46 -2 -50 -25 -53 -14 -2 -29 -10 -33 -18 -9 -17 -40 -18 -68 -4 -15 9 -19
22 -19 71 0 76 12 99 51 99 22 0 32 -6 39 -26z"/>
<path d="M1244 2719 c-24 -8 -64 -55 -64 -74 0 -7 6 -18 14 -24 11 -9 18 -6
33 15 16 22 25 26 46 20 47 -11 31 -76 -19 -76 -36 0 -65 -31 -71 -76 -5 -37
-2 -43 25 -63 36 -25 45 -26 62 -6 7 8 25 14 44 12 l31 -2 -3 115 c-3 98 -7
118 -24 137 -24 26 -47 33 -74 22z m56 -190 c0 -24 -22 -49 -45 -49 -32 0 -41
17 -19 41 18 20 64 26 64 8z"/>
<path d="M1476 2715 c-20 -11 -33 -12 -40 -5 -5 5 -16 10 -23 10 -11 0 -13
-29 -11 -142 3 -140 8 -157 37 -139 12 8 14 29 12 95 -3 95 8 126 43 126 39 0
47 -21 45 -120 -2 -95 8 -123 34 -102 10 9 13 37 9 124 -3 110 -4 114 -33 141
-34 32 -35 32 -73 12z"/>
<path d="M2667 2710 c-38 -30 -57 -72 -62 -137 -4 -44 0 -63 16 -90 22 -35 65
-63 96 -63 25 0 80 35 93 60 15 29 -13 38 -50 16 -38 -22 -73 -20 -95 4 -27
30 -11 39 75 42 l75 3 3 47 c3 43 0 51 -35 87 -48 51 -80 59 -116 31z m87 -69
c32 -35 17 -56 -42 -59 -59 -3 -69 7 -53 51 9 22 17 27 44 27 21 0 41 -8 51
-19z"/>
<path d="M1857 2714 c-4 -4 -7 -60 -7 -125 0 -109 2 -120 22 -138 29 -28 56
-35 74 -20 8 7 30 12 49 11 l33 -1 4 122 c4 147 2 159 -26 155 -20 -3 -21 -9
-21 -98 -1 -106 -13 -140 -49 -140 -38 0 -45 20 -48 130 -3 95 -11 124 -31
104z"/>
<path d="M2096 2712 c-2 -4 -6 -65 -7 -135 -2 -131 6 -166 33 -139 15 15 20
251 5 270 -11 14 -24 16 -31 4z"/>
<path d="M1193 2125 c-28 -12 -33 -19 -33 -48 0 -19 -7 -40 -15 -47 -20 -16
-19 -54 1 -71 14 -12 16 -30 12 -121 -6 -111 1 -135 32 -118 14 8 16 23 12
121 -4 87 -2 113 9 120 35 22 39 12 39 -116 0 -104 2 -125 15 -125 17 0 17 -7
18 135 l2 110 30 5 c24 4 31 11 33 33 4 36 -21 45 -62 23 -25 -13 -38 -15 -60
-6 -34 13 -31 40 7 58 29 14 34 31 15 50 -15 15 -15 15 -55 -3z"/>
<path d="M1371 2122 c-5 -10 -7 -23 -3 -28 23 -35 80 -14 68 24 -9 27 -51 30
-65 4z"/>
<path d="M636 2122 c-3 -5 -5 -78 -5 -163 1 -85 -2 -170 -6 -191 -6 -31 -4
-38 15 -48 16 -9 25 -9 36 1 11 9 13 29 8 94 -8 93 0 106 45 79 20 -12 31 -28
36 -50 3 -18 12 -46 20 -61 8 -15 15 -33 15 -40 0 -15 37 -36 50 -28 6 3 10
14 10 23 0 18 -49 122 -69 145 -9 11 -5 20 15 42 45 48 54 82 37 138 -10 35
-21 50 -39 57 -31 12 -161 13 -168 2z m146 -59 c10 -9 18 -30 18 -48 0 -40
-36 -68 -83 -63 -31 3 -32 5 -35 52 -2 27 -1 55 2 62 8 20 75 18 98 -3z"/>
<path d="M2521 2102 c-5 -9 -7 -29 -4 -43 3 -15 0 -30 -6 -33 -15 -10 -13 -47
3 -69 11 -14 13 -38 9 -90 -7 -96 13 -150 54 -145 35 4 41 30 14 57 -18 18
-21 34 -21 100 0 61 3 80 15 85 20 7 19 53 -1 64 -12 7 -15 18 -11 38 3 15 3
34 0 41 -7 19 -41 16 -52 -5z"/>
<path d="M950 2018 c-58 -62 -75 -150 -41 -216 30 -59 58 -82 96 -82 42 0 95
42 95 76 0 28 -30 33 -50 9 -15 -18 -74 -20 -88 -2 -10 12 -15 39 -13 64 1 8
27 13 79 15 l77 3 -3 35 c-2 19 -16 53 -31 75 -22 33 -33 41 -63 43 -27 2 -41
-2 -58 -20z m84 -59 c43 -34 34 -49 -29 -49 -48 0 -55 3 -55 19 0 18 34 51 51
51 3 0 18 -9 33 -21z"/>
<path d="M1515 2018 c-55 -62 -70 -152 -35 -216 39 -74 59 -86 118 -67 25 8
30 -11 12 -46 -15 -27 -75 -26 -90 1 -6 11 -20 20 -30 20 -28 0 -26 -35 4 -65
34 -34 71 -41 112 -22 57 28 63 54 61 238 l-2 164 -30 2 c-16 1 -46 5 -65 8
-29 5 -39 2 -55 -17z m96 -80 c17 -32 6 -128 -16 -145 -19 -13 -51 -9 -70 8
-5 5 -10 39 -10 75 0 57 3 68 23 85 27 21 54 13 73 -23z"/>
<path d="M1760 2018 c-32 -34 -50 -85 -50 -140 0 -127 97 -208 149 -124 12 18
21 41 21 50 0 20 -24 21 -40 0 -20 -24 -63 -14 -78 19 -22 46 -11 57 58 57
l60 0 0 39 c0 22 -4 42 -9 45 -5 3 -12 18 -16 33 -12 48 -60 59 -95 21z m85
-76 c9 -23 -4 -32 -45 -32 -50 0 -57 13 -26 45 22 22 28 24 46 13 11 -7 22
-19 25 -26z"/>
<path d="M1953 2027 l-31 -11 -7 -120 c-9 -158 -7 -170 28 -174 l27 -3 0 113
c0 62 4 118 8 124 4 7 18 14 32 15 20 3 25 10 25 34 0 25 -4 30 -25 31 -14 1
-39 -3 -57 -9z"/>
<path d="M2115 2032 c-16 -11 -55 -69 -55 -81 0 -18 42 -12 66 10 26 24 70 18
79 -12 9 -29 -2 -39 -45 -39 -40 0 -89 -17 -102 -35 -23 -31 0 -122 36 -147
18 -12 61 -9 82 6 16 13 21 12 36 -1 36 -32 43 -13 40 103 -4 140 -10 171 -35
189 -22 16 -84 20 -102 7z m95 -180 c0 -32 -25 -61 -56 -63 -57 -6 -69 9 -48
59 12 29 17 32 59 32 43 0 45 -1 45 -28z"/>
<path d="M2372 2024 c-18 -12 -27 -13 -35 -5 -6 6 -17 11 -24 11 -10 0 -13
-34 -13 -155 0 -147 1 -155 19 -155 30 0 35 17 32 116 -3 104 8 137 42 132 21
-3 22 -8 24 -113 1 -60 2 -116 2 -123 1 -8 10 -12 24 -10 21 3 22 6 22 118 0
97 -3 121 -21 155 -24 46 -40 52 -72 29z"/>
<path d="M2667 2010 c-83 -98 -47 -279 57 -288 29 -3 42 2 66 27 34 34 40 71
11 71 -10 0 -24 -7 -31 -16 -21 -25 -81 -15 -99 17 -26 47 -11 59 73 59 43 0
78 5 81 11 13 20 -17 99 -47 124 -41 34 -80 32 -111 -5z m87 -51 c44 -35 34
-49 -34 -49 -45 0 -60 3 -60 14 0 14 45 56 60 56 4 0 19 -9 34 -21z"/>
<path d="M2895 2013 c-46 -50 -26 -133 33 -133 20 0 52 -42 52 -69 0 -21 -42
-23 -70 -2 -23 17 -30 18 -39 7 -27 -32 28 -96 81 -96 23 0 31 8 49 44 12 27
19 59 17 82 -3 34 -8 40 -50 61 -48 24 -61 48 -32 60 8 3 20 1 27 -6 6 -6 19
-11 29 -11 15 0 17 5 12 28 -12 49 -23 62 -54 62 -19 0 -38 -10 -55 -27z"/>
<path d="M1387 2018 c-16 -12 -17 -30 -15 -153 l3 -140 25 0 25 0 0 149 c0
153 -4 168 -38 144z"/>
<path d="M1407 1414 c-4 -4 -7 -17 -7 -30 0 -27 32 -37 57 -19 14 11 16 18 7
32 -12 19 -45 29 -57 17z"/>
<path d="M2133 1413 c-7 -2 -13 -15 -13 -28 0 -29 38 -41 60 -20 26 26 -11 64
-47 48z"/>
<path d="M1157 1394 c-5 -16 -4 -240 2 -376 l1 -38 60 0 c69 0 99 15 130 65
27 44 26 93 -4 130 l-23 29 19 35 c25 45 20 114 -11 144 -17 17 -36 22 -95 25
-65 4 -75 2 -79 -14z m135 -51 c11 -10 18 -30 18 -54 0 -45 -22 -62 -73 -57
-31 3 -32 5 -35 52 -2 27 -1 55 2 62 7 19 66 18 88 -3z m21 -201 c20 -33 20
-34 0 -60 -17 -22 -28 -27 -64 -27 l-44 0 -3 49 c-5 70 1 78 50 74 36 -3 45
-8 61 -36z"/>
<path d="M2235 1380 c-4 -12 -4 -37 0 -56 4 -26 2 -36 -10 -40 -19 -8 -19 -28
0 -44 12 -10 15 -37 15 -120 0 -93 3 -109 19 -124 26 -24 65 -17 69 11 2 14
-5 27 -22 39 -24 15 -26 21 -26 97 0 68 3 84 21 103 l21 22 -21 12 c-18 9 -21
19 -19 63 3 47 1 52 -19 55 -15 2 -23 -3 -28 -18z"/>
<path d="M1544 1283 c-12 -2 -27 -15 -34 -28 -27 -50 18 -125 74 -125 7 0 22
-10 34 -23 22 -23 22 -24 4 -40 -25 -23 -47 -21 -83 5 -26 19 -31 20 -39 8
-14 -21 -13 -21 21 -63 39 -48 75 -50 118 -6 25 24 31 39 31 73 0 47 -17 69
-80 103 -38 21 -47 55 -17 61 10 2 27 -4 37 -13 20 -18 51 -17 57 2 2 6 -5 21
-16 32 -20 20 -54 25 -107 14z"/>
<path d="M1752 1283 c-20 -8 -52 -79 -52 -116 0 -55 28 -131 59 -161 41 -40
68 -32 102 29 15 28 28 53 28 58 2 17 -39 5 -57 -18 -24 -30 -33 -31 -55 -7
-12 13 -17 37 -17 85 0 56 3 68 22 81 20 14 24 14 40 0 36 -33 57 2 25 44 -9
12 -70 15 -95 5z"/>
<path d="M1927 1268 c-12 -13 -29 -42 -36 -65 -13 -38 -12 -50 4 -104 22 -71
63 -119 103 -119 42 0 89 60 97 125 16 127 -16 185 -102 185 -32 0 -50 -6 -66
-22z m112 -44 c44 -55 15 -174 -41 -174 -41 0 -58 28 -58 95 0 48 4 66 20 83
28 29 54 28 79 -4z"/>
<path d="M2375 1266 c-54 -54 -53 -149 2 -243 33 -57 63 -56 109 4 77 101 41
263 -58 263 -17 0 -39 -10 -53 -24z m81 -43 c26 -41 24 -128 -5 -156 -17 -17
-25 -19 -39 -11 -25 16 -30 154 -7 178 22 22 30 20 51 -11z"/>
<path d="M1407 1273 c-4 -3 -7 -71 -7 -150 l0 -143 30 0 30 0 0 150 0 150 -23
0 c-13 0 -27 -3 -30 -7z"/>
<path d="M2139 1278 c0 -2 -2 -69 -4 -150 l-2 -148 23 0 24 0 0 150 c0 143 -1
150 -20 150 -11 0 -20 -1 -21 -2z"/>
<path d="M1448 683 c-35 -6 -78 -57 -78 -93 0 -62 40 -99 150 -140 51 -19 60
-29 60 -66 0 -40 -29 -64 -77 -64 -37 0 -73 29 -73 59 0 11 -10 27 -22 35 -19
14 -24 14 -36 2 -21 -20 -7 -67 34 -115 35 -40 37 -41 98 -41 52 0 66 4 82 22
46 52 55 110 26 168 -18 35 -38 49 -107 70 -74 23 -97 68 -55 110 33 33 72 26
108 -20 36 -44 62 -44 62 -1 0 41 -36 69 -95 74 -27 3 -62 3 -77 0z"/>
<path d="M1910 572 c-17 -18 -30 -44 -35 -71 -10 -57 -25 -35 -25 37 0 39 -4
52 -15 52 -18 0 -18 -1 -15 -126 2 -98 1 -101 -24 -117 -63 -42 -81 -14 -81
127 0 106 -1 111 -21 114 -12 2 -24 -3 -26 -10 -3 -7 -3 -67 1 -133 4 -91 10
-128 24 -148 22 -34 62 -45 86 -23 22 20 37 20 45 0 11 -30 24 -3 24 50 0 29
4 62 10 72 11 18 11 18 12 -4 0 -33 24 -86 51 -111 35 -33 72 -27 108 16 51
62 34 114 -19 58 -27 -29 -47 -31 -78 -9 -19 13 -22 24 -22 77 0 40 6 70 16
85 17 25 62 30 70 7 8 -20 54 -20 54 0 0 25 -27 72 -45 79 -34 13 -67 5 -95
-22z"/>
<path d="M2122 564 c-60 -73 -62 -192 -3 -264 39 -49 78 -52 120 -9 80 80 81
197 3 282 -38 40 -82 37 -120 -9z m102 -56 c22 -31 22 -135 -1 -160 -22 -24
-56 -23 -79 3 -14 16 -19 36 -19 79 0 43 5 63 19 79 25 27 61 27 80 -1z"/>
<path d="M4728 3523 c-8 -10 -26 -40 -39 -68 -21 -43 -24 -65 -24 -150 1 -76
5 -107 18 -130 9 -16 17 -35 17 -40 0 -6 14 -23 32 -39 l32 -28 -23 -17 c-32
-25 -25 -56 14 -56 22 0 33 8 48 33 15 25 17 36 8 45 -16 16 -14 27 7 27 45 0
112 104 85 131 -17 17 -42 4 -54 -28 -16 -42 -39 -63 -70 -63 -30 0 -38 8 -56
60 -16 45 -15 184 1 230 11 30 18 35 49 38 41 4 77 -24 77 -58 0 -14 7 -20 24
-20 48 0 36 56 -27 123 -31 33 -94 38 -119 10z"/>
<path d="M5038 3522 c-65 -43 -98 -116 -98 -216 1 -140 73 -227 175 -212 95
15 130 74 130 221 0 83 -3 105 -20 130 -59 89 -127 117 -187 77z m114 -65 c46
-36 63 -179 28 -247 -38 -74 -89 -89 -141 -42 -26 23 -33 39 -40 88 -11 75 4
160 33 191 24 26 91 32 120 10z"/>
<path d="M7095 3507 c-80 -80 -42 -197 71 -218 62 -12 84 -32 84 -80 0 -44
-27 -69 -73 -69 -33 0 -77 40 -77 69 0 23 -37 38 -53 22 -14 -14 7 -78 35
-104 27 -26 82 -40 129 -32 28 5 47 17 69 43 65 79 26 166 -95 211 -75 28 -85
37 -85 72 0 33 23 49 70 49 42 0 66 -15 74 -45 5 -19 13 -25 32 -25 24 0 26 3
20 31 -7 37 -42 83 -74 98 -45 22 -91 14 -127 -22z"/>
<path d="M3837 3523 c-4 -3 -7 -100 -7 -215 l0 -209 28 3 c27 3 27 4 27 78 l1
75 57 3 c48 3 62 8 92 36 33 32 35 37 35 99 0 63 -2 68 -35 102 -35 34 -38 35
-114 35 -43 0 -81 -3 -84 -7z m183 -82 c15 -29 12 -73 -8 -99 -16 -20 -25 -23
-72 -20 l-54 3 -2 60 c-1 33 1 63 3 68 2 4 31 7 63 7 48 0 61 -4 70 -19z"/>
<path d="M4125 3518 c-4 -14 -16 -236 -18 -348 -2 -63 -1 -65 23 -65 25 0 25
1 25 90 0 89 0 90 25 90 26 0 37 -16 85 -127 21 -49 29 -58 50 -58 15 0 25 6
25 15 0 13 -39 92 -71 144 -11 16 -8 24 18 54 55 63 55 133 0 186 -28 28 -37
31 -94 31 -42 0 -65 -4 -68 -12z m143 -70 c13 -13 16 -57 4 -74 -20 -30 -86
-37 -118 -13 -10 8 -9 54 1 87 6 16 97 16 113 0z"/>
<path d="M4396 3503 c-3 -16 -5 -108 -5 -205 0 -135 3 -179 13 -188 9 -7 53
-10 122 -8 101 3 109 4 109 23 0 18 -8 20 -97 23 l-98 3 0 69 0 70 84 0 c87 0
98 5 88 43 -4 14 -17 17 -87 17 -48 0 -85 4 -87 10 -2 6 -2 31 0 55 l4 45 88
0 c94 0 106 6 96 46 -6 24 -8 24 -115 24 l-109 0 -6 -27z"/>
<path d="M5387 3328 c-4 -140 -2 -206 5 -216 8 -9 40 -12 122 -10 103 3 111 4
111 23 0 18 -8 20 -92 23 -105 3 -107 5 -101 93 l3 44 85 5 c83 5 85 6 85 30
0 24 -2 25 -85 30 l-85 5 0 50 0 50 70 3 c105 3 117 8 113 40 l-3 27 -111 3
-111 3 -6 -203z"/>
<path d="M5667 3523 c-11 -10 -8 -411 2 -417 5 -4 16 -3 24 0 13 4 14 28 11
147 -3 110 -2 136 7 117 6 -14 16 -34 21 -44 5 -10 14 -44 19 -75 18 -112 24
-134 40 -144 32 -20 49 -1 49 55 0 65 -11 86 -30 63 -13 -16 -15 -15 -21 2 -4
10 -8 37 -8 60 -1 24 -7 60 -15 80 -8 21 -17 54 -19 73 -9 62 -24 90 -50 90
-13 0 -27 -3 -30 -7z"/>
<path d="M5866 3518 c-28 -93 -33 -214 -8 -248 10 -16 19 -51 22 -95 5 -63 7
-70 28 -73 l22 -3 -2 213 -3 213 -28 3 c-16 2 -29 -2 -31 -10z"/>
<path d="M6116 3522 c-4 -6 -9 -347 -7 -410 1 -9 11 -12 29 -10 l27 3 0 90 0
90 34 0 c38 0 36 3 86 -107 26 -59 40 -78 54 -78 11 0 23 5 26 11 6 9 -38 107
-68 151 -9 14 -7 22 15 45 29 30 48 72 48 105 0 35 -31 88 -61 103 -30 16
-174 21 -183 7z m182 -74 c19 -16 14 -63 -9 -84 -14 -13 -33 -18 -65 -16 -25
1 -50 4 -55 7 -15 10 -11 93 5 102 19 11 107 4 124 -9z"/>
<path d="M6420 3511 c-15 -29 -13 -384 2 -399 8 -8 53 -12 134 -12 135 0 154
7 154 60 0 54 7 60 71 60 64 0 79 -12 79 -67 0 -33 16 -53 42 -53 25 0 23 24
-12 128 -16 50 -30 99 -30 111 0 12 -4 29 -9 39 -6 9 -18 46 -29 82 -23 78
-44 89 -67 34 -8 -20 -15 -44 -15 -53 0 -9 -7 -29 -15 -45 -8 -15 -15 -38 -15
-50 0 -26 -48 -177 -60 -190 -11 -11 -181 -8 -195 4 -6 5 -11 35 -10 67 l1 58
89 5 c88 5 90 6 90 30 0 24 -2 25 -90 30 l-90 5 0 50 0 50 90 3 c49 2 94 7 99
12 5 5 6 20 2 34 -6 26 -7 26 -106 26 -88 0 -100 -2 -110 -19z m380 -112 c0
-11 7 -35 15 -55 8 -19 12 -41 9 -49 -7 -17 -69 -21 -79 -5 -4 6 1 34 11 63 9
29 18 58 20 65 5 19 24 4 24 -19z"/>
<path d="M6968 3518 c-2 -7 -1 -103 2 -213 4 -169 7 -200 20 -200 13 0 15 31
18 213 2 203 2 212 -17 212 -10 0 -21 -6 -23 -12z"/>
<path d="M5216 2832 c-9 -16 -37 -195 -32 -208 8 -21 49 -17 64 6 19 31 40 24
51 -17 14 -48 14 -69 1 -94 -14 -25 -37 -24 -75 5 -37 28 -61 21 -52 -15 8
-29 64 -69 98 -69 16 0 35 14 57 40 27 33 32 47 32 92 0 45 -5 59 -31 91 -23
28 -37 37 -57 35 -31 -3 -38 15 -23 55 9 23 16 27 51 27 38 0 40 2 40 30 0 30
0 30 -59 30 -33 0 -62 -4 -65 -8z"/>
<path d="M5644 2832 c-6 -4 -15 -18 -19 -32 -4 -14 -17 -38 -28 -54 -45 -64
-98 -178 -95 -204 3 -26 6 -27 60 -27 64 0 73 -6 73 -43 0 -22 5 -28 28 -30
25 -3 27 -1 27 31 0 19 7 40 15 47 19 16 19 46 0 54 -11 4 -15 32 -17 133 -2
104 -6 128 -18 130 -8 2 -20 0 -26 -5z m-2 -189 c-5 -59 -13 -73 -45 -73 -27
0 -32 29 -11 68 42 79 62 80 56 5z"/>
<path d="M5789 2823 c-44 -56 -51 -110 -19 -151 l20 -25 -20 -22 c-14 -15 -20
-35 -20 -71 0 -41 5 -54 31 -81 40 -44 74 -43 118 2 43 43 45 90 5 142 -16 21
-23 38 -17 42 6 3 18 20 26 38 15 29 15 35 1 70 -23 55 -43 73 -79 73 -18 0
-38 -7 -46 -17z m75 -59 c9 -22 7 -67 -3 -82 -26 -42 -75 25 -53 73 13 28 47
34 56 9z m7 -183 c18 -61 -3 -90 -55 -77 -35 9 -41 40 -16 81 29 48 56 46 71
-4z"/>
<path d="M7526 2794 c-8 -61 -8 -352 0 -394 7 -35 31 -51 44 -30 10 16 13 391
4 438 -4 21 -12 32 -24 32 -13 0 -19 -11 -24 -46z"/>
<path d="M5414 2492 c-16 -10 -10 -125 6 -130 20 -7 40 27 40 69 0 62 -15 82
-46 61z"/>
<path d="M7533 2218 c-10 -17 -17 -452 -8 -535 5 -51 10 -63 25 -63 12 0 20
10 24 31 8 41 8 458 0 527 -7 51 -23 67 -41 40z"/>
<path d="M5270 2079 c0 -12 -16 -36 -35 -55 -40 -37 -49 -84 -16 -84 11 0 23
5 26 10 3 6 11 10 16 10 6 0 7 -41 3 -114 -7 -123 -2 -166 21 -166 23 0 26 31
23 230 -3 167 -5 185 -20 188 -13 2 -18 -3 -18 -19z"/>
<path d="M5643 2093 c-7 -2 -13 -11 -13 -20 0 -20 -76 -146 -106 -177 -20 -19
-25 -33 -22 -63 l3 -38 65 -5 65 -5 -3 -42 c-2 -32 1 -44 15 -51 31 -16 43 -3
43 48 0 33 5 50 15 54 8 3 15 14 15 24 0 11 -7 25 -15 32 -12 10 -15 38 -15
131 0 107 -2 119 -17 118 -10 0 -24 -3 -30 -6z m-5 -190 c-3 -45 -5 -48 -32
-51 -43 -5 -48 9 -18 55 37 58 54 56 50 -4z"/>
<path d="M5780 2069 c-33 -37 -45 -75 -30 -94 16 -19 37 -8 49 26 7 22 16 29
35 29 23 0 26 -4 26 -38 0 -26 -6 -41 -20 -50 -28 -17 -26 -50 4 -58 28 -7 38
-55 21 -106 -14 -44 -28 -44 -59 -3 -35 45 -56 46 -56 1 0 -41 46 -86 89 -86
48 0 91 67 91 140 0 41 -4 52 -26 69 -25 20 -26 22 -10 39 24 28 20 80 -10
124 -34 48 -64 50 -104 7z"/>
<path d="M5404 1736 c-18 -14 -18 -15 -1 -45 14 -24 16 -35 7 -51 -9 -16 -8
-22 6 -27 24 -9 44 23 44 68 0 68 -16 84 -56 55z"/>
<path d="M7540 1450 c-12 -8 -16 -48 -19 -230 -4 -270 3 -350 29 -350 14 0 20
10 25 43 10 67 1 525 -10 536 -6 6 -16 7 -25 1z"/>
<path d="M5221 1354 c-12 -15 -21 -37 -21 -50 0 -12 -6 -24 -12 -27 -10 -3
-13 -35 -13 -118 1 -92 4 -121 19 -149 45 -84 106 -81 149 9 23 47 24 235 2
257 -8 9 -15 24 -15 35 0 64 -71 92 -109 43z m82 -114 c13 -50 1 -200 -17
-218 -21 -21 -40 -3 -56 53 -15 54 -9 167 10 189 22 27 53 16 63 -24z"/>
<path d="M5510 1330 l0 -50 70 0 c39 0 70 -3 70 -6 0 -3 -10 -20 -22 -37 -27
-38 -52 -110 -67 -191 -17 -91 -16 -98 17 -94 20 2 28 9 30 28 4 42 34 174 42
185 4 6 10 24 14 40 4 17 19 45 32 63 19 24 24 42 22 70 l-3 37 -102 3 -103 3
0 -51z"/>
<path d="M5754 1366 c-3 -8 -4 -29 -2 -48 3 -32 5 -33 48 -36 68 -4 76 -9 56
-30 -9 -10 -16 -27 -16 -38 0 -10 -7 -32 -16 -49 -15 -29 -27 -81 -41 -172 -6
-43 -5 -43 26 -43 34 0 37 6 45 100 15 162 21 188 49 214 24 22 28 33 25 69
l-3 42 -83 3 c-64 2 -84 0 -88 -12z"/>
<path d="M5415 1006 c-14 -10 -16 -19 -10 -42 5 -16 8 -44 6 -61 -2 -24 2 -33
13 -33 22 0 36 32 36 83 0 53 -17 73 -45 53z"/>
<path d="M7526 678 c-3 -29 -6 -143 -6 -253 0 -245 6 -305 30 -305 26 0 30 44
30 311 0 262 -4 299 -30 299 -13 0 -19 -12 -24 -52z"/>
<path d="M5204 623 c-26 -29 -34 -45 -32 -68 4 -43 38 -41 58 3 11 27 19 32
40 30 23 -3 25 -7 25 -53 -1 -59 -29 -124 -78 -178 -36 -41 -62 -106 -48 -120
4 -4 48 -7 97 -5 87 3 89 3 89 28 0 23 -4 25 -57 28 -66 3 -71 13 -29 55 16
16 32 40 36 54 3 14 13 32 20 40 8 8 15 23 15 33 0 10 5 22 10 25 20 13 10 72
-21 118 -41 62 -74 64 -125 10z"/>
<path d="M5625 641 c-3 -11 -26 -36 -50 -57 -45 -37 -57 -70 -30 -80 8 -3 28
4 45 16 16 12 30 18 31 13 0 -4 0 -74 -1 -154 -1 -118 1 -147 13 -152 35 -13
37 5 35 219 -3 185 -5 209 -20 212 -9 2 -19 -5 -23 -17z"/>
<path d="M5745 650 c-4 -6 -4 -22 -1 -36 6 -22 11 -24 61 -24 59 0 75 -12 52
-38 -8 -9 -18 -38 -21 -64 -4 -27 -11 -48 -15 -48 -8 0 -27 -89 -38 -172 -5
-37 -4 -38 26 -38 34 0 37 5 45 105 3 33 10 85 15 115 10 53 15 67 48 136 28
60 18 69 -79 72 -55 2 -89 -1 -93 -8z"/>
<path d="M5411 291 c-9 -6 -12 -18 -7 -37 10 -41 11 -56 2 -81 -6 -18 -4 -23
11 -23 32 0 43 21 43 81 0 43 -4 58 -16 63 -19 7 -16 8 -33 -3z"/>
</g>
</svg>
