<?xml version="1.0" encoding="UTF-8" standalone="no"?>
<svg
   xmlns:dc="http://purl.org/dc/elements/1.1/"
   xmlns:cc="http://creativecommons.org/ns#"
   xmlns:rdf="http://www.w3.org/1999/02/22-rdf-syntax-ns#"
   xmlns:svg="http://www.w3.org/2000/svg"
   xmlns="http://www.w3.org/2000/svg"
   xmlns:sodipodi="http://sodipodi.sourceforge.net/DTD/sodipodi-0.dtd"
   xmlns:inkscape="http://www.inkscape.org/namespaces/inkscape"
   version="1.0"
   width="75.066429"
   height="76.538315"
   viewBox="0 0 60.053143 61.230652"
   preserveAspectRatio="xMidYMid meet"
   id="svg3437"
   inkscape:version="0.48.4 r9939"
   sodipodi:docname="6b.svg">
  <defs
     id="defs3523">
    <clipPath
       clipPathUnits="userSpaceOnUse"
       id="clipPath3967">
      <rect
         style="fill:#ff0000;fill-opacity:1;stroke:none"
         id="rect3969"
         width="600.53143"
         height="612.30652"
         x="503.00504"
         y="-3057.3079"
         transform="scale(1,-1)" />
    </clipPath>
  </defs>
  <sodipodi:namedview
     pagecolor="#ffffff"
     bordercolor="#666666"
     borderopacity="1"
     objecttolerance="10"
     gridtolerance="10"
     guidetolerance="10"
     inkscape:pageopacity="0"
     inkscape:pageshadow="2"
     inkscape:window-width="1600"
     inkscape:window-height="824"
     id="namedview3521"
     showgrid="false"
     inkscape:zoom="0.67939827"
     inkscape:cx="172.66918"
     inkscape:cy="-77.844878"
     inkscape:window-x="0"
     inkscape:window-y="24"
     inkscape:window-maximized="1"
     inkscape:current-layer="svg3437"
     fit-margin-top="0"
     fit-margin-left="0"
     fit-margin-right="0"
     fit-margin-bottom="0" />
  <metadata
     id="metadata3439">
Created by potrace 1.10, written by Peter Selinger 2001-2011
<rdf:RDF>
  <cc:Work
     rdf:about="">
    <dc:format>image/svg+xml</dc:format>
    <dc:type
       rdf:resource="http://purl.org/dc/dcmitype/StillImage" />
    <dc:title />
  </cc:Work>
</rdf:RDF>
</metadata>
  <g
     transform="matrix(0.1,0,0,-0.1,-50.300504,305.73079)"
     id="g3441"
     clip-path="url(#clipPath3967)"
     style="fill:#000000;stroke:none">
    <path
       d="m 4670,3886 c 0,-40 -4,-47 -34,-65 -18,-12 -36,-21 -40,-21 -3,0 -24,16 -46,36 -24,22 -46,34 -55,30 -24,-9 -17,-31 20,-60 39,-31 42,-44 20,-86 -13,-25 -21,-30 -54,-30 -43,0 -68,-19 -49,-38 7,-7 29,-12 49,-12 32,0 40,-5 53,-32 23,-46 20,-63 -19,-89 -39,-26 -42,-52 -8,-57 14,-2 31,7 49,27 26,29 64,42 64,22 0,-5 10,-11 23,-13 19,-3 22,-9 22,-48 0,-39 3,-45 23,-48 23,-4 25,1 23,53 -1,26 4,33 37,48 51,23 58,22 84,-13 13,-18 31,-30 45,-30 34,0 29,33 -8,63 l -32,25 14,46 c 13,45 20,50 64,47 11,-1 29,5 39,12 19,14 19,15 -3,27 -13,6 -33,9 -45,6 -29,-7 -39,2 -55,48 -14,40 -14,40 23,74 41,37 42,62 1,62 -14,0 -25,-3 -25,-7 -1,-5 -11,-21 -23,-36 l -23,-28 -47,23 c -45,22 -47,25 -47,66 0,35 -3,42 -20,42 -17,0 -20,-7 -20,-44 z m 80,-105 c 0,-5 9,-12 19,-16 30,-9 54,-71 48,-122 -6,-53 -49,-97 -103,-108 -58,-10 -109,18 -139,79 -17,32 -20,86 -6,86 5,0 12,11 15,25 4,14 18,31 31,37 14,6 25,15 25,20 0,4 25,8 55,8 30,0 55,-4 55,-9 z"
       id="path3443"
       inkscape:connector-curvature="0" />
    <path
       d="m 5578,3870 c -21,-24 -36,-29 -80,-32 l -53,-3 -3,-54 c -3,-47 -8,-58 -38,-84 -19,-17 -34,-38 -34,-47 0,-9 15,-30 34,-47 30,-26 35,-37 38,-84 l 3,-54 49,-1 c 42,-2 53,-7 90,-43 23,-23 47,-41 54,-41 6,0 29,19 50,42 34,36 45,42 83,42 l 44,1 1,44 c 0,38 6,49 42,83 23,21 42,44 42,51 0,7 -18,29 -40,51 -22,21 -41,48 -41,60 -1,11 -2,35 -3,51 -1,29 -3,30 -53,33 -42,2 -60,9 -85,33 -40,36 -65,36 -100,-1 z m 72,-25 c 0,-8 -9,-15 -20,-15 -22,0 -27,15 -7,23 21,9 27,7 27,-8 z m 93,-86 c 38,-38 41,-46 45,-104 l 4,-64 -52,-51 -51,-52 -64,4 c -58,4 -66,7 -104,45 -40,40 -41,42 -41,109 0,67 1,69 42,111 42,42 43,43 111,43 68,0 70,-1 110,-41 z m -293,-109 c 0,-11 -7,-20 -15,-20 -17,0 -18,2 -9,24 9,23 24,20 24,-4 z m 386,9 c 10,-17 -13,-36 -27,-22 -12,12 -4,33 11,33 5,0 12,-5 16,-11 z m -190,-190 c 10,-17 -13,-36 -27,-22 -12,12 -4,33 11,33 5,0 12,-5 16,-11 z"
       id="path3445"
       inkscape:connector-curvature="0" />
    <path
       d="m 5587,3692 c -24,-26 -21,-65 6,-90 30,-29 50,-28 82,3 31,32 32,55 2,83 -28,27 -68,28 -90,4 z m 63,-42 c 0,-13 -7,-20 -20,-20 -19,0 -27,20 -13,33 13,14 33,6 33,-13 z"
       id="path3447"
       inkscape:connector-curvature="0" />
    <path
       d="m 744,3754 c -21,-31 -7,-49 30,-40 27,7 51,40 41,56 -12,20 -54,10 -71,-16 z"
       id="path3449"
       inkscape:connector-curvature="0" />
    <path
       d="m 3252,3751 c -17,-49 19,-58 58,-15 21,21 22,27 10,34 -30,19 -58,11 -68,-19 z"
       id="path3451"
       inkscape:connector-curvature="0" />
    <path
       d="m 6086,3764 c -22,-21 -21,-54 2,-54 28,1 66,35 59,54 -8,20 -41,21 -61,0 z"
       id="path3453"
       inkscape:connector-curvature="0" />
    <path
       d="m 199,3726 c -88,-60 -90,-175 -4,-241 67,-51 168,-21 199,60 9,23 16,49 16,60 0,41 -32,100 -66,123 -47,29 -100,29 -145,-2 z m 126,-46 c 10,-11 20,-41 22,-67 4,-39 1,-53 -17,-75 -28,-36 -83,-39 -111,-6 -25,28 -26,115 -1,146 23,29 82,30 107,2 z"
       id="path3455"
       inkscape:connector-curvature="0" />
    <path
       d="m 1156,3742 c -3,-5 -6,-68 -5,-140 0,-132 6,-152 38,-132 7,4 26,3 42,-3 26,-10 32,-8 57,16 24,24 27,35 27,92 0,57 -3,68 -28,92 -27,27 -28,28 -57,11 l -29,-16 -3,41 c -2,29 -8,43 -20,45 -9,2 -19,-1 -22,-6 z m 104,-112 c 26,-26 26,-80 0,-108 -26,-28 -35,-28 -54,0 -19,27 -20,67 -4,103 14,30 31,32 58,5 z"
       id="path3457"
       inkscape:connector-curvature="0" />
    <path
       d="m 1564,3744 c -8,-3 -10,-46 -8,-137 l 2,-132 26,-3 25,-3 3,128 c 3,145 -3,165 -48,147 z"
       id="path3459"
       inkscape:connector-curvature="0" />
    <path
       d="m 3080,3720 c 0,-11 -6,-30 -12,-41 -10,-17 -10,-23 0,-26 8,-3 12,-28 12,-78 0,-88 19,-122 63,-111 32,8 36,32 7,41 -17,5 -20,15 -20,67 0,44 5,67 17,81 17,18 17,20 1,31 -11,8 -15,20 -11,34 5,19 1,22 -26,22 -24,0 -31,-4 -31,-20 z"
       id="path3461"
       inkscape:connector-curvature="0" />
    <path
       d="m 3920,3720 c 0,-11 -6,-30 -12,-41 -10,-17 -10,-23 0,-26 8,-3 12,-28 12,-78 0,-100 14,-117 93,-108 l 57,6 0,84 0,84 30,6 c 31,6 41,30 15,39 -8,3 -36,1 -62,-4 -60,-13 -86,-2 -77,33 6,23 3,25 -25,25 -24,0 -31,-4 -31,-20 z m 98,-135 c 3,-71 -4,-90 -30,-80 -23,9 -30,113 -9,138 25,30 36,13 39,-58 z"
       id="path3463"
       inkscape:connector-curvature="0" />
    <path
       d="m 547,3662 c -15,-15 -27,-35 -27,-44 0,-21 45,-53 87,-62 37,-8 50,-32 25,-45 -12,-6 -26,-5 -42,5 -55,30 -89,6 -45,-32 38,-32 94,-32 123,-1 40,43 23,94 -38,112 -28,8 -50,24 -50,35 0,16 28,18 59,3 46,-23 63,-4 28,31 -36,36 -85,35 -120,-2 z"
       id="path3465"
       inkscape:connector-curvature="0" />
    <path
       d="m 878,3683 -38,-4 -2,-85 c -1,-46 -2,-92 -2,-101 -1,-12 8,-19 27,-21 l 27,-3 0,78 c 0,84 9,104 42,95 19,-5 20,-11 16,-83 -5,-88 2,-110 29,-93 15,9 17,22 15,72 -5,73 17,118 49,101 16,-8 19,-21 19,-89 0,-79 9,-101 34,-81 9,8 11,35 8,98 -3,73 -7,91 -24,106 -26,22 -55,22 -70,-2 -12,-19 -12,-19 -36,0 -14,10 -32,18 -41,17 -9,-1 -33,-3 -53,-5 z"
       id="path3467"
       inkscape:connector-curvature="0" />
    <path
       d="m 1373,3663 c -53,-57 -54,-116 -4,-171 37,-40 77,-42 120,-6 29,24 31,31 31,89 0,58 -2,65 -31,89 -41,35 -82,34 -116,-1 z m 93,-40 c 31,-41 8,-113 -36,-113 -43,0 -66,65 -38,110 16,25 56,26 74,3 z"
       id="path3469"
       inkscape:connector-curvature="0" />
    <path
       d="m 1669,3658 c -24,-27 -29,-41 -29,-84 0,-43 5,-57 29,-83 35,-38 71,-40 117,-9 36,25 44,43 44,102 0,30 -7,45 -34,72 -46,46 -86,46 -127,2 z m 97,-35 c 31,-41 8,-113 -36,-113 -43,0 -66,65 -38,110 16,25 56,26 74,3 z"
       id="path3471"
       inkscape:connector-curvature="0" />
    <path
       d="m 1972,3654 c -46,-55 -45,-109 3,-159 31,-33 38,-37 69,-31 33,6 35,5 38,-26 2,-25 8,-33 23,-33 19,0 20,5 16,135 -2,74 -4,136 -5,137 0,0 -26,4 -57,8 -56,7 -56,7 -87,-31 z m 94,-31 c 18,-25 17,-83 -2,-104 -16,-18 -42,-15 -56,5 -9,13 -10,78 -2,100 8,21 44,20 60,-1 z"
       id="path3473"
       inkscape:connector-curvature="0" />
    <path
       d="m 2173,3678 c -5,-7 -7,-50 -4,-95 8,-109 23,-126 103,-117 l 57,7 3,96 c 2,63 -1,101 -8,110 -22,25 -34,1 -34,-67 0,-76 -17,-113 -49,-105 -25,6 -34,43 -25,111 5,41 3,56 -7,63 -19,12 -25,11 -36,-3 z"
       id="path3475"
       inkscape:connector-curvature="0" />
    <path
       d="m 2415,3682 c -33,-23 -55,-67 -55,-111 0,-37 6,-52 31,-78 40,-44 85,-45 131,-4 30,27 31,30 14,37 -12,5 -30,1 -48,-9 -29,-17 -53,-13 -77,11 -21,21 -2,31 69,34 l 65,3 -2,35 c -3,59 -86,113 -128,82 z m 73,-62 c 10,-17 9,-20 -13,-26 -14,-3 -36,-3 -50,0 -22,6 -23,9 -13,26 7,11 24,20 38,20 14,0 31,-9 38,-20 z"
       id="path3477"
       inkscape:connector-curvature="0" />
    <path
       d="m 2709,3661 c -26,-26 -29,-36 -29,-89 0,-55 3,-63 31,-86 41,-35 91,-35 121,-1 12,14 26,25 31,25 5,0 22,-11 39,-25 53,-44 124,-26 144,38 8,26 -29,63 -71,71 -32,6 -51,28 -39,47 8,14 31,11 49,-7 16,-16 45,-13 45,6 0,21 -41,50 -70,50 -34,0 -80,-41 -80,-71 0,-21 43,-53 83,-63 22,-5 28,-12 25,-29 -4,-26 -30,-34 -49,-14 -18,17 -119,18 -137,0 -19,-18 -39,-16 -62,7 -30,30 -17,40 55,40 46,0 64,4 68,15 4,8 2,17 -3,20 -6,4 -10,14 -10,23 0,10 -11,30 -25,45 -35,37 -77,36 -116,-2 z m 86,-25 c 28,-20 12,-46 -28,-46 -45,0 -51,9 -25,37 25,27 28,27 53,9 z"
       id="path3479"
       inkscape:connector-curvature="0" />
    <path
       d="m 3217,3670 c -50,-40 -24,-68 29,-33 24,15 26,15 46,-4 27,-28 18,-39 -43,-54 -61,-16 -81,-44 -59,-84 16,-31 54,-42 91,-28 15,6 33,7 40,3 30,-19 39,1 36,84 -4,94 -19,126 -59,126 -14,0 -33,2 -40,5 -8,3 -26,-4 -41,-15 z m 88,-120 c 8,-13 -26,-50 -47,-50 -24,0 -31,16 -18,40 11,21 54,28 65,10 z"
       id="path3481"
       inkscape:connector-curvature="0" />
    <path
       d="m 3519,3661 c -26,-26 -29,-36 -29,-89 0,-55 3,-63 31,-86 42,-35 90,-35 123,1 14,15 23,30 20,35 -8,13 -34,9 -50,-7 -21,-20 -40,-19 -64,5 -30,30 -17,40 55,40 70,0 79,8 60,52 -33,81 -93,101 -146,49 z m 86,-25 c 28,-21 12,-46 -30,-46 -38,0 -44,13 -18,42 19,22 24,22 48,4 z"
       id="path3483"
       inkscape:connector-curvature="0" />
    <path
       d="m 3713,3676 c -3,-4 -6,-53 -7,-108 -2,-75 1,-101 11,-105 28,-11 39,15 35,75 -3,45 0,66 13,86 20,31 28,32 50,9 15,-14 16,-29 11,-89 -6,-62 -4,-73 10,-78 30,-11 39,11 36,87 -3,76 -17,126 -36,129 -35,5 -119,2 -123,-6 z"
       id="path3485"
       inkscape:connector-curvature="0" />
    <path
       d="m 4175,3663 c -68,-74 -29,-203 60,-203 35,0 85,33 85,56 0,18 -20,18 -55,0 -33,-17 -70,-7 -70,20 0,16 10,20 65,24 43,3 65,9 64,18 -1,6 -2,21 -2,31 -1,11 -14,33 -28,50 -34,41 -82,43 -119,4 z m 95,-43 c 12,-23 4,-30 -36,-30 -36,0 -47,10 -38,34 11,29 57,27 74,-4 z"
       id="path3487"
       inkscape:connector-curvature="0" />
    <path
       d="m 5108,3668 c -55,-51 -62,-116 -17,-171 25,-31 37,-37 68,-37 41,0 91,31 91,56 0,18 -20,18 -54,0 -31,-16 -62,-11 -70,11 -10,26 4,33 65,33 l 59,0 0,38 c 0,77 -87,119 -142,70 z m 92,-48 c 12,-23 4,-30 -36,-30 -36,0 -47,10 -38,34 11,29 57,27 74,-4 z"
       id="path3489"
       inkscape:connector-curvature="0" />
    <path
       d="m 6081,3681 c -49,-9 -73,-46 -73,-112 1,-47 5,-57 32,-81 40,-37 87,-37 129,-2 17,14 29,30 25,35 -7,12 -51,11 -59,-1 -11,-18 -64,-11 -74,9 -15,27 -5,31 71,31 60,0 68,2 68,19 0,36 -57,115 -79,110 -3,-1 -21,-4 -40,-8 z m 44,-45 c 28,-20 12,-46 -28,-46 -45,0 -51,9 -25,37 25,27 28,27 53,9 z"
       id="path3491"
       inkscape:connector-curvature="0" />
    <path
       d="m 740,3576 0,-106 30,0 31,0 -3,103 -3,102 -27,3 -28,3 0,-105 z"
       id="path3493"
       inkscape:connector-curvature="0" />
    <path
       d="m 660,2961 c -49,-13 -67,-106 -30,-154 11,-14 20,-28 20,-32 0,-4 19,-32 43,-63 43,-58 58,-84 73,-136 13,-43 25,-38 48,20 12,28 46,84 76,124 30,41 63,94 72,118 17,43 16,45 -7,82 -39,61 -108,62 -143,0 -17,-30 -42,-40 -42,-17 -1,39 -62,71 -110,58 z"
       id="path3495"
       inkscape:connector-curvature="0" />
    <path
       d="m 215,2874 c -8,-20 -15,-42 -15,-48 -1,-6 -9,-29 -20,-51 -11,-22 -19,-47 -20,-56 0,-9 -6,-19 -14,-22 -19,-8 -26,-55 -10,-68 17,-14 44,-5 44,14 0,8 7,28 16,45 13,26 21,32 48,32 35,0 66,-25 66,-53 0,-24 27,-46 50,-40 26,7 25,12 -5,68 -13,26 -27,62 -31,81 -3,19 -10,34 -15,34 -5,0 -12,18 -15,40 -6,38 -26,60 -53,60 -6,0 -18,-16 -26,-36 z m 65,-101 c 0,-17 -17,-25 -40,-18 -16,5 -19,12 -14,33 4,15 9,31 12,36 6,10 41,-33 42,-51 z"
       id="path3497"
       inkscape:connector-curvature="0" />
    <path
       d="m 393,2903 c -14,-5 -18,-33 -5,-33 18,0 42,-79 42,-141 0,-50 -6,-74 -25,-108 -20,-34 -23,-46 -13,-53 28,-17 58,1 58,34 0,10 4,18 9,18 19,0 34,110 23,165 -18,89 -52,134 -89,118 z"
       id="path3499"
       inkscape:connector-curvature="0" />
    <path
       d="m 733,2173 c -3,-10 -33,-43 -65,-74 -61,-59 -73,-91 -39,-108 36,-20 53,-117 30,-178 -5,-15 -22,-38 -37,-50 -15,-11 -24,-25 -20,-29 6,-5 244,-9 301,-5 16,2 6,31 -18,49 -23,18 -25,26 -25,100 0,72 3,84 25,108 14,15 25,33 25,40 0,15 -147,164 -162,164 -5,0 -11,-8 -15,-17 z m 46,-131 c 5,-9 11,-68 13,-129 l 3,-112 -23,6 c -12,3 -29,0 -37,-7 -13,-11 -15,1 -15,93 0,90 -3,108 -17,116 -17,10 -17,10 -1,11 10,0 22,9 28,20 13,25 36,26 49,2 z"
       id="path3501"
       inkscape:connector-curvature="0" />
    <path
       d="m 159,2090 c -14,-8 -17,-30 -17,-135 0,-146 0,-145 97,-145 53,0 63,3 90,31 34,34 41,78 16,99 -17,14 -21,60 -5,60 17,0 10,44 -11,70 -18,21 -31,25 -87,27 -37,2 -74,-1 -83,-7 z m 117,-38 c 18,-12 24,-42 13,-63 -8,-16 -19,-19 -47,-17 -32,3 -37,7 -40,31 -2,16 -1,35 2,43 6,15 53,19 72,6 z m 15,-122 c 45,-24 0,-85 -58,-78 -22,2 -29,9 -31,31 -2,16 -1,35 2,43 6,16 59,19 87,4 z"
       id="path3503"
       inkscape:connector-curvature="0" />
    <path
       d="m 398,2093 c -22,-6 -23,-1 8,-58 18,-35 25,-63 25,-106 1,-56 -25,-139 -43,-139 -17,0 -7,-29 12,-35 23,-7 50,10 50,32 0,7 8,26 17,40 28,42 24,155 -7,217 -26,51 -33,57 -62,49 z"
       id="path3505"
       inkscape:connector-curvature="0" />
    <path
       d="m 187,1286 c -44,-41 -60,-77 -51,-124 16,-82 64,-132 130,-132 35,0 49,7 85,38 29,27 40,44 36,55 -10,26 -36,20 -67,-13 -57,-61 -120,-27 -120,65 0,65 22,95 71,95 26,0 37,-6 44,-22 6,-13 20,-24 33,-26 33,-5 29,37 -6,71 -43,41 -106,38 -155,-7 z"
       id="path3507"
       inkscape:connector-curvature="0" />
    <path
       d="m 405,1309 c -4,-5 -1,-18 7,-27 8,-9 23,-45 33,-80 18,-61 18,-64 -1,-120 -10,-31 -25,-61 -31,-65 -18,-11 -16,-36 3,-44 18,-7 64,33 64,57 0,9 5,21 11,27 20,20 23,120 4,170 -27,73 -71,113 -90,82 z"
       id="path3509"
       inkscape:connector-curvature="0" />
    <path
       d="m 738,1294 c -27,-14 -33,-30 -28,-81 1,-20 -3,-23 -34,-23 -62,0 -87,-70 -45,-124 27,-34 65,-34 101,1 25,23 32,26 48,15 11,-7 26,-12 34,-12 8,0 16,-7 20,-15 16,-41 116,11 116,61 0,38 -37,74 -77,74 -33,0 -34,1 -28,29 5,22 0,35 -20,60 -30,34 -47,37 -87,15 z"
       id="path3511"
       inkscape:connector-curvature="0" />
    <path
       d="m 752,1025 c -17,-14 -46,-32 -66,-40 -20,-9 -36,-19 -36,-25 0,-8 218,-19 240,-12 20,7 9,22 -25,36 -19,8 -46,27 -59,41 l -24,26 -30,-26 z"
       id="path3513"
       inkscape:connector-curvature="0" />
    <path
       d="m 613,557 c -6,-10 44,-114 58,-123 5,-3 9,-13 9,-23 0,-10 7,-24 15,-31 8,-7 15,-20 15,-30 0,-10 7,-23 15,-30 8,-7 15,-18 15,-25 0,-8 9,-34 20,-60 24,-55 38,-51 61,17 15,46 91,200 127,258 12,19 21,39 19,44 -4,12 -347,14 -354,3 z"
       id="path3515"
       inkscape:connector-curvature="0" />
    <path
       d="m 163,533 c -10,-3 -13,-41 -13,-138 0,-152 -4,-145 92,-145 58,0 63,2 100,40 36,39 38,44 38,104 0,57 -3,66 -36,104 -35,42 -36,42 -102,41 -37,0 -73,-3 -79,-6 z m 155,-88 c 14,-42 9,-99 -12,-127 -10,-14 -52,-22 -93,-19 -17,1 -18,188 -2,193 7,2 30,1 53,-2 37,-5 42,-9 54,-45 z"
       id="path3517"
       inkscape:connector-curvature="0" />
    <path
       d="m 407,526 c -3,-8 0,-19 7,-25 7,-6 21,-41 31,-77 17,-64 17,-68 -1,-122 -11,-32 -25,-62 -33,-68 -17,-13 -8,-44 12,-44 7,0 23,10 34,23 49,54 68,172 38,231 -8,15 -15,34 -15,40 0,15 -42,56 -57,56 -6,0 -13,-6 -16,-14 z"
       id="path3519"
       inkscape:connector-curvature="0" />
  </g>
</svg>
