<?xml version="1.0" encoding="UTF-8" standalone="no"?>
<svg
   xmlns:dc="http://purl.org/dc/elements/1.1/"
   xmlns:cc="http://creativecommons.org/ns#"
   xmlns:rdf="http://www.w3.org/1999/02/22-rdf-syntax-ns#"
   xmlns:svg="http://www.w3.org/2000/svg"
   xmlns="http://www.w3.org/2000/svg"
   xmlns:sodipodi="http://sodipodi.sourceforge.net/DTD/sodipodi-0.dtd"
   xmlns:inkscape="http://www.inkscape.org/namespaces/inkscape"
   version="1.0"
   width="390.15814"
   height="351.93188"
   viewBox="0 0 312.12651 281.54551"
   preserveAspectRatio="xMidYMid meet"
   id="svg3115"
   inkscape:version="0.48.4 r9939"
   sodipodi:docname="7d.svg">
  <defs
     id="defs3157">
    <clipPath
       clipPathUnits="userSpaceOnUse"
       id="clipPath3972">
      <rect
         style="fill:#ffffff;fill-opacity:1;stroke:#000000;stroke-width:0;stroke-miterlimit:4;stroke-opacity:1;stroke-dasharray:none"
         id="rect3974"
         width="3507.8042"
         height="3535.5339"
         x="5378.9395"
         y="-3551.7776"
         transform="scale(1,-1)" />
    </clipPath>
    <clipPath
       clipPathUnits="userSpaceOnUse"
       id="clipPath3976">
      <rect
         style="fill:#ffffff;fill-opacity:1;stroke:#000000;stroke-width:0;stroke-miterlimit:4;stroke-opacity:1;stroke-dasharray:none"
         id="rect3978"
         width="3507.8042"
         height="3535.5339"
         x="5378.9395"
         y="-3551.7776"
         transform="scale(1,-1)" />
    </clipPath>
    <clipPath
       clipPathUnits="userSpaceOnUse"
       id="clipPath3980">
      <rect
         style="fill:#ffffff;fill-opacity:1;stroke:#000000;stroke-width:0;stroke-miterlimit:4;stroke-opacity:1;stroke-dasharray:none"
         id="rect3982"
         width="3507.8042"
         height="3535.5339"
         x="5378.9395"
         y="-3551.7776"
         transform="scale(1,-1)" />
    </clipPath>
    <clipPath
       clipPathUnits="userSpaceOnUse"
       id="clipPath3984">
      <rect
         style="fill:#ffffff;fill-opacity:1;stroke:#000000;stroke-width:0;stroke-miterlimit:4;stroke-opacity:1;stroke-dasharray:none"
         id="rect3986"
         width="3507.8042"
         height="3535.5339"
         x="5378.9395"
         y="-3551.7776"
         transform="scale(1,-1)" />
    </clipPath>
    <clipPath
       clipPathUnits="userSpaceOnUse"
       id="clipPath3988">
      <rect
         style="fill:#ffffff;fill-opacity:1;stroke:#000000;stroke-width:0;stroke-miterlimit:4;stroke-opacity:1;stroke-dasharray:none"
         id="rect3990"
         width="3507.8042"
         height="3535.5339"
         x="5378.9395"
         y="-3551.7776"
         transform="scale(1,-1)" />
    </clipPath>
  </defs>
  <sodipodi:namedview
     pagecolor="#ffffff"
     bordercolor="#666666"
     borderopacity="1"
     objecttolerance="10"
     gridtolerance="10"
     guidetolerance="10"
     inkscape:pageopacity="0"
     inkscape:pageshadow="2"
     inkscape:window-width="1600"
     inkscape:window-height="824"
     id="namedview3155"
     showgrid="false"
     inkscape:zoom="0.28849957"
     inkscape:cx="-967.37454"
     inkscape:cy="232.67645"
     inkscape:window-x="0"
     inkscape:window-y="24"
     inkscape:window-maximized="1"
     inkscape:current-layer="g3119"
     fit-margin-top="0"
     fit-margin-left="0"
     fit-margin-right="0"
     fit-margin-bottom="0" />
  <metadata
     id="metadata3117">
Created by potrace 1.10, written by Peter Selinger 2001-2011
<rdf:RDF>
  <cc:Work
     rdf:about="">
    <dc:format>image/svg+xml</dc:format>
    <dc:type
       rdf:resource="http://purl.org/dc/dcmitype/StillImage" />
    <dc:title></dc:title>
  </cc:Work>
</rdf:RDF>
</metadata>
  <g
     transform="matrix(0.1,0,0,-0.1,-558.9,322.72088)"
     id="g3119"
     style="fill:#000000;stroke:none">
    <path
       d="m 2629,3474 c -6,-16 -17,-56 -25,-89 -25,-104 -63,-237 -110,-386 -7,-26 -14,-55 -14,-65 0,-11 -12,-53 -26,-94 -27,-78 -49,-184 -64,-305 -4,-38 -22,-119 -39,-180 -17,-60 -31,-123 -31,-138 0,-35 -35,-87 -58,-87 -25,0 -108,-28 -177,-60 -33,-15 -71,-31 -85,-35 -45,-12 -195,-66 -215,-78 -11,-6 -36,-14 -55,-18 -110,-24 -138,-32 -167,-45 -17,-8 -36,-14 -42,-14 -6,0 -19,-4 -29,-9 -51,-28 -204,-87 -272,-106 -65,-18 -90,-37 -90,-67 0,-24 6,-32 35,-44 19,-7 43,-14 54,-14 19,0 71,-14 201,-56 41,-13 127,-37 190,-53 63,-17 146,-39 185,-51 38,-11 105,-23 150,-26 44,-4 113,-17 153,-30 40,-13 85,-24 100,-25 49,-1 127,-34 130,-55 5,-33 33,-128 43,-148 6,-10 19,-53 30,-95 26,-100 64,-201 106,-278 18,-34 33,-70 33,-81 0,-10 4,-22 8,-28 5,-5 17,-31 26,-59 10,-27 33,-84 51,-125 18,-41 40,-95 50,-120 9,-25 21,-53 26,-63 6,-10 14,-37 19,-60 27,-130 47,-168 82,-155 8,3 20,32 27,64 7,33 19,80 27,106 8,26 14,55 14,66 0,10 6,38 14,63 35,115 47,162 71,269 14,63 32,140 41,170 8,30 19,80 25,110 6,30 14,69 19,85 21,70 40,190 40,248 0,34 4,68 9,75 10,16 126,49 236,67 78,13 283,80 388,127 29,13 79,32 112,42 33,11 74,25 90,31 17,7 55,21 85,30 30,10 60,21 65,25 6,4 42,17 80,29 39,13 74,27 80,32 5,5 23,9 40,9 55,0 100,54 63,76 -20,13 -140,45 -203,55 -33,5 -68,14 -77,19 -10,6 -36,10 -58,10 -21,0 -59,6 -82,14 -24,8 -63,17 -88,20 -24,4 -49,11 -55,15 -5,4 -19,10 -30,13 -11,3 -56,16 -100,28 -44,12 -107,28 -140,36 -33,7 -82,20 -110,28 -129,40 -193,55 -225,56 -55,1 -80,29 -80,87 0,48 -20,121 -47,172 -7,15 -13,35 -13,46 0,12 -4,25 -8,30 -4,6 -18,44 -31,85 -13,41 -30,90 -37,108 -8,18 -14,38 -14,45 0,7 -14,39 -30,71 -17,32 -30,66 -30,76 0,9 -3,20 -6,23 -7,7 -21,44 -63,167 -12,36 -29,77 -37,92 -8,14 -14,41 -14,60 0,49 -67,252 -90,273 -19,17 -20,17 -31,-11 z m 54,-185 c 4,-19 13,-50 19,-69 6,-19 15,-53 19,-75 13,-71 30,-130 40,-140 5,-5 9,-18 9,-30 0,-11 6,-30 14,-41 8,-11 18,-38 21,-60 4,-21 16,-53 26,-70 21,-35 99,-267 99,-295 0,-10 4,-20 9,-23 5,-3 12,-18 16,-33 3,-15 17,-50 29,-78 52,-117 78,-211 62,-223 -8,-6 -575,-8 -678,-2 -12,0 -9,36 6,72 41,101 63,188 76,313 8,80 31,194 51,250 6,17 15,46 19,65 35,144 61,240 71,265 9,24 45,148 54,188 8,37 27,30 38,-14 z m 507,-1204 c 99,-30 183,-53 325,-90 77,-20 163,-42 190,-50 110,-30 137,-36 202,-41 38,-3 77,-10 88,-15 23,-10 89,-27 159,-39 27,-5 51,-12 54,-15 11,-10 -16,-27 -59,-36 -24,-5 -80,-23 -124,-41 -44,-17 -89,-34 -100,-38 -63,-22 -94,-33 -125,-41 -19,-6 -55,-19 -80,-31 -24,-11 -119,-44 -210,-74 -91,-30 -172,-58 -180,-63 -9,-5 -36,-12 -60,-16 -25,-4 -71,-16 -102,-27 -32,-11 -64,-18 -73,-15 -13,6 -15,48 -15,333 l 0,326 28,-5 c 15,-3 52,-13 82,-22 z m -876,9 c 14,-5 16,-44 16,-335 0,-326 0,-329 -21,-329 -11,0 -30,5 -41,11 -25,14 -118,36 -207,50 -36,6 -72,14 -80,19 -9,4 -51,13 -95,20 -43,6 -97,19 -120,27 -39,14 -91,27 -216,54 -30,6 -64,15 -75,19 -40,16 -121,39 -177,50 -65,13 -77,34 -25,45 61,13 132,38 191,66 33,16 67,29 77,29 10,0 21,5 24,10 3,6 14,10 23,10 9,0 30,7 46,15 15,8 36,15 45,15 9,0 28,7 43,14 16,8 48,18 73,22 25,3 48,10 51,15 3,5 17,9 32,9 15,1 45,9 67,20 22,11 46,19 53,20 7,0 20,4 30,9 44,22 91,42 139,60 28,11 68,29 89,41 45,23 38,22 58,14 z m 604,-67 c 28,-14 63,-77 63,-115 0,-157 -9,-371 -15,-385 -11,-23 -25,-25 -206,-33 -157,-7 -186,-7 -251,0 -56,5 -59,10 -59,96 0,43 -4,81 -8,84 -5,3 -10,70 -11,150 -2,145 5,186 33,186 8,0 19,6 26,14 15,20 55,23 245,18 94,-2 170,-8 183,-15 z m 120,-654 c 24,-20 25,-12 -24,-175 -8,-29 -27,-100 -41,-158 -13,-58 -35,-143 -48,-190 -13,-47 -29,-110 -35,-140 -31,-141 -40,-182 -64,-275 -14,-55 -26,-114 -26,-131 0,-42 -27,-53 -40,-18 -6,14 -10,41 -10,60 0,43 -26,127 -54,174 -12,19 -29,60 -40,90 -10,30 -27,74 -37,97 -10,23 -19,45 -19,48 0,3 -17,43 -39,88 -21,45 -62,154 -91,242 -28,88 -64,186 -80,217 -23,44 -26,59 -16,67 12,10 56,12 467,19 157,3 177,2 197,-15 z"
       id="path3121"
       clip-path="url(#clipPath3988)"
       inkscape:connector-curvature="0" />
    <path
       d="m 6427,3195 c -49,-19 -103,-45 -120,-57 -68,-47 -137,-113 -137,-129 0,-15 -15,-52 -42,-99 -4,-8 -10,-19 -12,-25 -34,-96 -35,-186 -5,-265 12,-30 23,-65 26,-77 3,-12 11,-28 19,-34 8,-6 14,-19 14,-29 0,-21 102,-120 124,-120 18,0 86,-39 86,-49 0,-21 -26,-26 -112,-19 -118,9 -668,6 -674,-4 -3,-4 -5,-218 -5,-475 1,-362 4,-470 13,-478 9,-7 307,-8 943,-5 512,3 934,2 939,-2 12,-9 -24,-44 -64,-61 -20,-8 -47,-28 -61,-44 -14,-17 -35,-34 -47,-37 -32,-11 -89,-120 -96,-183 -3,-29 -10,-62 -16,-73 -8,-15 -8,-31 -1,-53 6,-18 13,-57 17,-87 8,-65 49,-147 85,-169 14,-9 42,-35 63,-59 88,-98 170,-137 308,-149 101,-8 214,23 288,79 28,21 54,38 58,38 11,0 64,57 101,109 21,30 31,56 31,80 0,20 9,51 20,69 24,40 28,146 6,178 -8,11 -17,41 -21,67 -4,25 -13,52 -21,58 -8,6 -14,19 -14,28 -1,9 -6,26 -13,38 -14,25 -121,107 -153,117 -24,7 -72,55 -58,57 55,6 709,-5 738,-12 33,-9 42,-8 58,9 18,18 19,38 18,471 0,283 -4,460 -11,474 l -10,22 -931,2 c -512,2 -934,5 -937,8 -11,12 16,40 56,60 69,34 178,149 207,220 24,56 23,280 -2,316 -9,14 -33,50 -54,80 -45,67 -94,114 -180,172 -81,55 -116,66 -238,72 -91,5 -99,4 -183,-30 z m 241,-73 c 19,-12 27,-13 47,-2 20,11 27,11 40,0 8,-7 15,-19 15,-26 0,-9 11,-14 28,-14 41,0 59,-15 43,-34 -11,-13 -11,-17 3,-22 9,-3 26,-4 37,-1 25,7 36,-17 19,-38 -10,-12 -9,-16 3,-21 8,-3 18,-17 22,-32 6,-26 7,-26 20,-8 12,16 16,16 28,5 41,-42 56,-271 20,-308 -8,-7 -13,-23 -12,-35 3,-23 -17,-66 -31,-66 -5,0 -11,8 -13,18 -3,9 -5,4 -4,-12 2,-30 -10,-41 -55,-51 -29,-6 -39,-25 -13,-25 8,0 15,-3 15,-6 0,-11 -94,-109 -105,-109 -5,-1 -23,-9 -38,-20 -23,-15 -48,-18 -130,-19 -136,0 -185,14 -216,64 -13,21 -41,48 -62,60 -22,12 -37,26 -33,31 3,5 -5,23 -18,39 -59,76 -68,89 -68,103 0,8 -8,38 -17,67 -17,53 -17,53 5,68 14,9 22,24 21,41 0,25 0,25 -9,4 -11,-28 -40,-30 -40,-4 0,21 23,45 33,34 4,-3 7,7 7,23 0,43 18,101 34,107 7,3 16,19 19,36 4,18 13,31 22,31 8,0 29,16 47,35 20,22 45,37 63,39 44,6 67,16 95,42 14,12 36,24 50,27 38,6 102,-4 128,-21 z m 247,-891 c 51,-5 437,-10 885,-10 692,-1 796,-3 806,-16 6,-8 16,-15 23,-15 8,0 11,-100 11,-369 0,-203 2,-375 5,-383 3,-7 1,-20 -5,-28 -8,-13 -62,-16 -337,-22 -180,-3 -425,-9 -543,-13 -171,-5 -234,-4 -309,8 -77,13 -222,16 -835,17 -872,2 -924,3 -935,16 -5,5 -11,21 -15,36 -5,21 -2,28 14,33 25,8 25,11 -1,66 -25,49 -39,136 -21,125 6,-3 14,-1 18,5 4,6 6,128 5,270 l -2,258 23,5 c 13,3 163,7 333,10 171,2 325,8 343,13 43,11 422,7 537,-6 z m 883,-917 c 59,-7 65,-10 98,-50 20,-23 39,-55 43,-71 6,-20 14,-27 29,-26 14,2 23,-5 28,-20 4,-12 19,-38 34,-57 31,-40 47,-92 62,-197 8,-61 7,-77 -6,-95 -9,-12 -16,-35 -16,-51 0,-19 -10,-38 -30,-57 -16,-15 -30,-35 -30,-44 0,-9 -6,-16 -14,-16 -8,0 -18,-9 -21,-20 -3,-11 -17,-23 -31,-26 -13,-3 -24,-12 -24,-20 0,-8 -10,-14 -26,-14 -16,0 -23,-4 -18,-11 9,-16 -15,-29 -56,-29 -19,-1 -52,-7 -72,-14 -38,-14 -85,-7 -148,22 -14,6 -43,14 -64,17 -25,4 -48,17 -65,36 -14,16 -30,29 -36,29 -18,0 -44,38 -39,57 4,14 -2,23 -20,31 -14,6 -26,16 -26,20 0,5 -11,20 -24,34 -28,28 -43,73 -27,82 14,9 14,53 1,61 -13,8 -13,82 0,90 6,4 8,21 4,41 -5,25 -3,34 7,34 8,0 23,20 33,43 10,23 44,67 75,97 31,30 65,68 76,84 17,23 32,30 90,41 39,7 88,11 110,9 22,-2 68,-7 103,-10 z"
       id="path3123"
       clip-path="url(#clipPath3984)"
       inkscape:connector-curvature="0" />
    <path
       d="m 4829,2904 c -10,-12 -6,-21 18,-47 43,-46 57,-103 42,-176 -8,-43 -19,-67 -40,-87 -38,-37 -38,-64 -1,-64 22,0 36,10 60,44 63,88 64,204 1,291 -34,47 -62,61 -80,39 z"
       id="path3127"
       clip-path="url(#clipPath3980)"
       inkscape:connector-curvature="0" />
    <path
       d="m 4547,2893 c -12,-11 -8,-40 8,-53 21,-17 20,-157 0,-184 -8,-11 -15,-28 -15,-38 0,-16 10,-18 85,-18 98,0 130,12 169,63 19,25 26,46 26,81 0,61 -21,100 -70,131 -34,21 -52,25 -118,25 -43,0 -82,-3 -85,-7 z m 196,-84 c 10,-13 17,-38 17,-63 0,-55 -32,-88 -87,-90 l -38,-1 -3,85 c -2,69 0,87 13,96 22,16 74,1 98,-27 z"
       id="path3129"
       clip-path="url(#clipPath3976)"
       inkscape:connector-curvature="0" />
    <path
       d="m 225,2396 c -85,-39 -121,-141 -75,-209 29,-42 89,-77 133,-77 30,0 43,7 95,50 32,28 -8,42 -44,15 -29,-22 -72,-18 -99,10 -32,31 -35,108 -5,143 26,31 98,43 112,18 10,-18 53,-22 63,-6 10,17 20,11 38,-23 35,-65 21,-187 -27,-226 -9,-8 -16,-22 -16,-32 0,-56 67,-12 109,73 25,50 30,68 24,102 -8,53 -26,93 -57,131 -22,27 -30,30 -88,32 -34,1 -79,4 -98,7 -21,4 -47,0 -65,-8 z"
       id="path3139"
       clip-path="url(#clipPath3972)"
       inkscape:connector-curvature="0" />
  </g>
</svg>
