<?xml version="1.0" standalone="no"?>
<!DOCTYPE svg PUBLIC "-//W3C//DTD SVG 20010904//EN"
 "http://www.w3.org/TR/2001/REC-SVG-20010904/DTD/svg10.dtd">
<svg version="1.0" xmlns="http://www.w3.org/2000/svg"
 width="900.000000pt" height="486.000000pt" viewBox="0 0 900.000000 486.000000"
 preserveAspectRatio="xMidYMid meet">
<metadata>
Created by potrace 1.10, written by Peter Selinger 2001-2011
</metadata>
<g transform="translate(0.000000,486.000000) scale(0.100000,-0.100000)"
fill="#000000" stroke="none">
<path d="M78 4815 c-7 -7 3 -108 11 -118 4 -4 35 -4 68 1 66 9 103 1 103 -22
0 -19 39 -41 50 -29 5 4 10 19 12 33 3 25 4 25 86 23 l83 -3 6 30 c7 38 18 38
38 0 12 -23 22 -30 46 -30 16 0 31 6 33 13 17 54 15 53 42 19 32 -40 65 -42
92 -5 l19 26 23 -26 c13 -15 34 -27 46 -27 30 0 56 27 52 54 -2 16 -13 23 -51
30 -32 6 -54 6 -65 0 -10 -7 -33 -7 -63 -2 -25 5 -56 5 -69 0 -26 -10 -110 6
-110 21 0 5 -12 6 -26 3 -14 -4 -31 -2 -38 3 -19 16 -47 -9 -55 -49 -9 -46
-35 -47 -39 -2 -3 33 -4 33 -55 32 -29 0 -71 1 -94 2 -23 1 -48 -4 -56 -10
-11 -9 -19 -7 -37 13 -23 24 -41 31 -52 20z m390 -60 c-2 -14 -7 -26 -13 -26
-5 0 -11 12 -13 26 -2 18 1 25 13 25 12 0 15 -7 13 -25z"/>
<path d="M1877 4814 c-8 -8 3 -106 13 -117 4 -5 17 -4 27 2 14 7 32 7 58 0 35
-10 40 -9 56 13 l18 23 31 -30 c27 -26 33 -28 43 -15 9 12 29 15 82 13 38 -1
80 -5 93 -8 12 -3 27 -3 32 0 14 9 199 12 208 3 4 -4 50 -4 102 1 63 6 99 5
108 -1 16 -14 42 7 42 34 0 10 7 21 15 25 22 8 30 -4 15 -22 -18 -21 4 -45 42
-45 29 0 32 3 43 53 8 38 38 32 45 -8 5 -30 6 -30 76 -31 86 -2 98 3 85 38
-11 30 -82 54 -135 45 -28 -4 -38 -1 -50 16 l-15 22 -7 -24 c-7 -23 -10 -23
-71 -18 -35 4 -87 2 -115 -3 -35 -7 -55 -7 -62 0 -17 17 -64 11 -84 -10 -19
-21 -19 -21 -25 -1 -4 18 -13 20 -78 19 -41 0 -85 -6 -99 -13 -21 -11 -29 -11
-45 2 -15 11 -34 13 -75 8 -30 -4 -76 -7 -102 -6 -26 0 -50 -4 -53 -9 -13 -20
-27 -10 -21 15 5 20 3 25 -12 25 -10 0 -22 -4 -27 -9 -6 -5 -29 -11 -52 -15
-36 -5 -46 -3 -60 14 -17 20 -34 25 -46 14z m263 -75 c0 -18 -2 -19 -15 -9 -8
7 -15 16 -15 21 0 5 7 9 15 9 9 0 15 -9 15 -21z m570 6 c0 -8 -4 -15 -10 -15
-5 0 -10 7 -10 15 0 8 5 15 10 15 6 0 10 -7 10 -15z"/>
<path d="M3531 4806 c-7 -8 -29 -16 -49 -18 l-37 -3 -3 -67 c-2 -56 0 -68 12
-68 17 0 29 34 24 71 -4 31 15 37 22 7 5 -20 12 -23 53 -23 47 0 66 -13 67
-42 0 -7 4 -13 10 -13 17 0 32 40 25 70 -8 35 12 50 21 15 8 -31 28 -28 32 5
7 43 -60 68 -88 35 -12 -14 -17 -12 -45 15 -28 27 -34 29 -44 16z"/>
<path d="M3725 4810 c-5 -9 32 -48 67 -71 14 -9 13 -66 -2 -84 -7 -8 -28 -15
-50 -15 -21 0 -43 -7 -50 -15 -7 -8 -27 -15 -45 -15 -18 0 -52 -7 -76 -16 -24
-9 -75 -24 -112 -34 -82 -21 -82 -21 -74 86 3 42 1 87 -4 102 -8 25 -14 27
-63 27 -30 0 -58 -3 -62 -8 -4 -4 -15 0 -24 8 -13 12 -28 14 -59 9 -38 -6 -40
-8 -35 -33 6 -25 29 -51 46 -51 4 0 13 9 20 19 11 18 13 17 31 -17 15 -29 18
-51 15 -126 -3 -87 -2 -91 19 -94 12 -2 33 4 46 13 13 8 55 18 92 22 42 4 69
11 72 20 3 9 24 13 63 13 42 0 59 4 64 15 4 11 21 15 65 15 40 0 60 4 64 14 3
7 26 16 51 19 26 4 60 14 76 22 17 9 60 19 95 22 40 4 70 12 77 21 10 12 10
16 1 19 -16 6 -16 28 -1 53 14 22 12 25 -20 35 -19 5 -24 2 -33 -25 l-11 -31
-12 23 c-10 19 -19 23 -53 20 -23 -1 -44 2 -48 8 -3 5 -16 10 -28 10 -12 0
-31 7 -41 15 -23 17 -52 20 -61 5z m169 -100 c17 -17 -3 -40 -34 -40 -35 0
-49 22 -30 45 13 15 45 12 64 -5z m-569 -33 c3 -12 5 -52 3 -87 -2 -50 -7 -65
-18 -65 -12 0 -16 16 -18 74 -2 41 -1 80 2 88 8 20 25 15 31 -10z"/>
<path d="M4654 4795 c-14 -22 -22 -24 -50 -19 -31 6 -33 4 -31 -19 1 -14 -2
-25 -8 -24 -5 1 -10 12 -10 24 1 27 -20 32 -115 30 l-65 -2 -3 -73 c-3 -71 -2
-73 20 -70 15 2 25 13 31 34 10 34 -9 33 255 20 68 -3 131 -2 140 2 9 5 57 5
106 1 50 -5 92 -7 94 -4 2 2 -4 22 -14 44 -19 40 -20 40 -74 41 -60 0 -71 -5
-88 -35 -10 -18 -11 -17 -12 13 0 43 -23 51 -63 22 l-31 -23 -26 31 c-15 18
-29 32 -33 32 -4 0 -14 -11 -23 -25z m16 -50 c0 -8 -4 -15 -10 -15 -5 0 -10 7
-10 15 0 8 5 15 10 15 6 0 10 -7 10 -15z"/>
<path d="M5057 4758 c3 -35 8 -65 10 -68 2 -2 12 1 23 8 10 6 21 8 24 4 4 -7
135 -8 161 -1 6 1 17 -1 27 -5 9 -4 31 -6 50 -4 l33 3 0 60 c0 54 -2 60 -22
63 -13 2 -26 -4 -32 -15 -8 -17 -22 -19 -117 -17 -86 1 -110 5 -119 18 -7 9
-20 16 -28 16 -14 0 -16 -9 -10 -62z"/>
<path d="M1286 4787 c-42 -10 -51 -17 -57 -40 -14 -54 -5 -59 85 -51 44 4 88
7 96 6 70 -8 157 -8 167 0 8 6 19 5 33 -2 13 -7 26 -8 33 -2 7 5 48 6 101 1
50 -5 92 -7 94 -5 2 2 -3 24 -11 48 l-15 43 -79 0 c-43 0 -91 -3 -108 -7 -17
-5 -33 -4 -39 2 -20 20 -47 10 -67 -25 -18 -29 -24 -33 -40 -25 -10 6 -19 20
-19 31 0 15 -6 19 -27 17 -16 -1 -38 4 -50 10 -25 14 -32 14 -97 -1z m294 -42
c0 -8 -4 -15 -9 -15 -13 0 -22 16 -14 24 11 11 23 6 23 -9z"/>
<path d="M957 4783 c-2 -4 -7 -25 -11 -45 -8 -43 3 -49 79 -41 28 3 74 6 104
6 44 2 55 6 61 23 17 44 -17 59 -136 63 -51 1 -94 -1 -97 -6z"/>
<path d="M4076 4760 c-32 -33 -29 -60 6 -60 13 -1 57 -3 98 -6 90 -5 153 13
158 45 3 15 -2 21 -16 21 -11 0 -36 7 -56 15 -33 14 -37 14 -48 -4 -12 -19
-12 -19 -39 0 -38 27 -69 23 -103 -11z"/>
<path d="M3023 4620 c-60 -32 -63 -37 -63 -116 0 -40 -5 -76 -10 -79 -6 -4 -7
-12 -3 -18 9 -14 12 -58 12 -187 0 -90 -8 -120 -32 -120 -6 0 -20 -8 -31 -18
-12 -10 -41 -24 -65 -31 -42 -12 -52 -18 -90 -51 -25 -23 -78 -43 -96 -36 -14
5 -16 29 -14 177 2 93 7 173 11 176 13 7 58 -6 58 -17 0 -5 -9 -12 -21 -15
-25 -8 -20 -29 9 -33 12 -2 26 4 33 15 9 16 21 18 68 15 42 -3 61 0 73 11 8 8
26 17 39 19 38 5 28 20 -15 24 -57 5 -66 21 -17 29 26 4 45 14 52 27 6 11 9
22 7 24 -3 2 -38 -5 -79 -16 -41 -11 -84 -20 -97 -20 -13 0 -33 -11 -46 -25
-29 -31 -62 -33 -71 -4 -4 11 -4 56 0 99 8 89 2 120 -24 120 -38 0 -44 -24
-34 -123 6 -51 6 -96 2 -102 -5 -5 -9 -25 -9 -45 0 -34 -3 -38 -39 -48 -50
-16 -51 -15 -51 8 0 12 9 24 23 29 22 9 22 9 -6 16 -21 5 -36 1 -62 -16 -31
-22 -33 -25 -18 -41 15 -17 15 -18 -5 -18 -12 0 -31 -9 -42 -20 -15 -15 -33
-20 -74 -20 -39 0 -55 -4 -60 -15 -4 -11 -21 -15 -62 -15 -45 0 -62 -5 -85
-24 -33 -28 -29 -36 22 -36 23 0 39 5 43 15 3 10 19 15 45 15 22 0 60 9 83 19
24 10 70 24 103 30 32 6 62 16 66 23 5 8 30 13 69 13 l62 0 0 -129 c1 -122 0
-130 -19 -137 -12 -4 -24 -12 -28 -18 -3 -6 -38 -11 -79 -11 -48 0 -79 -5 -92
-15 -10 -8 -29 -15 -41 -15 -35 0 -52 -35 -46 -94 4 -40 2 -55 -10 -65 -14
-11 -17 -9 -22 11 -3 12 -4 46 -3 73 l3 50 -35 -2 c-19 -1 -62 -6 -94 -13 -33
-6 -65 -9 -73 -6 -10 4 -13 34 -13 118 0 158 6 184 42 199 33 14 27 26 -17 31
-29 3 -30 4 -30 63 l0 60 -43 -2 c-65 -3 -76 -16 -68 -84 5 -56 5 -58 -30 -89
-37 -32 -36 -45 1 -52 12 -2 19 -10 17 -20 -1 -9 1 -19 5 -21 10 -6 8 -221 -2
-237 -4 -7 -17 -9 -29 -6 -12 3 -34 -1 -50 -9 -16 -8 -41 -15 -56 -15 -15 0
-39 -9 -53 -20 -30 -24 -43 -25 -50 -6 -4 9 -29 17 -69 21 -35 4 -66 12 -69
17 -4 5 -33 14 -65 18 -33 5 -76 13 -98 18 -21 6 -45 8 -53 5 -7 -3 -22 2 -32
11 -13 12 -21 14 -26 6 -10 -16 4 -62 16 -55 15 10 147 -14 201 -36 26 -10 62
-19 80 -19 19 0 52 -9 75 -20 35 -16 41 -25 45 -58 8 -54 -3 -222 -13 -222 -5
0 -9 -7 -9 -15 0 -11 11 -15 36 -15 69 0 94 -37 58 -89 -13 -18 -15 -40 -12
-104 7 -111 -23 -169 -62 -122 -7 8 -18 15 -25 15 -7 0 -18 7 -25 15 -7 8 -27
15 -44 15 -17 0 -42 7 -55 16 -13 10 -36 17 -51 16 -17 0 -44 13 -74 38 -25
21 -60 41 -76 45 -16 4 -34 14 -39 23 -6 10 -22 17 -38 17 -23 0 -27 4 -24 20
2 11 4 176 5 367 1 190 4 350 8 354 4 4 14 1 22 -5 11 -10 16 -8 20 7 14 44
-20 70 -68 52 -25 -9 -26 -14 -25 -64 2 -66 -11 -87 -55 -83 -30 2 -31 1 -31
-43 0 -41 2 -45 25 -46 43 -2 48 -4 54 -21 9 -23 7 -430 -2 -472 -8 -38 -28
-52 -38 -27 -3 9 -15 16 -25 16 -14 0 -19 -7 -19 -29 0 -17 4 -33 10 -36 20
-12 10 -43 -17 -54 -16 -6 -37 -16 -47 -23 -49 -32 -103 -109 -91 -128 3 -6
-1 -20 -9 -32 -22 -31 -22 -160 -1 -178 14 -12 14 -15 0 -30 -9 -10 -18 -33
-21 -51 -5 -30 -1 -38 30 -67 20 -18 36 -38 36 -45 0 -6 21 -54 47 -104 39
-76 52 -93 70 -93 39 0 30 -44 -14 -70 -30 -18 -47 -21 -88 -16 -72 8 -117 -4
-133 -37 -7 -15 -17 -27 -21 -27 -5 0 -16 -24 -26 -52 -9 -29 -28 -62 -41 -73
-13 -11 -35 -40 -48 -65 -23 -43 -26 -45 -68 -44 -29 0 -57 9 -86 27 -23 15
-56 30 -72 34 -17 3 -33 10 -36 14 -3 5 -16 9 -28 9 -13 0 -29 7 -36 15 -7 8
-27 15 -45 15 -19 0 -35 6 -38 13 -3 9 -9 9 -25 0 -18 -11 -22 -10 -27 6 -3
10 -17 24 -30 31 -22 12 -27 11 -39 -5 -12 -16 -13 -16 -19 -1 -8 21 -44 21
-56 -1 -12 -24 -7 -143 7 -170 7 -12 26 -30 42 -40 17 -9 30 -21 30 -25 0 -5
25 -33 55 -63 42 -42 56 -65 61 -95 4 -21 13 -41 20 -44 8 -3 14 -19 14 -36 0
-16 3 -30 8 -30 4 0 26 -17 49 -37 54 -50 98 -73 134 -73 32 0 67 -31 157
-139 67 -79 158 -151 192 -151 37 0 90 44 90 76 0 25 -71 105 -78 86 -2 -6 6
-30 17 -53 29 -59 27 -63 -23 -56 -40 6 -55 17 -178 142 -96 96 -142 135 -158
135 -21 0 -22 1 -8 18 9 9 19 27 22 40 11 35 -21 28 -59 -13 -32 -34 -33 -34
-50 -15 -10 11 -24 20 -32 20 -7 0 -13 4 -13 9 0 5 -9 13 -20 16 -28 9 -25 30
9 57 37 29 49 66 25 75 -11 4 -22 0 -30 -12 -11 -15 -16 -16 -29 -5 -10 8 -14
22 -11 36 5 17 1 23 -17 28 -12 3 -54 36 -93 74 -58 56 -69 72 -63 89 4 11 14
23 23 26 9 4 16 17 16 31 0 56 46 33 98 -49 48 -77 187 -203 170 -155 -4 14
-75 94 -135 154 -37 36 -49 56 -43 65 7 12 17 11 58 -7 28 -12 58 -22 66 -22
9 0 16 -5 16 -11 0 -5 24 -21 53 -33 29 -13 59 -31 67 -41 9 -11 22 -14 38
-10 21 5 24 3 19 -14 -4 -17 -2 -19 13 -11 27 15 71 12 90 -5 9 -8 27 -16 41
-17 39 -5 29 23 -18 46 -23 12 -42 24 -43 29 0 4 25 31 55 61 34 34 66 79 84
118 39 85 60 102 127 104 30 1 54 -2 54 -6 0 -5 9 -12 21 -15 16 -5 19 -12 14
-34 -5 -23 -1 -31 22 -46 15 -10 32 -24 36 -32 4 -7 23 -13 41 -13 19 0 39 -7
46 -15 7 -8 20 -15 29 -15 9 0 34 -9 55 -21 22 -11 48 -18 60 -15 34 9 150
115 165 152 12 29 18 34 47 34 27 0 34 4 34 19 0 10 -7 24 -15 31 -16 13 -20
55 -6 64 4 3 16 -3 26 -14 23 -25 90 -44 124 -34 14 4 56 8 93 9 82 2 89 -8
48 -69 l-30 -44 0 -248 c0 -232 1 -251 20 -282 29 -47 46 -37 42 24 -11 187
-16 464 -8 489 15 51 47 118 53 111 3 -3 9 -23 12 -43 5 -32 11 -39 33 -41 25
-3 27 -1 30 44 2 26 8 49 13 51 6 1 21 -13 34 -32 23 -34 44 -44 55 -26 3 5
-18 34 -48 65 -50 53 -53 59 -52 108 1 37 -4 56 -16 68 -9 8 -21 26 -26 39
-12 33 24 71 67 71 21 0 31 5 31 15 0 13 -14 15 -87 13 -77 -3 -88 -1 -91 15
-3 14 4 17 36 17 45 0 73 23 54 42 -9 9 -15 9 -24 0 -17 -17 -67 -15 -74 3 -3
8 5 28 18 44 22 29 26 30 103 30 48 1 86 6 93 13 12 12 71 36 112 45 14 3 32
12 42 20 11 10 18 11 23 3 12 -19 49 -28 69 -18 13 7 15 13 7 21 -16 16 -14
37 4 37 8 0 15 -9 15 -20 0 -15 7 -20 25 -20 14 0 38 -11 53 -25 l26 -24 23
21 c17 16 24 37 29 90 7 72 16 87 39 68 20 -17 20 -79 -1 -87 -12 -4 -15 -18
-12 -59 3 -47 0 -56 -26 -83 -29 -30 -29 -33 -17 -69 7 -20 19 -52 28 -70 13
-29 13 -36 0 -55 -8 -13 -32 -31 -53 -42 -22 -11 -55 -32 -75 -47 -20 -16 -41
-28 -47 -28 -5 0 -24 -13 -42 -30 -18 -16 -38 -30 -44 -30 -7 0 -27 -16 -46
-35 -19 -20 -41 -34 -48 -33 -13 3 -37 54 -49 106 -4 17 -1 22 16 22 12 0 38
10 59 23 20 12 64 36 97 51 112 54 135 72 135 109 0 65 -43 71 -60 7 -9 -32
-17 -40 -58 -55 -26 -10 -77 -38 -114 -62 -46 -29 -78 -43 -101 -43 -19 0 -40
-7 -47 -15 -14 -17 -7 -45 13 -45 11 0 87 -148 87 -171 0 -5 11 -9 24 -9 23 0
67 40 79 72 3 8 32 -14 77 -59 40 -40 78 -73 85 -73 7 0 18 7 26 16 7 8 25 22
41 30 26 14 38 50 22 67 -8 8 -47 -12 -57 -29 -4 -8 -15 -14 -23 -14 -19 0
-122 81 -123 97 -1 7 11 20 27 30 15 10 30 21 33 26 7 9 21 18 93 56 25 13 64
41 87 63 22 21 47 38 54 38 7 0 25 -16 40 -35 21 -28 25 -42 20 -65 -8 -37 16
-51 44 -26 27 24 65 19 116 -15 26 -17 59 -32 73 -33 15 -1 41 -10 59 -19 31
-16 73 -23 73 -12 0 3 -7 17 -16 30 -14 22 -16 109 -17 807 l-2 783 -27 3
c-21 3 -28 -1 -29 -15 0 -10 -1 -123 -2 -251 -2 -253 -2 -252 -59 -252 -15 0
-39 5 -54 10 -36 14 -20 30 36 37 63 9 28 23 -57 23 -62 0 -74 -3 -83 -20 -9
-17 -18 -19 -105 -14 -74 4 -100 2 -116 -10 -19 -13 -27 -12 -68 1 -114 39
-125 45 -129 75 -2 20 -7 25 -23 21 -11 -3 -25 -13 -32 -23 -7 -9 -29 -20 -50
-24 -31 -6 -38 -4 -45 12 -11 29 -52 11 -52 -22 0 -18 -9 -29 -32 -40 -57 -29
-58 -27 -58 93 0 106 1 109 26 126 29 19 127 36 145 24 8 -4 10 -29 7 -73 l-4
-66 27 0 c15 0 29 7 33 15 3 8 14 15 25 15 12 0 28 11 36 24 13 20 14 28 4 45
-10 14 -10 28 -3 48 8 24 16 28 52 31 26 2 45 9 49 18 4 10 23 14 69 14 52 0
65 -3 74 -19 15 -28 13 -37 -12 -49 -30 -14 -4 -15 45 -1 20 5 37 16 37 24 0
15 54 45 82 45 10 0 21 7 24 15 4 8 12 15 19 15 7 0 18 6 24 14 6 7 29 16 50
19 48 6 91 34 91 58 0 16 -6 18 -46 12 -38 -5 -46 -3 -42 8 2 8 14 15 26 17
12 2 22 8 22 13 0 5 11 9 25 9 14 0 28 6 31 14 3 8 24 22 46 31 39 15 40 17
33 53 -4 20 -7 119 -6 221 0 190 3 205 41 198 13 -2 15 -33 18 -199 l2 -197
28 -3 c40 -5 40 -34 0 -47 l-33 -11 3 -822 c2 -529 -1 -832 -7 -851 -10 -26
-8 -29 24 -43 19 -8 44 -14 55 -14 37 0 134 -57 166 -96 16 -22 36 -55 44 -74
8 -19 26 -48 42 -64 15 -17 28 -38 28 -47 0 -10 6 -24 13 -31 19 -19 30 -94
31 -218 1 -61 7 -114 14 -127 8 -14 12 -68 12 -148 0 -98 4 -131 16 -150 14
-22 14 -27 0 -52 -8 -15 -25 -59 -37 -98 -13 -38 -28 -79 -36 -90 -7 -11 -13
-37 -13 -57 0 -21 -4 -46 -9 -56 -5 -9 -13 -30 -18 -47 -8 -28 -13 -30 -68
-37 -33 -3 -191 -6 -351 -4 -255 2 -294 4 -317 19 -19 12 -47 17 -97 17 -38 0
-70 3 -70 8 1 4 7 18 15 32 8 14 14 31 15 38 0 22 -30 25 -53 5 -16 -15 -31
-19 -59 -16 -40 5 -47 18 -28 54 9 16 7 21 -15 29 -32 12 -46 12 -64 1 -12 -8
-12 -15 3 -45 9 -20 21 -36 26 -36 6 0 10 -7 10 -16 0 -8 15 -21 33 -29 17 -8
46 -23 62 -35 18 -12 46 -20 73 -20 23 0 59 -9 79 -20 24 -12 57 -20 88 -20
28 0 57 -6 64 -12 18 -19 577 -20 608 -2 12 8 27 14 34 14 6 0 26 7 44 16 28
13 34 22 38 57 9 72 34 172 48 192 4 6 10 25 14 43 3 17 11 32 16 32 5 0 9 9
9 20 0 10 7 35 16 53 15 31 15 36 0 65 -12 24 -16 61 -16 160 0 81 -4 132 -11
139 -7 7 -11 51 -10 117 1 78 -2 113 -14 135 -8 17 -15 41 -15 55 0 33 -17 71
-57 127 -18 26 -33 50 -33 54 0 4 -9 18 -20 32 -21 27 -28 101 -11 119 6 5 83
6 198 2 103 -4 233 -8 288 -10 l100 -3 0 25 0 25 -218 9 c-123 5 -261 5 -315
0 -92 -9 -97 -10 -110 -36 -17 -36 -28 -35 -41 3 l-11 32 -60 -6 c-52 -4 -62
-3 -70 14 -6 11 -9 80 -8 166 l3 148 235 2 c402 4 598 13 604 29 9 23 -25 32
-89 24 -33 -5 -177 -11 -320 -15 -143 -3 -276 -10 -295 -15 -19 -5 -57 -8 -85
-7 -43 2 -50 5 -50 22 0 17 9 21 64 27 35 4 71 10 80 14 9 3 33 7 54 8 l39 1
1 190 2 190 85 6 c47 3 99 11 115 17 17 6 98 13 180 16 173 6 209 13 213 44 3
21 -1 22 -60 22 -36 0 -87 -6 -114 -14 -27 -8 -118 -17 -203 -21 -103 -4 -163
-11 -182 -21 -15 -8 -39 -14 -53 -14 -14 0 -28 -5 -32 -12 -4 -6 -6 -90 -5
-187 1 -170 -4 -211 -28 -197 -7 5 -11 68 -11 196 0 162 -2 189 -16 194 -25
10 -73 7 -96 -5 -16 -9 -22 -8 -29 2 -5 8 -8 194 -8 414 0 220 -1 407 -2 415
-6 50 29 89 95 106 20 5 26 12 26 34 0 35 -50 61 -75 40 -17 -14 -20 -40 -5
-40 6 0 10 -7 10 -15 0 -8 -9 -15 -19 -15 -15 0 -21 9 -25 38 -11 71 -10 130
3 146 11 13 11 19 2 30 -14 17 -1 49 27 65 15 9 15 10 -5 11 -30 0 -37 15 -34
78 1 30 -3 60 -10 68 -15 19 -66 16 -106 -6z m-210 -276 c14 -15 -8 -34 -39
-34 -39 0 -44 12 -11 28 26 12 41 14 50 6z m-818 -429 c1 -259 -2 -335 -13
-353 -7 -13 -18 -22 -23 -20 -12 4 -16 679 -4 697 4 7 14 11 23 9 15 -3 17
-34 17 -333z m835 85 c0 -13 -28 -25 -38 -16 -3 4 0 11 8 16 20 13 30 12 30 0z
m-50 -30 c0 -5 -9 -10 -20 -10 -11 0 -20 5 -20 10 0 6 9 10 20 10 11 0 20 -4
20 -10z m-50 -30 c0 -6 -8 -13 -17 -17 -10 -3 -25 -15 -34 -26 -10 -12 -23
-18 -33 -14 -24 9 -20 26 9 37 14 5 25 14 25 20 0 5 11 10 25 10 14 0 25 -5
25 -10z m-1570 -25 c0 -8 -4 -15 -10 -15 -5 0 -10 7 -10 15 0 8 5 15 10 15 6
0 10 -7 10 -15z m753 -288 c-1 -76 -4 -141 -7 -144 -3 -3 -31 -8 -63 -12 -51
-5 -58 -9 -58 -28 -1 -28 -9 -29 -39 -6 -23 18 -23 19 -16 150 5 73 11 137 15
142 3 6 21 11 38 12 18 0 48 6 67 13 64 25 64 26 63 -127z m423 -51 c25 -14
52 -22 66 -19 20 4 38 -9 94 -64 67 -65 72 -73 103 -168 18 -55 39 -107 47
-116 21 -24 17 -36 -14 -42 -15 -3 -40 -17 -55 -31 -16 -14 -33 -26 -39 -26
-15 0 -102 -43 -106 -52 -2 -5 -9 -8 -17 -8 -7 0 -18 -7 -25 -15 -7 -8 -22
-15 -34 -15 -12 0 -31 -7 -42 -15 -10 -8 -31 -15 -46 -15 -14 0 -28 -5 -30
-11 -3 -10 -38 -20 -137 -38 -23 -5 -46 -13 -50 -18 -7 -12 -200 -34 -229 -26
-32 8 -33 -12 -2 -36 31 -22 38 -49 19 -68 -19 -19 1 -63 36 -77 36 -15 45
-44 45 -149 0 -36 4 -56 10 -52 6 3 10 20 10 36 0 26 3 30 22 27 39 -5 49 -42
28 -101 -20 -57 -43 -68 -48 -24 -3 27 -27 38 -34 15 -3 -7 -43 -11 -123 -12
-100 -1 -122 2 -142 17 -12 10 -27 15 -33 12 -6 -3 -22 3 -36 14 -15 12 -31
21 -37 21 -19 0 -47 33 -47 55 0 11 7 30 15 41 8 10 15 31 15 45 0 31 23 40
76 32 39 -6 182 15 201 30 22 16 3 28 -40 25 -81 -4 -202 2 -217 12 -13 9 -13
12 3 21 17 10 16 11 -4 28 -19 15 -20 18 -5 30 9 7 16 23 16 35 0 25 -69 101
-100 111 -14 5 -25 23 -36 63 -13 46 -23 63 -55 85 -43 31 -48 28 -21 -11 30
-43 50 -89 57 -132 4 -22 10 -40 15 -40 4 0 13 -13 18 -29 9 -24 16 -30 38
-28 19 1 29 -3 32 -14 4 -23 -40 -88 -60 -89 -10 0 -25 -8 -35 -19 -10 -10
-28 -22 -40 -25 -13 -4 -23 -12 -23 -17 0 -5 -8 -9 -17 -9 -23 0 -84 -17 -101
-29 -11 -6 -8 -14 12 -34 33 -33 33 -43 0 -51 -34 -9 -28 -40 8 -44 38 -4 63
28 63 81 0 39 2 42 30 45 28 4 101 52 118 79 4 7 15 13 22 13 20 0 20 -70 0
-96 -8 -10 -15 -40 -15 -66 0 -27 -5 -48 -10 -48 -6 0 -15 -10 -21 -22 -27
-60 -44 -81 -74 -94 -36 -15 -53 -42 -31 -50 20 -8 53 12 61 36 3 11 15 20 26
20 17 0 19 -7 19 -69 0 -62 -2 -69 -21 -74 -18 -5 -21 -11 -15 -37 4 -23 0
-39 -16 -61 -12 -16 -26 -29 -31 -29 -5 0 -28 14 -51 31 -35 25 -42 35 -38 55
3 19 -4 35 -31 62 -41 44 -57 72 -57 104 0 15 -11 33 -30 46 -28 21 -90 129
-90 158 0 9 11 14 28 14 52 0 54 15 7 38 -25 12 -56 22 -70 22 -13 0 -27 6
-32 13 -4 6 -6 84 -4 172 2 140 5 164 23 193 26 42 87 102 104 102 7 0 15 8
19 19 5 17 14 18 103 14 104 -5 115 -11 158 -78 10 -16 24 -34 31 -38 7 -4 13
-19 13 -33 0 -13 6 -27 14 -30 8 -3 18 -19 21 -35 4 -16 11 -27 16 -23 16 10
10 65 -11 91 -34 44 -19 68 28 44 50 -27 111 -51 129 -51 36 0 41 -20 40 -160
l-2 -135 28 -3 c40 -5 64 5 49 20 -17 17 -15 53 3 68 14 12 13 16 -11 41 l-27
29 35 34 c42 41 48 73 48 246 0 92 3 120 15 130 8 7 15 18 15 25 0 7 21 26 48
41 26 15 61 38 79 52 38 28 102 62 119 62 6 0 17 7 24 15 8 9 30 15 59 15 25
0 64 9 86 19 52 25 53 25 101 -3z m351 -23 c4 -10 -39 -33 -62 -33 -8 0 -15
-4 -15 -9 0 -11 114 -23 137 -14 10 3 25 12 33 19 8 6 51 14 95 15 l80 4 0
-155 0 -154 -80 -2 c-44 -1 -94 -5 -112 -9 -45 -10 -88 22 -98 72 -9 49 -57
154 -78 172 -9 7 -17 18 -17 24 0 5 -8 16 -17 23 -17 12 -16 14 7 31 13 10 30
20 37 23 21 8 87 3 90 -7z m553 -342 c15 -29 13 -324 -2 -339 -15 -15 -84 -16
-93 -2 -4 6 -7 81 -7 167 l0 155 29 18 c37 24 60 24 73 1z m-285 -28 c3 -10 5
-98 4 -195 -2 -98 0 -180 4 -184 18 -19 -17 -24 -156 -24 -143 0 -192 -8 -173
-27 4 -4 78 -9 163 -10 85 -1 159 -5 162 -10 11 -13 -3 -226 -14 -230 -6 -2
-21 6 -33 17 -25 24 -99 59 -123 60 -9 0 -44 25 -78 55 -34 30 -65 55 -70 55
-4 0 -14 12 -21 28 -8 15 -22 36 -32 48 -12 13 -16 28 -12 39 6 16 16 17 101
11 103 -8 256 2 247 15 -2 5 -72 7 -154 6 -82 -1 -152 1 -155 5 -4 3 -1 15 6
26 10 16 10 28 -1 61 -10 32 -11 44 -2 53 7 7 12 37 12 69 0 76 25 109 83 110
23 0 80 9 127 19 109 23 107 23 115 3z m-457 -156 c4 -31 -14 -43 -53 -33 -18
5 -23 11 -18 24 18 51 66 57 71 9z m-970 -569 c33 -63 30 -94 -13 -120 -27
-16 -34 -25 -29 -40 4 -13 -1 -24 -13 -33 -28 -22 -32 -18 -22 17 5 18 9 47 9
65 0 17 5 35 10 38 6 3 10 31 10 61 0 67 16 71 48 12z m-359 -113 c7 -25 22
-50 32 -56 22 -11 26 -59 5 -59 -7 0 -25 9 -39 20 -14 11 -30 20 -36 20 -7 0
-9 13 -5 39 4 24 2 41 -5 45 -20 13 -12 36 12 36 18 0 25 -9 36 -45z m-964
-174 c-9 -38 -19 -43 -48 -30 -35 16 -34 45 1 63 35 18 56 4 47 -33z"/>
<path d="M2370 3528 c0 -6 10 -22 21 -34 25 -26 34 -42 83 -139 40 -79 49
-118 26 -122 -15 -2 -81 117 -80 144 0 24 -59 99 -101 126 -40 26 -44 27 -83
15 -54 -17 -61 -54 -18 -102 31 -35 68 -135 79 -211 5 -43 5 -44 -31 -59 -37
-15 -41 -22 -30 -50 11 -27 42 -18 85 26 29 30 39 48 35 63 -2 11 -10 40 -16
65 -20 80 -51 154 -76 181 -47 49 -1 82 49 35 28 -26 107 -175 107 -203 1 -26
33 -61 63 -68 31 -8 63 8 72 35 12 39 -27 134 -91 220 -22 30 -43 63 -47 73
-7 19 -47 24 -47 5z"/>
<path d="M1270 3062 c0 -15 9 -44 20 -64 11 -22 20 -61 22 -100 l3 -63 -38 3
c-44 3 -100 -12 -117 -33 -9 -11 -7 -16 10 -25 16 -9 28 -8 53 6 18 9 57 19
87 23 l55 6 3 43 c2 27 -3 53 -12 67 -9 14 -16 38 -16 55 0 39 -36 110 -55
110 -10 0 -15 -10 -15 -28z"/>
<path d="M1834 3035 c-10 -25 6 -35 56 -35 61 0 80 7 80 31 0 17 -8 19 -65 19
-48 0 -67 -4 -71 -15z"/>
<path d="M1281 2534 c-24 -26 -30 -39 -22 -47 7 -7 12 -6 17 6 3 9 12 17 20
17 19 0 56 38 49 50 -11 18 -32 10 -64 -26z"/>
<path d="M1190 2525 c0 -11 7 -15 23 -13 12 2 22 8 22 13 0 6 -10 11 -22 13
-16 2 -23 -2 -23 -13z"/>
<path d="M1337 2294 c-9 -10 2 -24 19 -24 8 0 14 7 14 15 0 15 -21 21 -33 9z"/>
<path d="M3810 4579 c-46 -16 -92 -27 -101 -24 -9 3 -27 -4 -42 -15 -19 -15
-40 -20 -85 -20 -44 0 -61 -4 -66 -15 -4 -11 -21 -15 -62 -15 -42 0 -60 -4
-69 -17 -8 -11 -34 -20 -71 -24 -64 -8 -134 -29 -134 -41 0 -5 25 -8 55 -8 40
0 57 4 61 15 5 11 22 15 64 15 39 0 62 5 70 15 8 9 30 15 57 15 24 0 58 6 76
14 18 7 54 16 80 20 26 4 62 13 80 21 18 7 55 16 82 20 28 4 61 13 75 21 14 7
42 16 63 19 23 4 37 11 37 20 0 24 -75 17 -170 -16z"/>
<path d="M2270 4445 c-7 -8 -18 -15 -25 -15 -28 0 -39 -32 -37 -101 4 -78 -8
-109 -43 -109 -28 0 -43 -19 -24 -31 18 -11 57 -1 90 22 22 16 32 17 59 8 26
-9 35 -9 47 3 13 14 13 19 0 45 -11 21 -14 46 -10 89 5 53 3 61 -19 82 -22 20
-26 21 -38 7z m3 -122 c5 -59 -2 -81 -22 -69 -12 8 -15 84 -5 110 12 31 22 15
27 -41z"/>
<path d="M5217 4323 c-19 -19 6 -83 32 -83 6 0 11 -9 11 -20 0 -28 30 -38 46
-16 15 21 34 13 34 -15 0 -12 5 -19 13 -16 6 2 11 10 10 18 -3 17 81 64 101
56 38 -15 63 -182 76 -512 4 -110 13 -222 19 -248 6 -26 16 -130 21 -230 11
-207 26 -371 40 -437 5 -25 12 -111 15 -192 3 -80 10 -161 15 -180 6 -18 10
-53 10 -78 0 -25 5 -61 11 -80 6 -19 15 -105 19 -190 6 -120 14 -175 34 -242
22 -77 25 -103 23 -220 -2 -146 -2 -145 -65 -124 -19 6 -24 4 -29 -13 -6 -25
-43 -31 -208 -35 -112 -2 -120 -4 -117 -22 2 -10 12 -27 23 -36 18 -15 40 -17
207 -11 202 6 216 10 217 60 0 27 2 28 50 25 28 -1 68 -2 90 -1 78 2 121 0
205 -8 55 -5 95 -5 115 2 20 7 75 8 165 3 74 -5 150 -8 168 -7 137 3 313 0
345 -6 27 -5 44 -3 62 9 17 11 31 14 43 8 35 -18 136 -21 195 -6 64 16 229 14
327 -5 78 -15 180 1 180 29 0 5 -14 17 -32 26 -24 13 -46 15 -95 10 -35 -4
-69 -3 -76 1 -11 7 -251 12 -477 10 -47 0 -95 1 -107 2 -37 2 -80 2 -248 -4
-262 -8 -295 -8 -405 2 -58 5 -113 6 -122 1 -27 -13 -162 -10 -180 5 -22 17
-43 128 -41 215 1 70 0 74 -25 83 -21 8 -29 7 -39 -7 -18 -24 -16 -45 6 -74
19 -24 19 -25 0 -48 -23 -30 -25 -58 -3 -66 22 -8 12 -29 -18 -37 -22 -6 -28
-2 -41 26 -8 18 -19 74 -23 126 -4 52 -12 103 -19 114 -7 11 -15 74 -19 145
-7 156 -30 340 -45 369 -7 12 -16 99 -21 194 -5 94 -16 226 -25 292 -8 66 -20
208 -25 315 -5 107 -14 224 -20 260 -12 79 -27 240 -28 295 0 22 -4 96 -8 165
-4 69 -8 154 -8 190 -1 62 0 65 30 80 17 8 46 26 64 40 19 14 57 32 84 41 54
17 67 32 39 44 -23 9 -568 17 -576 8z"/>
<path d="M5848 4313 c-15 -17 -14 -21 7 -52 20 -28 23 -42 18 -82 -6 -54 5
-66 47 -51 20 7 23 17 27 68 2 32 4 75 6 94 2 35 2 35 -44 38 -33 2 -49 -2
-61 -15z"/>
<path d="M6057 4323 c-64 -4 -85 -25 -52 -49 30 -22 220 -14 308 12 21 7 22
30 1 38 -16 6 -149 5 -257 -1z"/>
<path d="M1675 4264 c-13 -14 -15 -28 -10 -79 8 -69 1 -105 -20 -105 -7 0 -27
-13 -43 -30 -30 -29 -52 -37 -65 -23 -4 3 -2 12 4 19 14 17 -70 -2 -92 -22 -9
-8 -36 -14 -63 -14 -40 0 -48 -3 -56 -25 -11 -28 -31 -32 -50 -10 -7 8 -16 15
-21 15 -13 0 -11 -34 2 -47 8 -8 8 -13 0 -17 -14 -9 -14 -36 -1 -36 6 0 30 9
52 20 23 11 56 20 74 20 18 0 36 5 39 10 3 6 31 10 62 10 40 0 66 6 91 22 22
13 49 21 71 20 22 -1 45 5 60 17 l24 19 -29 15 -29 16 47 1 c53 0 78 7 78 22
0 6 8 17 18 25 15 12 11 13 -29 7 -56 -7 -63 4 -48 76 16 76 -21 118 -66 74z
m-20 -244 c-3 -5 -13 -10 -21 -10 -8 0 -12 5 -9 10 3 6 13 10 21 10 8 0 12 -4
9 -10z m-235 -56 c0 -9 -7 -14 -17 -12 -25 5 -28 28 -4 28 12 0 21 -6 21 -16z"/>
<path d="M3897 4223 c-4 -3 -45 -12 -92 -19 -49 -7 -91 -19 -101 -28 -11 -11
-35 -16 -77 -16 -35 -1 -73 -7 -87 -15 -14 -8 -42 -14 -63 -15 -61 0 -136 -29
-142 -54 -3 -11 -7 -103 -8 -203 -2 -171 -7 -207 -24 -189 -5 4 -10 94 -13
199 l-5 192 -33 3 c-30 3 -62 -11 -62 -27 0 -4 14 -12 30 -18 l30 -11 0 -165
c0 -134 -3 -167 -15 -177 -8 -7 -15 -16 -15 -21 0 -13 84 -11 97 2 6 6 62 14
125 16 68 3 119 10 128 18 8 7 57 15 112 18 53 3 105 10 116 16 12 6 52 11 91
11 60 0 72 3 85 22 20 29 10 41 -28 33 -17 -3 -75 -12 -128 -18 -53 -7 -103
-18 -110 -24 -7 -8 -41 -13 -93 -13 -57 0 -97 -6 -141 -22 -96 -34 -94 -37
-94 166 l0 176 28 6 c15 4 32 10 37 14 6 4 43 10 82 13 41 3 83 13 95 21 13 9
43 16 70 16 25 0 59 5 75 12 15 6 53 15 83 19 91 13 119 21 131 35 6 7 8 18 4
24 -7 11 -78 14 -88 3z"/>
<path d="M3025 4089 c-4 -6 -5 -13 -2 -16 7 -7 27 6 27 18 0 12 -17 12 -25 -2z"/>
<path d="M1810 4065 c-16 -20 -1 -39 26 -33 27 5 32 48 6 48 -11 0 -25 -7 -32
-15z"/>
<path d="M5905 4070 c-25 -4 -31 -10 -33 -37 -2 -24 4 -37 25 -57 15 -14 31
-26 34 -26 10 0 19 88 11 108 -5 13 -14 16 -37 12z"/>
<path d="M5880 3930 c-6 -4 -10 -20 -8 -36 2 -23 9 -30 31 -32 37 -4 35 -32
-4 -54 -24 -14 -30 -23 -27 -45 2 -24 8 -28 34 -30 38 -1 41 10 36 123 -3 66
-5 72 -27 76 -13 3 -29 2 -35 -2z"/>
<path d="M2483 3853 c-7 -2 -13 -11 -13 -19 0 -8 -9 -14 -20 -14 -11 0 -20 -4
-20 -10 0 -5 7 -10 15 -10 18 0 20 -16 3 -26 -6 -4 -17 1 -24 10 -14 20 -55
18 -62 -2 -2 -7 5 -16 17 -19 21 -5 21 -6 4 -25 -10 -11 -28 -24 -41 -29 -13
-5 -20 -13 -17 -19 10 -16 49 -12 67 8 28 29 42 38 70 45 61 16 87 66 35 68
-20 1 -20 2 3 8 30 8 41 41 13 40 -10 0 -24 -3 -30 -6z"/>
<path d="M1256 3723 c-8 -52 -6 -198 3 -253 6 -32 9 4 10 123 0 92 -1 167 -3
167 -2 0 -6 -17 -10 -37z"/>
<path d="M3885 3709 c-38 -4 -104 -15 -145 -24 -87 -19 -119 -24 -215 -31 -41
-4 -77 -12 -87 -21 -12 -11 -45 -15 -126 -16 -96 -2 -112 -4 -122 -21 -9 -15
-9 -21 2 -27 20 -13 51 -11 74 5 13 9 54 15 119 17 55 1 115 8 134 16 18 7 62
13 97 13 34 0 66 5 69 10 3 6 24 10 45 10 21 0 50 4 64 10 14 5 57 11 96 13
76 5 108 20 89 43 -6 8 -14 13 -18 12 -3 -1 -37 -5 -76 -9z"/>
<path d="M5903 3689 c-26 -16 -33 -28 -33 -52 0 -17 8 -39 17 -49 16 -18 16
-21 0 -48 -9 -15 -14 -35 -11 -44 8 -20 41 -39 53 -32 8 5 16 246 8 246 -1 0
-17 -10 -34 -21z"/>
<path d="M1587 3654 c-4 -4 -7 -18 -7 -31 0 -30 -25 -40 -49 -19 -41 37 -71 2
-71 -82 0 -49 -5 -68 -26 -99 l-26 -38 39 -3 c21 -2 43 -8 49 -13 8 -6 13 -4
16 8 5 19 3 100 -3 143 -3 17 1 25 14 28 29 6 49 -17 42 -50 -5 -21 -3 -28 8
-28 15 0 27 29 27 66 0 12 9 33 21 48 25 32 22 70 -6 74 -12 2 -24 0 -28 -4z"/>
<path d="M1551 3422 c-24 -34 -19 -42 26 -42 33 0 34 2 31 32 -4 43 -30 48
-57 10z"/>
<path d="M5895 3426 c-14 -14 -25 -37 -25 -51 0 -22 4 -25 34 -25 34 0 34 0
34 45 -1 25 -5 48 -10 51 -4 3 -19 -6 -33 -20z"/>
<path d="M1304 3375 c-9 -22 4 -35 36 -35 34 0 47 15 30 35 -16 19 -59 19 -66
0z"/>
<path d="M1653 3380 c-34 -14 -28 -30 11 -30 38 0 57 17 35 31 -17 10 -18 10
-46 -1z"/>
<path d="M1255 3362 c-7 -23 4 -54 16 -46 12 7 12 51 0 59 -5 3 -12 -3 -16
-13z"/>
<path d="M1394 3356 c-15 -12 -16 -16 -5 -30 17 -20 55 -21 70 -2 10 12 7 18
-17 30 -25 13 -32 13 -48 2z"/>
<path d="M5882 3291 c-8 -5 -12 -22 -10 -42 3 -32 5 -34 38 -31 19 2 37 5 39
7 2 2 0 20 -3 40 -5 27 -12 35 -29 35 -12 0 -28 -4 -35 -9z"/>
<path d="M5887 3162 c-21 -23 -22 -80 -2 -106 13 -17 13 -21 -5 -33 -24 -17
-25 -32 -3 -78 14 -29 15 -40 5 -55 -18 -30 -14 -64 9 -78 12 -7 23 -11 26 -8
3 3 6 84 6 180 2 183 -5 213 -36 178z"/>
<path d="M6035 3112 c-31 -29 -30 -66 1 -70 12 -2 28 4 37 12 20 21 63 20 71
0 9 -23 8 -24 -24 -35 -18 -7 -30 -18 -30 -29 0 -11 12 -22 30 -29 30 -10 36
-24 24 -55 -9 -24 -38 -19 -63 10 -14 16 -30 24 -44 22 -34 -5 -33 -36 4 -74
43 -45 92 -47 130 -6 37 39 43 74 18 106 l-20 25 21 28 c15 21 19 37 14 60 -7
38 -36 55 -98 57 -36 1 -51 -3 -71 -22z"/>
<path d="M6611 3106 c-12 -18 -21 -38 -21 -43 0 -6 -7 -16 -15 -23 -23 -19
-20 -136 6 -194 18 -41 24 -47 47 -44 32 4 41 37 18 61 -22 21 -22 139 -1 157
8 7 15 23 15 36 0 12 5 26 10 29 6 3 10 17 10 31 0 38 -43 33 -69 -10z"/>
<path d="M7304 3130 c-26 -10 -86 -78 -81 -93 6 -18 33 -31 51 -24 9 4 21 18
26 32 8 21 16 26 38 23 21 -2 28 -9 30 -31 3 -24 -8 -40 -74 -102 -66 -64 -75
-76 -64 -90 10 -13 31 -15 104 -13 90 3 91 3 91 28 0 22 -5 25 -42 28 -26 2
-43 8 -43 15 0 7 20 33 45 57 37 37 45 50 45 82 0 64 -67 111 -126 88z"/>
<path d="M7455 3130 c-3 -5 6 -36 20 -69 30 -72 33 -155 8 -199 -20 -35 -12
-62 20 -62 36 0 57 54 57 146 0 55 -4 76 -14 80 -9 3 -14 19 -13 41 1 26 -5
40 -23 54 -28 21 -46 24 -55 9z"/>
<path d="M8053 3117 c-29 -32 -34 -43 -27 -61 8 -20 48 -21 64 -1 16 19 54 19
70 0 15 -18 5 -31 -25 -37 -12 -2 -21 -13 -23 -26 -3 -18 3 -25 28 -33 35 -13
39 -43 8 -63 -14 -8 -23 -5 -46 17 -29 28 -71 36 -73 15 -3 -28 4 -40 39 -73
31 -29 42 -34 67 -29 65 13 115 95 81 133 -9 10 -16 24 -16 31 0 7 7 21 16 31
21 23 10 75 -19 93 -12 8 -45 16 -73 19 -45 5 -54 3 -71 -16z"/>
<path d="M8691 3116 c-14 -37 -3 -46 57 -46 44 0 53 -3 44 -12 -7 -7 -12 -22
-12 -35 0 -13 -7 -26 -15 -29 -8 -4 -15 -16 -15 -28 0 -11 -9 -34 -20 -51 -32
-49 -22 -95 22 -95 20 0 40 32 33 53 -3 7 1 20 10 27 8 7 15 27 15 45 0 18 7
38 15 45 8 7 15 21 15 32 0 10 6 21 14 24 8 3 22 17 31 31 27 41 5 54 -99 57
-82 3 -88 2 -95 -18z"/>
<path d="M3515 3078 c-54 -45 -71 -63 -86 -89 -10 -20 -9 -25 11 -41 12 -10
28 -18 36 -18 23 0 16 -20 -10 -29 -22 -9 -36 -29 -36 -53 0 -11 522 -9 540 2
6 4 8 14 4 24 -5 13 -14 15 -34 11 -33 -7 -47 8 -52 54 -3 37 -19 50 -108 92
-25 12 -58 27 -73 35 -16 8 -39 14 -52 14 -12 0 -28 7 -35 15 -20 24 -62 17
-105 -17z m160 -51 c40 -21 101 -47 111 -47 17 0 44 -35 44 -57 0 -12 -3 -23
-7 -23 -52 -1 -169 -10 -210 -15 -50 -7 -53 -6 -64 19 -7 15 -23 29 -36 32
-13 4 -28 14 -33 24 -8 14 -2 25 31 54 36 33 44 36 87 33 26 -3 61 -11 77 -20z"/>
<path d="M7767 3103 c-4 -3 -7 -23 -7 -44 0 -36 -1 -38 -37 -41 -33 -3 -38 -6
-38 -28 0 -22 5 -25 37 -28 36 -3 37 -5 40 -45 3 -37 6 -42 31 -45 28 -3 28
-3 31 58 1 22 6 25 44 28 39 3 42 5 42 32 0 27 -3 29 -42 32 -38 3 -43 6 -44
28 -3 57 -4 60 -27 60 -13 0 -27 -3 -30 -7z"/>
<path d="M6374 3052 c-7 -4 -14 -18 -15 -32 -6 -37 -43 -34 -47 3 -3 24 -7 28
-30 25 -39 -4 -40 -37 -2 -73 16 -16 30 -32 30 -37 0 -4 -13 -21 -30 -38 -33
-34 -37 -52 -16 -69 19 -16 45 -3 52 25 8 31 30 31 38 0 6 -25 38 -42 56 -31
21 13 10 54 -22 85 l-33 31 33 28 c35 30 44 74 16 85 -19 7 -16 7 -30 -2z"/>
<path d="M6823 3053 c-7 -2 -13 -16 -13 -29 0 -14 -7 -27 -15 -31 -20 -7 -27
0 -29 29 -1 33 -51 39 -61 8 -5 -17 1 -30 24 -54 17 -18 31 -35 31 -39 0 -3
-13 -20 -30 -37 -33 -34 -37 -52 -16 -69 18 -15 41 -5 54 25 15 32 23 30 44
-7 21 -37 52 -36 56 2 2 17 -7 35 -29 59 l-32 33 31 27 c35 29 43 73 16 84 -9
3 -16 6 -17 5 -1 0 -8 -3 -14 -6z"/>
<path d="M8350 3020 l0 -30 110 0 110 0 0 30 0 30 -110 0 -110 0 0 -30z"/>
<path d="M7014 2956 c-3 -8 -4 -23 -2 -33 3 -15 13 -18 63 -18 60 0 60 0 60
30 0 30 -1 30 -58 33 -43 2 -59 -1 -63 -12z"/>
<path d="M8352 2933 l3 -28 108 -3 107 -3 0 31 0 30 -111 0 -110 0 3 -27z"/>
<path d="M5902 2778 c-29 -15 -39 -55 -21 -87 32 -57 59 -31 59 57 0 45 -2 47
-38 30z"/>
<path d="M5870 2599 c0 -27 3 -30 28 -27 21 2 28 9 30 31 3 24 0 27 -27 27
-28 0 -31 -3 -31 -31z"/>
<path d="M5877 2503 c-4 -3 -7 -19 -7 -35 0 -21 5 -28 19 -28 53 0 67 27 26
54 -28 18 -29 19 -38 9z"/>
<path d="M5882 2381 c-8 -5 -12 -23 -10 -47 3 -36 5 -39 33 -39 27 0 30 4 33
33 5 49 -22 75 -56 53z"/>
<path d="M7188 2219 c-103 -100 -360 -344 -397 -376 -25 -22 -32 -35 -27 -48
7 -19 17 -18 116 6 46 11 104 20 245 39 44 6 101 17 126 25 26 8 61 15 78 15
17 0 50 4 73 10 133 30 126 30 160 2 112 -94 228 -270 228 -345 0 -17 5 -45
12 -63 24 -67 -43 -244 -132 -348 -39 -47 -65 -71 -167 -157 -21 -18 -94 -69
-138 -96 -25 -16 -277 -141 -325 -161 -19 -8 -47 -21 -62 -29 -14 -7 -33 -13
-41 -13 -9 0 -28 -6 -44 -14 -15 -8 -53 -22 -83 -31 -30 -9 -64 -20 -75 -25
-11 -5 -29 -10 -40 -13 -11 -3 -63 -17 -115 -32 -94 -27 -125 -34 -230 -55
-30 -6 -68 -16 -85 -22 -35 -12 -87 -22 -200 -38 -44 -7 -102 -18 -130 -25
-63 -18 -207 -35 -525 -63 -381 -35 -1052 -35 -1425 -1 -371 34 -534 54 -548
68 -6 6 -31 11 -57 11 -25 1 -65 5 -90 11 -25 6 -65 14 -90 19 -116 24 -210
46 -216 53 -4 4 -18 7 -31 7 -13 0 -48 7 -76 15 -29 9 -74 22 -102 30 -145 41
-286 88 -291 96 -3 5 -13 9 -23 9 -31 0 -326 135 -396 180 -16 11 -37 23 -45
27 -15 7 -71 44 -80 53 -3 3 -24 17 -46 32 -75 48 -200 184 -247 266 -33 58
-48 76 -63 75 -10 -2 -63 -4 -117 -5 -92 -2 -98 -3 -103 -25 -6 -23 44 -116
95 -178 45 -54 149 -152 208 -197 169 -129 479 -282 733 -363 30 -10 72 -24
93 -31 20 -8 45 -14 55 -14 9 0 30 -7 46 -15 15 -8 36 -15 46 -15 17 0 95 -21
155 -41 17 -6 62 -17 100 -25 39 -8 88 -18 110 -23 124 -27 155 -33 205 -42
63 -11 242 -37 345 -49 268 -32 329 -38 335 -35 4 3 43 -2 86 -10 192 -34
1296 -31 1464 4 25 5 48 7 52 5 3 -2 67 3 140 12 73 9 165 20 203 24 148 17
331 46 450 70 28 6 70 15 95 20 103 21 177 37 210 48 19 6 62 18 95 27 33 9
74 21 90 27 17 5 46 13 65 18 19 4 46 12 60 18 14 5 78 27 143 47 64 21 120
41 123 46 3 5 12 9 20 9 12 0 182 76 224 100 8 5 42 23 75 40 34 16 85 46 114
65 29 19 57 35 62 35 5 0 9 4 9 8 0 4 19 20 43 35 48 30 176 152 223 212 111
141 156 336 110 475 -41 126 -127 257 -203 310 -22 15 -33 31 -33 46 0 22 4
24 58 24 31 0 84 5 117 11 33 6 87 14 120 19 33 5 114 18 180 30 66 11 148 23
183 27 57 5 62 8 62 29 0 27 -12 31 -110 38 -103 7 -319 34 -332 42 -6 4 -32
9 -57 10 -25 2 -80 8 -121 14 -41 5 -118 14 -170 20 -52 5 -114 14 -137 20
-23 5 -58 10 -78 10 -20 0 -60 6 -88 14 -29 8 -82 17 -119 20 l-68 7 -62 -62z
m262 -30 c9 -4 49 -10 90 -14 41 -3 113 -12 160 -20 105 -18 255 -40 378 -56
99 -14 107 -24 27 -32 -103 -11 -235 -40 -325 -71 -52 -17 -50 -44 5 -102 49
-51 124 -158 178 -253 31 -55 32 -58 31 -178 -1 -95 -5 -128 -18 -147 -9 -14
-16 -30 -16 -37 0 -26 -78 -137 -144 -205 -65 -67 -180 -161 -216 -177 -8 -4
-22 -11 -30 -16 -8 -5 -22 -12 -30 -15 -8 -4 -28 -15 -45 -26 -16 -11 -40 -24
-52 -29 -11 -5 -24 -15 -28 -20 -3 -6 -14 -11 -25 -11 -10 0 -20 -7 -24 -15
-3 -8 -13 -15 -23 -15 -10 0 -27 -7 -37 -15 -11 -8 -27 -15 -37 -15 -9 0 -22
-7 -29 -15 -7 -8 -25 -15 -41 -15 -15 0 -31 -4 -34 -10 -3 -5 -15 -10 -27 -10
-11 0 -32 -6 -46 -14 -31 -16 -212 -81 -255 -90 -19 -5 -26 -3 -22 4 3 5 14
10 23 10 9 0 30 7 46 15 15 8 36 15 46 15 10 0 23 7 30 15 7 8 22 15 34 15 11
0 30 7 40 15 11 8 28 15 37 15 10 0 30 6 46 14 15 8 46 22 68 31 51 21 89 41
143 77 24 15 46 28 49 28 3 0 22 14 43 30 21 17 41 30 44 30 15 0 156 113 201
161 90 96 165 211 165 252 0 10 7 32 16 48 11 23 14 52 12 112 -8 170 -55 273
-188 409 -104 106 -128 118 -197 100 -24 -7 -60 -12 -81 -12 -21 0 -64 -7 -95
-15 -32 -8 -71 -15 -87 -15 -16 0 -47 -6 -67 -14 -21 -8 -78 -17 -126 -19
l-89 -5 126 124 c69 68 145 142 170 163 l45 39 83 -5 c46 -3 90 -9 98 -14z
m-5866 -964 c9 -9 16 -22 16 -30 0 -7 3 -15 8 -17 4 -1 19 -21 34 -43 26 -38
76 -91 141 -150 34 -30 166 -128 187 -138 24 -12 53 -30 89 -56 53 -38 154
-88 195 -95 20 -4 36 -11 36 -16 0 -6 11 -10 24 -10 13 0 29 -7 36 -15 7 -8
21 -15 32 -15 11 0 32 -6 46 -14 26 -13 87 -38 126 -50 10 -4 17 -9 14 -11 -9
-9 -253 76 -271 94 -6 6 -23 11 -38 11 -15 0 -31 5 -34 10 -3 6 -19 10 -34 10
-16 0 -34 7 -41 15 -7 8 -19 15 -27 15 -8 0 -27 6 -41 14 -15 8 -34 17 -42 20
-8 4 -28 15 -45 25 -16 11 -50 30 -75 42 -40 20 -97 56 -110 69 -3 3 -26 15
-52 28 -27 13 -48 28 -48 33 0 5 -5 9 -11 9 -13 0 -185 172 -207 205 -7 11
-15 28 -18 38 -4 9 -10 17 -15 17 -5 0 -9 4 -9 9 0 4 27 9 59 10 43 1 63 -3
75 -14z m1165 -711 c2 -2 -7 -4 -22 -4 -14 0 -29 5 -32 10 -6 10 42 4 54 -6z
m3946 6 c-3 -5 -16 -10 -28 -9 -21 0 -21 1 -2 9 28 12 37 12 30 0z"/>
<path d="M5870 2212 c0 -17 9 -37 21 -48 20 -18 21 -18 35 1 27 37 14 75 -27
75 -25 0 -29 -4 -29 -28z"/>
<path d="M5886 2107 c-11 -8 -17 -23 -14 -38 2 -20 8 -24 38 -24 30 0 35 3 35
24 0 33 -35 56 -59 38z"/>
<path d="M2372 2043 c-6 -10 -13 -34 -17 -53 -4 -19 -18 -49 -31 -67 -13 -17
-24 -36 -24 -41 0 -5 -7 -15 -15 -22 -15 -13 -21 -49 -7 -51 4 0 17 -2 30 -3
12 -2 36 -12 52 -24 16 -12 32 -22 35 -22 3 0 24 -13 47 -30 47 -34 88 -38
137 -14 18 9 64 20 103 25 39 5 76 14 83 19 16 14 30 109 18 121 -13 13 -169
39 -235 39 -44 0 -58 -4 -58 -14 0 -19 49 -33 145 -40 43 -3 83 -10 87 -14 5
-5 3 -23 -3 -41 -11 -32 -13 -33 -55 -27 -34 4 -57 0 -98 -18 l-53 -24 -46 25
c-43 24 -45 27 -45 72 0 25 3 55 7 66 16 40 31 92 31 107 0 40 -71 64 -88 31z
m-2 -187 c0 -25 -22 -51 -33 -39 -9 8 -9 48 0 56 14 15 33 6 33 -17z"/>
<path d="M914 2015 c-4 -10 -20 -15 -50 -15 -24 0 -44 -4 -44 -9 0 -11 59 -33
71 -25 5 3 9 0 9 -6 0 -16 61 -50 90 -50 14 0 52 -13 83 -30 32 -16 68 -30 80
-30 12 0 31 -7 41 -15 11 -8 30 -15 43 -15 26 0 29 -16 11 -55 -13 -29 -6 -40
34 -50 26 -7 27 -6 21 27 -5 32 -1 38 53 86 55 49 61 52 112 52 45 0 65 -7
121 -40 58 -34 72 -39 94 -31 38 15 48 43 45 124 -3 70 -4 72 -30 75 -31 4
-31 5 -32 -87 -1 -67 -12 -83 -39 -56 -24 23 -115 67 -135 64 -9 -2 -30 0 -46
5 -26 6 -35 2 -77 -40 -41 -40 -53 -47 -85 -46 -20 1 -46 8 -58 16 -33 21
-175 76 -198 76 -21 0 -59 34 -78 70 -13 24 -28 26 -36 5z"/>
<path d="M5886 1994 c-11 -10 -16 -28 -14 -48 3 -27 7 -31 33 -31 29 0 30 2
30 45 0 50 -20 64 -49 34z"/>
<path d="M660 1992 c0 -4 24 -33 53 -63 28 -31 79 -95 112 -143 33 -48 68 -96
77 -106 10 -11 20 -31 24 -45 4 -15 17 -33 30 -42 13 -8 24 -25 24 -37 0 -11
14 -48 32 -81 17 -33 32 -73 33 -90 4 -53 26 -145 36 -145 5 0 9 -13 9 -30 0
-42 22 -39 72 10 23 22 51 43 62 46 12 4 39 21 61 39 48 38 137 81 185 91 19
3 40 10 45 14 6 4 33 10 61 14 41 5 56 3 75 -12 13 -10 40 -26 59 -35 20 -9
50 -32 68 -51 37 -41 59 -45 90 -16 40 38 24 60 -42 60 -33 0 -95 44 -82 57 3
3 14 -1 24 -10 23 -21 75 -22 92 -3 6 8 26 16 43 18 31 3 32 5 35 54 3 46 0
53 -24 69 -15 9 -44 20 -65 22 -70 10 -41 33 39 33 39 -1 52 -6 76 -30 16 -17
35 -30 42 -30 27 0 79 -41 136 -106 70 -81 76 -98 50 -133 -21 -29 -22 -29
-204 -15 -74 5 -90 3 -104 -10 -9 -10 -14 -20 -10 -23 8 -9 99 -21 157 -22 26
-1 60 -8 75 -16 27 -14 30 -13 46 8 16 21 17 21 24 3 5 -13 2 -23 -9 -31 -10
-7 -17 -21 -17 -32 0 -21 29 -53 47 -53 6 0 13 -5 15 -11 2 -6 24 -13 49 -16
36 -4 47 -2 52 11 7 18 -23 39 -45 31 -43 -16 -56 61 -26 150 l19 56 -31 55
c-27 47 -29 55 -15 60 9 4 21 -1 29 -11 11 -15 29 -19 102 -20 59 -1 105 -7
135 -19 55 -21 139 -18 239 8 42 11 92 16 140 14 68 -3 83 -7 149 -45 74 -43
95 -50 105 -35 8 13 -5 52 -16 52 -6 0 -38 13 -72 30 -33 16 -74 30 -91 32
-19 2 -30 9 -30 18 0 12 12 14 58 12 53 -4 58 -2 55 15 -3 14 -12 18 -43 17
-22 0 -48 -4 -57 -8 -12 -5 -23 0 -39 18 -28 32 -42 33 -62 3 -9 -13 -42 -36
-74 -51 -32 -15 -66 -31 -75 -37 -43 -23 -182 -8 -250 27 -25 14 -58 10 -58
-6 0 -15 -41 -18 -55 -4 -8 8 -36 16 -64 18 -39 3 -64 13 -118 49 -37 25 -88
55 -113 68 -25 12 -57 32 -72 44 -23 20 -35 22 -102 17 l-76 -5 2 53 c2 41 -1
55 -17 66 -35 26 -63 11 -30 -16 21 -17 19 -50 -2 -50 -10 0 -26 7 -37 15 -13
10 -24 11 -37 4 -21 -11 -26 -55 -6 -62 28 -10 -4 -18 -35 -9 -18 6 -62 18
-98 27 -36 10 -71 19 -77 21 -18 5 -16 39 2 54 20 17 19 50 -1 50 -9 0 -33
-15 -54 -34 -31 -28 -35 -36 -24 -47 59 -61 65 -66 87 -62 14 3 29 -2 36 -11
8 -9 28 -16 46 -16 18 0 38 -7 45 -15 19 -23 85 -19 101 5 11 16 21 19 50 14
30 -5 38 -11 42 -34 3 -15 14 -30 24 -34 10 -3 36 -12 58 -19 36 -11 40 -16
43 -51 4 -48 -19 -76 -63 -76 -17 0 -36 5 -41 10 -17 17 -228 25 -277 10 -82
-25 -153 -54 -195 -82 -24 -15 -46 -28 -49 -28 -3 0 -30 -19 -59 -41 -33 -26
-60 -39 -70 -35 -8 3 -13 10 -9 16 3 5 -1 23 -10 41 -9 17 -14 37 -11 45 3 7
0 28 -6 46 -16 49 -78 188 -88 198 -3 3 -23 32 -45 65 -22 33 -43 62 -47 65
-4 3 -11 15 -15 26 -9 23 -95 126 -160 191 -39 39 -73 55 -73 35z"/>
<path d="M505 1910 c-10 -17 5 -49 26 -55 14 -5 19 -14 17 -29 -1 -13 3 -31
11 -40 12 -15 16 -15 30 -2 18 16 19 15 181 -151 39 -40 74 -73 79 -73 23 0
82 32 78 43 -2 7 -26 13 -54 15 -41 2 -55 8 -77 32 -14 17 -26 34 -26 40 0 5
-12 17 -27 27 -16 10 -34 26 -42 36 -7 11 -46 52 -85 93 -69 70 -97 87 -111
64z"/>
<path d="M454 1805 c-15 -23 -12 -45 7 -45 17 0 49 40 43 55 -9 22 -31 18 -50
-10z"/>
<path d="M2303 1642 c-14 -9 -33 -47 -33 -65 0 -18 54 -77 70 -77 8 0 10 8 4
28 -4 15 -6 46 -5 68 2 41 -13 60 -36 46z"/>
<path d="M8435 1555 c-21 -10 -65 -14 -148 -14 -112 1 -147 -7 -147 -31 0 -15
62 -23 180 -26 63 -1 139 -6 169 -9 33 -4 70 -3 93 4 36 11 39 15 36 44 -3 30
-6 32 -43 34 -22 2 -56 5 -75 7 -20 3 -48 -1 -65 -9z"/>
<path d="M5220 1486 c0 -17 25 -27 46 -19 15 6 15 8 -2 20 -23 17 -44 17 -44
-1z"/>
</g>
</svg>
