<?xml version="1.0" standalone="no"?>
<!DOCTYPE svg PUBLIC "-//W3C//DTD SVG 20010904//EN"
 "http://www.w3.org/TR/2001/REC-SVG-20010904/DTD/svg10.dtd">
<svg version="1.0" xmlns="http://www.w3.org/2000/svg"
 width="269.000000pt" height="45.000000pt" viewBox="0 0 269.000000 45.000000"
 preserveAspectRatio="xMidYMid meet">
<metadata>
Created by potrace 1.10, written by Peter Selinger 2001-2011
</metadata>
<g transform="translate(0.000000,45.000000) scale(0.100000,-0.100000)"
fill="#000000" stroke="none">
<path d="M95 403 c-34 -8 -55 -34 -55 -70 0 -27 6 -37 33 -53 31 -19 90 -26
121 -14 32 12 14 21 -34 16 -39 -4 -55 -1 -70 13 -20 18 -19 55 3 83 12 15 71
16 97 0 22 -14 39 -3 23 13 -12 12 -85 19 -118 12z"/>
<path d="M733 403 c-38 -4 -45 -9 -75 -54 -29 -45 -33 -48 -40 -29 -4 11 -14
23 -23 26 -8 4 -15 12 -15 20 0 7 -9 18 -19 24 -26 13 -111 13 -111 -1 0 -5 8
-9 18 -8 56 5 62 1 62 -45 0 -46 -19 -72 -45 -63 -8 4 -17 2 -20 -3 -3 -4 20
-10 50 -12 37 -2 56 1 60 10 2 7 -3 12 -13 12 -14 0 -17 9 -17 41 l0 41 27
-31 c16 -17 28 -38 28 -46 0 -30 26 -14 54 32 25 42 30 46 37 28 4 -11 8 -33
8 -49 1 -21 -3 -27 -14 -22 -8 3 -15 2 -15 -2 0 -12 99 -11 106 0 3 5 0 9 -7
7 -29 -3 -37 2 -43 32 -10 52 2 79 35 79 16 0 29 5 29 10 0 6 -3 9 -7 8 -5 -1
-27 -3 -50 -5z"/>
<path d="M1645 391 c-47 -90 -70 -122 -87 -118 -10 3 -21 1 -24 -4 -3 -5 18
-8 48 -8 29 1 45 3 36 6 -10 2 -18 8 -18 13 0 13 29 32 39 25 6 -3 19 -1 28 4
15 9 12 10 -15 11 -32 0 -32 0 -16 24 18 29 42 24 50 -10 3 -13 12 -28 20 -35
19 -15 18 -27 -3 -32 -17 -4 47 -9 100 -8 107 2 112 2 92 10 -34 14 -43 33
-36 76 5 35 10 40 36 43 17 2 39 -4 50 -11 16 -13 17 -17 6 -31 -10 -12 -23
-15 -47 -10 -29 5 -34 3 -34 -12 0 -13 3 -15 8 -7 11 17 54 -5 67 -34 10 -23
64 -36 88 -21 7 5 2 8 -15 8 -17 0 -34 10 -48 27 l-21 27 28 22 27 21 -30 16
c-21 11 -58 16 -118 16 -48 -1 -85 -4 -81 -7 4 -4 17 -7 28 -7 20 0 22 -5 22
-55 l0 -55 -36 -3 c-36 -3 -37 -2 -70 67 -35 72 -56 87 -74 52z"/>
<path d="M266 378 c-31 -29 -26 -84 10 -100 13 -6 22 -14 19 -18 -9 -14 117 9
136 26 28 25 24 68 -7 93 -38 30 -124 29 -158 -1z m125 -1 c44 -34 29 -92 -26
-103 -48 -9 -85 16 -85 56 0 49 70 79 111 47z"/>
<path d="M817 380 c-22 -18 -27 -28 -23 -52 2 -16 15 -39 28 -51 20 -19 31
-21 82 -17 61 6 96 31 96 69 0 58 -128 94 -183 51z m121 -7 c49 -43 26 -103
-40 -103 -41 1 -65 19 -68 50 -4 42 -1 48 28 58 40 15 58 14 80 -5z"/>
<path d="M1060 389 c0 -4 12 -9 27 -11 21 -2 32 -15 55 -60 16 -32 33 -58 37
-58 8 0 32 26 75 83 19 24 36 37 52 37 13 0 24 4 24 8 0 4 -25 8 -56 8 -47 0
-53 -2 -38 -13 16 -12 15 -15 -10 -53 -14 -22 -28 -40 -31 -40 -5 0 -45 75
-45 85 0 3 11 5 25 5 14 0 25 4 25 8 0 4 -31 8 -70 8 -38 1 -70 -2 -70 -7z"/>
<path d="M1370 392 c-30 -10 -50 -44 -43 -71 8 -36 20 -48 58 -61 63 -21 145
19 145 70 0 32 -48 64 -98 66 -26 1 -54 -1 -62 -4z m107 -24 c18 -24 21 -57 6
-77 -17 -25 -77 -28 -105 -7 -21 15 -24 66 -6 84 16 16 93 15 105 0z"/>
<path d="M2142 392 c22 -3 29 -10 34 -36 10 -58 2 -81 -28 -81 -15 -1 -31 -4
-35 -8 -4 -4 42 -6 101 -5 104 3 109 4 112 26 5 28 -7 29 -24 1 -10 -15 -21
-19 -50 -17 -32 3 -37 7 -40 31 -3 21 1 27 17 27 11 0 23 -4 26 -10 12 -19 25
-10 25 17 0 21 -3 24 -12 15 -7 -7 -23 -12 -36 -12 -19 0 -23 5 -20 23 3 19 9
22 46 21 30 0 47 -7 56 -20 17 -23 30 -14 21 15 -6 19 -13 20 -113 19 -59 -1
-95 -4 -80 -6z"/>
<path d="M2345 391 c-4 -7 8 -11 34 -11 45 0 47 -4 43 -65 -4 -42 -6 -45 -33
-45 -16 0 -29 -4 -29 -10 0 -5 8 -10 18 -9 28 1 99 17 80 18 -14 1 -18 10 -18
44 l1 42 29 -35 c17 -19 30 -40 30 -47 0 -7 3 -13 6 -13 9 0 43 44 44 56 0 6
9 19 20 29 19 18 20 17 20 -6 0 -13 3 -34 6 -46 5 -19 2 -23 -15 -23 -12 0
-20 -4 -17 -8 6 -9 93 -9 102 1 4 4 -4 7 -18 7 -22 0 -26 5 -29 33 -7 60 0 77
31 77 16 0 32 5 36 12 5 8 -2 9 -26 5 -18 -4 -42 -7 -54 -7 -14 0 -31 -15 -51
-45 -34 -50 -41 -54 -50 -25 -3 11 -11 20 -16 20 -5 0 -14 11 -19 25 -8 21
-16 25 -49 25 -22 0 -46 3 -54 6 -8 3 -18 1 -22 -5z"/>
<path d="M577 185 c-9 -9 -31 -40 -49 -70 -24 -41 -39 -55 -55 -55 -13 0 -23
-4 -23 -9 0 -5 23 -9 50 -9 28 0 50 4 50 9 0 5 -7 9 -16 9 -32 0 -6 25 29 28
21 2 35 7 32 13 -4 5 -17 6 -31 3 -27 -7 -30 2 -10 29 19 24 35 21 48 -10 7
-16 18 -36 26 -45 13 -16 13 -18 -1 -18 -10 0 -17 -4 -17 -9 0 -7 96 -8 110
-1 3 1 -8 5 -24 9 -24 5 -36 19 -63 70 -41 79 -37 75 -56 56z"/>
<path d="M1095 192 c-6 -4 -16 -16 -23 -27 -62 -98 -68 -105 -89 -105 -13 0
-23 -4 -23 -9 0 -5 23 -9 50 -9 28 0 50 5 50 10 0 6 -7 7 -16 4 -12 -5 -15 -2
-10 10 3 8 6 18 6 20 0 2 17 5 38 6 36 1 36 1 5 5 -32 4 -32 5 -17 29 22 32
32 30 49 -10 8 -19 20 -38 25 -41 7 -5 6 -11 -5 -19 -14 -10 -7 -12 39 -13 57
-1 79 13 29 19 -22 2 -33 15 -60 67 -39 76 -36 72 -48 63z"/>
<path d="M85 177 c-18 -14 -18 -16 -2 -41 10 -14 27 -26 40 -27 39 -1 60 -7
68 -21 13 -20 11 -25 -16 -32 -32 -8 -77 3 -92 23 -15 21 -27 8 -14 -16 13
-26 128 -27 144 -1 20 31 -8 64 -56 67 -49 2 -81 26 -57 41 22 14 51 12 84 -5
32 -17 45 -13 28 8 -16 19 -102 21 -127 4z"/>
<path d="M431 183 c-35 -4 -40 -6 -28 -16 8 -7 17 -27 21 -45 9 -50 -41 -90
-80 -64 -6 4 -14 30 -18 59 l-7 52 33 3 c18 2 -1 4 -42 4 -41 1 -68 -1 -60 -4
31 -10 47 -32 45 -65 -4 -45 19 -67 70 -67 55 0 75 22 75 83 0 40 3 47 20 47
11 0 20 5 20 10 0 6 -1 9 -2 8 -2 -1 -23 -3 -47 -5z"/>
<path d="M1266 178 c-30 -23 -13 -55 37 -69 56 -15 72 -24 72 -40 0 -9 -14
-15 -42 -17 -32 -2 -47 2 -63 18 -25 25 -31 23 -24 -7 5 -16 15 -22 47 -25 57
-6 107 8 107 30 -1 29 -24 50 -65 57 -64 12 -85 38 -40 49 14 4 41 0 61 -9 21
-8 39 -13 42 -10 24 24 -102 45 -132 23z"/>
<path d="M1472 174 c-21 -18 -22 -20 -7 -41 9 -13 22 -23 28 -23 7 0 29 -5 50
-11 26 -7 37 -15 37 -29 0 -30 -81 -28 -110 2 -23 25 -36 19 -20 -11 10 -20
20 -23 100 -25 27 -1 60 21 60 40 0 20 -35 43 -79 50 -40 6 -62 26 -47 41 10
11 77 6 89 -6 6 -6 18 -11 26 -11 34 0 -15 30 -59 36 -36 5 -50 2 -68 -12z"/>
<path d="M2418 120 c-36 -58 -47 -70 -70 -70 -18 0 -33 9 -48 29 l-21 30 21
11 c28 15 25 36 -7 49 -32 12 -283 12 -283 0 0 -5 7 -9 15 -9 8 0 15 -8 15
-17 0 -10 3 -27 6 -39 7 -28 -20 -54 -57 -54 -32 0 -35 5 -43 68 -5 41 -5 42
24 42 17 0 30 4 30 9 0 4 -31 8 -70 7 -38 0 -70 -4 -70 -8 0 -5 9 -8 19 -8 21
0 34 -28 33 -72 -1 -33 12 -44 58 -50 66 -10 86 11 92 91 3 34 4 35 48 35 l45
1 0 -55 c0 -50 -2 -55 -23 -58 -12 -2 -20 -7 -17 -12 3 -5 16 -6 28 -1 12 4
39 6 60 3 23 -2 37 0 37 7 0 6 -9 11 -20 11 -27 0 -40 29 -31 70 6 30 11 35
38 38 37 4 70 -23 53 -43 -7 -9 -23 -12 -46 -8 -29 5 -34 3 -34 -13 0 -13 3
-15 8 -7 11 17 54 -5 67 -35 9 -20 16 -22 85 -21 41 1 67 3 58 6 -41 10 -9 40
44 41 42 1 72 -23 47 -39 -9 -6 5 -8 41 -7 30 0 43 3 29 5 -21 3 -33 18 -60
73 -19 38 -39 69 -46 70 -6 0 -31 -31 -55 -70z m56 14 c24 -23 19 -34 -14 -34
-34 0 -35 2 -18 30 15 24 13 24 32 4z"/>
<path d="M760 168 c0 -6 7 -8 15 -4 20 7 50 -26 72 -80 10 -24 23 -43 28 -41
6 2 30 29 55 60 35 44 51 57 73 57 15 0 27 4 27 9 0 5 -24 9 -54 8 -30 -1 -52
-5 -50 -9 3 -5 10 -6 15 -3 15 10 10 -3 -16 -45 -14 -22 -30 -40 -35 -40 -12
0 -40 53 -40 75 0 12 6 15 19 10 11 -3 22 -2 25 3 3 5 -25 9 -64 9 -39 0 -70
-4 -70 -9z"/>
<path d="M1666 159 c-33 -26 -33 -61 0 -97 24 -26 30 -27 86 -22 47 5 65 11
79 29 26 31 24 53 -6 81 -35 33 -122 38 -159 9z m132 -11 c20 -20 15 -76 -7
-88 -26 -13 -72 -12 -92 3 -25 19 -31 59 -12 79 19 21 92 25 111 6z"/>
</g>
</svg>
