<?xml version="1.0" encoding="UTF-8" standalone="no"?>
<svg
   xmlns:dc="http://purl.org/dc/elements/1.1/"
   xmlns:cc="http://creativecommons.org/ns#"
   xmlns:rdf="http://www.w3.org/1999/02/22-rdf-syntax-ns#"
   xmlns:svg="http://www.w3.org/2000/svg"
   xmlns="http://www.w3.org/2000/svg"
   xmlns:sodipodi="http://sodipodi.sourceforge.net/DTD/sodipodi-0.dtd"
   xmlns:inkscape="http://www.inkscape.org/namespaces/inkscape"
   version="1.0"
   width="795.000000pt"
   height="387.000000pt"
   viewBox="0 0 795.000000 387.000000"
   preserveAspectRatio="xMidYMid meet"
   id="svg2"
   inkscape:version="0.48.4 r9939"
   sodipodi:docname="q4.svg">
  <defs
     id="defs134" />
  <sodipodi:namedview
     pagecolor="#ffffff"
     bordercolor="#666666"
     borderopacity="1"
     objecttolerance="10"
     gridtolerance="10"
     guidetolerance="10"
     inkscape:pageopacity="0"
     inkscape:pageshadow="2"
     inkscape:window-width="1600"
     inkscape:window-height="824"
     id="namedview132"
     showgrid="false"
     inkscape:zoom="0.92377358"
     inkscape:cx="554.01895"
     inkscape:cy="164.32041"
     inkscape:window-x="0"
     inkscape:window-y="24"
     inkscape:window-maximized="1"
     inkscape:current-layer="svg2" />
  <metadata
     id="metadata4">
Created by potrace 1.10, written by Peter Selinger 2001-2011
<rdf:RDF>
  <cc:Work
     rdf:about="">
    <dc:format>image/svg+xml</dc:format>
    <dc:type
       rdf:resource="http://purl.org/dc/dcmitype/StillImage" />
  </cc:Work>
</rdf:RDF>
</metadata>
  <rect
     style="fill:#ffffff;fill-opacity:1;stroke:none"
     id="rect3133"
     width="993.75"
     height="484.96732"
     x="0"
     y="-0.13480417"
     transform="scale(0.8,0.8)" />
  <g
     transform="translate(0.000000,387.000000) scale(0.100000,-0.100000)"
     fill="#000000"
     stroke="none"
     id="g6">
    <path
       d="M5140 3809 c-30 -5 -68 -15 -85 -23 -99 -46 -211 -59 -249 -31 -11 8 -31 15 -45 15 -14 0 -39 7 -56 16 -45 25 -260 26 -295 2 -13 -10 -32 -18 -41 -18 -9 0 -30 -7 -48 -16 -30 -15 -36 -15 -76 1 -49 18 -171 23 -340 13 -94 -5 -100 -7 -103 -28 -2 -12 1 -27 7 -33 6 -6 11 -28 11 -48 0 -31 -4 -38 -24 -43 -26 -6 -56 -31 -56 -47 0 -5 16 -27 35 -48 27 -29 38 -53 44 -92 5 -30 15 -56 24 -61 43 -24 49 -39 42 -109 -5 -46 -3 -80 6 -106 10 -29 13 -213 14 -803 1 -421 5 -784 10 -807 6 -35 5 -43 -7 -43 -24 0 -53 77 -53 140 0 52 -1 55 -25 55 -24 0 -25 -3 -26 -55 -1 -71 17 -121 62 -173 l36 -42 2 -648 c1 -636 1 -649 21 -663 17 -13 167 -15 1185 -10 641 3 1274 8 1408 12 218 5 245 4 268 -11 19 -12 54 -18 121 -21 80 -3 98 -1 121 15 24 16 37 18 102 10 107 -11 723 -11 754 1 l26 10 -2 1807 -3 1808 -488 2 c-402 1 -491 4 -500 16 -20 23 -68 49 -82 43 -7 -2 -15 -17 -17 -33 -4 -38 -49 -45 -83 -13 -33 31 -129 31 -158 -1 -21 -22 -22 -22 -294 -16 -223 6 -279 10 -305 23 -38 19 -123 12 -151 -14 -16 -14 -23 -14 -86 6 -80 26 -114 27 -171 7 -23 -8 -66 -15 -95 -15 -35 0 -57 5 -65 15 -7 8 -25 15 -41 15 -15 0 -34 6 -42 14 -10 11 -127 42 -131 35 -1 -1 -26 -5 -56 -10z m-475 -68 c28 -7 62 -18 77 -26 37 -21 255 -21 284 0 28 19 96 37 166 42 59 5 138 -16 166 -44 7 -7 27 -13 44 -13 17 0 40 -8 50 -17 18 -16 21 -16 51 -1 37 19 149 31 204 22 30 -5 41 -13 56 -40 20 -40 22 -65 6 -81 -21 -21 -5 -57 33 -78 45 -24 49 -52 16 -101 -21 -31 -24 -32 -74 -27 -29 3 -65 3 -80 -1 -48 -12 -10 -31 64 -31 l67 0 3 -50 c4 -51 -20 -115 -42 -115 -140 -5 -196 -9 -205 -14 -15 -10 -14 -41 3 -55 8 -7 17 -26 20 -44 10 -52 29 -67 86 -74 52 -6 128 -50 138 -80 7 -24 -28 -13 -55 17 -30 34 -59 38 -104 14 -41 -21 -72 -15 -81 16 -4 14 -14 48 -23 75 -9 28 -19 62 -22 77 -11 55 -73 89 -102 54 -20 -23 -78 -29 -114 -11 -18 9 -60 19 -95 22 -56 5 -65 9 -78 35 -15 28 -15 28 -87 22 -92 -9 -115 -18 -127 -49 -8 -21 -6 -32 12 -55 17 -24 19 -32 8 -45 -7 -8 -24 -15 -39 -15 -15 0 -32 -5 -39 -12 -33 -33 7 -98 59 -98 46 0 59 23 59 104 l0 72 33 12 c48 17 74 15 91 -9 19 -27 11 -45 -24 -58 -35 -12 -50 -39 -39 -68 17 -46 88 -58 114 -19 13 20 14 30 4 68 -7 25 -9 52 -6 61 9 24 53 21 95 -5 35 -22 81 -25 202 -16 l35 3 6 -50 c11 -94 51 -181 87 -190 15 -4 39 2 63 15 53 27 81 25 110 -6 33 -36 82 -54 143 -54 100 0 115 50 24 77 -34 9 -59 27 -95 66 -68 75 -93 90 -138 81 -44 -8 -75 15 -75 56 0 38 24 44 81 24 46 -17 50 -17 88 1 68 30 76 45 76 144 0 67 4 92 19 113 14 22 17 38 12 72 -5 31 -3 54 7 73 10 18 13 46 10 78 -7 73 6 84 97 91 198 13 201 13 207 -3 4 -10 -2 -23 -16 -35 -30 -23 -37 -23 -44 4 l-6 22 -25 -25 c-13 -13 -29 -43 -35 -67 -8 -27 -21 -48 -39 -59 -15 -9 -37 -28 -49 -42 -39 -46 -25 -141 21 -141 7 0 21 -9 30 -19 16 -18 16 -21 1 -52 -23 -44 -16 -129 13 -169 30 -40 28 -66 -9 -108 -30 -33 -31 -39 -26 -94 6 -65 37 -123 91 -170 21 -18 28 -30 21 -37 -17 -16 -348 -179 -380 -186 -16 -4 -49 -16 -71 -26 -32 -15 -47 -17 -68 -9 -22 8 -25 13 -17 29 6 10 23 22 38 26 16 3 35 12 43 19 8 7 35 18 60 25 25 7 59 21 75 31 17 9 51 25 77 35 42 16 70 47 55 61 -10 10 -77 -9 -98 -27 -12 -10 -28 -19 -36 -19 -7 0 -41 -13 -76 -29 -34 -16 -75 -32 -90 -36 -15 -3 -42 -19 -60 -36 -40 -39 -66 -49 -123 -49 -72 0 -181 -83 -195 -149 -4 -20 -13 -51 -21 -69 -13 -32 -12 -35 20 -63 17 -16 32 -36 32 -45 0 -19 19 -56 34 -66 37 -25 97 7 139 75 20 30 38 34 57 12 11 -13 9 -20 -9 -38 -26 -29 -26 -37 1 -84 58 -100 122 -152 174 -139 15 4 45 25 67 47 22 21 45 39 50 39 5 0 24 -9 41 -19 88 -55 190 -42 248 30 37 46 54 48 108 14 22 -14 45 -25 53 -25 7 0 21 -6 32 -13 22 -15 102 -37 134 -37 15 0 23 9 29 33 10 40 70 77 127 77 39 0 120 23 140 40 5 4 27 11 48 15 20 4 39 11 42 15 3 5 26 18 52 31 45 22 48 22 76 5 29 -16 31 -16 52 4 12 11 29 20 38 20 9 0 37 11 63 25 26 14 53 25 61 25 7 0 37 14 66 30 30 17 65 30 80 30 35 0 68 36 61 66 -8 30 14 41 32 15 19 -27 48 -27 86 1 17 11 65 29 107 39 86 20 194 66 230 98 13 11 31 21 40 21 14 0 16 -56 14 -592 -1 -326 2 -672 6 -768 8 -183 7 -200 -14 -200 -27 0 -46 31 -39 63 4 18 0 51 -10 81 -8 28 -18 62 -20 76 -9 45 -63 99 -107 106 -21 4 -39 9 -39 12 0 3 11 28 25 57 29 59 40 112 31 149 -3 14 -24 46 -47 72 -46 53 -42 74 12 55 71 -25 129 -8 158 47 13 24 6 62 -11 62 -5 0 -19 -11 -30 -25 -17 -22 -27 -25 -81 -25 -55 0 -68 4 -122 40 -96 63 -105 70 -105 83 0 7 30 25 66 41 87 39 126 84 122 139 -3 39 -5 42 -35 45 -31 3 -33 2 -33 -30 0 -19 -7 -44 -16 -56 -20 -28 -81 -60 -133 -68 -56 -9 -64 14 -22 61 39 45 56 105 41 148 -16 47 -36 71 -56 63 -14 -5 -15 -16 -10 -69 6 -64 -17 -159 -39 -159 -6 0 -19 25 -30 55 -23 63 -53 100 -110 139 -56 37 -96 43 -125 20 -27 -22 -20 -42 17 -42 57 0 149 -73 174 -139 17 -44 -5 -45 -88 -6 -43 21 -87 41 -98 46 -72 30 -100 39 -119 39 -12 0 -32 7 -44 16 -29 20 -127 16 -127 -6 0 -9 18 -20 45 -29 85 -26 133 -46 137 -58 3 -7 -10 -26 -27 -43 -22 -22 -40 -30 -66 -30 -19 0 -64 -15 -101 -32 -138 -68 -178 -195 -108 -343 16 -33 42 -75 59 -93 41 -44 27 -58 -46 -43 -29 6 -89 15 -133 20 -53 6 -83 15 -91 25 -6 9 -20 16 -31 16 -10 0 -24 5 -30 11 -9 9 -20 9 -40 1 -15 -6 -40 -13 -54 -16 -18 -4 -32 -19 -48 -54 -20 -42 -23 -62 -19 -132 3 -73 6 -84 28 -102 18 -14 33 -18 55 -14 70 13 70 13 73 -25 6 -70 85 -79 123 -14 22 36 55 53 71 37 11 -11 -3 -44 -36 -82 -13 -14 -29 -43 -37 -65 -12 -33 -13 -44 -2 -65 7 -14 13 -32 13 -41 0 -9 7 -22 15 -29 40 -33 -7 -97 -70 -97 -18 0 -52 -15 -85 -36 l-54 -37 -91 6 c-199 11 -383 12 -445 2 -36 -6 -82 -10 -102 -9 -90 3 -116 2 -168 -6 -30 -5 -65 -15 -77 -23 -19 -12 -24 -12 -41 3 -25 22 -60 21 -100 -3 -18 -11 -44 -20 -59 -20 -25 0 -26 1 -19 54 7 67 -1 92 -52 145 -35 37 -43 41 -88 41 -29 0 -59 -7 -72 -16 -21 -14 -24 -13 -62 18 -22 18 -40 36 -40 39 0 4 32 30 70 58 73 53 88 84 55 111 -26 22 -85 127 -85 152 0 18 9 29 35 41 48 23 67 21 95 -8 18 -19 23 -35 22 -69 -2 -37 2 -48 24 -65 35 -27 55 -26 84 4 26 28 41 22 66 -27 8 -15 22 -28 32 -28 44 0 123 124 122 190 -1 39 -50 103 -97 125 -23 11 -45 29 -49 40 -9 30 -64 84 -106 106 -22 11 -58 19 -87 19 -27 0 -53 4 -56 10 -3 5 16 34 43 62 71 75 94 125 100 213 6 102 -2 137 -46 182 -33 33 -49 41 -125 58 -101 22 -96 19 -127 65 -12 19 -30 41 -38 47 -13 11 -12 16 11 37 39 36 100 53 133 37 25 -11 26 -15 20 -65 -7 -62 10 -80 43 -44 41 43 33 117 -17 162 -31 28 -113 18 -151 -18 -45 -43 -54 -36 -46 43 7 68 7 69 -23 90 -36 25 -64 27 -103 4 -37 -22 -32 -38 13 -38 47 0 78 -28 78 -71 0 -47 -17 -51 -55 -14 -26 26 -44 34 -82 37 -43 4 -54 0 -103 -35 -40 -28 -55 -45 -55 -62 0 -35 15 -34 75 5 62 40 82 43 128 15 51 -31 42 -53 -39 -94 -65 -33 -73 -35 -89 -21 -24 21 -35 19 -73 -15 -39 -34 -47 -36 -47 -15 0 25 -34 17 -64 -14 -23 -24 -34 -29 -58 -24 -24 5 -34 0 -59 -28 -27 -32 -30 -33 -43 -16 -7 9 -17 17 -23 17 -13 0 -64 -57 -94 -105 -52 -84 -69 -142 -69 -240 0 -80 3 -98 28 -146 22 -43 32 -55 55 -57 17 -2 29 2 33 12 8 21 24 10 24 -15 0 -11 16 -37 36 -57 l35 -36 -29 -26 c-30 -25 -62 -78 -62 -102 0 -22 -47 -66 -79 -73 -38 -8 -57 -31 -72 -86 -11 -43 -11 -49 11 -84 58 -93 190 -131 190 -53 0 17 27 38 50 38 23 0 5 -44 -20 -50 -36 -8 -41 -57 -7 -65 31 -8 81 -60 75 -77 -3 -7 -18 -20 -34 -28 -122 -60 -181 -180 -126 -257 12 -17 22 -35 22 -40 0 -17 -80 -35 -121 -28 -29 5 -47 2 -64 -9 -56 -37 -54 -57 -57 457 -2 259 -2 475 0 480 2 4 27 -11 55 -33 56 -45 90 -49 95 -13 3 17 -5 25 -32 37 -19 8 -53 33 -75 56 l-41 42 0 679 0 678 35 7 c49 9 59 25 52 85 -9 70 4 96 51 109 45 12 68 6 82 -20 14 -27 3 -46 -32 -56 -44 -13 -56 -36 -35 -68 24 -36 62 -44 95 -19 25 19 27 26 27 91 0 39 5 75 10 80 16 15 106 42 139 42 33 0 129 -41 140 -59 4 -6 19 -11 34 -11 15 0 49 -7 76 -15 46 -14 54 -14 128 7 43 13 91 33 106 45 24 19 25 22 9 29 -10 4 -37 0 -60 -7 -50 -17 -204 -18 -238 -3 -133 62 -163 74 -193 74 -31 0 -100 -26 -138 -52 -14 -10 -22 -8 -43 12 -24 23 -27 23 -106 13 -105 -14 -116 -25 -95 -88 18 -53 13 -85 -13 -85 -29 0 -41 22 -41 79 0 37 -5 60 -17 73 -14 15 -14 22 -3 46 31 68 31 81 -3 120 -18 20 -43 60 -56 88 -21 48 -22 53 -7 87 10 25 13 53 9 87 -6 55 6 80 41 80 11 0 39 11 61 25 50 31 123 33 180 5 48 -23 203 -28 223 -7 42 41 174 54 287 28z m1743 -53 c-3 -34 -20 -42 -26 -13 -5 22 5 45 18 45 7 0 10 -14 8 -32z m-567 -13 c8 -28 -4 -65 -20 -65 -13 0 -22 47 -15 75 8 32 26 27 35 -10z m984 -19 l50 -46 -30 -25 c-37 -30 -40 -30 -65 -2 -60 65 -54 63 -156 42 -26 -6 -32 -3 -42 20 -15 32 -15 31 2 47 9 10 39 13 102 12 l89 -1 50 -47z m91 39 c4 -8 12 -15 19 -15 7 0 18 7 25 15 15 18 50 20 50 3 0 -19 -32 -48 -53 -48 -11 0 -28 -7 -37 -15 -24 -22 -60 6 -60 46 0 24 4 29 25 29 14 0 28 -7 31 -15z m329 -10 c0 -10 -12 -25 -26 -34 -15 -9 -53 -33 -85 -53 -33 -20 -97 -58 -143 -83 -46 -26 -92 -56 -101 -67 -31 -38 -89 5 -76 56 4 16 26 32 78 56 40 19 109 56 153 84 56 35 95 52 130 56 63 9 70 7 70 -15z m340 15 c11 -18 -18 -45 -78 -74 -33 -16 -78 -33 -101 -38 -22 -5 -55 -18 -72 -29 -29 -18 -32 -23 -27 -57 5 -34 1 -42 -27 -65 -32 -27 -74 -35 -85 -17 -12 19 -45 10 -55 -14 -4 -13 -20 -32 -34 -44 -14 -11 -26 -28 -26 -37 0 -14 6 -16 41 -10 l40 7 -6 -35 c-6 -31 -3 -37 25 -57 17 -12 43 -25 58 -29 41 -11 42 -49 3 -64 -19 -7 -31 -18 -31 -29 0 -15 8 -17 48 -15 40 2 47 -1 50 -18 1 -11 -4 -29 -12 -40 -13 -17 -18 -18 -35 -7 -42 25 -81 8 -81 -34 0 -29 17 -34 59 -18 18 8 49 14 67 14 25 0 39 7 55 30 20 26 27 29 61 24 33 -6 41 -3 68 26 33 35 39 70 15 90 -33 27 -17 40 49 40 93 0 142 44 101 90 -22 24 -9 48 28 55 36 8 90 40 132 79 51 48 53 41 50 -138 -1 -90 -6 -169 -9 -175 -8 -12 -90 -51 -144 -69 -23 -7 -41 -8 -56 -1 -28 13 -76 -4 -76 -27 0 -12 -6 -15 -24 -10 -15 4 -39 -3 -67 -19 -24 -14 -51 -27 -59 -31 -8 -3 -22 -10 -30 -15 -17 -11 -115 -57 -205 -97 -33 -15 -78 -41 -101 -59 -23 -18 -51 -33 -63 -33 -36 0 -142 -60 -139 -79 5 -24 35 -25 55 -2 9 12 24 21 32 21 8 0 23 7 33 17 10 9 21 14 24 11 7 -7 -37 -78 -59 -96 -9 -8 -35 -40 -59 -72 -24 -33 -53 -65 -65 -71 -13 -7 -25 -20 -29 -31 -3 -10 -9 -18 -14 -18 -4 0 -45 -34 -91 -76 -46 -42 -100 -86 -119 -99 -42 -27 -161 -143 -186 -180 -17 -26 -18 -26 -31 -9 -8 10 -42 37 -77 59 -35 22 -87 56 -117 76 -30 20 -71 39 -92 43 -53 10 -46 34 21 68 91 46 146 80 185 115 20 18 40 33 45 33 4 0 20 11 36 25 35 30 80 40 127 28 19 -5 54 -6 78 -1 38 7 48 5 66 -12 25 -24 73 -26 81 -5 10 24 -15 45 -52 45 -22 0 -34 5 -34 14 0 18 22 26 69 26 88 0 136 46 96 90 -24 26 -41 25 -77 -5 -16 -14 -42 -27 -56 -30 -15 -3 -41 -10 -58 -15 -76 -24 -72 -8 24 89 42 44 100 108 128 143 85 106 175 137 227 78 15 -16 41 -37 58 -46 l32 -16 -7 33 c-8 43 -30 65 -84 89 -54 24 -69 25 -118 4 -35 -15 -39 -15 -51 2 -19 27 1 43 71 54 73 12 145 3 171 -21 50 -45 59 37 14 140 -15 36 -35 60 -75 89 -63 47 -106 105 -102 136 2 15 22 29 73 51 39 17 88 43 110 58 22 15 44 27 48 27 5 0 30 18 55 40 75 67 187 130 219 125 16 -3 51 -1 78 4 70 12 83 12 90 1z m-1241 -68 c-1 -20 -2 -40 -3 -44 -1 -3 -17 -12 -36 -18 -41 -13 -50 -28 -58 -89 -7 -53 11 -95 45 -106 l23 -7 -25 -8 c-47 -15 -65 -11 -83 19 -23 39 -22 77 3 94 19 13 19 15 -20 50 -46 41 -50 57 -16 57 13 0 26 7 30 15 3 8 12 15 19 15 8 0 20 -7 27 -15 18 -21 38 -19 45 6 4 13 0 27 -11 40 -16 18 -16 20 1 39 15 17 19 18 39 4 18 -11 22 -22 20 -52z m1513 37 c7 -13 13 -47 13 -76 0 -49 -2 -54 -41 -85 -23 -18 -58 -47 -78 -64 -32 -27 -153 -84 -179 -84 -12 0 -24 29 -16 41 3 5 11 9 18 9 16 0 145 67 169 88 22 19 22 54 -1 75 -10 9 -38 19 -62 23 -76 11 -103 35 -57 50 12 4 33 16 47 28 21 18 38 21 100 20 69 0 76 -2 87 -25z m-1323 5 c12 -5 15 -15 10 -44 -4 -24 -2 -40 6 -45 8 -5 5 -14 -12 -32 l-23 -25 24 -19 c31 -25 22 -62 -20 -83 -52 -26 -64 -2 -29 58 24 39 15 51 -25 36 -38 -15 -41 -14 -64 26 -27 45 -26 58 4 78 23 15 25 15 25 0 0 -17 38 -53 56 -54 22 0 25 33 4 55 -19 20 -19 22 -3 38 19 19 24 20 47 11z m184 -91 c-3 -36 -5 -38 -35 -35 -29 3 -33 0 -33 -22 0 -16 10 -32 31 -46 25 -19 30 -28 27 -59 -3 -31 -7 -37 -33 -41 -23 -5 -29 -11 -28 -27 1 -12 -4 -26 -12 -33 -11 -9 -12 -17 -4 -31 22 -42 -29 -76 -90 -60 -34 10 -35 37 -1 34 58 -5 94 18 49 30 -16 4 -20 11 -16 26 4 16 0 21 -13 21 -11 0 -22 -4 -25 -10 -7 -12 -75 -14 -75 -2 0 5 -11 14 -25 20 -19 9 -25 19 -25 44 0 49 15 67 30 37 25 -47 80 -77 80 -44 0 24 29 29 50 10 10 -9 25 -15 32 -13 17 6 11 74 -9 104 -20 31 -9 64 23 64 18 0 27 9 38 35 12 27 21 35 41 35 24 0 26 -3 23 -37z m931 -24 c19 -7 31 -18 31 -29 0 -17 -39 -50 -60 -50 -6 0 -50 -15 -98 -34 -101 -39 -167 -53 -177 -36 -9 15 33 98 55 110 10 6 29 10 42 10 13 0 46 9 73 20 58 22 89 24 134 9z m-1288 -29 c26 -14 24 -58 -5 -93 l-23 -29 -26 32 c-32 38 -34 53 -7 80 23 23 33 24 61 10z m-203 -12 c7 -7 12 -23 12 -36 0 -24 -1 -24 -62 -18 -35 4 -64 9 -66 10 -1 2 3 15 9 30 10 22 19 26 54 26 22 0 46 -5 53 -12z m660 -101 c7 -6 11 -20 8 -31 -3 -12 -1 -27 3 -35 6 -9 5 -21 -2 -32 -16 -26 8 -53 34 -36 14 9 21 9 31 -1 6 -6 18 -12 25 -12 24 0 113 -93 113 -117 0 -27 -40 -56 -64 -47 -17 6 -19 13 -17 54 3 34 -34 81 -57 73 -9 -3 -23 -13 -30 -22 -11 -14 -17 -11 -48 24 -19 22 -50 47 -67 55 -26 12 -33 22 -35 53 -2 20 -1 37 1 37 2 0 18 -7 36 -16 21 -10 36 -13 42 -7 13 13 1 41 -22 48 -10 4 -19 13 -19 22 0 12 6 14 27 8 16 -4 34 -12 41 -18z m-733 -47 c4 -6 -5 -10 -19 -10 -14 0 -26 5 -26 10 0 6 9 10 19 10 11 0 23 -4 26 -10z m107 -20 c71 -35 99 -37 137 -10 22 17 32 19 54 11 15 -6 27 -15 27 -20 0 -6 14 -17 30 -26 22 -11 30 -23 30 -42 0 -34 36 -73 67 -73 13 0 34 -7 46 -15 20 -13 25 -13 45 1 12 8 22 22 22 31 0 42 57 66 100 43 38 -21 47 -172 12 -212 -11 -13 -30 -18 -73 -18 -32 0 -60 -4 -63 -8 -16 -26 68 -66 120 -56 33 6 34 5 25 -17 -5 -15 -17 -24 -31 -24 -12 0 -32 -12 -45 -27 -16 -19 -35 -28 -61 -30 -34 -3 -41 -8 -57 -40 -10 -21 -37 -52 -60 -70 -23 -18 -43 -36 -45 -40 -2 -5 -9 -8 -15 -8 -7 0 -29 -9 -50 -20 -20 -11 -43 -20 -49 -20 -20 0 -118 42 -168 72 -46 27 -102 105 -115 159 -10 39 11 106 35 112 15 4 20 14 20 41 0 28 4 36 18 36 11 0 27 -9 37 -20 14 -15 21 -17 32 -9 24 20 15 55 -22 83 -26 20 -35 35 -35 56 0 21 -9 36 -36 56 -28 22 -34 32 -29 48 4 12 9 35 10 51 2 17 4 31 4 33 3 7 29 -1 83 -28z m1122 4 c28 -11 18 -47 -20 -71 -20 -13 -44 -23 -54 -23 -11 0 -25 10 -31 23 -7 12 -19 27 -28 34 -20 14 -12 23 31 33 42 10 82 12 102 4z m256 -30 c43 -28 51 -51 23 -60 -10 -3 -35 -13 -57 -22 -36 -15 -40 -15 -68 1 -37 21 -98 23 -98 3 0 -8 19 -27 43 -43 77 -52 54 -129 -31 -102 -20 6 -42 13 -49 15 -8 2 -10 15 -6 36 3 24 0 38 -11 47 -25 21 -19 46 16 62 19 8 34 23 36 34 10 71 6 68 88 62 56 -5 84 -13 114 -33z m-679 -134 c43 -23 7 -120 -39 -106 -17 6 -22 15 -22 43 0 21 7 44 18 54 21 22 19 21 43 9z m-775 -17 c7 -10 14 -30 14 -45 0 -21 -5 -28 -20 -28 -17 0 -20 7 -20 45 0 49 6 55 26 28z m1748 -330 l-1 -193 -37 -25 c-20 -14 -43 -25 -50 -25 -7 0 -28 -10 -47 -22 -53 -36 -142 -62 -183 -54 -19 4 -43 3 -53 -2 -10 -5 -33 -16 -51 -25 -37 -19 -135 -22 -212 -7 -25 4 -74 13 -110 19 -98 17 -130 30 -130 51 0 10 3 21 8 24 13 8 166 9 192 2 24 -7 24 -7 5 9 -15 12 -17 19 -9 33 8 12 29 18 80 22 55 4 69 8 72 23 5 27 -22 31 -116 18 -134 -18 -127 -19 -127 7 0 19 9 27 40 38 22 7 46 14 53 14 19 0 100 38 107 50 3 5 14 10 24 10 10 0 45 13 77 30 32 16 65 30 72 30 8 0 26 7 40 15 70 38 217 105 231 105 9 0 30 11 46 25 17 14 40 24 54 22 l25 -2 0 -192z m-1274 -130 c0 -5 -24 -31 -53 -59 -36 -36 -63 -53 -89 -58 -22 -4 -48 -19 -65 -36 -15 -16 -41 -35 -57 -42 -17 -7 -80 -45 -141 -85 -93 -62 -150 -91 -212 -109 -7 -1 -15 -19 -19 -38 -8 -45 -37 -49 -52 -8 -16 43 -83 110 -129 128 -34 13 -43 21 -43 40 0 22 4 24 48 25 34 1 66 12 117 39 163 88 236 121 255 115 11 -4 33 1 49 11 27 16 33 16 57 3 40 -21 141 -16 190 10 60 32 78 45 87 59 9 13 57 17 57 5z m-36 -139 c25 -10 19 -31 -11 -37 -30 -6 -53 1 -53 14 0 8 13 16 47 28 1 1 8 -2 17 -5z m442 -84 c12 -12 164 -50 200 -50 33 0 86 -28 81 -43 -2 -7 -26 -15 -53 -18 -27 -4 -66 -14 -88 -23 -21 -9 -46 -16 -56 -16 -9 0 -27 -9 -40 -20 -13 -11 -29 -20 -37 -20 -8 0 -41 -13 -75 -30 -33 -16 -68 -30 -78 -30 -11 0 -22 -4 -25 -10 -3 -5 -14 -10 -24 -10 -9 0 -38 -13 -64 -30 -26 -16 -53 -30 -60 -30 -7 0 -30 -9 -52 -20 -41 -21 -85 -27 -85 -11 0 5 36 33 80 63 44 30 106 79 138 109 32 30 74 68 92 84 19 17 50 49 68 73 33 42 58 52 78 32z m-1418 -38 c12 -4 28 -18 35 -32 10 -21 21 -26 61 -28 40 -3 60 -11 108 -49 53 -41 70 -70 40 -67 -7 1 -40 2 -75 3 -54 1 -64 4 -72 23 -14 31 -29 32 -61 5 -23 -20 -26 -27 -16 -40 16 -19 -3 -27 -64 -27 -41 0 -46 3 -61 35 -14 30 -15 38 -3 60 17 32 27 32 42 0 12 -28 28 -33 28 -10 0 8 11 25 25 37 13 11 22 25 19 30 -4 6 -45 7 -101 3 l-95 -7 4 28 c2 24 9 30 38 35 47 8 120 9 148 1z m-191 -81 c2 -9 9 -24 14 -33 24 -46 -12 -88 -76 -88 -20 0 -25 5 -25 25 0 21 6 27 31 32 l32 6 -27 19 c-14 11 -26 26 -26 33 0 34 67 39 77 6z m-567 -121 c0 -5 -13 -23 -30 -40 -16 -17 -30 -37 -30 -45 0 -23 29 -18 50 8 l18 22 25 -23 c22 -21 25 -31 24 -93 -1 -60 2 -72 23 -94 l25 -26 -23 -39 c-26 -45 -30 -100 -7 -100 8 0 21 16 30 36 12 30 19 35 42 32 27 -3 28 -2 28 47 1 28 4 56 8 62 4 7 1 26 -8 42 -8 17 -15 35 -15 41 0 21 58 9 98 -20 34 -24 42 -36 48 -75 15 -100 -16 -217 -66 -252 -10 -7 -24 -29 -30 -48 -13 -39 -73 -92 -137 -119 -23 -10 -54 -31 -69 -47 -27 -29 -58 -37 -68 -20 -3 5 -53 6 -111 4 -90 -5 -105 -4 -111 10 -3 9 3 28 15 43 26 34 27 51 1 59 -29 9 -48 -10 -56 -54 -10 -56 -29 -71 -90 -71 -50 0 -55 2 -102 51 -82 83 -93 173 -30 244 33 39 62 44 107 20 26 -13 40 -36 56 -92 7 -25 39 -31 52 -10 4 6 8 35 9 62 1 54 22 165 34 178 14 15 50 -12 50 -38 0 -31 69 -105 98 -105 37 0 25 31 -35 92 -55 56 -57 59 -61 120 -3 54 -1 66 18 86 11 12 30 22 40 22 11 0 51 32 90 70 67 67 90 82 90 60z m624 -7 c10 -10 -65 -83 -86 -83 -27 0 -35 30 -12 46 10 7 24 17 29 22 23 19 57 27 69 15z m367 -24 c46 -6 91 -17 100 -25 22 -20 53 -17 74 6 10 11 27 20 37 20 30 0 128 -50 128 -65 0 -8 -15 -22 -32 -31 -18 -10 -55 -32 -82 -51 -29 -20 -60 -33 -79 -33 -36 0 -117 29 -117 41 0 5 -12 9 -26 9 -16 0 -45 -17 -77 -45 -50 -44 -86 -55 -94 -29 -5 14 45 74 61 74 7 0 23 11 36 25 22 23 22 25 4 31 -10 3 -29 11 -42 17 -16 8 -25 8 -34 -1 -7 -7 -22 -12 -35 -12 -14 0 -23 -6 -23 -15 0 -8 9 -15 19 -15 31 0 35 -19 6 -32 -22 -10 -28 -8 -45 10 -26 28 -25 43 8 69 15 12 38 31 52 42 29 24 48 25 161 10z m-1231 -68 c0 -6 -10 -17 -22 -26 -28 -19 -40 1 -12 22 21 15 34 17 34 4z m-120 -30 c0 -5 -7 -16 -15 -25 -8 -8 -15 -21 -15 -28 0 -8 -7 -23 -15 -34 -8 -10 -15 -29 -15 -41 0 -26 -36 -67 -50 -58 -16 10 -12 52 5 59 8 3 15 12 15 20 0 8 17 38 38 65 35 49 52 62 52 42z m60 -50 c0 -11 -8 -34 -17 -53 -9 -18 -22 -45 -30 -60 -7 -14 -13 -37 -13 -51 0 -38 -10 -57 -30 -57 -26 0 -37 55 -16 79 9 10 16 27 16 38 0 11 6 26 14 32 8 7 17 24 21 39 12 49 55 75 55 33z m-180 -10 c0 -26 -10 -51 -21 -51 -10 0 -12 31 -3 54 9 22 24 20 24 -3z m-109 -64 c-6 -6 -11 -25 -11 -43 0 -17 -7 -37 -15 -44 -10 -9 -15 -32 -15 -74 0 -121 -21 -169 -44 -103 -7 18 -4 51 8 109 10 46 20 93 22 105 5 29 57 90 62 73 2 -6 -1 -17 -7 -23z m2826 3 c3 -11 10 -20 15 -20 5 0 23 -15 39 -32 l31 -33 15 23 c16 23 47 30 58 12 3 -5 17 -10 31 -10 34 0 64 -52 64 -109 0 -58 -33 -125 -87 -177 -24 -23 -43 -47 -43 -52 0 -24 35 -20 80 10 35 23 57 48 81 93 31 58 32 65 21 101 -15 51 -15 58 -4 62 9 3 144 -107 169 -138 24 -29 15 -49 -27 -60 -34 -9 -60 -33 -60 -54 0 -13 65 -5 82 11 40 36 113 -39 104 -107 -8 -66 -26 -131 -40 -152 -23 -32 -107 -88 -134 -88 -26 0 -82 50 -82 74 0 19 -14 28 -34 20 -13 -5 -15 -14 -10 -41 5 -25 3 -38 -7 -44 -36 -23 -208 1 -324 44 -111 42 -173 98 -226 204 -31 63 -34 75 -34 160 0 87 2 94 26 117 14 13 34 28 46 34 36 19 115 44 121 37 3 -3 0 -20 -6 -38 -17 -48 -15 -75 8 -87 17 -9 27 -3 71 41 46 46 50 54 44 83 -3 17 -7 42 -8 56 -2 14 -8 35 -15 47 -16 29 -15 33 9 33 12 0 23 -8 26 -20z m-2747 -80 c0 -49 -17 -80 -45 -80 -21 0 -23 21 -7 70 28 85 52 89 52 10z m695 -425 c9 -89 0 -125 -31 -125 -19 0 -26 6 -31 30 -7 35 -15 43 -38 34 -13 -6 -16 -15 -11 -48 3 -23 9 -68 12 -102 5 -49 14 -72 49 -124 48 -72 48 -75 -16 -115 -20 -13 -42 -30 -51 -38 -22 -22 -111 -65 -191 -93 -80 -27 -159 -31 -198 -10 -14 7 -42 16 -62 20 -20 4 -49 17 -64 30 -15 12 -36 26 -46 29 -27 10 -18 51 12 55 13 2 28 -1 34 -7 14 -14 40 -14 72 1 26 11 26 12 20 100 -4 77 -3 90 14 107 12 12 28 17 44 14 42 -8 99 17 144 64 46 47 52 63 29 82 -15 13 -19 9 -41 -34 -7 -14 -23 -21 -51 -23 l-41 -3 -7 42 c-4 23 -3 46 2 51 6 6 36 12 68 15 58 5 60 4 103 -36 24 -23 53 -41 63 -41 22 0 58 34 58 55 0 8 4 15 10 15 5 0 12 15 15 33 5 23 18 40 48 59 65 43 74 39 82 -37z m172 40 c13 -9 39 -37 59 -64 20 -27 55 -59 78 -72 22 -12 44 -27 48 -32 9 -14 -2 -39 -27 -59 l-20 -16 20 -29 c20 -27 23 -63 5 -63 -16 0 -40 31 -40 51 0 11 -11 24 -25 31 -22 10 -27 8 -46 -15 -28 -37 -35 -34 -42 14 -6 47 -35 82 -90 110 -35 19 -37 22 -31 55 4 20 1 47 -6 64 -6 16 -9 34 -5 41 10 15 90 4 122 -16z m-363 -84 c3 -4 3 -11 0 -14 -8 -8 -34 3 -34 14 0 11 27 12 34 0z m1619 -17 c18 -10 37 -25 44 -34 10 -14 36 -18 132 -24 67 -3 128 -9 137 -13 31 -12 46 -102 24 -144 -13 -24 -39 -24 -114 1 -89 30 -105 27 -150 -30 -44 -56 -56 -61 -56 -25 0 14 5 25 10 25 6 0 10 11 10 25 0 19 -9 29 -37 42 -31 15 -39 25 -48 63 -8 35 -16 46 -33 48 -29 4 -28 20 1 24 16 2 23 11 25 31 4 31 11 33 55 11z m-1922 -15 c5 -8 8 -27 7 -44 -3 -26 -8 -31 -37 -35 -29 -4 -36 -10 -43 -36 -4 -17 -15 -37 -23 -44 -11 -9 -15 -34 -15 -101 0 -91 -11 -113 -31 -62 -13 35 -26 43 -68 43 -26 0 -41 -8 -67 -35 -33 -35 -57 -44 -70 -24 -3 6 -1 16 5 22 12 12 15 47 3 47 -4 0 -13 13 -20 30 -19 42 -2 70 43 70 38 0 55 20 55 66 0 26 32 90 55 109 19 16 195 11 206 -6z m2347 -68 c9 -5 34 -16 54 -24 40 -18 98 -88 98 -119 0 -26 27 -34 49 -14 25 22 48 20 62 -6 7 -13 18 -29 26 -36 17 -17 17 -116 0 -134 -7 -7 -20 -25 -30 -40 -30 -47 -69 -60 -166 -56 -67 3 -99 10 -143 31 -31 15 -61 27 -65 27 -14 0 -69 62 -87 98 -21 40 -13 70 20 78 20 5 33 0 57 -24 27 -25 43 -31 97 -36 58 -6 68 -4 90 16 43 39 64 123 34 135 -20 7 -34 -13 -34 -52 0 -46 -10 -54 -55 -46 -33 5 -40 10 -39 29 0 12 1 58 2 102 1 44 4 80 7 80 3 0 13 -4 23 -9z m-500 -79 c18 -12 4 -42 -19 -42 -12 0 -19 7 -19 18 0 30 14 39 38 24z m1337 -27 c20 -19 25 -34 25 -77 0 -50 2 -54 33 -69 43 -21 45 -55 3 -51 -27 3 -28 2 -22 -29 5 -25 1 -38 -16 -56 -12 -13 -31 -23 -44 -23 -12 0 -27 -7 -34 -15 -7 -8 -21 -15 -31 -15 -12 0 -24 -11 -29 -26 -14 -37 -35 -24 -35 22 0 45 -24 57 -56 28 -16 -15 -25 -16 -56 -6 -46 14 -77 -2 -116 -63 -16 -25 -44 -51 -65 -62 -20 -10 -46 -32 -57 -50 -22 -36 -29 -39 -97 -48 -40 -6 -47 -5 -52 13 -11 34 4 72 30 78 20 5 24 12 24 44 0 30 6 44 30 63 16 14 39 46 52 71 12 25 31 49 42 53 17 6 119 7 298 3 9 0 18 -9 20 -21 5 -33 30 -44 75 -33 33 8 39 13 43 44 4 29 10 36 33 38 21 3 27 9 27 28 0 21 -4 24 -39 24 -42 0 -71 -20 -71 -49 0 -30 -10 -30 -40 0 -28 28 -32 29 -129 29 -115 0 -112 -4 -90 100 12 58 28 69 64 46 30 -20 64 -20 89 -1 11 8 34 15 50 16 17 0 40 4 51 9 36 15 65 11 90 -15z m-429 -17 c25 -11 26 -15 19 -62 -8 -62 -20 -86 -44 -86 -25 0 -41 22 -39 51 1 13 -2 38 -6 55 -6 29 2 40 41 53 1 1 14 -4 29 -11z m547 -254 c3 -4 2 -15 -4 -25 -8 -15 -6 -19 8 -19 10 0 25 4 33 9 26 17 31 0 9 -36 -21 -33 -21 -36 -5 -69 23 -48 21 -136 -2 -158 -15 -13 -27 -15 -68 -7 -27 5 -116 9 -199 10 -82 0 -162 3 -177 7 -15 3 -41 2 -57 -4 -34 -12 -97 -1 -119 22 -13 12 -13 18 -2 31 10 12 23 14 56 9 41 -6 43 -5 49 22 4 16 16 49 27 73 l21 44 14 -27 c18 -34 27 -33 58 8 14 19 33 37 41 40 26 10 26 -22 0 -57 -14 -19 -26 -43 -26 -55 l0 -21 35 20 c44 26 57 18 49 -32 -5 -30 -3 -39 7 -39 21 1 45 22 53 47 4 13 18 24 36 28 44 10 45 21 3 42 -26 12 -39 26 -41 42 -3 21 -1 23 25 17 79 -20 82 -19 93 8 23 62 60 93 83 70z m-2898 -71 c32 -35 32 -53 -1 -84 -52 -48 -88 -161 -68 -213 14 -36 44 -11 44 36 0 37 68 145 112 177 76 56 178 33 178 -41 0 -23 -7 -31 -44 -49 -24 -11 -51 -28 -59 -37 -28 -32 -77 -137 -77 -165 0 -15 -11 -45 -25 -67 -14 -22 -25 -48 -25 -59 0 -21 -25 -51 -42 -51 -14 0 -58 42 -58 56 0 6 -13 35 -29 65 -16 30 -37 88 -46 129 -29 133 -36 151 -71 189 -40 45 -43 61 -10 61 13 0 57 18 98 40 40 21 78 39 85 40 7 0 24 -12 38 -27z m-364 -89 c8 -8 29 -14 45 -14 25 0 37 -9 67 -52 28 -40 34 -56 26 -70 -14 -25 -62 -48 -102 -48 -30 0 -40 7 -73 50 -39 52 -57 59 -86 36 -22 -16 -23 -44 -3 -66 14 -15 14 -19 -2 -39 -23 -28 -115 -39 -153 -19 -68 36 -57 114 26 196 78 76 100 83 177 59 34 -11 69 -26 78 -33z m2403 6 c17 -6 29 -22 36 -47 16 -52 10 -85 -17 -99 -13 -6 -31 -18 -40 -27 -10 -8 -30 -20 -44 -26 -16 -6 -34 -25 -45 -50 -33 -70 -82 -63 -67 9 13 66 6 90 -38 131 -22 21 -39 44 -37 51 13 42 188 83 252 58z m-323 -71 c30 -41 32 -66 8 -72 -19 -5 -20 -11 -16 -54 3 -26 6 -57 8 -68 6 -32 -37 -33 -45 -2 -7 31 3 118 17 135 7 8 5 12 -6 12 -21 0 -43 -34 -63 -95 -8 -27 -20 -60 -26 -72 -8 -17 -7 -25 6 -38 28 -28 18 -41 -47 -64 -35 -12 -41 -11 -89 17 -68 38 -86 82 -59 145 21 49 87 113 140 134 20 8 50 20 66 28 66 29 82 28 106 -6z m-353 -94 c2 -9 -4 -25 -14 -36 -28 -31 -24 -119 7 -157 45 -55 109 -92 161 -92 60 0 84 10 133 55 65 59 119 76 170 53 22 -10 25 -18 25 -58 0 -30 6 -52 15 -60 8 -7 15 -26 15 -43 0 -17 10 -50 21 -75 12 -24 18 -47 13 -52 -5 -4 -36 -3 -69 2 -55 10 -161 17 -275 20 -79 2 -204 -14 -221 -29 -12 -10 -57 -14 -180 -16 -154 -2 -164 -1 -167 17 -4 17 1 18 41 14 45 -5 82 6 72 22 -7 12 -217 10 -232 -2 -7 -6 -13 -19 -13 -29 0 -18 -15 -19 -372 -20 -736 -3 -1433 2 -1441 10 -4 4 -6 70 -5 146 l3 139 30 9 c17 4 62 10 101 11 38 2 83 10 100 19 16 8 70 17 119 21 50 3 113 9 140 13 43 7 50 11 53 33 5 37 21 49 29 22 9 -35 41 -39 150 -16 29 6 33 4 38 -22 16 -73 64 -168 96 -189 16 -11 29 -28 29 -39 0 -16 -5 -18 -37 -12 -21 3 -67 9 -103 13 -36 3 -71 11 -79 17 -35 28 -409 36 -449 10 -34 -23 -12 -44 47 -44 25 0 52 -4 60 -9 7 -5 29 -5 49 0 25 5 44 3 63 -6 21 -11 34 -12 57 -4 22 7 37 7 51 0 11 -6 51 -11 89 -11 42 0 85 -7 108 -16 31 -13 57 -15 125 -10 77 6 91 4 122 -14 42 -25 90 -23 95 2 3 14 -10 21 -57 34 -34 10 -61 21 -61 25 0 5 16 11 36 15 24 4 55 25 94 61 68 63 112 127 135 201 10 29 21 55 25 57 5 3 21 0 36 -5 21 -8 31 -7 44 5 21 19 74 19 90 0 16 -19 54 -19 70 0 10 12 37 15 119 16 58 0 138 6 176 14 50 10 135 13 295 10 202 -2 225 -4 228 -20z m448 -11 c22 -53 15 -98 -15 -102 -34 -5 -51 22 -51 78 0 52 5 60 32 60 12 0 24 -13 34 -36z m467 -4 c53 -42 42 -90 -19 -90 -28 0 -44 -11 -96 -64 -35 -35 -72 -81 -83 -102 -10 -22 -25 -46 -32 -55 -8 -9 -18 -44 -24 -77 -14 -77 -28 -90 -60 -56 -22 24 -24 33 -24 129 0 93 2 106 22 127 12 13 29 39 37 58 19 45 62 86 128 121 64 34 116 37 151 9z m507 -32 c41 0 89 2 105 5 57 13 58 9 57 -223 0 -116 -2 -214 -6 -217 -3 -3 -146 -5 -318 -4 -235 1 -329 -2 -378 -13 -36 -8 -68 -12 -72 -9 -19 11 -5 42 31 69 93 69 179 253 165 353 l-7 52 174 -5 c96 -3 208 -7 249 -8z m-2603 -65 c-9 -9 -19 -14 -23 -11 -10 10 6 28 24 28 15 0 15 -1 -1 -17z m2080 -83 c-9 -23 -17 -30 -39 -30 -38 0 -36 23 5 43 44 22 47 21 34 -13z m-38 -64 l23 -24 -22 -19 c-11 -10 -28 -32 -36 -48 -20 -44 -107 -135 -127 -135 -21 0 -21 2 3 42 11 18 20 40 20 49 0 9 9 24 21 35 13 12 18 26 15 40 -4 16 -2 21 12 20 11 -1 16 5 14 17 -4 23 15 47 37 47 10 0 28 -11 40 -24z m-2242 -97 c-14 -8 -22 -8 -30 0 -8 8 -3 11 19 11 25 -1 27 -2 11 -11z"
       id="path8" />
    <path
       d="M5133 3593 c-7 -2 -13 -19 -13 -37 0 -17 -6 -40 -14 -51 -24 -36 -76 -134 -76 -144 0 -16 36 -13 50 4 16 19 44 19 60 0 16 -20 57 -15 51 5 -27 97 -31 145 -17 173 22 46 4 69 -41 50z"
       id="path10" />
    <path
       d="M5512 3588 c-7 -7 -12 -19 -12 -27 0 -8 -18 -52 -40 -97 -41 -85 -50 -124 -27 -124 7 0 18 9 25 20 14 23 39 26 61 6 9 -7 27 -16 41 -19 22 -5 28 -1 42 26 19 37 32 116 22 140 -3 9 -14 17 -24 17 -19 0 -27 -23 -29 -89 -3 -66 -18 -56 -30 20 -7 41 -5 61 7 87 14 29 14 34 2 42 -20 13 -24 12 -38 -2z"
       id="path12" />
    <path
       d="M4903 3533 c-21 -8 -14 -40 12 -57 22 -14 25 -24 25 -71 0 -51 2 -55 24 -55 30 0 37 17 26 66 -8 32 -6 41 7 52 9 6 20 12 24 12 11 0 20 33 12 41 -10 10 -113 19 -130 12z"
       id="path14" />
    <path
       d="M5281 3531 c-19 -12 -9 -44 17 -56 19 -8 22 -17 22 -68 0 -44 4 -59 16 -64 23 -9 35 16 28 59 -7 48 3 78 26 78 21 0 35 29 21 43 -13 13 -112 19 -130 8z"
       id="path16" />
    <path
       d="M3925 3520 c-4 -6 0 -22 9 -35 9 -14 16 -46 16 -75 0 -36 4 -52 15 -56 20 -8 47 15 41 35 -19 64 -19 69 13 86 19 9 31 23 31 35 0 18 -7 20 -59 20 -33 0 -63 -5 -66 -10z"
       id="path18" />
    <path
       d="M4226 3514 c-3 -9 -6 -40 -6 -69 0 -30 -5 -57 -10 -60 -13 -8 -30 37 -30 79 0 41 -21 62 -47 48 -17 -10 -83 -129 -83 -151 0 -16 36 -13 50 4 7 8 23 15 35 15 12 0 28 -7 35 -15 14 -17 66 -20 75 -5 10 16 46 12 67 -7 24 -21 49 -3 29 21 -8 10 -10 30 -5 61 5 40 3 49 -17 71 -26 28 -83 33 -93 8z m74 -58 c0 -19 -14 -28 -34 -20 -25 10 -19 34 9 34 15 0 25 -6 25 -14z"
       id="path20" />
    <path
       d="M4406 3468 c-42 -76 -54 -118 -34 -118 7 0 21 9 31 20 9 11 24 20 32 20 8 0 20 -9 27 -20 14 -22 76 -28 95 -9 7 7 26 5 62 -7 51 -16 53 -16 81 5 36 26 41 26 63 1 21 -25 51 -16 42 14 -3 11 -8 39 -11 61 -10 77 -13 85 -37 85 -17 0 -30 -15 -58 -68 -20 -39 -43 -68 -53 -70 -17 -4 -18 1 -12 47 6 46 4 54 -19 77 -19 19 -34 24 -58 22 -32 -3 -32 -4 -37 -65 -3 -34 -8 -65 -12 -69 -10 -9 -38 58 -38 89 0 14 -6 30 -14 36 -12 10 -21 1 -50 -51z m188 -19 c-7 -11 -34 -12 -34 -1 0 14 11 21 26 15 8 -3 11 -9 8 -14z"
       id="path22" />
    <path
       d="M4913 2698 c-5 -7 -9 -40 -9 -73 1 -56 3 -60 25 -63 15 -3 30 3 38 14 16 22 17 106 1 122 -16 16 -43 15 -55 0z"
       id="path24" />
    <path
       d="M5147 2663 c-9 -2 -29 -26 -42 -53 -14 -27 -29 -51 -35 -55 -5 -3 -10 -19 -10 -36 0 -23 4 -29 23 -29 30 0 42 9 63 51 11 20 28 52 39 73 17 32 17 38 5 46 -8 6 -17 9 -20 9 -3 -1 -13 -3 -23 -6z"
       id="path26" />
    <path
       d="M5235 2545 c-47 -51 -56 -81 -29 -92 10 -4 30 8 55 33 47 46 57 71 35 92 -14 15 -20 12 -61 -33z"
       id="path28" />
    <path
       d="M7208 3529 c-24 -13 -23 -29 1 -29 30 0 51 11 51 26 0 16 -27 18 -52 3z"
       id="path30" />
    <path
       d="M6307 3264 c-43 -23 -32 -50 19 -46 53 4 71 -21 80 -112 10 -101 44 -84 44 23 0 51 -40 123 -78 140 -29 14 -31 14 -65 -5z"
       id="path32" />
    <path
       d="M6672 3174 c-24 -27 -26 -77 -4 -104 28 -34 40 -19 48 58 6 57 5 62 -12 62 -10 -1 -25 -7 -32 -16z"
       id="path34" />
    <path
       d="M6276 3108 c-23 -32 -20 -107 4 -137 27 -32 62 -22 91 26 l23 36 -25 46 c-29 55 -67 67 -93 29z m44 -68 c0 -11 -7 -20 -15 -20 -8 0 -15 9 -15 20 0 11 7 20 15 20 8 0 15 -9 15 -20z"
       id="path36" />
    <path
       d="M6160 3017 c-22 -11 -25 -18 -24 -62 1 -72 1 -73 34 -90 28 -14 31 -14 36 0 4 9 -1 24 -10 34 -15 17 -14 20 9 56 14 20 25 45 23 54 -4 20 -35 24 -68 8z"
       id="path38" />
    <path
       d="M6391 2905 c-16 -37 -29 -50 -66 -66 -26 -12 -54 -17 -66 -14 -20 7 -49 -9 -49 -26 0 -5 10 -13 23 -18 12 -5 39 -21 60 -35 68 -47 111 -27 119 55 4 42 11 56 32 72 28 20 33 46 14 65 -24 24 -47 13 -67 -33z m-21 -140 c0 -8 -6 -15 -14 -15 -20 0 -29 17 -14 23 22 9 28 7 28 -8z"
       id="path40" />
    <path
       d="M4723 2037 c-17 -7 -23 -19 -23 -44 0 -43 33 -108 65 -129 23 -15 27 -15 50 0 37 24 35 80 -6 129 -39 47 -58 57 -86 44z"
       id="path42" />
    <path
       d="M4961 1788 c-19 -13 -48 -32 -66 -43 -49 -31 -148 -143 -141 -160 9 -25 35 -17 71 22 32 35 35 36 59 24 13 -8 32 -11 40 -8 22 9 59 71 45 76 -7 2 -16 -4 -21 -13 -11 -20 -48 -21 -48 -2 0 27 28 39 80 32 48 -6 51 -6 61 20 25 67 -17 94 -80 52z"
       id="path44" />
    <path
       d="M7119 1805 c-35 -19 -82 -99 -74 -125 14 -46 54 -43 113 7 44 38 58 87 31 114 -22 22 -35 23 -70 4z"
       id="path46" />
    <path
       d="M6921 1714 c-12 -15 -21 -32 -21 -38 0 -21 31 -56 50 -56 16 0 18 5 13 36 -6 34 -4 36 16 29 16 -5 21 -2 21 12 0 47 -48 56 -79 17z"
       id="path48" />
    <path
       d="M6834 1609 c-3 -6 7 -25 24 -42 16 -18 33 -48 37 -67 9 -47 34 -100 47 -100 6 0 8 9 5 21 -11 41 17 66 41 36 7 -8 6 -19 -3 -37 -20 -35 -18 -40 8 -40 29 0 48 15 76 63 14 23 33 39 49 43 55 12 62 16 62 33 0 42 -54 55 -85 21 -13 -15 -31 -20 -65 -20 -50 0 -82 18 -128 72 -24 29 -56 36 -68 17z"
       id="path50" />
    <path
       d="M7038 1085 c-32 -18 -43 -47 -29 -73 18 -34 51 -34 82 0 32 33 34 40 19 69 -13 22 -35 24 -72 4z"
       id="path52" />
    <path
       d="M5860 575 c-39 -21 -56 -59 -41 -91 9 -20 9 -30 0 -40 -22 -26 19 -80 93 -124 70 -42 126 -52 147 -26 7 8 27 18 44 22 53 11 94 35 106 61 12 26 8 32 -82 111 -14 13 -27 33 -29 44 -2 12 -17 30 -35 41 -29 16 -37 17 -68 6 -28 -11 -40 -11 -55 -1 -25 15 -49 15 -80 -3z m94 -62 l25 -27 24 22 c40 38 75 20 37 -18 -31 -31 -19 -50 33 -50 46 0 67 -13 67 -42 0 -15 -9 -18 -53 -18 -50 0 -53 -2 -64 -31 -16 -41 -45 -36 -54 9 -4 18 -17 43 -30 56 -73 72 -79 85 -53 110 22 23 40 20 68 -11z m-47 -99 c3 -8 0 -21 -6 -27 -10 -9 -16 -8 -27 7 -8 11 -14 23 -14 28 0 15 41 8 47 -8z"
       id="path54" />
    <path
       d="M5365 386 c-39 -28 6 -68 56 -49 23 9 31 8 45 -8 20 -23 37 -24 53 -5 21 25 -4 59 -37 51 -17 -3 -35 0 -47 9 -25 19 -46 20 -70 2z"
       id="path56" />
    <path
       d="M7397 443 c-16 -16 -6 -54 17 -65 32 -14 53 -5 68 27 10 22 9 28 -3 36 -16 10 -73 12 -82 2z"
       id="path58" />
    <path
       d="M7523 394 c-8 -21 13 -42 28 -27 13 13 5 43 -11 43 -6 0 -13 -7 -17 -16z"
       id="path60" />
    <path
       d="M254 3715 c-15 -24 -16 -114 -10 -1166 l8 -1140 -51 -57 c-28 -31 -60 -66 -70 -77 -52 -56 -72 -148 -46 -211 17 -45 44 -68 119 -104 l49 -23 -6 -221 c-4 -122 -3 -226 1 -232 11 -18 286 -38 315 -23 10 6 58 12 105 14 48 2 100 8 116 15 20 7 112 10 280 8 l251 -3 0 30 0 30 -100 -3 c-114 -3 -145 2 -145 23 0 16 46 39 60 30 13 -8 40 6 40 20 0 16 30 41 60 49 40 11 163 160 205 250 35 74 37 83 33 158 -3 80 -4 81 -43 115 -56 49 -98 65 -149 58 -42 -7 -42 -7 -58 34 -14 36 -15 45 -3 67 16 31 12 44 -27 98 -15 21 -28 51 -28 66 0 27 2 28 68 32 37 3 72 1 77 -4 6 -5 9 -47 7 -94 l-2 -85 34 -20 c19 -11 46 -36 61 -55 33 -43 61 -44 114 -1 79 63 99 77 108 77 12 1 43 67 43 92 0 27 -36 85 -61 98 -15 9 -19 22 -19 66 0 58 -9 83 -41 115 -10 10 -19 25 -19 32 1 12 83 67 101 67 5 0 9 -23 8 -50 -2 -58 12 -81 39 -63 13 8 17 23 16 62 -1 28 -7 57 -13 65 -9 10 -3 29 25 82 31 59 36 75 32 120 -2 28 -10 57 -16 65 -65 78 -82 111 -82 158 0 28 5 53 10 56 6 4 26 -3 45 -15 39 -24 68 -22 104 7 24 20 43 86 34 121 -8 32 -41 29 -48 -5 -12 -55 -31 -78 -70 -81 -20 -2 -43 2 -51 9 -27 23 -15 46 40 77 52 30 66 53 66 108 0 22 -38 54 -64 54 -37 0 -41 -18 -12 -45 14 -13 26 -28 26 -33 0 -14 -44 -75 -56 -79 -17 -6 -25 24 -14 51 5 15 5 37 0 58 -8 27 -19 37 -60 56 -65 30 -145 28 -145 -3 0 -17 8 -21 51 -25 65 -7 99 -30 108 -71 5 -25 2 -38 -12 -52 -18 -18 -22 -18 -66 -3 -26 9 -62 16 -81 16 -42 0 -54 17 -26 36 12 8 21 24 21 35 0 17 -8 19 -67 20 -38 1 -84 0 -103 -1 -19 -2 -48 -4 -65 -4 -16 -1 -35 -8 -42 -17 -15 -20 -139 -63 -159 -55 -23 9 -2 39 53 74 46 29 52 30 150 28 56 -2 107 1 114 5 18 11 3 38 -27 50 -15 5 -38 21 -50 34 -13 14 -32 25 -43 25 -11 0 -37 16 -58 35 -37 35 -40 36 -103 31 -141 -9 -230 -41 -307 -111 -88 -79 -138 -154 -116 -176 15 -15 63 3 63 24 0 20 100 112 148 137 23 12 45 26 48 31 9 14 74 11 74 -4 0 -7 -33 -30 -72 -51 -92 -47 -187 -135 -227 -209 -26 -48 -31 -69 -31 -123 0 -43 5 -73 16 -89 23 -35 14 -47 -47 -69 -31 -11 -71 -35 -95 -58 -37 -36 -44 -38 -81 -32 -35 5 -44 2 -76 -26 -31 -27 -38 -29 -43 -16 -3 9 -3 23 0 32 4 9 6 378 6 820 0 551 3 805 11 809 5 4 230 8 500 8 l489 2 0 -31 c0 -17 3 -51 6 -76 4 -31 2 -49 -7 -59 -8 -8 -32 -37 -54 -64 -21 -28 -42 -52 -46 -55 -14 -11 -39 -71 -39 -94 0 -41 29 -90 68 -116 21 -14 48 -35 62 -47 14 -13 28 -23 32 -23 4 0 24 -34 44 -75 57 -117 129 -149 224 -100 14 7 46 16 72 20 l47 7 78 -76 c43 -42 89 -79 103 -82 14 -3 33 -9 42 -15 10 -5 26 -9 37 -9 26 0 143 30 156 40 34 27 144 60 200 60 59 0 232 -37 272 -58 10 -6 40 -13 68 -17 27 -5 64 -14 82 -21 41 -18 81 -18 113 -1 15 8 42 16 62 20 20 3 55 18 79 33 24 15 59 27 79 28 34 1 35 2 35 41 0 55 -27 58 -94 11 -27 -19 -62 -38 -78 -42 -15 -4 -35 -13 -43 -20 -9 -8 -40 -13 -77 -13 -34 0 -67 -2 -73 -6 -6 -4 -23 1 -38 11 -15 10 -54 23 -87 30 -33 7 -80 19 -105 28 -48 16 -130 34 -195 43 -51 7 -63 18 -43 40 9 10 18 41 21 68 3 28 6 59 8 69 6 27 -47 45 -68 23 -14 -14 -14 -18 6 -43 31 -39 25 -105 -8 -84 -18 11 -41 2 -41 -17 0 -7 12 -25 27 -39 14 -13 24 -25 22 -27 -15 -10 -121 -51 -154 -60 -22 -5 -49 -16 -60 -24 -53 -36 -138 1 -226 99 l-63 68 -65 0 c-38 -1 -77 -7 -91 -15 -14 -8 -46 -14 -71 -15 -37 0 -50 5 -72 28 -15 15 -27 39 -27 53 0 34 -15 51 -80 92 -30 20 -70 49 -89 67 -49 46 -41 88 35 177 33 38 68 85 79 105 l19 37 -22 30 c-26 36 -28 64 -6 85 13 14 62 16 377 16 297 0 366 3 383 14 29 20 212 21 235 1 13 -13 105 -15 570 -17 548 -3 554 -3 551 -23 -12 -84 -9 -95 45 -143 28 -26 58 -53 67 -60 12 -9 16 -30 16 -77 0 -62 -1 -66 -29 -77 -16 -7 -48 -35 -71 -62 -39 -46 -41 -53 -35 -90 3 -23 13 -51 21 -63 19 -30 18 -97 -2 -114 -22 -18 -125 -14 -164 6 -17 9 -47 15 -67 13 -53 -4 -77 -42 -83 -131 -4 -64 -7 -72 -25 -72 -11 0 -24 10 -30 23 -5 12 -13 22 -17 22 -7 0 -18 -51 -18 -85 0 -20 -8 -78 -29 -193 -6 -35 -9 -67 -6 -72 17 -28 65 13 65 54 0 25 69 204 81 212 5 3 9 20 9 38 0 18 3 36 7 40 5 4 12 26 18 49 l10 42 47 -2 c26 -2 65 -12 87 -24 45 -23 63 -20 124 18 40 25 77 76 77 106 0 10 -7 29 -16 42 -10 16 -17 49 -18 88 -1 60 0 63 39 99 22 21 42 38 45 38 3 0 4 -480 2 -1067 l-3 -1068 -32 0 c-26 0 -35 6 -48 34 -8 18 -22 37 -30 42 -25 13 -89 -31 -115 -80 -27 -51 -62 -91 -80 -91 -34 0 -77 -107 -54 -134 8 -11 9 -20 1 -33 -8 -15 -10 -15 -14 -3 -19 68 -26 77 -72 107 -58 39 -111 43 -159 14 -57 -34 -73 -35 -84 -3 -5 16 -28 48 -51 72 -47 49 -49 65 -20 115 17 28 20 45 15 78 -8 54 3 68 74 91 33 12 64 30 78 48 13 15 38 36 55 44 17 9 58 36 91 60 45 33 69 44 98 44 32 0 42 6 75 45 65 78 103 158 103 218 0 31 -6 61 -15 73 -8 10 -15 25 -15 33 0 28 -45 103 -72 123 -16 11 -40 18 -56 16 l-27 -3 -5 80 c-4 68 -9 86 -33 116 -50 65 -96 90 -175 93 -131 5 -194 68 -116 116 49 31 64 58 71 132 7 76 -6 108 -43 108 -33 0 -40 -24 -16 -55 39 -50 -2 -115 -116 -182 -37 -22 -88 -47 -114 -57 -25 -9 -52 -24 -58 -32 -12 -14 -50 -20 -50 -8 0 3 8 18 18 32 66 96 78 174 39 247 -19 34 -31 43 -77 58 -41 13 -61 15 -78 7 -34 -15 -24 -41 21 -54 61 -17 87 -49 87 -106 0 -27 -6 -61 -14 -77 -8 -15 -19 -41 -25 -56 -15 -38 -42 -32 -55 12 -7 25 -28 47 -80 86 -39 28 -81 57 -93 63 -33 18 -71 15 -82 -6 -15 -28 11 -58 56 -66 56 -9 183 -110 183 -145 0 -31 -15 -33 -60 -10 -36 19 -53 21 -123 16 -87 -5 -122 -16 -175 -56 -39 -29 -54 -54 -46 -75 8 -22 36 -20 67 4 60 48 240 95 276 73 31 -19 24 -40 -20 -57 -40 -16 -104 -58 -124 -82 -6 -6 -28 -24 -50 -38 -22 -15 -79 -66 -128 -113 -64 -61 -87 -91 -85 -106 6 -38 27 -29 90 37 58 60 88 80 88 57 0 -4 -8 -19 -18 -32 -32 -42 -52 -107 -52 -171 0 -50 6 -71 31 -116 61 -108 143 -153 223 -122 16 6 27 6 31 0 4 -6 2 -10 -4 -10 -6 0 -18 -8 -28 -19 -10 -10 -36 -22 -58 -25 -22 -4 -67 -21 -99 -39 -55 -29 -61 -36 -70 -77 -15 -60 -35 -62 -122 -8 l-69 43 -110 0 c-108 0 -111 0 -154 -32 -24 -18 -49 -33 -55 -33 -21 0 -83 -74 -105 -124 -25 -58 -25 -64 -5 -127 18 -53 69 -104 131 -128 37 -15 134 -10 178 9 27 11 34 10 68 -13 20 -14 53 -45 73 -69 20 -23 50 -51 68 -60 31 -17 106 -23 138 -10 18 8 72 51 123 99 19 18 45 33 57 33 15 0 29 11 41 31 19 33 42 34 42 2 0 -12 7 -29 15 -39 31 -38 61 -84 70 -109 5 -14 28 -52 50 -85 22 -32 40 -71 40 -85 0 -17 11 -35 30 -52 18 -15 30 -34 30 -49 0 -16 8 -28 25 -36 25 -11 41 -40 31 -57 -3 -5 5 -16 19 -25 14 -9 25 -22 25 -29 1 -21 33 -52 85 -81 l51 -29 54 26 c59 28 117 93 160 177 12 25 31 57 42 72 11 16 17 32 14 37 -11 17 24 110 45 122 17 9 19 17 14 48 l-6 38 38 -1 c29 -1 38 3 41 17 3 13 -6 22 -27 30 -25 9 -31 17 -31 40 0 36 37 69 62 56 27 -14 47 0 53 39 8 52 37 106 59 110 37 7 38 -14 6 -92 -31 -75 -34 -106 -8 -106 22 0 33 13 49 55 11 31 21 41 41 43 15 2 32 10 38 18 16 18 46 18 53 0 7 -18 -39 -86 -58 -86 -8 0 -29 -13 -47 -28 -18 -15 -52 -36 -74 -46 -55 -24 -81 -61 -85 -121 l-4 -49 51 -2 c62 -3 84 8 68 33 -6 10 -23 24 -37 31 -16 8 -27 21 -27 34 0 18 4 19 36 14 43 -9 64 6 64 45 0 29 23 49 54 49 12 0 16 -10 16 -39 0 -27 5 -41 16 -45 16 -6 16 -8 0 -24 -20 -23 -20 -51 -1 -76 18 -24 20 -90 3 -103 -30 -24 -67 -23 -113 2 -47 25 -93 25 -123 2 -9 -7 -23 -4 -46 8 -34 19 -35 18 -70 -6 -42 -28 -43 -33 -14 -53 25 -18 61 -21 86 -7 10 5 70 3 152 -5 159 -17 182 -18 191 -3 3 6 7 707 7 1557 0 1321 -2 1550 -14 1570 l-14 22 -1695 0 -1695 0 -16 -25z m3364 -47 c8 -11 17 -120 13 -165 -2 -24 -26 -11 -63 33 -58 70 -51 144 13 144 15 0 31 -6 37 -12z m-2535 -963 c-3 -13 -113 -19 -113 -6 0 15 21 20 70 18 25 -1 44 -6 43 -12z m62 -60 c0 -5 -17 -11 -37 -13 -36 -3 -47 5 -31 22 11 10 68 3 68 -9z m-107 -27 c-6 -18 -130 -80 -140 -70 -15 15 3 43 33 49 16 3 34 12 40 19 14 17 72 19 67 2z m236 -104 c25 -10 19 -30 -13 -44 -33 -13 -71 0 -71 25 0 21 48 33 84 19z m-344 -26 c17 -12 30 -31 30 -43 0 -12 7 -30 15 -41 20 -27 20 -27 -26 -72 -32 -31 -40 -44 -34 -61 9 -29 25 -26 81 14 27 20 69 45 93 56 54 26 70 15 46 -30 -10 -20 -15 -50 -13 -79 3 -39 6 -47 23 -47 17 0 21 9 26 65 3 36 11 76 18 90 19 35 52 70 67 70 7 0 18 9 24 21 7 13 19 19 33 17 19 -3 22 -9 21 -48 -2 -62 -24 -128 -56 -171 -16 -20 -28 -41 -28 -48 0 -6 -5 -20 -12 -31 -10 -15 -9 -23 6 -39 30 -34 62 -27 91 19 28 44 48 49 84 21 24 -18 24 -19 7 -46 -10 -15 -32 -33 -49 -41 -60 -26 -84 -56 -54 -67 6 -2 22 0 35 4 16 6 30 4 47 -7 24 -16 25 -15 45 18 24 41 54 59 94 56 16 -2 31 3 33 10 3 7 -3 12 -15 12 -27 0 -32 9 -20 36 8 18 8 34 -1 62 -10 28 -10 48 -3 76 11 37 10 37 -16 34 -21 -2 -28 -10 -33 -36 -15 -74 -75 -96 -109 -39 -22 34 -21 54 7 140 l15 47 56 -1 c113 -3 142 -22 109 -72 -13 -20 -13 -25 5 -47 17 -21 19 -37 16 -107 -1 -46 -1 -83 1 -83 2 0 9 7 16 16 32 44 82 -26 76 -107 -2 -35 -82 -117 -146 -153 -84 -46 -171 -72 -190 -56 -19 16 -9 37 26 49 34 12 46 35 29 56 -6 8 -47 28 -91 45 -63 24 -93 30 -157 30 -83 0 -119 -14 -103 -39 5 -8 23 -14 40 -13 26 1 36 -6 58 -40 24 -35 30 -39 56 -34 16 3 37 1 48 -4 16 -9 19 -7 19 10 0 18 -4 20 -34 15 -38 -8 -51 4 -41 35 8 25 52 27 94 3 38 -22 39 -44 4 -89 -32 -39 -68 -44 -138 -19 -22 8 -52 15 -67 15 -17 0 -31 8 -38 20 -6 11 -58 67 -116 126 -58 58 -103 111 -101 117 2 7 23 19 47 28 24 9 50 26 58 37 12 18 11 22 -8 32 -18 9 -25 8 -41 -6 -13 -11 -41 -19 -79 -22 -56 -4 -60 -3 -89 29 -67 73 -45 210 47 295 31 29 44 34 85 34 34 0 57 -7 77 -22z m230 -32 c-7 -9 -19 -16 -27 -16 -7 0 -27 -10 -43 -21 -16 -13 -36 -19 -45 -15 -25 9 -5 35 51 66 41 23 51 25 63 14 12 -11 12 -16 1 -28z m1716 -107 c3 -6 -7 -23 -24 -37 -27 -24 -31 -35 -35 -95 -5 -74 -4 -77 57 -88 50 -9 66 2 66 45 0 36 -15 56 -43 56 -13 0 -18 6 -15 23 4 33 71 37 104 6 l23 -21 25 19 c35 28 69 19 122 -32 l44 -42 0 -73 0 -74 -44 -46 c-26 -26 -53 -66 -63 -95 -17 -45 -25 -53 -82 -84 -47 -25 -66 -30 -74 -22 -9 9 -8 16 1 29 20 28 33 64 43 117 7 38 17 57 43 80 19 17 36 39 38 50 3 17 -3 20 -43 23 -35 2 -62 -5 -122 -33 -44 -21 -78 -43 -82 -54 -3 -11 -17 -27 -31 -36 -30 -19 -87 -135 -86 -174 0 -14 3 -40 7 -56 6 -27 2 -34 -32 -61 -79 -62 -170 -83 -167 -39 1 11 8 35 15 52 12 29 11 35 -4 50 -17 17 -19 17 -43 -10 -13 -15 -24 -38 -24 -49 0 -29 -38 -68 -67 -68 -50 0 -92 28 -130 87 -32 51 -37 67 -41 135 -4 75 -4 78 26 107 27 28 34 30 80 24 57 -6 74 7 46 38 -10 11 -30 19 -50 19 -71 0 -46 52 65 136 81 61 130 82 117 49 -3 -8 -8 -36 -12 -63 -5 -37 -2 -51 10 -61 9 -7 16 -19 16 -25 0 -21 54 -65 88 -72 31 -6 62 7 62 27 0 5 -15 15 -34 23 -50 21 -84 79 -87 144 -3 60 6 72 58 72 28 0 32 3 30 27 -2 19 5 30 23 39 56 28 86 37 112 35 15 -1 37 4 49 13 22 15 50 9 65 -15z m14 -184 c0 -8 -7 -15 -15 -15 -16 0 -20 12 -8 23 11 12 23 8 23 -8z m-2155 -61 c21 -9 39 -29 50 -55 10 -21 24 -44 32 -50 18 -15 17 -54 -2 -69 -8 -7 -15 -18 -15 -24 -1 -14 -36 -56 -47 -56 -6 0 -15 11 -21 25 -14 30 -13 30 -82 4 -62 -23 -80 -41 -80 -80 0 -36 -22 -54 -49 -40 -32 18 -51 13 -69 -19 -9 -16 -22 -30 -27 -30 -17 0 -86 88 -96 123 -17 60 -11 96 21 129 31 31 46 32 106 13 18 -5 33 4 74 45 43 42 131 96 163 99 5 1 24 -6 42 -15z m2589 -110 c9 -3 16 -15 16 -25 0 -20 -15 -26 -25 -9 -3 6 -21 10 -40 10 -35 0 -51 -12 -40 -30 5 -8 11 -8 20 0 16 13 65 3 65 -14 -1 -19 -26 -46 -43 -46 -9 0 -23 10 -31 22 -12 17 -18 20 -28 10 -9 -9 -9 -15 0 -24 15 -15 16 -63 1 -90 -8 -14 -8 -23 0 -31 14 -14 14 -64 1 -72 -12 -7 -14 -45 -2 -45 4 0 20 -12 36 -26 23 -20 26 -28 15 -34 -9 -6 -32 1 -68 20 l-54 30 -31 -20 c-174 -110 -320 -190 -350 -190 -20 0 -46 56 -46 101 0 44 38 109 64 109 7 0 24 8 37 19 13 10 56 31 94 45 189 73 214 91 238 173 29 95 100 144 171 117z m-2407 -91 c49 -53 49 -105 0 -96 -37 7 -96 -74 -68 -92 17 -10 60 17 73 45 l12 27 32 -33 c37 -40 71 -44 128 -13 23 12 45 17 55 13 9 -4 41 -10 71 -13 l55 -6 3 -46 c2 -37 -2 -52 -21 -74 -21 -24 -27 -27 -53 -18 -25 8 -29 16 -32 49 -2 21 -9 42 -15 46 -16 10 -37 -10 -37 -35 0 -11 -7 -43 -16 -72 -16 -49 -16 -53 6 -103 12 -29 26 -52 31 -52 5 0 9 -9 9 -20 0 -22 -28 -40 -61 -40 -22 0 -65 -11 -199 -51 -82 -24 -126 -24 -173 1 -20 11 -43 20 -51 20 -26 0 -132 87 -169 139 -44 60 -66 143 -46 167 19 23 65 44 95 44 36 0 74 36 74 70 0 47 49 69 69 31 14 -24 98 -74 112 -65 11 6 8 44 -6 77 -5 13 2 26 28 50 19 17 38 42 41 55 10 29 21 28 53 -5z m2011 -26 c2 -20 -5 -38 -27 -63 -17 -19 -31 -39 -31 -45 0 -18 -82 -49 -102 -38 -42 22 -8 99 44 99 9 0 20 9 23 20 19 58 87 78 93 27z m442 -32 c0 -31 -3 -35 -25 -35 -21 0 -25 -5 -25 -28 0 -18 7 -30 22 -37 30 -14 33 -31 8 -45 -27 -14 -53 4 -45 31 4 13 0 18 -17 21 -32 4 -38 53 -9 63 15 4 21 15 21 36 0 27 3 29 35 29 33 0 35 -2 35 -35z m30 -60 c0 -8 -4 -15 -10 -15 -5 0 -10 7 -10 15 0 8 5 15 10 15 6 0 10 -7 10 -15z m-1930 -48 c37 -29 50 -62 50 -125 0 -62 1 -64 45 -104 25 -23 45 -49 45 -60 0 -24 -116 -110 -144 -106 -14 2 -21 10 -21 24 0 33 -24 56 -46 43 -40 -21 -52 12 -19 54 11 14 20 30 20 37 0 6 -18 35 -40 65 -34 46 -40 62 -40 104 0 55 6 62 65 72 60 10 69 9 85 -4z m-1123 -29 c30 -29 33 -38 33 -87 0 -31 7 -69 15 -85 21 -40 11 -63 -33 -76 -62 -17 -60 -21 -64 128 -2 75 -2 140 0 145 6 12 15 8 49 -25z m2941 -40 c-5 -32 -28 -35 -28 -4 0 17 5 26 16 26 10 0 14 -7 12 -22z m-596 -64 c4 -3 -2 -25 -13 -49 -21 -48 -17 -72 22 -124 32 -43 20 -61 -40 -61 -71 0 -103 -36 -58 -64 12 -8 29 -7 61 5 50 18 60 15 75 -24 6 -15 18 -27 26 -27 13 0 15 7 10 34 -8 40 1 76 19 76 16 0 30 -148 16 -165 -5 -6 -30 -16 -57 -23 -26 -8 -66 -20 -88 -28 -54 -19 -130 -18 -189 2 -78 27 -170 133 -182 211 -8 52 7 93 35 93 28 0 92 29 131 60 26 21 43 27 63 23 16 -3 34 0 43 8 20 17 94 56 110 58 6 0 13 -2 16 -5z m472 -33 c8 -12 -141 -111 -166 -111 -29 0 -17 22 23 42 19 9 41 23 49 30 16 15 72 47 82 47 4 1 9 -3 12 -8z m-2722 -174 c3 -29 7 -32 38 -35 22 -2 56 -19 90 -45 30 -23 75 -46 100 -53 28 -7 46 -18 48 -28 5 -24 -98 -122 -137 -131 -59 -13 -98 2 -130 49 -17 24 -38 46 -46 50 -21 8 -51 -9 -66 -36 -10 -19 -8 -25 21 -49 41 -34 35 -57 -22 -86 -80 -40 -90 -41 -126 -20 -38 22 -62 63 -62 105 0 42 27 113 54 142 13 14 29 35 35 47 10 20 96 86 154 120 29 16 45 6 49 -30z m2503 32 c9 -14 -24 -49 -47 -49 -21 0 -33 22 -24 45 6 17 61 21 71 4z m-980 -69 c69 -15 116 -28 121 -33 3 -2 5 -25 6 -50 0 -41 3 -47 30 -56 21 -8 35 -24 52 -64 22 -48 41 -70 115 -129 11 -10 21 -22 21 -27 0 -18 -73 -69 -116 -81 -62 -18 -107 -6 -149 38 -30 32 -35 44 -35 85 0 51 39 143 65 154 22 8 18 33 -5 33 -11 0 -20 7 -20 15 0 9 -6 18 -14 21 -30 12 -90 -40 -121 -103 -10 -20 -23 -33 -35 -33 -23 0 -43 -34 -35 -59 8 -26 -17 -33 -87 -25 -98 11 -167 77 -154 147 23 123 197 204 361 167z m-811 -73 c25 -32 35 -77 18 -77 -13 0 -93 -83 -109 -114 -25 -48 -33 -94 -18 -106 21 -17 41 -2 64 51 34 74 106 144 158 152 64 11 117 -11 132 -55 16 -44 5 -58 -45 -58 -31 0 -50 -6 -67 -22 -14 -13 -49 -44 -79 -70 -30 -26 -63 -65 -74 -85 -10 -21 -26 -49 -35 -63 -9 -14 -20 -44 -24 -67 -8 -48 -26 -56 -49 -20 -21 32 -26 72 -34 256 l-8 164 -39 32 c-33 29 -37 35 -26 49 8 9 28 16 46 16 18 0 57 11 87 25 29 14 58 25 65 25 7 0 23 -15 37 -33z m-296 -79 c61 -37 66 -53 63 -216 -3 -205 16 -253 134 -335 37 -26 17 -47 -45 -47 -26 0 -67 -7 -91 -15 -33 -12 -50 -13 -75 -5 -28 9 -41 8 -81 -10 -32 -14 -79 -23 -143 -27 -52 -3 -119 -14 -149 -24 -47 -15 -59 -16 -80 -4 -14 7 -41 10 -59 8 l-32 -5 -2 128 c-2 179 2 287 14 301 5 6 22 14 37 18 15 3 45 24 66 45 38 39 68 50 80 30 3 -5 26 -10 51 -10 86 0 180 68 220 159 20 45 30 46 92 9z m1985 -178 c51 -76 57 -99 28 -107 -21 -5 -113 -117 -143 -172 -10 -18 -22 -30 -28 -26 -5 3 -19 37 -31 75 -16 55 -33 83 -76 131 -30 34 -51 65 -46 69 4 4 35 17 68 28 33 11 80 32 105 46 25 14 52 26 60 26 9 0 37 -31 63 -70z m-1443 -25 c0 -12 -6 -25 -14 -28 -8 -3 -26 -30 -40 -59 -72 -145 -128 -217 -152 -197 -15 12 -34 4 -34 -16 0 -16 -23 -26 -39 -16 -13 9 0 54 19 66 8 5 9 20 5 42 -6 31 -4 35 11 29 19 -7 68 39 58 55 -10 16 -24 9 -24 -11 0 -24 -18 -26 -27 -3 -8 20 34 56 55 48 8 -3 23 2 33 11 15 13 22 14 33 5 9 -8 16 -8 20 -2 4 5 -1 14 -10 19 -27 15 -8 45 43 68 54 24 63 23 63 -11z m1736 -56 c62 -38 72 -83 20 -93 -33 -6 -48 -20 -131 -123 -19 -23 -44 -79 -64 -143 -19 -58 -41 -111 -49 -118 -14 -11 -14 -14 6 -28 30 -21 28 -36 -5 -32 -21 2 -29 9 -31 28 -2 14 -18 37 -35 52 -30 25 -32 30 -31 95 1 54 7 81 32 135 18 37 32 70 32 74 0 4 9 17 19 28 11 12 30 36 43 55 24 35 108 89 142 90 10 1 34 -8 52 -20z m44 -173 c0 -7 -11 -33 -24 -57 -13 -24 -29 -61 -35 -81 -7 -20 -19 -42 -27 -48 -7 -7 -14 -25 -14 -39 0 -33 -46 -91 -71 -91 -25 0 -25 35 1 67 11 14 20 35 20 46 0 45 24 99 51 112 15 8 30 26 34 42 12 48 65 88 65 49z m-370 -21 c0 -8 -6 -29 -14 -47 -8 -18 -17 -45 -21 -60 -6 -33 -20 -36 -35 -8 -11 20 -4 40 36 113 15 27 34 28 34 2z"
       id="path62" />
    <path
       d="M2673 2205 c-24 -17 -45 -77 -36 -100 2 -8 14 -17 25 -21 22 -7 38 9 38 38 0 12 11 19 35 24 41 7 47 34 13 58 -28 20 -48 20 -75 1z"
       id="path64" />
    <path
       d="M2506 1501 c-20 -22 -20 -53 -1 -91 32 -62 66 -18 45 58 -13 50 -22 57 -44 33z"
       id="path66" />
    <path
       d="M474 941 c-14 -22 -38 -44 -54 -49 -68 -24 -99 -75 -75 -123 9 -16 20 -29 24 -29 5 0 15 -16 21 -35 6 -19 25 -46 41 -60 26 -22 40 -25 101 -25 54 0 76 4 91 17 11 10 37 18 61 19 60 2 86 27 86 82 0 29 7 53 20 69 21 27 29 113 11 113 -5 0 -17 8 -27 17 -12 12 -35 18 -71 19 -30 1 -59 6 -66 13 -6 6 -39 11 -74 11 -62 0 -63 0 -89 -39z m117 -3 c1 -7 0 -25 -1 -40 -2 -38 18 -44 49 -14 44 42 121 33 121 -15 0 -28 -29 -49 -66 -49 -27 0 -34 -4 -34 -20 0 -12 10 -25 25 -32 31 -14 34 -53 4 -68 -17 -10 -24 -7 -44 14 -13 14 -35 26 -48 26 -19 0 -25 -7 -33 -37 -7 -31 -14 -39 -37 -41 -16 -2 -40 4 -54 14 l-27 17 28 23 c15 13 37 24 50 24 27 0 46 18 46 42 0 14 -8 18 -39 18 -22 0 -43 -5 -46 -11 -22 -35 -95 -28 -95 10 0 30 36 53 92 60 53 6 53 6 50 38 -2 18 -1 37 3 43 9 14 55 12 56 -2z"
       id="path68" />
    <path
       d="M1243 844 c-24 -22 -30 -44 -13 -44 6 0 14 8 17 18 4 9 11 20 16 23 5 4 8 11 6 15 -2 5 -14 0 -26 -12z"
       id="path70" />
    <path
       d="M1623 3621 c-41 -38 -51 -76 -30 -114 10 -16 17 -43 17 -60 l0 -32 153 1 c151 1 191 8 215 37 17 21 -1 31 -29 17 -11 -7 -24 -9 -27 -5 -4 4 -7 41 -7 82 0 42 -4 77 -10 79 -5 2 -19 -11 -30 -29 -29 -45 -51 -46 -59 -3 -7 35 -28 48 -41 26 -10 -17 -39 -11 -53 10 -18 29 -62 25 -99 -9z m88 -31 c10 -6 19 -20 19 -31 0 -24 -37 -58 -63 -59 -19 0 -37 36 -29 60 14 40 37 49 73 30z m59 -88 c0 -42 -32 -68 -44 -36 -10 26 4 64 25 64 14 0 19 -7 19 -28z m109 6 c12 -31 -4 -48 -44 -48 -19 0 -35 6 -38 13 -6 17 32 57 55 57 10 0 22 -10 27 -22z"
       id="path72" />
    <path
       d="M2276 3635 c-3 -9 -6 -47 -6 -85 0 -61 2 -69 25 -84 13 -9 34 -16 45 -16 31 0 23 44 -7 48 -30 4 -30 30 -1 34 25 3 36 34 19 51 -8 8 -15 6 -26 -9 -14 -18 -14 -18 -15 7 0 22 6 28 31 33 43 8 32 30 -18 34 -30 2 -42 -1 -47 -13z"
       id="path74" />
    <path
       d="M3014 3635 c-4 -8 1 -27 11 -41 20 -30 16 -73 -7 -88 -28 -17 -56 18 -60 73 -2 33 -7 46 -18 46 -11 0 -15 -11 -15 -40 0 -38 -3 -41 -35 -36 -5 0 -19 19 -30 40 -41 82 -64 64 -54 -43 7 -79 20 -98 31 -46 8 44 19 45 45 6 19 -30 29 -36 59 -36 20 0 42 -7 49 -15 18 -21 57 -19 70 4 5 11 10 37 10 59 0 22 7 57 16 77 13 31 13 39 2 46 -22 14 -68 10 -74 -6z"
       id="path76" />
    <path
       d="M3167 3629 c-58 -45 -56 -145 3 -169 59 -25 120 26 120 100 0 78 -66 115 -123 69z m77 -51 c12 -20 2 -44 -27 -62 -12 -8 -22 -8 -34 0 -26 16 -27 40 -3 64 24 24 48 23 64 -2z"
       id="path78" />
    <path
       d="M2187 3633 c-4 -3 -7 -18 -7 -32 0 -14 -4 -33 -10 -41 -8 -13 -10 -13 -14 0 -3 8 -6 26 -8 40 -2 17 -10 26 -25 28 -27 4 -37 -16 -47 -96 -7 -58 5 -73 42 -53 16 8 21 7 26 -5 8 -22 29 -12 36 16 8 33 26 36 34 5 4 -14 11 -25 18 -25 15 0 2 151 -15 162 -15 10 -22 10 -30 1z"
       id="path80" />
    <path
       d="M2517 3624 c-4 -4 -7 -24 -7 -44 0 -45 -31 -80 -54 -61 -8 7 -16 31 -18 54 -2 35 -7 43 -25 45 -20 3 -23 -1 -23 -33 0 -61 46 -135 85 -135 28 0 72 40 80 73 11 41 2 102 -15 105 -9 1 -19 0 -23 -4z"
       id="path82" />
    <path
       d="M2696 3615 c-9 -9 -16 -21 -16 -26 0 -5 -9 -22 -19 -37 -11 -15 -22 -37 -26 -50 -9 -32 21 -41 48 -14 l21 22 27 -26 c15 -15 32 -23 38 -20 16 10 13 51 -3 66 -8 6 -16 30 -18 53 -3 47 -24 59 -52 32z"
       id="path84" />
    <path
       d="M1999 3393 c-60 -37 -81 -137 -36 -174 30 -25 42 -24 92 12 l44 32 26 -32 c32 -37 45 -38 82 -7 38 32 65 139 40 163 -23 23 -34 9 -39 -53 -5 -56 -19 -77 -48 -71 -11 2 -15 17 -15 59 0 65 -5 74 -34 58 -18 -9 -26 -7 -48 9 -31 25 -31 25 -64 4z m97 -44 c10 -16 -6 -26 -54 -34 -39 -6 -43 -5 -40 11 5 26 80 45 94 23z"
       id="path86" />
    <path
       d="M2877 3403 c-4 -3 -7 -39 -7 -80 0 -40 -4 -73 -9 -73 -12 0 -18 18 -26 76 -13 90 -35 96 -70 19 -14 -30 -33 -58 -42 -63 -11 -7 -14 -17 -9 -36 8 -31 26 -34 44 -6 16 26 38 25 53 -1 7 -14 17 -19 30 -16 10 3 22 1 25 -4 10 -17 32 -9 33 14 0 12 4 46 7 75 8 75 -5 119 -29 95z"
       id="path88" />
    <path
       d="M1572 3387 c-17 -20 -18 -147 -1 -158 50 -33 122 -12 132 39 11 55 -21 111 -65 112 -9 0 -20 5 -23 10 -9 14 -30 12 -43 -3z m80 -54 c24 -22 23 -60 -2 -68 -29 -9 -40 2 -40 39 0 48 12 57 42 29z"
       id="path90" />
    <path
       d="M2554 3388 c-4 -7 -8 -37 -8 -68 l-1 -55 -45 0 c-49 0 -49 0 -36 68 7 38 -6 62 -28 54 -12 -5 -16 -20 -16 -61 0 -95 -26 -79 -32 19 -2 32 -7 41 -24 43 -16 2 -27 -7 -43 -33 -11 -20 -21 -42 -21 -49 0 -8 -7 -19 -15 -26 -17 -14 -20 -56 -6 -65 5 -3 16 3 23 13 20 28 37 35 55 21 16 -14 71 -37 109 -46 12 -3 36 2 53 11 29 15 33 15 62 0 30 -15 34 -15 71 3 42 20 54 44 44 96 -6 32 -26 55 -65 76 -26 15 -68 14 -77 -1z m90 -67 c25 -27 17 -55 -17 -59 -31 -4 -43 14 -33 53 8 30 27 32 50 6z"
       id="path92" />
    <path
       d="M3218 3389 c-14 -8 -18 -23 -18 -64 0 -57 -7 -69 -35 -59 -14 6 -16 15 -11 47 7 41 -5 67 -30 67 -8 0 -17 -12 -20 -27 l-7 -26 -19 26 c-34 47 -55 36 -78 -44 -16 -52 -19 -74 -11 -82 8 -8 16 -9 29 -1 12 8 26 8 46 1 25 -9 32 -7 46 10 16 21 17 21 29 1 9 -15 19 -18 38 -13 17 4 38 0 60 -12 30 -16 34 -16 49 -1 22 22 11 48 -21 48 -14 0 -25 5 -25 10 0 6 7 10 16 10 8 0 24 5 35 11 28 14 7 39 -33 39 -17 0 -27 4 -23 10 3 6 21 10 39 10 40 0 48 7 35 31 -11 21 -62 25 -91 8z"
       id="path94" />
    <path
       d="M1770 3335 c-12 -25 -26 -47 -31 -51 -5 -3 -9 -18 -9 -35 0 -33 25 -40 33 -9 7 26 41 26 58 -1 17 -25 54 -16 44 10 -4 9 -11 38 -16 64 -11 60 -15 67 -39 67 -12 0 -26 -16 -40 -45z"
       id="path96" />
    <path
       d="M2807 3148 c-5 -14 1 -127 9 -166 10 -52 24 -5 24 84 0 74 -3 94 -14 94 -8 0 -16 -6 -19 -12z"
       id="path98" />
    <path
       d="M2518 3144 c-4 -4 -20 -7 -35 -8 -26 -1 -28 -4 -31 -48 -6 -86 -62 -95 -62 -9 0 54 -13 72 -37 48 -22 -22 -9 -102 22 -133 35 -35 60 -30 94 16 31 42 34 42 44 -1 13 -51 79 -59 117 -15 19 24 45 19 58 -9 9 -20 19 -25 46 -25 39 0 50 11 41 40 -4 13 -15 20 -32 20 -15 0 -23 5 -20 13 2 6 15 12 28 12 17 0 24 6 24 20 0 14 -7 20 -24 20 -13 0 -26 6 -28 13 -3 8 6 12 27 12 25 0 31 4 28 18 -2 12 -14 18 -41 20 -47 4 -69 -12 -61 -44 8 -33 -8 -30 -50 7 -34 29 -94 48 -108 33z m94 -61 c37 -42 -27 -87 -66 -47 -19 18 -19 20 -6 45 13 24 52 25 72 2z"
       id="path100" />
    <path
       d="M2081 3108 c-11 -18 -30 -46 -41 -63 -38 -57 -18 -92 31 -56 33 25 47 26 73 6 14 -11 23 -12 32 -4 11 9 11 16 -1 39 -8 15 -17 46 -21 69 -5 34 -10 41 -29 41 -15 0 -30 -12 -44 -32z"
       id="path102" />
    <path
       d="M3323 2686 c-4 -7 -22 -21 -40 -30 -37 -19 -67 -48 -94 -91 -25 -39 -24 -53 4 -66 19 -9 36 -5 88 16 35 15 68 33 72 41 4 8 14 14 21 14 19 0 46 33 46 57 0 12 -15 31 -38 47 -44 30 -48 31 -59 12z m31 -71 c-1 -10 -72 -55 -86 -55 -17 0 -7 22 20 45 26 24 68 30 66 10z"
       id="path104" />
    <path
       d="M441 2578 c-47 -128 -53 -210 -21 -271 11 -20 20 -43 20 -51 0 -19 57 -66 81 -66 30 0 23 27 -22 84 l-41 51 6 82 c4 56 12 93 26 115 11 18 20 43 20 56 0 18 -6 22 -30 22 -22 0 -33 -6 -39 -22z"
       id="path106" />
    <path
       d="M3466 2531 c-3 -5 -26 -12 -50 -15 -52 -8 -96 -42 -96 -74 0 -23 2 -23 76 -18 77 6 150 34 160 61 11 27 -15 55 -51 55 -18 0 -36 -4 -39 -9z"
       id="path108" />
    <path
       d="M319 2438 c0 -7 0 -49 1 -93 2 -87 22 -138 61 -148 34 -9 33 19 -2 69 -32 48 -33 52 -39 177 0 12 -20 8 -21 -5z"
       id="path110" />
    <path
       d="M2016 2151 c-99 -128 -135 -265 -109 -411 20 -109 73 -190 124 -190 22 0 29 5 29 19 0 10 -7 24 -16 32 -39 32 -94 177 -94 248 0 93 87 267 153 306 25 15 11 55 -19 55 -16 0 -36 -17 -68 -59z"
       id="path112" />
    <path
       d="M1842 2101 c-11 -16 -24 -41 -28 -57 -4 -15 -17 -46 -30 -68 -20 -35 -24 -55 -24 -131 0 -86 9 -122 39 -157 7 -7 18 -22 25 -32 7 -11 18 -16 24 -12 17 10 15 43 -5 73 -14 22 -18 49 -18 138 0 94 3 117 23 156 12 26 31 54 42 64 24 22 26 41 4 49 -25 10 -29 8 -52 -23z"
       id="path114" />
    <path
       d="M1756 855 c-9 -10 -20 -31 -23 -47 -3 -16 -14 -33 -24 -39 -11 -5 -19 -21 -19 -34 0 -29 7 -31 31 -9 23 21 39 10 39 -28 0 -28 -2 -30 -27 -22 -16 4 -105 7 -199 6 -135 -1 -182 -5 -225 -19 -113 -38 -51 -55 180 -50 154 3 175 6 187 22 11 15 16 16 29 5 9 -7 22 -28 30 -47 8 -18 31 -49 52 -68 46 -42 107 -49 135 -15 14 16 25 18 67 13 45 -5 52 -3 75 22 14 15 26 36 26 46 0 22 14 31 65 40 22 4 63 13 90 19 72 16 216 23 303 14 40 -5 52 -3 52 8 0 27 -24 38 -82 38 -33 0 -72 7 -92 17 -31 14 -39 15 -63 3 -16 -7 -75 -16 -133 -20 -58 -4 -111 -9 -119 -11 -9 -2 -17 7 -22 26 -5 17 -23 47 -40 69 -32 37 -34 38 -83 32 -42 -5 -54 -2 -73 16 -31 29 -113 37 -137 13z m121 -57 c16 -18 33 -41 36 -50 9 -25 33 -22 59 7 26 31 44 32 59 4 9 -17 6 -27 -15 -57 l-26 -36 21 -22 c30 -32 22 -68 -15 -72 -21 -3 -36 3 -53 22 -32 34 -50 33 -58 -5 -8 -36 -24 -44 -62 -32 -23 8 -27 15 -25 38 2 16 15 46 28 66 31 49 30 76 -1 105 -14 13 -25 32 -25 44 0 32 41 25 77 -12z"
       id="path116" />
    <path
       d="M3560 850 c-12 -8 -12 -10 2 -15 19 -7 38 1 38 16 0 12 -21 11 -40 -1z"
       id="path118" />
    <path
       d="M3747 616 c-6 -15 1 -26 15 -26 11 0 10 27 -1 34 -5 3 -11 0 -14 -8z"
       id="path120" />
    <path
       d="M2323 613 c-34 -3 -53 -9 -57 -19 -9 -22 2 -35 27 -33 78 6 93 -1 145 -65 20 -25 40 -19 44 12 4 38 20 34 60 -18 18 -25 44 -46 56 -48 27 -4 28 9 2 26 -11 7 -20 21 -20 32 0 32 36 24 61 -12 13 -18 36 -46 51 -62 15 -17 28 -33 28 -38 0 -11 47 -10 54 1 3 5 -15 26 -40 46 -34 29 -44 43 -40 58 3 14 -3 28 -18 42 -13 12 -25 27 -27 34 -5 14 -64 31 -133 38 -46 5 -48 4 -41 -17 5 -17 4 -21 -6 -17 -8 2 -13 9 -12 15 2 11 -51 33 -71 30 -6 -1 -34 -3 -63 -5z"
       id="path122" />
    <path
       d="M2176 593 c-11 -27 16 -46 47 -34 34 13 34 25 2 39 -34 16 -42 15 -49 -5z"
       id="path124" />
    <path
       d="M1973 404 c-21 -8 -56 -14 -78 -14 -22 0 -70 -3 -107 -7 -62 -5 -68 -8 -68 -28 0 -39 22 -47 74 -28 34 13 49 15 54 6 14 -22 62 -26 108 -8 39 15 52 15 89 5 41 -12 62 -11 143 6 19 4 38 2 46 -5 8 -7 91 -13 227 -16 118 -3 227 -8 242 -11 27 -6 57 9 57 27 0 29 -118 48 -328 55 -70 2 -109 8 -124 18 -18 13 -25 13 -56 1 -38 -16 -177 -21 -186 -6 -10 16 -54 18 -93 5z"
       id="path126" />
    <path
       d="M2801 331 c-31 -20 7 -38 91 -46 45 -4 95 -13 111 -21 38 -20 71 -15 75 13 5 32 -25 43 -135 47 -54 2 -105 6 -113 10 -8 3 -21 2 -29 -3z"
       id="path128" />
    <path
       d="M1540 50 c-14 -5 -37 -11 -51 -14 -15 -3 -29 -12 -32 -20 -5 -12 13 -14 109 -14 117 0 133 7 70 33 -51 21 -70 24 -96 15z"
       id="path130" />
  </g>
  <rect
     style="fill:#ffffff;fill-opacity:1;stroke:none"
     id="rect3119"
     width="188.79086"
     height="63.26247"
     x="148.95425"
     y="20.632952" />
  <rect
     style="fill:#ffffff;fill-opacity:1;stroke:none"
     id="rect3121"
     width="126.11315"
     height="22.191586"
     x="240.85988"
     y="94.585373"
     transform="scale(0.8,0.8)" />
  <text
     xml:space="preserve"
     style="font-size:21.05959511px;font-style:normal;font-variant:normal;font-weight:normal;font-stretch:normal;text-align:start;line-height:125%;letter-spacing:0px;word-spacing:0px;text-anchor:start;fill:#000000;fill-opacity:1;stroke:none;font-family:Comic Sans MS;-inkscape-font-specification:Comic Sans MS"
     x="225.59474"
     y="42.225475"
     id="text3111"
     sodipodi:linespacing="125%"
     transform="scale(1.0810257,0.9250474)"><tspan
       sodipodi:role="line"
       id="tspan3113"
       x="225.59474"
       y="42.225475"
       style="text-align:center;text-anchor:middle">OH, MEU ANJO</tspan><tspan
       sodipodi:role="line"
       x="225.59474"
       y="68.549973"
       id="tspan3115"
       style="text-align:center;text-anchor:middle">DA GUARDA! ME</tspan><tspan
       sodipodi:role="line"
       x="225.59474"
       y="94.874466"
       id="tspan3117"
       style="text-align:center;text-anchor:middle">AJUDE!</tspan></text>
  <rect
     style="fill:#ffffff;fill-opacity:1;stroke:none"
     id="rect3127"
     width="45.92728"
     height="15.309093"
     x="486.06369"
     y="37.872669"
     transform="scale(0.8,0.8)" />
  <rect
     style="fill:#ffffff;fill-opacity:1;stroke:none"
     id="rect3129"
     width="58.557278"
     height="20.667273"
     x="492.95279"
     y="45.527218"
     transform="scale(0.8,0.8)" />
  <rect
     style="fill:#ffffff;fill-opacity:1;stroke:none"
     id="rect3131"
     width="212.79639"
     height="40.569096"
     x="510.55826"
     y="32.13176"
     transform="scale(0.8,0.8)" />
  <text
     xml:space="preserve"
     style="font-size:20.13388062px;font-style:normal;font-variant:normal;font-weight:normal;font-stretch:normal;text-align:start;line-height:125%;letter-spacing:0px;word-spacing:0px;text-anchor:start;fill:#000000;fill-opacity:1;stroke:none;font-family:Comic Sans MS;-inkscape-font-specification:Comic Sans MS"
     x="400.12729"
     y="49.937946"
     id="text3123"
     sodipodi:linespacing="125%"><tspan
       sodipodi:role="line"
       id="tspan3125"
       x="400.12729"
       y="49.937946"
       style="font-weight:bold">TARARA T T!</tspan></text>
</svg>
