<?xml version="1.0" standalone="no"?>
<!DOCTYPE svg PUBLIC "-//W3C//DTD SVG 20010904//EN"
 "http://www.w3.org/TR/2001/REC-SVG-20010904/DTD/svg10.dtd">
<svg version="1.0" xmlns="http://www.w3.org/2000/svg"
 width="465.000000pt" height="390.000000pt" viewBox="0 0 465.000000 390.000000"
 preserveAspectRatio="xMidYMid meet">
<metadata>
Created by potrace 1.10, written by Peter Selinger 2001-2011
</metadata>
<g transform="translate(0.000000,390.000000) scale(0.100000,-0.100000)"
fill="#000000" stroke="none">
<path d="M1288 3730 c-15 -11 -32 -36 -38 -55 -10 -31 -14 -34 -31 -24 -33 17
-78 2 -86 -29 -8 -35 -43 -82 -60 -82 -8 0 -25 -7 -38 -16 -31 -20 -33 -64 -5
-89 11 -10 20 -25 20 -34 0 -9 -9 -24 -20 -34 -21 -18 -27 -47 -10 -47 6 0 16
-11 22 -25 13 -29 28 -33 28 -7 0 32 49 92 74 92 21 0 36 -16 36 -40 0 -5 -16
-12 -35 -16 -19 -3 -35 -10 -35 -14 0 -13 34 -37 63 -44 15 -3 27 -11 27 -16
0 -19 39 -10 51 11 11 21 6 30 -26 43 -6 2 -6 8 1 16 13 13 54 5 54 -11 0 -5
7 -9 15 -9 18 0 20 31 4 47 -16 16 -3 45 18 41 24 -4 34 -70 21 -126 -12 -49
0 -72 39 -72 23 0 24 1 17 59 -4 37 -2 66 5 79 17 33 -11 72 -53 72 -56 0 -67
22 -42 81 5 12 -1 18 -26 25 -29 9 -33 14 -33 44 0 30 4 36 25 38 14 2 33 11
42 19 10 9 32 16 50 15 18 0 38 4 44 9 9 7 14 4 19 -10 9 -29 35 -27 35 3 0
15 7 26 19 29 11 2 21 15 23 28 3 26 36 39 48 19 12 -19 0 -48 -21 -53 -10 -3
-19 -13 -19 -24 -1 -10 -16 -35 -35 -57 -38 -43 -59 -43 -75 0 -10 24 -12 25
-28 12 -9 -8 -25 -18 -34 -21 -25 -9 -23 -54 2 -62 11 -4 27 -20 35 -36 15
-29 48 -39 60 -19 9 15 25 12 25 -4 0 -8 -7 -16 -15 -20 -18 -7 -21 -50 -2
-44 6 3 14 13 16 23 2 10 9 25 17 33 18 17 18 28 -1 36 -8 3 -15 17 -15 31 0
19 5 25 22 25 20 0 78 53 78 72 0 4 11 8 24 8 14 0 27 4 31 10 3 5 13 6 21 3
11 -4 14 -13 9 -32 -7 -31 -31 -51 -59 -51 -12 -1 -31 -9 -43 -19 -24 -20 -30
-41 -13 -41 20 0 60 -49 60 -72 0 -14 13 -34 32 -49 40 -33 34 -65 -11 -56
-35 7 -51 -8 -51 -49 0 -17 -6 -37 -14 -43 -7 -6 -11 -22 -9 -35 3 -13 0 -27
-6 -30 -19 -12 -12 -28 11 -24 12 2 29 17 38 33 22 40 60 41 78 2 19 -39 5
-70 -63 -139 -65 -67 -113 -92 -157 -82 -42 9 -123 62 -134 88 -12 28 -40 32
-53 7 -10 -17 -7 -22 16 -33 23 -11 28 -20 28 -48 0 -31 -3 -35 -25 -35 -21 0
-26 5 -28 32 -5 55 -43 68 -62 19 -7 -19 -9 -17 -15 16 -7 35 -4 39 49 92 31
31 56 63 56 70 0 18 -67 69 -80 61 -17 -10 -11 -33 12 -49 28 -20 12 -39 -28
-34 -33 4 -41 25 -43 106 -1 28 -5 52 -9 52 -15 0 -52 -50 -52 -70 0 -25 -71
-75 -81 -58 -10 16 0 69 16 88 18 21 6 82 -19 100 -11 8 -32 17 -46 21 -56 12
-96 -26 -200 -189 -25 -39 -51 -74 -58 -77 -22 -8 -33 4 -22 25 15 27 2 49
-34 58 -26 7 -31 13 -33 42 -2 37 -16 50 -55 50 -39 0 -42 -14 -8 -39 17 -12
30 -30 30 -40 0 -17 -7 -18 -93 -14 -57 4 -98 11 -108 19 -24 21 -66 17 -83
-8 -34 -48 -15 -102 46 -132 13 -6 24 -19 26 -29 5 -25 -49 -74 -95 -86 -44
-12 -57 -23 -68 -59 -5 -18 0 -31 22 -54 41 -44 75 -58 137 -58 31 0 58 -5 62
-12 8 -13 -39 -58 -61 -58 -7 0 -38 -15 -69 -32 -82 -49 -100 -102 -43 -133
33 -17 70 -17 125 0 20 7 22 4 22 -33 0 -51 23 -66 86 -59 31 3 57 15 90 42
47 39 63 41 45 7 -17 -31 -13 -77 7 -95 26 -24 63 -21 102 8 19 14 40 25 47
25 23 0 14 -36 -18 -71 -17 -19 -42 -58 -56 -88 -23 -48 -25 -62 -19 -129 4
-50 2 -80 -5 -88 -17 -21 -242 -20 -259 1 -18 21 -74 19 -112 -5 -18 -11 -49
-20 -69 -20 -73 0 -70 17 -76 -395 -3 -204 -6 -623 -6 -932 -2 -488 0 -564 13
-577 13 -13 187 -16 1375 -21 l1360 -6 23 -25 c26 -27 33 -29 78 -12 25 9 39
9 56 0 13 -6 52 -13 88 -15 36 -3 77 -8 92 -12 15 -4 40 -4 55 0 l28 7 -23 9
c-18 7 -23 15 -20 36 3 28 4 28 83 31 87 3 75 9 153 -75 23 -25 39 -33 66 -33
27 0 34 3 30 15 -4 8 -3 22 0 31 5 13 9 14 21 4 19 -15 50 -5 97 33 38 30 38
30 102 19 40 -8 181 -12 379 -12 302 0 317 1 327 19 7 13 10 409 10 1210 l0
1191 25 16 c20 13 25 25 25 55 0 40 -18 59 -58 59 -11 0 -26 9 -33 20 -13 18
-19 19 -64 11 -27 -5 -61 -13 -74 -17 -22 -6 -23 -5 -16 25 8 35 -15 81 -40
81 -7 0 -35 -18 -60 -40 -25 -22 -57 -40 -69 -40 -36 0 -90 -42 -101 -78 -5
-17 -13 -32 -17 -32 -12 0 -9 -38 5 -61 10 -18 8 -23 -17 -46 -23 -20 -30 -34
-30 -65 -1 -27 -7 -43 -19 -50 -10 -5 -20 -8 -21 -6 -1 1 -13 18 -25 36 -28
40 -54 41 -82 3 -15 -20 -34 -32 -59 -36 -50 -8 -80 -43 -91 -102 -6 -31 -20
-58 -40 -79 -27 -28 -31 -37 -25 -68 7 -34 9 -36 46 -36 43 0 52 13 20 30 -28
15 -25 25 14 48 31 18 35 26 38 69 3 48 3 48 42 51 32 3 40 8 49 33 13 34 26
37 50 9 14 -17 21 -18 37 -10 11 6 20 16 20 22 0 7 5 6 15 -2 11 -9 13 -23 9
-51 -8 -48 15 -63 49 -31 12 11 31 22 42 24 11 2 22 14 25 28 3 14 16 29 28
35 12 5 22 18 22 27 0 14 -8 18 -38 18 -31 0 -41 5 -52 25 -17 32 -3 49 43 50
39 0 49 31 17 60 -25 22 -26 57 -3 96 18 29 37 37 48 19 13 -21 42 -9 56 22
18 40 44 57 61 40 9 -9 7 -21 -11 -57 -12 -25 -27 -45 -32 -45 -19 0 -8 -24
26 -57 50 -49 71 -41 68 25 l-2 52 39 0 c21 0 45 7 54 15 29 29 38 5 10 -27
-14 -15 -15 -20 -4 -33 12 -14 17 -12 46 16 30 29 34 30 40 14 5 -13 0 -24
-17 -38 l-24 -19 0 -274 0 -274 -30 -5 c-51 -9 -229 1 -252 13 -28 15 -68 15
-110 0 -50 -18 -50 -3 1 47 36 36 46 53 46 79 0 37 -34 76 -66 76 -29 0 -36
-11 -17 -25 19 -14 25 -106 7 -112 -6 -2 -30 21 -53 52 -36 48 -46 55 -79 57
-67 3 -97 -2 -116 -21 -30 -31 -11 -41 74 -41 89 0 104 -11 98 -73 -3 -30 -6
-32 -38 -31 -61 3 -153 -18 -206 -46 -29 -15 -62 -30 -75 -33 -13 -4 -60 -47
-104 -96 -44 -50 -86 -93 -92 -95 -15 -6 -18 37 -4 62 19 35 93 104 148 137
32 20 65 40 73 45 8 5 36 16 63 26 47 17 60 37 32 48 -25 9 -125 -21 -169 -51
-41 -29 -95 -74 -155 -130 -41 -39 -71 -43 -71 -10 0 14 14 36 35 55 48 42
153 110 193 124 17 7 32 18 32 25 0 19 -60 16 -101 -4 -39 -18 -142 -98 -178
-137 -24 -26 -55 -34 -65 -18 -8 13 120 131 149 138 14 3 25 10 25 15 0 5 12
9 28 9 15 0 34 5 42 10 13 9 12 12 -4 25 -21 16 -61 11 -87 -11 -8 -8 -25 -14
-36 -14 -20 0 -203 -167 -203 -186 0 -5 -14 -29 -30 -53 -16 -24 -32 -58 -36
-77 -3 -18 -12 -38 -20 -45 -10 -8 -14 -35 -14 -89 0 -63 5 -86 25 -126 33
-63 66 -92 113 -99 75 -12 82 -15 82 -35 0 -10 -10 -26 -22 -34 -11 -8 -37
-48 -57 -88 -31 -63 -43 -76 -81 -95 -25 -12 -74 -27 -110 -32 -87 -14 -104
-34 -95 -111 6 -51 52 -151 76 -165 5 -4 9 -30 9 -58 0 -41 4 -55 20 -65 29
-18 25 -40 -11 -60 -62 -34 -129 -93 -149 -132 -24 -47 -28 -127 -9 -159 8
-12 33 -33 56 -46 33 -20 55 -25 110 -25 73 0 91 8 150 63 29 28 34 29 62 18
16 -7 49 -11 73 -9 l43 3 5 -70 c3 -38 12 -80 20 -93 14 -21 13 -25 -4 -38
-12 -8 -28 -11 -40 -7 -12 3 -48 5 -81 2 -33 -2 -123 -2 -200 -1 -77 1 -430 4
-785 7 -517 3 -646 7 -648 17 -1 7 18 35 44 61 l46 49 157 -3 c86 -2 162 0
169 4 17 11 15 34 -4 41 -23 9 -207 7 -305 -3 -118 -13 -158 -25 -197 -61 -18
-16 -37 -30 -43 -30 -14 0 -11 20 6 36 18 18 20 54 3 54 -6 0 -22 -9 -34 -21
-18 -17 -25 -19 -42 -8 -16 10 -24 9 -51 -10 -27 -19 -32 -20 -37 -7 -4 10
-19 16 -43 16 -20 0 -45 7 -55 15 -31 23 -53 18 -82 -20 -30 -40 -44 -43 -62
-14 -13 20 -14 20 -34 3 -19 -18 -20 -18 -34 1 -12 17 -18 18 -44 8 -26 -10
-30 -9 -35 8 -8 23 -31 25 -39 4 -3 -8 -3 -28 0 -45 5 -22 1 -34 -18 -52 -14
-13 -27 -31 -31 -40 -5 -14 -16 -17 -55 -14 -56 4 -72 11 -72 31 0 19 38 29
55 15 12 -10 22 -7 50 14 58 44 59 119 2 81 -28 -18 -47 -13 -47 11 0 8 -9 14
-20 14 -17 0 -46 -21 -115 -83 -30 -27 -120 -77 -139 -77 -9 0 -30 13 -47 29
-29 28 -34 29 -98 24 -42 -3 -75 -1 -89 6 -17 9 -23 8 -34 -8 -11 -15 -22 -18
-58 -14 l-45 5 0 212 c0 129 4 214 10 218 6 4 24 5 42 2 17 -3 39 -1 49 4 24
14 88 -18 132 -66 30 -33 33 -34 50 -18 23 20 45 20 84 0 23 -12 36 -13 57 -5
14 6 44 10 66 10 68 -1 188 8 223 15 24 6 32 13 32 30 0 12 16 37 35 56 19 19
35 42 35 52 0 9 14 33 30 51 48 55 37 107 -22 107 -32 0 -33 -2 -16 -30 16
-26 -4 -62 -47 -86 -31 -17 -35 -17 -59 -1 -14 10 -26 22 -26 28 0 6 20 34 45
61 25 28 45 58 45 68 0 23 23 31 70 24 67 -11 114 40 74 81 -13 12 -26 15 -55
10 -35 -6 -42 -3 -74 29 -44 45 -88 49 -134 10 -48 -41 -41 -66 31 -103 36
-18 42 -29 28 -51 -8 -13 -13 -13 -39 3 -18 11 -50 17 -85 17 l-57 0 -19 44
c-16 38 -25 47 -59 57 -37 11 -45 9 -96 -16 -78 -38 -93 -84 -40 -127 27 -23
77 -22 122 2 47 25 63 25 63 0 0 -11 -7 -20 -16 -20 -23 0 -75 -62 -72 -85 4
-28 91 -69 118 -55 10 5 31 10 46 10 25 0 26 -2 21 -36 -7 -40 -51 -104 -71
-104 -15 0 -26 21 -26 50 0 9 -7 23 -15 30 -20 16 -45 -3 -45 -34 0 -24 -17
-46 -37 -46 -7 0 -23 18 -35 40 -24 41 -44 51 -54 25 -6 -15 -44 -21 -44 -7 0
5 -6 16 -13 26 -11 15 -17 16 -39 5 -23 -10 -34 -8 -72 10 -53 24 -69 26 -96
9 -41 -26 -43 -6 -41 300 2 196 -1 310 -10 351 -7 37 -8 66 -3 71 5 5 27 -3
53 -20 38 -26 53 -30 113 -30 64 0 68 1 68 23 0 13 27 50 70 96 l69 73 48 -7
c26 -4 55 -13 64 -21 22 -20 162 -19 179 1 7 8 20 15 29 15 9 0 40 16 70 35
61 40 84 43 105 14 14 -21 22 -22 162 -20 l148 2 39 46 c43 48 36 46 132 28
48 -9 112 30 145 89 15 28 36 53 46 57 30 12 97 10 120 -4 33 -19 91 -72 103
-96 14 -26 68 -54 88 -47 9 4 30 2 47 -3 79 -25 156 -41 195 -41 23 0 56 -7
72 -16 37 -19 73 -15 77 9 6 30 -17 47 -62 47 -23 0 -47 5 -52 10 -22 22 -119
50 -151 44 -31 -6 -33 -5 -33 23 0 31 26 63 50 63 8 0 29 -5 47 -12 30 -11 39
-10 76 10 23 12 58 22 77 22 19 1 46 7 60 15 38 22 253 15 277 -8 3 -4 10 -30
14 -59 9 -59 1 -75 -39 -80 -34 -4 -41 -33 -11 -48 16 -9 31 -9 63 0 35 10 49
9 84 -6 78 -31 181 0 202 60 l11 31 19 -25 c14 -19 20 -21 23 -10 18 59 42
117 53 131 8 8 14 24 14 35 0 10 19 40 43 66 23 25 50 58 60 72 10 14 43 38
75 53 31 15 59 31 62 35 3 3 18 10 33 13 21 6 27 13 25 29 -2 17 -9 20 -33 18
-16 -2 -45 -12 -62 -23 -18 -11 -45 -19 -60 -17 -24 3 -28 7 -26 33 2 17 -4
47 -12 68 -10 24 -13 52 -9 76 5 30 2 45 -14 67 -28 40 -37 73 -20 78 111 31
124 37 151 78 16 22 35 66 43 96 13 49 13 60 -2 98 -18 48 -13 69 15 54 10 -5
21 -6 25 -3 16 16 2 44 -37 76 -81 66 -108 76 -212 80 -133 4 -143 27 -36 82
23 12 46 15 71 11 47 -7 81 14 64 41 -8 13 -28 19 -70 23 -83 7 -80 30 6 51
54 13 66 20 68 39 3 15 -3 27 -15 34 -15 9 -10 12 32 16 36 4 51 10 53 22 2
11 -6 18 -27 23 -17 4 -33 11 -36 16 -7 10 11 12 93 9 76 -2 112 37 57 62 -20
9 -35 7 -80 -10 -41 -16 -62 -19 -75 -12 -22 12 -109 14 -176 5 -58 -8 -94 5
-94 35 0 32 40 52 80 40 19 -6 108 -10 196 -10 145 0 164 2 185 19 20 16 22
23 13 38 -10 16 -26 18 -173 15 -113 -2 -175 -7 -207 -18 -42 -14 -47 -14 -65
2 -32 29 -24 61 22 84 34 18 46 19 73 10 21 -7 57 -8 102 -2 85 10 236 9 287
-2 45 -10 69 6 65 43 -3 23 -9 27 -48 32 -25 4 -85 2 -135 -3 -49 -5 -126 -11
-170 -13 -44 -2 -100 -5 -125 -7 -40 -3 -45 -1 -48 19 -3 18 3 24 25 28 15 3
42 11 58 17 17 7 84 14 150 17 114 6 120 7 123 28 5 33 -37 39 -138 20 -48
-10 -98 -17 -113 -17 -14 0 -51 -6 -81 -14 -91 -24 -129 -64 -91 -96 22 -19
18 -33 -15 -52 -23 -13 -30 -24 -30 -48 0 -16 4 -30 9 -30 21 0 18 -30 -5 -55
-32 -34 -28 -53 16 -83 21 -14 37 -34 40 -50 3 -18 16 -33 37 -43 18 -9 39
-22 47 -28 8 -7 38 -14 65 -15 56 -3 60 -10 21 -42 -19 -16 -35 -20 -67 -16
-48 5 -50 1 -28 -51 18 -44 12 -62 -26 -77 -16 -7 -26 -17 -22 -24 3 -6 0 -6
-8 2 -7 6 -26 12 -41 12 -35 0 -36 19 -3 58 37 44 35 101 -6 141 -34 34 -54
39 -63 15 -8 -21 -9 -18 15 -45 15 -18 19 -33 16 -59 -5 -36 -28 -105 -40
-116 -14 -14 -56 27 -63 61 -11 60 -38 85 -92 85 -34 0 -58 7 -84 25 -41 28
-56 30 -93 13 -30 -14 -32 -29 -5 -53 13 -12 20 -31 20 -56 0 -29 5 -39 20
-44 39 -12 48 13 25 68 -9 22 21 23 49 2 11 -8 34 -15 52 -15 26 0 39 -8 58
-33 15 -19 26 -38 26 -44 0 -5 -22 -20 -49 -33 -49 -22 -50 -22 -105 -5 -88
28 -178 4 -184 -48 -2 -16 2 -29 10 -32 16 -6 83 19 93 35 12 20 45 10 57 -16
12 -25 10 -29 -26 -60 -22 -19 -47 -34 -57 -34 -27 0 -79 -98 -79 -150 0 -62
51 -163 96 -189 19 -11 39 -32 46 -46 10 -22 8 -29 -10 -48 -12 -13 -22 -33
-22 -44 0 -11 -7 -26 -16 -34 -20 -17 -44 -63 -44 -87 0 -30 -34 -54 -72 -50
-29 3 -34 7 -43 43 -16 62 -42 102 -82 130 -48 32 -93 32 -131 0 -17 -14 -38
-25 -47 -25 -9 0 -30 11 -47 25 -16 14 -42 25 -57 25 -47 0 -131 -77 -131
-121 0 -8 -11 -26 -25 -39 -22 -21 -31 -22 -94 -17 -39 3 -79 11 -91 17 -23
12 -105 29 -190 39 l-55 6 -10 97 c-6 54 -16 103 -23 110 -7 7 -12 19 -12 28
0 9 -5 21 -12 28 -11 11 -35 69 -45 108 -10 44 16 32 91 -41 72 -70 80 -75
121 -75 61 0 129 47 158 109 l23 46 55 -3 c56 -4 57 -3 68 29 15 42 14 127 -1
185 -13 45 -12 46 19 74 29 26 37 28 85 23 46 -4 62 -1 116 26 55 28 62 35 62
61 0 21 -8 35 -26 46 -24 16 -42 21 -164 43 -60 11 -116 37 -124 56 -3 9 -6
27 -6 39 0 49 -70 75 -103 38 -20 -21 -22 -63 -6 -79 9 -9 9 -20 -1 -43 -10
-24 -10 -37 -1 -57 13 -29 6 -43 -48 -101 -17 -19 -38 -46 -45 -60 -19 -36
-72 -74 -99 -70 -18 2 -22 10 -22 37 0 31 7 39 65 81 37 27 74 63 87 86 26 46
30 115 8 134 -25 21 -20 96 10 125 13 14 29 25 35 25 5 0 10 9 10 20 0 12 -7
20 -17 20 -9 0 -13 3 -10 7 4 3 18 0 32 -7 23 -12 29 -11 53 7 24 19 27 26 24
74 -2 30 -10 61 -18 70 -8 8 -14 28 -14 42 0 15 -4 27 -10 27 -19 0 -50 40
-50 65 0 37 -39 53 -73 30 -31 -20 -42 -15 -65 33 l-17 37 -131 3 c-119 3
-132 1 -156 -18z m169 -54 c-4 -9 -11 -16 -17 -16 -17 0 -24 31 -9 41 18 11
34 -5 26 -25z m-251 -131 c20 -42 24 -121 8 -143 -11 -14 -14 -14 -39 2 -24
16 -26 22 -20 54 3 21 6 56 6 80 -1 53 21 57 45 7z m522 13 c-3 -25 -34 -36
-50 -20 -17 17 -1 42 27 42 22 0 26 -4 23 -22z m41 -87 c8 -14 6 -22 -8 -35
-23 -21 -38 -20 -50 1 -7 13 -5 23 6 35 21 23 40 23 52 -1z m-129 -30 c0 -26
-16 -35 -24 -15 -10 25 -7 34 9 34 8 0 15 -9 15 -19z m-686 -146 c12 -19 14
-30 6 -44 -14 -27 -13 -144 2 -176 13 -30 -1 -80 -36 -128 -18 -25 -21 -26
-35 -12 -14 14 -14 19 2 46 9 17 17 38 17 48 0 17 -18 41 -32 41 -13 0 -27
-73 -21 -115 7 -52 -5 -61 -46 -38 -38 22 -39 45 -6 67 20 13 23 21 16 34 -6
11 -4 26 6 46 12 24 13 30 1 37 -9 6 -21 -1 -38 -21 -25 -30 -53 -39 -65 -20
-3 5 22 37 56 72 34 35 68 79 76 98 15 34 60 90 74 90 4 0 14 -11 23 -25z
m2294 -35 c21 0 13 -16 -13 -28 -52 -24 -177 -9 -150 17 11 10 96 20 130 15
11 -2 26 -4 33 -4z m-2148 -129 c5 -11 10 -40 10 -65 0 -25 5 -48 10 -51 6 -3
10 -30 10 -59 0 -30 6 -60 15 -72 8 -10 15 -26 15 -35 0 -9 14 -35 30 -57 38
-53 74 -56 130 -11 29 24 41 42 47 73 15 74 67 52 147 -62 35 -49 46 -54 78
-38 13 7 40 11 60 8 45 -5 55 10 33 53 l-18 32 33 47 c48 66 75 62 110 -17 14
-31 22 -72 23 -120 l2 -72 -49 0 c-43 0 -51 -4 -77 -35 -16 -19 -29 -39 -29
-46 0 -6 -9 -23 -21 -38 -17 -21 -29 -26 -68 -26 -43 0 -51 4 -111 60 -36 33
-68 60 -72 60 -17 0 -7 40 12 52 27 17 25 42 -6 63 -33 22 -50 14 -59 -27 -4
-18 -16 -50 -27 -71 -26 -53 -25 -94 6 -154 14 -29 26 -59 26 -68 0 -9 7 -26
15 -39 15 -22 27 -75 41 -173 5 -29 12 -44 25 -48 10 -3 21 -14 24 -24 6 -20
44 -31 109 -31 52 0 124 -25 184 -63 15 -10 -2 -47 -22 -47 -19 0 -50 -38 -79
-95 -33 -65 -62 -91 -123 -110 -40 -12 -63 -29 -125 -95 l-75 -80 -71 0 c-40
0 -84 -5 -99 -11 -29 -11 -124 5 -124 21 0 14 -79 40 -123 40 -27 0 -65 -11
-107 -31 -58 -29 -66 -31 -89 -18 -13 8 -39 43 -58 79 -45 84 -98 148 -129
156 -13 3 -24 12 -24 20 0 7 -10 20 -21 28 -34 23 -18 46 28 40 64 -9 68 -12
48 -34 -33 -36 9 -34 81 5 64 33 69 39 81 83 7 26 12 81 11 122 -1 82 11 116
78 213 19 27 37 61 41 75 8 33 138 207 215 289 65 69 72 96 34 140 -28 32 -40
27 -38 -19 2 -45 -7 -68 -24 -68 -7 0 -34 -28 -58 -62 -25 -35 -51 -70 -59
-78 -7 -8 -24 -31 -37 -50 -37 -55 -82 -100 -101 -100 -25 0 -67 58 -77 106
-6 34 -14 42 -57 64 -26 14 -50 31 -52 37 -2 6 9 22 25 35 42 35 82 102 82
137 0 32 22 61 46 61 21 0 37 -49 29 -90 -4 -19 -9 -47 -12 -62 -4 -23 -1 -29
20 -37 19 -8 26 -18 29 -43 3 -29 6 -33 33 -33 l30 0 5 92 c5 86 7 94 36 125
18 18 46 56 64 85 17 29 40 55 51 58 25 8 24 21 -1 28 -27 7 -25 38 5 71 29
31 41 33 55 7z m721 9 c10 -6 19 -17 19 -25 0 -21 37 -55 59 -55 20 0 48 -11
90 -35 21 -12 30 -12 59 1 42 17 42 17 42 0 0 -26 -28 -37 -103 -39 -61 -2
-81 -7 -107 -26 -28 -20 -35 -22 -56 -10 -26 14 -30 23 -38 111 -6 51 -1 88
11 88 2 0 13 -5 24 -10z m-1365 -10 c42 0 44 -1 44 -29 0 -38 13 -46 35 -21
34 38 47 29 145 -89 11 -13 20 -36 20 -50 -1 -31 -40 -113 -57 -119 -20 -6
-45 56 -39 96 4 21 2 43 -3 51 -12 19 -41 6 -41 -18 0 -62 -88 -171 -139 -171
-21 0 -11 38 14 54 31 20 34 56 5 56 -28 0 -80 28 -80 42 0 7 12 24 26 39 18
19 27 40 28 65 1 36 -1 38 -39 46 -41 9 -69 33 -58 51 3 5 25 7 51 3 25 -3 64
-6 88 -6z m2444 -240 c26 -8 27 -10 15 -50 -7 -23 -7 -23 9 -7 10 9 21 17 25
17 13 0 31 -66 31 -114 0 -56 -12 -82 -53 -117 -33 -28 -30 -49 6 -48 35 1 78
31 98 69 39 72 13 196 -43 207 -28 5 -45 34 -33 53 9 14 41 4 85 -26 20 -13
58 -27 85 -30 97 -13 132 -49 76 -78 -41 -22 -56 -68 -25 -80 11 -4 28 6 50
30 26 27 41 35 61 32 23 -3 29 -10 41 -52 19 -68 2 -143 -42 -184 -48 -46 -69
-48 -109 -12 -43 37 -67 39 -67 5 0 -14 5 -25 10 -25 6 0 10 -4 10 -10 0 -15
-58 -42 -131 -61 -123 -32 -151 -33 -236 -8 -72 22 -83 29 -145 92 -64 66 -66
71 -70 125 -3 52 -1 60 29 92 28 30 35 33 51 23 24 -15 32 -8 32 28 0 27 22
59 41 59 19 0 22 -34 6 -62 -13 -23 -15 -43 -10 -91 7 -65 19 -87 51 -87 15 0
21 9 26 40 3 23 2 49 -4 60 -8 15 -7 26 6 46 16 24 16 27 1 54 -22 37 -22 83
1 102 32 28 46 29 122 8z m-2580 -9 c0 -13 -24 -31 -42 -31 -22 0 -23 13 -3
34 15 14 45 12 45 -3z m926 -6 c9 -14 25 -25 35 -25 23 0 26 -38 3 -47 -35
-13 -103 48 -90 82 8 23 34 18 52 -10z m-702 -74 c3 -5 -2 -30 -11 -57 -23
-69 -105 -148 -174 -168 -62 -19 -76 -20 -84 -5 -7 11 32 59 48 59 24 0 114
73 132 107 11 20 27 45 35 54 16 19 46 24 54 10z m70 -167 c23 -9 20 -29 -11
-62 -28 -29 -104 -83 -135 -94 -20 -8 -43 16 -32 34 4 7 30 39 57 71 50 57 76
68 121 51z m104 -152 c4 -28 -23 -62 -50 -62 -27 0 -32 23 -13 60 20 38 58 39
63 2z m2432 -123 c12 -22 20 -50 18 -62 -4 -26 -57 -55 -108 -59 -31 -3 -35 0
-38 24 -3 22 2 29 22 34 30 7 30 8 14 35 -11 18 -10 23 15 45 39 33 53 30 77
-17z m-387 -29 c19 -16 44 -30 55 -30 12 0 24 -4 27 -10 11 -18 37 -10 65 20
40 43 50 38 50 -24 0 -43 5 -60 25 -84 14 -17 25 -40 25 -52 0 -19 -4 -21 -27
-15 -80 20 -99 18 -135 -14 -40 -35 -106 -43 -128 -16 -7 8 -18 15 -26 15 -7
0 -23 10 -34 22 -24 26 -21 57 12 103 12 16 23 48 24 70 2 22 3 41 3 43 3 11
36 -3 64 -28z m-655 -80 c27 -25 28 -61 3 -84 -10 -9 -21 -29 -25 -44 -20
-100 -25 -135 -26 -197 -1 -76 -30 -207 -48 -213 -6 -2 -27 19 -47 47 -20 27
-50 59 -68 70 -18 11 -41 27 -52 35 -11 9 -45 19 -75 23 -36 6 -56 13 -58 23
-1 8 20 39 47 68 56 58 82 65 125 31 22 -17 26 -26 21 -52 -8 -43 16 -77 42
-61 12 8 17 21 15 40 -8 67 -3 201 8 224 32 71 67 110 99 110 10 0 27 -9 39
-20z m220 -13 c53 -49 69 -120 54 -240 -8 -62 -16 -84 -39 -111 -30 -37 -78
-59 -115 -54 -21 3 -23 7 -19 57 4 66 34 115 61 101 25 -13 40 7 40 55 0 78
-25 129 -83 168 -11 8 -16 19 -12 29 13 34 74 31 113 -5z m850 -40 c6 -6 14
-26 18 -42 3 -17 14 -42 23 -58 15 -27 15 -28 -30 -70 -25 -23 -54 -54 -64
-69 -31 -49 -45 -36 -45 40 0 45 -5 75 -16 90 -9 13 -14 37 -12 58 3 31 8 38
38 49 47 17 75 18 88 2z m-932 -64 c3 -10 10 -28 16 -39 15 -31 6 -59 -20 -62
-28 -4 -36 16 -28 73 7 46 22 59 32 28z m-99 -110 c-7 -159 -18 -223 -38 -223
-12 0 -12 77 0 84 5 4 12 60 16 126 4 66 12 120 17 120 6 0 8 -42 5 -107z
m-239 54 c2 -12 -3 -17 -17 -17 -15 0 -21 6 -21 21 0 25 33 22 38 -4z m668 -3
c35 -23 54 -65 54 -118 0 -57 -20 -80 -64 -70 -17 4 -49 8 -71 8 l-40 1 -1 90
c0 55 3 93 10 97 20 14 86 8 112 -8z m417 -6 c23 -21 40 -65 54 -141 3 -15 -2
-67 -12 -116 -14 -73 -21 -91 -40 -101 -13 -7 -28 -9 -34 -6 -14 9 -14 59 -1
72 13 13 15 162 2 194 -15 37 -49 69 -80 76 -47 10 -52 13 -52 29 0 12 14 15
69 15 59 0 74 -4 94 -22z m-143 -58 c7 -13 21 -20 40 -20 l30 0 0 -68 c0 -37
4 -81 9 -99 7 -25 6 -35 -9 -48 -10 -9 -21 -32 -24 -51 -4 -18 -15 -38 -25
-43 -15 -8 -24 -3 -50 29 -17 22 -34 54 -38 72 -3 18 -12 42 -20 53 -7 11 -13
44 -13 75 0 48 4 60 29 88 34 37 56 41 71 12z m-2451 -36 c35 -44 44 -90 38
-188 -4 -50 -9 -103 -13 -118 -6 -25 -4 -28 19 -28 29 0 47 38 47 101 0 54 8
69 39 69 22 0 31 -8 44 -35 10 -19 24 -51 33 -69 20 -42 13 -66 -18 -66 -28 0
-82 -43 -172 -138 -68 -71 -91 -83 -113 -61 -8 8 -8 22 3 51 8 22 14 53 14 69
0 15 5 31 10 34 13 8 6 195 -9 251 -6 23 -18 47 -26 54 -21 18 -19 50 7 77 29
31 71 30 97 -3z m-174 -14 c12 -19 -29 -75 -47 -64 -13 8 -9 62 5 67 20 9 35
8 42 -3z m3773 -32 c-3 -7 -19 -17 -36 -22 -17 -5 -33 -15 -37 -24 -7 -20 3
-28 17 -14 7 7 17 12 24 12 14 0 54 -93 54 -126 0 -25 -1 -26 -65 -28 l-40 -1
-3 -80 c-1 -50 -7 -81 -14 -84 -19 -6 -58 -53 -58 -69 0 -10 6 -12 23 -7 12 4
36 8 52 10 59 4 58 4 45 20 -13 16 -6 35 14 35 7 0 25 9 39 20 20 16 26 32 32
80 4 33 11 60 17 60 20 0 76 -67 86 -103 16 -58 0 -106 -57 -172 -53 -61 -120
-112 -154 -119 -17 -3 -39 -14 -50 -24 -15 -13 -42 -18 -120 -20 -70 -3 -108
-9 -125 -20 -22 -15 -25 -14 -45 12 -12 15 -65 48 -117 74 -52 26 -96 54 -97
62 -2 8 12 24 30 35 17 11 33 30 35 43 5 34 -30 28 -84 -13 -25 -19 -55 -35
-67 -35 -35 0 -75 33 -102 84 -32 61 -34 150 -4 216 27 60 45 78 85 86 58 11
79 -1 118 -67 40 -66 44 -90 20 -109 -20 -18 -15 -74 8 -78 9 -2 24 5 33 15
39 44 86 111 100 141 26 56 69 34 58 -31 -3 -20 -2 -52 1 -72 6 -30 11 -36 28
-33 18 2 22 10 22 43 1 38 3 40 31 40 30 0 30 0 30 -57 0 -40 5 -62 17 -74 16
-16 18 -16 42 0 35 22 52 60 60 133 6 54 5 62 -11 67 -20 6 -56 -3 -115 -28
-43 -18 -64 -13 -72 18 -9 38 13 93 57 142 l43 47 32 -19 c27 -15 36 -16 50
-6 61 44 180 72 170 40z m187 -18 c27 -25 32 -61 15 -104 -13 -35 -3 -56 26
-56 31 0 47 36 48 105 l1 50 95 -4 c52 -1 96 -4 98 -6 7 -6 1 -1720 -5 -1726
-5 -5 -143 -10 -308 -12 -165 -3 -313 -7 -330 -9 -43 -5 -47 32 -7 61 45 32
92 135 99 217 5 62 3 71 -16 88 -11 11 -21 23 -21 28 0 4 23 30 50 56 47 46
50 51 50 100 0 46 -5 58 -48 115 -51 67 -67 122 -63 212 1 22 2 73 1 114 0 86
12 106 69 116 82 14 211 127 262 231 42 85 36 120 -37 208 -30 36 -59 66 -65
66 -23 0 -60 144 -44 170 13 21 102 6 130 -20z m-3914 -168 c-3 -108 -1 -123
14 -128 15 -6 15 -8 3 -15 -9 -5 -21 -36 -28 -69 -10 -49 -16 -60 -33 -60 -18
0 -19 4 -12 53 3 28 6 106 5 172 -2 130 9 179 38 173 15 -3 17 -15 13 -126z
m1419 103 c0 -8 -7 -15 -16 -15 -14 0 -14 3 -4 15 7 8 14 15 16 15 2 0 4 -7 4
-15z m-70 -64 c0 -18 -81 -81 -104 -81 -47 0 -41 25 15 65 33 24 89 34 89 16z
m-697 -135 c-28 -48 -129 -91 -140 -59 -4 12 32 34 95 57 49 18 54 18 45 2z
m-232 -36 c28 -15 24 -40 -7 -40 -36 0 -64 17 -58 35 7 17 37 19 65 5z m2756
-322 c53 -22 72 -43 53 -62 -5 -5 -10 -32 -10 -58 0 -87 -48 -104 -157 -57
-34 14 -43 23 -43 42 0 14 7 30 14 37 8 6 20 28 27 48 26 82 33 85 116 50z
m161 -79 c15 -11 29 -32 32 -46 7 -39 27 -39 44 1 15 36 41 56 75 56 30 0 47
-24 55 -77 5 -38 3 -50 -10 -60 -24 -17 -41 -6 -49 33 -4 26 -11 34 -23 32
-13 -2 -19 -19 -25 -68 -10 -83 -2 -258 14 -293 21 -46 1 -69 -72 -89 -35 -9
-84 -19 -109 -22 -25 -3 -55 -8 -67 -11 -28 -9 -34 19 -14 62 12 27 12 39 2
70 -10 31 -9 47 3 88 9 28 16 63 16 78 0 33 15 64 41 90 11 10 19 29 19 43 0
30 25 42 53 25 14 -9 22 -10 31 -1 8 8 5 12 -10 16 -25 7 -58 59 -50 80 7 19
13 18 44 -7z m-388 -143 c0 -7 -6 -26 -14 -41 -8 -15 -17 -55 -21 -89 -15
-140 -45 -166 -97 -83 -52 84 -58 97 -58 137 0 37 0 37 48 44 26 4 63 15 82
26 42 23 60 25 60 6z m109 -10 c6 -8 32 -17 56 -21 39 -5 45 -9 45 -30 0 -14
-9 -42 -21 -64 -21 -41 -26 -99 -14 -182 6 -41 4 -48 -16 -63 -31 -21 -136
-22 -167 -1 -14 11 -33 14 -54 10 -40 -7 -61 6 -56 31 3 16 11 18 46 16 37 -3
43 0 52 22 5 15 20 40 32 57 13 17 23 45 24 62 1 18 2 58 2 89 2 75 39 113 71
74z m-2403 -31 c8 -20 -13 -45 -37 -45 -23 0 -32 15 -24 40 8 24 53 28 61 5z
m2872 -40 c4 -57 31 -135 57 -167 14 -16 26 -48 30 -78 4 -27 11 -52 16 -56
16 -10 10 -54 -8 -60 -10 -3 -26 -10 -37 -15 -40 -22 -149 21 -131 51 9 14 49
12 80 -4 29 -15 55 -12 55 7 0 28 -34 96 -50 100 -33 9 -49 49 -56 144 -7 101
-3 126 23 121 13 -2 19 -14 21 -43z m-3194 -11 c9 -3 16 -17 16 -30 0 -22 -4
-24 -45 -24 -51 0 -60 18 -23 44 25 18 30 19 52 10z m207 -94 c29 -16 23 -45
-18 -79 -61 -50 -113 -38 -113 26 0 28 4 33 24 33 13 0 29 7 36 15 14 17 43
19 71 5z m24 -149 c3 -5 1 -12 -4 -15 -13 -8 -42 4 -35 15 7 12 31 12 39 0z
m73 -47 c4 -25 -39 -64 -69 -64 -23 0 -24 10 -4 56 12 30 19 35 42 32 20 -2
29 -9 31 -24z m2725 -82 c28 -24 20 -55 -22 -90 -41 -34 -91 -109 -91 -137 0
-48 55 -13 95 60 20 36 107 95 151 102 44 7 96 -38 92 -81 -3 -26 -8 -32 -43
-40 -58 -13 -85 -33 -151 -111 -80 -94 -104 -130 -104 -154 0 -33 -19 -71 -35
-71 -35 0 -51 75 -73 347 -6 75 -10 85 -39 115 -18 19 -33 44 -33 57 0 21 3
23 38 16 50 -9 124 -7 153 4 25 9 33 7 62 -17z m-371 8 c44 -13 99 -75 118
-134 16 -51 -2 -71 -62 -69 -36 2 -48 8 -74 37 -28 33 -34 35 -80 32 -60 -3
-72 -27 -25 -54 42 -23 39 -47 -9 -72 -50 -25 -96 -25 -137 0 -63 38 -52 109
26 183 91 86 146 103 243 77z m452 -6 c7 -18 0 -34 -15 -34 -5 0 -9 11 -9 25
0 28 15 34 24 9z m92 -275 c3 -6 -3 -23 -15 -37 -12 -15 -33 -45 -48 -67 -36
-54 -104 -125 -120 -125 -32 0 -8 53 55 120 17 19 32 39 32 45 0 16 59 75 75
75 8 0 17 -5 21 -11z m-2353 -97 c-3 -28 48 -67 65 -50 15 15 37 -4 30 -24 -4
-10 -44 -13 -173 -13 -147 0 -169 2 -179 17 -5 9 -7 20 -4 23 15 15 81 22 149
15 83 -8 98 -2 91 36 -4 20 -1 25 9 22 8 -3 13 -15 12 -26z m193 13 c4 -8 3
-27 0 -41 -5 -20 -12 -25 -34 -22 -33 4 -41 32 -16 59 21 23 42 25 50 4z
m-572 -43 c32 -1 61 -4 64 -7 3 -3 0 -16 -6 -30 -11 -25 -16 -26 -79 -23 -62
3 -68 5 -71 26 -5 34 5 56 21 45 6 -6 38 -11 71 -11z m-336 -14 c4 -21 -37
-35 -49 -17 -6 9 -3 18 8 27 21 15 37 11 41 -10z"/>
<path d="M1316 2127 c-30 -35 -70 -71 -88 -79 -72 -34 -87 -40 -119 -47 -28
-6 -34 -12 -34 -31 0 -30 35 -39 55 -15 7 8 23 15 37 15 13 0 35 7 49 16 18
13 28 14 36 6 8 -8 6 -13 -8 -18 -10 -4 -30 -16 -43 -26 -13 -10 -34 -18 -46
-18 -23 0 -55 -28 -55 -48 0 -12 -59 -32 -73 -25 -4 2 -5 14 -1 27 8 33 -19
52 -52 37 -19 -8 -24 -16 -18 -29 4 -9 8 -30 8 -47 2 -49 10 -54 79 -48 70 6
87 16 87 47 0 16 11 27 35 39 20 9 42 17 50 17 19 0 156 111 152 124 -2 6 -14
13 -26 16 -23 5 -23 6 7 29 17 12 38 38 46 56 41 86 -3 87 -78 2z"/>
<path d="M2846 2792 c-26 -15 -29 -24 -32 -75 -3 -48 0 -58 16 -67 26 -14 55
1 75 40 13 24 13 37 3 75 -13 50 -20 53 -62 27z"/>
<path d="M2732 2515 c-49 -22 -35 -39 39 -47 35 -4 83 -10 107 -14 32 -5 42
-3 42 7 -2 57 -109 88 -188 54z"/>
<path d="M2741 2221 c-18 -14 -22 -24 -18 -44 4 -13 14 -28 23 -31 18 -7 44
10 44 29 0 6 10 11 23 11 17 -1 22 5 22 24 0 21 -5 25 -35 28 -22 1 -44 -5
-59 -17z"/>
<path d="M2847 1944 c-8 -14 -5 -114 4 -114 12 0 21 74 11 99 -5 14 -11 20
-15 15z"/>
<path d="M3770 1416 c-14 -9 -41 -15 -60 -16 -22 0 -46 -9 -65 -24 -28 -23
-29 -26 -14 -41 15 -15 19 -15 46 -1 27 13 33 13 59 -1 33 -18 101 -18 122 0
8 6 27 10 43 9 21 -3 32 3 45 23 16 24 16 28 1 42 -22 22 -144 28 -177 9z m67
-52 c8 -22 -11 -37 -36 -29 -23 7 -28 30 -8 38 23 10 38 7 44 -9z"/>
<path d="M3960 995 c0 -9 5 -15 11 -13 6 2 11 8 11 13 0 5 -5 11 -11 13 -6 2
-11 -4 -11 -13z"/>
<path d="M4034 966 c-7 -31 1 -46 26 -46 11 0 24 -8 29 -19 15 -27 58 -35 88
-16 24 16 24 17 7 36 -9 10 -29 19 -44 19 -18 0 -33 8 -44 25 -21 33 -54 33
-62 1z"/>
<path d="M2270 3672 c-8 -2 -28 -18 -43 -34 -22 -24 -33 -29 -54 -24 -92 24
-103 16 -72 -53 16 -37 17 -46 5 -69 -7 -15 -16 -38 -19 -52 -4 -14 -19 -32
-35 -41 -19 -11 -31 -27 -35 -48 -5 -24 -15 -35 -42 -47 -26 -11 -37 -22 -42
-44 -3 -17 -10 -33 -14 -36 -18 -11 -9 -44 11 -44 25 0 70 42 70 65 0 9 18 24
44 34 39 17 44 23 50 61 7 43 43 90 71 90 8 0 32 -16 54 -35 21 -19 46 -35 55
-35 23 0 31 26 17 57 -15 32 0 53 40 53 34 0 61 25 57 54 -2 15 -14 24 -40 30
-37 9 -38 11 -38 57 0 48 -14 70 -40 61z m-14 -117 c11 -16 14 -34 9 -55 -5
-24 -12 -30 -34 -30 -65 0 -94 61 -43 92 38 23 49 22 68 -7z"/>
<path d="M945 3628 c-44 -26 -84 -73 -129 -152 -38 -69 -45 -89 -37 -104 6
-11 17 -22 26 -26 30 -11 42 5 48 60 7 68 36 115 93 155 33 22 44 36 42 52 -4
25 -17 30 -43 15z"/>
<path d="M725 3539 c-40 -54 -46 -68 -43 -103 3 -36 6 -41 28 -41 19 0 27 7
34 30 20 66 30 86 57 118 33 37 32 51 -4 55 -22 3 -33 -7 -72 -59z"/>
<path d="M353 3533 c-8 -3 -13 -24 -13 -58 0 -53 -1 -54 -42 -77 -32 -18 -43
-29 -43 -48 0 -19 7 -26 30 -30 55 -12 91 -37 101 -71 12 -43 42 -61 58 -35
30 50 58 75 88 78 17 2 36 11 42 20 9 15 5 23 -22 47 -37 35 -39 45 -12 89 26
42 25 69 -2 78 -17 5 -27 -1 -47 -25 -32 -39 -55 -39 -77 -2 -18 30 -39 41
-61 34z m104 -115 c6 -7 15 -29 22 -48 11 -33 10 -36 -20 -64 -32 -28 -32 -28
-48 -8 -9 11 -26 23 -38 27 -30 8 -29 13 8 63 31 42 58 53 76 30z"/>
<path d="M3716 3468 c-9 -12 -16 -28 -16 -35 0 -18 -35 -34 -89 -42 -41 -5
-46 -9 -46 -31 0 -17 8 -29 26 -37 44 -21 51 -36 34 -69 -19 -36 -19 -48 -1
-63 11 -9 22 -8 51 6 34 16 38 16 63 0 54 -34 71 -39 96 -33 33 8 33 15 -4 53
-36 36 -32 57 13 70 24 6 33 15 35 35 3 28 -2 31 -63 40 -16 3 -21 12 -23 53
-2 27 -8 55 -14 62 -16 20 -45 15 -62 -9z m37 -123 c34 -32 34 -48 0 -70 -31
-21 -51 -13 -71 29 -12 24 -12 30 4 47 23 25 34 24 67 -6z"/>
<path d="M2686 3440 c-21 -24 -33 -30 -49 -25 -51 16 -73 16 -86 1 -12 -14
-11 -23 4 -57 18 -38 18 -42 2 -69 -9 -15 -17 -35 -17 -43 0 -22 32 -30 65
-17 25 9 32 7 56 -16 34 -33 63 -29 67 10 3 23 12 32 53 49 27 12 49 27 49 34
0 7 -17 21 -37 31 -29 13 -37 22 -34 37 3 11 5 36 5 55 1 30 -2 35 -24 38 -19
2 -34 -6 -54 -28z m18 -92 c23 -33 20 -53 -11 -67 -25 -12 -30 -10 -50 14 -29
33 -29 40 -1 59 30 22 44 20 62 -6z"/>
<path d="M1441 3287 c-6 -8 -12 -36 -13 -63 -3 -45 -1 -49 21 -52 46 -7 92 83
59 116 -16 16 -53 15 -67 -1z"/>
<path d="M3521 3135 c-14 -25 -30 -37 -52 -42 -22 -4 -34 -14 -41 -34 -7 -21
-18 -30 -43 -35 -48 -9 -59 -55 -15 -67 38 -10 71 5 93 44 16 28 29 39 51 41
17 2 34 12 40 23 5 11 19 33 29 48 23 34 16 57 -17 57 -17 0 -30 -10 -45 -35z"/>
<path d="M1375 3131 c-3 -6 4 -25 15 -43 11 -18 20 -44 20 -58 0 -14 10 -36
20 -49 16 -18 26 -22 47 -16 28 7 117 94 107 104 -3 4 -30 6 -61 6 -49 0 -58
3 -84 33 -29 32 -53 41 -64 23z"/>
<path d="M33 3103 c-30 -15 -33 -21 -33 -63 0 -26 3 -50 7 -54 11 -10 12 -136
2 -136 -5 0 -9 -30 -9 -66 l0 -65 38 3 37 3 -1 80 c-1 44 -2 96 -4 115 -2 40
15 158 24 167 6 7 -12 33 -23 32 -3 0 -21 -8 -38 -16z"/>
<path d="M2136 2775 c-23 -25 -45 -45 -49 -45 -15 0 -67 -44 -67 -56 0 -7 12
-24 26 -38 l27 -24 -22 -28 -21 -27 22 -24 c12 -12 27 -23 33 -23 7 0 20 -9
30 -20 21 -23 79 -27 119 -9 17 8 33 8 54 1 25 -9 35 -7 66 14 28 20 36 31 36
56 0 22 10 41 36 66 29 28 34 39 29 61 -8 38 -69 91 -103 91 -15 0 -44 11 -64
25 -23 16 -51 25 -74 25 -31 0 -44 -7 -78 -45z m121 -51 c-6 -33 7 -38 58 -24
53 15 88 1 83 -33 -2 -16 -13 -23 -45 -30 -48 -9 -52 -18 -22 -48 24 -24 21
-43 -9 -47 -13 -2 -27 6 -38 22 -24 38 -66 35 -81 -5 -12 -30 -14 -31 -54 -26
-23 3 -46 10 -51 15 -13 13 -1 36 25 47 12 6 22 15 22 20 0 6 -10 14 -22 20
-50 22 -36 59 22 57 30 -1 37 3 46 25 17 45 28 54 51 42 14 -8 19 -18 15 -35z"/>
<path d="M3490 2773 c1 -16 9 -46 20 -68 11 -22 19 -50 20 -63 0 -42 -42 -116
-93 -164 -43 -40 -49 -49 -37 -62 21 -27 37 -18 98 53 l59 68 7 91 c4 51 4
102 1 114 -18 58 -75 81 -75 31z"/>
<path d="M24 2675 c-9 -23 14 -45 26 -25 5 8 8 19 7 24 -6 17 -27 18 -33 1z"/>
<path d="M3612 2651 c-8 -5 -11 -17 -7 -34 9 -33 -17 -112 -56 -171 -30 -45
-31 -66 -4 -66 19 0 85 83 85 107 0 10 5 24 11 30 6 6 15 30 20 53 8 34 6 47
-6 66 -17 26 -23 28 -43 15z"/>
<path d="M1 2495 c1 -100 3 -107 25 -122 30 -19 33 -63 5 -63 -11 0 -22 6 -24
13 -3 6 -6 3 -6 -9 -1 -11 6 -36 15 -54 16 -31 16 -34 0 -45 -12 -10 -16 -29
-16 -88 0 -69 2 -75 19 -70 30 8 35 -16 7 -38 -23 -18 -26 -27 -26 -85 l0 -65
28 3 c23 2 27 8 27 33 1 17 4 38 9 47 4 9 3 25 -3 37 -15 27 -14 41 3 41 16 0
20 108 5 126 -5 7 -5 23 2 43 6 17 8 42 5 56 -5 19 -1 28 19 41 33 22 32 43
-5 57 -29 11 -39 30 -21 41 4 3 9 44 10 90 0 47 2 91 3 98 2 9 -11 14 -39 16
l-43 3 1 -106z m44 -56 c10 -15 -1 -23 -20 -15 -9 3 -13 10 -10 16 8 13 22 13
30 -1z"/>
<path d="M17 1809 c-19 -11 -23 -44 -7 -54 13 -8 13 -45 0 -45 -16 0 -11 -62
6 -75 14 -10 14 -15 3 -33 -10 -16 -11 -24 -2 -33 9 -9 16 -4 31 21 17 27 20
46 17 121 -4 110 -9 121 -48 98z"/>
<path d="M982 1545 c-17 -14 -38 -25 -47 -25 -33 0 -85 -40 -85 -65 0 -13 5
-27 11 -31 7 -4 9 -21 6 -42 -7 -39 12 -86 41 -100 9 -5 44 -13 76 -17 33 -4
70 -14 82 -22 39 -25 103 11 128 72 8 18 25 39 38 46 34 18 47 40 48 76 0 58
-51 92 -167 110 -25 4 -33 1 -33 -10 0 -8 -3 -29 -6 -46 -5 -24 -3 -31 9 -31
8 0 20 7 27 15 16 20 74 19 94 -1 33 -32 13 -74 -35 -74 -50 0 -58 -7 -46 -45
8 -26 7 -38 -3 -50 -20 -24 -47 -18 -55 13 -9 37 -33 62 -60 62 -13 0 -30 11
-39 25 -9 14 -25 25 -36 25 -29 0 -35 20 -12 42 17 18 25 19 52 10 31 -11 31
-11 51 34 10 25 19 48 19 50 0 12 -32 1 -58 -21z m-12 -205 c0 -23 -4 -30 -20
-30 -21 0 -45 34 -35 50 3 6 17 10 31 10 20 0 24 -5 24 -30z"/>
<path d="M60 1530 c0 -5 -9 -10 -19 -10 -24 0 -27 -5 -36 -53 l-7 -38 33 3
c34 3 34 3 34 56 0 28 -1 52 -2 52 -2 0 -3 -4 -3 -10z"/>
<path d="M13 1373 c-17 -6 -18 -134 -2 -150 9 -9 9 -20 0 -44 -6 -17 -11 -54
-11 -80 0 -47 1 -49 29 -49 27 0 29 3 35 50 4 29 2 58 -4 69 -12 23 -13 64 -3
75 4 4 8 33 9 64 1 66 -12 82 -53 65z"/>
<path d="M1865 1369 c-11 -18 4 -57 25 -64 42 -13 78 33 48 63 -15 15 -64 16
-73 1z"/>
<path d="M1976 1354 c-19 -18 -20 -38 -6 -65 8 -14 21 -19 49 -19 34 0 40 4
46 27 5 21 1 31 -22 49 -33 28 -46 29 -67 8z"/>
<path d="M993 1143 c-21 -8 -16 -71 6 -78 52 -16 102 33 71 70 -12 15 -52 19
-77 8z"/>
<path d="M56 1012 c-4 -7 -15 -12 -25 -12 -21 0 -31 -35 -31 -108 0 -36 6 -52
27 -74 l26 -28 -26 -20 c-30 -24 -33 -40 -15 -70 10 -15 10 -22 0 -32 -6 -6
-12 -31 -12 -55 0 -39 2 -43 24 -43 38 0 51 24 38 68 -7 25 -8 60 -2 108 5 40
5 104 1 145 -5 44 -4 81 1 92 11 22 6 48 -6 29z"/>
<path d="M2486 749 c-24 -29 -27 -29 -48 -15 -31 22 -42 20 -83 -15 -48 -43
-57 -62 -45 -94 7 -20 6 -34 -6 -56 -14 -28 -14 -32 7 -65 12 -20 40 -49 62
-65 34 -25 49 -29 102 -29 43 0 66 -5 75 -15 33 -40 150 9 150 63 0 31 25 72
44 72 18 0 56 43 56 63 0 43 -62 97 -111 97 -12 0 -35 15 -53 34 -56 62 -111
71 -150 25z m88 -37 c3 -9 2 -32 -3 -50 -12 -40 6 -52 41 -28 29 20 52 20 83
0 46 -30 28 -66 -34 -68 -24 -1 -26 -4 -23 -41 4 -60 -5 -82 -37 -93 -36 -13
-55 4 -46 40 9 35 -27 77 -52 62 -9 -6 -20 -22 -23 -35 -8 -32 -29 -34 -71 -7
-36 25 -52 68 -25 68 23 0 26 13 9 49 -28 57 17 91 73 55 25 -17 27 -17 40 1
8 10 14 24 14 30 0 15 21 35 36 35 7 0 15 -8 18 -18z"/>
<path d="M1045 660 c-3 -5 -24 -15 -46 -22 -40 -11 -67 -47 -53 -69 9 -15 56
-10 102 11 33 15 42 24 42 44 0 27 -34 54 -45 36z"/>
<path d="M1126 621 c-10 -11 -15 -25 -11 -30 3 -6 -5 -15 -19 -21 -14 -5 -26
-16 -26 -23 0 -11 22 -14 98 -14 53 -1 128 -6 166 -12 51 -9 72 -9 82 0 21 17
17 37 -11 55 -21 14 -41 16 -105 11 -44 -3 -80 -2 -80 2 0 15 -42 51 -59 51
-10 0 -26 -9 -35 -19z"/>
<path d="M11 508 c-5 -14 -5 -28 2 -36 7 -9 7 -16 -1 -24 -7 -7 -12 -40 -12
-74 0 -47 4 -63 16 -68 23 -9 24 -8 24 14 0 11 4 20 10 20 10 0 6 98 -5 108
-3 3 3 14 12 24 13 15 15 23 7 36 -17 26 -43 26 -53 0z"/>
<path d="M2243 329 c-35 -10 -44 -35 -17 -46 8 -3 92 -7 187 -8 95 -2 188 -6
208 -10 40 -8 54 3 44 34 -5 17 -20 20 -143 25 -75 3 -162 8 -192 10 -30 2
-70 0 -87 -5z"/>
<path d="M0 161 c0 -80 16 -97 57 -60 45 43 22 129 -35 129 -20 0 -22 -5 -22
-69z"/>
<path d="M3350 41 c-21 -14 -7 -23 37 -25 28 -1 38 3 38 14 0 18 -52 25 -75
11z"/>
</g>
</svg>
