<?xml version="1.0" encoding="UTF-8" standalone="no"?>
<svg
   xmlns:dc="http://purl.org/dc/elements/1.1/"
   xmlns:cc="http://creativecommons.org/ns#"
   xmlns:rdf="http://www.w3.org/1999/02/22-rdf-syntax-ns#"
   xmlns:svg="http://www.w3.org/2000/svg"
   xmlns="http://www.w3.org/2000/svg"
   xmlns:sodipodi="http://sodipodi.sourceforge.net/DTD/sodipodi-0.dtd"
   xmlns:inkscape="http://www.inkscape.org/namespaces/inkscape"
   version="1.0"
   width="900.000000pt"
   height="282.000000pt"
   viewBox="0 0 900.000000 282.000000"
   preserveAspectRatio="xMidYMid meet"
   id="svg2"
   inkscape:version="0.48.4 r9939"
   sodipodi:docname="q3d.svg">
  <defs
     id="defs306" />
  <sodipodi:namedview
     pagecolor="#ffffff"
     bordercolor="#666666"
     borderopacity="1"
     objecttolerance="10"
     gridtolerance="10"
     guidetolerance="10"
     inkscape:pageopacity="0"
     inkscape:pageshadow="2"
     inkscape:window-width="1600"
     inkscape:window-height="824"
     id="namedview304"
     showgrid="false"
     inkscape:zoom="0.816"
     inkscape:cx="689.72356"
     inkscape:cy="189.72521"
     inkscape:window-x="0"
     inkscape:window-y="24"
     inkscape:window-maximized="1"
     inkscape:current-layer="svg2" />
  <metadata
     id="metadata4">
Created by potrace 1.10, written by Peter Selinger 2001-2011
<rdf:RDF>
  <cc:Work
     rdf:about="">
    <dc:format>image/svg+xml</dc:format>
    <dc:type
       rdf:resource="http://purl.org/dc/dcmitype/StillImage" />
  </cc:Work>
</rdf:RDF>
</metadata>
  <rect
     style="fill:#ffffff;fill-opacity:1;stroke:#000000;stroke-width:1.5;stroke-miterlimit:4;stroke-opacity:1;stroke-dasharray:none"
     id="rect3088"
     width="1126.2255"
     height="354.16666"
     x="-1.2254902"
     y="-0.44117647"
     transform="scale(0.8,0.8)" />
  <rect
     style="fill:#ffffff;fill-opacity:1;stroke:#000000;stroke-width:0.79173708;stroke-opacity:1"
     id="rect3283"
     width="232.36122"
     height="106.87101"
     x="511.39978"
     y="137.87822" />
  <text
     xml:space="preserve"
     style="font-size:30.39427185px;font-style:normal;font-variant:normal;font-weight:normal;font-stretch:normal;text-align:start;line-height:125%;letter-spacing:0px;word-spacing:0px;text-anchor:start;fill:#000000;fill-opacity:1;stroke:none;font-family:Comic Sans MS;-inkscape-font-specification:Comic Sans MS"
     x="538.99878"
     y="169.26433"
     id="text4053"
     sodipodi:linespacing="125%"><tspan
       sodipodi:role="line"
       id="tspan4055"
       x="538.99878"
       y="169.26433"
       style="font-style:normal;font-variant:normal;font-weight:bold;font-stretch:normal;font-family:Century Schoolbook L;-inkscape-font-specification:Century Schoolbook L Bold">ASPIRINA</tspan></text>
  <g
     transform="translate(0.000000,282.000000) scale(0.100000,-0.100000)"
     fill="#000000"
     stroke="none"
     id="g6">
    <path
       d="M7694 2181 c-14 -16 -39 -32 -56 -35 -17 -3 -45 -17 -62 -30 -17 -12 -54 -31 -82 -40 -29 -9 -59 -25 -69 -36 -10 -11 -34 -25 -54 -31 -20 -7 -68 -27 -108 -45 -75 -34 -72 -31 -88 -108 -5 -23 42 -128 79 -175 14 -19 26 -42 26 -50 0 -18 61 -111 102 -156 38 -41 35 -52 -10 -46 -29 4 -42 -20 -37 -68 10 -95 13 -291 4 -296 -5 -4 -5 -14 1 -26 6 -11 8 -25 3 -31 -4 -7 -6 -114 -5 -239 2 -218 -4 -279 -28 -279 -6 0 -24 10 -40 21 -27 20 -37 21 -137 15 -119 -7 -154 2 -118 30 13 10 31 13 49 10 22 -5 34 0 56 24 15 17 35 30 44 30 8 0 27 17 40 37 27 39 26 61 0 112 -8 14 -14 42 -14 62 0 20 -7 42 -15 49 -23 19 -18 49 11 60 14 6 30 8 35 5 5 -3 21 0 35 8 21 11 24 16 13 23 -25 16 -123 30 -164 23 -77 -14 -293 -21 -299 -10 -9 14 -107 2 -125 -15 -12 -11 -16 -10 -27 4 -11 14 -16 15 -33 5 -24 -15 -151 -17 -197 -4 -19 5 -37 5 -48 -1 -10 -5 -70 -9 -134 -7 -164 3 -254 -2 -339 -17 -21 -4 -33 -2 -33 5 0 6 -7 11 -15 11 -17 0 -21 -45 -4 -55 7 -5 5 -13 -5 -24 -29 -32 -6 -39 104 -35 58 2 143 4 190 4 47 0 100 5 119 11 25 9 39 8 56 -1 14 -8 38 -10 62 -6 45 8 62 8 127 1 53 -5 67 4 87 57 15 37 29 26 29 -23 0 -44 23 -55 34 -16 l6 22 18 -23 c16 -20 21 -22 44 -12 19 9 31 9 46 1 17 -9 22 -8 27 10 4 12 2 26 -4 32 -13 13 -14 27 -2 27 5 0 19 -16 32 -35 18 -27 31 -35 54 -35 l30 -1 -24 -19 c-13 -11 -34 -20 -47 -20 -30 0 -72 -18 -107 -47 -16 -13 -34 -23 -41 -23 -8 0 -13 -12 -13 -28 0 -15 -4 -56 -8 -91 -8 -61 -7 -63 13 -57 22 7 42 -16 42 -50 0 -13 -6 -15 -30 -11 -16 4 -43 1 -61 -5 -24 -8 -44 -8 -82 2 -50 13 -51 13 -74 -16 -21 -26 -25 -27 -34 -11 -14 24 -30 21 -54 -9 -19 -24 -22 -25 -37 -11 -14 14 -18 15 -28 2 -17 -21 -109 -20 -116 0 -9 21 -37 19 -52 -5 -7 -11 -19 -20 -28 -20 -9 0 -18 9 -21 20 -6 24 -20 26 -25 5 -2 -12 -31 -16 -163 -19 l-161 -4 -15 27 c-15 27 -17 27 -121 26 l-106 0 -30 -33 c-29 -31 -33 -32 -107 -32 -94 0 -127 16 -149 75 -21 55 -20 90 5 144 27 59 79 95 125 86 42 -7 52 10 23 41 -28 30 -32 30 -44 2 -7 -17 -17 -22 -37 -20 -14 2 -45 -6 -67 -16 -47 -23 -51 -16 -16 26 14 17 25 39 25 50 0 12 7 25 16 30 8 5 21 20 27 33 11 21 21 25 88 30 41 4 85 12 98 18 19 11 24 9 41 -11 19 -23 19 -23 -1 -39 -17 -12 -18 -17 -7 -26 14 -12 114 -21 124 -11 3 4 40 4 83 2 l77 -4 12 33 c23 65 18 74 -44 82 -45 5 -59 3 -75 -11 -18 -16 -19 -16 -19 1 0 14 -6 16 -32 11 -18 -3 -36 -12 -40 -19 -5 -8 -8 -7 -8 6 0 9 -3 17 -7 17 -5 0 -105 1 -223 3 l-214 2 -3 -233 c-2 -128 -7 -260 -12 -292 -4 -33 -5 -62 -3 -65 9 -9 941 -5 1407 6 248 5 605 10 794 11 190 0 358 4 373 9 19 5 47 2 81 -8 43 -13 83 -14 237 -8 102 4 305 8 453 10 147 2 277 7 288 10 42 14 -4 25 -101 25 -119 0 -135 8 -97 48 l28 29 -25 48 c-20 36 -23 52 -15 66 5 10 13 19 18 19 11 0 31 46 24 54 -14 14 -51 4 -74 -20 -13 -14 -62 -44 -107 -67 -89 -43 -103 -58 -80 -85 24 -29 41 -70 34 -81 -8 -13 -254 -15 -273 -3 -12 8 105 73 154 87 11 3 24 12 27 20 3 8 13 15 21 15 12 0 15 6 10 19 -5 16 3 24 41 40 26 12 52 21 58 21 24 0 114 90 121 120 8 34 -17 89 -67 153 l-31 38 -63 -7 c-55 -5 -64 -4 -64 10 0 8 12 23 26 33 25 16 27 16 39 0 11 -16 45 -24 45 -11 0 19 -34 105 -46 115 -8 6 -14 22 -14 35 0 12 -4 26 -10 29 -5 3 -10 13 -10 21 0 8 -9 23 -20 34 -11 11 -20 29 -20 39 0 11 -4 23 -10 26 -5 3 -10 19 -10 34 0 16 -7 35 -16 42 -9 8 -27 30 -40 49 -12 19 -41 55 -64 80 -23 25 -38 50 -35 58 7 19 -21 62 -40 62 -19 0 -19 -19 0 -26 43 -17 -13 -47 -67 -36 -18 4 -26 32 -9 32 16 0 71 61 71 78 0 21 -56 139 -70 147 -6 3 -10 19 -10 34 0 15 -4 31 -9 37 -14 13 -77 135 -86 164 -15 49 -77 141 -105 155 -41 21 -56 19 -86 -14z m66 -101 c26 -14 60 -73 60 -104 0 -47 -54 -118 -109 -143 -24 -10 -24 -11 -5 -12 12 -1 27 -8 34 -16 15 -18 57 -19 88 -1 20 11 29 10 63 -7 57 -28 79 -61 79 -118 0 -42 -4 -52 -37 -83 -38 -36 -43 -39 -95 -50 -41 -9 -34 -26 10 -26 21 0 47 -6 58 -14 13 -9 44 -14 86 -14 55 1 70 -2 96 -23 34 -27 50 -87 34 -129 -15 -38 -57 -78 -89 -85 -15 -4 -38 -11 -50 -17 -17 -9 -27 -5 -57 18 -20 16 -39 39 -42 51 -3 12 -12 27 -20 34 -11 9 -13 24 -8 59 6 42 4 48 -15 53 -12 3 -26 19 -32 36 -6 17 -14 31 -19 31 -4 0 -25 26 -46 58 -34 50 -39 64 -39 114 0 55 -1 58 -28 64 -18 4 -35 18 -48 42 -11 21 -33 60 -49 87 -52 88 -37 143 48 189 31 17 105 21 132 6z m-284 -156 c39 -26 59 -75 55 -138 -1 -10 -20 -36 -43 -57 -40 -36 -47 -39 -104 -39 -78 0 -100 21 -116 110 -11 58 -11 64 7 74 10 6 32 23 49 38 37 33 111 38 152 12z m408 -50 c9 -22 9 -21 -30 -34 -45 -15 -50 -10 -20 23 29 31 41 34 50 11z m-262 -243 c34 -22 49 -39 56 -65 15 -52 -3 -110 -45 -146 -28 -25 -42 -30 -85 -30 -46 0 -50 -2 -44 -20 3 -11 9 -29 12 -40 4 -12 2 -20 -5 -20 -16 0 -14 -22 10 -98 26 -82 64 -160 219 -447 23 -44 56 -107 73 -140 16 -33 45 -84 64 -113 25 -38 32 -57 25 -64 -7 -7 -55 -8 -144 -3 -73 4 -165 8 -205 9 -40 0 -76 6 -82 11 -11 11 -17 771 -6 820 5 24 2 35 -14 49 -23 21 -28 62 -8 69 9 3 8 9 -3 23 -9 10 -22 36 -29 57 -12 35 -11 43 11 83 12 24 32 47 43 51 11 3 24 12 30 19 9 11 28 17 71 23 5 0 31 -12 56 -28z m157 -292 c59 -21 90 -120 55 -179 -24 -39 -61 -57 -125 -61 -52 -4 -57 -2 -94 33 -27 25 -42 51 -51 84 -17 68 -1 88 101 125 31 11 79 10 114 -2z m-201 -17 c2 -7 -6 -12 -17 -12 -21 0 -27 11 -14 24 9 9 26 2 31 -12z m625 -44 c21 -11 21 -11 2 -19 -34 -13 -75 -10 -75 5 0 13 14 21 43 25 5 0 18 -4 30 -11z m-78 -78 c33 0 77 -5 97 -10 31 -9 39 -18 53 -55 16 -41 16 -46 0 -89 -23 -59 -65 -96 -109 -96 -19 0 -38 -4 -41 -10 -10 -15 -25 -12 -32 8 -4 9 -15 23 -25 30 -32 23 -61 92 -54 130 3 21 0 46 -9 63 -8 15 -15 30 -15 33 0 8 55 12 65 4 5 -4 36 -8 70 -8z m-194 -154 c45 -19 69 -62 69 -123 0 -44 -4 -53 -39 -87 -38 -37 -41 -38 -96 -34 -48 4 -62 10 -92 41 -31 30 -37 44 -41 89 -3 46 -1 56 20 75 26 24 90 51 124 52 12 1 37 -5 55 -13z m314 -146 c8 0 25 4 38 9 33 13 93 -2 123 -30 13 -13 29 -39 35 -58 9 -31 7 -42 -13 -80 -25 -46 -29 -49 -90 -76 -34 -16 -38 -15 -76 4 -54 28 -79 61 -93 129 -7 31 -19 65 -27 74 -24 28 -8 48 38 48 25 0 41 5 41 13 1 6 4 2 6 -10 2 -13 11 -23 18 -23z m-2612 5 c1 -5 -6 -11 -15 -13 -11 -2 -18 3 -18 13 0 17 30 18 33 0z m737 5 c0 -5 -9 -10 -20 -10 -11 0 -20 5 -20 10 0 6 9 10 20 10 11 0 20 -4 20 -10z m721 -64 c38 -16 79 -65 79 -94 0 -11 -9 -40 -20 -64 -17 -40 -25 -46 -57 -52 -21 -3 -54 -6 -73 -6 -28 0 -41 -7 -61 -33 -49 -61 -190 -73 -218 -19 -17 34 -20 95 -7 126 23 53 48 68 122 71 63 2 83 12 84 40 0 9 75 40 106 44 6 0 27 -5 45 -13z m969 -15 c0 -12 -20 -25 -27 -18 -7 7 6 27 18 27 5 0 9 -4 9 -9z m37 -81 c40 -24 56 -54 56 -106 0 -59 -34 -100 -99 -121 -63 -20 -98 -9 -144 44 -26 29 -30 41 -30 94 0 48 3 61 18 65 9 3 37 14 62 25 58 24 97 24 137 -1z"
       id="path74" />
    <path
       d="M8052 2144 c-32 -22 -30 -71 3 -86 59 -27 105 24 71 78 -19 28 -42 31 -74 8z"
       id="path76" />
    <path
       d="M8251 2112 c-11 -16 -39 -37 -61 -46 -22 -9 -40 -20 -40 -25 0 -5 -13 -11 -30 -14 -23 -5 -30 -12 -30 -31 0 -13 7 -29 15 -36 8 -6 17 -21 21 -33 4 -11 24 -49 45 -84 22 -35 39 -72 39 -83 0 -11 9 -25 20 -32 11 -7 20 -21 20 -30 0 -10 5 -18 11 -18 15 0 2 57 -22 95 -10 17 -25 45 -33 63 -14 30 -14 34 2 52 9 11 24 20 33 20 27 0 31 48 5 65 -30 21 -36 19 -36 -15 0 -35 -18 -39 -44 -11 -24 26 -17 57 12 54 12 -2 31 6 42 17 26 26 38 25 51 -3 5 -12 23 -30 40 -39 24 -14 28 -22 23 -43 -4 -18 1 -33 20 -56 14 -17 26 -39 26 -49 0 -11 9 -24 20 -30 11 -6 20 -17 20 -24 0 -7 20 -52 45 -101 41 -82 43 -89 27 -102 -9 -7 -27 -11 -39 -8 -25 6 -31 -16 -13 -45 14 -22 -25 -40 -56 -26 -20 9 -23 16 -18 41 3 17 10 34 15 39 16 18 9 36 -13 36 -45 0 -67 11 -65 32 1 12 -4 23 -10 25 -16 6 -18 -43 -3 -52 6 -3 10 -14 10 -24 0 -10 9 -28 20 -41 11 -13 23 -35 26 -49 6 -26 52 -112 64 -121 4 -3 10 -18 14 -33 4 -15 19 -41 34 -58 33 -37 62 -88 62 -111 0 -9 4 -19 9 -22 5 -3 18 -23 29 -43 47 -91 57 -103 81 -103 20 0 22 -4 17 -24 -5 -21 -2 -25 21 -28 22 -2 29 -9 31 -30 3 -22 0 -26 -17 -21 -17 4 -21 1 -21 -21 0 -14 4 -26 8 -26 4 0 16 -23 27 -50 11 -27 25 -50 32 -50 16 0 49 15 108 49 28 17 60 30 71 30 12 1 27 8 34 17 11 13 4 33 -45 127 -32 62 -81 157 -110 212 -28 55 -57 109 -63 120 -6 11 -13 27 -16 35 -4 8 -26 51 -51 95 -24 44 -77 145 -117 225 -40 80 -77 148 -81 151 -5 3 -30 48 -56 100 -26 52 -54 108 -63 124 -8 17 -22 43 -29 60 -19 40 -42 42 -68 7z m327 -633 c13 -22 20 -44 16 -50 -3 -6 1 -18 9 -27 8 -9 22 -38 32 -64 9 -25 30 -59 46 -74 16 -15 40 -59 55 -98 15 -39 32 -76 39 -81 7 -6 22 -32 35 -59 20 -45 20 -50 6 -65 -15 -14 -19 -14 -44 -1 -21 12 -34 35 -57 102 -16 48 -38 95 -47 106 -10 10 -18 25 -18 33 0 9 -6 24 -14 35 -13 16 -18 17 -35 7 -26 -17 -51 -17 -52 0 -6 77 -11 102 -20 113 -9 11 -7 14 9 14 33 0 35 37 3 68 -32 31 -54 69 -47 81 3 4 18 6 33 4 20 -3 35 -16 51 -44z m-78 -38 c0 -5 -10 -11 -22 -13 -15 -2 -24 -11 -26 -25 -4 -28 -32 -31 -32 -4 0 11 10 35 22 53 22 32 23 33 40 16 10 -10 18 -22 18 -27z"
       id="path78" />
    <path
       d="M8048 1903 c-10 -2 -18 -13 -18 -23 0 -10 -3 -25 -6 -34 -4 -11 2 -19 20 -26 21 -8 25 -14 20 -33 -5 -21 -1 -25 25 -30 25 -5 31 -12 31 -31 0 -14 5 -28 10 -31 7 -4 7 -13 0 -26 -8 -14 -7 -27 2 -47 11 -22 19 -26 45 -24 l32 3 -15 -31 c-9 -17 -13 -38 -10 -46 5 -13 9 -13 30 3 14 10 27 24 30 30 5 13 -38 103 -73 152 -11 15 -23 39 -26 53 -4 15 -13 29 -21 32 -8 3 -14 14 -14 24 0 10 -4 22 -9 28 -5 5 -11 20 -13 33 -3 26 -12 31 -40 24z"
       id="path80" />
    <path
       d="M8266 1875 c-3 -9 9 -29 31 -50 35 -34 36 -37 30 -90 -6 -59 2 -72 39 -67 12 2 24 -4 27 -12 11 -27 27 -18 27 15 0 22 -9 40 -30 59 -30 28 -38 54 -20 65 14 9 2 25 -18 25 -9 0 -28 16 -41 35 -26 38 -36 43 -45 20z"
       id="path82" />
    <path
       d="M8220 1495 c-10 -19 -11 -28 -2 -37 9 -9 18 -7 39 9 35 25 36 47 2 51 -18 2 -29 -4 -39 -23z"
       id="path84" />
    <path
       d="M4023 1448 c-6 -7 -13 -21 -16 -30 -5 -14 -18 -18 -51 -18 -25 0 -48 -4 -51 -10 -10 -16 -68 -12 -94 7 -18 12 -28 13 -41 5 -9 -6 -48 -9 -88 -7 -69 4 -72 3 -96 -26 -15 -17 -26 -37 -26 -45 0 -15 43 -29 60 -19 22 14 94 16 117 4 18 -10 29 -10 49 0 14 6 35 9 46 5 11 -3 32 -1 46 4 15 6 41 13 58 16 29 5 32 2 38 -25 8 -40 29 -33 36 12 6 42 36 52 49 16 14 -37 23 -38 82 -18 42 15 57 17 68 8 8 -7 49 -12 95 -13 45 -1 101 -2 126 -4 60 -4 101 8 123 34 16 20 18 20 31 4 7 -10 17 -18 21 -18 5 0 16 -7 26 -16 25 -23 60 -11 82 26 31 52 21 59 -92 58 -56 -1 -104 1 -107 5 -4 3 -21 0 -40 -8 -28 -11 -33 -11 -38 1 -7 17 -83 9 -105 -12 -11 -10 -18 -10 -35 1 -32 21 -168 15 -193 -8 -26 -23 -33 -13 -26 39 5 42 5 44 -19 44 -14 0 -30 -6 -35 -12z"
       id="path86" />
    <path
       d="M7058 1403 c-69 -4 -78 -9 -56 -31 15 -15 50 -15 83 0 19 9 28 9 37 0 15 -15 58 -15 95 -1 22 8 25 12 13 19 -22 12 -95 17 -172 13z"
       id="path104" />
    <path
       d="M8356 1241 c-14 -5 -16 -10 -8 -15 7 -4 12 -19 12 -33 0 -16 7 -27 20 -30 13 -3 20 -14 20 -28 0 -18 7 -25 33 -30 46 -10 50 -15 31 -36 -13 -15 -15 -22 -6 -31 7 -7 12 -22 12 -34 0 -13 5 -26 11 -29 6 -4 8 -13 5 -20 -7 -19 5 -27 20 -14 8 6 20 9 28 6 12 -5 12 -12 4 -40 -9 -30 -8 -37 11 -56 11 -11 21 -28 21 -36 0 -20 10 -18 38 4 29 25 28 41 -2 41 -31 0 -40 14 -27 39 8 15 3 32 -24 82 -19 35 -39 75 -45 89 -24 60 -39 75 -67 72 -27 -2 -27 -1 -9 13 15 11 16 17 7 28 -6 8 -10 25 -9 38 3 20 -2 24 -27 26 -16 1 -39 -1 -49 -6z"
       id="path122" />
    <path
       d="M2168 1181 c-50 -62 -58 -76 -58 -93 0 -26 23 -32 58 -14 26 14 31 14 36 1 7 -19 40 -19 55 -2 6 8 14 28 17 45 5 24 3 33 -10 38 -10 4 -22 2 -29 -5 -18 -18 -27 -13 -27 18 0 42 -14 46 -42 12z"
       id="path124" />
    <path
       d="M1520 1160 c0 -34 -6 -37 -30 -15 -14 13 -19 11 -48 -16 -35 -33 -40 -50 -18 -68 10 -9 21 -9 42 0 16 6 63 12 104 13 74 1 75 1 78 28 3 22 -2 30 -22 38 -14 5 -26 15 -26 22 0 7 -7 2 -16 -10 -18 -27 -34 -20 -34 14 0 15 -6 24 -15 24 -10 0 -15 -10 -15 -30z"
       id="path126" />
    <path
       d="M2391 1143 c-50 -58 -50 -79 -1 -76 19 1 66 4 103 5 62 3 70 6 82 28 l13 25 7 -28 c7 -25 12 -28 44 -26 20 1 44 -2 54 -6 25 -10 44 10 49 51 4 38 -16 60 -41 45 -7 -4 -42 -7 -78 -5 -37 2 -73 -1 -82 -5 -9 -5 -22 -4 -33 3 -16 9 -22 8 -32 -7 -13 -16 -15 -15 -24 13 -6 16 -13 30 -16 30 -2 0 -23 -21 -45 -47z"
       id="path128" />
    <path
       d="M3231 1171 c-7 -12 -18 -17 -34 -14 -17 3 -28 -2 -41 -21 -9 -14 -24 -26 -33 -26 -13 0 -14 3 -5 12 28 28 -7 46 -44 22 -26 -17 -35 -73 -11 -75 43 -3 118 0 125 5 5 3 12 19 16 36 7 38 26 30 26 -11 0 -22 5 -29 19 -29 10 0 24 7 31 15 12 14 15 13 32 -5 15 -16 23 -18 39 -9 12 6 25 7 32 1 7 -5 38 -8 71 -7 61 1 86 18 86 56 0 55 -26 63 -60 19 -13 -16 -32 -30 -43 -30 -19 0 -19 1 -3 19 14 15 14 19 3 24 -8 3 -19 1 -25 -5 -6 -6 -16 -5 -30 3 -16 10 -26 10 -48 0 -24 -11 -30 -9 -54 14 -31 30 -36 31 -49 6z"
       id="path130" />
    <path
       d="M1911 1148 c-20 -21 -31 -42 -31 -61 l0 -28 73 7 c46 5 76 12 83 22 10 14 12 13 18 -6 15 -47 50 -10 41 41 -7 34 -8 35 -48 32 -23 -1 -49 -6 -58 -9 -11 -5 -18 -1 -22 13 -7 29 -19 26 -56 -11z"
       id="path132" />
    <path
       d="M2859 1153 c-8 -16 -23 -36 -34 -45 -29 -24 -11 -35 67 -41 76 -5 82 -1 92 56 6 34 5 37 -15 37 -12 0 -30 -7 -40 -15 -15 -15 -17 -14 -23 10 -8 33 -29 32 -47 -2z"
       id="path134" />
    <path
       d="M4585 1170 c-3 -5 -19 -10 -35 -10 -32 0 -73 -42 -68 -69 4 -19 54 -27 73 -11 10 8 15 8 20 0 4 -7 16 -9 28 -6 11 3 27 1 36 -3 22 -12 61 5 61 26 0 10 7 26 15 36 27 37 -4 60 -45 35 -15 -10 -22 -10 -32 0 -15 15 -44 16 -53 2z"
       id="path136" />
    <path
       d="M3631 1144 c-23 -29 -28 -69 -10 -79 18 -12 59 4 59 23 0 10 7 27 15 39 14 20 14 23 -4 33 -29 15 -37 13 -60 -16z"
       id="path138" />
    <path
       d="M3788 1159 c-21 -12 -25 -68 -5 -73 6 -2 36 -8 66 -13 51 -10 56 -9 78 14 15 14 23 32 21 46 -3 19 -9 22 -55 22 -28 0 -55 3 -59 8 -10 10 -25 8 -46 -4z"
       id="path140" />
    <path
       d="M4028 1135 c-10 -16 -18 -35 -18 -42 0 -17 38 -36 52 -27 7 4 27 7 44 6 33 -3 114 33 114 49 0 5 7 9 15 9 11 0 14 -9 13 -32 -4 -41 21 -49 53 -17 19 19 23 20 31 5 5 -9 20 -16 33 -16 19 0 28 9 40 37 15 34 15 39 -1 50 -11 8 -24 9 -42 2 -14 -5 -33 -7 -41 -3 -9 4 -74 8 -145 8 l-129 1 -19 -30z"
       id="path142" />
    <path
       d="M374 1147 c-5 -13 -102 -16 -122 -3 -13 8 -82 -51 -82 -70 0 -33 65 -38 102 -7 14 13 22 12 62 -1 53 -18 76 -20 76 -7 0 20 41 23 62 5 23 -22 74 -20 100 3 10 9 26 13 39 10 15 -4 27 1 40 16 l17 22 11 -27 c10 -27 38 -37 55 -20 15 14 100 10 118 -5 22 -20 48 -10 49 19 l0 23 11 -22 c15 -30 43 -35 73 -11 34 27 32 81 -3 86 -13 2 -25 -3 -28 -12 -8 -21 -30 -20 -38 0 -6 15 -9 15 -24 2 -9 -8 -29 -19 -44 -25 -22 -10 -29 -9 -44 8 -10 11 -25 17 -35 14 -36 -12 -145 -8 -167 6 -20 12 -24 12 -33 -3 -6 -10 -16 -18 -24 -18 -7 0 -16 -13 -20 -30 -4 -16 -11 -30 -16 -30 -12 0 -12 47 1 55 6 3 10 13 10 21 0 20 -49 18 -73 -3 -18 -17 -19 -17 -32 0 -14 20 -34 22 -41 4z"
       id="path144" />
    <path
       d="M1101 1128 c-36 -38 -37 -47 -13 -70 9 -9 23 -24 30 -33 11 -12 17 -13 28 -4 8 6 14 17 14 24 0 15 81 28 116 19 35 -9 64 20 64 63 0 36 -13 42 -45 20 -28 -19 -120 -20 -135 -1 -18 20 -25 18 -59 -18z"
       id="path146" />
    <path
       d="M1752 1140 c-9 -15 -19 -19 -37 -14 -37 9 -53 -1 -48 -29 4 -22 12 -26 56 -32 59 -9 77 6 77 62 0 39 -27 46 -48 13z"
       id="path148" />
    <path
       d="M36 1121 c-10 -11 -16 -31 -14 -48 2 -22 9 -29 31 -31 19 -2 29 2 33 15 3 10 10 28 16 40 6 11 7 26 4 32 -11 17 -51 13 -70 -8z"
       id="path150" />
    <path
       d="M6910 1060 l-125 -5 145 -7 c172 -9 295 -9 330 1 19 6 10 9 -39 14 -66 7 -95 7 -311 -3z"
       id="path154" />
    <path
       d="M5156 1031 c-8 -13 50 -18 129 -12 l70 6 -70 8 c-92 9 -123 9 -129 -2z"
       id="path156" />
    <path
       d="M2722 947 c-12 -13 -22 -34 -23 -48 0 -13 -4 -33 -8 -44 -9 -23 -3 -55 10 -55 6 0 11 6 13 13 16 52 17 53 27 35 13 -24 34 -23 59 2 l21 21 18 -22 c17 -21 19 -22 63 -6 39 13 49 13 66 2 10 -8 38 -13 61 -12 40 1 54 11 29 19 -7 3 -11 18 -10 38 l3 33 -76 -5 c-79 -5 -105 4 -105 38 0 8 -7 14 -15 14 -8 0 -15 -9 -15 -20 0 -21 -4 -24 -52 -34 -26 -6 -27 -5 -22 24 8 37 -13 41 -44 7z"
       id="path158" />
    <path
       d="M4042 961 c-17 -10 -12 -93 5 -98 7 -3 17 13 23 38 13 46 -2 76 -28 60z"
       id="path160" />
    <path
       d="M4127 954 c-26 -14 -28 -19 -25 -67 3 -57 20 -70 63 -47 17 9 28 9 43 1 39 -21 57 -13 81 34 21 43 22 47 7 70 -20 30 -39 32 -66 5 -11 -11 -24 -20 -29 -20 -5 0 -13 9 -16 20 -8 24 -20 25 -58 4z m43 -51 c0 -26 -16 -47 -29 -39 -12 8 -15 39 -4 49 13 13 33 7 33 -10z"
       id="path162" />
    <path
       d="M1453 941 c-13 -11 -27 -31 -33 -45 -5 -14 -16 -26 -25 -26 -20 0 -19 -36 1 -44 9 -4 32 -4 50 0 22 4 40 2 49 -6 9 -7 17 -11 19 -9 13 15 36 72 36 89 0 18 -4 21 -28 15 -23 -5 -29 -2 -37 19 -10 25 -10 25 -32 7z"
       id="path164" />
    <path
       d="M1650 922 c-13 -20 -32 -45 -43 -55 -14 -15 -15 -22 -6 -33 15 -18 39 -18 66 1 18 13 22 13 33 0 16 -19 30 -19 30 -1 0 20 18 30 33 17 7 -5 23 -8 35 -4 14 3 30 -1 40 -10 17 -15 78 -16 113 -2 11 4 18 0 22 -15 8 -29 41 -22 45 9 3 20 0 23 -17 18 -19 -5 -21 -1 -21 35 0 40 0 40 -31 34 -18 -3 -38 -1 -45 5 -9 7 -21 6 -43 -5 -20 -11 -32 -13 -37 -5 -3 6 -16 8 -28 6 -84 -20 -83 -20 -94 12 -6 17 -15 31 -19 31 -4 0 -19 -17 -33 -38z"
       id="path166" />
    <path
       d="M3848 953 c-9 -2 -20 -13 -23 -24 -4 -11 -16 -28 -27 -38 -29 -28 -20 -57 17 -53 53 4 60 4 81 -3 17 -5 25 1 43 31 28 47 21 68 -18 59 -24 -5 -30 -2 -36 14 -3 12 -9 20 -13 20 -4 -1 -15 -3 -24 -6z"
       id="path168" />
    <path
       d="M506 908 c-53 -62 -44 -119 14 -88 18 9 28 9 46 -1 13 -7 25 -10 26 -8 19 30 38 73 38 84 0 16 -27 28 -35 15 -11 -17 -35 -11 -35 9 0 35 -16 31 -54 -11z"
       id="path170" />
    <path
       d="M2215 932 c-16 -9 -50 -16 -75 -16 -44 -1 -45 -2 -54 -39 -13 -52 -3 -58 69 -45 72 12 154 12 170 -2 7 -6 35 -7 70 -2 52 6 60 10 66 32 l6 25 4 -25 c3 -17 10 -25 24 -25 17 0 20 7 20 40 l0 40 -47 2 c-27 1 -48 -2 -48 -7 0 -11 -29 -40 -41 -40 -5 0 -9 9 -9 19 0 28 -18 36 -39 17 -10 -9 -25 -16 -35 -16 -14 0 -16 6 -11 30 6 27 4 30 -17 29 -13 -1 -36 -8 -53 -17z"
       id="path172" />
    <path
       d="M3159 923 c-6 -16 -13 -43 -16 -60 -4 -26 -2 -33 10 -33 9 0 21 9 27 20 13 24 37 26 61 4 10 -9 38 -16 65 -17 l48 -2 9 48 c5 26 7 50 4 53 -9 10 -45 -15 -52 -36 -10 -30 -25 -24 -25 9 0 39 -13 46 -46 24 -25 -16 -27 -16 -39 0 -18 25 -34 21 -46 -10z"
       id="path174" />
    <path
       d="M92 924 c-12 -8 -22 -22 -22 -30 0 -8 -11 -19 -25 -24 -27 -10 -33 -38 -13 -58 14 -14 48 -16 48 -2 0 5 9 14 21 21 17 9 23 7 36 -11 l15 -21 22 20 c36 34 77 37 105 7 19 -20 27 -23 38 -15 7 6 13 19 14 28 1 9 4 5 8 -9 8 -29 42 -38 60 -16 7 8 11 32 9 53 l-3 38 -70 0 c-38 0 -75 4 -82 8 -7 5 -16 -1 -23 -14 -11 -19 -13 -20 -30 -4 -20 18 -40 13 -40 -10 0 -11 -20 -25 -36 -25 -2 0 -1 18 2 40 7 43 0 48 -34 24z"
       id="path176" />
    <path
       d="M1160 920 c-8 -5 -23 -7 -33 -4 -10 3 -24 0 -32 -6 -11 -9 -23 -9 -44 -2 -22 8 -32 7 -44 -5 -13 -13 -17 -13 -38 0 -19 12 -36 13 -74 7 -27 -5 -60 -6 -73 -3 -14 3 -30 -1 -41 -11 -18 -16 -20 -16 -35 6 -22 31 -48 15 -61 -39 -5 -22 -16 -48 -24 -57 -10 -12 -11 -20 -3 -28 20 -20 60 -11 92 21 23 22 41 31 65 31 22 0 37 7 46 21 19 28 54 16 44 -15 -19 -62 -19 -66 11 -66 18 0 40 11 61 32 27 26 41 32 85 34 29 1 75 -3 101 -9 35 -8 56 -8 79 1 27 10 31 9 35 -8 6 -21 37 -27 48 -10 3 5 -3 18 -15 30 -11 11 -20 33 -20 50 0 23 -5 30 -19 30 -20 0 -51 -25 -51 -41 0 -5 -7 -9 -16 -9 -10 0 -13 6 -9 19 7 23 -15 43 -35 31z"
       id="path178" />
    <path
       d="M3455 921 c-26 -5 -30 -11 -33 -42 l-3 -36 61 1 c34 1 64 -2 67 -6 7 -12 49 -10 78 4 19 9 31 8 49 -1 43 -23 61 -11 61 39 0 39 -3 45 -20 42 -11 -1 -43 -3 -71 -3 -28 -1 -61 -7 -74 -14 -19 -10 -26 -9 -41 6 -20 20 -25 21 -74 10z"
       id="path180" />
    <path
       d="M4430 922 c-52 -4 -90 -33 -90 -69 0 -19 5 -23 29 -23 17 0 32 4 35 9 3 5 26 12 51 15 34 6 49 4 61 -8 18 -18 33 -20 54 -6 13 9 13 11 0 19 -8 6 -11 13 -8 17 4 3 17 -5 30 -20 17 -19 34 -26 67 -28 51 -3 66 15 27 33 -20 10 -24 17 -20 36 4 12 2 24 -2 24 -20 3 -192 4 -234 1z"
       id="path182" />
    <path
       d="M2582 908 c-7 -7 -12 -27 -12 -45 0 -28 3 -33 25 -33 27 0 45 25 45 64 0 20 -5 26 -23 26 -13 0 -28 -5 -35 -12z"
       id="path184" />
    <path
       d="M5480 802 c0 -24 -19 -42 -36 -35 -8 3 -14 3 -14 0 0 -13 24 -57 31 -57 4 0 13 -16 19 -36 24 -70 40 -9 25 94 -7 49 -25 73 -25 34z"
       id="path186" />
    <path
       d="M6344 745 c-8 -20 4 -35 26 -35 25 0 35 17 20 35 -16 19 -39 19 -46 0z"
       id="path188" />
    <path
       d="M6440 740 c0 -26 21 -34 67 -25 l37 7 -43 19 c-54 24 -61 24 -61 -1z"
       id="path190" />
    <path
       d="M4595 740 c-33 -13 -47 -37 -47 -80 1 -49 -15 -53 -24 -5 -7 41 -19 51 -39 35 -9 -8 -29 -9 -54 -5 -39 6 -41 5 -55 -29 -17 -41 -33 -45 -67 -17 -23 19 -23 20 -5 39 10 12 30 22 45 24 36 4 34 32 -2 36 -16 2 -36 -3 -45 -11 -10 -8 -25 -17 -34 -20 -26 -9 -24 -78 2 -102 24 -21 37 -21 197 1 39 6 44 4 53 -20 5 -14 14 -26 19 -26 13 0 31 33 31 55 0 9 16 36 36 61 46 56 41 86 -11 64z"
       id="path192" />
    <path
       d="M6238 743 c-40 -6 -54 -28 -38 -59 l14 -25 13 26 c11 21 17 23 33 15 15 -8 21 -6 30 10 6 11 8 25 5 30 -6 10 -9 10 -57 3z"
       id="path194" />
    <path
       d="M4100 719 c-15 -27 -6 -49 20 -49 11 0 23 6 26 14 6 17 -12 56 -26 56 -5 0 -14 -9 -20 -21z"
       id="path196" />
    <path
       d="M5816 732 c-9 -15 -76 -22 -95 -10 -13 8 -27 8 -50 0 -17 -6 -38 -9 -45 -6 -19 7 -32 -16 -15 -27 7 -4 44 -6 82 -3 39 2 77 0 88 -7 13 -7 24 -7 32 -1 7 6 63 9 124 9 111 -1 144 7 129 32 -8 12 -68 15 -79 4 -12 -11 -135 -7 -151 6 -8 7 -17 8 -20 3z"
       id="path198" />
    <path
       d="M8960 725 c-11 -13 -8 -15 14 -15 16 0 26 5 26 15 0 8 -6 15 -14 15 -7 0 -19 -7 -26 -15z"
       id="path200" />
    <path
       d="M2333 713 c-3 -10 -19 -33 -35 -51 -36 -42 -35 -78 2 -74 14 2 45 4 70 5 39 2 45 5 48 25 4 29 25 24 32 -8 5 -20 13 -25 48 -27 46 -3 65 15 43 41 -13 15 -5 26 21 26 21 0 23 -11 6 -28 -8 -8 -8 -15 1 -26 11 -13 17 -14 39 -2 23 12 29 12 50 -2 23 -15 25 -15 37 2 12 16 16 16 43 2 33 -17 52 -7 53 29 0 19 0 19 9 -1 14 -35 27 -36 39 -3 12 36 36 34 36 -2 0 -23 3 -24 65 -25 36 -1 73 -5 83 -9 25 -11 47 12 47 51 0 30 -4 34 -40 45 -33 10 -43 9 -64 -5 -31 -20 -36 -20 -36 -2 0 25 -24 37 -46 22 -27 -19 -59 -25 -76 -15 -9 5 -29 4 -49 -3 -30 -10 -34 -9 -57 17 -19 23 -26 25 -33 14 -5 -8 -9 -22 -9 -31 0 -22 -19 -33 -25 -16 -7 17 -104 21 -123 5 -9 -7 -16 -7 -24 1 -16 16 -91 15 -106 0 -9 -9 -13 -4 -18 20 -8 39 -22 50 -31 25z"
       id="path202" />
    <path
       d="M3530 691 c-22 -23 -40 -51 -40 -61 0 -17 5 -19 45 -13 36 4 46 2 51 -11 3 -9 17 -16 30 -16 13 0 33 -6 44 -12 26 -16 46 -4 74 44 26 46 14 73 -30 73 -24 0 -30 -5 -35 -30 -5 -22 -7 -24 -8 -8 0 12 -6 25 -11 28 -15 9 -40 -14 -40 -36 0 -39 -17 -17 -18 23 -3 64 -16 68 -62 19z"
       id="path204" />
    <path
       d="M6107 713 c-15 -15 -5 -23 27 -23 19 0 37 4 40 9 10 16 -52 29 -67 14z"
       id="path206" />
    <path
       d="M185 674 c-8 -20 -15 -52 -15 -70 l0 -33 83 6 c49 3 89 11 99 20 14 13 17 12 27 -4 8 -15 13 -16 29 -6 16 9 23 8 36 -5 16 -15 18 -16 29 -1 7 9 24 19 39 22 33 9 81 58 69 70 -5 5 -36 4 -72 -3 -35 -6 -79 -14 -97 -17 -23 -4 -39 0 -52 12 -22 20 -40 12 -40 -16 0 -36 -41 -20 -55 21 -9 27 -18 36 -38 38 -22 3 -29 -3 -42 -34z"
       id="path208" />
    <path
       d="M1668 686 c-10 -7 -18 -21 -18 -30 0 -23 -27 -20 -40 4 -12 22 -40 26 -58 8 -9 -9 -15 -9 -24 0 -17 17 -38 15 -61 -5 -18 -17 -19 -17 -33 2 -13 17 -18 18 -59 7 -57 -15 -87 -15 -138 0 -33 10 -41 10 -51 -4 -8 -11 -15 -13 -28 -4 -13 8 -21 7 -29 -1 -10 -10 -15 -9 -24 4 -9 12 -18 14 -41 6 -21 -7 -35 -6 -55 5 -39 23 -55 11 -63 -47 -4 -28 -9 -58 -12 -66 -4 -9 0 -15 10 -15 15 0 26 9 50 45 14 19 15 19 33 2 24 -21 42 -22 49 -2 8 20 24 19 24 0 0 -12 9 -15 37 -13 30 2 39 -1 48 -20 19 -36 24 -37 36 -3 11 30 14 32 48 26 28 -5 41 -2 51 9 7 9 21 16 31 16 12 0 19 7 19 20 0 11 5 20 11 20 6 0 10 -10 9 -22 -4 -45 -1 -48 49 -48 28 0 53 5 56 10 4 6 31 8 73 4 176 -18 222 -5 222 59 0 28 -2 29 -40 25 -26 -2 -41 1 -44 9 -7 16 -16 16 -38 -1z"
       id="path210" />
    <path
       d="M3135 681 c-3 -12 -3 -26 0 -32 4 -5 -1 -19 -10 -29 -22 -24 -16 -54 13 -58 16 -2 25 4 34 23 8 18 16 24 27 18 9 -4 36 -7 60 -7 34 0 47 4 59 22 19 29 32 28 32 -2 0 -16 7 -26 21 -29 29 -8 69 33 69 71 0 29 0 29 -60 28 -32 -1 -62 -5 -66 -8 -3 -4 -15 -2 -25 5 -15 9 -22 8 -39 -11 -26 -28 -33 -28 -45 1 -14 30 -61 36 -70 8z"
       id="path212" />
    <path
       d="M4022 678 c-22 -22 -24 -22 -37 -5 -11 15 -19 17 -48 9 -20 -6 -40 -6 -48 -1 -35 22 -119 0 -119 -32 0 -9 -7 -19 -15 -23 -8 -3 -15 -11 -15 -17 0 -16 72 -2 86 17 16 20 32 17 39 -7 5 -16 12 -19 31 -15 13 4 45 1 71 -4 62 -14 88 -7 103 29 24 60 -6 91 -48 49z"
       id="path214" />
    <path
       d="M4643 684 c-30 -13 -31 -16 -23 -46 6 -17 14 -36 19 -41 14 -14 61 1 61 18 0 9 5 24 12 34 14 23 4 51 -19 50 -10 0 -32 -7 -50 -15z"
       id="path216" />
    <path
       d="M1872 677 c-12 -5 -26 -24 -30 -41 -8 -31 -8 -31 32 -34 23 -1 51 -8 63 -14 17 -9 27 -7 47 5 25 17 78 14 102 -4 6 -5 25 -6 43 -3 19 4 37 2 46 -6 22 -18 33 -3 37 50 l3 45 -40 3 c-21 2 -58 -2 -81 -8 -33 -10 -50 -9 -77 1 -26 9 -42 10 -59 2 -17 -7 -29 -7 -43 2 -15 10 -26 10 -43 2z"
       id="path218" />
    <path
       d="M80 671 c0 -6 -13 -17 -30 -26 -33 -17 -42 -61 -15 -71 27 -11 64 5 70 29 12 51 10 71 -7 75 -10 2 -18 -1 -18 -7z"
       id="path220" />
    <path
       d="M690 665 c-14 -8 -35 -14 -47 -15 -19 0 -23 -5 -23 -34 0 -40 12 -52 30 -31 10 12 15 12 37 -2 24 -16 26 -16 40 3 21 29 27 62 13 79 -15 18 -18 18 -50 0z"
       id="path222" />
    <path
       d="M770 660 c-18 -33 -3 -63 28 -57 14 3 36 1 48 -3 29 -11 47 9 42 47 -3 26 -6 28 -55 31 -44 3 -53 0 -63 -18z"
       id="path224" />
    <path
       d="M5290 655 c-19 -20 -21 -27 -10 -40 21 -26 50 -19 50 13 0 46 -13 55 -40 27z"
       id="path226" />
    <path
       d="M5394 656 c-7 -30 9 -56 37 -56 27 0 24 32 -5 60 l-25 23 -7 -27z"
       id="path228" />
    <path
       d="M8850 658 c-24 -26 -18 -35 13 -21 12 6 30 14 40 17 26 8 21 26 -8 26 -13 0 -33 -10 -45 -22z"
       id="path230" />
    <path
       d="M6561 634 c-13 -30 -9 -39 14 -31 15 7 22 57 7 57 -5 0 -14 -12 -21 -26z"
       id="path232" />
    <path
       d="M4163 623 c-21 -7 -15 -33 7 -33 11 0 20 6 20 14 0 18 -11 25 -27 19z"
       id="path234" />
    <path
       d="M6199 610 c-14 -21 -18 -23 -33 -11 -21 18 -46 7 -46 -20 0 -20 3 -21 55 -16 42 4 57 2 63 -9 7 -12 13 -10 36 11 22 21 26 29 17 38 -10 9 -15 8 -25 -5 -18 -25 -31 -22 -42 9 l-9 27 -16 -24z"
       id="path236" />
    <path
       d="M6321 616 c-13 -15 1 -56 18 -56 15 0 21 31 11 51 -13 23 -14 23 -29 5z"
       id="path238" />
    <path
       d="M5666 594 c-10 -26 0 -31 83 -37 93 -6 110 -13 84 -33 -10 -7 -13 -14 -6 -14 6 0 20 12 31 27 l19 27 45 -17 c51 -20 80 -21 95 -6 9 9 24 6 58 -10 26 -12 49 -20 51 -18 9 9 -9 36 -26 42 -11 3 -21 14 -24 23 -5 14 -18 17 -87 15 -45 -1 -88 -4 -96 -8 -9 -3 -21 -1 -27 3 -6 5 -25 12 -43 15 -23 5 -33 2 -37 -9 -5 -13 -15 -14 -49 -9 -23 4 -47 11 -53 16 -8 6 -14 4 -18 -7z"
       id="path240" />
    <path
       d="M6455 599 c-11 -4 -32 -8 -47 -8 -24 -1 -28 -5 -28 -31 0 -35 3 -37 30 -10 11 11 33 20 50 20 19 0 30 5 30 14 0 20 -11 25 -35 15z"
       id="path242" />
    <path
       d="M5567 578 c-21 -6 -41 -17 -44 -25 -7 -19 4 -28 19 -15 7 6 29 12 48 14 22 2 35 8 35 17 0 19 -12 21 -58 9z"
       id="path244" />
    <path
       d="M335 560 c-9 -15 4 -30 26 -30 12 0 19 7 19 20 0 21 -33 29 -45 10z"
       id="path246" />
    <path
       d="M5403 553 c-16 -6 -17 -49 -2 -58 12 -8 49 22 49 40 0 10 -25 28 -33 24 -1 0 -8 -3 -14 -6z"
       id="path248" />
    <path
       d="M5277 543 c-15 -14 -6 -41 15 -47 29 -7 42 6 33 33 -6 20 -34 28 -48 14z"
       id="path250" />
    <path
       d="M4662 473 c2 -23 -1 -28 -17 -26 -40 4 -91 3 -153 -3 -45 -5 -71 -3 -89 7 -23 12 -27 11 -49 -14 -29 -34 -30 -43 -4 -84 25 -42 50 -44 50 -4 0 35 15 48 28 25 8 -14 14 -15 42 -6 22 8 38 8 51 2 14 -8 20 -6 29 10 9 17 14 18 32 7 16 -9 22 -9 25 1 7 17 43 15 43 -3 0 -23 13 -18 49 19 24 25 32 41 29 62 -3 25 -8 29 -36 32 -32 3 -33 2 -30 -25z"
       id="path252" />
    <path
       d="M1697 473 c-15 -8 -34 -27 -42 -42 -12 -25 -12 -31 2 -52 9 -13 22 -27 27 -31 19 -13 66 -9 72 7 7 17 31 20 36 5 7 -22 50 -15 70 11 30 39 17 69 -29 69 -26 0 -40 7 -55 25 -22 28 -40 30 -81 8z m61 -49 c4 -25 -22 -49 -43 -40 -15 5 -21 47 -8 60 14 14 48 1 51 -20z"
       id="path254" />
    <path
       d="M2782 444 c-44 -47 -52 -73 -28 -93 11 -9 20 -10 36 -1 11 6 35 8 54 5 37 -7 97 18 131 55 16 18 17 23 5 30 -20 13 -47 12 -55 0 -4 -6 -12 -7 -18 -3 -6 4 -24 6 -39 5 -22 -2 -28 2 -28 17 0 35 -15 31 -58 -15z"
       id="path256" />
    <path
       d="M3080 478 c0 -7 -13 -28 -30 -46 -36 -40 -41 -82 -8 -82 12 0 29 7 39 16 16 14 18 14 29 -5 16 -30 27 -26 50 20 27 52 21 73 -19 64 -25 -5 -30 -3 -33 16 -3 24 -28 39 -28 17z"
       id="path258" />
    <path
       d="M3378 468 c-2 -15 -10 -23 -23 -24 -11 -1 -41 -2 -67 -3 -53 -1 -74 -24 -64 -67 5 -20 12 -24 47 -24 22 0 53 7 70 15 26 14 30 14 35 0 8 -20 23 -19 46 2 17 15 19 15 36 0 25 -23 31 -21 43 11 10 25 12 26 19 7 5 -11 11 -28 14 -38 4 -14 10 -16 23 -8 10 5 34 11 53 15 40 6 72 40 68 70 -2 17 -9 20 -33 18 -42 -3 -51 -3 -133 -1 -70 2 -102 14 -102 40 0 20 -29 8 -32 -13z m212 -66 c0 -13 -12 -22 -22 -16 -10 6 -1 24 13 24 5 0 9 -4 9 -8z"
       id="path260" />
    <path
       d="M4241 459 c-31 -42 -39 -94 -15 -103 22 -8 36 7 57 61 28 71 0 99 -42 42z"
       id="path262" />
    <path
       d="M1434 453 c-13 -21 -99 -26 -136 -7 -25 13 -29 12 -58 -13 -26 -21 -33 -24 -40 -12 -6 8 -32 15 -72 17 -35 2 -74 4 -88 5 -19 2 -25 -3 -25 -18 0 -12 9 -22 25 -26 24 -7 24 -7 2 -8 -26 -1 -40 -27 -24 -43 8 -8 23 -7 53 5 39 15 43 15 54 0 8 -11 18 -14 31 -9 10 5 47 10 82 11 35 2 69 8 76 15 11 8 16 4 25 -21 10 -30 12 -31 29 -16 10 10 34 17 53 17 19 0 40 5 46 11 8 8 13 8 17 0 9 -13 73 -15 81 -2 3 5 1 12 -5 16 -5 3 -7 18 -4 32 8 28 -10 46 -38 37 -10 -3 -28 2 -40 10 -28 20 -31 20 -44 -1z m-24 -52 c0 -6 -5 -13 -10 -16 -14 -9 -52 4 -45 16 8 12 55 12 55 0z"
       id="path264" />
    <path
       d="M1955 448 c-29 -15 -45 -39 -45 -65 0 -24 29 -46 46 -35 13 8 34 67 34 93 0 22 -7 23 -35 7z"
       id="path266" />
    <path
       d="M704 435 c-3 -8 -2 -20 3 -27 4 -7 8 -24 8 -37 0 -24 2 -24 65 -22 38 2 71 8 81 17 13 12 18 11 38 -2 26 -19 53 -11 49 13 -1 10 1 24 5 31 17 27 -5 34 -104 31 -54 -2 -102 0 -105 4 -12 12 -34 8 -40 -8z"
       id="path268" />
    <path
       d="M2078 443 c-33 -5 -50 -25 -46 -55 3 -20 8 -22 43 -20 22 2 57 -4 78 -13 39 -16 72 -9 90 21 13 22 36 16 49 -11 12 -26 17 -29 42 -19 11 4 16 19 16 51 l0 45 -92 -3 c-51 -1 -106 0 -123 3 -16 3 -42 3 -57 1z"
       id="path270" />
    <path
       d="M2538 445 c-3 -3 -36 -7 -74 -9 l-69 -3 -3 -42 c-3 -38 -1 -41 23 -41 14 0 44 9 66 21 32 16 44 18 55 8 8 -6 23 -9 34 -6 10 3 24 -1 31 -9 31 -37 99 -1 99 53 0 29 -17 38 -45 23 -18 -10 -31 -10 -56 -1 -35 12 -53 14 -61 6z"
       id="path272" />
    <path
       d="M3763 438 c-2 -5 -13 -8 -24 -8 -23 0 -26 -35 -7 -87 15 -42 45 -44 59 -4 l10 30 75 -4 c68 -4 74 -3 74 15 0 10 5 22 11 25 5 4 9 14 7 23 -3 14 -19 16 -102 17 -54 0 -100 -3 -103 -7z"
       id="path274" />
    <path
       d="M4013 433 c-11 -27 2 -58 24 -58 11 0 25 -3 29 -7 12 -13 52 -9 56 4 4 10 10 10 32 0 15 -7 32 -9 38 -6 11 7 2 53 -13 69 -14 14 -160 13 -166 -2z"
       id="path276" />
    <path
       d="M60 423 c-31 -21 -40 -33 -40 -55 0 -21 45 -35 63 -20 7 6 22 9 34 6 12 -3 31 -1 43 6 16 9 25 9 36 -1 20 -16 32 -3 36 41 3 33 1 35 -31 38 -19 2 -45 -2 -58 -9 -18 -10 -26 -10 -35 -1 -16 16 -19 15 -48 -5z"
       id="path278" />
    <path
       d="M298 415 c-33 -28 -34 -38 -9 -62 10 -10 21 -27 23 -38 5 -30 32 -25 36 7 3 24 8 26 55 30 29 3 59 1 68 -4 11 -5 21 -2 29 7 7 8 17 12 22 9 19 -12 113 -12 120 -1 4 7 8 27 8 45 0 31 -1 32 -43 32 -24 0 -48 -5 -54 -11 -8 -8 -13 -8 -17 0 -11 16 -47 13 -68 -6 -13 -12 -22 -13 -29 -6 -7 7 -22 8 -39 3 -21 -6 -32 -4 -41 6 -16 20 -30 17 -61 -11z"
       id="path280" />
    <path
       d="M6692 247 c-6 -7 -12 -37 -14 -67 l-3 -55 30 2 c17 1 51 4 78 7 35 3 47 0 47 -10 0 -21 18 -17 30 7 8 15 15 17 24 10 15 -13 83 -3 114 17 23 15 28 37 13 61 -8 12 -12 12 -25 2 -9 -7 -25 -11 -36 -8 -11 3 -33 0 -49 -6 -22 -8 -36 -8 -57 1 -22 11 -29 10 -44 -3 -25 -23 -38 -18 -54 20 -15 36 -36 44 -54 22z"
       id="path282" />
    <path
       d="M5981 237 c-6 -8 -12 -39 -14 -68 -2 -49 0 -54 18 -50 11 2 44 5 73 8 28 3 52 9 52 14 0 5 7 9 15 9 8 0 15 -5 15 -11 0 -7 10 -9 26 -5 15 4 32 2 41 -6 12 -10 17 -9 24 5 6 9 20 17 32 17 28 0 47 18 47 42 0 15 -8 18 -49 18 -27 0 -62 -5 -77 -11 -21 -7 -34 -7 -51 2 -18 10 -27 9 -48 -5 -24 -16 -26 -16 -31 1 -15 50 -49 68 -73 40z"
       id="path284" />
    <path
       d="M6393 243 c-16 -6 -17 -39 -2 -49 6 -4 8 -20 5 -39 l-6 -32 50 2 c46 1 53 5 70 33 16 27 17 32 4 43 -11 9 -21 9 -39 1 -28 -13 -49 5 -39 32 6 16 -15 21 -43 9z"
       id="path286" />
    <path
       d="M5090 228 c0 -7 -14 -26 -30 -42 -45 -44 -40 -60 14 -52 27 4 47 3 51 -4 3 -5 15 -10 27 -10 11 0 22 -8 25 -20 7 -27 19 -25 51 7 21 21 35 27 60 25 22 -2 34 2 38 12 8 20 50 21 58 1 3 -9 18 -15 36 -15 17 0 40 -5 52 -11 31 -17 65 -3 76 31 6 16 17 30 25 30 8 0 21 8 30 18 13 14 14 21 5 30 -16 16 -35 15 -45 -1 -4 -8 -22 -20 -39 -29 -26 -12 -34 -13 -49 -2 -10 7 -22 11 -27 8 -22 -14 -164 -11 -192 4 -28 13 -31 13 -47 -6 -20 -25 -51 -20 -64 11 -11 24 -55 36 -55 15z"
       id="path288" />
    <path
       d="M5791 199 c-45 -55 -35 -73 40 -75 61 -2 89 15 89 53 0 20 -5 23 -34 23 -25 0 -35 5 -39 20 -7 29 -18 25 -56 -21z"
       id="path290" />
    <path
       d="M7202 228 c-7 -7 -12 -29 -12 -50 0 -45 19 -57 56 -38 18 10 27 11 36 2 12 -12 54 -7 101 10 22 9 31 7 47 -7 30 -27 46 -7 34 42 -8 36 -11 38 -44 35 -19 -2 -41 -9 -48 -14 -9 -8 -18 -6 -31 6 -15 14 -23 15 -45 5 -22 -10 -29 -9 -44 4 -22 20 -34 21 -50 5z"
       id="path292" />
    <path
       d="M7107 210 c-35 -28 -44 -58 -20 -75 28 -22 40 -18 52 16 13 38 14 79 2 79 -4 0 -20 -9 -34 -20z"
       id="path294" />
    <path
       d="M5672 197 c-24 -26 -28 -57 -10 -75 19 -19 26 -15 48 27 32 63 6 95 -38 48z"
       id="path296" />
    <path
       d="M6584 212 c-32 -21 -38 -74 -10 -85 18 -7 33 5 45 36 17 43 -3 71 -35 49z"
       id="path298" />
    <path
       d="M7006 145 c-10 -27 -7 -35 15 -35 15 0 20 5 17 22 -4 27 -23 35 -32 13z"
       id="path300" />
    <path
       d="M6110 95 c0 -8 7 -15 15 -15 8 0 15 7 15 15 0 8 -7 15 -15 15 -8 0 -15 -7 -15 -15z"
       id="path302" />
  </g>
  <text
     xml:space="preserve"
     style="font-size:34.221035px;font-style:normal;font-variant:normal;font-weight:normal;font-stretch:normal;text-align:start;line-height:125%;letter-spacing:0px;word-spacing:0px;text-anchor:start;fill:#000000;fill-opacity:1;stroke:none;font-family:Comic Sans MS;-inkscape-font-specification:Comic Sans MS"
     x="371.04755"
     y="41.690327"
     id="text4057"
     sodipodi:linespacing="125%"><tspan
       sodipodi:role="line"
       id="tspan4059"
       x="371.04755"
       y="41.690327"
       style="font-style:normal;font-variant:normal;font-weight:bold;font-stretch:normal;text-align:center;text-anchor:middle;font-family:Abyssinica SIL;-inkscape-font-specification:Abyssinica SIL">As dores de cabeça não mudaram.</tspan><tspan
       sodipodi:role="line"
       x="371.04755"
       y="84.466614"
       id="tspan4061"
       style="font-style:normal;font-variant:normal;font-weight:bold;font-stretch:normal;text-align:center;text-anchor:middle;font-family:Abyssinica SIL;-inkscape-font-specification:Abyssinica SIL">A solução também não.</tspan></text>
  <text
     xml:space="preserve"
     style="font-size:16.14225197px;font-style:normal;font-variant:normal;font-weight:normal;font-stretch:normal;text-align:start;line-height:125%;letter-spacing:0px;word-spacing:0px;text-anchor:start;fill:#000000;fill-opacity:1;stroke:none;font-family:Comic Sans MS;-inkscape-font-specification:Comic Sans MS"
     x="5.7119126"
     y="151.68117"
     id="text4063"
     sodipodi:linespacing="125%"><tspan
       sodipodi:role="line"
       id="tspan4065"
       x="5.7119126"
       y="151.68117"
       style="font-style:italic">Há mais de 100 anos Aspirina é um analgésico,</tspan></text>
</svg>
