<?xml version="1.0" standalone="no"?>
<!DOCTYPE svg PUBLIC "-//W3C//DTD SVG 20010904//EN"
 "http://www.w3.org/TR/2001/REC-SVG-20010904/DTD/svg10.dtd">
<svg version="1.0" xmlns="http://www.w3.org/2000/svg"
 width="900.000000pt" height="2325.000000pt" viewBox="0 0 900.000000 2325.000000"
 preserveAspectRatio="xMidYMid meet">
<metadata>
Created by potrace 1.10, written by Peter Selinger 2001-2011
</metadata>
<g transform="translate(0.000000,2325.000000) scale(0.100000,-0.100000)"
fill="#000000" stroke="none">
<path d="M4961 20693 c-22 -32 -61 -87 -86 -123 -25 -36 -68 -96 -95 -135 -28
-38 -77 -108 -108 -156 -68 -100 -105 -152 -112 -159 -3 -3 -9 -13 -15 -22
-17 -28 -197 -285 -247 -353 -27 -35 -48 -67 -48 -70 0 -2 -27 -42 -60 -87
-108 -150 -123 -171 -161 -227 -21 -31 -60 -87 -88 -126 -55 -78 -181 -258
-196 -283 -5 -9 -35 -51 -65 -93 -30 -43 -77 -110 -105 -149 -27 -39 -76 -107
-107 -151 -32 -43 -58 -83 -58 -88 0 -5 -6 -14 -14 -20 -7 -6 -35 -44 -62 -84
-26 -39 -54 -76 -61 -80 -7 -4 -13 -13 -13 -19 0 -5 -12 -27 -27 -47 -16 -20
-32 -43 -38 -52 -5 -9 -34 -50 -62 -90 -29 -41 -97 -137 -150 -215 -54 -77
-116 -167 -138 -199 -22 -31 -52 -72 -67 -90 -16 -18 -28 -36 -28 -40 0 -4
-13 -24 -30 -45 -16 -21 -30 -43 -30 -48 0 -6 -6 -15 -13 -19 -7 -4 -34 -39
-60 -78 -94 -138 -111 -161 -151 -214 -22 -29 -45 -62 -51 -72 -22 -40 -130
-196 -151 -219 -23 -25 -23 -28 -24 -304 -1 -153 2 -282 7 -287 5 -5 552 -10
1258 -11 l1250 -3 5 -785 5 -785 360 0 360 0 3 779 c2 609 5 782 15 788 6 4
184 8 393 8 339 0 383 2 388 16 3 9 6 143 6 299 0 224 -3 285 -13 294 -10 7
-135 12 -398 13 l-384 3 -5 1940 -5 1940 -241 3 -242 2 -41 -57z m-201 -2374
l0 -1459 -1035 0 c-959 0 -1035 1 -1035 17 0 9 7 23 15 32 9 9 42 54 75 101
32 47 66 93 74 103 9 9 16 22 16 27 0 6 5 10 10 10 6 0 15 10 20 23 12 26 29
53 50 78 8 9 40 54 70 98 30 45 78 114 107 154 29 39 62 86 73 102 12 17 49
69 83 117 34 47 78 109 97 138 19 28 43 61 54 73 19 23 104 146 121 176 10 17
61 87 127 173 15 20 28 40 28 43 0 4 14 24 30 45 17 21 30 43 30 48 0 6 6 15
14 19 7 4 25 26 39 48 52 78 118 170 137 191 11 12 20 25 20 29 0 3 19 32 43
63 24 31 52 72 62 90 11 17 23 32 27 32 5 0 13 10 18 23 6 12 43 68 82 123 40
56 105 148 145 205 39 57 83 120 98 139 80 107 125 170 125 175 0 4 19 32 43
63 50 66 70 95 98 139 12 18 25 30 30 27 5 -3 9 -608 9 -1465z"/>
<path d="M1431 11420 c-19 -5 -53 -27 -79 -53 l-45 -46 0 -74 c1 -67 4 -80 29
-112 15 -20 44 -45 65 -56 38 -19 89 -19 2803 -19 l2765 0 41 21 c23 12 54 40
68 62 22 34 27 51 26 104 0 41 -6 69 -16 80 -8 10 -18 26 -21 36 -4 9 -17 21
-31 27 -13 5 -26 15 -28 22 -4 11 -496 13 -2774 15 -1523 0 -2784 -3 -2803 -7z"/>
<path d="M5750 8041 c-8 -5 -73 -11 -145 -14 -71 -3 -143 -10 -160 -16 -16 -5
-61 -15 -100 -20 -38 -6 -88 -15 -110 -20 -83 -18 -141 -33 -170 -43 -16 -5
-43 -13 -60 -18 -48 -13 -98 -31 -128 -46 -16 -8 -37 -14 -48 -14 -10 0 -48
-13 -82 -30 -35 -16 -68 -30 -73 -30 -5 0 -38 -14 -74 -31 -117 -56 -168 -84
-244 -133 -33 -21 -67 -41 -75 -44 -18 -7 -128 -84 -152 -107 -9 -8 -19 -15
-23 -15 -5 0 -22 -11 -40 -25 -17 -14 -65 -53 -106 -85 -173 -137 -223 -182
-391 -349 -96 -97 -221 -233 -277 -303 -55 -71 -106 -134 -111 -140 -67 -83
-84 -108 -98 -138 -4 -8 -27 -44 -51 -80 -77 -113 -126 -199 -221 -395 -107
-218 -112 -230 -140 -307 -11 -32 -25 -66 -30 -75 -21 -41 -44 -112 -81 -248
-30 -112 -50 -185 -61 -221 -5 -18 -14 -60 -19 -95 -5 -35 -17 -107 -25 -159
-40 -244 -50 -710 -20 -930 3 -19 9 -71 14 -115 6 -44 15 -100 21 -125 24 -96
43 -167 56 -212 8 -26 14 -55 14 -65 0 -10 7 -27 15 -37 8 -11 15 -32 15 -46
0 -14 7 -35 15 -46 8 -10 15 -29 15 -41 0 -12 20 -61 44 -110 24 -48 52 -108
62 -133 10 -25 31 -64 46 -86 16 -23 28 -45 28 -49 0 -4 14 -24 30 -45 17 -21
30 -42 30 -48 0 -6 28 -47 63 -92 34 -45 77 -103 94 -128 73 -104 325 -340
472 -442 54 -37 282 -147 316 -153 17 -3 44 -9 60 -15 99 -34 143 -44 236 -54
220 -23 454 -10 634 35 150 38 185 49 248 82 16 8 37 15 47 15 9 0 23 7 30 15
7 8 20 15 30 15 10 0 23 7 30 15 7 8 16 15 21 15 5 0 28 14 51 30 22 17 47 30
53 30 7 0 18 7 26 16 7 8 36 31 65 50 55 37 337 320 376 377 13 19 50 74 82
123 32 49 74 112 92 139 19 28 34 53 34 57 0 4 14 27 30 51 17 25 30 50 30 56
0 10 41 105 76 174 8 16 14 36 14 45 0 9 7 26 15 36 8 11 15 32 15 46 0 14 4
30 9 35 4 6 16 42 26 80 50 202 72 485 57 727 -13 204 -32 320 -71 435 -12 34
-21 69 -21 77 0 8 -7 28 -15 45 -8 17 -22 45 -30 62 -8 17 -15 37 -15 46 0 8
-13 35 -30 60 -16 24 -30 47 -30 51 0 4 -29 52 -65 107 -107 163 -199 268
-326 372 -80 66 -228 162 -294 192 -27 13 -63 29 -78 37 -16 8 -35 14 -42 14
-8 0 -29 6 -47 14 -189 79 -557 89 -833 23 -165 -40 -255 -66 -315 -94 -30
-14 -73 -33 -95 -43 -120 -52 -203 -95 -315 -163 -68 -42 -126 -74 -129 -72
-6 7 20 115 36 147 7 15 13 38 13 51 0 14 7 38 15 53 8 16 15 38 15 49 0 11 7
29 15 39 8 11 15 31 15 45 0 14 7 35 15 45 8 11 15 29 15 39 0 22 96 267 111
282 5 5 9 16 9 25 0 17 144 306 164 330 7 8 16 23 19 32 5 15 131 208 189 291
24 33 110 140 175 217 63 75 394 400 407 400 7 0 23 12 37 26 37 40 324 226
414 268 44 21 93 44 108 52 16 8 37 14 47 14 9 0 23 6 29 14 6 8 24 16 39 19
79 17 152 36 164 43 12 8 89 23 223 44 33 6 71 14 85 19 14 5 72 13 130 16
138 9 142 12 138 111 l-3 79 -140 2 c-77 2 -147 -1 -155 -6z m-1315 -2721 c6
-4 30 -10 55 -14 47 -7 59 -11 175 -67 115 -56 221 -144 312 -260 74 -94 92
-125 207 -371 38 -82 86 -217 86 -245 0 -10 7 -27 15 -37 8 -11 15 -31 15 -44
0 -13 6 -33 12 -45 12 -22 27 -97 48 -247 6 -41 16 -88 22 -105 17 -42 17
-711 1 -741 -7 -12 -17 -46 -23 -75 -5 -30 -15 -84 -22 -121 -7 -37 -19 -73
-26 -80 -6 -6 -12 -19 -12 -27 0 -8 -14 -51 -32 -95 -44 -110 -153 -275 -246
-369 -72 -73 -224 -186 -268 -200 -10 -3 -44 -15 -74 -27 -139 -57 -378 -59
-536 -5 -52 18 -166 76 -210 109 -70 50 -254 255 -254 281 0 4 -12 24 -27 44
-38 50 -45 62 -104 181 -85 174 -129 289 -184 485 -9 33 -23 80 -31 104 -8 25
-14 58 -14 73 0 16 -4 37 -10 47 -5 10 -14 52 -20 92 -6 41 -13 88 -15 104 -6
39 -24 298 -24 350 0 157 40 660 58 725 5 19 12 76 16 126 6 78 10 92 28 104
164 105 397 231 522 284 95 40 198 68 280 76 79 8 265 1 280 -10z"/>
</g>
</svg>
