<?xml version="1.0" encoding="UTF-8" standalone="no"?>
<svg
   xmlns:dc="http://purl.org/dc/elements/1.1/"
   xmlns:cc="http://creativecommons.org/ns#"
   xmlns:rdf="http://www.w3.org/1999/02/22-rdf-syntax-ns#"
   xmlns:svg="http://www.w3.org/2000/svg"
   xmlns="http://www.w3.org/2000/svg"
   xmlns:sodipodi="http://sodipodi.sourceforge.net/DTD/sodipodi-0.dtd"
   xmlns:inkscape="http://www.inkscape.org/namespaces/inkscape"
   version="1.0"
   width="383.96799"
   height="266.20715"
   viewBox="0 0 307.17439 212.96572"
   preserveAspectRatio="xMidYMid meet"
   id="svg3441"
   inkscape:version="0.48.4 r9939"
   sodipodi:docname="3b.svg">
  <defs
     id="defs3685" />
  <sodipodi:namedview
     pagecolor="#ffffff"
     bordercolor="#666666"
     borderopacity="1"
     objecttolerance="10"
     gridtolerance="10"
     guidetolerance="10"
     inkscape:pageopacity="0"
     inkscape:pageshadow="2"
     inkscape:window-width="1600"
     inkscape:window-height="824"
     id="namedview3683"
     showgrid="false"
     fit-margin-top="0"
     fit-margin-left="0"
     fit-margin-right="0"
     fit-margin-bottom="0"
     inkscape:zoom="0.37684631"
     inkscape:cx="301.77134"
     inkscape:cy="75.912238"
     inkscape:window-x="0"
     inkscape:window-y="24"
     inkscape:window-maximized="1"
     inkscape:current-layer="g3445" />
  <metadata
     id="metadata3443">
Created by potrace 1.10, written by Peter Selinger 2001-2011
<rdf:RDF>
  <cc:Work
     rdf:about="">
    <dc:format>image/svg+xml</dc:format>
    <dc:type
       rdf:resource="http://purl.org/dc/dcmitype/StillImage" />
    <dc:title />
  </cc:Work>
</rdf:RDF>
</metadata>
  <g
     transform="matrix(0.1,0,0,-0.1,-208.58293,402.73594)"
     id="g3445"
     style="fill:#000000;stroke:none">
    <path
       d="m 3440.9321,4009.0509 c -125,-26 -153,-35 -270,-91 -67,-32 -81,-41 -130,-81 -79,-64 -185,-127 -251,-149 -35,-12 -77,-27 -94,-35 -16,-7 -43,-19 -60,-26 -86,-37 -286,-167 -332,-216 -59,-62 -149,-193 -174,-252 -65,-157 -58,-356 20,-521 62,-133 145,-239 256,-331 28,-22 60,-50 73,-60 32,-27 281,-169 296,-169 7,0 21,-7 32,-15 10,-8 25,-15 32,-15 8,0 28,-6 45,-13 33,-14 103,-36 197,-61 30,-8 106,-22 168,-31 62,-9 128,-23 147,-31 42,-17 269,-20 312,-3 15,6 84,19 153,30 195,30 290,54 465,117 110,40 110,40 200,90 154,87 210,122 245,152 194,171 248,234 306,352 19,40 39,80 44,89 4,8 15,50 25,92 14,65 15,86 5,134 -7,32 -15,96 -19,143 -8,103 -33,158 -84,182 -20,9 -51,37 -69,61 -18,24 -60,64 -92,88 -60,44 -162,109 -172,109 -3,0 -46,20 -96,45 -50,25 -96,45 -103,45 -7,0 -42,28 -79,62 -281,256 -666,376 -996,309 z m 435,-68 c 86,-19 186,-55 250,-90 54,-30 154,-108 155,-120 0,-20 -10,-17 -114,37 -54,28 -105,50 -113,50 -9,0 -24,7 -33,15 -9,8 -34,16 -56,18 -33,2 -39,-1 -42,-19 -4,-28 78,-97 99,-83 31,19 79,10 106,-21 19,-24 33,-30 63,-30 43,0 97,-27 106,-52 8,-26 42,-33 65,-12 14,12 24,15 38,8 26,-12 112,-94 133,-127 11,-15 29,-27 45,-29 22,-2 29,-9 33,-32 4,-22 12,-32 33,-37 16,-4 35,-13 44,-20 13,-12 13,-14 -3,-26 -10,-7 -26,-13 -36,-13 -10,0 -18,-4 -18,-10 0,-5 9,-10 19,-10 19,0 121,-89 121,-104 0,-19 -93,-96 -115,-96 -14,0 -45,-10 -70,-21 -32,-15 -49,-18 -58,-11 -8,7 -29,7 -60,1 -53,-10 -73,-5 -87,21 -9,16 -4,19 33,25 38,7 77,33 77,52 0,12 -96,64 -104,56 -3,-3 -6,-19 -6,-35 0,-23 -7,-32 -32,-43 l -33,-14 25,-9 c 20,-8 22,-11 9,-17 -9,-3 -33,1 -54,9 -22,9 -67,16 -106,16 -65,0 -70,2 -79,25 -5,14 -11,25 -14,25 -2,0 -11,3 -20,6 -10,4 -16,1 -16,-7 -1,-8 -11,-27 -24,-43 -20,-24 -26,-27 -45,-17 -27,15 -61,-2 -61,-29 0,-27 -38,-36 -55,-13 -12,16 -14,16 -20,2 -3,-9 -5,-20 -4,-25 4,-21 -2,-33 -20,-39 -11,-3 -28,-24 -38,-45 -19,-41 -31,-48 -51,-28 -14,14 -22,-3 -19,-42 2,-21 -3,-25 -30,-28 -38,-4 -45,-22 -8,-22 14,0 34,9 45,20 11,11 25,20 30,20 6,0 10,-9 10,-20 0,-11 -4,-20 -8,-20 -5,0 -14,-17 -20,-39 -7,-21 -19,-44 -27,-51 -8,-7 -15,-22 -15,-35 0,-23 -67,-85 -92,-85 -7,0 -37,13 -65,29 l -53,29 -25,-20 c -25,-19 -32,-20 -114,-9 -128,16 -137,15 -161,-19 -25,-36 -19,-55 13,-39 12,7 25,17 29,23 17,26 115,6 200,-40 14,-7 33,-14 42,-14 9,0 16,-7 16,-15 0,-12 -13,-15 -59,-15 -33,0 -71,-4 -86,-10 -15,-6 -33,-6 -43,-1 -18,9 -85,31 -94,31 -3,0 -5,-7 -4,-16 1,-12 -16,-23 -54,-36 -46,-16 -64,-17 -112,-9 -77,13 -155,70 -179,129 -5,13 -22,28 -39,33 -16,6 -30,18 -30,27 0,18 -39,102 -48,102 -3,0 -16,-10 -29,-22 l -23,-22 -39,38 c -34,33 -39,45 -45,98 -5,49 -3,63 9,72 14,10 14,15 -1,51 -14,33 -14,45 -3,80 7,22 11,63 10,92 -3,53 14,94 51,121 18,13 58,132 58,170 0,50 -90,26 -98,-27 -2,-13 -11,-21 -23,-21 -10,0 -19,-5 -19,-12 0,-16 -41,-58 -57,-58 -19,0 -16,-18 7,-47 22,-28 26,-58 9,-68 -14,-9 -59,34 -59,56 0,29 -19,32 -29,5 -11,-26 -40,-27 -62,0 -17,21 -37,17 -55,-10 -8,-14 -31,-37 -50,-51 -32,-24 -34,-25 -34,-6 0,31 106,131 216,204 55,37 105,67 110,67 5,0 50,21 101,47 76,39 95,45 105,35 11,-11 10,-15 -4,-23 -26,-15 -23,-41 5,-37 15,2 23,11 25,29 2,19 17,33 58,57 31,18 60,32 65,32 5,0 26,9 46,20 21,11 47,20 59,20 12,0 27,7 34,15 7,8 18,15 26,15 15,0 39,39 36,58 -2,7 9,12 30,12 23,0 29,3 19,9 -16,10 -6,31 16,31 8,0 26,9 40,20 14,11 34,20 44,20 10,0 21,5 24,10 3,6 19,10 35,10 16,0 41,5 57,11 74,31 339,32 468,2 z m 950,-517 c 98,-73 117,-92 113,-113 -11,-55 -93,-31 -124,36 -19,40 -37,51 -49,31 -10,-17 -25,-11 -25,9 0,10 -16,33 -35,50 -37,32 -43,49 -24,68 14,14 27,6 144,-81 z m -2328,-176 c 1,0 14,-15 28,-34 22,-29 25,-41 19,-71 -5,-27 -10,-35 -21,-30 -9,3 -22,0 -31,-7 -8,-7 -37,-13 -64,-14 l -50,-1 7,33 c 5,31 4,33 -27,36 -28,3 -33,6 -30,27 1,14 9,33 18,42 21,23 82,37 119,27 16,-4 31,-8 32,-8 z m -226,-59 c 11,-13 19,-29 19,-36 0,-11 -21,-41 -54,-75 -25,-27 -6,-232 26,-266 14,-15 17,-29 12,-48 -4,-16 -2,-26 5,-26 6,0 21,-12 34,-26 12,-14 31,-30 42,-34 14,-5 20,-17 20,-36 0,-24 4,-28 30,-29 25,0 30,-5 38,-35 5,-19 10,-51 12,-71 5,-61 46,-109 94,-109 12,0 21,-4 21,-10 0,-5 6,-10 13,-10 6,0 31,-20 55,-45 24,-25 59,-52 78,-61 33,-16 36,-16 49,2 14,18 16,18 29,1 8,-10 27,-19 43,-21 20,-2 32,-12 44,-35 25,-52 69,-68 95,-33 12,16 14,16 48,-2 20,-11 36,-23 36,-27 0,-16 32,-39 54,-39 13,0 30,10 38,21 12,19 17,20 34,9 11,-7 25,-22 30,-33 11,-27 69,-40 85,-21 16,19 33,17 54,-6 24,-27 47,-25 85,6 27,24 34,25 57,15 31,-14 40,-7 45,34 2,20 9,31 22,33 25,5 44,-14 28,-30 -31,-31 1,-68 40,-47 16,8 30,8 58,-1 29,-10 48,-10 86,0 27,7 76,15 109,19 53,5 61,9 74,35 12,26 15,28 26,13 15,-20 28,-21 79,-3 24,8 43,23 48,36 6,16 12,20 21,12 6,-6 28,-13 49,-17 31,-6 38,-4 49,17 7,12 24,38 38,56 22,27 31,31 56,27 17,-4 40,-11 53,-17 18,-10 26,-8 47,12 19,18 27,21 39,11 24,-20 66,30 63,77 -2,32 1,37 22,40 22,3 23,1 18,-28 -5,-21 -1,-40 10,-58 9,-15 18,-28 18,-29 1,-2 19,4 41,13 37,14 41,20 55,76 17,65 14,73 -33,66 -15,-2 -24,-11 -26,-25 -4,-28 -30,-37 -52,-18 -25,23 -59,19 -69,-8 -13,-35 -35,-48 -85,-52 -44,-3 -46,-3 -46,24 0,39 10,44 36,20 34,-32 54,-19 54,36 0,42 2,46 38,62 20,9 52,15 70,14 30,-2 33,-1 27,18 -5,17 -2,21 17,21 13,0 29,-5 35,-11 8,-8 16,-5 29,9 11,11 35,24 55,30 36,9 89,51 89,69 0,6 7,16 15,23 12,10 15,10 15,0 0,-19 -31,-80 -42,-80 -21,0 -68,-45 -63,-60 3,-9 -4,-29 -15,-43 -20,-25 -20,-28 -5,-64 l 16,-37 20,34 c 12,19 34,49 49,65 16,17 30,41 32,55 2,20 9,25 33,25 22,0 31,5 34,20 2,11 12,26 22,33 11,7 19,22 19,33 0,12 7,19 19,19 11,0 22,4 26,9 10,17 -8,94 -26,112 -18,18 -18,20 0,50 16,26 17,35 8,51 -10,16 -8,23 18,44 17,14 42,37 57,51 42,38 51,23 43,-76 -16,-190 -86,-321 -258,-481 -83,-78 -202,-170 -218,-170 -5,0 -78,-34 -162,-75 -83,-41 -157,-75 -163,-75 -7,0 -25,-7 -40,-15 -16,-8 -37,-15 -47,-15 -9,0 -25,-4 -35,-9 -25,-13 -153,-41 -184,-41 -15,0 -39,-5 -54,-11 -39,-14 -282,-39 -389,-39 -147,0 -422,38 -545,75 -30,9 -71,20 -90,25 -82,21 -343,160 -440,235 -111,85 -231,231 -277,333 -37,83 -63,202 -63,289 0,105 39,240 84,291 19,22 21,22 25,5 2,-10 12,-29 22,-42 z m 2757,31 c 17,-22 15,-30 -8,-37 -12,-4 -23,-21 -30,-48 -11,-39 -26,-93 -38,-127 -3,-8 -4,-28 -3,-43 2,-15 -4,-39 -13,-52 -9,-13 -16,-33 -16,-43 0,-10 -5,-23 -11,-29 -12,-12 -32,-45 -47,-78 -23,-48 -93,-112 -156,-143 -36,-18 -71,-32 -78,-32 -6,0 -19,-7 -28,-15 -14,-13 -22,-14 -44,-4 -14,7 -26,16 -26,21 0,4 -4,8 -10,8 -5,0 -10,-6 -10,-12 0,-7 -16,-24 -35,-37 -19,-13 -45,-32 -57,-42 -13,-10 -27,-22 -33,-27 -21,-17 -71,-41 -99,-47 -16,-3 -42,-21 -58,-40 -26,-29 -38,-34 -92,-40 -33,-3 -73,-8 -87,-11 -21,-4 -29,1 -44,30 -16,29 -24,35 -48,33 -25,-2 -30,3 -42,36 -7,22 -22,49 -33,60 -11,12 -26,35 -34,50 -8,16 -25,34 -39,40 -23,12 -24,17 -24,112 1,105 16,178 49,230 36,56 99,115 123,115 13,0 27,8 30,18 4,9 15,23 25,30 10,7 18,20 18,29 0,11 5,13 18,8 9,-4 55,-10 102,-13 47,-2 97,-11 112,-18 15,-8 38,-14 53,-14 14,0 25,-4 25,-10 0,-5 -4,-10 -10,-10 -5,0 -10,-3 -10,-7 0,-5 42,-9 93,-10 155,-4 266,29 427,127 95,57 120,69 145,64 17,-3 36,-13 43,-22 z m -2665,-192 c 14,-11 32,-20 40,-20 8,0 17,9 20,20 5,21 31,27 42,10 3,-5 17,-10 31,-10 19,0 24,-4 20,-17 -18,-67 -17,-80 8,-97 14,-9 33,-31 42,-49 9,-17 25,-42 37,-54 17,-19 18,-25 7,-38 -25,-30 -73,-5 -101,50 -5,11 -16,31 -24,45 l -14,24 -10,-27 c -6,-15 -15,-27 -20,-27 -18,0 -30,33 -20,52 14,25 -15,24 -41,-2 -11,-11 -23,-20 -26,-20 -15,0 -33,37 -34,66 0,17 -7,37 -15,44 -15,13 -20,51 -8,63 12,13 40,7 66,-13 z m 85,-246 c 16,-11 22,-25 22,-50 0,-20 5,-44 10,-55 6,-11 7,-26 3,-33 -7,-12 -11,-12 -28,2 -36,29 -55,65 -55,103 0,52 11,59 48,33 z m 2472,-54 c 0,-13 -40,-53 -47,-47 -6,7 27,57 38,57 5,0 9,-4 9,-10 z m -2211,-26 c 36,-15 64,-36 74,-54 26,-43 134,-120 169,-120 8,0 25,-11 38,-25 l 23,-25 -31,-6 c -28,-6 -32,-11 -32,-38 -1,-17 -7,-49 -15,-71 -8,-22 -15,-48 -15,-58 0,-26 -21,-16 -41,19 -14,26 -21,29 -59,26 -26,-2 -49,3 -59,11 -9,8 -24,17 -34,20 -12,5 -16,13 -12,26 7,23 -18,45 -44,36 -14,-4 -27,1 -42,19 -13,15 -28,26 -35,26 -18,0 -35,26 -28,43 3,8 14,17 25,20 10,3 19,13 19,22 0,13 -6,15 -28,10 -42,-9 -53,10 -41,65 18,82 70,99 168,54 z m 1026,-134 c 39,-24 65,-61 65,-92 0,-25 30,-80 62,-115 28,-30 17,-54 -40,-90 -71,-45 -109,-56 -151,-42 -20,7 -65,11 -101,10 -349,-9 -558,8 -587,46 -18,24 -16,84 3,112 22,31 189,101 242,101 12,0 35,6 50,14 15,7 55,16 90,19 35,4 73,12 85,19 12,6 47,13 77,14 43,2 148,16 169,23 2,0 18,-8 36,-19 z m 603,-202 c 18,-18 14,-32 -13,-44 -28,-13 -35,-9 -35,21 0,35 24,47 48,23 z m -384,-99 c 20,-12 36,-24 36,-29 0,-7 -57,-20 -92,-20 -23,0 -23,28 -1,52 20,22 15,22 57,-3 z"
       id="path3449"
       inkscape:connector-curvature="0" />
    <path
       d="m 3565.9321,3918.0509 c -12,-4 -70,-11 -130,-15 l -109,-8 29,-23 c 31,-25 79,-32 90,-13 21,33 104,27 154,-12 28,-23 61,-25 61,-4 0,8 6,15 14,15 7,0 26,3 42,6 21,4 35,0 52,-16 14,-13 30,-19 41,-15 10,3 24,-1 31,-10 11,-13 15,-13 41,1 16,8 29,21 29,29 0,20 -48,43 -109,51 -28,4 -54,11 -57,15 -7,11 -152,11 -179,-1 z"
       id="path3451"
       inkscape:connector-curvature="0" />
    <path
       d="m 3262.9321,3856.0509 c 6,-18 28,-21 28,-4 0,9 -7,16 -16,16 -9,0 -14,-5 -12,-12 z"
       id="path3453"
       inkscape:connector-curvature="0" />
    <path
       d="m 3300.9321,3824.0509 c 0,-8 5,-18 10,-21 6,-3 10,1 10,9 0,8 -4,18 -10,21 -5,3 -10,-1 -10,-9 z"
       id="path3455"
       inkscape:connector-curvature="0" />
    <path
       d="m 3480.9321,3810.0509 c 0,-4 -14,-12 -32,-17 -39,-12 -50,-35 -16,-35 13,0 35,12 51,25 31,27 33,35 12,35 -8,0 -15,-4 -15,-8 z"
       id="path3457"
       inkscape:connector-curvature="0" />
    <path
       d="m 3341.9321,3732.0509 c -15,-15 -36,-24 -55,-24 -41,0 -73,-23 -91,-67 -18,-42 -19,-53 -5,-53 6,0 10,12 10,26 0,17 6,28 20,31 11,3 20,12 20,19 0,10 13,14 41,14 43,0 109,40 109,66 0,21 -22,15 -49,-12 z"
       id="path3459"
       inkscape:connector-curvature="0" />
    <path
       d="m 3570.9321,3713.0509 c 0,-10 7,-15 18,-13 21,4 19,22 -2,26 -10,2 -16,-3 -16,-13 z"
       id="path3461"
       inkscape:connector-curvature="0" />
    <path
       d="m 3665.9321,3718.0509 c -3,-5 -3,-15 0,-20 7,-12 45,5 45,20 0,13 -37,13 -45,0 z"
       id="path3463"
       inkscape:connector-curvature="0" />
    <path
       d="m 3081.9321,3659.0509 c -12,-8 -9,-11 12,-16 30,-8 30,-26 2,-71 -11,-17 -11,-22 1,-30 8,-5 17,-26 21,-46 4,-31 3,-38 -11,-38 -10,0 -16,9 -16,25 0,14 -4,25 -9,25 -5,0 -18,3 -28,7 -17,6 -17,6 0,-14 20,-23 22,-59 5,-70 -7,-4 -18,-18 -25,-30 -11,-19 -10,-23 7,-28 14,-4 20,-15 20,-35 0,-34 46,-90 75,-90 20,1 20,1 1,15 -11,8 -25,31 -32,51 -11,31 -10,41 2,59 8,13 23,25 34,28 17,4 17,8 5,43 -10,26 -12,61 -8,107 8,93 -14,134 -56,108 z"
       id="path3465"
       inkscape:connector-curvature="0" />
    <path
       d="m 3420.9321,3658.0509 c -12,-7 -12,-12 -2,-22 9,-9 15,-9 24,0 16,16 -2,34 -22,22 z"
       id="path3467"
       inkscape:connector-curvature="0" />
    <path
       d="m 3855.9321,3648.0509 c -11,-5 -43,-6 -71,-3 -63,7 -73,-6 -43,-48 21,-30 23,-31 35,-13 27,39 33,42 74,37 36,-5 40,-3 40,16 0,23 -4,24 -35,11 z"
       id="path3469"
       inkscape:connector-curvature="0" />
    <path
       d="m 4085.9321,3628.0509 c 3,-5 17,-10 31,-10 14,0 22,4 19,10 -3,6 -17,10 -31,10 -14,0 -22,-4 -19,-10 z"
       id="path3471"
       inkscape:connector-curvature="0" />
    <path
       d="m 2970.9321,3616.0509 c -14,-6 -48,-21 -75,-34 -28,-13 -63,-24 -78,-24 -26,0 -27,-1 -26,-57 0,-32 4,-67 9,-78 7,-18 9,-18 20,10 11,30 90,109 99,100 4,-5 -1,-17 -38,-92 -14,-30 -14,-34 2,-50 16,-16 17,-16 17,9 0,16 12,40 31,60 17,18 35,44 40,56 5,13 18,26 29,29 16,4 20,14 20,44 0,42 -7,45 -50,27 z"
       id="path3473"
       inkscape:connector-curvature="0" />
    <path
       d="m 3293.9321,3601.0509 c -20,-8 -15,-23 7,-23 11,0 20,7 20,15 0,15 -6,17 -27,8 z"
       id="path3475"
       inkscape:connector-curvature="0" />
    <path
       d="m 3500.9321,3590.0509 c 0,-22 13,-42 27,-42 21,0 12,44 -9,48 -10,2 -18,-1 -18,-6 z"
       id="path3477"
       inkscape:connector-curvature="0" />
    <path
       d="m 4392.9321,3562.0509 c 1,-9 9,-19 16,-22 9,-3 13,2 10,14 -1,9 -9,19 -16,22 -9,3 -13,-2 -10,-14 z"
       id="path3479"
       inkscape:connector-curvature="0" />
    <path
       d="m 3447.9321,3561.0509 c -16,-15 -5,-33 19,-33 20,0 25,4 20,16 -3,9 -6,18 -6,20 0,7 -26,5 -33,-3 z"
       id="path3481"
       inkscape:connector-curvature="0" />
    <path
       d="m 3210.9321,3536.0509 c 0,-15 40,-38 65,-38 35,0 8,38 -33,46 -24,5 -32,3 -32,-8 z"
       id="path3483"
       inkscape:connector-curvature="0" />
    <path
       d="m 4300.9321,3518.0509 c 0,-11 5,-20 10,-20 6,0 10,9 10,20 0,11 -4,20 -10,20 -5,0 -10,-9 -10,-20 z"
       id="path3485"
       inkscape:connector-curvature="0" />
    <path
       d="m 4509.9321,3471.0509 c -4,-24 4,-60 16,-71 10,-12 17,-11 41,2 20,10 23,15 12,16 -10,0 -24,14 -33,30 -14,28 -34,40 -36,23 z"
       id="path3487"
       inkscape:connector-curvature="0" />
    <path
       d="m 3726.9321,3460.0509 c -2,-4 2,-18 9,-32 12,-22 11,-27 -7,-47 -11,-12 -17,-26 -13,-32 11,-18 24,-12 31,14 3,14 12,25 20,25 16,0 18,33 4,61 -11,19 -35,26 -44,11 z"
       id="path3489"
       inkscape:connector-curvature="0" />
    <path
       d="m 3285.9321,3448.0509 c -3,-5 3,-10 14,-10 12,0 21,5 21,10 0,6 -6,10 -14,10 -8,0 -18,-4 -21,-10 z"
       id="path3491"
       inkscape:connector-curvature="0" />
    <path
       d="m 4003.9321,3391.0509 c -24,-9 -13,-24 15,-21 15,2 26,8 25,13 -2,12 -23,16 -40,8 z"
       id="path3493"
       inkscape:connector-curvature="0" />
    <path
       d="m 2904.9321,3369.0509 c -8,-8 -4,-40 6,-46 15,-9 90,16 90,31 0,11 -86,25 -96,15 z"
       id="path3495"
       inkscape:connector-curvature="0" />
    <path
       d="m 3827.9321,3350.0509 c -31,-34 -14,-89 18,-62 9,7 28,10 44,7 42,-9 47,16 10,48 -36,30 -50,31 -72,7 z"
       id="path3497"
       inkscape:connector-curvature="0" />
    <path
       d="m 4504.9321,3304.0509 c -7,-18 23,-66 42,-66 33,0 26,40 -12,65 -21,13 -25,14 -30,1 z"
       id="path3499"
       inkscape:connector-curvature="0" />
    <path
       d="m 2790.9321,3264.0509 c 0,-24 16,-43 27,-32 8,8 -6,56 -17,56 -6,0 -10,-11 -10,-24 z"
       id="path3501"
       inkscape:connector-curvature="0" />
    <path
       d="m 4175.9321,3239.0509 c -12,-21 16,-38 73,-45 28,-4 52,-4 52,-1 0,6 -19,46 -26,53 -1,2 -16,-4 -33,-14 -30,-18 -31,-18 -44,0 -11,14 -16,16 -22,7 z"
       id="path3503"
       inkscape:connector-curvature="0" />
    <path
       d="m 2920.9321,3235.0509 c 0,-11 57,-65 76,-71 14,-4 27,1 43,18 31,33 20,46 -37,44 -26,-1 -55,1 -64,6 -10,4 -18,6 -18,3 z"
       id="path3505"
       inkscape:connector-curvature="0" />
    <path
       d="m 3662.9321,3188.0509 c -27,-27 -36,-29 -108,-32 -77,-3 -78,-4 -97,-36 -14,-24 -17,-36 -9,-44 8,-8 16,-6 29,9 22,24 94,48 123,40 14,-4 27,1 38,14 9,10 22,19 28,19 6,0 25,7 40,15 16,8 37,15 47,15 21,0 22,16 1,24 -33,13 -64,5 -92,-24 z"
       id="path3507"
       inkscape:connector-curvature="0" />
    <path
       d="m 3238.9321,3124.0509 c -10,-7 -18,-16 -18,-20 0,-10 38,-7 46,5 11,18 -10,29 -28,15 z"
       id="path3509"
       inkscape:connector-curvature="0" />
    <path
       d="m 3097.9321,3121.0509 c -11,-10 -8,-41 3,-48 19,-12 41,15 29,36 -10,20 -21,24 -32,12 z"
       id="path3511"
       inkscape:connector-curvature="0" />
    <path
       d="m 2860.9321,3106.0509 c 1,-22 56,-82 68,-74 19,12 14,41 -11,64 -26,24 -57,29 -57,10 z"
       id="path3513"
       inkscape:connector-curvature="0" />
    <path
       d="m 2970.9321,3093.0509 c 0,-14 5,-25 10,-25 6,0 10,11 10,25 0,14 -4,25 -10,25 -5,0 -10,-11 -10,-25 z"
       id="path3515"
       inkscape:connector-curvature="0" />
    <path
       d="m 3216.9321,3051.0509 c -12,-12 -6,-33 9,-33 8,0 15,6 15,14 0,17 -14,28 -24,19 z"
       id="path3517"
       inkscape:connector-curvature="0" />
    <path
       d="m 3003.9321,3011.0509 c -3,-10 -13,-26 -21,-35 -10,-12 -11,-18 -4,-18 7,0 12,4 12,9 0,5 9,11 20,14 11,3 20,12 20,20 0,24 -19,31 -27,10 z"
       id="path3519"
       inkscape:connector-curvature="0" />
    <path
       d="m 2750.9321,2979.0509 c -16,-31 -12,-51 20,-87 16,-19 32,-45 36,-58 6,-25 49,-42 60,-24 4,6 -11,36 -33,67 -22,31 -44,71 -47,89 -9,36 -21,41 -36,13 z"
       id="path3521"
       inkscape:connector-curvature="0" />
    <path
       d="m 2664.9321,2963.0509 c -3,-8 -3,-19 1,-25 11,-18 25,-11 25,15 0,27 -17,34 -26,10 z"
       id="path3523"
       inkscape:connector-curvature="0" />
    <path
       d="m 2890.9321,2959.0509 c 0,-12 40,-41 57,-41 19,0 16,20 -4,26 -10,3 -26,10 -35,15 -11,6 -18,6 -18,0 z"
       id="path3525"
       inkscape:connector-curvature="0" />
    <path
       d="m 3089.9321,2952.0509 c -12,-14 -11,-16 5,-13 11,2 21,10 24,17 5,17 -13,15 -29,-4 z"
       id="path3527"
       inkscape:connector-curvature="0" />
    <path
       d="m 3161.9321,2906.0509 c 0,-28 2,-30 9,-13 12,28 12,45 0,45 -5,0 -10,-15 -9,-32 z"
       id="path3529"
       inkscape:connector-curvature="0" />
    <path
       d="m 3244.9321,2903.0509 c -7,-18 13,-45 33,-45 19,0 28,27 13,45 -16,19 -39,19 -46,0 z"
       id="path3531"
       inkscape:connector-curvature="0" />
    <path
       d="m 2993.9321,2888.0509 c -24,-10 -31,-44 -13,-55 6,-4 17,-2 24,4 10,8 25,7 57,-4 68,-24 100,2 35,29 -18,8 -37,19 -40,25 -8,13 -32,13 -63,1 z"
       id="path3533"
       inkscape:connector-curvature="0" />
    <path
       d="m 3150.9321,2814.0509 c 0,-8 4,-17 9,-20 10,-7 23,19 14,28 -11,11 -23,6 -23,-8 z"
       id="path3535"
       inkscape:connector-curvature="0" />
    <path
       d="m 3245.9321,2798.0509 c -10,-31 1,-38 40,-26 38,12 47,26 16,26 -11,0 -23,5 -26,10 -10,16 -23,12 -30,-10 z"
       id="path3537"
       inkscape:connector-curvature="0" />
    <path
       d="m 2870.9321,2739.0509 c 0,-10 7,-21 15,-25 11,-4 15,1 15,19 0,16 -6,25 -15,25 -8,0 -15,-9 -15,-19 z"
       id="path3539"
       inkscape:connector-curvature="0" />
    <path
       d="m 2975.9321,2695.0509 c -4,-10 -5,-21 -1,-24 10,-10 18,4 13,24 -4,17 -4,17 -12,0 z"
       id="path3541"
       inkscape:connector-curvature="0" />
    <path
       d="m 2320.9321,2622.0509 c 1,-14 40,-58 46,-52 3,3 -6,18 -20,33 -15,16 -26,24 -26,19 z"
       id="path3543"
       inkscape:connector-curvature="0" />
    <path
       d="m 4825.9321,2978.0509 c -21,-4 -41,-13 -43,-19 -2,-6 -12,-11 -22,-11 -10,0 -22,-4 -25,-10 -3,-6 5,-10 19,-10 13,0 26,6 29,13 2,7 24,12 58,12 41,0 54,4 54,15 0,18 -17,20 -70,10 z"
       id="path3545"
       inkscape:connector-curvature="0" />
    <path
       d="m 4028.9321,2960.0509 c -16,-9 -28,-20 -28,-23 0,-14 33,-19 46,-8 11,9 19,8 33,-5 18,-17 20,-16 26,4 8,24 -10,50 -34,50 -9,0 -28,-8 -43,-18 z"
       id="path3547"
       inkscape:connector-curvature="0" />
    <path
       d="m 4677.9321,2898.0509 c -9,-11 -17,-25 -17,-31 0,-14 49,23 50,39 0,18 -13,15 -33,-8 z"
       id="path3549"
       inkscape:connector-curvature="0" />
    <path
       d="m 4790.9321,2903.0509 c -7,-8 -18,-15 -25,-15 -18,0 -85,-70 -106,-112 -11,-21 -23,-38 -28,-38 -16,0 -71,-79 -65,-94 9,-23 35,-20 41,4 4,13 14,20 29,20 24,0 96,40 108,59 3,5 -1,12 -9,15 -25,9 3,45 33,43 19,-2 33,10 63,53 21,30 39,61 39,68 0,17 -65,15 -80,-3 z"
       id="path3551"
       inkscape:connector-curvature="0" />
    <path
       d="m 4322.9321,2884.0509 c 1,-10 8,-17 13,-17 15,1 12,24 -3,29 -9,3 -13,-2 -10,-12 z"
       id="path3553"
       inkscape:connector-curvature="0" />
    <path
       d="m 3924.9321,2871.0509 c -3,-10 -10,-26 -15,-35 -12,-23 -12,-38 1,-38 6,0 10,6 10,13 0,7 9,18 20,25 24,14 27,52 5,52 -9,0 -18,-8 -21,-17 z"
       id="path3555"
       inkscape:connector-curvature="0" />
    <path
       d="m 4165.9321,2828.0509 c -3,-4 -1,-19 3,-32 5,-12 7,-29 5,-35 -7,-19 22,-16 38,3 7,9 24,20 37,25 32,12 23,34 -15,35 -17,1 -38,4 -47,7 -8,3 -18,2 -21,-3 z"
       id="path3557"
       inkscape:connector-curvature="0" />
    <path
       d="m 4568.9321,2801.0509 c -26,-10 -38,-21 -38,-35 0,-11 -8,-22 -20,-25 -24,-6 -27,-41 -3,-50 11,-4 24,3 41,23 13,16 40,46 59,67 38,42 27,48 -39,20 z"
       id="path3559"
       inkscape:connector-curvature="0" />
    <path
       d="m 4045.9321,2698.0509 c -7,-11 11,-50 23,-50 24,1 31,17 16,38 -16,24 -29,28 -39,12 z"
       id="path3561"
       inkscape:connector-curvature="0" />
    <path
       d="m 4145.9321,2685.0509 c -4,-10 -5,-21 -1,-24 10,-10 18,4 13,24 -4,17 -4,17 -12,0 z"
       id="path3563"
       inkscape:connector-curvature="0" />
    <path
       d="m 3862.9321,2669.0509 c 4,-13 18,-16 19,-4 0,4 -5,9 -11,12 -7,2 -11,-2 -8,-8 z"
       id="path3565"
       inkscape:connector-curvature="0" />
    <path
       d="m 4414.9321,2652.0509 c -10,-14 -36,-34 -58,-44 -23,-10 -58,-32 -80,-49 -21,-17 -45,-31 -52,-31 -8,0 -14,-8 -14,-18 0,-17 5,-18 61,-10 34,4 67,14 73,22 6,7 31,27 56,44 72,50 92,70 88,89 -6,31 -54,29 -74,-3 z"
       id="path3567"
       inkscape:connector-curvature="0" />
    <path
       d="m 2656.9321,2547.0509 c -15,-26 -16,-33 -5,-40 20,-13 30,-11 51,8 17,15 20,15 41,-4 12,-11 32,-24 44,-27 11,-4 27,-13 33,-21 7,-8 21,-15 30,-15 17,0 17,2 3,31 -8,16 -13,39 -10,50 4,16 1,20 -17,17 -12,-1 -35,6 -51,16 -22,15 -32,16 -46,8 -12,-8 -20,-8 -24,-2 -11,18 -31,10 -49,-21 z"
       id="path3569"
       inkscape:connector-curvature="0" />
    <path
       d="m 3510.9321,2322.0509 c -6,-14 -10,-27 -10,-30 0,-2 20,-4 45,-4 33,0 45,4 45,15 0,8 -6,15 -14,15 -7,0 -19,7 -26,15 -18,22 -29,19 -40,-11 z"
       id="path3571"
       inkscape:connector-curvature="0" />
    <path
       d="m 3342.9321,2282.0509 c -6,-3 -10,-10 -6,-15 7,-12 131,-12 139,1 3,6 -2,10 -13,10 -11,0 -39,2 -63,5 -24,2 -50,2 -57,-1 z"
       id="path3573"
       inkscape:connector-curvature="0" />
    <path
       d="m 3190.9321,2268.0509 c 0,-5 6,-10 14,-10 8,0 18,5 21,10 3,6 -3,10 -14,10 -12,0 -21,-4 -21,-10 z"
       id="path3575"
       inkscape:connector-curvature="0" />
  </g>
</svg>
