<?xml version="1.0" encoding="UTF-8" standalone="no"?>
<svg
   xmlns:dc="http://purl.org/dc/elements/1.1/"
   xmlns:cc="http://creativecommons.org/ns#"
   xmlns:rdf="http://www.w3.org/1999/02/22-rdf-syntax-ns#"
   xmlns:svg="http://www.w3.org/2000/svg"
   xmlns="http://www.w3.org/2000/svg"
   xmlns:sodipodi="http://sodipodi.sourceforge.net/DTD/sodipodi-0.dtd"
   xmlns:inkscape="http://www.inkscape.org/namespaces/inkscape"
   version="1.0"
   width="900.000000pt"
   height="150.000000pt"
   viewBox="0 0 900.000000 150.000000"
   preserveAspectRatio="xMidYMid meet"
   id="svg3197"
   inkscape:version="0.48.4 r9939"
   sodipodi:docname="6.svg">
  <defs
     id="defs3245" />
  <sodipodi:namedview
     pagecolor="#ffffff"
     bordercolor="#666666"
     borderopacity="1"
     objecttolerance="10"
     gridtolerance="10"
     guidetolerance="10"
     inkscape:pageopacity="0"
     inkscape:pageshadow="2"
     inkscape:window-width="1600"
     inkscape:window-height="824"
     id="namedview3243"
     showgrid="false"
     inkscape:zoom="1.1539983"
     inkscape:cx="582.00703"
     inkscape:cy="25.446881"
     inkscape:window-x="0"
     inkscape:window-y="24"
     inkscape:window-maximized="1"
     inkscape:current-layer="svg3197" />
  <metadata
     id="metadata3199">
Created by potrace 1.10, written by Peter Selinger 2001-2011
<rdf:RDF>
  <cc:Work
     rdf:about="">
    <dc:format>image/svg+xml</dc:format>
    <dc:type
       rdf:resource="http://purl.org/dc/dcmitype/StillImage" />
  </cc:Work>
</rdf:RDF>
</metadata>
  <g
     transform="translate(0.000000,150.000000) scale(0.100000,-0.100000)"
     fill="#000000"
     stroke="none"
     id="g3201">
    <path
       d="M494 1412 c-66 -10 -92 -120 -40 -169 22 -21 34 -24 83 -21 l58 3 8 45 c8 46 -5 114 -24 125 -18 12 -64 21 -85 17z m50 -58 c22 -21 20 -36 -7 -68 l-23 -26 -22 21 c-16 15 -21 27 -16 42 14 48 40 59 68 31z"
       id="path3203" />
    <path
       d="M1543 1410 c-21 -9 -23 -15 -23 -100 l0 -91 28 3 c20 2 28 9 30 28 2 14 8 29 12 34 13 14 40 -13 40 -39 0 -22 24 -40 40 -30 11 7 7 172 -5 184 -15 15 -96 22 -122 11z m87 -55 c0 -21 -27 -30 -45 -15 -19 16 -10 30 21 30 15 0 24 -6 24 -15z"
       id="path3205" />
    <path
       d="M2644 1409 c-70 -19 -59 -91 16 -103 31 -5 40 -11 40 -26 0 -13 -7 -20 -20 -20 -11 0 -20 5 -20 10 0 6 -13 10 -30 10 -59 0 -18 -61 42 -63 69 -2 116 65 71 99 -15 10 -16 15 -5 25 23 24 15 58 -15 65 -16 3 -32 7 -38 8 -5 2 -24 -1 -41 -5z m60 -45 c26 -10 18 -24 -13 -24 -30 0 -46 12 -34 24 8 8 27 8 47 0z"
       id="path3207" />
    <path
       d="M3693 1413 c-25 -10 -14 -42 15 -45 27 -3 27 -3 24 -74 -4 -78 8 -95 50 -73 18 10 19 17 13 75 -6 62 -6 63 19 70 27 6 30 12 20 38 -5 12 -20 16 -68 15 -33 0 -67 -3 -73 -6z"
       id="path3209" />
    <path
       d="M4792 1408 c-7 -7 -12 -40 -12 -78 0 -58 3 -69 25 -90 33 -31 83 -32 115 -2 41 38 40 182 -1 182 -23 0 -36 -31 -32 -77 3 -33 0 -54 -11 -68 -15 -20 -15 -20 -30 0 -12 15 -15 32 -10 68 8 62 -14 95 -44 65z"
       id="path3211" />
    <path
       d="M5865 1401 c-3 -11 -1 -28 5 -38 6 -10 21 -47 34 -83 28 -83 50 -87 78 -15 10 28 25 64 33 82 19 40 19 62 -1 70 -22 8 -46 -20 -53 -64 -8 -48 -25 -49 -29 -3 -6 58 -53 94 -67 51z"
       id="path3213" />
    <path
       d="M6954 1406 c-4 -10 5 -30 20 -51 26 -34 26 -35 9 -62 -10 -16 -24 -34 -31 -42 -11 -12 -11 -16 1 -28 18 -18 46 -7 58 24 9 25 29 23 29 -2 0 -19 34 -37 54 -29 22 9 20 18 -14 66 l-30 42 25 26 c28 29 34 70 10 70 -9 0 -27 -12 -41 -27 -25 -27 -25 -27 -31 -5 -3 12 -9 22 -13 22 -5 0 -15 3 -24 6 -10 4 -18 0 -22 -10z"
       id="path3215" />
    <path
       d="M8050 1405 c-16 -20 -4 -35 29 -35 42 0 43 -9 7 -54 -66 -81 -55 -109 41 -104 50 3 58 6 58 23 0 15 -8 21 -32 23 -41 4 -42 20 -3 63 37 42 45 66 30 84 -17 20 -113 20 -130 0z"
       id="path3217" />
    <path
       d="M438 983 c-1 -5 -2 -46 -3 -92 l0 -84 -85 -1 c-78 -1 -85 -3 -85 -21 0 -18 7 -20 85 -20 l85 0 0 -70 0 -70 -168 4 c-123 2 -171 0 -182 -9 -13 -10 -15 -56 -15 -284 0 -198 3 -275 12 -284 17 -17 909 -17 926 0 9 9 12 86 12 284 0 227 -2 274 -15 284 -11 9 -77 11 -262 9 l-248 -4 -5 63 c-3 35 -2 66 2 68 4 2 235 5 515 5 l508 0 0 -68 0 -68 -167 4 c-124 2 -172 0 -183 -9 -13 -11 -15 -55 -15 -284 0 -198 3 -275 12 -284 16 -16 909 -17 939 -2 18 10 19 24 19 285 0 269 0 274 -21 286 -15 8 -98 10 -273 8 l-251 -4 -5 63 c-3 35 -2 66 2 68 3 2 240 4 525 5 l518 0 0 -68 0 -68 -167 4 c-124 2 -172 0 -183 -9 -13 -10 -15 -54 -15 -277 0 -163 4 -272 10 -284 10 -18 26 -19 456 -19 288 0 452 4 465 10 18 10 19 24 19 285 0 271 0 274 -22 286 -15 8 -92 10 -264 7 -164 -3 -244 0 -246 7 -2 5 -3 36 -3 68 l0 57 515 1 515 0 0 -68 0 -68 -167 4 c-124 2 -172 0 -183 -9 -13 -10 -15 -54 -15 -277 0 -163 4 -272 10 -284 10 -18 26 -19 468 -19 343 0 461 3 470 12 9 9 12 87 12 290 l0 278 -25 6 c-14 3 -135 5 -270 2 -160 -2 -246 0 -247 7 -2 5 -3 36 -3 68 l0 58 520 0 520 0 0 -68 0 -68 -177 -3 -178 -2 0 -285 0 -285 458 -2 c251 -2 461 0 465 3 8 6 12 557 4 566 -3 2 -119 5 -259 6 l-253 2 -2 68 c-1 37 2 67 7 67 6 0 236 0 513 1 l502 0 0 -68 0 -68 -177 -3 -178 -2 0 -285 0 -285 478 2 477 3 3 283 2 282 -22 0 c-13 0 -135 2 -273 3 l-250 2 -2 68 c-1 37 1 67 5 67 4 0 240 1 525 3 l517 2 0 -73 0 -73 -167 1 c-93 1 -174 1 -180 1 -19 -1 -19 -567 0 -572 6 -2 217 -2 467 1 l455 5 3 283 2 282 -22 0 c-13 0 -133 2 -268 3 l-244 2 -1 68 0 68 518 2 517 2 0 -72 0 -73 -175 0 -175 0 0 -285 0 -285 458 -2 c251 -2 461 0 465 3 9 7 12 557 3 566 -3 3 -123 6 -268 7 l-262 1 -1 68 0 69 379 -2 c339 -1 381 -3 391 -17 11 -15 18 -14 72 12 l60 29 -31 21 c-69 45 -106 52 -106 20 0 -12 -60 -15 -377 -17 -208 -2 -380 -2 -383 0 -2 2 -4 42 -5 90 0 80 -2 87 -20 87 -18 0 -20 -8 -25 -88 l-5 -87 -513 -3 c-335 -1 -512 1 -513 8 -1 6 -2 46 -3 90 -1 73 -3 80 -21 80 -18 0 -20 -8 -25 -88 l-5 -88 -514 1 c-282 0 -517 3 -521 5 -5 3 -6 41 -3 84 5 75 5 79 -16 86 -40 12 -50 -8 -44 -92 4 -48 2 -77 -5 -81 -5 -4 -237 -5 -514 -2 l-503 5 4 81 c3 77 2 82 -18 89 -39 12 -48 -8 -43 -95 2 -44 1 -80 -4 -80 -799 -5 -1035 -4 -1038 5 -2 6 -1 45 2 87 4 67 3 78 -12 84 -31 12 -40 -12 -37 -96 l3 -80 -514 -2 c-327 -2 -516 1 -520 7 -4 5 -4 44 -1 87 5 67 4 78 -11 84 -31 12 -40 -12 -37 -96 l3 -80 -528 0 -527 0 7 85 7 84 -26 7 c-14 3 -29 3 -33 -1 -4 -4 -7 -46 -7 -93 0 -64 -3 -87 -12 -86 -7 1 -239 2 -514 3 l-502 1 7 84 c6 72 5 84 -9 90 -22 8 -45 8 -47 -1z m533 -648 l0 -246 -426 0 -426 0 0 246 c0 135 0 246 1 248 0 1 192 1 426 0 l425 -1 0 -247z m1096 241 c5 -5 6 -477 0 -482 -2 -2 -198 -4 -436 -5 l-432 0 0 245 c0 135 0 247 1 249 0 4 862 -2 867 -7z m1080 0 c5 -5 6 -477 0 -482 -2 -2 -192 -4 -423 -5 l-419 0 -3 238 c-1 131 -1 242 2 248 3 10 833 11 843 1z m1094 -241 l0 -246 -423 0 c-233 1 -426 1 -430 1 -12 0 -10 488 2 492 5 2 199 2 431 1 l420 -1 0 -247z m1079 0 l0 -245 -425 0 -425 0 0 245 0 245 425 0 425 0 0 -245z m1100 0 l0 -245 -435 0 -435 0 0 245 0 245 435 0 435 0 0 -245z m1080 0 l0 -245 -420 0 -420 0 0 245 0 245 420 0 420 0 0 -245z m1090 0 l0 -245 -425 0 -425 0 0 245 0 245 425 0 425 0 0 -245z"
       id="path3219" />
  </g>
  <text
     xml:space="preserve"
     style="font-size:31.69226265px;font-style:normal;font-variant:normal;font-weight:bold;font-stretch:normal;text-align:center;line-height:125%;letter-spacing:0px;word-spacing:0px;text-anchor:middle;fill:#000000;fill-opacity:1;stroke:none;font-family:Arial;-inkscape-font-specification:Arial Bold"
     x="53.218208"
     y="126.68154"
     id="text3515"
     sodipodi:linespacing="125%"><tspan
       sodipodi:role="line"
       id="tspan3517"
       x="53.218208"
       y="126.68154">1986</tspan></text>
  <text
     xml:space="preserve"
     style="font-size:31.69226265px;font-style:normal;font-variant:normal;font-weight:bold;font-stretch:normal;text-align:center;line-height:125%;letter-spacing:0px;word-spacing:0px;text-anchor:middle;fill:#000000;fill-opacity:1;stroke:none;font-family:Arial;-inkscape-font-specification:Arial Bold"
     x="164.10648"
     y="126.68154"
     id="text3519"
     sodipodi:linespacing="125%"><tspan
       sodipodi:role="line"
       id="tspan3521"
       x="164.10648"
       y="126.68154">1990</tspan></text>
  <text
     xml:space="preserve"
     style="font-size:31.69226265px;font-style:normal;font-variant:normal;font-weight:bold;font-stretch:normal;text-align:center;line-height:125%;letter-spacing:0px;word-spacing:0px;text-anchor:middle;fill:#000000;fill-opacity:1;stroke:none;font-family:Arial;-inkscape-font-specification:Arial Bold"
     x="274.09183"
     y="127.16754"
     id="text3523"
     sodipodi:linespacing="125%"><tspan
       sodipodi:role="line"
       id="tspan3525"
       x="274.09183"
       y="127.16754">1994</tspan></text>
  <text
     xml:space="preserve"
     style="font-size:31.69226265px;font-style:normal;font-variant:normal;font-weight:bold;font-stretch:normal;text-align:center;line-height:125%;letter-spacing:0px;word-spacing:0px;text-anchor:middle;fill:#000000;fill-opacity:1;stroke:none;font-family:Arial;-inkscape-font-specification:Arial Bold"
     x="381.51392"
     y="127.16755"
     id="text3527"
     sodipodi:linespacing="125%"><tspan
       sodipodi:role="line"
       id="tspan3529"
       x="381.51392"
       y="127.16755">1998</tspan></text>
  <path
     style="fill:#999999;fill-opacity:1;fill-rule:nonzero;stroke:none"
     d="m 557.98727,113.73199 c -1.19873,14.99412 -0.17286,30.39668 -0.51451,45.54816 0.39408,5.9476 -0.81302,12.22933 0.64991,17.95388 14.99413,1.19874 30.39668,0.17287 45.54817,0.51452 20.46031,-0.23047 41.11341,0.46293 61.4529,-0.34657 2.7067,-4.08595 0.48799,-10.52254 1.20967,-15.52217 -0.23048,-15.8387 0.46133,-31.86986 -0.34657,-47.58806 -4.08595,-2.70671 -10.52255,-0.488 -15.52217,-1.20968 -30.32934,0 -60.65867,0 -90.98801,0 l -0.79423,0.34658 -0.69516,0.30334 z"
     id="path3531"
     inkscape:connector-curvature="0"
     transform="scale(0.8,0.8)" />
  <path
     style="fill:#999999;fill-opacity:1;fill-rule:nonzero;stroke:none"
     d="m 692.3029,113.73199 c -1.19874,14.99412 -0.17286,30.39668 -0.51451,45.54816 0.39408,5.9476 -0.81302,12.22933 0.64991,17.95388 14.99413,1.19874 30.39668,0.17287 45.54816,0.51452 21.61577,-0.23021 43.42417,0.46267 64.91911,-0.34657 2.7067,-4.08595 0.48799,-10.52254 1.20967,-15.52217 -0.23047,-15.8387 0.46134,-31.86986 -0.34656,-47.58806 -4.08596,-2.70671 -10.52255,-0.488 -15.52218,-1.20968 -31.48473,0 -62.96947,0 -94.45421,0 l -0.79423,0.34658 -0.69516,0.30334 z"
     id="path3533"
     inkscape:connector-curvature="0"
     transform="scale(0.8,0.8)" />
  <path
     style="fill:#999999;fill-opacity:1;fill-rule:nonzero;stroke:none"
     d="m 831.81784,113.73199 c -1.19874,14.99412 -0.17286,30.39668 -0.51451,45.54816 0.39408,5.9476 -0.81302,12.22933 0.64991,17.95388 14.99413,1.19874 30.39668,0.17287 45.54816,0.51452 20.17142,-0.2307 40.53545,0.46163 60.58635,-0.34657 2.7067,-4.08595 0.48799,-10.52254 1.20967,-15.52217 -0.23047,-15.8387 0.46134,-31.86986 -0.34657,-47.58806 -4.08595,-2.70671 -10.52254,-0.488 -15.52217,-1.20968 -30.04048,0 -60.08097,0 -90.12145,0 l -0.79423,0.34658 -0.69516,0.30334 z"
     id="path3535"
     inkscape:connector-curvature="0"
     transform="scale(0.8,0.8)" />
  <path
     style="fill:#999999;fill-opacity:1;fill-rule:nonzero;stroke:none"
     d="m 966.13347,113.73199 c -1.19874,14.99412 -0.17286,30.39668 -0.51452,45.54816 0.39409,5.9476 -0.81301,12.22933 0.64992,17.95388 14.99412,1.19874 30.39668,0.17287 45.54813,0.51452 20.7491,-0.23071 41.6909,0.46165 62.3195,-0.34657 2.7067,-4.08595 0.488,-10.52254 1.2097,-15.52217 -0.2305,-15.8387 0.4613,-31.86986 -0.3466,-47.58806 -4.086,-2.70671 -10.5226,-0.488 -15.5222,-1.20968 -30.6182,0 -61.23636,0 -91.85454,0 l -0.79423,0.34658 -0.69516,0.30334 z"
     id="path3537"
     inkscape:connector-curvature="0"
     transform="scale(0.8,0.8)" />
</svg>
