<?xml version="1.0" standalone="no"?>
<!DOCTYPE svg PUBLIC "-//W3C//DTD SVG 20010904//EN"
 "http://www.w3.org/TR/2001/REC-SVG-20010904/DTD/svg10.dtd">
<svg version="1.0" xmlns="http://www.w3.org/2000/svg"
 width="750.000000pt" height="900.000000pt" viewBox="0 0 750.000000 900.000000"
 preserveAspectRatio="xMidYMid meet">
<metadata>
Created by potrace 1.10, written by Peter Selinger 2001-2011
</metadata>
<g transform="translate(0.000000,900.000000) scale(0.100000,-0.100000)"
fill="#000000" stroke="none">
<path d="M109 8850 c-5 -4 -8 -1655 -7 -4406 l3 -4399 3614 -3 c2518 -1 3618
1 3625 8 13 13 17 8772 5 8792 -7 11 -703 13 -3619 13 -1986 0 -3615 -2 -3621
-5z m721 -50 c3 0 5 -117 5 -260 l0 -260 -344 2 -344 3 1 260 c1 143 1 260 2
260 44 0 677 -4 680 -5z m718 -259 l2 -261 -330 0 -330 0 0 258 c0 142 2 261
4 263 2 2 150 3 328 2 l323 -1 3 -261z m720 0 l2 -261 -331 2 -330 3 -2 258
c-1 141 1 258 6 260 4 1 152 1 330 1 l322 -2 3 -261z m715 0 c1 -144 -1 -262
-5 -264 -5 -1 -155 -1 -335 1 l-328 3 0 257 c0 141 3 259 7 262 3 3 153 4 333
4 l327 -2 1 -261z m718 -1 c0 -144 -1 -263 -3 -264 -2 0 -153 0 -335 2 l-333
3 0 258 c0 142 2 260 4 262 2 2 153 3 336 3 l331 -2 0 -262z m747 1 l2 -260
-347 -3 c-192 -2 -349 -2 -351 -1 -3 1 -5 528 -2 528 0 0 156 -1 347 -1 l348
-2 3 -261z m712 259 c3 0 5 -117 5 -260 l0 -259 -328 -3 c-180 -2 -330 -2
-335 -1 -5 2 -8 528 -2 528 35 0 657 -4 660 -5z m710 0 c3 0 4 -116 3 -257
l-2 -258 -328 -3 -329 -2 2 262 c1 145 2 263 3 263 40 0 648 -4 651 -5z m718
-259 l2 -261 -330 0 -330 0 0 258 c0 142 2 261 4 263 2 2 150 3 328 3 l323 -2
3 -261z m715 2 l0 -258 -329 -3 -329 -2 0 257 c0 142 3 260 7 263 3 3 151 4
328 3 l322 -1 1 -259z m-6468 -317 c11 -4 12 -13 4 -38 -12 -42 -12 -363 0
-405 6 -19 6 -35 1 -38 -5 -3 -163 -6 -351 -6 l-342 0 1 245 c0 135 1 247 1
249 2 4 673 -2 686 -7z m711 1 c6 -6 6 -478 0 -484 -2 -2 -149 -4 -327 -4
l-324 0 -3 238 c-1 131 -1 242 2 248 3 10 642 12 652 2z m719 -242 l0 -246
-325 0 c-179 0 -327 1 -330 1 -8 0 -6 484 2 490 3 3 152 4 330 3 l323 -1 0
-247z m718 0 l0 -246 -324 0 c-178 0 -328 1 -334 1 -11 0 -15 482 -3 490 3 3
153 4 333 3 l328 -1 0 -247z m719 0 l1 -247 -333 1 c-183 0 -334 2 -337 4 -5
6 -5 476 1 485 2 4 153 6 336 5 l331 -1 1 -247z m744 242 c6 -5 6 -478 1 -483
-5 -5 -687 -7 -692 -2 -3 3 -8 467 -6 488 1 6 691 3 697 -3z m714 3 c10 0 5
-490 -5 -490 -5 0 -156 -1 -334 -1 l-324 0 1 245 c0 135 1 247 1 249 1 1 628
-1 661 -3z m710 0 c3 0 5 -110 5 -245 0 -135 -2 -245 -5 -245 -3 0 -151 -1
-330 -1 l-325 0 -1 243 c0 134 0 245 2 248 1 4 604 4 654 0z m715 -245 l0
-246 -324 0 c-178 0 -325 2 -327 4 -6 6 -6 476 0 485 2 4 150 6 328 5 l323 -2
0 -246z m718 0 l0 -246 -327 0 c-179 0 -331 3 -336 6 -5 3 -5 19 1 38 12 42
12 362 0 404 -7 25 -6 35 4 40 7 5 159 7 336 6 l322 -2 0 -246z m-6467 -299
c9 -3 10 -15 3 -43 -11 -51 -11 -359 0 -400 6 -21 6 -35 0 -39 -5 -3 -163 -6
-351 -6 l-341 0 1 246 c0 135 1 247 1 249 2 4 675 -2 687 -7z m712 1 c4 -3 5
-114 2 -247 l-5 -242 -325 0 -325 0 -3 238 c-1 131 -1 243 2 249 3 10 637 12
654 2z m717 -242 l0 -247 -322 1 c-178 0 -326 0 -330 1 -10 0 -11 483 -1 490
3 3 152 4 330 3 l323 -2 0 -246z m718 0 l0 -247 -329 1 c-181 0 -331 0 -334 1
-3 0 -5 110 -5 245 0 204 2 245 14 247 8 2 158 2 334 1 l320 -2 0 -246z m723
242 c3 -3 -1 -16 -10 -29 -9 -12 -16 -32 -16 -43 0 -12 -5 -26 -11 -32 -6 -6
-14 -26 -19 -44 -5 -19 -18 -59 -30 -89 -12 -30 -36 -100 -54 -155 l-32 -99
-250 1 -249 1 -5 241 c-3 133 -2 245 2 249 8 8 666 8 674 -1z m741 0 c3 -3 5
-398 3 -484 0 -5 -116 -8 -257 -7 l-258 0 -8 30 c-23 78 -40 131 -48 149 -5
11 -20 54 -34 95 -35 106 -54 160 -66 182 -23 42 -17 43 331 41 183 -1 335 -4
337 -6z m708 3 c10 0 15 -490 5 -490 -3 -1 -153 -1 -334 -1 l-329 -1 1 246 c0
135 1 247 1 249 1 1 507 -1 656 -3z m715 0 c8 0 6 -490 -2 -490 -5 -1 -153 -1
-330 -1 l-323 -1 -1 244 c0 133 0 245 2 248 1 4 543 4 654 0z m715 -245 l0
-247 -325 0 -325 0 -5 242 c-3 132 -2 244 2 248 4 4 152 6 330 5 l323 -2 0
-246z m718 0 l0 -246 -326 -1 c-179 0 -330 3 -336 6 -6 4 -6 18 0 39 11 40 11
349 0 400 -7 28 -6 39 4 45 8 4 159 6 336 5 l322 -2 0 -246z m-3524 47 c9 -36
10 -56 3 -65 -8 -9 -2 -23 19 -51 16 -22 29 -45 29 -52 0 -6 7 -25 15 -40 43
-84 0 -84 -87 -1 -21 20 -25 96 -6 127 10 15 10 22 0 32 -13 13 -17 100 -5
111 10 11 18 -4 32 -61z m-69 -93 c0 -45 -4 -61 -15 -66 -22 -8 -28 1 -28 44
0 45 19 97 33 88 5 -3 10 -33 10 -66z m0 -165 c0 -42 -2 -44 -28 -44 -49 0
-66 21 -59 71 3 25 13 49 24 57 28 20 63 -25 63 -84z m102 -17 c20 -8 -11 -27
-44 -27 -23 0 -28 5 -28 23 0 37 20 50 41 28 10 -10 24 -21 31 -24z m-306 -68
c5 -9 -100 -350 -147 -476 -8 -23 -12 -23 -169 -23 l-160 0 0 250 0 250 223 3
c122 1 227 3 234 5 6 1 15 -3 19 -9z m174 -11 c26 -19 30 -28 30 -69 0 -26 -5
-51 -10 -54 -6 -4 -29 9 -50 29 -22 20 -44 36 -48 36 -5 0 -15 11 -22 25 -28
52 43 76 100 33z m205 -1 c18 -29 57 -139 50 -145 -6 -6 -49 22 -106 70 -25
21 -49 38 -54 38 -11 0 -34 32 -35 48 0 8 19 12 65 12 56 0 66 -3 80 -23z
m-3051 -234 l-2 -248 -342 0 -343 0 1 243 c0 133 1 244 1 247 1 3 155 5 344 5
l342 0 -1 -247z m716 -2 l0 -250 -327 2 -328 2 -3 248 -2 247 330 0 330 0 0
-249z m716 2 l-1 -248 -328 0 -329 0 1 243 c0 133 0 244 1 247 0 3 148 5 329
5 l329 0 -2 -247z m716 -3 l0 -245 -332 0 -331 0 0 240 c0 132 0 243 0 248 1
4 150 6 332 5 l332 -3 -1 -245z m1468 0 l0 -250 -167 2 -166 3 -8 25 c-26 85
-112 346 -133 403 l-25 67 250 0 249 0 0 -250z m712 0 l0 -245 -332 0 -332 0
0 240 c0 132 1 243 1 248 1 4 150 6 332 5 l331 -3 0 -245z m710 0 l0 -245
-329 0 -328 0 -1 248 -1 247 329 -2 330 -3 0 -245z m716 3 l-3 -248 -327 -2
-328 -2 0 249 0 250 330 0 330 0 -2 -247z m715 -3 l0 -245 -328 0 -327 0 -2
248 -1 247 329 -2 330 -3 -1 -245z m-3441 88 c98 -80 116 -103 139 -180 13
-47 -9 -42 -69 14 -32 29 -78 66 -103 83 -73 49 -89 71 -89 121 0 24 5 44 10
44 6 0 56 -37 112 -82z m-262 49 c14 -12 44 -37 68 -55 36 -29 42 -39 42 -70
0 -66 -13 -71 -63 -25 -25 23 -58 48 -75 57 -34 18 -42 38 -30 84 10 38 24 40
58 9z m-21 -149 c21 -18 58 -48 84 -65 45 -31 47 -34 47 -82 0 -54 -24 -89
-37 -55 -8 21 -58 66 -127 115 -55 38 -62 52 -47 92 14 36 36 34 80 -5z m240
-30 c31 -28 81 -67 111 -87 66 -42 120 -90 120 -107 0 -7 -9 -15 -20 -19 -33
-10 -93 13 -137 54 -24 22 -63 52 -88 67 -25 14 -50 34 -55 44 -17 32 -12 100
8 100 2 0 30 -23 61 -52z m-196 -164 c26 -14 45 -29 42 -34 -8 -14 -128 -13
-158 1 -18 8 -30 8 -47 -1 -15 -8 -25 -9 -32 -2 -7 7 -4 14 9 21 15 7 19 18
15 40 -2 19 2 41 12 56 l17 26 47 -42 c26 -22 69 -52 95 -65z m170 35 c18 -16
45 -37 61 -45 38 -21 23 -32 -49 -36 l-60 -3 -3 34 c-4 35 4 81 14 81 3 0 19
-14 37 -31z m-183 -194 c95 -72 95 -72 98 -120 2 -26 -1 -52 -6 -57 -7 -7 -40
16 -93 62 -45 39 -111 89 -146 112 -35 22 -63 46 -63 52 0 26 24 37 70 30 35
-5 65 -22 140 -79z m84 79 c11 -4 16 -18 16 -43 0 -62 -11 -65 -64 -14 -36 34
-45 48 -34 54 15 10 60 12 82 3z m285 -32 c82 -47 128 -97 150 -167 12 -35 21
-69 21 -75 0 -11 -36 6 -55 26 -5 6 -39 35 -75 65 -36 30 -67 57 -70 60 -3 3
-27 20 -55 39 -47 31 -84 67 -85 82 0 16 128 -6 169 -30z m91 18 c12 -22 6
-40 -14 -40 -14 0 -38 45 -29 54 12 12 33 5 43 -14z m-3242 -4 c2 -3 5 -113 4
-243 l0 -238 -342 0 -342 0 0 233 c1 127 1 238 1 245 1 9 74 12 337 10 185 -1
339 -4 342 -7z m720 -240 l2 -246 -330 0 -330 0 0 243 c0 134 2 246 4 248 2 2
150 3 328 2 l323 -2 3 -245z m714 239 c4 -5 7 -117 7 -248 l0 -237 -330 2
-331 3 1 238 c0 131 2 241 5 245 7 11 640 9 648 -3z m719 3 c3 -46 0 -478 -4
-485 -3 -4 -152 -6 -332 -3 l-327 5 0 239 c1 145 4 241 10 245 15 9 652 7 653
-1z m343 -18 c-1 -14 -28 -104 -61 -200 -33 -96 -65 -194 -72 -216 -16 -57
-26 -63 -99 -57 l-62 6 0 242 c0 133 2 244 4 246 2 2 69 4 148 4 l143 -1 -1
-24z m1124 -222 l2 -245 -67 -6 c-73 -5 -93 -2 -93 18 0 18 -85 280 -122 378
-16 43 -28 83 -25 90 3 9 45 12 153 11 l149 -2 3 -244z m709 238 c3 -3 5 -112
5 -243 l-1 -238 -326 -5 c-180 -3 -329 -1 -332 3 -4 7 -7 439 -4 485 1 7 650
6 658 -2z m710 1 c2 -3 4 -112 4 -243 l1 -239 -330 -3 -330 -2 0 232 c0 128 2
240 4 248 3 13 47 15 325 13 177 -1 323 -4 326 -6z m721 -241 l2 -246 -330 0
-330 0 0 243 c0 134 2 246 4 248 2 2 150 3 328 2 l323 -2 3 -245z m713 239 c0
-5 1 -116 1 -245 l1 -235 -328 0 -327 0 0 236 c-1 130 2 240 5 245 7 13 647
12 648 -1z m-3487 -52 c89 -82 203 -171 343 -268 42 -29 84 -165 52 -165 -6 0
-25 15 -43 33 -55 58 -157 141 -310 254 -39 29 -81 60 -93 69 -18 13 -23 27
-23 64 0 43 5 60 18 60 3 0 28 -21 56 -47z m-376 -41 c15 -15 54 -48 87 -74
53 -40 75 -58 122 -98 7 -5 17 -10 22 -10 18 0 41 -44 41 -80 0 -61 -13 -66
-56 -23 -21 22 -61 57 -89 79 -27 21 -59 47 -70 56 -11 9 -45 34 -75 55 -59
42 -66 55 -51 96 13 34 35 34 69 -1z m399 -149 c8 -7 42 -34 76 -60 34 -26 71
-56 82 -65 10 -10 48 -37 82 -60 35 -22 62 -46 60 -52 -2 -6 -27 -12 -55 -14
-56 -3 -90 10 -137 54 -16 15 -63 52 -105 82 -93 68 -100 77 -100 123 0 68 8
75 48 37 20 -18 42 -39 49 -45z m-420 2 c68 -63 168 -141 230 -178 57 -35 68
-50 54 -75 -5 -9 -5 -26 0 -40 9 -25 5 -42 -12 -42 -5 0 -9 18 -9 40 0 39 0
40 -37 40 -40 1 -58 12 -179 111 -38 31 -85 66 -104 76 -36 20 -47 46 -36 89
9 36 38 30 93 -21z m-66 -111 c18 -19 62 -54 97 -76 65 -43 72 -52 46 -62 -40
-15 -91 -5 -143 29 -29 19 -57 35 -62 35 -12 0 -12 52 1 84 13 34 19 33 61
-10z m528 -89 c45 -30 50 -40 25 -49 -46 -18 -137 3 -154 34 -11 21 -13 80 -4
104 5 13 14 9 49 -23 23 -21 61 -51 84 -66z m-575 -18 c15 -23 -14 -52 -43
-42 -25 8 -28 40 -3 54 21 13 32 10 46 -12z m36 -77 c31 0 110 -36 110 -50 0
-9 198 -163 220 -172 25 -9 40 -40 40 -82 0 -69 -8 -72 -59 -23 -25 24 -95 84
-156 132 -60 48 -120 95 -132 105 -26 22 -78 50 -93 50 -20 0 -9 -27 23 -56
17 -16 64 -54 102 -84 39 -30 81 -64 95 -77 14 -13 28 -23 31 -23 3 0 17 -10
31 -22 14 -13 55 -45 92 -71 66 -47 67 -48 64 -90 -4 -62 -29 -60 -109 10
-112 97 -159 136 -288 233 l-123 93 6 40 c8 50 13 57 37 57 12 0 23 10 29 25
8 22 13 24 29 15 11 -5 34 -10 51 -10z m474 -16 c21 -14 46 -34 55 -43 23 -22
95 -82 162 -133 31 -24 91 -71 134 -105 42 -35 115 -88 161 -119 67 -45 84
-61 84 -81 0 -24 -1 -25 -52 -18 -61 8 -76 17 -229 143 -146 120 -125 103
-267 211 -112 85 -122 95 -122 125 0 55 16 59 74 20z m417 16 c9 0 20 -22 63
-123 34 -79 16 -76 -87 13 -44 39 -86 70 -94 70 -7 0 -13 9 -13 19 0 16 8 21
48 24 26 2 53 2 60 0 8 -2 18 -3 23 -3z m-3404 -14 c3 -3 5 -111 6 -242 l0
-236 -342 -2 c-187 0 -341 2 -342 7 -3 45 0 467 4 474 5 8 665 8 674 -1z m718
-238 l0 -243 -270 3 c-148 2 -291 -1 -317 -6 -31 -6 -50 -6 -57 1 -11 11 -17
478 -7 488 2 2 150 3 328 2 l323 -2 0 -243z m723 6 c1 -149 -1 -241 -8 -249
-7 -9 -25 -10 -67 -3 -32 6 -176 8 -320 6 -145 -2 -263 -2 -263 1 -3 72 0 472
3 478 3 4 151 7 329 6 l323 -2 3 -237z m715 229 c2 -10 3 -124 3 -253 l-1
-235 -35 3 c-19 2 -167 5 -328 6 -161 2 -295 5 -298 9 -3 3 -6 110 -6 239 l0
233 319 5 c175 3 323 6 330 8 6 1 13 -6 16 -15z m160 -15 c-1 -15 -8 -42 -16
-60 -8 -18 -22 -60 -32 -93 -10 -33 -24 -76 -31 -95 -7 -19 -16 -46 -20 -59
-5 -18 -8 -20 -15 -10 -8 13 -2 308 7 337 3 9 20 12 56 10 51 -3 53 -4 51 -30z
m488 1 c64 -45 79 -66 79 -110 0 -53 -16 -57 -58 -16 -21 19 -66 56 -102 82
-79 57 -73 51 -65 64 3 6 28 11 54 11 38 0 58 -7 92 -31z m473 -51 c58 -46
133 -102 165 -126 41 -29 66 -56 79 -85 24 -53 45 -117 40 -123 -3 -2 -27 15
-54 39 -28 23 -74 62 -104 87 -29 25 -58 50 -64 55 -6 6 -40 33 -76 60 -36 27
-72 56 -81 65 -9 9 -39 31 -68 49 -68 44 -67 61 3 61 53 0 58 -2 160 -82z
m348 -101 c5 -99 4 -186 -1 -194 -6 -11 -14 6 -31 58 -12 41 -28 90 -35 109
-7 19 -21 62 -31 95 -10 33 -22 66 -27 72 -5 7 -7 20 -3 28 4 13 18 15 63 13
l58 -3 7 -178z m641 170 l69 -2 0 -233 c0 -129 -3 -236 -6 -239 -3 -4 -140 -6
-303 -7 -224 -1 -304 -4 -321 -14 -12 -7 -27 -10 -33 -7 -7 5 -8 91 -5 258 3
139 5 252 5 252 82 0 547 -6 594 -8z m774 -1 c3 -3 6 -407 3 -477 0 -3 -114
-3 -252 -1 -139 2 -283 0 -321 -5 -47 -7 -70 -6 -76 1 -7 10 -13 472 -6 486 4
6 646 3 652 -4z m721 -232 c1 -150 -1 -241 -8 -249 -7 -9 -24 -10 -62 -3 -29
5 -172 8 -318 6 l-265 -3 -3 235 c-1 129 -1 239 2 245 2 7 114 9 327 8 l324
-2 3 -237z m710 231 c4 -4 6 -446 3 -475 -1 -3 -148 -4 -327 -4 l-327 1 0 236
c1 130 3 239 6 244 5 8 636 7 645 -2z m-3472 -172 c63 -56 179 -148 284 -227
66 -50 90 -73 90 -88 0 -13 -83 -9 -111 6 -23 12 -149 110 -203 158 -11 10
-38 30 -60 45 -78 53 -86 64 -86 108 0 40 7 58 20 53 4 -2 33 -26 66 -55z
m-599 -20 c45 -45 231 -195 285 -230 20 -14 44 -36 53 -49 l15 -24 -52 0 c-53
0 -105 24 -150 70 -27 29 -205 160 -216 160 -25 0 -25 66 0 98 15 18 23 15 65
-25z m-24 -149 c23 -22 68 -57 100 -78 74 -51 77 -76 10 -76 -40 0 -59 8 -119
48 -89 58 -100 74 -84 131 13 48 14 47 93 -25z m590 34 c18 -17 68 -58 112
-91 44 -33 83 -68 87 -78 7 -17 2 -19 -45 -19 -41 0 -62 7 -97 30 -25 17 -57
38 -72 48 -30 19 -38 38 -38 100 0 50 11 53 53 10z m-662 -137 c39 -36 34 -61
-11 -61 -61 0 -83 27 -60 71 15 26 33 24 71 -10z m654 -21 c7 -23 -1 -40 -20
-40 -13 0 -25 21 -25 46 0 22 38 17 45 -6z m-132 -69 c41 -16 57 -39 57 -86 0
-24 -4 -46 -9 -50 -5 -3 -24 8 -43 25 -18 17 -55 45 -81 62 -52 33 -51 44 3
51 19 2 38 5 42 5 4 1 18 -2 31 -7z m197 -1 c15 0 44 -18 75 -45 28 -25 115
-96 195 -157 80 -62 147 -115 150 -118 5 -7 85 -66 120 -90 51 -35 72 -58 68
-76 -6 -29 -89 -24 -128 8 -93 76 -187 153 -200 165 -8 7 -53 44 -100 80 -47
37 -105 83 -130 103 -25 20 -67 49 -95 65 -57 33 -65 42 -58 63 4 10 16 13 42
8 20 -3 47 -6 61 -6z m476 -28 c11 -10 42 -33 69 -52 28 -18 53 -38 57 -44 12
-17 9 -106 -2 -106 -6 0 -28 16 -49 35 -50 46 -180 145 -208 158 -37 17 -28
36 20 39 50 4 87 -6 113 -30z m124 6 c11 -21 12 -30 3 -39 -19 -19 -98 38 -81
58 18 22 60 12 78 -19z m-3617 -228 l0 -245 -342 -3 c-187 -1 -341 1 -342 5 0
12 -1 477 0 486 1 4 155 6 342 5 l342 -3 0 -245z m717 0 l0 -250 -330 0 -330
0 0 250 0 250 330 0 330 0 0 -250z m715 0 l0 -245 -327 -3 c-259 -2 -328 0
-328 10 -1 25 -1 473 0 481 0 4 147 6 328 5 l327 -3 0 -245z m700 240 c3 -5
-4 -33 -16 -62 -32 -81 -47 -123 -105 -298 -18 -58 -34 -111 -34 -117 0 -10
-56 -13 -245 -13 -189 0 -245 3 -246 13 0 13 0 480 1 485 1 8 640 1 645 -8z
m131 -36 c44 -41 143 -122 242 -197 20 -15 48 -37 62 -48 14 -11 80 -61 147
-112 67 -50 119 -95 116 -100 -3 -5 -35 -6 -71 -2 -68 7 -82 15 -152 79 -19
17 -63 53 -97 79 -34 26 -68 53 -75 60 -22 21 -172 133 -195 145 -40 22 -53
42 -53 86 0 70 10 72 76 10z m200 3 c27 -24 72 -61 100 -83 28 -21 75 -58 105
-81 63 -50 108 -83 167 -124 40 -28 42 -32 42 -78 0 -28 -5 -53 -11 -56 -5 -4
-34 15 -62 42 -29 26 -72 64 -97 83 -24 19 -51 42 -60 50 -8 8 -31 26 -50 40
-32 23 -168 128 -216 168 -11 9 -38 27 -60 39 -60 34 -55 43 24 43 68 0 71 -1
118 -43z m191 15 c31 -32 185 -148 204 -154 16 -5 25 -103 10 -113 -7 -4 -30
10 -54 32 -91 82 -277 223 -310 236 -35 13 -5 27 58 27 56 0 67 -3 92 -28z
m640 -8 c21 -19 92 -75 158 -124 171 -126 175 -130 175 -184 0 -25 -4 -47 -9
-50 -7 -5 -57 28 -81 54 -19 20 -352 281 -383 299 -20 13 -35 27 -31 32 3 5
34 9 70 9 60 0 66 -2 101 -36z m1035 -212 c0 -134 -2 -245 -4 -247 -6 -7 -479
-7 -486 0 -9 9 -32 78 -32 100 0 11 -7 29 -15 39 -8 11 -15 30 -15 42 0 12 -6
35 -14 51 -26 52 -46 104 -46 118 0 13 -20 67 -42 108 -5 10 -6 22 -3 28 4 6
129 8 331 7 l325 -3 1 -243z m709 6 c0 -131 0 -243 -1 -248 0 -7 -111 -9 -327
-8 l-328 3 -1 240 c-1 132 1 243 3 248 2 4 151 6 329 5 l326 -3 -1 -237z m719
-8 l0 -250 -330 0 -330 0 0 250 0 250 330 0 330 0 0 -250z m713 0 l0 -245
-328 0 -328 0 1 243 c0 133 1 244 1 247 1 3 148 4 328 3 l326 -3 0 -245z
m-3358 19 c61 -46 119 -91 130 -101 11 -9 61 -47 110 -85 50 -38 89 -73 87
-78 -2 -6 -28 -9 -60 -7 -54 3 -101 26 -137 66 -11 12 -171 140 -273 218 -65
50 -73 70 -56 136 6 22 8 21 48 -21 22 -24 91 -81 151 -128z m-955 25 c0 -24
-5 -34 -15 -34 -10 0 -15 10 -15 33 0 19 3 37 6 40 13 13 24 -5 24 -39z m81
20 c13 -14 53 -49 89 -77 36 -28 67 -54 70 -57 3 -4 43 -35 90 -70 118 -88
133 -102 118 -112 -7 -4 -38 -5 -68 -1 -53 6 -97 29 -143 75 -10 10 -21 18
-25 18 -4 0 -25 16 -47 35 -22 20 -58 48 -80 63 -53 35 -55 39 -55 93 0 67 12
74 51 33z m1454 -59 c9 -35 9 -45 -2 -49 -7 -3 -17 3 -23 14 -17 32 -10 103 9
85 3 -4 10 -26 16 -50z m-547 -170 c29 -22 62 -47 74 -56 35 -26 14 -40 -50
-32 -55 6 -98 28 -145 75 -10 10 -30 26 -45 36 -59 38 -72 55 -72 93 0 74 5
73 99 -4 48 -40 111 -90 139 -112z m-990 86 c4 -69 -10 -84 -45 -49 -25 26
-26 29 -14 68 10 34 16 41 34 38 19 -3 22 -10 25 -57z m1593 -90 c37 -84 13
-112 -52 -60 -37 29 -39 34 -39 84 0 29 3 61 7 71 6 15 10 13 35 -17 16 -19
38 -54 49 -78z m-1363 -58 c24 -24 0 -34 -66 -27 -50 6 -67 13 -97 39 -30 28
-35 39 -35 77 0 25 3 47 6 51 5 5 158 -106 192 -140z m-288 67 c0 -5 6 -10 13
-10 22 0 49 -37 45 -62 -3 -21 -8 -23 -53 -23 -45 0 -50 2 -53 23 -5 31 17 82
34 82 8 0 14 -4 14 -10z m842 3 c2 -5 25 -26 52 -47 40 -32 45 -41 32 -48 -9
-5 -38 -8 -64 -6 l-47 3 -3 53 c-2 40 0 52 12 52 8 0 16 -3 18 -7z m-64 -157
c2 -16 1 -40 -3 -54 l-6 -25 -27 25 c-15 14 -40 33 -55 43 -34 22 -26 32 28
38 56 5 60 4 63 -27z m-2874 -245 l1 -261 -345 0 -345 0 2 262 c1 145 2 263 2
263 1 0 154 -1 342 -1 l341 -2 2 -261z m714 0 l2 -261 -330 0 -330 0 0 258 c0
142 2 261 4 263 2 2 150 3 328 2 l323 -1 3 -261z m719 3 c1 -142 -2 -261 -7
-264 -4 -3 -154 -4 -332 -2 l-323 3 2 262 c1 144 2 262 3 262 0 0 147 -1 327
-1 l328 -2 2 -258z m516 246 c-2 -8 -34 -105 -71 -215 -38 -111 -74 -222 -80
-247 -7 -25 -17 -48 -24 -50 -7 -2 -76 -2 -153 0 l-140 4 0 256 c0 142 3 259
7 262 3 3 109 5 235 5 194 -1 228 -3 226 -15z m121 8 c13 -13 38 -31 64 -47
16 -10 27 -72 18 -106 l-6 -25 -70 56 c-70 56 -80 76 -64 118 7 19 40 21 58 4z
m86 -2 c0 -20 -19 -31 -32 -18 -6 6 -7 15 -4 21 10 16 36 13 36 -3z m153 -25
c57 -52 147 -124 362 -286 99 -74 186 -140 193 -146 7 -6 12 -23 10 -37 -3
-23 -8 -27 -38 -30 -30 -2 -46 6 -115 64 -44 36 -82 69 -85 73 -3 4 -21 18
-40 31 -19 13 -41 30 -49 38 -24 23 -170 135 -259 198 -47 33 -90 70 -95 82
-15 34 -2 52 38 52 27 0 45 -9 78 -39z m192 12 c60 -57 293 -236 331 -256 17
-9 34 -24 38 -32 9 -26 7 -93 -4 -100 -5 -3 -56 34 -112 83 -109 93 -324 259
-383 293 -19 12 -32 25 -29 30 3 5 33 9 67 9 54 0 66 -4 92 -27z m245 -28 c36
-30 75 -59 87 -64 12 -6 27 -19 32 -30 14 -25 14 -81 1 -101 -9 -13 -12 -13
-20 2 -13 22 -147 129 -232 186 -37 24 -65 49 -62 53 3 5 33 9 67 9 60 0 64
-2 127 -55z m392 23 c44 -42 121 -103 317 -251 86 -65 159 -126 163 -135 12
-30 9 -82 -6 -88 -8 -3 -29 9 -49 28 -90 88 -516 419 -567 441 -33 15 -33 14
-25 26 3 6 35 11 69 11 57 0 66 -3 98 -32z m204 4 c50 -47 122 -105 197 -157
76 -53 96 -88 83 -140 -7 -26 -7 -26 -30 -8 -48 37 -171 137 -176 143 -10 12
-126 97 -182 135 -32 21 -55 41 -52 46 3 5 33 9 68 9 54 0 66 -4 92 -28z m188
13 c8 -8 17 -15 21 -15 3 0 21 -16 40 -35 27 -26 35 -43 35 -69 0 -19 -5 -38
-10 -41 -6 -4 -31 11 -56 32 -67 56 -147 112 -161 113 -14 0 -17 13 -6 23 13
14 121 7 137 -8z m94 -3 c4 -14 -34 -16 -42 -3 -6 10 13 21 28 17 6 -1 12 -8
14 -14z m137 -4 c29 -22 75 -114 75 -148 0 -25 -20 -26 -46 -2 -10 9 -39 33
-64 51 -59 45 -70 59 -70 93 0 26 3 28 39 28 24 0 48 -8 66 -22z m565 13 c3
-1 5 -118 5 -260 l0 -259 -145 -4 c-80 -2 -151 0 -157 5 -7 5 -18 28 -24 51
-7 22 -43 135 -80 249 -38 115 -67 212 -65 215 3 5 430 7 466 3z m713 -260 l2
-260 -323 -3 c-178 -2 -327 -1 -332 2 -5 4 -7 525 -1 525 1 0 148 -1 327 -1
l325 -2 2 -261z m715 0 l2 -261 -330 0 -330 0 0 258 c0 142 2 261 4 263 2 2
150 3 328 3 l323 -2 3 -261z m716 0 l1 -261 -330 0 -330 0 2 262 c1 145 2 263
2 263 1 0 148 -1 328 -1 l326 -2 1 -261z m-3488 201 c27 -26 81 -73 119 -102
39 -30 72 -57 75 -61 4 -5 291 -220 364 -273 36 -26 24 -36 -44 -36 -63 0 -86
13 -211 122 -72 62 -286 230 -324 253 -45 28 -55 45 -55 90 0 70 11 71 76 7z
m-931 -96 c22 -17 42 -34 43 -38 2 -5 10 -8 17 -8 23 0 45 -42 45 -87 0 -23
-4 -44 -9 -48 -5 -3 -25 10 -45 28 -20 19 -55 47 -78 63 -24 16 -46 33 -50 39
-20 26 2 102 25 88 7 -4 30 -21 52 -37z m335 -105 c41 -32 86 -68 99 -80 13
-11 27 -21 30 -21 3 0 24 -16 46 -36 22 -19 66 -51 97 -72 32 -20 56 -41 55
-47 -2 -5 -27 -11 -56 -13 -66 -4 -82 6 -245 150 -17 15 -39 30 -48 34 -10 3
-18 9 -18 13 0 3 -34 31 -75 60 -78 56 -97 89 -80 140 6 20 10 19 63 -24 31
-26 91 -72 132 -104z m1311 125 c11 -14 51 -46 89 -71 71 -47 94 -77 117 -150
24 -75 18 -74 -82 16 -44 39 -96 79 -116 90 -41 21 -49 35 -49 88 0 57 12 64
41 27z m-744 -66 c14 -17 73 -67 131 -112 59 -46 116 -91 127 -101 11 -10 46
-34 77 -55 32 -20 56 -41 55 -47 -6 -17 -94 -17 -129 0 -18 8 -51 32 -73 51
-62 55 -88 77 -126 104 -18 13 -38 28 -44 32 -5 5 -22 17 -37 29 -22 16 -28
29 -28 59 0 38 8 70 17 70 2 0 16 -14 30 -30z m-943 -85 c28 -25 71 -60 96
-78 44 -32 45 -34 45 -88 0 -32 -4 -54 -11 -54 -6 0 -40 26 -75 59 -35 32 -81
68 -102 80 -46 26 -55 54 -31 95 10 17 20 31 22 31 2 0 27 -20 56 -45z m1679
1 c3 -8 65 -58 136 -112 147 -109 163 -134 85 -134 -25 0 -55 5 -67 11 -25 14
-120 90 -125 102 -2 4 -9 7 -15 7 -27 0 -47 34 -47 80 0 26 3 50 7 53 10 11
20 8 26 -7z m-1405 -53 c38 -32 103 -83 145 -113 42 -30 75 -59 73 -65 -1 -5
-26 -11 -55 -13 -55 -3 -84 9 -155 69 -79 67 -106 98 -106 122 0 31 9 57 21
57 4 0 39 -26 77 -57z m672 -31 c16 -16 66 -55 110 -87 88 -65 88 -75 2 -75
-55 0 -84 13 -134 59 -23 20 -28 33 -28 71 0 41 5 60 17 60 2 0 17 -13 33 -28z
m-990 -52 c24 -22 60 -50 82 -62 21 -12 37 -27 35 -32 -2 -6 -27 -12 -55 -14
-81 -5 -176 53 -153 95 5 10 12 26 15 36 8 27 30 20 76 -23z m1786 -78 c29
-16 5 -32 -47 -32 l-49 0 0 43 c0 24 3 47 6 50 4 4 22 -6 40 -22 18 -16 40
-34 50 -39z m-1515 37 c13 -12 34 -28 47 -37 32 -21 14 -34 -44 -30 -45 3 -49
5 -52 31 -4 32 3 57 16 57 5 0 20 -10 33 -21z m-351 -48 c0 -14 -18 -23 -30
-16 -6 4 -8 11 -5 16 8 12 35 12 35 0z m1050 -6 c0 -8 -7 -15 -15 -15 -16 0
-20 12 -8 23 11 12 23 8 23 -8z m-2934 -59 c10 -4 11 -13 3 -38 -12 -42 -12
-333 0 -375 6 -20 6 -35 0 -38 -5 -4 -162 -6 -350 -6 l-342 0 1 230 c0 127 1
232 1 234 2 4 674 -2 687 -7z m711 1 c5 -6 5 -448 -1 -454 -2 -2 -149 -4 -327
-4 l-324 0 -3 223 c-1 122 -1 227 2 233 3 10 643 12 653 2z m718 -227 l0 -231
-322 0 c-178 0 -326 1 -330 1 -10 0 -11 453 -1 460 3 3 152 4 330 3 l323 -1 0
-232z m330 225 c0 -11 -32 -102 -45 -126 -5 -9 -12 -33 -15 -53 -4 -20 -11
-38 -15 -41 -5 -3 -11 -23 -15 -45 -4 -22 -11 -42 -16 -46 -5 -3 -9 -14 -9
-26 0 -11 -6 -34 -14 -51 -8 -18 -16 -41 -18 -52 -2 -16 -12 -21 -47 -23 -92
-7 -86 -23 -86 235 0 125 3 230 7 233 13 10 273 5 273 -5z m193 1 c15 -8 36
-24 47 -36 10 -11 50 -44 87 -72 66 -48 68 -51 68 -93 0 -24 -4 -46 -9 -50 -5
-3 -27 11 -48 31 -46 43 -218 174 -229 174 -13 0 -44 32 -44 47 0 18 92 18
128 -1z m202 -33 c0 -68 -11 -79 -40 -47 -14 14 -40 35 -60 46 -47 29 -46 28
-30 38 8 6 41 10 73 10 l57 0 0 -47z m249 10 c25 -21 62 -52 82 -70 20 -18
105 -85 190 -147 200 -149 199 -148 199 -191 0 -32 -2 -35 -30 -35 -29 0 -41
8 -150 107 -19 17 -50 42 -67 55 -18 13 -76 57 -129 98 -139 108 -255 190
-271 190 -14 0 -17 12 -6 23 3 4 35 7 71 7 60 0 68 -3 111 -37z m177 24 c12
-7 46 -33 75 -59 81 -71 168 -138 178 -138 18 0 41 -44 41 -76 0 -65 -8 -68
-60 -22 -98 89 -269 222 -343 267 -29 18 -35 26 -25 32 20 13 110 10 134 -4z
m221 -4 c60 -39 73 -58 73 -106 0 -44 -15 -70 -29 -50 -11 18 -125 109 -161
129 -19 10 -37 20 -40 22 -2 2 2 7 10 12 26 17 118 12 147 -7z m64 -6 c-13
-13 -26 -3 -16 12 3 6 11 8 17 5 6 -4 6 -10 -1 -17z m215 -55 c49 -42 108 -90
130 -106 21 -16 46 -36 54 -43 34 -31 151 -117 237 -175 50 -34 90 -65 87 -70
-3 -4 -34 -8 -69 -8 -62 0 -65 1 -132 56 -103 84 -195 157 -323 257 -30 23
-73 53 -95 66 -49 30 -65 48 -65 78 0 20 5 23 43 23 38 0 50 -7 133 -78z m142
56 c42 -32 147 -116 198 -159 24 -21 75 -59 114 -85 75 -50 90 -72 90 -129 0
-44 -12 -50 -42 -22 -32 29 -100 85 -210 172 -166 132 -224 175 -264 196 -48
26 -47 25 -39 38 3 6 32 11 64 11 44 0 65 -5 89 -22z m215 -5 c19 -16 67 -53
106 -83 74 -56 92 -90 76 -139 -6 -21 -7 -21 -43 9 -72 60 -232 181 -268 202
-44 26 -31 38 42 38 41 0 58 -6 87 -27z m185 -15 c6 -67 -7 -73 -66 -29 -28
22 -57 41 -64 43 -6 2 -8 10 -4 17 5 8 28 11 69 9 l62 -3 3 -37z m215 30 c29
-15 110 -80 120 -95 4 -7 13 -13 20 -13 18 0 55 -59 72 -115 8 -28 15 -51 15
-52 0 -8 -53 29 -86 59 -64 59 -237 188 -261 194 -23 6 -28 15 -16 27 11 11
113 8 136 -5z m145 -25 c4 -39 -7 -41 -51 -11 -18 13 -34 24 -37 26 -12 8 28
22 55 20 26 -3 30 -7 33 -35z m342 28 c10 -2 5 -456 -5 -463 -5 -4 -35 -8 -65
-8 -63 0 -59 -5 -99 125 -12 39 -25 77 -28 85 -4 8 -12 33 -18 55 -7 22 -26
77 -42 122 -17 45 -29 84 -27 86 3 3 255 1 284 -2z m710 -1 c3 0 5 -103 5
-230 0 -126 -2 -230 -5 -230 -3 0 -151 -1 -330 -1 l-325 -1 -3 224 c-1 123 0
228 2 233 2 7 519 12 656 5z m715 -230 l0 -231 -324 0 c-178 0 -325 2 -327 4
-6 6 -6 446 0 455 2 4 150 6 328 5 l323 -2 0 -231z m719 0 l0 -231 -327 0
c-180 0 -331 2 -336 5 -5 4 -5 22 0 43 11 51 11 330 0 370 -7 25 -6 35 4 40 7
5 159 7 336 6 l323 -2 0 -231z m-2772 185 c36 -46 333 -275 356 -275 16 0 84
-128 76 -142 -14 -22 -61 -6 -109 39 -28 25 -79 69 -115 97 -36 28 -74 59 -85
69 -11 10 -50 38 -86 63 -74 49 -79 57 -79 118 0 62 11 70 42 31z m-1457 -20
c53 -55 432 -347 476 -367 43 -19 30 -33 -35 -36 -64 -3 -97 12 -166 80 -19
19 -99 82 -176 141 -78 58 -144 113 -148 122 -8 21 -8 59 0 79 6 17 21 11 49
-19z m-310 -82 c57 -49 132 -107 165 -130 59 -42 60 -43 60 -91 0 -27 -3 -52
-6 -55 -4 -3 -41 24 -83 62 -93 84 -238 191 -257 191 -10 0 -14 13 -14 48 0
84 5 83 135 -25z m1033 11 c54 -53 273 -222 348 -269 35 -22 62 -44 60 -50 -1
-5 -28 -11 -60 -13 -64 -3 -81 4 -162 76 -88 76 -199 161 -211 162 -26 0 -43
72 -27 114 8 22 10 21 52 -20z m-1013 -196 c95 -70 155 -108 172 -108 13 0 13
-3 3 -15 -13 -16 -124 -21 -147 -7 -14 9 -81 65 -126 105 -18 16 -49 38 -69
50 -43 23 -48 48 -22 99 l16 31 56 -55 c32 -30 84 -75 117 -100z m360 47 c57
-46 131 -101 162 -122 32 -20 60 -39 63 -41 12 -9 -30 -22 -74 -22 -42 0 -56
6 -95 37 -25 21 -48 40 -51 43 -3 4 -31 25 -62 48 -34 25 -60 53 -64 67 -6 25
2 75 11 75 3 0 52 -38 110 -85z m1401 54 c32 -35 198 -162 257 -198 47 -29 36
-41 -37 -41 -46 0 -54 4 -141 75 -51 41 -97 75 -103 75 -17 0 -32 35 -32 73 0
56 14 60 56 16z m-773 -43 c7 -17 132 -118 184 -148 50 -29 50 -28 33 -38 -8
-6 -39 -10 -69 -10 -49 0 -58 4 -117 51 -59 46 -64 54 -64 89 0 60 19 92 33
56z m-1155 -87 c26 -23 66 -52 90 -66 52 -31 42 -43 -36 -43 -39 0 -63 6 -92
25 -45 29 -49 38 -35 103 7 31 20 28 73 -19z m1905 -4 c4 -8 31 -31 62 -51 66
-44 60 -54 -32 -54 l-63 0 0 53 c0 30 3 57 7 60 10 11 20 8 26 -8z m-1432 -30
c23 -20 51 -41 62 -46 33 -18 4 -30 -64 -27 -62 3 -64 4 -67 32 -4 35 5 76 17
76 5 0 28 -16 52 -35z m703 -66 c-3 -5 -16 -9 -30 -9 -17 0 -24 6 -24 18 0 10
3 21 6 25 9 9 55 -24 48 -34z m-1246 9 c-7 -19 -38 -22 -38 -4 0 10 9 16 21
16 12 0 19 -5 17 -12z m-1716 -276 c-3 -132 0 -232 6 -254 7 -25 7 -40 0 -44
-5 -3 -163 -6 -350 -6 l-340 1 -2 260 c0 144 2 262 6 264 5 1 160 1 346 -1
l338 -3 -4 -217z m711 218 c4 0 6 -117 5 -261 l-3 -261 -325 0 -325 0 -3 253
c-1 140 -1 258 2 264 3 8 203 10 649 5z m725 -228 c2 -174 -1 -239 -11 -264
l-13 -32 -315 2 c-172 1 -316 2 -319 2 -3 0 -5 117 -5 260 l0 260 320 2 c176
2 325 3 330 2 6 0 11 -87 13 -232z m149 222 c3 -8 -1 -32 -9 -52 -21 -51 -38
-101 -48 -137 -15 -57 -41 -109 -49 -96 -12 19 0 285 13 293 21 14 86 9 93 -8z
m193 -1 c21 -15 102 -81 241 -197 14 -11 51 -38 82 -59 56 -37 57 -38 57 -87
0 -27 -4 -51 -8 -54 -5 -3 -33 17 -63 45 -66 62 -393 309 -408 309 -14 0 -34
38 -26 50 10 17 98 12 125 -7z m213 -5 c18 -12 38 -28 46 -36 8 -7 38 -31 68
-53 50 -37 53 -42 53 -84 0 -24 -5 -47 -10 -50 -6 -4 -30 11 -53 32 -23 21
-71 61 -107 88 -36 27 -67 52 -70 55 -3 3 -22 17 -43 29 -47 29 -36 41 36 41
35 0 58 -7 80 -22z m167 -21 c0 -24 -3 -47 -6 -50 -4 -4 -22 6 -40 22 -18 16
-40 34 -50 39 -29 16 -5 32 47 32 l49 0 0 -43z m250 26 c14 -10 66 -51 115
-93 109 -92 243 -196 297 -231 22 -15 44 -33 49 -40 12 -20 11 -96 -1 -104 -6
-4 -32 14 -58 38 -69 67 -318 261 -526 411 -14 10 -23 22 -20 27 10 16 118 10
144 -8z m193 6 c12 -7 50 -35 84 -64 33 -29 91 -74 127 -100 63 -46 66 -51 66
-89 0 -45 -15 -78 -27 -60 -29 40 -50 59 -148 134 -60 46 -112 87 -115 90 -3
3 -31 23 -63 44 -40 28 -53 42 -45 48 19 12 96 10 121 -3z m225 -6 c42 -26 52
-43 52 -87 0 -66 -10 -69 -64 -19 -27 24 -68 56 -90 70 -52 32 -49 30 -41 42
10 18 112 13 143 -6z m256 -40 c39 -32 77 -64 86 -73 8 -8 44 -37 80 -64 36
-27 73 -58 83 -68 10 -10 21 -18 25 -18 4 0 23 -14 42 -31 19 -18 77 -61 128
-97 88 -62 114 -95 97 -121 -3 -6 -21 -11 -39 -11 -28 0 -83 35 -126 80 -17
18 -218 175 -345 269 -82 61 -162 121 -177 132 -16 12 -28 30 -28 40 0 16 8
19 51 19 48 0 57 -4 123 -57z m183 20 c26 -20 53 -41 59 -47 44 -42 142 -120
226 -180 55 -39 68 -53 74 -82 4 -20 2 -44 -2 -55 -9 -19 -15 -16 -79 38 -39
32 -119 97 -180 143 -60 47 -116 90 -124 98 -7 7 -41 31 -75 54 -33 23 -63 42
-65 44 -1 1 0 7 4 13 3 6 30 11 60 11 46 0 60 -5 102 -37z m193 21 c14 -10 30
-22 35 -29 6 -6 36 -30 67 -54 60 -45 78 -83 63 -130 -9 -29 -19 -27 -68 17
-23 21 -62 53 -87 72 -25 19 -47 37 -50 40 -3 3 -31 23 -63 44 -66 45 -62 56
23 56 35 0 65 -6 80 -16z m168 -23 c5 -55 -11 -58 -67 -14 -28 22 -47 43 -44
47 4 4 30 6 58 4 49 -3 50 -4 53 -37z m279 1 c21 -18 65 -53 98 -79 33 -26 65
-52 71 -58 14 -12 39 -30 109 -78 28 -18 56 -47 64 -63 8 -16 20 -41 28 -56
17 -35 17 -78 -1 -78 -8 0 -16 4 -18 8 -5 14 -144 131 -263 222 -60 47 -116
91 -124 98 -8 7 -45 34 -82 59 -38 25 -66 49 -63 55 4 6 35 9 75 6 59 -3 73
-8 106 -36z m192 13 c49 -30 89 -81 97 -124 4 -17 11 -34 15 -37 14 -8 10 -34
-4 -34 -8 0 -33 18 -58 40 -24 23 -81 68 -126 102 -90 67 -91 78 -10 78 33 0
59 -7 86 -25z m217 19 c21 -5 22 -13 26 -157 3 -84 2 -158 -2 -166 -5 -10 -14
0 -29 34 -11 26 -21 52 -21 57 0 14 -31 109 -43 133 -14 27 -27 87 -21 97 6 9
59 10 90 2z m417 -4 l312 0 0 -260 c0 -143 -2 -260 -5 -260 -104 -5 -651 -2
-656 3 -8 8 -6 506 3 519 3 5 12 7 20 4 8 -3 155 -6 326 -6z m1022 -260 l0
-262 -325 0 -325 0 -3 258 c-1 150 2 260 7 263 5 3 152 5 328 4 l318 -2 0
-261z m719 -1 l-1 -261 -328 0 -327 0 -2 261 -1 261 330 0 330 0 -1 -261z
m-4222 218 c39 -39 346 -290 408 -334 14 -10 58 -42 99 -71 41 -29 80 -51 87
-48 19 7 29 -14 13 -25 -8 -5 -41 -9 -74 -9 -58 0 -91 12 -120 45 -25 28 -219
180 -395 309 -71 52 -78 63 -79 117 -1 59 13 63 61 16z m1500 -32 c35 -33 133
-114 218 -181 142 -110 207 -157 312 -225 21 -13 36 -28 35 -34 -2 -5 -32 -11
-68 -13 -60 -2 -66 0 -100 30 -20 18 -49 44 -65 58 -51 44 -284 223 -343 263
-31 21 -62 46 -68 55 -14 17 -18 94 -6 106 10 10 16 6 85 -59z m-2055 -29
c108 -96 321 -265 398 -316 59 -40 65 -47 65 -82 0 -26 -3 -28 -38 -28 -27 0
-45 8 -67 28 -30 27 -152 127 -263 214 -33 26 -85 63 -116 83 -50 32 -56 39
-56 69 0 75 19 83 77 32z m1353 -86 c24 -19 60 -49 80 -66 51 -44 274 -211
315 -235 19 -12 32 -25 29 -30 -10 -16 -118 -10 -144 8 -14 9 -27 20 -30 23
-17 22 -228 186 -367 285 -18 13 -23 26 -23 64 0 26 3 51 7 54 3 4 25 -10 47
-31 23 -20 61 -53 86 -72z m-740 -75 c138 -111 192 -152 259 -199 39 -27 68
-53 65 -57 -3 -5 -32 -9 -65 -9 -54 0 -64 3 -92 31 -31 31 -199 160 -249 192
-20 12 -28 28 -33 61 -4 25 -4 50 0 56 7 11 6 12 115 -75z m1403 55 c30 -29
102 -87 240 -192 34 -26 83 -60 109 -75 26 -16 46 -32 45 -38 -2 -5 -33 -11
-69 -13 l-65 -3 -79 67 c-43 37 -81 70 -84 73 -3 3 -32 24 -65 45 -33 22 -66
47 -72 55 -16 18 -17 111 -2 111 5 0 24 -14 42 -30z m-2056 -34 c26 -24 71
-61 98 -81 28 -21 64 -50 80 -64 17 -15 63 -48 104 -75 85 -57 82 -71 -10 -64
-50 4 -66 9 -83 29 -12 13 -50 46 -86 73 -36 27 -72 57 -81 65 -9 9 -37 28
-63 43 -50 30 -57 51 -30 93 9 14 18 25 20 25 2 0 25 -20 51 -44z m1318 -43
c95 -86 264 -212 283 -213 8 0 12 -6 10 -12 -3 -8 -28 -14 -67 -16 -57 -3 -64
-1 -92 28 -41 41 -145 120 -158 120 -28 0 -57 101 -34 123 10 11 13 9 58 -30z
m-1349 -93 c30 -27 84 -68 120 -91 73 -48 71 -59 -14 -59 -50 0 -112 23 -112
41 0 4 -20 19 -45 33 -39 23 -45 31 -45 61 0 80 22 84 96 15z m2207 -90 c31
-19 55 -39 53 -45 -1 -5 -30 -11 -63 -13 -44 -2 -63 1 -73 13 -7 8 -18 15 -24
15 -6 0 -24 11 -39 25 -20 20 -27 35 -27 65 0 72 7 75 65 23 28 -27 77 -64
108 -83z m-1565 79 c26 -22 72 -57 104 -77 31 -20 56 -41 54 -47 -1 -5 -29
-11 -61 -13 -52 -3 -63 0 -106 30 -51 35 -69 62 -69 107 0 54 17 54 78 0z
m783 -110 c20 -10 20 -12 6 -21 -9 -5 -45 -8 -79 -6 l-63 3 -3 39 c-2 22 -1
50 2 63 6 22 7 22 61 -22 30 -24 65 -49 76 -56z m-1498 21 c14 -11 30 -20 37
-20 6 0 10 -6 8 -12 -6 -19 -118 -24 -118 -6 0 17 28 58 39 58 5 0 20 -9 34
-20z m681 -29 c7 -11 -22 -23 -35 -15 -5 3 -7 10 -4 15 8 12 32 12 39 0z
m1464 -3 c-3 -7 -11 -13 -18 -13 -7 0 -15 6 -17 13 -3 7 4 12 17 12 13 0 20
-5 18 -12z m-2309 -57 c12 -8 7 -28 -27 -118 -22 -59 -57 -160 -77 -223 -20
-63 -41 -125 -46 -138 l-9 -22 -226 2 -226 3 1 240 c0 132 1 243 1 247 0 4
129 9 288 11 158 1 292 3 297 5 6 1 16 -2 24 -7z m243 1 c20 -4 47 -16 60 -27
13 -11 45 -38 73 -60 77 -62 97 -79 115 -95 9 -8 45 -37 81 -64 35 -28 71 -56
79 -64 8 -7 38 -28 65 -45 48 -31 50 -34 53 -81 5 -77 -10 -79 -81 -9 -34 33
-120 105 -192 159 -71 54 -132 101 -135 104 -6 7 -87 68 -120 90 -12 8 -28 21
-36 28 -7 6 -16 12 -21 12 -16 1 -54 40 -48 50 7 11 52 12 107 2z m228 -2 c9
0 28 -10 41 -22 14 -13 56 -48 94 -78 39 -30 76 -60 83 -67 7 -7 17 -13 21
-13 5 0 20 -11 35 -25 21 -19 26 -33 26 -69 0 -25 -4 -48 -10 -51 -5 -3 -43
22 -83 57 -91 78 -89 76 -217 172 -58 44 -107 80 -109 82 -1 1 0 8 4 15 5 7
23 9 53 5 25 -3 53 -6 62 -6z m261 -31 c36 -28 39 -35 39 -79 0 -54 -15 -72
-35 -43 -8 11 -40 39 -72 64 -120 90 -123 102 -24 93 40 -3 63 -12 92 -35z
m146 35 c16 -3 54 -27 84 -52 31 -26 75 -63 99 -82 24 -19 51 -42 60 -50 9 -8
45 -37 81 -65 35 -27 77 -62 93 -77 17 -15 33 -28 38 -28 4 0 23 -14 42 -30
18 -17 50 -37 70 -45 37 -15 58 -57 39 -76 -16 -16 -99 2 -127 28 -55 51 -148
124 -345 273 -112 85 -205 160 -208 167 -14 36 12 49 74 37z m223 -4 c9 0 28
-10 42 -23 13 -12 46 -41 73 -62 27 -22 61 -50 75 -61 14 -12 63 -51 110 -86
82 -63 85 -66 88 -109 4 -68 -10 -79 -47 -36 -18 19 -78 70 -134 113 -56 43
-104 81 -107 84 -3 4 -52 42 -110 85 -58 43 -107 79 -109 81 -1 1 0 8 4 15 5
7 23 9 53 5 25 -3 53 -6 62 -6z m230 -9 c3 -4 34 -29 70 -56 82 -61 90 -71 90
-114 0 -58 -11 -63 -55 -24 -22 19 -76 62 -120 95 -106 81 -126 99 -119 110 7
10 126 0 134 -11z m158 -20 c5 -52 -10 -56 -57 -15 -46 42 -41 56 19 52 32 -3
35 -6 38 -37z m242 29 c9 0 28 -10 42 -22 13 -13 46 -41 74 -63 27 -22 54 -44
61 -50 19 -16 34 -27 98 -77 33 -25 71 -56 85 -68 14 -12 49 -38 78 -57 29
-19 57 -43 62 -53 12 -22 13 -97 2 -104 -4 -2 -39 22 -77 55 -39 33 -126 104
-195 157 -69 53 -127 99 -130 102 -3 4 -52 42 -110 85 -58 43 -107 79 -109 81
-1 1 0 8 4 15 5 7 23 9 53 5 25 -3 53 -6 62 -6z m230 -9 c3 -4 46 -38 95 -76
50 -38 92 -72 95 -75 3 -3 22 -16 42 -30 31 -20 39 -33 44 -68 10 -66 -6 -73
-63 -26 -26 21 -50 41 -53 44 -3 4 -61 49 -130 101 -167 127 -172 131 -157
141 13 9 119 -1 127 -11z m217 -5 c53 -43 63 -58 63 -96 0 -63 -16 -61 -107
16 -27 24 -83 67 -96 75 -5 4 -6 12 -2 19 9 14 121 4 142 -14z m205 0 c10 -7
38 -31 61 -52 23 -22 74 -64 112 -94 39 -30 81 -64 95 -77 14 -13 33 -26 43
-29 9 -3 17 -8 17 -12 0 -4 44 -38 97 -77 53 -38 111 -83 127 -99 29 -28 29
-29 10 -43 -13 -9 -30 -12 -54 -8 -39 8 -32 2 -201 140 -68 55 -189 149 -269
209 -80 60 -147 115 -148 123 -8 34 7 46 49 39 23 -4 50 -13 61 -20z m173 14
c11 0 34 -13 51 -28 46 -39 97 -82 110 -90 7 -4 31 -23 55 -44 24 -20 73 -58
109 -85 62 -46 65 -50 68 -96 3 -39 0 -47 -14 -47 -10 0 -32 13 -49 29 -32 31
-133 111 -300 238 -136 104 -148 115 -133 125 7 5 29 6 48 3 19 -2 44 -5 55
-5z m215 0 c14 0 41 -14 60 -31 19 -18 51 -42 70 -54 52 -33 62 -49 58 -97 -3
-46 -23 -61 -49 -36 -8 7 -36 31 -64 53 -27 22 -59 47 -70 57 -11 9 -44 35
-74 58 -59 47 -56 65 9 55 19 -2 46 -5 60 -5z m184 -6 c10 -27 7 -64 -7 -64
-19 0 -88 60 -82 71 10 16 82 11 89 -7z m694 2 c1 -2 3 -113 3 -247 l1 -244
-235 -3 -236 -2 -6 22 c-27 93 -102 317 -127 380 -17 43 -28 83 -25 90 3 10
70 12 313 10 170 -2 310 -5 312 -6z m-5035 -246 l0 -245 -343 0 -343 0 1 243
c0 133 1 244 1 247 1 3 155 4 342 3 l342 -3 0 -245z m717 0 l0 -250 -330 0
-330 0 0 250 0 250 330 0 330 0 0 -250z m2253 211 c23 -22 72 -63 107 -92 36
-28 67 -55 70 -58 3 -4 34 -29 70 -56 36 -27 73 -57 83 -67 10 -10 30 -26 45
-35 15 -10 50 -36 78 -59 28 -23 65 -47 83 -55 52 -23 39 -39 -32 -39 -68 0
-78 5 -151 71 -25 23 -123 99 -218 170 -95 71 -179 134 -185 139 -16 13 -18
120 -2 120 5 0 29 -18 52 -39z m2787 -211 l0 -250 -330 0 -330 0 0 250 0 250
330 0 330 0 0 -250z m713 0 l0 -245 -328 0 -328 0 1 243 c0 133 1 244 1 247 1
3 148 4 328 3 l327 -3 -1 -245z m-4944 193 c16 -16 46 -41 66 -58 20 -16 42
-35 49 -40 6 -6 34 -28 61 -50 28 -22 52 -43 55 -46 19 -21 230 -179 271 -202
27 -16 47 -33 44 -38 -4 -5 -32 -9 -63 -9 -63 0 -76 7 -170 85 -32 28 -83 68
-111 90 -29 22 -65 50 -79 63 -15 12 -57 43 -94 67 -76 51 -88 67 -88 124 0
50 17 54 59 14z m2282 -161 c8 -6 30 -24 49 -40 67 -55 240 -183 275 -203 19
-12 32 -25 29 -30 -3 -5 -32 -9 -64 -9 -58 0 -61 1 -127 58 -89 77 -235 187
-272 206 -16 9 -31 23 -35 31 -8 21 -8 90 0 98 4 3 35 -18 69 -47 35 -29 69
-58 76 -64z m-1526 53 c99 -87 350 -281 393 -304 35 -19 17 -31 -46 -31 -58 0
-93 15 -119 51 -7 9 -80 68 -163 129 -130 98 -150 117 -156 146 -7 38 0 64 17
64 6 0 39 -25 74 -55z m-840 -35 c-1 -25 -4 -53 -8 -64 -7 -18 -8 -18 -27 -1
-23 21 -24 26 -9 78 7 28 15 37 27 35 13 -3 17 -14 17 -48z m1502 17 c8 -13
138 -121 256 -214 37 -28 80 -57 97 -64 42 -19 32 -33 -25 -37 -68 -4 -84 1
-137 50 -64 59 -147 122 -184 141 -36 19 -44 34 -44 86 0 49 18 68 37 38z
m1477 -60 c19 -65 19 -67 1 -81 -18 -13 -17 -14 8 -40 15 -15 38 -49 52 -76
22 -43 23 -49 9 -61 -13 -11 -21 -10 -46 4 -16 9 -36 17 -43 17 -19 0 -29 60
-21 126 4 34 2 63 -5 76 -14 26 -3 111 14 105 7 -2 21 -34 31 -70z m-2866 -7
c29 -28 56 -50 60 -50 4 0 18 -10 32 -23 41 -37 184 -143 203 -150 36 -13 5
-27 -62 -27 -60 0 -70 3 -97 28 -44 43 -149 122 -160 122 -22 0 -52 47 -57 91
-10 76 7 78 81 9z m2132 -19 c0 -13 195 -169 235 -188 56 -27 45 -43 -30 -43
-64 0 -66 1 -120 50 -30 28 -60 50 -65 50 -25 0 -50 41 -50 83 0 24 3 47 7 50
9 10 23 9 23 -2z m-1429 -39 c73 -64 192 -154 217 -163 39 -15 14 -29 -52 -29
-53 0 -68 4 -92 25 -16 14 -52 42 -81 62 -46 31 -53 41 -59 79 -6 42 -1 64 15
64 5 0 28 -17 52 -38z m-837 3 c18 -28 22 -100 5 -111 -6 -3 -24 6 -40 22 -34
33 -40 87 -11 103 25 15 28 14 46 -14z m1519 -39 c7 -18 149 -126 165 -126 7
0 12 -7 12 -15 0 -12 -14 -15 -69 -15 -49 0 -72 4 -81 15 -7 8 -18 15 -25 15
-16 0 -35 44 -35 80 0 51 21 79 33 46z m-1402 -62 c13 -14 43 -37 67 -51 23
-14 39 -29 36 -34 -3 -5 -31 -9 -63 -9 -47 0 -61 4 -78 23 -19 20 -27 49 -24
85 2 21 36 13 62 -14z m-133 -34 c44 -40 39 -64 -12 -68 -81 -7 -99 11 -76 72
13 35 47 34 88 -4z m2282 11 c0 -5 16 -19 36 -31 41 -26 35 -37 -21 -42 -37
-3 -40 -1 -43 25 -2 16 -1 35 2 43 6 16 26 19 26 5z m-1408 -58 c-4 -12 -54
-24 -74 -17 -18 5 -23 29 -12 58 6 15 11 14 48 -8 22 -13 40 -28 38 -33z
m-844 -76 c2 -19 -1 -27 -12 -27 -18 0 -40 36 -31 51 13 19 40 4 43 -24z m944
-5 c21 -15 84 -65 140 -111 138 -112 158 -128 263 -208 94 -71 105 -90 90
-150 l-6 -25 -37 28 c-20 16 -41 33 -47 40 -5 6 -59 51 -120 99 -60 48 -119
94 -130 103 -11 10 -32 25 -46 34 -14 9 -32 23 -40 30 -28 28 -178 138 -187
138 -12 0 -43 46 -36 53 3 3 31 3 62 0 40 -3 68 -13 94 -31z m488 13 c0 -14
-4 -25 -10 -25 -5 0 -10 11 -10 25 0 14 5 25 10 25 6 0 10 -11 10 -25z m142
-14 c20 -14 65 -50 100 -80 91 -77 97 -81 165 -134 34 -26 68 -53 75 -60 22
-22 171 -132 211 -156 56 -34 49 -51 -21 -51 -49 0 -64 5 -94 28 -45 35 -187
149 -214 171 -11 10 -88 69 -170 131 -82 62 -151 120 -152 127 -2 8 -1 26 2
39 6 21 11 23 34 18 15 -4 44 -19 64 -33z m833 9 c32 -23 167 -132 195 -157
14 -13 27 -23 31 -23 3 0 19 -12 36 -27 17 -16 72 -57 121 -93 97 -70 111 -86
114 -140 3 -30 0 -35 -20 -38 -17 -3 -38 10 -76 45 -87 81 -498 403 -514 403
-15 0 -43 48 -31 52 23 8 125 -8 144 -22z m639 -9 c21 -14 46 -42 56 -61 9
-19 25 -50 34 -68 9 -19 16 -40 16 -48 0 -21 -24 -17 -46 7 -10 12 -51 46 -90
75 -74 55 -87 74 -73 112 7 19 13 21 36 16 16 -4 45 -19 67 -33z m-4486 15 c2
-3 5 -112 5 -243 l0 -238 -338 -5 c-185 -3 -339 -1 -342 3 -4 7 -7 408 -4 480
1 9 74 12 337 10 185 -1 339 -4 342 -7z m720 -241 c1 -161 -1 -245 -8 -245 -5
0 -149 0 -320 0 -170 0 -314 0 -320 0 -10 0 -15 456 -5 482 4 10 67 13 328 11
l322 -2 3 -246z m490 232 c2 -8 -8 -44 -22 -79 -14 -35 -48 -133 -76 -218 -56
-168 -74 -205 -93 -193 -7 4 -63 10 -125 13 l-114 5 1 238 c0 131 2 241 5 245
2 4 98 7 213 6 182 -1 208 -3 211 -17z m135 -6 c81 -56 97 -76 97 -124 0 -24
-3 -47 -6 -50 -6 -5 -94 60 -114 84 -3 3 -13 8 -22 12 -28 10 -37 39 -22 75 8
17 17 32 20 32 3 0 24 -13 47 -29z m233 -13 c28 -24 67 -56 88 -73 33 -27 93
-75 151 -124 11 -9 47 -37 80 -63 33 -25 72 -56 87 -69 15 -13 57 -42 92 -64
45 -27 65 -46 66 -60 0 -18 -6 -20 -47 -17 -78 5 -90 10 -160 70 -38 32 -108
89 -158 127 -49 38 -96 75 -103 82 -7 7 -17 13 -20 13 -4 0 -18 10 -32 23 -14
13 -50 42 -81 64 -59 44 -82 91 -58 119 19 23 43 16 95 -28z m173 15 c20 -15
65 -52 101 -81 36 -30 74 -62 85 -71 12 -10 67 -52 123 -95 98 -75 102 -79
102 -116 0 -21 -5 -42 -10 -45 -6 -4 -41 20 -78 52 -37 32 -98 83 -137 113
-38 30 -81 64 -95 77 -14 13 -28 23 -32 23 -3 0 -14 7 -23 17 -9 9 -46 37 -82
63 -35 27 -71 57 -79 69 -15 21 -14 21 37 21 41 0 60 -6 88 -27z m224 -5 c25
-18 77 -59 116 -91 70 -57 71 -58 71 -107 0 -56 -13 -70 -38 -42 -9 11 -44 41
-77 67 -32 26 -65 53 -71 59 -6 6 -46 37 -88 69 -42 32 -76 62 -76 68 0 5 27
9 59 9 50 0 65 -5 104 -32z m185 -17 c5 -71 -2 -78 -46 -41 -20 17 -47 40 -59
50 -39 32 -29 41 40 38 l62 -3 3 -44z m420 32 c15 -10 29 -20 32 -23 3 -3 28
-23 55 -45 28 -22 59 -48 69 -57 11 -10 38 -30 60 -45 74 -49 86 -64 86 -104
0 -82 3 -83 -218 103 -13 10 -62 48 -110 84 -47 36 -92 74 -100 85 -12 18 -11
19 43 19 36 0 65 -6 83 -17z m222 -8 c22 -14 43 -25 48 -25 15 0 32 -50 32
-95 0 -51 -12 -57 -44 -22 -12 13 -56 49 -99 81 -42 32 -77 65 -77 72 0 25 94
18 140 -11z m458 -32 c41 -32 80 -63 86 -69 7 -6 52 -42 101 -79 50 -38 92
-71 95 -75 3 -3 22 -16 42 -29 27 -16 39 -31 44 -56 13 -73 -12 -93 -61 -47
-32 29 -326 265 -432 346 -35 26 -63 51 -63 57 0 5 26 9 57 9 54 0 61 -3 131
-57z m247 -28 c62 -46 115 -92 119 -101 12 -32 4 -94 -14 -94 -4 0 -32 21 -62
48 -90 77 -102 87 -181 146 -99 75 -103 86 -30 86 55 0 59 -2 168 -85z m121
61 c9 -37 1 -81 -16 -84 -8 -1 -29 11 -47 28 -18 16 -35 30 -39 30 -8 0 -33
32 -34 43 0 4 29 7 65 7 60 0 65 -2 71 -24z m457 -18 c272 -209 257 -195 257
-243 0 -24 -4 -46 -9 -49 -5 -3 -27 9 -48 26 -22 18 -54 44 -72 58 -19 14 -50
39 -70 55 -20 17 -72 57 -116 90 -124 92 -131 105 -51 105 48 0 60 -5 109 -42z
m175 25 c63 -39 82 -65 82 -110 0 -45 -15 -56 -42 -30 -7 7 -44 36 -82 65 -38
29 -76 61 -83 72 -14 19 -12 20 42 20 35 0 66 -6 83 -17z m779 3 c2 -2 4 -111
4 -242 l1 -239 -139 -6 c-118 -5 -140 -4 -150 9 -7 9 -13 22 -13 29 0 8 -30
100 -66 206 -37 105 -68 206 -71 222 l-5 30 218 -2 c119 -2 219 -5 221 -7z
m715 -1 c12 -16 10 -485 -2 -485 -5 0 -149 0 -320 0 -170 0 -314 0 -320 0 -10
0 -15 481 -6 491 10 9 641 4 648 -6z m722 -238 c-1 -130 -4 -239 -7 -244 -3
-4 -150 -6 -327 -3 l-322 5 -1 240 0 240 319 5 c175 3 324 2 329 -2 6 -4 9
-94 9 -241z m-2779 196 c3 -10 31 -38 61 -63 30 -25 63 -52 72 -60 9 -9 45
-37 79 -63 34 -26 68 -53 75 -60 24 -23 176 -137 212 -158 48 -28 38 -49 -23
-49 -51 0 -74 12 -166 89 -33 28 -124 99 -202 158 l-143 108 0 41 c0 66 20 98
35 57z m-1441 -30 c105 -95 440 -359 475 -374 44 -20 36 -43 -16 -47 -48 -4
-87 14 -141 62 -20 18 -86 71 -147 117 -60 46 -116 89 -124 97 -8 8 -31 25
-52 38 -21 13 -43 32 -49 43 -17 33 -12 101 8 101 3 0 23 -17 46 -37z m699
-56 c12 -13 44 -41 72 -62 73 -59 97 -78 114 -95 20 -19 212 -161 236 -176 30
-17 8 -34 -43 -34 -50 0 -87 18 -138 65 -16 15 -45 39 -64 54 -19 14 -37 28
-40 31 -16 18 -130 100 -139 100 -19 0 -41 45 -41 86 0 59 9 66 43 31z m1508
-41 c4 -4 37 -29 75 -55 48 -32 75 -59 91 -90 22 -43 30 -91 17 -104 -4 -4
-30 17 -59 46 -29 29 -87 77 -129 107 -75 55 -75 55 -76 101 0 25 3 49 7 52 6
6 56 -32 74 -57z m-3154 21 c21 -18 59 -50 86 -70 44 -36 47 -41 47 -87 0 -50
-12 -71 -27 -47 -12 18 -113 101 -150 123 -27 15 -33 25 -33 50 0 73 21 81 77
31z m235 -24 c18 -16 38 -33 43 -39 6 -6 30 -26 55 -45 58 -44 60 -46 90 -70
75 -62 168 -129 179 -129 7 0 11 -8 9 -17 -2 -14 -15 -19 -54 -21 -45 -3 -56
1 -92 30 -23 18 -85 67 -138 108 -163 126 -154 116 -154 166 0 53 13 56 62 17z
m708 -63 c6 -6 182 -146 236 -188 23 -18 47 -32 54 -32 6 0 10 -8 8 -17 -2
-12 -14 -19 -37 -21 -58 -6 -97 7 -136 43 -20 19 -39 35 -43 35 -4 0 -23 14
-42 31 -19 17 -47 38 -62 47 -21 12 -29 26 -34 58 -3 23 -3 52 1 64 7 21 7 21
28 3 12 -10 24 -20 27 -23z m1500 -30 c18 -20 202 -160 233 -179 21 -13 36
-28 34 -35 -6 -17 -92 -19 -124 -2 -15 8 -46 30 -68 50 -22 20 -65 53 -95 73
-30 21 -58 42 -62 48 -10 13 -10 99 -1 109 5 5 47 -27 83 -64z m-2467 -32 c34
-29 64 -56 67 -59 3 -3 24 -18 48 -33 40 -25 48 -42 42 -86 -6 -44 -48 -28
-147 56 -34 29 -71 55 -83 59 -11 3 -23 17 -26 31 -7 26 12 84 28 84 5 0 37
-24 71 -52z m1668 6 c19 -23 148 -126 192 -153 21 -13 36 -28 34 -35 -2 -6
-26 -12 -53 -14 -40 -2 -56 2 -84 22 -19 14 -54 38 -77 53 -43 28 -53 46 -53
99 0 45 17 57 41 28z m1527 -47 c42 -34 100 -75 127 -91 59 -35 63 -40 57 -72
-3 -19 0 -24 17 -24 12 0 24 -8 27 -17 3 -10 11 -32 19 -49 23 -54 3 -60 -51
-13 -58 50 -62 56 -38 74 26 18 16 25 -50 34 -45 6 -67 17 -118 56 -35 26 -69
55 -75 64 -16 18 -17 101 -3 101 6 0 46 -28 88 -63z m-2943 5 c48 -44 153
-122 164 -122 6 0 11 -9 11 -20 0 -17 -7 -20 -52 -20 -57 0 -89 15 -145 68
-28 26 -33 38 -33 76 0 54 12 58 55 18z m2162 -45 c4 -8 31 -31 58 -52 28 -21
50 -43 50 -49 0 -15 -113 -20 -131 -5 -14 12 -20 100 -7 112 10 11 21 8 30 -6z
m-2492 -21 c8 -12 31 -32 50 -42 51 -27 42 -48 -22 -52 -71 -4 -93 9 -93 56 0
61 36 82 65 38z m1015 16 c0 -4 25 -23 55 -42 72 -46 73 -70 5 -70 -61 0 -90
24 -90 73 0 19 3 37 7 40 9 10 23 9 23 -1z m730 -62 c24 -24 25 -39 3 -55 -26
-19 -6 -35 47 -35 45 0 55 -5 126 -62 43 -35 110 -88 148 -118 76 -58 78 -59
116 -91 14 -12 74 -57 133 -102 94 -70 108 -83 105 -106 -2 -21 -9 -27 -36
-29 -20 -2 -41 4 -56 15 -25 20 -159 127 -191 154 -92 78 -301 238 -352 271
-49 32 -63 46 -63 65 0 13 -5 33 -11 45 -10 18 -5 68 6 68 3 0 14 -9 25 -20z
m1500 -32 c0 -12 -40 -30 -56 -24 -14 5 -20 57 -8 69 7 7 64 -33 64 -45z
m-3264 -74 c21 -15 43 -32 49 -39 5 -6 33 -29 60 -51 28 -21 52 -41 55 -44 3
-3 24 -18 48 -33 40 -26 42 -29 42 -77 0 -30 -4 -50 -11 -50 -6 0 -50 33 -99
73 -108 90 -166 133 -207 158 -35 20 -44 54 -21 77 18 18 42 14 84 -14z m972
-1 c2 -12 0 -29 -5 -37 -7 -12 -13 -10 -36 8 -27 22 -28 24 -12 40 23 22 49
17 53 -11z m1460 15 c14 -14 16 -45 2 -53 -13 -8 -60 24 -60 40 0 12 10 17 41
24 3 0 10 -4 17 -11z m-3615 -251 c0 -131 -4 -241 -9 -245 -5 -4 -124 -5 -264
-2 -140 3 -289 3 -330 0 -41 -3 -77 -5 -79 -4 -5 4 -4 481 2 490 3 5 157 7
342 4 l337 -5 1 -238z m710 243 c4 0 6 -110 5 -245 l-3 -246 -322 -2 c-261 -2
-324 1 -328 11 -10 26 -5 480 5 484 7 2 498 1 643 -2z m304 -22 c-6 -37 -61
-203 -77 -230 -6 -10 -10 -25 -10 -34 0 -9 -6 -30 -14 -47 -7 -18 -22 -61 -32
-96 -14 -48 -25 -65 -43 -72 -27 -11 -61 -3 -62 14 0 7 0 118 0 247 l0 235 98
6 c54 3 109 6 122 7 21 2 23 -1 18 -30z m397 9 c23 -15 26 -24 26 -72 0 -29
-4 -56 -8 -59 -5 -3 -26 13 -48 35 -21 22 -58 51 -81 65 -43 25 -50 34 -35 48
12 13 118 1 146 -17z m178 14 c13 -5 34 -19 48 -33 33 -32 103 -89 230 -187
58 -45 113 -88 123 -97 11 -8 47 -35 80 -60 89 -63 88 -63 85 -97 -3 -30 -5
-32 -38 -29 -25 3 -56 21 -110 65 -41 34 -77 64 -80 67 -4 4 -74 60 -155 123
-5 4 -21 17 -35 28 -14 12 -77 60 -140 107 -63 47 -117 87 -119 88 -2 2 -1 10
2 19 7 17 70 21 109 6z m211 -2 c12 -7 49 -35 82 -64 33 -28 101 -81 150 -118
127 -93 125 -92 125 -136 0 -68 -8 -76 -44 -40 -45 45 -354 292 -398 318 -38
22 -44 32 -31 44 11 11 93 8 116 -4z m227 -10 c19 -12 37 -24 40 -28 3 -4 24
-21 48 -40 39 -30 42 -36 42 -81 0 -47 -12 -71 -25 -50 -10 17 -167 144 -207
169 -57 34 -50 51 21 51 29 0 59 -8 81 -21z m274 -47 c44 -37 101 -84 126
-103 25 -18 54 -41 65 -51 32 -26 226 -179 294 -231 34 -26 59 -52 56 -57 -8
-13 -116 0 -145 18 -21 13 -125 96 -140 112 -3 3 -45 37 -95 75 -49 38 -96 75
-104 83 -8 7 -26 21 -40 30 -33 21 -67 49 -103 84 -20 19 -28 36 -28 61 0 66
13 63 114 -21z m123 55 c21 -12 61 -44 147 -117 23 -19 101 -79 174 -134 l132
-98 0 -42 c0 -70 -11 -73 -66 -18 -27 26 -80 73 -119 102 -38 30 -76 60 -83
67 -7 7 -41 34 -75 60 -34 26 -71 56 -82 66 -11 10 -48 37 -82 60 -63 41 -69
48 -56 60 11 11 86 7 110 -6z m223 -2 c17 -9 51 -35 78 -58 26 -24 69 -56 94
-72 50 -32 58 -47 58 -112 0 -52 -9 -58 -40 -26 -14 15 -56 51 -95 82 -38 31
-79 64 -90 74 -11 10 -45 34 -75 54 -30 20 -57 38 -59 39 -2 2 -1 10 2 19 8
20 88 20 127 0z m214 -1 c17 -17 22 -99 7 -109 -5 -3 -22 7 -38 21 -15 15 -45
38 -65 52 -58 38 -50 52 28 52 34 0 58 -5 68 -16z m399 7 c14 -6 56 -36 94
-68 37 -32 111 -91 164 -131 100 -74 109 -85 109 -130 0 -53 -13 -54 -75 -5
-33 26 -62 49 -65 52 -27 31 -284 229 -317 244 -23 10 -29 27 -16 40 10 10 78
8 106 -2z m281 -48 c60 -45 77 -64 82 -89 12 -66 -7 -88 -47 -54 -13 12 -35
31 -49 43 -63 55 -118 95 -148 111 -46 24 -27 46 38 46 43 0 56 -6 124 -57z
m184 20 c50 -48 113 -100 227 -188 49 -38 96 -75 103 -82 7 -7 17 -13 20 -13
4 0 18 -10 32 -23 37 -34 162 -127 170 -127 14 0 21 -33 9 -40 -22 -14 -104 3
-141 29 -33 23 -356 281 -416 331 -13 11 -26 20 -30 20 -21 0 -42 37 -42 75 0
67 12 70 68 18z m175 21 c18 -9 48 -31 67 -49 19 -18 85 -70 145 -116 61 -46
119 -91 130 -101 11 -9 36 -27 55 -40 32 -22 35 -28 38 -81 4 -70 -9 -73 -64
-19 -22 20 -50 46 -64 57 -14 11 -47 38 -75 60 -27 22 -59 48 -70 57 -75 62
-188 148 -232 178 -68 45 -70 70 -8 70 26 0 60 -7 78 -16z m217 1 c16 -8 35
-23 42 -32 7 -10 32 -31 54 -46 23 -16 60 -44 83 -63 37 -32 41 -40 41 -80 0
-46 -15 -57 -42 -31 -7 6 -36 30 -63 52 -28 22 -55 44 -62 50 -61 51 -159 123
-177 129 -15 5 -16 9 -6 21 16 20 92 20 130 0z m201 5 c15 -8 19 -22 19 -60 0
-28 -3 -50 -8 -50 -4 0 -31 18 -61 40 -29 22 -57 40 -62 40 -5 0 -9 9 -9 20 0
17 7 20 51 20 28 0 59 -5 70 -10z m227 -9 c20 -10 48 -31 62 -46 14 -15 38
-33 53 -42 39 -20 107 -83 107 -98 0 -7 7 -26 15 -41 8 -16 15 -37 15 -46 0
-9 5 -20 10 -23 6 -3 10 -11 10 -16 0 -20 -43 4 -94 51 -75 71 -224 187 -278
218 -29 16 -48 34 -48 45 0 25 98 24 148 -2z m485 6 c11 -3 11 -477 1 -486 -5
-5 -23 -11 -40 -14 -39 -7 -63 15 -75 70 -4 21 -31 103 -59 183 -28 80 -54
156 -57 170 -3 14 -12 33 -19 44 -26 38 -10 43 119 39 67 -3 126 -5 130 -6z
m720 3 c8 0 10 -460 2 -482 -4 -10 -67 -13 -328 -11 l-322 2 -3 242 c-1 141 2
245 7 248 7 4 444 5 644 1z m720 -243 c0 -128 -2 -238 -5 -243 -4 -5 -46 -7
-95 -4 -48 3 -189 3 -313 0 -124 -3 -229 -2 -234 2 -5 4 -9 114 -9 245 l1 238
318 5 c176 3 323 2 328 -2 5 -3 9 -112 9 -241z m-3510 162 c27 -27 127 -109
317 -258 25 -19 47 -38 50 -41 3 -4 29 -23 58 -42 30 -20 60 -45 68 -57 15
-21 14 -21 -42 -21 -62 0 -66 2 -194 108 -82 68 -98 81 -141 112 -39 28 -42
30 -89 70 -19 16 -40 30 -47 30 -26 0 -43 72 -27 114 8 22 11 21 47 -15z
m1534 -65 c12 -10 91 -71 176 -134 162 -120 175 -134 188 -187 6 -30 5 -33
-17 -33 -24 0 -104 46 -104 60 0 3 -19 20 -42 37 -24 17 -52 40 -63 50 -11 10
-49 40 -85 67 -36 27 -69 54 -75 60 -5 6 -29 23 -52 39 -41 26 -43 30 -43 75
0 27 3 52 7 56 4 3 25 -11 47 -32 23 -21 51 -47 63 -58z m-3361 18 c41 -39 62
-56 212 -171 l92 -72 0 -49 c0 -54 -15 -72 -35 -43 -7 10 -46 46 -85 79 -40
32 -81 67 -93 77 -11 9 -23 17 -26 17 -3 0 -22 14 -41 30 -19 16 -40 34 -47
40 -7 5 -15 10 -19 10 -17 0 -44 35 -44 57 0 32 17 63 34 63 8 0 31 -17 52
-38z m386 25 c7 -7 63 -53 123 -101 61 -48 124 -99 140 -113 17 -14 69 -54
118 -91 48 -36 87 -71 87 -79 0 -20 -94 -17 -128 4 -15 10 -52 38 -82 63 -30
25 -61 50 -68 55 -7 6 -18 15 -25 21 -7 5 -50 39 -97 74 -104 78 -110 85 -110
130 0 50 15 63 42 37z m739 -89 c24 -20 105 -84 179 -143 214 -168 212 -165
126 -165 -42 0 -60 5 -89 28 -251 190 -276 213 -283 246 -6 36 2 79 15 74 5
-2 28 -20 52 -40z m1437 25 c33 -32 76 -68 147 -123 39 -30 72 -57 75 -61 3
-3 39 -31 82 -63 100 -75 104 -86 30 -86 -55 0 -61 3 -117 49 -33 28 -104 83
-157 122 l-98 73 0 46 c0 62 8 71 38 43z m-2599 -95 c72 -68 98 -89 174 -143
70 -50 97 -75 97 -87 0 -4 -26 -8 -58 -8 -50 0 -65 5 -98 30 -21 16 -74 56
-117 89 -43 33 -83 61 -90 64 -14 4 14 107 30 107 3 0 32 -24 62 -52z m1841
42 c0 -5 33 -35 73 -67 39 -32 74 -60 77 -64 3 -3 36 -29 74 -57 38 -29 76
-61 83 -72 14 -19 12 -20 -49 -20 -53 1 -69 5 -99 28 -20 15 -65 49 -100 75
-35 27 -70 56 -76 65 -14 17 -18 104 -6 115 9 10 23 8 23 -3z m1575 -98 c39
-31 72 -59 75 -62 3 -4 29 -23 58 -42 30 -20 60 -45 68 -57 15 -21 14 -21 -47
-21 -57 0 -67 3 -113 39 -28 21 -64 51 -81 65 -16 15 -45 36 -62 47 -30 19
-33 25 -33 73 0 29 3 56 7 59 3 4 18 -5 32 -20 14 -14 58 -51 96 -81z m-2986
41 c20 -14 43 -34 52 -43 9 -8 57 -47 107 -84 51 -38 92 -75 92 -83 0 -9 -15
-13 -50 -13 -55 0 -78 12 -185 98 -58 47 -60 50 -63 100 -2 29 0 52 4 52 4 0
23 -12 43 -27z m721 -74 c3 -3 37 -29 75 -58 105 -80 109 -91 28 -91 -50 0
-64 5 -105 35 -50 37 -67 78 -54 131 7 26 7 26 29 8 12 -11 24 -22 27 -25z
m1590 -94 c16 -9 30 -17 30 -19 0 -3 3 -11 6 -20 5 -13 -3 -16 -50 -16 -44 0
-66 6 -99 27 -23 15 -48 34 -54 42 -13 15 -18 103 -7 114 4 3 37 -21 75 -53
38 -33 82 -66 99 -75z m-2813 72 c4 -8 31 -31 58 -52 83 -62 85 -75 10 -75
-42 0 -65 6 -95 25 -41 26 -47 43 -34 93 7 25 48 31 61 9z m3461 -87 c37 -31
27 -40 -43 -40 l-65 0 0 53 c0 30 3 57 6 60 4 4 23 -7 43 -24 20 -16 46 -39
59 -49z m-1506 30 c26 -19 49 -43 51 -53 5 -16 -1 -18 -56 -15 l-62 3 -3 39
c-4 41 3 70 16 64 4 -2 28 -19 54 -38z m-1456 -5 c4 -8 11 -15 18 -15 15 0 38
-38 31 -50 -7 -11 -39 -13 -72 -4 -22 6 -41 54 -28 74 9 15 45 12 51 -5z
m-696 -105 c19 -10 19 -11 0 -61 -11 -27 -20 -58 -20 -68 0 -21 -35 -57 -43
-44 -3 5 -4 42 -2 83 3 41 5 78 5 82 0 3 8 9 18 11 9 3 18 5 20 6 2 0 12 -4
22 -9z m215 -12 c16 -21 265 -217 325 -257 30 -20 58 -40 62 -46 12 -16 9
-105 -3 -105 -8 0 -113 83 -139 110 -3 3 -36 30 -75 60 -38 30 -81 64 -95 77
-14 13 -28 23 -31 23 -4 0 -27 16 -51 36 -23 20 -57 43 -74 50 -39 16 -58 39
-50 60 5 14 16 16 63 11 32 -3 62 -12 68 -19z m393 10 c13 -17 1 -90 -16 -96
-6 -2 -12 1 -12 7 0 6 -19 24 -43 39 -24 15 -44 32 -45 37 -2 6 14 13 35 16
62 10 70 10 81 -3z m914 -55 c39 -32 139 -111 222 -176 83 -65 160 -126 171
-135 12 -9 47 -35 78 -56 44 -30 57 -44 55 -60 -3 -18 -9 -21 -50 -19 -53 1
-46 -3 -205 128 -60 50 -124 101 -142 115 -18 14 -38 30 -44 35 -29 26 -175
133 -205 151 -37 21 -53 61 -31 75 29 20 80 0 151 -58z m526 32 c1 -16 -2 -36
-7 -44 -8 -12 -16 -9 -44 15 -42 34 -46 51 -14 57 47 10 62 3 65 -28z m853 26
c23 -5 66 -33 111 -72 70 -60 203 -166 268 -213 126 -91 230 -173 235 -186 7
-17 -20 -40 -48 -40 -28 0 -78 26 -114 59 -17 15 -52 45 -79 67 -27 21 -58 47
-69 56 -154 127 -329 258 -344 258 -16 0 -35 45 -28 64 7 18 17 19 68 7z m603
-4 c24 -17 17 -51 -11 -55 -12 -2 -33 7 -48 20 -24 21 -25 23 -9 35 23 17 45
16 68 0z m718 -108 c3 -57 3 -108 -2 -112 -10 -11 -40 20 -40 42 0 9 -11 50
-25 91 -30 92 -30 88 -2 92 55 9 61 -1 69 -113z m-5049 -139 l0 -245 -343 0
-343 0 1 243 c0 133 1 244 1 247 1 3 155 4 342 3 l342 -3 0 -245z m717 238 c0
-7 2 -85 5 -173 5 -149 4 -165 -18 -225 -12 -36 -26 -71 -30 -77 -6 -10 -80
-13 -313 -13 l-304 0 0 250 0 250 330 0 c257 0 330 -3 330 -12z m594 -50 c41
-35 86 -71 100 -81 22 -15 26 -26 26 -67 0 -56 -11 -62 -44 -27 -49 53 -256
207 -278 207 -4 0 -8 7 -8 15 0 12 14 15 64 15 65 0 65 0 140 -62z m382 34
c25 -24 75 -65 148 -122 10 -8 33 -26 50 -40 17 -14 84 -65 149 -113 l117 -88
0 -54 c0 -66 -12 -70 -61 -19 -18 20 -65 61 -104 92 -38 31 -72 59 -75 62 -3
3 -33 27 -67 53 -34 26 -68 54 -76 62 -8 7 -30 24 -49 37 -19 13 -54 40 -79
60 -24 20 -63 46 -86 58 -24 12 -40 26 -37 31 3 5 36 9 73 9 60 0 70 -3 97
-28z m194 11 c14 -9 29 -23 33 -31 5 -7 55 -47 110 -88 56 -41 108 -79 115
-85 14 -12 16 -95 2 -104 -6 -4 -29 12 -53 34 -23 22 -57 52 -76 66 -19 13
-37 28 -40 32 -18 25 -178 138 -240 170 -1 1 0 6 4 12 10 18 117 13 145 -6z
m209 3 c15 -8 35 -26 45 -40 15 -24 22 -96 10 -108 -3 -4 -42 23 -87 59 -45
36 -92 69 -105 74 -13 5 -20 13 -17 19 9 15 122 12 154 -4z m447 -29 c74 -65
234 -190 277 -216 46 -28 57 -48 57 -100 0 -52 -12 -58 -48 -24 -41 39 -80 73
-132 112 -25 19 -49 39 -55 46 -5 6 -39 33 -75 59 -36 27 -69 54 -75 61 -5 6
-38 28 -72 49 -35 21 -60 43 -57 47 3 5 34 9 69 9 60 0 65 -2 111 -43z m209 3
c26 -22 60 -47 75 -55 37 -19 50 -43 50 -94 0 -47 -15 -60 -39 -35 -45 47
-203 170 -249 193 -36 19 -16 31 53 31 60 0 66 -2 110 -40z m222 -6 c46 -44
212 -178 296 -238 22 -16 48 -37 57 -45 9 -9 60 -47 113 -86 53 -38 95 -74 93
-80 -5 -16 -128 -5 -152 14 -12 9 -71 57 -131 106 -60 50 -124 101 -142 115
-17 14 -44 35 -59 48 -15 12 -43 32 -62 44 -68 41 -80 58 -80 108 0 40 5 60
16 60 2 0 25 -21 51 -46z m209 -11 c38 -32 151 -121 253 -198 l186 -140 3 -53
c4 -64 -7 -66 -63 -14 -22 20 -63 55 -90 77 -28 22 -52 42 -55 45 -3 3 -61 50
-130 105 -69 54 -145 115 -170 135 -25 21 -64 47 -88 59 -23 12 -40 26 -37 31
4 6 33 10 65 10 57 0 61 -2 126 -57z m241 -16 c48 -40 111 -88 140 -107 46
-31 53 -40 59 -77 6 -44 1 -73 -14 -73 -8 0 -18 7 -82 63 -14 12 -56 47 -95
77 -38 30 -72 57 -75 60 -23 24 -102 77 -159 107 -1 1 0 6 4 12 3 6 35 11 70
11 l63 0 89 -73z m147 54 c48 -32 70 -93 48 -128 -8 -13 -45 8 -87 51 -11 10
-41 32 -67 48 -27 16 -46 34 -42 39 10 17 117 10 148 -10z m405 5 c15 -8 34
-22 41 -31 18 -22 143 -123 203 -164 99 -68 117 -89 117 -137 0 -37 -3 -44
-20 -44 -11 0 -20 4 -20 8 0 7 -89 82 -204 172 -10 8 -33 26 -50 40 -48 40
-168 126 -194 139 -12 7 -20 16 -17 22 9 14 113 11 144 -5z m212 -3 c16 -10
29 -20 29 -24 0 -3 19 -19 43 -35 65 -44 77 -62 77 -111 0 -23 -3 -43 -7 -43
-5 0 -30 18 -58 40 -88 71 -189 146 -213 159 -12 7 -20 16 -17 22 10 16 114
10 146 -8z m421 -1 c14 -9 64 -49 110 -87 45 -39 109 -88 142 -110 119 -81
149 -120 163 -212 7 -42 -8 -42 -50 0 -19 18 -55 50 -83 72 -27 22 -51 43 -54
46 -13 17 -308 243 -347 265 -23 14 -40 30 -37 35 10 17 127 10 156 -9z m221
1 c50 -29 82 -69 105 -136 12 -34 22 -65 22 -70 0 -14 -55 22 -110 73 -30 28
-83 70 -117 92 -34 23 -60 45 -57 50 10 16 125 9 157 -9z m927 -233 l0 -250
-315 0 -314 0 -18 33 c-16 28 -18 57 -16 242 2 116 3 213 3 218 0 4 149 7 330
7 l330 0 0 -250z m713 0 l0 -245 -328 0 -328 0 1 243 c0 133 1 244 1 247 1 3
148 4 328 3 l326 -3 0 -245z m-2033 204 c34 -37 204 -175 251 -206 14 -9 32
-23 40 -30 23 -23 212 -163 247 -183 58 -34 37 -50 -53 -40 -57 6 -69 11 -118
53 -67 59 -89 77 -152 127 -27 22 -52 43 -55 46 -8 9 -163 124 -192 142 -25
16 -28 23 -28 72 0 66 12 70 60 19z m-2908 -22 c19 -15 55 -44 79 -64 58 -49
228 -180 362 -281 119 -89 121 -99 20 -90 -43 4 -68 12 -85 27 -12 12 -43 37
-68 56 -25 19 -56 45 -70 57 -14 12 -83 67 -155 121 l-130 98 -3 52 c-2 29 1
52 6 52 5 0 25 -12 44 -28z m-572 -42 c22 -21 55 -49 73 -62 30 -21 166 -128
212 -166 11 -9 45 -35 75 -56 30 -22 57 -43 58 -48 2 -4 9 -8 16 -8 22 0 51
-39 39 -51 -20 -20 -117 -1 -151 29 -64 57 -125 107 -139 116 -8 4 -23 16 -32
25 -27 25 -64 54 -91 72 -22 15 -36 26 -87 69 -7 5 -16 10 -21 10 -22 0 -43
38 -36 66 14 58 27 58 84 4z m2825 -86 c28 -22 124 -96 215 -164 91 -68 167
-125 169 -127 3 -2 0 -7 -5 -13 -5 -5 -37 -6 -71 -3 -53 5 -68 11 -100 40 -48
43 -218 181 -258 209 -64 44 -75 57 -75 95 0 66 8 72 44 36 18 -18 54 -50 81
-73z m-1485 17 c36 -29 75 -62 87 -72 12 -10 78 -60 146 -112 195 -149 197
-151 94 -140 -57 5 -68 10 -137 67 -41 33 -81 65 -88 71 -7 5 -18 15 -25 21
-7 5 -49 38 -94 72 -88 67 -99 84 -88 139 7 39 -3 44 105 -46z m654 -13 c36
-37 76 -70 211 -173 194 -148 196 -150 83 -137 -57 7 -73 14 -119 52 -30 25
-56 47 -59 50 -3 3 -34 28 -70 55 -36 26 -71 55 -77 63 -19 23 -15 112 4 112
3 0 15 -10 27 -22z m1586 -103 c36 -27 67 -52 70 -55 5 -7 85 -66 120 -90 53
-36 72 -57 57 -63 -30 -11 -136 5 -157 25 -37 35 -134 113 -192 156 -57 42
-58 44 -58 91 0 26 3 51 7 55 4 3 25 -11 47 -32 23 -21 70 -61 106 -87z
m-3617 58 c72 -65 101 -89 119 -99 9 -5 33 -23 54 -41 22 -17 65 -51 97 -76
65 -50 60 -58 -34 -49 -48 4 -62 11 -129 66 -41 33 -82 67 -90 75 -8 7 -36 27
-62 43 -28 17 -48 37 -48 47 0 27 21 81 31 81 5 0 33 -21 62 -47z m599 14 c7
-7 35 -30 63 -52 27 -22 59 -48 69 -57 11 -10 61 -48 112 -85 51 -38 93 -71
94 -74 1 -28 -129 -15 -161 15 -13 12 -55 46 -94 76 -115 88 -125 99 -125 140
0 50 15 63 42 37z m2205 -80 c23 -23 85 -74 137 -112 53 -39 94 -74 92 -80 -2
-6 -31 -8 -71 -6 -63 3 -72 6 -122 47 -30 24 -65 51 -79 60 -20 14 -24 24 -24
68 0 80 8 83 67 23z m-1466 -7 c24 -22 85 -70 136 -108 51 -37 92 -70 93 -73
0 -13 -25 -16 -82 -11 -45 3 -64 11 -90 34 -18 16 -52 44 -75 61 -44 33 -61
75 -48 116 9 29 15 27 66 -19z m-1391 -48 c22 -25 57 -53 144 -116 37 -27 17
-36 -64 -29 -49 4 -74 13 -104 34 -57 42 -67 59 -55 103 12 45 43 49 79 8z
m2189 -87 c54 -41 61 -50 45 -56 -25 -9 -112 -1 -144 14 -38 18 -49 38 -50 84
0 73 8 79 49 40 20 -18 65 -56 100 -82z m1466 -1 c50 -37 62 -50 50 -56 -25
-15 -114 1 -156 27 -37 24 -39 27 -39 78 0 30 3 57 7 61 4 4 22 -9 40 -27 18
-19 62 -56 98 -83z m-2984 46 c46 -40 49 -42 87 -70 42 -31 26 -42 -53 -34
-78 8 -95 24 -95 86 0 57 12 61 61 18z m715 -64 c32 -28 36 -35 22 -41 -9 -3
-31 -5 -50 -3 -30 3 -33 6 -36 41 -4 47 12 48 64 3z m1462 0 l36 -35 -26 -6
c-40 -10 -63 -2 -66 23 -4 25 3 52 13 52 4 0 23 -15 43 -34z m-2908 -11 c16
-20 1 -39 -26 -33 -27 5 -32 48 -6 48 11 0 25 -7 32 -15z m-801 -79 c6 -4 6
-18 0 -39 -12 -42 -12 -362 0 -404 6 -19 6 -35 1 -38 -5 -3 -163 -6 -351 -6
l-342 0 1 246 c0 135 1 246 1 248 2 5 681 -2 690 -7z m703 -4 c8 -8 13 -470 5
-479 -2 -2 -150 -4 -328 -4 l-324 0 -3 238 c-1 131 -1 242 2 248 4 13 635 10
648 -3z m5043 -236 l0 -247 -323 0 c-177 0 -326 2 -330 5 -4 2 -5 111 -2 242
l5 238 23 6 c13 3 159 4 325 4 l302 -2 0 -246z m719 0 c1 -135 -1 -246 -4
-246 -148 -3 -653 1 -659 5 -6 3 -6 18 0 38 6 17 9 124 8 237 -1 113 -1 207 0
210 0 3 148 4 328 3 l326 -2 1 -245z m-5340 235 c132 0 255 1 271 2 l30 2 0
-243 0 -243 -325 0 c-179 0 -327 1 -330 1 -4 0 -4 383 -1 479 1 11 13 12 57 7
31 -3 165 -6 298 -5z m1017 -3 c0 -7 1 -118 1 -246 l1 -233 -324 0 c-178 0
-328 1 -334 1 -6 0 -10 85 -9 237 l2 238 303 5 c167 3 316 6 332 8 16 1 27 -3
28 -10z m720 -3 c0 -5 0 -115 0 -244 l0 -233 -332 1 c-184 1 -335 3 -337 5 -5
5 -3 466 2 474 7 11 666 9 667 -3z m746 2 c5 -5 6 -468 0 -473 -1 -2 -159 -4
-351 -5 l-347 -1 0 234 c0 128 0 238 0 243 1 10 687 12 698 2z m711 -1 c10
-10 7 -476 -3 -476 -5 0 -156 0 -334 -1 l-323 -1 0 239 c0 131 1 240 1 243 1
6 652 2 659 -4z m716 -235 c1 -132 -1 -241 -4 -241 -3 0 -151 -1 -330 -1
l-325 0 -1 238 c-1 131 0 240 1 243 2 3 151 4 331 4 l327 -2 1 -241z m-5038
-295 c10 -4 10 -14 2 -43 -6 -23 -9 -118 -6 -240 2 -112 0 -203 -4 -203 -5 0
-159 -1 -344 -1 l-336 0 0 243 c0 134 1 245 1 248 1 6 671 2 687 -4z m712 1
c4 -3 5 -114 2 -247 l-5 -241 -325 0 -325 0 -3 238 c-1 131 -1 242 2 248 3 10
637 12 654 2z m717 -242 l0 -246 -322 0 c-178 0 -326 1 -330 1 -10 0 -11 483
-1 490 3 3 152 4 330 3 l323 -2 0 -246z m717 0 l0 -246 -321 0 c-177 0 -327 1
-333 1 -10 0 -13 56 -13 245 0 204 2 245 14 247 8 2 158 2 334 1 l320 -2 -1
-246z m719 0 l0 -246 -333 0 -333 0 -5 241 c-3 132 -2 244 2 248 4 4 156 6
338 5 l331 -1 0 -247z m746 242 c5 -6 4 -479 -1 -484 -2 -2 -160 -4 -350 -4
l-347 -1 0 246 c0 135 0 247 1 249 0 4 692 -2 697 -6z m708 3 c16 0 13 -490
-2 -490 -7 0 -157 -1 -334 -1 l-321 0 0 243 c0 134 1 245 1 248 1 4 421 4 656
0z m715 0 c8 0 6 -490 -2 -490 -5 0 -153 -1 -330 -1 l-323 0 -2 238 c-2 131
-1 243 1 248 2 6 118 9 327 8 178 -1 326 -3 329 -3z m715 -245 l0 -246 -325 0
-325 0 -5 241 c-3 133 -2 244 2 248 4 4 152 6 330 5 l323 -2 0 -246z m718 0
l0 -246 -322 0 c-176 0 -324 1 -329 1 -4 0 -6 89 -4 198 2 108 -1 216 -6 240
-8 33 -7 44 3 50 8 4 159 6 336 5 l322 -2 0 -246z"/>
</g>
</svg>
