<?xml version="1.0" encoding="UTF-8" standalone="no"?>
<svg
   xmlns:dc="http://purl.org/dc/elements/1.1/"
   xmlns:cc="http://creativecommons.org/ns#"
   xmlns:rdf="http://www.w3.org/1999/02/22-rdf-syntax-ns#"
   xmlns:svg="http://www.w3.org/2000/svg"
   xmlns="http://www.w3.org/2000/svg"
   xmlns:sodipodi="http://sodipodi.sourceforge.net/DTD/sodipodi-0.dtd"
   xmlns:inkscape="http://www.inkscape.org/namespaces/inkscape"
   version="1.0"
   width="900.000000pt"
   height="297.000000pt"
   viewBox="0 0 900.000000 297.000000"
   preserveAspectRatio="xMidYMid meet"
   id="svg3327"
   inkscape:version="0.48.4 r9939"
   sodipodi:docname="8b.svg">
  <defs
     id="defs3425" />
  <sodipodi:namedview
     pagecolor="#ffffff"
     bordercolor="#666666"
     borderopacity="1"
     objecttolerance="10"
     gridtolerance="10"
     guidetolerance="10"
     inkscape:pageopacity="0"
     inkscape:pageshadow="2"
     inkscape:window-width="1600"
     inkscape:window-height="824"
     id="namedview3423"
     showgrid="false"
     inkscape:zoom="0.816"
     inkscape:cx="621.85285"
     inkscape:cy="238.58564"
     inkscape:window-x="0"
     inkscape:window-y="24"
     inkscape:window-maximized="1"
     inkscape:current-layer="g3331" />
  <metadata
     id="metadata3329">
Created by potrace 1.10, written by Peter Selinger 2001-2011
<rdf:RDF>
  <cc:Work
     rdf:about="">
    <dc:format>image/svg+xml</dc:format>
    <dc:type
       rdf:resource="http://purl.org/dc/dcmitype/StillImage" />
  </cc:Work>
</rdf:RDF>
</metadata>
  <g
     transform="translate(0.000000,297.000000) scale(0.100000,-0.100000)"
     fill="#000000"
     stroke="none"
     id="g3331">
    <path
       d="M4897 2813 c-4 -3 -7 -140 -7 -303 0 -221 3 -300 13 -313 11 -15 49 -17 397 -19 l385 -3 0 -557 c1 -306 4 -560 8 -565 5 -4 16 -2 25 3 16 10 17 54 16 563 0 380 3 551 10 552 6 0 215 1 464 2 436 2 454 3 468 21 19 27 21 595 2 614 -9 9 -221 12 -893 12 -485 0 -885 -3 -888 -7z m1721 -308 l-3 -266 -829 1 c-456 0 -831 2 -833 4 -3 3 -6 444 -3 516 0 7 285 10 835 10 l835 0 -2 -265z"
       id="path3333" />
    <path
       d="M5862 2699 c-26 -10 -28 -36 -6 -67 11 -16 13 -27 6 -35 -6 -7 -12 -56 -13 -110 -2 -77 0 -100 12 -108 19 -12 22 -11 42 4 15 11 16 25 8 127 -6 92 -5 119 6 136 25 39 -7 70 -55 53z"
       id="path3335" />
    <path
       d="m 5192,2688 c -8,-8 -12,-57 -12,-155 0,-168 -3,-163 114,-163 110,0 114,5 114,162 0,166 -2,168 -116,168 -55,0 -92,-4 -100,-12 z m 139,-38 c 23,-13 26,-62 4,-80 -8,-7 -8.0416,-24.2381 -15,-25 -63.9268,-7 -34.3182,-18 15,-25 9,-7 15,-29 15,-51 0,-32 -5,-42 -25,-51 -42,-19 -75,3 -75,49 0,21 7,46 15,57 12,16 12,21 0,40 -41,57 6,118 66,86 z"
       id="path3337"
       inkscape:connector-curvature="0"
       sodipodi:nodetypes="ssssssccscscsccc" />
    <path
       d="M5726 2624 c-25 -31 -27 -38 -17 -60 6 -14 11 -54 11 -89 0 -57 3 -66 27 -85 34 -27 59 -22 55 10 -12 93 -13 123 -2 155 9 26 9 43 0 70 -15 45 -36 44 -74 -1z"
       id="path3339" />
    <path
       d="M6079 2599 c-9 -17 -7 -25 10 -43 16 -17 21 -37 23 -101 3 -78 4 -80 28 -80 24 0 25 2 28 82 3 84 -8 118 -47 151 -21 17 -29 15 -42 -9z"
       id="path3341" />
    <path
       d="m 5503,2588 c -33,-36 -43,-63 -43,-113 0,-59 12,-80 51,-94 74,-26 149,-4 149,43 0,36 -28,41 -56,10 -41,-44 -59,-29 -61,49 l -1,68 26,-3 c 24,-3 -29.3725,-31.5098 -31.3725,-59.5098 -2,-24 58.3725,-8.4902 74.3725,-13.4902 45,-15 64,42 32,93 -24,37 -32,42 -79,42 -29,0 -46,-6 -61,-22 z"
       id="path3343"
       inkscape:connector-curvature="0"
       sodipodi:nodetypes="cscscccccccsc" />
    <path
       d="M5982 2598 c-8 -8 -12 -48 -12 -114 0 -85 3 -103 16 -108 22 -8 54 2 55 17 0 7 2 37 3 67 1 30 5 67 10 82 13 44 -42 86 -72 56z"
       id="path3345" />
    <path
       d="M6251 2584 c-13 -29 -7 -46 14 -38 32 13 26 -26 -9 -59 -20 -19 -36 -39 -36 -45 0 -45 47 -72 125 -72 89 0 96 7 92 96 -4 69 -7 78 -37 109 -30 31 -40 35 -85 35 -46 0 -53 -3 -64 -26z m101 -149 c-17 -36 -56 -31 -60 8 -3 21 2 29 20 36 35 13 55 -10 40 -44z"
       id="path3347" />
    <path
       d="M1913 2070 c-13 -5 -23 -15 -23 -22 -3 -126 2 -613 6 -617 3 -3 180 -8 392 -11 l387 -5 -3 -142 -3 -142 27 -7 c17 -4 29 -2 34 6 5 7 6 73 3 145 -4 92 -2 134 5 139 6 4 217 7 468 6 328 0 460 3 470 11 11 9 14 70 14 320 0 295 -1 309 -19 319 -25 13 -1726 13 -1758 0z m1702 -50 c10 0 11 -517 2 -527 -3 -2 -379 -5 -836 -6 l-830 -2 -3 263 c-2 144 -2 265 -1 270 2 4 375 6 830 4 456 -1 833 -2 838 -2z"
       id="path3349" />
    <path
       d="M2653 1929 c-38 -24 -42 -45 -12 -54 13 -4 32 1 55 17 37 25 43 42 18 52 -23 9 -26 8 -61 -15z"
       id="path3351" />
    <path
       d="M2958 1943 c-11 -3 -18 -14 -18 -28 0 -27 3 -29 43 -39 23 -5 29 -2 39 18 19 42 -10 63 -64 49z"
       id="path3353" />
    <path
       d="M2278 1933 c-2 -4 -4 -78 -3 -163 l0 -155 28 -3 c45 -5 59 14 52 69 -9 63 0 89 31 89 22 0 24 -4 24 -44 0 -26 6 -48 14 -56 8 -6 16 -21 18 -33 2 -18 10 -22 38 -22 28 0 36 4 38 22 2 13 -5 27 -19 37 -21 14 -31 47 -46 149 -4 31 -1 43 18 63 12 13 28 24 36 24 7 0 13 7 13 15 0 11 -11 15 -39 15 -34 0 -44 -6 -70 -39 -17 -21 -31 -46 -31 -55 0 -9 -4 -16 -10 -16 -10 0 -13 17 -14 75 -1 27 -4 30 -38 33 -20 2 -38 -1 -40 -5z"
       id="path3355" />
    <path
       d="M2816 1874 c-27 -32 -27 -36 -12 -53 11 -12 16 -37 16 -85 0 -83 24 -126 70 -126 40 0 48 19 17 42 -20 15 -27 31 -33 74 -6 48 -3 60 15 84 17 24 18 30 7 37 -8 4 -16 19 -18 33 -5 36 -29 34 -62 -6z"
       id="path3357" />
    <path
       d="M3101 1844 c-22 -16 -28 -48 -12 -59 6 -3 15 4 21 15 9 16 19 20 42 18 39 -4 48 -25 16 -37 -13 -5 -38 -21 -56 -36 -36 -30 -43 -75 -16 -113 13 -19 24 -22 79 -22 97 0 95 -3 95 110 0 90 -2 99 -22 112 -36 23 -121 30 -147 12z m97 -135 c3 -28 -30 -65 -47 -54 -18 10 -13 63 7 74 24 15 37 8 40 -20z"
       id="path3359" />
    <path
       d="M2583 1828 c-37 -22 -40 -30 -17 -49 14 -12 19 -10 38 14 28 35 79 39 74 5 -2 -12 -12 -25 -23 -28 -31 -8 -95 -63 -95 -81 0 -8 15 -30 34 -48 31 -30 37 -32 97 -29 l64 3 3 97 3 96 -30 21 c-37 27 -104 27 -148 -1z m107 -129 c0 -33 -22 -48 -45 -29 -20 17 -19 26 5 50 26 26 40 18 40 -21z"
       id="path3361" />
    <path
       d="M2961 1836 c-8 -9 -11 -50 -9 -117 l3 -104 30 0 30 0 3 118 3 117 -24 0 c-14 0 -30 -6 -36 -14z"
       id="path3363" />
    <path
       d="M3829 2053 c-12 -32 -8 -601 4 -621 7 -10 100 -13 450 -12 l442 1 1 -138 c1 -76 2 -144 3 -150 1 -17 47 -17 58 0 4 6 6 71 4 143 -2 90 0 134 8 138 6 4 185 7 397 6 279 0 390 3 400 11 11 9 14 69 14 320 l0 309 -26 10 c-16 6 -351 10 -885 10 l-859 0 -11 -27z m1705 -29 c14 -5 16 -38 16 -264 0 -183 -3 -261 -11 -266 -8 -5 -1540 -9 -1661 -4 -5 0 -8 119 -8 265 l0 265 808 3 c444 1 815 3 824 5 9 1 23 -1 32 -4z"
       id="path3365" />
    <path
       d="M4312 1942 c-9 -7 -12 -47 -10 -168 l3 -159 98 -3 98 -3 -3 28 c-3 26 -6 28 -58 31 -30 2 -58 9 -62 15 -4 7 -5 63 -1 126 6 104 5 115 -12 127 -21 16 -35 17 -53 6z"
       id="path3367" />
    <path
       d="M4841 1937 c-27 -13 -49 -43 -39 -52 15 -15 66 -7 87 14 22 22 28 41 12 41 -5 0 -15 2 -23 5 -7 3 -24 -1 -37 -8z"
       id="path3369" />
    <path
       d="M4591 1848 c-33 -18 -49 -44 -35 -58 7 -7 19 -4 37 10 33 26 72 23 72 -5 0 -14 -8 -21 -25 -23 -50 -7 -95 -66 -81 -105 18 -46 38 -57 106 -57 75 0 75 -1 75 119 0 72 -3 91 -18 104 -25 23 -101 31 -131 15z m85 -123 c9 -22 -4 -65 -20 -65 -26 0 -38 25 -25 54 13 29 36 34 45 11z"
       id="path3371" />
    <path
       d="M4817 1843 c-3 -5 -7 -54 -8 -110 -4 -110 2 -127 42 -121 24 3 24 5 24 118 l0 115 -27 3 c-14 2 -28 -1 -31 -5z"
       id="path3373" />
    <path
       d="M4928 1829 c-36 -39 -17 -85 45 -108 19 -8 27 -17 27 -36 0 -28 -3 -29 -30 -15 -22 12 -50 3 -50 -15 0 -25 36 -45 82 -45 39 0 50 5 72 31 14 17 26 37 26 45 0 20 -49 64 -71 64 -23 0 -49 27 -49 51 0 32 40 24 53 -11 9 -24 16 -29 32 -24 21 7 35 22 35 40 0 42 -138 61 -172 23z"
       id="path3375" />
    <path
       d="M6613 2000 l-23 -9 0 -299 c0 -280 1 -300 19 -316 17 -16 56 -17 447 -16 236 1 435 1 443 1 11 -1 13 -27 9 -146 -5 -135 -4 -147 13 -156 13 -7 26 -6 40 2 20 10 21 15 14 139 -4 70 -4 136 -1 146 5 18 22 19 398 16 216 -1 399 1 405 6 10 6 14 84 16 316 l3 308 -24 9 c-31 12 -1730 11 -1759 -1z m1717 -305 c0 -205 -3 -265 -12 -266 -75 -4 -1652 2 -1659 7 -6 3 -9 112 -8 265 l1 259 839 0 839 0 0 -265z"
       id="path3377" />
    <path
       d="M6803 1818 c-13 -21 -35 -81 -40 -113 -3 -16 -9 -34 -13 -40 -5 -5 -11 -25 -13 -44 -3 -19 -17 -45 -31 -58 -30 -27 -32 -36 -12 -52 24 -20 70 -10 74 16 4 26 18 31 90 31 50 0 55 -2 64 -28 13 -38 37 -46 62 -21 19 19 21 19 48 3 28 -16 30 -16 43 1 8 11 11 33 8 57 -8 54 12 100 43 100 23 0 24 -2 24 -79 0 -88 12 -111 46 -87 16 12 18 25 16 86 -5 110 -47 168 -98 135 -19 -12 -28 -13 -43 -4 -10 7 -26 9 -35 6 -13 -5 -16 -22 -16 -91 0 -50 -4 -88 -11 -91 -18 -12 -57 34 -62 73 -10 67 -24 123 -36 135 -6 6 -11 20 -11 32 0 12 -5 26 -12 33 -16 16 -75 15 -85 0z m57 -110 c0 -11 7 -32 16 -48 25 -41 13 -62 -33 -58 -30 2 -39 8 -41 24 -2 11 4 27 13 34 8 7 15 25 15 40 0 14 3 30 6 33 11 11 24 -3 24 -25z"
       id="path3379" />
    <path
       d="M7402 1823 c-9 -3 -11 -21 -6 -69 5 -42 3 -68 -5 -78 -9 -10 -8 -16 4 -26 22 -18 18 -53 -9 -79 -33 -31 -46 -20 -46 39 0 36 5 52 17 59 14 8 15 13 5 35 -16 35 -35 33 -66 -8 -21 -29 -26 -45 -26 -95 0 -49 4 -64 22 -81 25 -23 48 -26 66 -8 9 9 20 9 47 -1 19 -7 39 -9 45 -6 5 3 10 50 11 103 0 53 4 120 9 147 5 32 4 55 -2 63 -10 12 -42 15 -66 5z"
       id="path3381" />
    <path
       d="M7760 1804 c-6 -15 -9 -33 -6 -41 3 -7 -15 -34 -39 -60 -43 -44 -45 -50 -45 -104 0 -75 26 -99 107 -99 63 0 93 13 93 40 0 27 -21 30 -58 7 -31 -18 -35 -18 -50 -3 -14 14 -15 19 -3 37 9 15 10 24 2 32 -15 15 -14 54 2 60 6 2 22 1 34 -4 19 -7 22 -14 17 -37 -8 -38 9 -49 41 -28 35 23 31 47 -14 94 l-39 40 24 23 c37 34 28 63 -19 67 -32 3 -38 0 -47 -24z"
       id="path3383" />
    <path
       d="M7931 1821 c-9 -6 -11 -18 -5 -42 4 -19 7 -86 5 -149 -2 -95 0 -118 12 -129 12 -9 21 -10 37 -1 20 11 20 17 18 168 l-3 157 -25 3 c-14 1 -31 -2 -39 -7z"
       id="path3385" />
    <path
       d="M8090 1714 c-15 -39 -13 -44 23 -44 56 0 66 -16 22 -35 -54 -22 -75 -43 -75 -75 0 -45 27 -60 106 -60 41 0 75 5 82 12 17 17 15 129 -3 172 -17 41 -19 42 -93 50 -50 5 -53 4 -62 -20z m97 -120 c8 -21 -13 -64 -31 -64 -20 0 -29 35 -16 60 13 24 38 26 47 4z"
       id="path3387" />
    <path
       d="M7531 1716 c-8 -9 -11 -48 -9 -112 l3 -99 30 0 30 0 0 80 0 80 30 5 c24 4 31 11 33 33 3 27 2 27 -51 27 -35 0 -59 -5 -66 -14z"
       id="path3389" />
    <path
       d="M1383 1184 c-3 -9 -3 -127 0 -263 5 -194 3 -251 -7 -270 -16 -29 -10 -61 13 -62 14 -1 5462 0 6876 1 292 0 540 0 552 0 15 0 25 -9 33 -34 14 -44 37 -53 52 -21 6 14 15 25 20 25 17 0 48 41 48 65 0 14 -14 39 -32 59 -18 19 -39 42 -46 51 -25 30 -47 14 -47 -35 l0 -45 -40 0 -40 0 -2 260 c-1 143 -2 266 -2 273 -1 6 -12 12 -26 12 -14 0 -25 -6 -26 -12 0 -7 0 -129 1 -270 l2 -257 -219 0 c-141 0 -222 4 -231 11 -9 8 -16 8 -24 0 -8 -8 -49 -12 -111 -12 l-100 0 7 98 c3 53 7 131 8 172 1 73 1 75 -23 75 l-24 0 0 -170 0 -170 -130 -2 c-72 0 -170 -3 -220 -5 -49 -1 -95 1 -102 5 -9 5 -10 49 -6 166 6 156 6 159 -16 171 -17 9 -26 9 -38 -2 -13 -10 -15 -37 -12 -173 l4 -160 -94 -3 c-52 -1 -97 1 -101 5 -4 4 -4 79 -1 166 3 86 5 162 3 167 -5 15 -42 12 -43 -2 -4 -49 5 -255 12 -281 14 -49 -1 -57 -100 -57 -107 0 -120 7 -103 52 7 18 16 84 19 146 5 99 4 114 -12 132 -10 11 -25 20 -33 20 -12 0 -14 -27 -11 -172 l4 -173 -90 0 -90 0 0 170 c0 143 -2 170 -15 172 -35 7 -38 -8 -30 -172 4 -88 6 -163 3 -168 -2 -4 -48 -7 -102 -7 -106 0 -132 11 -113 47 12 24 23 274 13 291 -5 8 -19 12 -32 10 l-24 -3 2 -140 c1 -77 3 -153 5 -170 l3 -30 -80 -8 c-44 -4 -91 -5 -103 -2 l-24 6 3 231 c3 214 2 231 -15 244 -13 9 -24 10 -35 4 -14 -8 -16 -36 -12 -244 l3 -236 -100 0 c-71 0 -101 4 -104 13 -2 6 -1 80 2 162 4 83 4 156 2 163 -5 16 -39 16 -49 0 -10 -18 -4 -224 8 -271 15 -59 3 -67 -101 -67 -102 0 -104 2 -89 84 5 30 8 101 7 158 -3 98 -4 103 -25 106 -27 4 -26 16 -23 -190 l2 -158 -105 0 c-113 0 -120 3 -106 52 13 47 15 276 2 289 -13 13 -49 4 -56 -14 -3 -10 4 -146 16 -292 l2 -30 -90 0 -90 0 1 30 c1 17 5 82 9 146 9 133 4 169 -25 169 -40 0 -41 -18 -17 -315 l2 -30 -100 -7 c-64 -5 -103 -4 -110 3 -6 6 -10 78 -10 177 l0 167 -25 0 -25 0 -2 -165 c-1 -91 -2 -170 -2 -177 -1 -8 -27 -11 -93 -8 -51 2 -97 4 -102 5 -5 0 -6 67 -2 158 4 86 4 165 1 175 -4 9 -17 17 -31 17 -35 0 -39 -33 -27 -195 9 -118 9 -142 -3 -151 -16 -13 -193 -7 -208 7 -5 4 -4 26 2 51 6 24 13 91 16 150 5 88 3 110 -10 122 -23 24 -43 19 -51 -11 -3 -16 -2 -91 4 -168 6 -77 9 -143 6 -147 -7 -13 -211 -9 -215 4 -2 6 -1 34 3 62 4 28 8 99 8 157 1 86 -2 108 -14 113 -18 7 -42 -2 -48 -17 -3 -10 4 -148 16 -292 l2 -30 -103 -3 c-57 -1 -110 2 -121 8 -12 6 -22 6 -25 1 -8 -12 -139 -25 -166 -16 -21 7 -22 9 -19 221 3 219 -1 244 -35 231 -14 -6 -16 -36 -16 -225 0 -120 -2 -221 -4 -223 -2 -2 -49 -2 -103 1 l-98 5 5 115 c2 63 5 140 5 170 0 54 0 55 -30 55 l-30 0 0 -170 0 -170 -90 -3 c-56 -2 -98 2 -112 9 -15 8 -26 9 -35 2 -17 -14 -189 -25 -207 -14 -11 7 -13 41 -9 175 l4 166 -27 0 c-15 0 -29 -4 -31 -10 -2 -8 7 -196 15 -295 l2 -30 -120 0 -120 0 2 25 c2 14 7 77 13 140 5 63 12 130 15 148 6 32 5 33 -22 30 l-28 -3 0 -170 0 -170 -63 -8 c-35 -5 -74 -6 -87 -3 l-23 6 1 172 2 173 -27 3 c-21 3 -28 -1 -29 -15 0 -10 -1 -90 -2 -178 l-2 -160 -90 -3 c-49 -1 -95 1 -101 5 -7 6 -9 55 -4 158 7 168 2 198 -33 193 -21 -3 -22 -7 -25 -123 -2 -66 2 -140 8 -164 8 -30 8 -47 1 -54 -13 -13 -211 -9 -227 4 -8 7 -14 6 -19 -1 -9 -14 -208 -13 -223 2 -8 8 -15 8 -25 -1 -10 -8 -62 -11 -163 -10 -82 0 -169 -2 -194 -5 -75 -11 -73 -16 -71 230 1 121 4 234 7 252 4 19 1 38 -6 47 -17 20 -59 19 -67 -1z"
       id="path3397" />
    <path
       d="M1617 1004 c-11 -11 -8 -267 3 -284 25 -38 43 49 38 190 -2 76 -6 95 -18 98 -9 1 -19 0 -23 -4z"
       id="path3399" />
    <path
       d="M1853 994 c-3 -8 -4 -71 -1 -138 4 -91 9 -129 21 -146 l16 -23 10 25 c11 30 17 270 7 286 -10 17 -46 15 -53 -4z"
       id="path3401" />
    <path
       d="M2117 989 c-8 -29 4 -260 13 -278 17 -31 34 37 40 159 4 69 5 128 3 133 -9 17 -51 6 -56 -14z"
       id="path3403" />
    <path
       d="M3350 995 c-16 -19 -3 -270 15 -285 26 -21 37 18 42 145 4 92 3 128 -7 140 -16 19 -34 19 -50 0z"
       id="path3405" />
    <path
       d="M4080 995 c-17 -20 -10 -269 8 -287 27 -27 37 9 40 157 4 139 3 145 -16 145 -11 0 -25 -7 -32 -15z"
       id="path3407" />
    <path
       d="M7737 1003 c-9 -8 -9 -240 -1 -270 4 -13 10 -23 15 -23 22 0 33 54 37 173 l4 127 -24 0 c-14 0 -28 -3 -31 -7z"
       id="path3409" />
    <path
       d="M8224 1002 c-17 -12 -1 -270 19 -289 14 -15 16 -14 22 8 3 13 4 82 3 154 -2 106 -6 130 -18 132 -8 2 -20 0 -26 -5z"
       id="path3411" />
    <path
       d="M8459 988 c-8 -15 -10 -56 -6 -127 6 -114 12 -141 32 -141 21 0 25 25 25 161 0 122 -1 129 -20 129 -10 0 -25 -10 -31 -22z"
       id="path3413" />
    <path
       d="M8645 451 c-27 -53 1 -77 50 -45 33 22 55 12 55 -25 0 -24 -5 -32 -25 -37 -24 -6 -31 -29 -9 -29 23 -1 34 -20 34 -61 0 -51 -19 -67 -49 -40 -10 9 -30 16 -44 16 -23 0 -27 -4 -27 -30 0 -38 22 -49 95 -49 88 1 94 12 93 151 -1 93 -4 119 -20 146 -19 30 -23 32 -79 32 -55 0 -59 -2 -74 -29z"
       id="path3415" />
    <path
       d="M1322 420 c-20 -19 -22 -31 -22 -130 0 -93 3 -114 21 -144 20 -35 23 -36 79 -36 58 0 58 0 79 40 17 34 21 58 21 145 0 100 -1 104 -26 124 -37 29 -121 29 -152 1z m103 -140 l0 -105 -25 0 c-25 0 -25 1 -28 94 -3 96 6 125 37 119 13 -3 16 -20 16 -108z"
       id="path3417" />
    <path
       d="M6206 421 c-22 -24 -13 -61 15 -61 11 0 31 7 44 16 56 36 75 -20 25 -70 -17 -16 -30 -36 -30 -44 0 -8 -16 -32 -35 -53 -34 -38 -42 -63 -27 -85 4 -6 44 -14 89 -17 89 -5 118 4 111 39 -3 16 -13 20 -61 22 -67 4 -72 15 -23 54 39 32 86 110 86 145 0 13 -11 35 -25 48 -20 21 -33 25 -88 25 -50 0 -68 -4 -81 -19z"
       id="path3419" />
    <path
       d="M3851 388 c-11 -18 -29 -41 -40 -50 -23 -19 -26 -35 -11 -58 7 -12 12 -12 29 4 20 18 20 18 27 -9 4 -15 4 -62 0 -105 -7 -85 4 -108 44 -95 24 8 23 -3 21 170 0 77 -1 148 -1 158 0 31 -46 21 -69 -15z"
       id="path3421" />
  </g>
</svg>
