<?xml version="1.0" encoding="UTF-8" standalone="no"?>
<svg
   xmlns:dc="http://purl.org/dc/elements/1.1/"
   xmlns:cc="http://creativecommons.org/ns#"
   xmlns:rdf="http://www.w3.org/1999/02/22-rdf-syntax-ns#"
   xmlns:svg="http://www.w3.org/2000/svg"
   xmlns="http://www.w3.org/2000/svg"
   xmlns:sodipodi="http://sodipodi.sourceforge.net/DTD/sodipodi-0.dtd"
   xmlns:inkscape="http://www.inkscape.org/namespaces/inkscape"
   version="1.0"
   width="810.000000pt"
   height="615.000000pt"
   viewBox="0 0 810.000000 615.000000"
   preserveAspectRatio="xMidYMid meet"
   id="svg3033"
   inkscape:version="0.48.4 r9939"
   sodipodi:docname="2.svg">
  <defs
     id="defs3089" />
  <sodipodi:namedview
     pagecolor="#ffffff"
     bordercolor="#666666"
     borderopacity="1"
     objecttolerance="10"
     gridtolerance="10"
     guidetolerance="10"
     inkscape:pageopacity="0"
     inkscape:pageshadow="2"
     inkscape:window-width="1315"
     inkscape:window-height="744"
     id="namedview3087"
     showgrid="false"
     inkscape:zoom="0.30699187"
     inkscape:cx="506.25"
     inkscape:cy="384.375"
     inkscape:window-x="51"
     inkscape:window-y="24"
     inkscape:window-maximized="1"
     inkscape:current-layer="g3037" />
  <metadata
     id="metadata3035">
Created by potrace 1.10, written by Peter Selinger 2001-2011
<rdf:RDF>
  <cc:Work
     rdf:about="">
    <dc:format>image/svg+xml</dc:format>
    <dc:type
       rdf:resource="http://purl.org/dc/dcmitype/StillImage" />
    <dc:title></dc:title>
  </cc:Work>
</rdf:RDF>
</metadata>
  <g
     transform="translate(0.000000,615.000000) scale(0.100000,-0.100000)"
     fill="#000000"
     stroke="none"
     id="g3037">
    <path
       d="M4337 6024 c-13 -13 -7 -62 8 -68 9 -3 15 -18 15 -39 0 -19 7 -40 15 -47 10 -8 15 -30 15 -61 0 -45 -2 -48 -27 -51 -39 -4 -39 -42 -2 -46 44 -5 79 38 79 97 0 31 5 53 15 61 8 7 15 27 15 46 0 20 6 37 16 42 24 13 15 67 -11 67 -12 0 -21 -8 -23 -20 -2 -11 -7 -29 -12 -40 -5 -11 -11 -36 -12 -55 -2 -19 -7 -35 -13 -35 -5 0 -11 16 -13 35 -1 19 -7 44 -12 55 -5 11 -10 29 -12 40 -3 20 -28 31 -41 19z"
       id="path3039" />
    <path
       d="M2147 5994 c-10 -10 -9 -72 2 -78 4 -3 34 -59 66 -123 32 -65 69 -133 83 -152 32 -43 262 -500 262 -521 0 -9 14 -30 30 -48 17 -18 30 -41 30 -52 0 -10 7 -20 15 -24 8 -3 15 -16 15 -30 0 -13 7 -26 15 -30 8 -3 15 -16 15 -30 0 -13 7 -26 15 -30 8 -3 15 -16 15 -30 0 -13 7 -26 15 -30 8 -3 15 -16 15 -30 0 -13 7 -26 15 -30 8 -3 15 -16 15 -30 0 -13 7 -26 15 -30 8 -3 15 -16 15 -30 0 -13 7 -26 15 -30 8 -3 15 -16 15 -30 0 -13 7 -26 15 -30 8 -3 15 -16 15 -30 0 -13 7 -26 15 -30 8 -3 15 -14 15 -23 0 -10 14 -33 30 -51 17 -18 30 -41 30 -52 0 -10 7 -20 15 -24 8 -3 15 -16 15 -30 0 -13 7 -26 15 -30 8 -3 15 -14 15 -24 0 -24 183 -394 219 -442 37 -50 201 -381 201 -406 0 -12 7 -24 15 -28 8 -3 15 -16 15 -30 0 -13 7 -26 15 -30 8 -3 15 -14 15 -23 0 -10 14 -33 30 -51 17 -18 30 -39 30 -46 0 -8 7 -19 15 -26 8 -7 15 -20 15 -30 0 -10 7 -23 15 -30 8 -7 15 -21 15 -31 0 -10 9 -23 21 -29 11 -7 18 -14 15 -17 -3 -3 -89 -6 -191 -6 l-185 -1 -28 32 c-36 40 -48 40 -83 1 l-27 -31 -382 0 -381 0 -28 31 c-35 39 -47 39 -82 0 l-27 -30 -412 -1 -411 0 -28 31 c-35 39 -47 39 -82 0 l-28 -32 -388 -1 c-381 -1 -388 -1 -388 -21 0 -20 7 -20 404 -21 301 0 406 -4 409 -12 5 -15 59 -16 64 -1 5 14 887 16 897 2 10 -16 73 -43 98 -43 14 0 23 6 23 15 0 10 -10 15 -31 15 -19 0 -29 4 -27 12 5 15 831 15 836 -1 5 -15 59 -14 65 2 3 9 56 12 221 11 119 -1 219 -3 221 -6 3 -3 -1 -11 -10 -18 -22 -18 -18 -30 10 -30 20 0 25 -5 25 -24 0 -13 7 -29 15 -36 8 -7 15 -23 15 -35 0 -13 7 -25 15 -29 8 -3 15 -16 15 -30 0 -13 7 -26 15 -30 8 -3 15 -14 15 -23 0 -10 13 -33 30 -51 17 -18 30 -39 30 -46 0 -8 7 -19 15 -26 8 -7 15 -24 15 -39 0 -15 4 -31 9 -36 23 -23 121 -231 121 -256 0 -15 7 -29 15 -33 19 -7 19 -45 0 -52 -23 -9 -18 -34 6 -34 12 0 37 -16 56 -35 l34 -35 3 -385 c2 -316 0 -385 -11 -385 -17 0 -17 -56 0 -63 10 -4 12 -83 10 -403 l-4 -397 -24 -23 c-32 -30 -32 -59 3 -90 27 -26 27 -27 27 -157 0 -125 1 -132 20 -132 19 0 20 7 21 133 0 87 4 136 12 144 7 7 12 18 12 25 0 22 23 63 35 63 7 0 58 45 113 100 56 55 103 100 105 100 10 0 263 261 271 280 13 29 46 26 44 -4 -2 -26 238 -517 276 -564 24 -30 116 -212 116 -231 0 -6 4 -11 9 -11 5 0 11 -9 14 -21 4 -13 12 -20 24 -17 22 4 29 40 11 59 -7 8 -37 64 -67 124 -30 61 -65 125 -79 144 -34 46 -262 501 -262 524 0 10 -7 20 -15 23 -8 4 -15 9 -15 13 0 12 269 275 289 283 10 3 84 72 164 152 80 80 147 146 149 146 5 0 208 203 208 208 0 6 88 92 94 92 2 0 72 67 154 150 82 82 154 150 160 150 6 0 71 61 145 135 75 74 137 135 140 135 6 0 177 171 177 177 0 8 118 123 127 124 4 1 67 63 138 139 90 95 135 136 147 133 9 -2 22 4 28 14 11 17 38 18 468 16 l457 -3 -3 -43 c-2 -30 2 -48 12 -57 13 -10 17 -8 26 14 14 38 76 100 94 93 20 -8 42 18 24 29 -7 5 -22 7 -33 6 -13 -2 -36 11 -58 33 -31 30 -41 34 -52 25 -8 -7 -13 -21 -12 -32 2 -19 -7 -19 -430 -20 -238 0 -434 2 -435 4 -2 2 17 21 41 43 25 22 75 70 112 108 37 37 69 67 71 67 6 0 148 142 148 148 0 4 147 152 152 152 10 0 328 320 328 329 0 39 -40 10 -176 -128 -82 -83 -154 -151 -161 -151 -15 0 -193 -178 -193 -194 0 -15 -92 -106 -107 -106 -13 0 -204 -188 -243 -239 l-25 -33 -448 0 -449 0 -27 31 c-35 39 -47 39 -82 0 l-27 -31 -367 0 -367 0 -27 31 c-35 39 -47 39 -81 0 l-28 -30 -411 -1 -411 -1 -1 427 -1 427 31 28 c39 35 39 47 0 82 l-31 27 0 392 c0 242 4 395 10 399 20 13 23 49 6 66 -16 15 -17 49 -15 358 3 386 2 380 12 387 19 14 19 50 0 67 -17 14 -21 29 -21 85 l0 68 39 0 c22 0 42 4 45 8 3 5 -19 34 -49 65 l-53 57 -45 -37 c-48 -40 -59 -63 -29 -63 9 -1 27 -9 40 -20 20 -17 23 -26 20 -87 -3 -67 -4 -68 -33 -73 -42 -7 -44 -35 -4 -71 l32 -29 0 -335 0 -335 -26 -24 c-34 -31 -34 -60 -1 -91 l26 -24 0 -398 c0 -283 -3 -398 -11 -401 -14 -5 -14 -59 0 -64 7 -2 11 -138 12 -448 l1 -445 -27 -3 c-30 -4 -39 21 -12 32 23 8 20 81 -5 106 -24 24 -53 26 -70 5 -9 -11 -10 -29 -2 -72 5 -32 9 -59 7 -61 -2 -2 -75 -4 -163 -5 -135 -1 -162 2 -176 15 -9 9 -16 25 -16 36 0 11 -7 25 -15 32 -8 7 -15 23 -15 35 0 13 -7 25 -15 29 -8 3 -15 14 -15 23 0 10 -13 33 -30 51 -16 18 -30 41 -30 52 0 10 -7 20 -15 24 -8 3 -15 16 -15 30 0 13 -7 26 -15 30 -9 3 -15 18 -15 35 0 16 -4 32 -8 35 -5 3 -48 85 -97 183 -48 98 -99 194 -113 213 -37 49 -202 381 -202 406 0 12 -7 24 -15 28 -8 3 -15 16 -15 30 0 13 -7 26 -15 30 -8 3 -15 14 -15 23 0 10 -13 33 -30 51 -16 18 -30 41 -30 52 0 10 -7 20 -15 24 -8 3 -15 16 -15 30 0 13 -7 26 -15 30 -8 3 -15 16 -15 30 0 13 -7 26 -15 30 -8 3 -15 16 -15 30 0 13 -7 26 -15 30 -8 3 -15 16 -15 30 0 13 -7 26 -15 30 -8 3 -15 16 -15 30 0 13 -7 26 -15 30 -8 3 -15 16 -15 30 0 13 -7 26 -15 30 -8 3 -15 16 -15 30 0 13 -7 26 -15 30 -8 3 -15 16 -15 30 0 13 -7 26 -15 30 -8 3 -15 14 -15 23 0 10 -13 33 -30 51 -16 18 -30 44 -30 57 0 13 -4 26 -8 29 -5 3 -64 116 -131 250 -67 135 -132 258 -144 273 -25 31 -117 213 -117 232 0 6 -4 11 -9 11 -6 0 -11 15 -13 32 -3 31 -25 48 -41 32z m1923 -2875 c0 -28 -4 -39 -15 -39 -11 0 -15 11 -15 38 0 21 3 42 6 45 14 13 24 -6 24 -44z m52 -489 c1 -378 0 -385 -19 -388 -15 -2 -22 4 -27 25 -8 33 -15 48 -90 204 -31 63 -56 124 -56 136 0 11 -7 23 -15 27 -8 3 -15 14 -15 23 0 10 -13 33 -30 51 -16 18 -30 41 -30 52 0 10 -7 20 -15 24 -8 3 -15 16 -15 30 0 13 -7 26 -15 30 -8 3 -15 16 -15 30 0 13 -7 26 -15 30 -8 3 -15 14 -15 25 0 11 -9 25 -20 31 -18 10 -27 40 -16 51 3 2 95 4 206 4 l201 0 1 -385z m913 366 c15 -15 44 -12 56 7 10 14 802 12 807 -2 5 -15 81 -14 87 2 4 9 96 12 420 10 228 -1 414 -4 413 -8 -6 -16 -245 -245 -255 -245 -15 0 -163 -148 -163 -163 0 -15 -121 -137 -136 -137 -7 0 -73 -61 -147 -135 -75 -74 -137 -135 -140 -135 -2 0 -71 -67 -153 -150 -81 -82 -154 -150 -160 -150 -16 0 -134 -118 -134 -133 0 -15 -151 -167 -166 -167 -7 0 -80 -68 -162 -150 -83 -83 -153 -150 -155 -150 -7 0 -281 -279 -285 -290 -2 -6 -11 -10 -19 -10 -10 0 -14 6 -10 20 3 10 -1 24 -9 31 -8 6 -14 19 -14 29 0 10 -7 23 -15 30 -8 7 -15 23 -15 35 0 13 -7 25 -15 29 -8 3 -15 16 -15 30 0 13 -7 26 -15 30 -8 3 -15 16 -15 30 0 13 -7 26 -15 30 -8 3 -15 16 -15 30 0 13 -7 26 -15 30 -8 3 -15 16 -15 30 0 13 -7 26 -15 30 -8 3 -15 16 -15 30 0 13 -7 26 -15 30 -8 3 -15 14 -15 23 0 10 -13 33 -30 51 -16 18 -30 39 -30 46 0 8 -7 19 -15 26 -8 7 -15 23 -15 35 0 13 -7 25 -15 29 -8 3 -15 16 -15 30 0 13 -7 26 -15 30 -9 3 -15 18 -15 35 0 16 -4 32 -9 35 -4 3 -30 48 -56 101 -26 52 -51 98 -56 101 -5 3 -9 14 -9 25 0 10 -7 19 -15 19 -19 0 -20 -39 -1 -77 48 -94 96 -201 96 -215 0 -8 7 -21 15 -28 8 -7 15 -20 15 -30 0 -10 7 -23 15 -30 8 -7 15 -23 15 -35 0 -13 7 -25 15 -29 8 -3 15 -14 15 -23 0 -10 14 -33 30 -51 17 -18 30 -41 30 -52 0 -10 7 -20 15 -24 8 -3 15 -16 15 -30 0 -13 7 -26 15 -30 8 -3 15 -16 15 -30 0 -13 7 -26 15 -30 8 -3 15 -16 15 -30 0 -13 7 -26 15 -30 8 -3 15 -16 15 -30 0 -13 7 -26 15 -30 8 -3 15 -16 15 -30 0 -13 7 -26 15 -30 8 -3 15 -16 15 -30 0 -13 7 -26 15 -30 8 -3 15 -14 15 -24 0 -10 5 -23 12 -30 7 -7 17 -27 23 -44 13 -39 23 -24 -137 -191 -62 -64 -118 -117 -125 -117 -15 0 -198 -184 -221 -223 -9 -15 -23 -26 -30 -25 -10 2 -13 81 -14 400 l-2 398 32 28 c40 36 40 50 -1 85 l-33 27 3 332 c2 213 6 334 13 336 14 5 13 35 -2 50 -9 9 -9 15 0 24 15 15 16 85 2 90 -7 2 -11 142 -13 401 -1 219 -2 399 -1 400 1 1 194 1 428 0 367 -1 428 -4 441 -17z"
       id="path3041" />
    <path
       d="M4197 2983 c-16 -15 -7 -111 12 -134 l19 -24 31 30 c35 34 40 77 15 113 -15 21 -62 31 -77 15z m51 -74 c-2 -19 -7 -33 -13 -32 -12 3 -19 49 -10 71 10 26 27 -2 23 -39z"
       id="path3043" />
    <path
       d="M5062 2899 c-25 -24 -41 -47 -38 -55 7 -18 25 -18 32 1 4 8 11 15 18 15 7 0 11 -36 11 -117 0 -111 1 -118 20 -118 19 0 20 7 20 154 0 94 -4 156 -10 157 -5 2 -29 -15 -53 -37z"
       id="path3045" />
    <path
       d="M5916 2916 c-19 -16 -27 -30 -23 -40 8 -20 36 -21 43 -1 4 11 21 15 55 15 l49 0 0 -48 c0 -47 -2 -51 -75 -122 -46 -44 -74 -79 -71 -87 4 -11 27 -13 98 -11 85 3 93 5 93 23 0 18 -6 20 -57 19 -37 -1 -58 3 -57 10 0 6 27 34 59 61 57 49 58 51 59 103 1 46 -3 56 -26 77 -38 33 -107 34 -147 1z"
       id="path3047" />
    <path
       d="M3871 5074 c-13 -13 -21 -30 -18 -39 8 -19 36 -20 43 0 4 11 21 15 55 15 l49 0 0 -48 c0 -47 -2 -51 -75 -122 -45 -43 -74 -79 -71 -87 4 -9 29 -13 95 -13 92 0 113 8 90 37 -10 12 -25 14 -61 10 -26 -4 -48 -2 -48 3 0 5 27 34 60 66 57 54 60 59 60 105 0 69 -32 99 -103 98 -40 -1 -57 -6 -76 -25z"
       id="path3053" />
    <path
       d="M3947 4068 c-23 -23 -37 -44 -33 -53 7 -19 25 -19 32 0 4 8 11 15 18 15 7 0 11 -36 11 -117 0 -111 1 -118 20 -118 19 0 20 7 20 155 0 177 -4 184 -68 118z"
       id="path3055" />
    <path
       d="M7750 3370 c0 -11 7 -23 15 -26 8 -4 15 -15 15 -25 0 -11 7 -22 15 -25 8 -4 15 -12 15 -19 0 -7 -7 -15 -15 -19 -8 -3 -15 -14 -15 -25 0 -10 -7 -21 -15 -25 -19 -7 -19 -35 0 -42 19 -8 54 33 55 64 0 13 6 22 15 22 9 0 15 -9 15 -22 1 -31 36 -72 55 -64 19 7 19 35 0 42 -8 4 -15 15 -15 25 0 11 -7 22 -15 25 -8 4 -15 12 -15 19 0 7 7 15 15 19 8 3 15 14 15 25 0 10 7 21 15 25 20 7 19 35 -1 43 -20 8 -53 -32 -54 -64 0 -14 -6 -23 -15 -23 -8 0 -15 9 -15 20 0 12 -7 32 -16 45 -20 31 -54 34 -54 5z"
       id="path3057" />
    <path
       d="M3197 2924 c-23 -21 -36 -42 -33 -50 7 -18 25 -18 32 1 4 8 11 15 18 15 7 0 11 -36 11 -117 0 -111 1 -118 20 -118 19 0 20 7 20 150 0 171 -4 179 -68 119z"
       id="path3059" />
    <path
       d="M1327 2914 c-17 -14 -27 -31 -23 -39 7 -19 32 -19 40 0 4 11 20 15 56 15 l50 0 0 -34 c0 -34 -1 -35 -42 -38 -35 -2 -43 -7 -43 -23 0 -16 8 -21 43 -23 l42 -3 0 -50 0 -49 -49 0 c-34 0 -51 4 -55 15 -7 20 -35 19 -42 0 -4 -9 4 -25 20 -40 21 -20 38 -25 76 -25 69 0 100 31 100 100 0 41 -4 51 -22 61 l-22 12 22 15 c16 10 22 24 22 49 0 76 -111 113 -173 57z"
       id="path3061" />
    <path
       d="M2256 2915 c-19 -15 -27 -29 -23 -39 8 -20 36 -21 43 -1 4 11 21 15 55 15 l49 0 0 -48 c0 -47 -2 -51 -75 -122 -46 -44 -74 -79 -71 -87 4 -11 27 -13 98 -11 85 3 93 5 93 23 0 18 -6 20 -57 19 -37 -1 -58 3 -57 10 0 6 27 34 59 61 58 49 58 51 59 105 0 47 -3 57 -24 73 -14 10 -47 20 -73 21 -38 3 -54 -1 -76 -19z"
       id="path3063" />
    <path
       d="M6931 2914 c-13 -13 -21 -30 -18 -39 8 -19 36 -20 43 0 4 11 21 15 55 15 l49 0 0 -34 c0 -34 -1 -35 -42 -38 -35 -2 -43 -7 -43 -23 0 -16 8 -21 43 -23 l42 -3 0 -50 0 -49 -49 0 c-34 0 -51 4 -55 15 -7 20 -35 19 -42 0 -4 -9 4 -25 20 -40 39 -36 115 -35 151 0 34 35 36 115 3 137 l-22 15 22 12 c33 18 30 75 -5 106 -39 34 -117 33 -152 -1z"
       id="path3065" />
    <path
       d="M3014 2775 c-10 -25 9 -37 57 -33 36 2 44 7 44 23 0 17 -8 20 -48 23 -36 2 -49 -1 -53 -13z"
       id="path3067" />
    <path
       d="M1184 2745 c-10 -25 9 -37 57 -33 36 2 44 7 44 23 0 17 -8 20 -48 23 -36 2 -49 -1 -53 -13z"
       id="path3069" />
    <path
       d="M2114 2745 c-10 -25 9 -37 57 -33 36 2 44 7 44 23 0 17 -8 20 -48 23 -36 2 -49 -1 -53 -13z"
       id="path3071" />
    <path
       d="M3857 2178 c-23 -23 -37 -44 -33 -53 7 -19 25 -19 32 0 4 8 11 15 18 15 7 0 11 -36 11 -117 0 -111 1 -118 20 -118 19 0 20 7 20 155 0 177 -4 184 -68 118z"
       id="path3073" />
    <path
       d="M3674 2025 c-10 -25 9 -37 57 -33 36 2 44 7 44 23 0 17 -8 20 -48 23 -36 2 -49 -1 -53 -13z"
       id="path3075" />
    <path
       d="M3931 1474 c-25 -24 -23 -54 3 -54 8 0 19 7 24 16 6 11 21 14 56 12 l48 -3 2 -45 c2 -44 1 -46 -75 -115 -42 -38 -76 -77 -75 -85 1 -12 19 -15 91 -15 83 0 90 1 90 20 0 18 -6 20 -52 19 -29 -1 -53 2 -53 6 0 4 25 33 55 64 52 53 55 59 55 106 0 72 -27 100 -94 99 -39 -1 -56 -7 -75 -25z"
       id="path3077" />
    <path
       d="M3794 1305 c-10 -25 9 -37 57 -33 36 2 44 7 44 23 0 17 -8 20 -48 23 -36 2 -49 -1 -53 -13z"
       id="path3079" />
    <path
       d="M3811 664 c-13 -13 -21 -30 -18 -39 8 -19 36 -20 43 0 4 11 21 15 55 15 l49 0 0 -34 c0 -34 -1 -35 -42 -38 -35 -2 -43 -7 -43 -23 0 -16 8 -21 43 -23 l42 -3 0 -50 0 -49 -49 0 c-34 0 -51 4 -55 15 -7 20 -35 19 -42 0 -4 -9 4 -25 20 -40 21 -20 38 -25 77 -25 42 0 54 4 74 27 34 38 35 114 3 135 l-22 15 22 12 c32 17 30 72 -3 106 -36 35 -118 35 -154 -1z"
       id="path3081" />
    <path
       d="M3674 495 c-10 -25 9 -37 57 -33 36 2 44 7 44 23 0 17 -8 20 -48 23 -36 2 -49 -1 -53 -13z"
       id="path3083" />
    <path
       d="M4059 332 c-8 -9 -66 -66 -127 -125 -106 -103 -134 -142 -94 -135 19 3 262 252 262 268 0 15 -23 10 -41 -8z"
       id="path3085" />
  </g>
</svg>
