<?xml version="1.0" encoding="UTF-8" standalone="no"?>
<svg
   xmlns:dc="http://purl.org/dc/elements/1.1/"
   xmlns:cc="http://creativecommons.org/ns#"
   xmlns:rdf="http://www.w3.org/1999/02/22-rdf-syntax-ns#"
   xmlns:svg="http://www.w3.org/2000/svg"
   xmlns="http://www.w3.org/2000/svg"
   xmlns:sodipodi="http://sodipodi.sourceforge.net/DTD/sodipodi-0.dtd"
   xmlns:inkscape="http://www.inkscape.org/namespaces/inkscape"
   version="1.0"
   width="489.000000pt"
   height="900.000000pt"
   viewBox="0 0 489.000000 900.000000"
   preserveAspectRatio="xMidYMid meet"
   id="svg2"
   inkscape:version="0.48.4 r9939"
   sodipodi:docname="q8.svg">
  <defs
     id="defs270" />
  <sodipodi:namedview
     pagecolor="#ffffff"
     bordercolor="#666666"
     borderopacity="1"
     objecttolerance="10"
     gridtolerance="10"
     guidetolerance="10"
     inkscape:pageopacity="0"
     inkscape:pageshadow="2"
     inkscape:window-width="1600"
     inkscape:window-height="824"
     id="namedview268"
     showgrid="false"
     inkscape:zoom="0.59334116"
     inkscape:cx="747.61722"
     inkscape:cy="553.79703"
     inkscape:window-x="0"
     inkscape:window-y="24"
     inkscape:window-maximized="1"
     inkscape:current-layer="g6" />
  <metadata
     id="metadata4">
Created by potrace 1.10, written by Peter Selinger 2001-2011
<rdf:RDF>
  <cc:Work
     rdf:about="">
    <dc:format>image/svg+xml</dc:format>
    <dc:type
       rdf:resource="http://purl.org/dc/dcmitype/StillImage" />
  </cc:Work>
</rdf:RDF>
</metadata>
  <g
     transform="translate(0.000000,900.000000) scale(0.100000,-0.100000)"
     fill="#000000"
     stroke="none"
     id="g6">
    <path
       d="M77 8843 c-4 -3 -7 -1987 -7 -4408 0 -3410 3 -4404 12 -4413 19 -19 4691 -17 4707 2 8 10 10 1170 9 4417 l-3 4404 -2356 3 c-1296 1 -2359 -1 -2362 -5z m4673 -43 c0 -3 0 -1970 0 -4373 l0 -4367 -2315 0 -2316 0 1 4367 c0 2403 0 4370 0 4373 0 3 1042 5 2315 5 1273 0 2315 -2 2315 -5z"
       id="path8" />
    <path
       d="M2470 7925 c-7 -8 -18 -15 -26 -15 -21 0 -28 -22 -10 -32 30 -17 -21 -35 -84 -31 -85 6 -111 4 -140 -14 -37 -22 -58 -61 -57 -105 1 -32 -5 -43 -37 -71 -38 -32 -39 -34 -32 -80 6 -37 11 -47 27 -47 16 0 19 7 19 48 0 68 19 84 82 71 66 -15 75 -29 55 -90 l-16 -50 37 3 c32 3 37 7 38 28 1 57 17 127 35 152 16 22 16 28 4 38 -17 15 -35 5 -35 -19 0 -11 -12 -24 -29 -31 -24 -9 -34 -9 -59 4 -17 9 -38 16 -46 16 -43 0 -24 47 36 90 54 39 110 41 126 5 13 -29 14 -29 67 -10 59 21 74 19 86 -12 16 -44 48 -71 91 -78 22 -4 42 -14 45 -22 7 -19 -13 -64 -38 -81 -10 -7 -19 -22 -19 -32 0 -34 -22 -68 -51 -80 -30 -13 -42 -32 -33 -54 3 -8 1 -17 -5 -21 -17 -10 -13 -52 5 -59 9 -3 27 -6 41 -6 25 0 26 1 20 59 -5 64 -1 77 34 95 17 8 26 24 32 56 5 25 18 55 30 68 45 49 64 184 31 230 -22 32 -53 28 -67 -8 -12 -33 -19 -35 -48 -20 -13 8 -25 7 -39 0 -17 -9 -20 -7 -26 15 -3 14 -12 25 -19 25 -8 0 -17 5 -21 12 -12 19 27 38 79 38 70 0 58 24 -15 28 -40 2 -58 -1 -68 -13z"
       id="path36" />
    <path
       d="M728 7905 c-12 -14 -27 -25 -34 -25 -6 0 -33 -9 -58 -21 -26 -11 -71 -21 -101 -22 -67 -3 -90 -23 -110 -92 -9 -30 -28 -64 -45 -80 -54 -52 -61 -145 -11 -145 15 0 18 8 17 45 -1 58 19 79 75 77 29 -1 51 -9 66 -24 20 -19 28 -21 53 -11 17 6 68 9 130 6 88 -5 105 -8 126 -28 l25 -23 -25 -40 c-32 -51 -78 -65 -107 -33 -24 25 -47 27 -56 5 -9 -24 10 -49 38 -49 27 0 37 -28 19 -50 -17 -21 4 -45 40 -45 32 0 40 15 40 71 0 30 5 42 26 55 33 22 54 64 54 109 0 33 -2 35 -33 35 -42 0 -127 52 -127 79 0 13 -9 20 -27 24 -16 3 -38 8 -49 12 -15 5 -23 2 -27 -9 -5 -12 0 -16 19 -16 14 0 34 -5 44 -10 17 -9 18 -14 8 -35 -9 -20 -18 -25 -50 -25 -34 0 -38 2 -38 26 0 23 -3 25 -22 19 -51 -16 -77 -16 -104 -1 -62 33 -62 32 -22 70 44 42 114 57 151 33 20 -13 26 -13 50 -1 15 8 27 19 27 24 0 6 15 10 34 10 33 0 50 -12 51 -35 0 -5 11 -27 24 -47 18 -30 29 -38 51 -38 17 0 34 -8 42 -19 18 -26 43 -12 33 18 -4 14 -1 23 9 27 18 7 22 34 5 34 -7 0 -9 10 -5 25 5 20 -1 35 -26 64 -28 34 -36 38 -65 34 -21 -4 -33 -1 -33 5 0 7 -13 18 -30 27 -29 15 -31 14 -52 -10z"
       id="path38" />
    <path
       d="M1615 7902 c-28 -26 -142 -65 -173 -59 -58 11 -132 -45 -132 -100 0 -23 -8 -42 -27 -61 -64 -63 -79 -116 -43 -152 31 -31 38 -24 38 37 -1 44 3 59 18 70 27 20 84 7 111 -25 28 -34 28 -37 -2 -76 -14 -18 -25 -39 -25 -46 0 -9 5 -7 14 5 10 14 21 17 51 12 l37 -6 -7 47 c-13 79 -12 87 13 90 20 3 23 8 18 28 -5 19 -1 27 19 36 25 11 29 28 8 35 -6 2 -28 -12 -49 -32 -34 -31 -44 -36 -77 -31 -21 2 -44 10 -52 16 -22 18 -18 63 8 81 33 24 108 31 141 14 25 -13 30 -13 52 3 13 9 24 20 24 25 0 4 16 7 36 7 35 0 36 -1 31 -28 -7 -35 3 -54 23 -42 8 6 23 10 33 10 14 0 16 -5 11 -25 -5 -19 -2 -26 12 -30 11 -4 32 -13 48 -21 19 -10 32 -12 39 -5 15 15 10 141 -6 160 -8 9 -17 24 -20 34 -5 14 -14 16 -47 11 -34 -6 -44 -3 -61 15 -24 26 -39 26 -64 3z"
       id="path40" />
    <path
       d="M3725 7846 c-14 -10 -19 -28 -20 -77 -1 -35 2 -72 7 -81 13 -26 78 -24 107 3 20 19 23 29 18 72 -7 77 -64 119 -112 83z m65 -100 c0 -33 -20 -53 -41 -40 -10 6 -12 77 -3 87 16 16 44 -15 44 -47z"
       id="path42" />
    <path
       d="M3233 7828 c-48 -51 -52 -118 -8 -118 16 0 29 11 44 35 25 43 62 48 79 10 15 -32 7 -50 -31 -74 -56 -35 -118 -105 -120 -137 l-2 -29 105 0 c96 0 105 2 108 19 6 29 -25 47 -68 40 -22 -4 -40 -2 -44 4 -4 6 18 35 48 64 68 66 75 90 44 154 l-23 49 -55 3 c-47 2 -59 -1 -77 -20z"
       id="path44" />
    <path
       d="M3493 7826 c-12 -13 -25 -42 -29 -66 -6 -38 -4 -45 17 -61 22 -16 22 -18 6 -25 -19 -7 -47 -53 -47 -77 0 -7 15 -30 34 -50 30 -33 39 -37 81 -37 90 0 138 90 80 150 l-25 27 20 18 c31 28 26 75 -13 113 -41 40 -91 43 -124 8z m92 -92 c0 -24 -5 -30 -27 -32 -22 -3 -29 2 -34 21 -3 14 0 35 6 47 10 20 13 20 33 7 14 -9 22 -25 22 -43z m-7 -86 c7 -7 12 -24 12 -39 0 -36 -37 -47 -64 -19 -18 17 -18 22 -6 45 14 27 39 32 58 13z"
       id="path46" />
    <path
       d="M3927 7826 c-14 -13 -29 -37 -32 -53 -3 -15 -11 -44 -17 -64 -13 -44 4 -132 31 -169 17 -21 29 -25 89 -28 97 -6 159 27 141 76 -10 26 -63 32 -73 6 -4 -11 -18 -14 -57 -12 -51 3 -51 3 -70 51 -22 55 -18 85 17 122 29 32 79 34 111 3 19 -18 27 -20 48 -10 35 16 31 46 -8 76 -28 21 -45 26 -94 26 -50 0 -65 -4 -86 -24z"
       id="path48" />
    <path
       d="M3027 7706 c-47 -56 -52 -106 -11 -106 19 0 28 7 37 30 15 38 33 38 74 -2 27 -27 34 -29 48 -18 26 22 13 51 -43 97 -29 24 -56 43 -60 43 -4 0 -24 -20 -45 -44z"
       id="path50" />
    <path
       d="M1594 7701 c4 -5 1 -19 -6 -30 -10 -17 -8 -22 13 -40 13 -11 40 -23 59 -26 74 -14 87 -41 50 -102 -24 -40 -62 -44 -96 -12 -28 26 -54 19 -54 -16 0 -17 5 -25 18 -25 10 0 26 -6 36 -13 15 -11 16 -17 7 -35 -22 -41 17 -75 60 -52 17 10 20 18 16 45 -8 50 1 72 38 89 32 16 45 44 45 100 0 22 -40 42 -106 53 -25 4 -34 12 -41 36 -5 18 -17 33 -27 35 -11 2 -16 0 -12 -7z"
       id="path52" />
    <path
       d="M2444 7692 c-6 -4 -14 -24 -17 -44 -5 -31 -3 -38 10 -38 9 0 27 -9 39 -21 23 -22 44 -19 44 7 0 8 -9 14 -19 14 -21 0 -33 33 -24 68 5 23 -10 30 -33 14z"
       id="path54" />
    <path
       d="M1525 7620 c3 -5 13 -10 21 -10 8 0 14 5 14 10 0 6 -9 10 -21 10 -11 0 -17 -4 -14 -10z"
       id="path56" />
    <path
       d="M527 7562 c-30 -33 -22 -52 23 -52 32 0 40 4 40 18 0 17 -28 52 -42 52 -3 0 -12 -8 -21 -18z"
       id="path58" />
    <path
       d="M2427 7513 c-4 -3 -7 -19 -7 -35 0 -26 3 -29 27 -26 34 4 43 34 16 53 -21 16 -27 18 -36 8z"
       id="path60" />
    <path
       d="M404 7488 c-3 -12 -13 -28 -20 -36 -26 -26 -15 -64 23 -76 24 -8 53 24 53 59 0 12 6 27 13 34 10 10 8 15 -7 27 -29 20 -54 17 -62 -8z"
       id="path62" />
    <path
       d="M1282 7460 c-31 -67 -27 -85 18 -85 l35 0 6 60 c8 67 5 75 -19 75 -11 0 -26 -19 -40 -50z"
       id="path64" />
    <path
       d="M2150 7482 c0 -15 -7 -38 -16 -50 -28 -41 7 -83 56 -67 15 5 20 15 20 44 0 21 3 53 6 70 6 30 6 31 -30 31 -33 0 -36 -3 -36 -28z"
       id="path66" />
    <path
       d="M577 7462 c-44 -45 -32 -115 17 -96 7 3 20 22 28 43 14 34 14 40 -1 60 l-17 22 -27 -29z"
       id="path68" />
    <path
       d="M2325 7453 c-3 -21 -11 -46 -16 -56 -14 -25 7 -49 40 -45 21 2 26 9 27 33 1 17 5 38 8 47 5 10 0 24 -13 37 -30 30 -39 26 -46 -16z"
       id="path70" />
    <path
       d="M1469 7464 c-17 -21 -39 -85 -33 -96 8 -12 50 -9 61 5 14 17 24 73 17 92 -8 20 -28 19 -45 -1z"
       id="path72" />
    <path
       d="M465 7324 c-40 -43 -31 -80 21 -90 42 -8 64 8 64 45 0 32 -25 71 -46 71 -8 0 -26 -12 -39 -26z"
       id="path74" />
    <path
       d="M1356 7323 c-32 -34 -33 -67 -4 -87 52 -36 94 1 80 70 -10 50 -39 57 -76 17z"
       id="path76" />
    <path
       d="M636 7315 c-35 -54 -2 -140 45 -115 55 30 39 140 -21 140 -4 0 -15 -11 -24 -25z"
       id="path78" />
    <path
       d="M1530 7320 c-22 -22 -26 -64 -10 -104 12 -31 29 -33 64 -5 30 24 33 47 10 95 -19 39 -35 43 -64 14z"
       id="path80" />
    <path
       d="M2215 7299 l-29 -41 23 -19 c13 -11 38 -19 57 -19 28 0 35 4 40 26 11 43 -8 89 -37 92 -20 2 -32 -6 -54 -39z"
       id="path82" />
    <path
       d="M2413 7318 c-11 -13 -28 -36 -38 -51 -17 -27 -17 -28 6 -53 18 -19 32 -24 59 -22 33 3 35 5 38 45 3 40 -19 103 -37 103 -4 0 -17 -10 -28 -22z"
       id="path84" />
    <path
       d="M3271 7234 c-62 -62 -64 -89 -6 -78 41 7 39 14 39 -116 1 -95 1 -95 27 -98 43 -5 49 13 39 121 -7 66 -6 114 1 148 8 38 8 53 -1 64 -20 25 -42 15 -99 -41z"
       id="path86" />
    <path
       d="M3517 7278 c-9 -7 -21 -33 -27 -58 -28 -111 -24 -121 42 -99 37 12 42 11 54 -6 20 -28 17 -72 -7 -96 l-22 -22 -32 38 c-22 27 -37 36 -49 32 -28 -11 -29 -36 -3 -76 28 -42 66 -57 116 -46 50 11 71 44 74 114 2 55 -1 65 -22 82 -13 10 -36 19 -51 19 -30 0 -59 25 -44 40 5 5 29 10 54 12 41 3 45 5 48 32 2 16 -2 32 -10 37 -20 13 -102 11 -121 -3z"
       id="path88" />
    <path
       d="M3726 7268 c-25 -39 -30 -92 -11 -131 19 -41 36 -50 70 -37 39 15 58 54 52 107 -8 75 -78 112 -111 61z m72 -74 c4 -25 -22 -49 -43 -40 -9 3 -15 18 -15 36 0 28 3 31 28 28 18 -2 28 -9 30 -24z"
       id="path90" />
    <path
       d="M3983 7283 c-12 -2 -35 -17 -52 -32 -73 -68 -67 -260 9 -298 59 -30 192 -5 206 39 13 41 -41 63 -80 33 -26 -19 -90 -19 -110 0 -8 8 -18 41 -22 72 -7 55 -6 58 25 85 37 33 69 36 104 8 36 -29 65 -26 73 7 6 23 1 32 -32 60 -38 32 -62 37 -121 26z"
       id="path92" />
    <path
       d="M2995 7161 c-8 -25 69 -141 94 -141 31 0 111 87 111 121 0 28 -40 31 -72 4 -32 -27 -49 -24 -73 11 -19 29 -51 31 -60 5z"
       id="path94" />
    <path
       d="M2634 4779 c-3 -6 0 -15 7 -20 25 -15 -13 -63 -53 -67 -18 -2 -38 -8 -45 -14 -17 -13 -33 -1 -33 25 0 37 -12 67 -25 67 -7 0 -22 -16 -34 -35 -20 -35 -47 -45 -68 -24 -18 18 -27 -10 -10 -29 8 -9 17 -28 19 -42 2 -21 9 -25 42 -28 23 -2 51 -13 66 -26 14 -12 45 -28 68 -35 l42 -14 0 -56 c-1 -59 -21 -95 -70 -121 -19 -10 -26 -8 -54 19 -38 37 -52 39 -60 9 -14 -55 -10 -61 40 -54 l47 6 -5 -44 c-6 -53 5 -76 37 -76 31 0 50 32 35 59 -16 31 -12 51 20 90 17 20 34 41 39 46 4 6 10 28 14 49 3 21 13 46 22 56 8 9 15 23 15 31 0 8 6 21 12 27 18 18 13 122 -6 160 -19 37 -51 58 -62 41z m31 -208 c3 -5 -2 -17 -11 -26 -22 -21 -44 -4 -24 20 14 17 26 19 35 6z"
       id="path136" />
    <path
       d="M742 4767 c-5 -6 -12 -21 -14 -32 -2 -11 -12 -21 -23 -23 -11 -2 -29 -12 -40 -22 -11 -9 -32 -20 -46 -24 -34 -8 -39 -20 -28 -85 8 -52 7 -54 -26 -86 -19 -18 -35 -40 -35 -49 0 -19 4 -20 55 -2 36 13 42 12 58 -2 15 -13 17 -25 12 -64 -6 -43 -5 -48 13 -48 11 0 25 7 32 15 15 18 40 20 40 4 0 -8 13 -9 40 -5 37 6 41 4 60 -26 32 -53 26 -88 -21 -120 -49 -35 -80 -35 -115 -3 -33 31 -56 29 -64 -5 -6 -27 -50 -42 -50 -17 0 7 -18 30 -39 50 -39 36 -39 38 -34 90 6 57 -7 97 -32 97 -8 0 -30 8 -50 17 -33 16 -37 16 -52 0 -17 -17 -18 -16 55 -42 7 -2 18 -16 24 -31 10 -21 9 -35 -5 -74 -22 -62 -23 -60 17 -60 37 0 62 -21 52 -45 -3 -10 -19 -15 -46 -15 -33 0 -41 -3 -38 -16 6 -32 34 -40 80 -23 40 15 45 15 77 -2 34 -18 35 -18 66 1 39 24 58 25 75 5 21 -25 42 -17 96 34 57 55 80 99 70 133 -25 80 -25 89 -3 98 48 18 70 55 74 128 4 63 2 72 -22 100 -22 27 -24 33 -13 56 17 39 -1 54 -44 38 -26 -10 -35 -9 -48 3 -9 8 -21 15 -27 15 -6 0 -16 7 -23 16 -22 26 -47 35 -58 21z m79 -97 c8 0 32 -15 52 -34 27 -25 37 -42 37 -65 0 -24 -4 -31 -19 -31 -10 0 -24 -7 -31 -15 -7 -8 -21 -15 -32 -15 -17 0 -19 -5 -14 -25 4 -14 1 -35 -5 -46 -9 -18 -18 -20 -50 -16 -22 3 -47 11 -55 18 -14 11 -12 14 10 26 36 19 34 43 -3 43 -18 0 -32 -7 -36 -17 -6 -15 -9 -13 -16 12 -13 42 6 117 34 135 50 31 73 40 92 35 11 -2 27 -5 36 -5z"
       id="path138" />
    <path
       d="M1630 4750 c-6 -11 -24 -27 -41 -35 -16 -9 -39 -25 -50 -36 -10 -10 -29 -19 -40 -19 -21 0 -22 -3 -16 -70 6 -67 5 -70 -22 -92 -32 -26 -48 -63 -31 -73 6 -4 19 0 29 9 10 9 26 16 37 16 25 0 56 -52 49 -82 -3 -13 -1 -29 4 -37 7 -12 14 -10 36 8 15 11 37 21 49 21 12 0 28 6 35 13 10 9 15 9 18 0 2 -7 18 -28 34 -49 48 -61 35 -95 -56 -143 l-40 -21 -18 21 c-15 19 -60 49 -73 49 -2 0 -4 -14 -4 -30 0 -45 -27 -50 -57 -11 -13 17 -30 31 -37 31 -29 0 -37 61 -20 147 5 27 3 32 -18 37 -58 16 -95 25 -120 31 -23 4 -28 11 -28 36 0 36 55 100 103 120 l29 12 -26 14 c-23 12 -30 11 -66 -12 -38 -24 -99 -112 -100 -145 -1 -8 -14 -31 -30 -50 -26 -30 -30 -42 -30 -98 0 -58 3 -67 30 -92 16 -15 42 -31 57 -34 94 -23 103 -28 118 -56 19 -37 45 -38 81 -5 28 26 48 23 82 -12 18 -18 23 -17 61 11 31 23 34 24 62 8 23 -14 32 -15 46 -4 10 7 32 19 50 27 53 25 75 62 71 120 -3 27 -8 58 -12 68 -6 13 2 28 34 59 35 36 41 46 36 72 -4 19 -1 35 9 46 14 15 13 22 -6 66 -13 27 -23 65 -23 84 -1 33 -3 35 -41 38 -22 2 -44 8 -49 13 -6 5 -20 9 -33 9 -12 0 -27 9 -33 20 -14 25 -26 25 -40 0z m127 -108 c40 -33 39 -66 -5 -116 -27 -31 -35 -35 -52 -26 -31 17 -42 3 -35 -41 6 -34 4 -39 -12 -39 -25 0 -43 19 -43 45 0 13 -11 25 -31 34 -39 17 -56 57 -34 81 8 9 15 26 15 38 0 13 6 22 15 22 8 0 29 9 46 19 40 24 91 18 136 -17z m13 -167 c0 -23 -27 -55 -47 -55 -30 0 -29 14 3 39 25 20 44 27 44 16z m-515 -65 c4 -6 14 -10 23 -9 35 3 43 -2 58 -37 12 -29 13 -46 5 -86 -6 -27 -11 -51 -11 -53 0 -3 21 -5 46 -5 44 0 45 -1 42 -27 -3 -24 -8 -28 -40 -31 -32 -3 -39 1 -52 26 -13 25 -23 30 -66 36 -70 9 -100 37 -100 92 0 37 5 47 37 73 41 34 48 36 58 21z"
       id="path140" />
    <path
       d="M2265 4733 c-16 -3 -38 -12 -49 -21 -30 -27 -66 -90 -66 -115 0 -14 -13 -40 -30 -58 -41 -47 -41 -96 0 -124 23 -15 30 -28 30 -53 0 -18 -6 -41 -12 -52 -9 -15 -10 -25 -2 -37 35 -55 79 -39 79 29 0 25 6 52 13 61 17 20 8 37 -20 37 -11 0 -33 9 -49 21 -34 24 -38 62 -11 97 16 21 24 23 65 17 62 -10 74 -25 60 -78 -13 -47 -6 -60 28 -55 20 2 24 9 26 43 1 22 9 65 17 95 8 30 13 56 11 58 -2 2 -19 -8 -38 -22 -41 -31 -49 -32 -72 -6 -10 11 -24 20 -31 20 -7 0 -18 8 -23 18 -8 15 -3 24 26 47 20 16 53 31 72 35 27 4 36 10 36 25 0 21 -12 25 -60 18z"
       id="path142" />
    <path
       d="M3287 4731 c-15 -3 -41 -19 -58 -35 -23 -22 -29 -36 -27 -60 4 -37 38 -48 60 -19 26 36 45 45 67 33 37 -19 24 -48 -54 -123 -57 -54 -75 -78 -75 -99 l0 -27 88 -3 c106 -4 122 -1 122 23 0 23 -29 39 -69 39 -39 0 -39 14 -3 45 16 13 37 45 47 70 15 40 16 52 5 91 -12 42 -42 75 -65 73 -5 -1 -22 -4 -38 -8z"
       id="path144" />
    <path
       d="M3544 4730 c-33 -13 -69 -63 -87 -121 -17 -52 -17 -58 0 -114 15 -47 25 -62 52 -77 45 -26 62 -26 105 -3 62 34 70 123 14 166 l-21 16 22 22 c27 27 27 33 -5 70 -34 40 -54 51 -80 41z m27 -80 c28 -16 24 -47 -7 -54 -36 -9 -51 6 -36 39 13 28 16 29 43 15z m7 -99 c14 -9 19 -61 8 -80 -4 -6 -18 -11 -31 -11 -30 0 -43 39 -26 76 11 25 26 30 49 15z"
       id="path146" />
    <path
       d="M3732 4731 c-34 -21 -35 -146 -1 -177 42 -38 117 33 106 101 -9 57 -68 100 -105 76z m56 -92 c2 -17 -3 -29 -13 -33 -25 -9 -35 1 -35 35 0 26 3 30 23 27 15 -2 23 -11 25 -29z"
       id="path148" />
    <path
       d="M3931 4703 c-53 -54 -69 -145 -45 -249 19 -77 254 -77 254 1 0 41 -45 52 -78 18 -7 -7 -31 -13 -52 -13 -31 0 -43 6 -60 30 -70 98 26 208 121 138 35 -26 62 -17 67 24 5 41 -53 78 -123 78 -48 0 -60 -4 -84 -27z"
       id="path150" />
    <path
       d="M406 4607 c-44 -24 -96 -89 -96 -119 0 -11 -11 -39 -25 -64 -20 -35 -25 -59 -25 -113 0 -80 23 -121 68 -121 15 -1 38 -7 52 -15 35 -20 50 -18 50 5 0 21 -7 25 -90 52 l-45 15 -3 69 -3 70 33 15 c28 12 33 19 31 44 -3 40 35 94 92 130 73 45 37 74 -39 32z"
       id="path152" />
    <path
       d="M3025 4588 c-29 -34 -35 -50 -33 -78 4 -49 32 -52 59 -6 26 44 40 45 72 5 39 -50 82 -20 57 40 -13 32 -76 81 -102 81 -9 0 -33 -19 -53 -42z"
       id="path154" />
    <path
       d="M2336 4363 c-3 -4 -6 -23 -6 -44 0 -21 -4 -41 -10 -44 -16 -10 -11 -25 8 -25 10 0 23 -5 29 -11 20 -20 33 1 33 49 -1 38 -5 50 -24 64 -13 9 -26 14 -30 11z"
       id="path156" />
    <path
       d="M2246 4215 c-32 -32 -47 -74 -36 -95 21 -40 91 -34 105 9 8 26 -17 95 -36 99 -9 2 -24 -4 -33 -13z"
       id="path158" />
    <path
       d="M2395 4166 c-24 -44 -27 -57 -17 -69 17 -20 93 -32 104 -15 22 36 -7 138 -39 138 -12 0 -29 -19 -48 -54z"
       id="path160" />
    <path
       d="M3736 4157 c-10 -7 -22 -35 -27 -61 -23 -125 79 -173 128 -58 11 27 11 37 -1 66 -14 33 -50 66 -71 66 -6 0 -19 -6 -29 -13z m48 -60 c26 -19 17 -51 -17 -55 -24 -3 -27 0 -27 26 0 43 13 52 44 29z"
       id="path162" />
    <path
       d="M3958 4151 c-40 -22 -65 -71 -74 -145 -10 -87 1 -122 46 -151 49 -31 110 -33 174 -5 46 19 51 26 40 54 -8 20 -52 20 -78 1 -25 -19 -90 -19 -109 -1 -20 21 -31 111 -16 139 28 51 72 60 121 25 28 -20 33 -20 57 -7 36 20 33 36 -14 69 -52 37 -103 44 -147 21z"
       id="path164" />
    <path
       d="m 3305,4137 c -8,-12 -35,-36 -60,-51 -25,-16 -45,-33 -45,-39 0,-5 17.6513,-13.7415 5.6513,-9.7415 -17,4 15.505,25.966 -1.495,7.966 -30,-32 23.3026,4.3927 12.2125,-3.4269 -20.7888,9.6831 -22.1564,-1.5139 -12.6634,-1.7535 16,-22 122.6955,84.7736 14.8317,8.6734 -18.7934,-13.2592 -20.988,-25.2024 0.012,-10.2024 27,19 -8.4369,-18.2906 -8.4369,-3.2906 0,12 31.8878,4.7755 74.8878,4.7755 23,0 23,-2 22,-102 l -2,-103 35,0 c 33,0 35,2 34,33 0,17 -1,91 -2,162 l -2,130 -25,0 c -15,0 -31,-9 -40,-23 z"
       id="path166"
       inkscape:connector-curvature="0"
       sodipodi:nodetypes="ccsccccscssccscccsc" />
    <path
       d="M3445 4140 c-11 -34 12 -50 72 -50 52 0 54 -1 47 -22 -3 -13 -13 -30 -20 -39 -8 -8 -14 -23 -14 -32 0 -9 -9 -39 -20 -67 -34 -85 -21 -120 36 -99 18 6 21 15 19 56 -2 54 30 136 71 181 18 18 24 35 22 56 l-3 31 -102 3 c-95 3 -102 1 -108 -18z"
       id="path168" />
    <path
       d="M1513 2583 c511 -2 1343 -2 1850 0 507 1 90 2 -928 2 -1017 0 -1432 -1 -922 -2z"
       id="path196" />
    <path
       d="M230 2470 c0 -5 7 -10 15 -10 8 0 15 5 15 10 0 6 -7 10 -15 10 -8 0 -15 -4 -15 -10z"
       id="path198" />
    <path
       d="M340 2470 c-25 -4 86 -8 245 -9 202 -1 3508 -2 3713 -1 6 0 12 5 12 10 0 11 -3894 11 -3970 0z"
       id="path200" />
    <path
       d="M741 1652 c-6 -11 -11 -28 -11 -37 0 -8 -12 -20 -27 -26 -16 -6 -35 -16 -43 -24 -8 -7 -26 -15 -40 -17 -19 -2 -24 -8 -23 -26 2 -17 -5 -26 -29 -36 -28 -12 -29 -14 -11 -20 11 -3 30 -17 42 -30 l22 -23 -40 -26 c-35 -23 -60 -61 -48 -73 2 -2 17 2 33 11 43 22 74 20 74 -6 0 -19 4 -21 33 -16 27 5 29 4 11 -5 -25 -12 -51 -85 -36 -100 7 -7 23 -2 46 15 36 24 37 24 86 8 88 -29 106 -87 43 -138 -58 -45 -84 -48 -118 -13 -35 36 -55 38 -55 5 0 -14 -8 -29 -20 -35 -18 -10 -26 -5 -60 31 -22 23 -46 64 -55 92 -16 50 -16 52 4 68 54 44 6 76 -124 82 -27 2 -41 7 -43 18 -4 21 56 99 96 124 68 43 20 62 -52 20 -40 -23 -86 -90 -86 -125 0 -7 -11 -25 -25 -42 -14 -16 -26 -39 -26 -51 -3 -54 4 -122 16 -151 14 -33 40 -46 128 -61 25 -5 37 -12 37 -24 0 -39 64 -57 90 -26 16 19 54 19 70 0 16 -19 41 -19 66 0 25 19 58 19 74 0 19 -23 31 -18 91 38 66 61 92 126 65 156 -19 21 -12 81 9 81 7 0 28 14 45 30 25 23 30 34 22 42 -15 15 -15 45 -1 50 7 2 9 22 4 62 -6 45 -12 60 -26 63 -20 6 -25 28 -9 38 13 8 13 45 1 45 -5 0 -22 -5 -37 -10 -21 -8 -31 -7 -44 5 -9 8 -25 15 -36 15 -10 0 -31 14 -45 32 -26 31 -27 31 -38 10z m91 -102 c10 0 22 -8 25 -17 4 -10 15 -24 25 -32 43 -30 44 -95 2 -105 -19 -5 -24 -14 -26 -39 -2 -50 -3 -55 -10 -62 -4 -4 -13 -3 -20 1 -7 5 -30 9 -52 10 -42 2 -89 34 -49 34 11 0 26 7 33 15 7 8 23 15 36 15 45 0 32 17 -18 23 -58 7 -68 4 -68 -24 0 -15 -7 -19 -31 -19 -27 0 -30 2 -19 15 10 12 10 19 2 27 -7 7 -12 28 -12 48 0 32 7 42 52 79 43 35 58 42 82 37 15 -3 37 -6 48 -6z m-413 -281 c54 -19 65 -65 31 -121 -27 -45 -25 -51 14 -44 29 6 37 3 50 -16 21 -29 20 -35 -5 -48 -29 -16 -68 -4 -79 25 -6 15 -20 27 -37 30 -15 4 -44 12 -63 19 -35 12 -35 12 -38 80 -2 49 1 72 10 77 19 12 80 11 117 -2z"
       id="path218" />
    <path
       d="M2510 1645 c-7 -9 -21 -13 -31 -10 -9 3 -21 0 -26 -7 -4 -8 -20 -21 -35 -31 -30 -19 -38 -47 -13 -47 8 0 22 8 32 18 23 23 81 43 131 45 32 1 47 -5 76 -31 20 -18 41 -32 46 -32 12 0 2 -29 -22 -60 -19 -24 -19 -24 1 -32 14 -5 21 -16 21 -33 0 -34 -16 -32 -28 4 -12 33 -62 64 -86 55 -20 -8 -21 -24 -1 -24 19 0 20 -16 1 -23 -18 -7 -25 -73 -13 -114 12 -38 34 -43 60 -13 23 27 77 28 77 0 0 -13 -14 -25 -46 -40 -58 -25 -109 -25 -174 -1 -33 13 -52 16 -57 9 -11 -19 49 -53 121 -68 90 -19 96 -37 34 -91 -54 -49 -85 -50 -133 -7 -40 35 -55 28 -55 -24 0 -44 -16 -41 -58 11 -32 40 -40 61 -46 108 -4 37 -3 59 4 61 5 2 10 13 10 25 0 20 -4 22 -44 19 -48 -4 -126 23 -126 44 0 6 7 17 15 24 8 7 15 18 15 25 0 22 51 55 84 55 64 0 75 32 13 37 -70 6 -93 -5 -131 -60 -20 -29 -36 -62 -36 -74 0 -12 -20 -42 -45 -67 -41 -43 -50 -64 -46 -106 3 -27 102 -110 133 -110 15 0 35 -8 45 -19 10 -10 32 -26 49 -34 27 -14 34 -14 50 -2 23 18 81 19 86 3 4 -10 13 -10 44 0 21 7 64 11 94 10 53 -3 57 -1 92 37 21 22 38 45 38 51 0 6 6 17 14 23 10 8 13 23 9 45 -4 25 -1 37 14 47 11 8 36 40 57 72 36 53 38 62 34 116 -3 45 -10 66 -30 90 -15 17 -30 41 -33 53 -10 32 -55 67 -87 68 -15 0 -30 5 -33 10 -9 15 -51 12 -65 -5z m-317 -366 c33 -9 52 -29 27 -29 -6 0 -7 -17 -4 -43 8 -59 -17 -82 -78 -73 -52 8 -75 24 -83 58 -7 27 5 59 33 91 16 19 19 18 105 -4z m89 -175 c15 -32 -3 -47 -47 -39 -40 7 -49 19 -36 44 17 32 68 29 83 -5z"
       id="path220" />
    <path
       d="M1628 1622 c-7 -18 -20 -32 -29 -32 -9 0 -28 -10 -43 -21 -15 -12 -39 -21 -54 -21 -35 0 -45 -7 -34 -21 5 -7 14 -34 20 -62 l11 -50 -58 -57 -57 -57 -72 6 -72 6 6 36 c7 35 22 54 79 99 20 16 41 22 79 22 36 0 47 3 36 10 -21 13 -95 23 -123 17 -35 -9 -87 -66 -113 -126 -14 -30 -36 -70 -49 -87 -34 -45 -35 -119 -1 -173 19 -29 36 -42 75 -55 27 -9 56 -16 63 -16 8 0 24 -14 36 -30 25 -33 71 -41 92 -15 16 19 59 19 66 0 8 -19 58 -19 74 0 14 17 56 20 65 5 8 -12 45 -13 45 -1 0 5 13 14 29 21 38 15 79 60 90 96 5 18 4 50 -2 80 -10 48 -9 53 19 87 16 21 36 37 44 37 11 0 11 3 2 12 -19 19 -14 56 8 68 l21 11 -21 26 c-11 14 -20 39 -20 54 0 16 -4 29 -9 29 -6 0 -11 15 -13 33 -3 27 -7 32 -31 33 -15 1 -33 6 -40 13 -6 6 -22 11 -36 11 -14 0 -35 10 -48 22 l-23 22 -12 -32z m109 -91 c7 -9 22 -27 33 -39 38 -45 15 -88 -54 -99 -31 -5 -34 -7 -20 -18 23 -16 8 -38 -21 -31 -27 7 -48 -14 -39 -38 4 -12 2 -15 -9 -10 -8 3 -17 14 -20 24 -3 13 -16 20 -38 22 -46 4 -43 22 4 26 38 3 53 22 16 22 -36 0 -59 19 -59 48 1 31 31 72 54 72 9 0 16 4 16 9 0 5 7 16 15 24 19 19 105 11 122 -12z m-217 -216 c0 -9 7 -18 16 -22 12 -4 14 -14 9 -43 -8 -46 3 -54 44 -34 17 9 40 13 52 9 15 -5 22 -2 26 14 5 21 23 30 23 12 0 -5 16 -31 36 -56 l36 -48 -19 -34 c-10 -18 -28 -36 -40 -39 -12 -3 -27 -12 -34 -20 -14 -17 -34 -18 -51 -1 -23 23 -62 47 -75 47 -7 0 -13 -11 -13 -24 0 -13 -7 -29 -15 -36 -13 -11 -21 -6 -53 30 -49 56 -49 57 -57 116 -5 40 -3 53 9 63 9 8 16 23 16 34 0 26 28 46 63 47 18 0 27 -5 27 -15z m-178 -62 c10 -9 18 -25 18 -35 0 -14 -42 -111 -55 -126 -1 -1 -21 0 -43 4 -92 15 -133 102 -75 160 24 24 31 26 82 20 30 -4 63 -14 73 -23z m66 -165 c23 -23 14 -45 -20 -51 -18 -2 -39 -2 -45 0 -14 5 -18 45 -6 56 11 11 58 8 71 -5z"
       id="path222" />
    <path
       d="M3246 1590 c-36 -23 -46 -38 -46 -72 0 -24 4 -28 27 -28 15 0 37 10 49 21 30 29 74 20 74 -15 0 -17 -23 -45 -75 -94 -46 -43 -76 -79 -77 -94 -3 -22 0 -23 82 -29 113 -9 132 -4 128 30 -3 24 -7 26 -55 29 -57 3 -67 14 -30 33 29 16 44 35 67 87 19 40 19 44 3 80 -10 20 -24 45 -32 55 -19 22 -77 21 -115 -3z"
       id="path224" />
    <path
       d="M3452 1598 c-35 -35 8 -82 61 -67 18 5 35 9 39 9 13 0 9 -35 -7 -56 -8 -10 -15 -25 -15 -32 0 -8 -6 -28 -14 -45 -7 -18 -19 -52 -26 -76 -12 -47 -5 -61 31 -61 26 0 36 20 42 85 7 68 29 119 65 150 18 15 25 32 26 61 l1 39 -95 3 c-66 2 -99 -1 -108 -10z"
       id="path226" />
    <path
       d="M3719 1594 c-19 -24 -18 -139 2 -160 25 -24 69 -10 97 29 29 43 28 78 -4 116 -29 35 -73 42 -95 15z m55 -50 c9 -3 16 -17 16 -30 0 -19 -5 -24 -25 -24 -20 0 -25 5 -25 23 0 34 8 41 34 31z"
       id="path228" />
    <path
       d="M3948 1594 c-52 -27 -85 -125 -72 -211 9 -58 9 -58 64 -86 61 -31 93 -31 160 0 29 13 40 24 40 40 0 30 -40 40 -73 18 -16 -10 -41 -15 -69 -13 -47 3 -60 19 -73 90 -6 33 -3 41 24 69 34 34 62 36 128 8 29 -12 35 -11 49 3 22 22 11 48 -31 76 -41 26 -106 29 -147 6z"
       id="path230" />
    <path
       d="M2450 1515 c-7 -8 -32 -24 -56 -35 -35 -15 -44 -24 -44 -43 0 -14 -2 -37 -5 -53 -4 -25 1 -34 35 -60 37 -29 42 -31 79 -21 31 8 43 18 50 39 6 15 17 28 25 28 21 0 20 13 -4 62 -11 23 -20 50 -20 60 0 9 -9 22 -19 28 -25 13 -26 13 -41 -5z"
       id="path232" />
    <path
       d="M3025 1468 c-30 -36 -35 -49 -33 -83 4 -55 35 -56 61 -2 9 20 22 37 29 37 6 0 24 -15 39 -32 23 -28 31 -31 46 -22 34 21 28 52 -20 100 -24 24 -54 44 -65 44 -12 0 -36 -18 -57 -42z"
       id="path234" />
    <path
       d="M3732 1027 c-18 -19 -22 -35 -22 -88 0 -69 10 -89 46 -89 52 0 84 39 84 102 0 38 -5 46 -44 76 -36 27 -38 27 -64 -1z m59 -68 c9 -17 8 -25 -4 -37 -23 -22 -47 -8 -47 28 0 23 4 30 20 30 10 0 24 -10 31 -21z"
       id="path236" />
    <path
       d="m 3310,1015 c -13,-13 -33,-27 -44,-31 -12,-3 -33,-17 -47,-31 -15,-14 16.2465,-23 6.2465,-21 -13,2 28.988,24.70742 11.988,4.70742 -8.4048,-12.71943 -4.8658,-6.34869 -14.3828,-10.59519 -12,27 59.8978,16.46091 41.8978,13.46091 -33,-4 -53.539,13.10022 -23.539,-24.89978 13,-16 -16.8758,26.41484 -7.8758,11.41484 10,-16 -14.4489,10.76353 -2.4489,10.76353 25,0 1.2144,-16.41484 -10.8638,-10.60523 14,28 15.8878,-2.13427 10.978,-10.2465 13,1 36,6 50,9 l 26,7 -5,-110 c -4,-102 -3,-111 15,-121 15,-7 25,-7 38,3 17,12 19,29 17,167 -1,110 -5,155 -14,161 -19,11 -22,10 -48,-17 z"
       id="path238"
       inkscape:connector-curvature="0"
       sodipodi:nodetypes="cccccccccscccccccccc" />
    <path
       d="M3460 1030 c-6 -4 -10 -18 -8 -31 3 -21 9 -24 56 -27 57 -3 66 -18 38 -58 -8 -11 -18 -38 -22 -60 -3 -21 -13 -51 -20 -66 -28 -56 -10 -104 32 -88 18 7 23 20 29 71 9 73 26 118 67 175 18 26 28 51 26 65 -3 23 -6 24 -95 25 -50 1 -97 -2 -103 -6z"
       id="path240" />
    <path
       d="M3950 1016 c-20 -13 -42 -31 -50 -40 -19 -24 -25 -173 -8 -206 18 -32 84 -70 126 -70 48 0 124 46 120 74 -3 24 -31 32 -62 18 -38 -18 -56 -22 -86 -15 -39 7 -52 31 -52 101 -1 46 3 59 22 74 26 21 66 23 100 3 29 -16 49 -18 69 -6 21 13 4 47 -35 70 -46 27 -100 26 -144 -3z"
       id="path242" />
    <path
       inkscape:connector-curvature="0"
       d="m 2958.1713,4065.633 c -8,-25 69,-141 94,-141 31,0 111,87 111,121 0,28 -40,31 -72,4 -32,-27 -49,-24 -73,11 -19,29 -51,31 -60,5 z"
       id="path94-7" />
    <path
       inkscape:connector-curvature="0"
       d="m 2996.3069,881.31094 c -8,-25 69,-140.99995 94,-140.99995 31,0 111,86.99995 111,120.99995 0,28 -40,31 -72,4 -32,-27 -49,-24 -73,11 -19,29 -51,31 -60,5 z"
       id="path94-5" />
    <path
       style="fill:#ffff00;fill-opacity:1;stroke:none"
       d="m 90.280784,570.23978 -2.979343,-1.25168 2.681409,-1.82554 c 3.920296,-2.66898 3.542445,-6.30176 -0.655455,-6.30176 -1.835276,0 -3.980403,0.64354 -4.76695,1.43008 -1.112288,1.11229 -1.42618,0.11918 -1.412516,-4.46901 0.02311,-7.75931 1.892593,-11.11167 7.991685,-14.33067 6.631553,-3.50002 12.478596,-2.32999 17.911036,3.58413 5.51566,6.00472 5.10071,8.40878 -2.0155,11.67694 -5.47942,2.51647 -5.91421,3.03566 -6.25662,7.47135 -0.33609,4.35386 -0.67779,4.78865 -3.943191,5.01739 -1.966366,0.13775 -4.915916,-0.31281 -6.554555,-1.00123 z"
       id="path3072"
       inkscape:connector-curvature="0"
       transform="matrix(8,0,0,-8,0,9000)" />
    <path
       style="fill:#ffff00;fill-opacity:1;stroke:none"
       d="m 203.73417,570.15635 c -0.78654,-0.78655 -1.43008,-2.10198 -1.43008,-2.92319 0,-0.8212 -2.14513,-3.21697 -4.76695,-5.32392 -5.41291,-4.34994 -5.45706,-4.52453 -2.86218,-11.31914 1.5579,-4.07931 2.81301,-5.33442 6.89233,-6.89233 6.38025,-2.43664 11.35339,-2.41777 15.07041,0.0572 7.0175,4.67257 7.53584,8.03888 2.17752,14.14168 -3.14524,3.58222 -4.28875,4.15052 -7.10638,3.53166 -2.87284,-0.63098 -3.46598,-0.30724 -4.1055,2.24082 -0.41113,1.63809 -0.39481,4.08961 0.0363,5.44783 0.88544,2.78977 -1.51596,3.42888 -3.90544,1.0394 z"
       id="path3074"
       inkscape:connector-curvature="0"
       transform="matrix(8,0,0,-8,0,9000)" />
    <path
       style="fill:#ffff00;fill-opacity:1;stroke:none"
       d=""
       id="path3076"
       inkscape:connector-curvature="0"
       transform="matrix(8,0,0,-8,0,9000)" />
    <path
       style="fill:#ffff00;fill-opacity:1;stroke:none"
       d="m 200.60061,958.99402 c -1.23263,-1.36204 -3.6328,-2.54421 -5.33371,-2.62704 -2.62074,-0.12762 -2.41073,-0.34151 1.37644,-1.40192 4.93208,-1.38098 6.08167,-4.40617 1.67437,-4.40617 -1.53705,0 -3.69742,-0.99756 -4.80082,-2.2168 -2.60875,-2.88265 -0.98304,-7.54002 3.66912,-10.51133 1.83176,-1.16994 4.07429,-3.13644 4.98339,-4.37 1.33824,-1.81585 2.69173,-2.12575 7.10949,-1.62781 4.3179,0.48669 6.27336,1.50631 9.37065,4.88604 6.10036,6.65664 4.62934,11.73527 -3.86041,13.32795 -3.62442,0.67995 -4.03626,1.11769 -3.40771,3.62203 0.63308,2.52239 0.31158,2.84861 -2.80734,2.84861 -2.41736,0 -3.86893,0.77685 -4.6273,2.47644 l -1.10502,2.47643 -2.24115,-2.47643 0,0 z"
       id="path3078"
       inkscape:connector-curvature="0"
       transform="matrix(8,0,0,-8,0,9000)" />
    <path
       style="fill:#ffff00;fill-opacity:1;stroke:none"
       d="m 97.710836,961.21297 c -2.795754,-0.55118 -5.662176,-1.35997 -6.369826,-1.79733 -1.35488,-0.83736 7.472599,-5.28154 10.49073,-5.28154 4.02373,0 0.3525,-3.03796 -4.497535,-3.72173 -5.741575,-0.80946 -9.436895,0.43099 -9.436895,3.1678 0,2.54111 -4.610395,2.20466 -4.657097,-0.33987 -0.02105,-1.14705 -0.374352,-3.76687 -0.785109,-5.82183 -0.960753,-4.80651 0.808665,-7.99535 6.874694,-12.38956 3.605399,-2.61174 6.21992,-3.53781 9.988036,-3.53781 4.572596,0 5.527776,0.52753 9.170756,5.06488 5.99058,7.46131 6.22394,8.91375 2.05745,12.80583 -2.14562,2.00431 -3.58093,4.5474 -3.58093,6.3447 0,4.05761 -1.15913,6.79733 -2.80892,6.63918 -0.74919,-0.0718 -3.6496,-0.58154 -6.445354,-1.13272 l 0,0 z"
       id="path3080"
       inkscape:connector-curvature="0"
       transform="matrix(8,0,0,-8,0,9000)" />
    <path
       style="fill:#ffff00;fill-opacity:1;stroke:none"
       d=""
       id="path3088"
       inkscape:connector-curvature="0"
       transform="matrix(8,0,0,-8,0,9000)" />
    <path
       style="fill:#ff0000;fill-opacity:1;stroke:none"
       d="m 399.96228,183.05621 c 0,-3.92587 4.83665,-10.15673 12.40146,-15.97629 2.84717,-2.19031 5.63995,-4.53804 6.20619,-5.21716 2.85041,-3.4187 -1.09994,-10.65939 -5.24758,-9.61839 -1.59736,0.40091 -2.52777,1.26378 -6.40018,5.9356 -3.05769,3.6889 -5.75493,3.55192 -7.14099,-0.36266 -0.55821,-1.57653 1.1256,-6.45019 3.20572,-9.27871 2.56376,-3.48618 4.39081,-4.29701 9.68248,-4.29701 7.6958,0 7.68577,-0.006 10.24999,5.86942 3.8193,8.75081 3.42496,10.09659 -5.94638,20.29359 -3.60822,3.92613 -5.09828,5.97913 -4.97352,6.85249 0.1648,1.15368 0.55987,1.24756 5.2817,1.25513 6.09642,0.01 8.30346,1.03329 8.30346,3.85069 0,1.50988 -0.30203,1.82975 -2.2345,2.36642 -1.22898,0.3413 -6.99401,0.62205 -12.81118,0.62388 l -10.57667,0.003 0,-2.30032 z"
       id="path3090"
       inkscape:connector-curvature="0"
       transform="matrix(8,0,0,-8,0,9000)" />
    <path
       style="fill:#ff0000;fill-opacity:1;stroke:none"
       d="m 438.77534,184.97628 c -2.16798,-1.10955 -7.47521,-7.10374 -8.13768,-9.19102 -0.58596,-1.84619 2.55054,-7.70557 4.92397,-9.19859 2.357,-1.4827 2.39927,-2.22444 0.22675,-3.97893 -2.66812,-2.15472 -3.12866,-3.49959 -2.44622,-7.14341 0.811,-4.3303 2.93452,-8.27029 5.32606,-9.88203 3.97864,-2.68135 9.66608,-1.3239 13.8482,3.30521 4.11303,4.55262 4.39182,9.12979 0.76991,12.64028 -1.14364,1.10846 -2.07934,2.26546 -2.07934,2.57111 0,0.30564 0.96454,1.62336 2.14344,2.92825 4.20499,4.65443 4.79453,9.03804 1.82001,13.53285 -2.88712,4.36273 -11.80569,6.76509 -16.3951,4.41628 l 0,0 z m 8.95848,-7.75633 c 1.71987,-1.55646 1.50155,-6.40245 -0.37289,-8.27689 -1.43048,-1.43048 -4.1113,-1.92922 -5.41045,-1.00656 -1.45549,1.03369 -3.25674,3.98934 -3.25674,5.34395 0,2.21669 3.20403,4.92566 5.82582,4.92566 1.16852,0 2.61493,-0.44377 3.21426,-0.98616 z m -0.8305,-15.43402 c 1.03808,-0.7271 1.32432,-1.51274 1.32432,-3.6348 0,-2.29614 -0.31464,-3.02185 -2.07221,-4.77942 -1.18119,-1.18119 -2.52436,-1.98513 -3.12377,-1.8697 -2.6132,0.50326 -3.87819,8.76686 -1.59734,10.43466 1.43161,1.04681 3.8546,0.98003 5.469,-0.15074 l 0,0 z"
       id="path3092"
       inkscape:connector-curvature="0"
       transform="matrix(8,0,0,-8,0,9000)" />
    <path
       style="fill:#ff0000;fill-opacity:1;stroke:none"
       d="m 495.88242,185.40949 c -5.70558,-0.80281 -7.57823,-2.55292 -9.54909,-8.92422 -2.08247,-6.73214 -2.15519,-11.92474 -0.26379,-18.83663 2.89446,-10.57746 6.06741,-13.4094 15.01771,-13.40372 6.93251,0.004 9.27775,0.73951 12.76465,4.0011 3.43974,3.21748 3.82312,5.31322 1.33061,7.27383 -2.20631,1.73548 -3.5395,1.55456 -7.21914,-0.97971 -2.77958,-1.91437 -3.65299,-2.20837 -6.44085,-2.16807 -3.7886,0.0548 -6.23304,1.46825 -8.86052,5.12355 -2.35401,3.27485 -2.64791,6.90687 -0.97733,12.07786 0.71,2.19769 1.70769,4.63188 2.21708,5.40932 1.14617,1.74927 4.13251,2.61977 9.00226,2.62411 3.33335,0.003 3.92835,-0.1866 5.60017,-1.78428 2.25357,-2.15364 4.9759,-2.36046 7.2742,-0.55262 3.38552,2.66305 0.95616,7.54282 -4.58235,9.2044 -3.75722,1.12718 -10.86418,1.56115 -15.31361,0.93508 l 0,0 z"
       id="path3094"
       inkscape:connector-curvature="0"
       transform="matrix(8,0,0,-8,0,9000)" />
    <path
       style="fill:#ff0000;fill-opacity:1;stroke:none"
       d="m 465.25336,164.75739 c -1.43202,-1.43201 -1.65217,-3.11592 -1.43529,-10.97853 l 0.20009,-7.25437 1.94598,-1.73732 c 5.0612,-4.51851 11.69376,0.21549 13.17328,9.40244 0.93972,5.8351 -0.59015,9.24257 -4.87931,10.86769 -2.58025,0.97763 -7.90454,0.8003 -9.00475,-0.29991 z m 7.13405,-3.50646 c 3.15052,-3.15052 1.02047,-11.05065 -2.9795,-11.05065 -1.66579,0 -2.09301,1.27354 -2.10433,6.273 -0.013,5.724 2.12669,7.7348 5.08383,4.77765 z"
       id="path3096"
       inkscape:connector-curvature="0"
       transform="matrix(8,0,0,-8,0,9000)" />
    <path
       style="fill:#ff0000;fill-opacity:1;stroke:none"
       d="m 374.62545,173.63955 c -1.99411,-1.99411 0.50863,-7.84649 5.74612,-13.43664 l 3.40054,-3.62951 1.89824,1.20188 c 3.8677,2.44885 10.51319,8.484 11.63429,10.56574 1.06043,1.96911 1.08126,2.28474 0.2489,3.77249 -1.42107,2.54 -2.86115,2.26602 -7.09749,-1.35034 -5.15016,-4.39645 -6.61301,-4.37049 -8.96881,0.15912 -1.92363,3.69868 -4.75797,4.82108 -6.86179,2.71726 z"
       id="path3098"
       inkscape:connector-curvature="0"
       transform="matrix(8,0,0,-8,0,9000)" />
    <path
       style="fill:#ff0000;fill-opacity:1;stroke:none"
       d="m 375.03145,564.00302 c -1.72354,-3.78276 -0.55317,-7.64099 3.84194,-12.66525 3.06304,-3.50152 5.5831,-5.07099 7.1972,-4.48237 1.87997,0.68557 5.78964,3.55306 8.39033,6.15375 3.82077,3.82076 4.78496,9.19398 1.9245,10.72485 -1.53977,0.82406 -3.68207,-0.28338 -6.8228,-3.52698 -3.35546,-3.46537 -4.95026,-3.32355 -7.82399,0.69572 -3.6144,5.05521 -5.43337,5.89599 -6.70718,3.10028 z"
       id="path3100"
       inkscape:connector-curvature="0"
       transform="matrix(8,0,0,-8,0,9000)" />
    <path
       style="fill:#ff0000;fill-opacity:1;stroke:none"
       d="m 403.09059,574.61833 c -2.48142,-0.2235 -2.53239,-0.27242 -2.53021,-2.42834 0.003,-3.09341 1.26273,-4.86738 9.70018,-13.6614 9.50628,-9.908 10.71025,-13.01704 5.82451,-15.04078 -2.61683,-1.08393 -4.4562,-0.36426 -7.61027,2.97757 -3.07866,3.26193 -4.78715,3.71292 -6.72491,1.77515 -1.55639,-1.55638 -1.55343,-4.93486 0.007,-7.45892 1.67539,-2.71084 6.90102,-6.14016 10.97923,-7.20513 3.34408,-0.87326 3.4941,-0.8602 5.48315,0.47753 3.09768,2.08332 5.87964,8.1013 5.86364,12.68432 -0.0158,4.51464 -2.70392,10.12344 -7.28687,15.20395 -3.94611,4.37454 -3.98913,5.18852 -0.29793,5.63664 4.55157,0.55257 7.40102,1.69524 8.73508,3.50291 l 1.24572,1.68795 -1.40672,1.14242 c -1.26261,1.02539 -2.33086,1.13176 -10.4277,1.03832 -4.96154,-0.0573 -10.16058,-0.20674 -11.55343,-0.33219 z"
       id="path3102"
       inkscape:connector-curvature="0"
       transform="matrix(8,0,0,-8,0,9000)" />
    <path
       style="fill:#ff0000;fill-opacity:1;stroke:none"
       d="m 442.68766,574.20209 c -5.85364,-2.10589 -8.59969,-5.40625 -10.77015,-12.94415 -1.27866,-4.44076 -1.22386,-6.67928 0.27617,-11.28036 3.16726,-9.71499 8.35634,-16.03789 13.16198,-16.03789 1.92307,0 2.68203,0.46582 5.58239,3.42624 1.84621,1.88444 3.75404,4.18801 4.23963,5.11907 0.96916,1.85821 0.99329,1.80811 -2.94816,6.12174 l -1.69575,1.85587 2.37525,1.88123 c 7.25863,5.74894 6.06165,16.63836 -2.2979,20.90503 -3.10579,1.58518 -5.39973,1.86115 -7.92346,0.95322 z m 5.49872,-7.7918 c 0.67544,-0.67756 0.91893,-2.03489 0.87694,-4.88852 -0.0518,-3.51951 -0.23418,-4.10196 -1.67186,-5.3386 -2.22866,-1.917 -4.16383,-1.78362 -5.71434,0.39386 -2.35407,3.30599 -2.31952,7.81994 0.0782,10.21767 0.97206,0.97205 1.708,1.16831 3.36983,0.89863 1.16938,-0.18977 2.54694,-0.76713 3.06123,-1.28304 z m -0.40564,-16.83731 c 2.15905,-1.90751 1.09912,-4.83785 -2.40598,-6.65171 -2.57613,-1.33312 -4.11891,0.0832 -5.21392,4.7867 -0.56326,2.41939 1.07744,3.68703 4.12591,3.18776 1.34817,-0.22081 2.92047,-0.81604 3.49399,-1.32275 z"
       id="path3104"
       inkscape:connector-curvature="0"
       transform="matrix(8,0,0,-8,0,9000)" />
    <path
       style="fill:#ff0000;fill-opacity:1;stroke:none"
       d="m 466.50805,555.15153 c -3.64448,-3.93246 -3.79537,-16.62186 -0.24337,-20.46701 3.93672,-4.26162 12.20398,1.61125 12.82594,9.11124 0.22014,2.65462 -0.0202,3.82989 -1.33104,6.50919 -1.8411,3.76307 -4.17318,5.67079 -7.47333,6.11343 -1.95831,0.26267 -2.54212,0.0669 -3.7782,-1.26685 z m 6.64249,-6.79464 c 1.06521,-1.36168 0.49378,-5.50761 -0.89966,-6.52729 -0.59526,-0.43559 -1.88672,-0.71314 -2.8699,-0.61677 -1.72962,0.16953 -1.79334,0.28408 -1.96421,3.53126 -0.13307,2.52854 0.0717,3.60436 0.83049,4.36314 1.18681,1.18681 3.68722,0.80417 4.90328,-0.75034 z"
       id="path3106"
       inkscape:connector-curvature="0"
       transform="matrix(8,0,0,-8,0,9000)" />
    <path
       style="fill:#ff0000;fill-opacity:1;stroke:none"
       d="m 493.36425,573.69062 c -6.56789,-2.29966 -7.47437,-3.77182 -8.53656,-13.8638 -1.16371,-11.05649 4.56405,-23.36893 11.78285,-25.32851 6.19388,-1.68137 16.69618,1.23705 19.09923,5.30735 1.50808,2.55441 1.33448,5.21799 -0.45683,7.00929 -1.72857,1.72858 -2.59691,1.59787 -6.87582,-1.03497 -9.01871,-5.54927 -18.73629,0.18593 -17.67862,10.43371 0.58602,5.67798 4.10548,10.72378 7.98788,11.45212 2.89676,0.54344 7.96687,-0.60558 10.62159,-2.40712 1.23643,-0.83907 2.85128,-1.52557 3.58856,-1.52557 2.12991,0 4.05463,1.93227 4.05463,4.07053 0,4.24036 -4.8259,6.74979 -13.60567,7.07482 -5.09595,0.18866 -6.5411,0.0167 -9.98124,-1.18785 z"
       id="path3108"
       inkscape:connector-curvature="0"
       transform="matrix(8,0,0,-8,0,9000)" />
    <path
       style="fill:#ff0000;fill-opacity:1;stroke:none"
       d="m 375.81938,956.17883 c -1.73668,-1.26989 -1.92434,-6.81516 -0.3413,-10.08527 1.65799,-3.42495 7.81956,-9.34667 9.72525,-9.34667 1.91566,0 8.70042,5.67376 11.0791,9.26491 2.65529,4.00877 2.38777,6.1671 -0.98727,7.96521 -1.28576,0.68502 -1.67235,0.46919 -5.16227,-2.88201 -2.10256,-2.01897 -4.31116,-3.62247 -4.98946,-3.62247 -0.87727,0 -1.89547,1.16165 -3.64721,4.16104 -2.73662,4.68574 -4.04838,5.73602 -5.67684,4.54526 l 0,0 z"
       id="path3110"
       inkscape:connector-curvature="0"
       transform="matrix(8,0,0,-8,0,9000)" />
    <path
       style="fill:#ff0000;fill-opacity:1;stroke:none"
       d="m 408.18049,964.70369 c -5.70389,-0.47146 -8.21821,-1.20114 -8.21821,-2.385 0,-1.73897 2.69124,-5.17285 9.5339,-12.16475 9.60235,-9.81179 11.06355,-12.47327 8.34216,-15.19466 -1.85162,-1.85161 -4.98933,-1.55343 -8.57842,0.81521 -3.64841,2.4078 -5.32898,2.98795 -7.2551,2.50452 -1.28201,-0.32176 -1.44667,-0.69087 -1.44667,-3.24296 0,-2.00737 0.40619,-3.47489 1.34071,-4.84384 2.96269,-4.33998 11.45204,-7.10262 15.99405,-5.20484 1.73462,0.72477 2.57001,1.75258 4.60733,5.66855 1.48258,2.84971 2.48853,5.59519 2.48853,6.7918 0,1.17528 -1.0506,4.09901 -2.53245,7.04762 -2.06912,4.11717 -3.18653,5.56211 -6.10765,7.89784 -1.96637,1.57231 -3.65566,3.22107 -3.75399,3.66391 -0.20998,0.9457 1.4282,1.42489 6.56923,1.92158 4.93426,0.47671 6.54817,1.49181 6.30677,3.96676 -0.33291,3.41324 -3.41582,3.90505 -17.29019,2.75826 l 0,0 z"
       id="path3112"
       inkscape:connector-curvature="0"
       transform="matrix(8,0,0,-8,0,9000)" />
    <path
       style="fill:#ff0000;fill-opacity:1;stroke:none"
       d="m 436.86732,964.7139 c -0.9442,-0.9442 -1.1434,-1.67217 -0.85601,-3.12831 0.73217,-3.70971 5.80501,-18.63782 7.50726,-22.09202 1.65698,-3.36232 2.23057,-6.54476 1.28283,-7.1175 -0.2458,-0.14854 -2.32447,0.13514 -4.61927,0.6304 -3.75524,0.81046 -4.39549,0.80725 -6.40425,-0.0321 -4.27275,-1.78527 -4.53288,-6.55594 -0.43417,-7.96229 2.22642,-0.76393 14.93821,-1.0121 20.09778,-0.39236 l 3.12831,0.37576 -0.003,2.44944 c -0.005,3.99982 -1.13431,6.90857 -3.81406,9.82754 -4.55308,4.95953 -6.2769,9.00256 -7.52472,17.64838 -1.24557,8.63024 -2.42547,11.02357 -5.43457,11.02357 -0.93239,0 -2.249,-0.55375 -2.92581,-1.23055 z"
       id="path3114"
       inkscape:connector-curvature="0"
       transform="matrix(8,0,0,-8,0,9000)" />
    <path
       style="fill:#ff0000;fill-opacity:1;stroke:none"
       d="m 466.49477,946.20182 c -1.95365,-1.13564 -2.77454,-4.28562 -2.77454,-10.64667 0,-8.72949 1.39179,-11.3215 6.07912,-11.3215 4.24126,0 9.57597,5.92309 9.57597,10.63214 0,2.21938 -1.85021,6.59333 -3.65818,8.64803 -1.32221,1.50265 -5.08964,3.36689 -6.75932,3.34472 -0.75045,-0.01 -1.85882,-0.30549 -2.46305,-0.65672 z m 6.64018,-7.7865 c 1.00575,-1.00575 0.88925,-4.13389 -0.21255,-5.70693 -1.12706,-1.60911 -4.69503,-1.86782 -5.26527,-0.38178 -0.61547,1.60387 -0.39884,5.33652 0.35335,6.08871 0.39328,0.39328 1.54628,0.71505 2.56224,0.71505 1.01595,0 2.16896,-0.32177 2.56223,-0.71505 z"
       id="path3116"
       inkscape:connector-curvature="0"
       transform="matrix(8,0,0,-8,0,9000)" />
    <path
       style="fill:#ff0000;fill-opacity:1;stroke:none"
       d="m 495.18798,963.61551 c -8.81743,-3.76201 -9.88503,-5.1732 -10.4443,-13.80564 -0.80568,-12.43576 4.20221,-22.78387 12.09557,-24.99388 3.38375,-0.94739 9.53479,-0.42232 12.92749,1.10352 3.2369,1.45577 6.9858,5.24102 6.9858,7.05355 0,1.78484 -1.98658,3.77383 -3.76927,3.77383 -0.76219,0 -3.30449,-0.67035 -5.64956,-1.48967 -5.78344,-2.02061 -8.81993,-1.9607 -11.84934,0.2338 -2.78748,2.01923 -4.839,4.47908 -5.31401,6.37168 -0.44568,1.7757 1.282,10.02751 2.54825,12.1711 1.52044,2.5739 3.39988,3.27174 8.78052,3.26025 3.83346,-0.008 5.34154,-0.28387 7.33441,-1.34071 3.11593,-1.65241 5.75932,-1.70246 7.32313,-0.13865 2.83273,2.83273 0.21488,5.50061 -8.25782,8.41564 -4.55387,1.56677 -7.98684,1.40071 -12.71087,-0.61482 z"
       id="path3118"
       inkscape:connector-curvature="0"
       transform="matrix(8,0,0,-8,0,9000)" />
    <path
       style="fill:#0000ff;fill-opacity:1;stroke:none"
       d="m 415.8451,256.96878 c -0.85279,-0.10585 -1.56106,-0.51723 -1.8788,-1.09126 -0.34666,-0.62628 -0.5846,-4.63243 -0.74289,-12.5083 -0.16911,-8.41375 -0.38425,-11.85482 -0.78558,-12.56516 -0.5239,-0.92726 -0.6993,-0.96141 -3.36577,-0.65529 -5.04611,0.57931 -6.20608,0.3016 -5.78289,-1.38448 0.45029,-1.79412 2.4027,-4.31266 6.39621,-8.25088 5.79045,-5.71028 8.28832,-7.05826 10.4521,-5.64049 1.57896,1.03458 1.9108,2.94519 1.26246,7.2688 -1.01305,6.75571 -1.1434,10.47388 -0.59839,17.06864 0.63455,7.67821 0.75391,14.0225 0.29478,15.66822 -0.22249,0.7975 -0.8051,1.38455 -1.77717,1.79071 -0.7954,0.33233 -1.59447,0.5739 -1.77571,0.53681 -0.18125,-0.0371 -0.94551,-0.14388 -1.69835,-0.23732 z"
       id="path3120"
       inkscape:connector-curvature="0"
       transform="matrix(8,0,0,-8,0,9000)" />
    <path
       style="fill:#0000ff;fill-opacity:1;stroke:none"
       d="m 384.1367,246.04178 c -3.18135,-2.67693 -9.68908,-13.06618 -9.68908,-15.4681 0,-0.39915 0.48658,-1.21231 1.08128,-1.80702 1.70533,-1.70532 3.20898,-1.15718 6.53747,2.38318 2.54921,2.71147 2.91141,2.94984 4.48216,2.94984 1.24877,0 2.26068,-0.3796 3.75855,-1.40995 3.06054,-2.10528 4.59127,-2.80348 6.14636,-2.80348 1.76598,0 3.27599,1.03231 3.27063,2.23595 -0.017,3.82553 -8.88951,14.05804 -12.8819,14.85651 -1.02278,0.20456 -1.57697,0.0126 -2.70547,-0.93693 l 0,0 z"
       id="path3122"
       inkscape:connector-curvature="0"
       transform="matrix(8,0,0,-8,0,9000)" />
    <path
       style="fill:#0000ff;fill-opacity:1;stroke:none"
       d="m 443.33716,256.97019 c -3.16868,-0.68421 -4.18576,-1.19 -6.32556,-3.14566 -3.68208,-3.36521 -5.68868,-8.0823 -4.43479,-10.42522 0.22289,-0.41646 0.974,-0.99278 1.66915,-1.28072 1.10053,-0.45586 1.44428,-0.41205 2.65942,0.33895 0.76753,0.47436 2.77725,2.48518 4.46603,4.46849 1.68878,1.98331 3.22649,3.60602 3.41712,3.60602 0.39909,0 3.02132,-2.82947 3.97028,-4.28405 2.52377,-3.8685 0.97836,-11.53059 -2.50186,-12.40407 -0.61591,-0.15458 -2.75049,0.21401 -5.19808,0.89758 -4.77207,1.33276 -6.14663,1.2205 -6.48113,-0.52932 -0.44345,-2.31979 1.72998,-12.13254 3.53772,-15.97229 1.63985,-3.48317 2.95869,-4.03508 9.66644,-4.04521 7.10539,-0.0107 8.3873,0.87456 7.87303,5.43717 -0.11868,1.05291 -0.49051,2.18912 -0.82629,2.5249 -0.36637,0.36637 -2.5327,0.86222 -5.4171,1.23993 -2.64362,0.34618 -5.23404,0.90949 -5.75649,1.25182 -2.83717,1.85898 1.06216,5.62255 5.87282,5.66834 1.4715,0.014 4.59778,1.56304 6.11765,3.03121 1.73579,1.67676 2.41718,4.72102 2.04542,9.13829 -0.53658,6.37556 -1.65293,9.50842 -4.17828,11.72571 -2.12107,1.86232 -7.53191,3.32897 -10.1755,2.75813 z"
       id="path3124"
       inkscape:connector-curvature="0"
       transform="matrix(8,0,0,-8,0,9000)" />
    <path
       style="fill:#0000ff;fill-opacity:1;stroke:none"
       d="m 467.76543,237.11192 c -0.79589,-0.48536 -1.82319,-1.85942 -2.73872,-3.66317 -1.39765,-2.75358 -1.4651,-3.09117 -1.4651,-7.33258 0,-3.99059 0.12115,-4.7051 1.18251,-6.97416 2.03065,-4.34125 4.15788,-5.78028 7.46943,-5.05294 1.84011,0.40415 4.46641,2.88111 5.75862,5.43117 0.79637,1.57155 1.12873,3.01351 1.28985,5.596 0.37316,5.98134 -1.31816,9.6204 -5.42165,11.66525 -2.62153,1.30636 -4.32285,1.3989 -6.07494,0.33043 l 0,0 z m 4.81916,-6.57509 c 0.65246,-0.3374 1.51671,-1.30976 1.92055,-2.16081 1.35252,-2.85022 -0.23101,-5.30066 -3.7807,-5.85048 -2.60533,-0.40354 -3.37147,0.38608 -3.33008,3.43219 0.0622,4.58024 1.95639,6.25138 5.19023,4.5791 l 0,0 z"
       id="path3126"
       inkscape:connector-curvature="0"
       transform="matrix(8,0,0,-8,0,9000)" />
    <path
       style="fill:#0000ff;fill-opacity:1;stroke:none"
       d="m 497.05836,257.01135 c -2.99738,-0.584 -5.01935,-1.56492 -6.63925,-3.2209 -6.60866,-6.75585 -6.95329,-23.72835 -0.66687,-32.8423 1.23419,-1.78932 4.92951,-4.70787 7.22407,-5.70554 1.08412,-0.47138 2.89989,-0.68576 5.98085,-0.70612 4.15938,-0.0275 4.54976,0.0446 6.52417,1.20505 1.15505,0.67886 3.28809,2.39345 4.74011,3.81021 2.3135,2.25732 2.64003,2.77168 2.64003,4.15875 0,3.18002 -2.03253,5.24934 -4.55868,4.6412 -0.62119,-0.14955 -2.5219,-1.17902 -4.22379,-2.28773 -1.70189,-1.10871 -3.81358,-2.13734 -4.69265,-2.28586 -3.07322,-0.51922 -6.83638,1.24444 -10.33075,4.84164 l -1.68537,1.73497 0.0401,3.87386 c 0.0449,4.33874 0.68996,7.96647 1.93842,10.90196 1.19524,2.81037 2.76976,3.50638 7.92302,3.5023 3.77646,-0.003 4.18162,-0.0923 7.16656,-1.58003 3.45797,-1.72349 5.56884,-1.98509 7.58887,-0.9405 1.47042,0.76039 2.09828,1.81277 2.09828,3.51703 0,2.56207 -3.40514,5.14453 -8.66047,6.5681 -2.50988,0.67989 -10.42838,1.19936 -12.40667,0.81391 z"
       id="path3128"
       inkscape:connector-curvature="0"
       transform="matrix(8,0,0,-8,0,9000)" />
    <path
       style="fill:#0000ff;fill-opacity:1;stroke:none"
       d="m 378.38306,631.74191 c -3.43704,-3.64544 -6.8519,-9.1317 -8.11722,-13.04099 -0.60234,-1.86099 -0.10543,-3.11865 1.46867,-3.71712 1.62738,-0.61873 3.0958,0.20864 6.148,3.46403 2.69205,2.87127 2.8642,2.97952 4.35394,2.73777 0.85309,-0.13844 2.84463,-1.13555 4.42565,-2.21582 3.56316,-2.43459 6.11459,-2.92223 7.58681,-1.45 0.74599,0.74599 0.88948,1.24679 0.69703,2.43273 -0.69968,4.31159 -9.94345,14.00145 -13.35687,14.00145 -0.80588,0 -1.7059,-0.62099 -3.20601,-2.21205 z"
       id="path3130"
       inkscape:connector-curvature="0"
       transform="matrix(8,0,0,-8,0,9000)" />
    <path
       style="fill:#0000ff;fill-opacity:1;stroke:none"
       d="m 413.42182,633.13353 c 0,-9.4629 -0.12311,-12.31974 -0.54924,-12.74562 -0.39836,-0.39815 -2.15204,-0.54893 -6.38421,-0.54893 -5.7045,0 -5.82488,-0.0188 -5.3837,-0.84269 0.24821,-0.46347 0.37825,-0.93749 0.28899,-1.05335 -0.0893,-0.11587 1.72735,-1.53099 4.0369,-3.14471 2.30955,-1.61371 5.4316,-4.19685 6.9379,-5.74031 3.30298,-3.38444 3.96596,-3.75527 6.71379,-3.75527 l 2.13441,0 0.001,10.21756 c 5.4e-4,5.61966 0.12428,14.299 0.27493,19.28741 0.33184,10.98841 0.53657,10.52259 -4.62483,10.5226 l -3.44598,0 0,-12.19669 -2e-5,0 z"
       id="path3132"
       inkscape:connector-curvature="0"
       transform="matrix(8,0,0,-8,0,9000)" />
    <path
       style="fill:#0000ff;fill-opacity:1;stroke:none"
       d="m 437.66544,645.67211 c -1.45583,-1.56265 -1.15402,-4.72979 1.05643,-11.08614 1.04765,-3.0126 2.19053,-6.70988 2.53973,-8.21618 0.34921,-1.5063 1.36584,-3.97115 2.25919,-5.47746 1.76774,-2.98064 2.753,-5.61801 2.42149,-6.4819 -0.14909,-0.38854 -1.77649,-0.63208 -5.58373,-0.83562 -8.21206,-0.43901 -10.6499,-1.90868 -9.50496,-5.73015 0.75651,-2.52502 1.86809,-2.70057 14.80095,-2.3375 5.90933,0.1659 10.80827,0.36238 10.88652,0.43662 0.44407,0.42133 0.52452,5.3503 0.10792,6.61261 -0.26824,0.81279 -1.52922,2.78387 -2.80218,4.38019 -5.15639,6.46625 -8.02384,14.12127 -8.35914,22.31572 -0.22453,5.48742 -0.54532,6.18911 -3.16169,6.91589 -2.3584,0.65512 -3.72338,0.50982 -4.66053,-0.49608 z"
       id="path3134"
       inkscape:connector-curvature="0"
       transform="matrix(8,0,0,-8,0,9000)" />
    <path
       style="fill:#0000ff;fill-opacity:1;stroke:none"
       d="m 467.70294,627.23731 c -1.85704,-1.13233 -3.47689,-4.10416 -4.01845,-7.37237 -0.58621,-3.53769 0.077,-7.87721 1.75481,-11.48147 0.97454,-2.09354 1.54925,-2.7785 2.91662,-3.47608 2.25119,-1.14847 2.92871,-1.10008 5.14034,0.36709 3.5211,2.33586 6.68251,7.51917 6.6988,10.98308 0.0169,3.58379 -3.58657,9.50482 -6.81631,11.20032 -1.59574,0.8377 -4.09982,0.74039 -5.67581,-0.22057 z m 4.66533,-7.77517 c 2.82025,-1.17837 3.51156,-3.53485 1.67672,-5.71544 -2.16851,-2.57712 -4.74368,-3.23736 -5.87752,-1.5069 -0.91891,1.40243 -1.03751,6.85576 -0.16116,7.41015 0.89226,0.56447 2.7533,0.48434 4.36196,-0.18781 z"
       id="path3136"
       inkscape:connector-curvature="0"
       transform="matrix(8,0,0,-8,0,9000)" />
    <path
       style="fill:#0000ff;fill-opacity:1;stroke:none"
       d="m 498.9544,645.6961 c -3.58543,-0.50049 -8.14942,-2.85925 -10.42099,-5.38578 -2.9587,-3.29079 -3.7655,-7.5168 -2.88349,-15.10363 1.13953,-9.80184 4.21884,-16.02048 9.3344,-18.85068 2.11315,-1.16911 2.60273,-1.26403 6.51999,-1.26403 4.0396,0 4.38027,0.0721 7.3735,1.56134 3.55459,1.7685 8.20748,5.36874 8.62058,6.6703 0.42463,1.33788 -0.87354,2.896 -3.36204,4.03527 -2.54241,1.16395 -3.21498,1.04444 -6.38099,-1.13382 -5.71052,-3.92895 -11.36702,-3.04459 -14.66706,2.29311 -1.07967,1.74633 -1.27394,2.52458 -1.41657,5.67509 -0.17973,3.97008 0.62098,8.77526 1.8972,11.38542 1.13417,2.31962 3.27309,3.19144 7.77057,3.16725 3.31419,-0.0178 3.93294,-0.15869 6.74148,-1.53485 5.54275,-2.71591 8.55826,-2.53018 9.81245,0.60436 0.60572,1.51384 0.61396,1.82409 0.0704,2.65363 -1.13134,1.72663 -8.39536,4.70322 -12.45725,5.10463 -1.28633,0.12712 -2.71799,0.28606 -3.18147,0.3532 -0.46347,0.0671 -1.98031,-0.0367 -3.37074,-0.23081 l 0,0 z"
       id="path3138"
       inkscape:connector-curvature="0"
       transform="matrix(8,0,0,-8,0,9000)" />
    <path
       style="fill:#0000ff;fill-opacity:1;stroke:none"
       d="m 383.80801,1030.4276 c -2.52254,-2.4239 -5.06141,-5.9857 -7.13819,-10.0142 -1.98792,-3.8562 -2.22706,-5.5607 -0.95818,-6.8296 1.64547,-1.6455 3.75535,-0.8263 6.51091,2.528 2.14287,2.6085 2.67221,2.9494 4.57955,2.9494 1.23594,0 2.20271,-0.39 3.78541,-1.527 2.66415,-1.914 4.49225,-2.6864 6.35832,-2.6864 3.00962,0 3.61708,2.5334 1.49481,6.2341 -2.56904,4.4798 -9.68963,11.041 -11.98237,11.041 -0.48729,0 -1.67991,-0.7629 -2.65026,-1.6953 z"
       id="path3140"
       inkscape:connector-curvature="0"
       transform="matrix(8,0,0,-8,0,9000)" />
    <path
       style="fill:#0000ff;fill-opacity:1;stroke:none"
       d="m 414.18267,1036.5806 -1.18219,-1.0196 0.0276,-8.9873 c 0.0152,-4.9429 0.16506,-11.0515 0.33305,-13.5745 l 0.30543,-4.5873 -1.3864,0.2466 c -0.76252,0.1356 -2.70613,0.5325 -4.31913,0.8821 -1.613,0.3496 -2.99686,0.5714 -3.07524,0.4931 -0.0784,-0.078 -0.0179,-0.6389 0.13434,-1.2456 0.24019,-0.957 0.49727,-1.1031 1.94141,-1.1031 1.00242,0 1.56098,-0.1676 1.40416,-0.4214 -0.34306,-0.555 -3.83254,-0.542 -4.87939,0.018 -0.63011,0.3372 -0.87703,0.2942 -1.06093,-0.1851 -0.34356,-0.8953 2.00881,-2.8881 5.72965,-4.8539 1.73804,-0.9182 4.44896,-2.81863 6.02427,-4.22313 1.57531,-1.40449 3.19811,-2.55362 3.60622,-2.55362 1.30187,0 2.23925,1.04968 2.65617,2.97437 0.50552,2.33368 0.98824,31.06718 0.5772,34.35708 -0.54272,4.3437 -3.98059,6.2462 -6.83623,3.7831 l 0,0 z"
       id="path3142"
       inkscape:connector-curvature="0"
       transform="matrix(8,0,0,-8,0,9000)" />
    <path
       style="fill:#0000ff;fill-opacity:1;stroke:none"
       d="m 437.89105,1036.541 c -1.84886,-1.995 -1.7309,-4.795 0.43107,-10.2318 0.58036,-1.4594 1.62992,-4.8723 2.33236,-7.5841 0.78622,-3.0353 1.91171,-6.0972 2.92794,-7.9655 1.92008,-3.53 2.10813,-5.2836 0.66779,-6.2273 -0.54649,-0.3581 -3.21262,-0.9188 -6.00413,-1.2628 -5.67123,-0.6989 -6.49585,-1.2038 -6.49585,-3.97751 0,-3.1747 0.008,-3.1771 10.81499,-3.33027 13.19279,-0.18697 14.46597,0.078 14.46524,3.0105 -3.9e-4,1.60748 -1.86452,5.67498 -4.13299,9.01818 -4.09038,6.0283 -5.86583,10.8895 -7.44927,20.3964 -0.57479,3.451 -1.33498,6.717 -1.6893,7.2577 -1.37854,2.104 -4.3308,2.555 -5.86785,0.8965 l 0,0 z"
       id="path3144"
       inkscape:connector-curvature="0"
       transform="matrix(8,0,0,-8,0,9000)" />
    <path
       style="fill:#0000ff;fill-opacity:1;stroke:none"
       d="m 467.35369,1018.2626 c -1.2199,-0.5297 -2.1397,-1.7185 -2.71394,-3.5074 -0.65343,-2.0357 -0.67844,-11.8055 -0.0363,-14.1901 0.56538,-2.09972 4.2763,-6.36308 5.53852,-6.36308 0.42348,0 2.32508,1.18681 4.22577,2.63736 4.24002,3.23582 5.4156,5.16402 5.4156,8.88282 0,5.3098 -2.15181,9.8278 -5.48263,11.5114 -2.10561,1.0643 -5.65491,1.5901 -6.94699,1.029 z m 6.14189,-8.4385 c 0.78187,-0.7819 1.23104,-1.6666 1.23004,-2.4227 -0.006,-4.3254 -6.37113,-7.0083 -7.24971,-3.0557 -1.15676,5.2043 2.74389,8.7542 6.01967,5.4784 z"
       id="path3146"
       inkscape:connector-curvature="0"
       transform="matrix(8,0,0,-8,0,9000)" />
    <path
       style="fill:#0000ff;fill-opacity:1;stroke:none"
       d="m 497.27352,1036.1222 c -3.41169,-1.2037 -8.09918,-4.2614 -9.65037,-6.2952 -1.56112,-2.0467 -1.92097,-4.2665 -1.91605,-11.8191 0.005,-7.4453 0.74294,-12.8217 1.99244,-14.5133 1.30986,-1.7734 5.59559,-5.0329 8.50727,-6.47027 2.49246,-1.23041 3.07875,-1.34761 6.74149,-1.34761 3.62287,0 4.28205,0.12813 6.80233,1.32226 6.17842,2.92738 9.07969,7.74052 5.653,9.37812 -2.02873,0.9695 -4.36179,0.6787 -7.79981,-0.9724 -2.70374,-1.2984 -3.56625,-1.5105 -6.10947,-1.5025 -5.38959,0.017 -8.74964,2.5406 -9.3055,6.9896 -0.34761,2.7821 0.0566,9.7172 0.70791,12.1467 1.38273,5.1576 7.63322,6.7301 15.17468,3.8176 4.38862,-1.6949 6.11761,-1.8303 7.67985,-0.6014 3.10756,2.4444 -1.02017,7.2717 -8.46435,9.8989 -3.63489,1.2828 -6.31226,1.2744 -10.01342,-0.031 l 0,0 z"
       id="path3148"
       inkscape:connector-curvature="0"
       transform="matrix(8,0,0,-8,0,9000)" />
  </g>
  <text
     xml:space="preserve"
     style="font-size:25.94385338px;font-style:normal;font-variant:normal;font-weight:bold;font-stretch:normal;text-align:start;line-height:125%;letter-spacing:0px;word-spacing:0px;text-anchor:start;fill:#000000;fill-opacity:1;stroke:none;font-family:Arial;-inkscape-font-specification:Arial Bold"
     x="22.60734"
     y="216.18369"
     id="text3251"
     sodipodi:linespacing="125%"><tspan
       sodipodi:role="line"
       id="tspan3253"
       x="22.60734"
       y="216.18369">manh</tspan></text>
  <text
     xml:space="preserve"
     style="font-size:25.94385338px;font-style:normal;font-variant:normal;font-weight:bold;font-stretch:normal;text-align:start;line-height:125%;letter-spacing:0px;word-spacing:0px;text-anchor:start;fill:#000000;fill-opacity:1;stroke:none;font-family:Arial;-inkscape-font-specification:Arial Bold"
     x="125.97575"
     y="214.76411"
     id="text3255"
     sodipodi:linespacing="125%"><tspan
       sodipodi:role="line"
       id="tspan3257"
       x="125.97575"
       y="214.76411">tarde</tspan></text>
  <text
     xml:space="preserve"
     style="font-size:25.94385338px;font-style:normal;font-variant:normal;font-weight:bold;font-stretch:normal;text-align:start;line-height:125%;letter-spacing:0px;word-spacing:0px;text-anchor:start;fill:#000000;fill-opacity:1;stroke:none;font-family:Arial;-inkscape-font-specification:Arial Bold"
     x="213.0939"
     y="215.28439"
     id="text3259"
     sodipodi:linespacing="125%"><tspan
       sodipodi:role="line"
       id="tspan3261"
       x="213.0939"
       y="215.28439">noite</tspan></text>
  <text
     xml:space="preserve"
     style="font-size:32px;font-style:normal;font-variant:normal;font-weight:bold;font-stretch:normal;text-align:start;line-height:125%;letter-spacing:0px;word-spacing:0px;text-anchor:start;fill:#000000;fill-opacity:1;stroke:none;font-family:Arial;-inkscape-font-specification:Arial Bold"
     x="29.555065"
     y="63.877125"
     id="text3263"
     sodipodi:linespacing="125%"><tspan
       sodipodi:role="line"
       id="tspan3265"
       x="29.555065"
       y="63.877125">Sexta-feira, 02/10</tspan></text>
  <text
     xml:space="preserve"
     style="font-size:32px;font-style:normal;font-variant:normal;font-weight:bold;font-stretch:normal;text-align:start;line-height:125%;letter-spacing:0px;word-spacing:0px;text-anchor:start;fill:#000000;fill-opacity:1;stroke:none;font-family:Arial;-inkscape-font-specification:Arial Bold"
     x="28.601709"
     y="386.12286"
     id="text3267"
     sodipodi:linespacing="125%"><tspan
       sodipodi:role="line"
       id="tspan3269"
       x="28.601709"
       y="386.12286">Sbado, 03/10</tspan></text>
  <text
     xml:space="preserve"
     style="font-size:32px;font-style:normal;font-variant:normal;font-weight:bold;font-stretch:normal;text-align:start;line-height:125%;letter-spacing:0px;word-spacing:0px;text-anchor:start;fill:#000000;fill-opacity:1;stroke:none;font-family:Arial;-inkscape-font-specification:Arial Bold"
     x="29.555099"
     y="696.92798"
     id="text3271"
     sodipodi:linespacing="125%"><tspan
       sodipodi:role="line"
       id="tspan3273"
       x="29.555099"
       y="696.92798">Domingo, 04/10</tspan></text>
  <text
     xml:space="preserve"
     style="font-size:25.94385338px;font-style:normal;font-variant:normal;font-weight:bold;font-stretch:normal;text-align:start;line-height:125%;letter-spacing:0px;word-spacing:0px;text-anchor:start;fill:#000000;fill-opacity:1;stroke:none;font-family:Arial;-inkscape-font-specification:Arial Bold"
     x="23.117548"
     y="522.76709"
     id="text3251-8"
     sodipodi:linespacing="125%"><tspan
       sodipodi:role="line"
       id="tspan3253-0"
       x="23.117548"
       y="522.76709">manh</tspan></text>
  <text
     xml:space="preserve"
     style="font-size:25.94385338px;font-style:normal;font-variant:normal;font-weight:bold;font-stretch:normal;text-align:start;line-height:125%;letter-spacing:0px;word-spacing:0px;text-anchor:start;fill:#000000;fill-opacity:1;stroke:none;font-family:Arial;-inkscape-font-specification:Arial Bold"
     x="126.48594"
     y="521.34747"
     id="text3255-5"
     sodipodi:linespacing="125%"><tspan
       sodipodi:role="line"
       id="tspan3257-6"
       x="126.48594"
       y="521.34747">tarde</tspan></text>
  <text
     xml:space="preserve"
     style="font-size:25.94385338px;font-style:normal;font-variant:normal;font-weight:bold;font-stretch:normal;text-align:start;line-height:125%;letter-spacing:0px;word-spacing:0px;text-anchor:start;fill:#000000;fill-opacity:1;stroke:none;font-family:Arial;-inkscape-font-specification:Arial Bold"
     x="213.60411"
     y="521.8678"
     id="text3259-6"
     sodipodi:linespacing="125%"><tspan
       sodipodi:role="line"
       id="tspan3261-4"
       x="213.60411"
       y="521.8678">noite</tspan></text>
  <text
     xml:space="preserve"
     style="font-size:25.94385338px;font-style:normal;font-variant:normal;font-weight:bold;font-stretch:normal;text-align:start;line-height:125%;letter-spacing:0px;word-spacing:0px;text-anchor:start;fill:#000000;fill-opacity:1;stroke:none;font-family:Arial;-inkscape-font-specification:Arial Bold"
     x="23.117556"
     y="832.61877"
     id="text3251-8-0"
     sodipodi:linespacing="125%"><tspan
       sodipodi:role="line"
       id="tspan3253-0-0"
       x="23.117556"
       y="832.61877">manh</tspan></text>
  <text
     xml:space="preserve"
     style="font-size:25.94385338px;font-style:normal;font-variant:normal;font-weight:bold;font-stretch:normal;text-align:start;line-height:125%;letter-spacing:0px;word-spacing:0px;text-anchor:start;fill:#000000;fill-opacity:1;stroke:none;font-family:Arial;-inkscape-font-specification:Arial Bold"
     x="126.48593"
     y="831.19916"
     id="text3255-5-4"
     sodipodi:linespacing="125%"><tspan
       sodipodi:role="line"
       id="tspan3257-6-6"
       x="126.48593"
       y="831.19916">tarde</tspan></text>
  <text
     xml:space="preserve"
     style="font-size:25.94385338px;font-style:normal;font-variant:normal;font-weight:bold;font-stretch:normal;text-align:start;line-height:125%;letter-spacing:0px;word-spacing:0px;text-anchor:start;fill:#000000;fill-opacity:1;stroke:none;font-family:Arial;-inkscape-font-specification:Arial Bold"
     x="213.6041"
     y="831.71948"
     id="text3259-6-2"
     sodipodi:linespacing="125%"><tspan
       sodipodi:role="line"
       id="tspan3261-4-6"
       x="213.6041"
       y="831.71948">noite</tspan></text>
</svg>
