<?xml version="1.0" standalone="no"?>
<!DOCTYPE svg PUBLIC "-//W3C//DTD SVG 20010904//EN"
 "http://www.w3.org/TR/2001/REC-SVG-20010904/DTD/svg10.dtd">
<svg version="1.0" xmlns="http://www.w3.org/2000/svg"
 width="900.000000pt" height="756.000000pt" viewBox="0 0 900.000000 756.000000"
 preserveAspectRatio="xMidYMid meet">
<metadata>
Created by potrace 1.10, written by Peter Selinger 2001-2011
</metadata>
<g transform="translate(0.000000,756.000000) scale(0.100000,-0.100000)"
fill="#000000" stroke="none">
<path d="M79 7492 c-10 -26 -12 -7323 -3 -7360 l6 -22 4363 0 c3969 0 4363 1
4369 16 9 24 7 7357 -2 7372 -7 10 -882 13 -4366 15 l-4358 2 -9 -23z m8676
-40 c7 -5 10 -1229 10 -3637 0 -2408 -3 -3632 -10 -3637 -15 -11 -8613 -10
-8619 1 -8 12 -8 7260 0 7272 6 11 8604 12 8619 1z"/>
<path d="M6415 7255 c-40 -19 -57 -34 -77 -74 -22 -41 -24 -124 -3 -141 8 -7
15 -19 15 -27 0 -8 13 -22 30 -31 16 -9 30 -20 30 -24 0 -12 118 -9 125 3 4 6
20 0 41 -16 l33 -26 22 22 22 22 -34 29 c-31 26 -33 29 -16 42 12 10 17 28 17
68 0 69 -21 112 -71 143 -43 28 -89 31 -134 10z m114 -89 c27 -29 41 -109 21
-121 -8 -5 -16 -1 -22 9 -5 9 -20 16 -34 16 -23 0 -25 -3 -19 -30 9 -40 -12
-40 -48 1 -28 33 -30 39 -27 79 5 65 85 93 129 46z"/>
<path d="M4083 7188 c-6 -8 -7 -96 -2 -248 4 -129 5 -238 2 -242 -2 -5 -61 -8
-131 -9 -70 0 -152 -5 -182 -9 -30 -5 -86 -14 -124 -19 -37 -6 -73 -15 -80
-19 -6 -5 -31 -12 -56 -16 -25 -4 -58 -11 -75 -16 -126 -37 -176 -53 -180 -60
-3 -4 -22 -11 -42 -15 -21 -4 -61 -18 -89 -31 -28 -13 -56 -24 -61 -24 -6 0
-16 -7 -23 -15 -7 -8 -19 -15 -27 -15 -21 0 -103 -39 -138 -65 -16 -12 -45
-30 -63 -39 -37 -19 -22 -31 -157 118 -44 49 -98 107 -120 130 -22 23 -58 62
-79 87 -35 39 -75 83 -208 227 -44 47 -63 52 -73 21 -7 -22 -9 -20 165 -199
19 -20 80 -85 135 -145 55 -61 134 -145 175 -188 41 -43 75 -84 75 -90 0 -6
-15 -21 -33 -32 -18 -11 -83 -56 -145 -100 -156 -110 -450 -403 -537 -535 -8
-12 -20 -28 -25 -34 -6 -6 -22 -29 -35 -51 -13 -22 -30 -44 -37 -48 -7 -4 -13
-13 -13 -19 0 -6 -7 -19 -15 -28 -29 -32 -195 -354 -195 -378 0 -7 -4 -20 -10
-30 -20 -36 -50 -112 -50 -126 0 -8 -4 -17 -9 -20 -5 -3 -12 -27 -16 -53 -4
-27 -11 -53 -15 -58 -9 -10 -15 -31 -40 -135 -26 -109 -30 -135 -36 -217 -4
-49 -11 -96 -16 -106 -5 -9 -11 -72 -13 -140 l-3 -122 -551 -3 -551 -2 0 -30
0 -30 193 1 c105 0 352 4 547 8 195 4 357 6 359 4 3 -2 6 -52 8 -112 1 -60 7
-119 12 -133 5 -13 12 -57 16 -98 l7 -75 -51 -33 c-41 -26 -357 -257 -396
-289 -5 -5 -32 -25 -60 -46 -27 -20 -56 -42 -63 -48 -7 -5 -38 -28 -70 -49
-31 -21 -66 -46 -77 -56 -11 -11 -43 -34 -70 -53 -28 -19 -57 -41 -65 -48 -8
-7 -48 -37 -87 -65 -76 -53 -87 -72 -52 -83 20 -7 69 20 115 64 11 10 44 35
74 56 30 21 57 41 60 45 3 4 30 24 60 45 30 21 57 41 60 44 3 3 28 21 55 40
28 19 57 40 65 48 8 7 74 56 145 108 72 52 135 98 140 102 6 5 33 25 60 46 78
58 98 74 122 96 39 37 51 28 58 -44 4 -36 11 -68 16 -71 5 -3 9 -15 9 -27 0
-12 6 -34 14 -48 7 -14 16 -47 20 -72 4 -26 11 -49 17 -52 5 -4 9 -15 9 -27 0
-11 6 -32 13 -46 8 -15 21 -42 30 -60 9 -19 17 -39 17 -45 0 -33 145 -300 240
-442 127 -190 336 -419 500 -550 41 -33 80 -64 86 -70 6 -5 22 -17 34 -25 12
-8 42 -30 66 -47 23 -18 46 -33 49 -33 4 0 26 -13 49 -29 24 -15 61 -36 84
-46 23 -11 42 -24 42 -31 0 -7 -24 -28 -52 -47 -46 -31 -375 -272 -403 -295
-18 -15 -303 -227 -325 -242 -12 -8 -28 -20 -34 -26 -6 -6 -36 -28 -66 -49
-30 -21 -69 -50 -87 -64 -18 -14 -64 -48 -103 -76 -38 -27 -70 -56 -70 -62 0
-21 49 -27 68 -9 25 23 121 97 168 129 22 15 49 35 60 45 10 10 35 27 54 39
19 12 47 34 62 48 15 14 30 25 32 25 5 0 329 239 391 288 6 4 33 24 60 45 28
20 55 41 61 46 6 5 35 26 65 47 30 21 56 41 59 44 28 29 103 80 118 80 11 0
58 -20 104 -44 47 -24 116 -54 154 -66 38 -12 83 -28 99 -35 63 -27 81 -34
125 -45 25 -6 61 -15 80 -20 19 -5 49 -10 67 -10 17 0 33 -4 35 -9 3 -9 45
-17 208 -41 36 -6 124 -11 196 -13 72 -2 135 -7 140 -10 6 -3 11 -106 12 -248
1 -249 6 -275 41 -246 11 10 13 54 10 257 l-4 245 175 6 c96 3 191 11 210 17
19 6 60 15 90 22 184 37 270 58 285 69 5 5 21 11 35 14 33 7 180 61 205 75 11
6 43 21 70 32 28 11 57 25 66 30 156 86 205 114 209 120 3 4 23 17 45 29 40
21 123 78 160 109 11 10 47 38 80 63 96 74 348 331 379 387 10 18 13 22 49 66
l23 28 49 -58 c28 -32 68 -76 90 -99 22 -23 58 -61 79 -86 48 -54 124 -136
285 -307 68 -73 138 -150 155 -172 20 -26 38 -40 53 -40 44 0 37 27 -24 88
-32 32 -76 78 -97 103 -53 60 -224 246 -261 284 -16 17 -75 80 -130 140 -55
60 -117 125 -137 144 -36 33 -47 55 -30 63 12 5 72 85 72 96 0 5 10 22 22 37
29 38 100 170 148 280 5 11 12 31 16 45 4 14 20 41 35 61 16 20 29 46 29 57 0
11 5 22 12 24 7 3 13 30 14 69 1 35 9 78 18 94 9 17 16 38 16 48 0 10 4 26 10
36 5 10 14 49 19 87 27 195 33 233 42 279 6 28 11 101 12 163 l2 113 645 3
645 3 0 29 0 29 -345 -4 c-190 -2 -478 -7 -640 -10 -192 -4 -298 -3 -302 4 -4
6 -8 49 -8 97 0 48 -4 107 -10 130 -5 24 -13 70 -19 103 -5 33 -13 72 -16 87
-6 23 -2 30 36 55 24 15 49 32 56 38 7 5 96 71 198 145 193 141 660 485 706
520 15 11 42 31 60 43 41 27 45 60 10 65 -14 2 -30 -2 -35 -10 -6 -8 -78 -65
-161 -126 -82 -61 -154 -115 -160 -119 -25 -20 -65 -49 -85 -63 -12 -8 -34
-25 -48 -38 -15 -12 -65 -48 -112 -80 -47 -31 -94 -65 -104 -74 -11 -10 -38
-30 -60 -45 -23 -16 -50 -36 -60 -45 -11 -10 -38 -30 -60 -45 -23 -15 -43 -30
-46 -33 -15 -17 -130 -100 -138 -100 -5 0 -12 15 -15 33 -12 71 -28 132 -37
141 -6 6 -10 18 -10 28 0 25 -58 198 -76 225 -8 12 -14 27 -14 34 0 35 -175
371 -232 444 -4 6 -42 57 -85 115 -42 58 -86 116 -98 130 -13 14 -42 47 -66
74 -65 74 -193 194 -315 296 -77 64 -276 196 -336 222 -27 11 -48 26 -48 32 0
6 28 30 63 53 34 23 71 48 82 57 61 48 357 266 397 292 26 18 53 37 60 43 7 6
29 25 48 41 19 16 38 30 41 30 3 0 15 8 27 18 11 9 30 24 42 32 20 14 52 37
88 65 36 27 53 47 49 58 -6 19 -41 14 -73 -10 -16 -13 -96 -72 -179 -133 -82
-60 -156 -115 -164 -121 -7 -7 -61 -47 -120 -90 -58 -43 -111 -82 -116 -87 -6
-5 -35 -26 -65 -47 -30 -21 -57 -41 -60 -44 -3 -3 -23 -18 -45 -33 -22 -15
-58 -43 -79 -63 -22 -19 -44 -35 -50 -35 -6 0 -54 21 -106 46 -52 26 -102 50
-110 54 -9 4 -31 11 -50 15 -19 4 -44 14 -55 21 -11 8 -29 14 -40 14 -12 0
-25 4 -31 10 -5 5 -32 15 -59 21 -28 5 -75 16 -105 22 -30 7 -60 16 -67 20 -7
4 -43 12 -80 18 -37 5 -93 14 -123 19 -30 4 -119 9 -197 9 -107 1 -143 4 -144
14 0 6 -1 120 -2 252 -2 235 -2 240 -23 243 -11 2 -25 -3 -31 -10z m2 -653 c0
-60 2 -314 4 -563 3 -433 2 -454 -15 -468 -11 -8 -76 -56 -146 -107 -69 -52
-134 -101 -143 -110 -23 -24 -28 -22 -68 26 -19 23 -63 71 -97 107 -58 61
-183 198 -221 242 -19 21 -195 212 -244 264 -16 18 -70 77 -120 131 -49 54
-118 126 -152 161 -35 34 -63 68 -63 75 1 11 54 40 180 97 25 11 52 25 60 29
14 8 32 15 143 57 23 9 56 22 72 30 17 8 46 17 65 20 19 4 40 10 45 14 6 4 30
10 54 14 24 4 49 10 55 14 37 24 455 82 561 78 l30 -1 0 -110z m325 95 c30 -5
91 -12 135 -16 44 -3 85 -10 90 -14 6 -5 33 -13 60 -18 85 -17 248 -62 280
-76 42 -19 72 -31 130 -51 28 -10 59 -23 70 -30 11 -6 33 -15 48 -19 32 -8 34
-32 2 -50 -15 -9 -431 -312 -470 -344 -25 -20 -133 -100 -155 -115 -14 -9 -45
-33 -70 -52 -25 -19 -63 -47 -85 -61 -22 -15 -47 -33 -55 -41 -8 -7 -46 -37
-85 -65 -38 -29 -75 -57 -81 -63 -23 -21 -67 -50 -76 -50 -6 0 -14 982 -8
1077 0 9 194 1 270 -12z m983 -316 c28 -19 55 -34 60 -34 5 0 14 -6 21 -12 15
-14 25 -22 111 -77 109 -72 238 -182 378 -323 75 -76 137 -142 137 -147 0 -4
12 -21 26 -37 73 -83 180 -246 245 -371 23 -46 46 -83 51 -83 4 0 8 -5 8 -11
0 -6 7 -27 16 -47 8 -21 21 -50 28 -67 7 -16 20 -46 29 -65 20 -41 57 -157 57
-176 0 -8 4 -14 9 -14 5 0 12 -20 15 -45 4 -24 11 -47 16 -50 4 -3 11 -29 15
-58 4 -28 13 -64 21 -78 12 -23 11 -29 -7 -48 -11 -11 -23 -21 -27 -21 -4 0
-18 -10 -32 -22 -14 -13 -51 -40 -83 -62 -31 -21 -57 -42 -57 -47 0 -5 -6 -9
-13 -9 -8 0 -27 -11 -43 -25 -16 -14 -47 -38 -69 -53 -22 -15 -42 -29 -45 -32
-3 -4 -59 -47 -126 -98 l-120 -92 -591 -5 -591 -4 -35 42 c-19 23 -56 65 -82
92 -26 28 -79 86 -118 130 -105 115 -173 188 -429 457 l-28 29 0 322 c0 297 1
324 18 337 10 8 56 41 103 72 46 32 94 66 104 75 11 10 38 30 60 44 22 14 51
36 65 47 14 12 111 85 215 162 105 76 195 143 200 148 6 5 35 26 65 47 30 21
59 42 65 47 48 40 59 48 64 48 3 0 18 11 31 23 14 13 49 40 78 61 29 20 62 46
73 57 24 24 40 20 112 -27z m-2563 -109 c39 -46 181 -202 240 -265 14 -14 70
-75 125 -135 55 -60 107 -116 115 -125 186 -201 249 -269 318 -341 45 -47 82
-91 82 -97 0 -6 -19 -24 -42 -39 -44 -29 -59 -40 -81 -59 -7 -6 -37 -28 -67
-49 -30 -21 -61 -45 -69 -53 -8 -7 -30 -24 -50 -37 -33 -20 -480 -351 -508
-375 -7 -6 -34 -24 -60 -42 -27 -17 -52 -36 -58 -43 -5 -6 -35 -29 -65 -50
-30 -21 -60 -43 -66 -49 -6 -6 -22 -18 -34 -26 -43 -28 -311 -229 -326 -245
-8 -8 -18 -15 -22 -15 -4 0 -25 -16 -47 -36 -22 -20 -49 -39 -60 -43 -21 -8
-621 -9 -628 -1 -3 3 -1 37 4 75 45 380 73 538 105 612 8 17 14 40 14 51 0 12
4 23 9 26 4 3 11 23 15 44 3 22 13 52 21 68 8 16 15 34 15 39 0 6 14 37 30 70
16 33 30 65 30 71 0 10 17 45 68 139 86 159 209 341 290 432 10 10 30 34 46
53 106 131 330 331 476 427 30 20 68 47 83 60 34 27 40 25 97 -42z m1261
-1020 c0 -143 0 -264 0 -270 -1 -5 -15 6 -32 25 -17 19 -61 69 -98 110 -36 41
-87 94 -113 119 -53 49 -60 74 -25 92 32 17 153 106 222 163 17 14 34 24 38
23 4 -1 8 -119 8 -262z m-304 -17 c15 -17 48 -54 73 -81 49 -55 84 -92 174
-187 l59 -61 0 -348 1 -348 -35 -31 -35 -31 -75 11 c-42 6 -117 7 -174 3 -119
-8 -246 -10 -978 -14 -306 -2 -560 -1 -563 2 -4 4 4 11 17 16 13 5 34 19 46
30 12 12 26 21 31 21 5 0 22 11 38 25 16 14 47 38 69 53 33 22 105 77 162 122
6 5 38 28 71 50 32 22 68 48 78 58 10 9 45 35 77 56 31 22 57 43 57 48 0 4 5
8 10 8 11 0 332 236 412 302 18 15 36 28 40 28 4 0 40 27 81 60 41 33 79 60
84 60 5 0 20 12 34 26 13 14 36 32 50 40 15 7 53 36 85 64 33 27 64 50 71 50
6 0 24 -14 40 -32z m474 -515 c63 -70 128 -141 144 -158 17 -17 82 -87 145
-156 63 -68 136 -145 162 -172 26 -26 48 -51 48 -57 0 -5 -109 -10 -272 -12
-273 -3 -273 -3 -310 21 l-38 24 0 318 c0 176 2 319 4 319 2 0 55 -57 117
-127z m2389 -148 c7 -8 19 -81 27 -162 8 -82 17 -167 20 -190 l5 -41 -299 -4
c-164 -2 -302 -1 -306 3 -5 3 13 20 40 37 26 16 57 37 68 46 11 8 79 58 150
110 72 53 135 99 140 103 6 5 36 29 68 53 31 25 57 48 57 52 0 13 17 9 30 -7z
m-716 -444 c3 -4 -27 -31 -67 -59 -40 -29 -77 -56 -84 -62 -7 -6 -27 -20 -45
-33 -97 -66 -238 -172 -238 -179 0 -4 -5 -8 -11 -8 -10 0 -122 -84 -157 -117
-16 -15 -28 -9 -58 27 -47 54 -69 79 -182 199 -64 69 -134 140 -154 160 -38
34 -49 61 -25 61 250 0 952 12 955 15 9 8 60 6 66 -4z m767 -3 c3 -4 1 -38 -3
-75 -5 -38 -15 -124 -23 -193 -20 -176 -64 -412 -84 -449 -8 -14 -10 -36 -7
-55 7 -32 -17 -93 -41 -109 -6 -4 -14 -22 -18 -40 -6 -30 -32 -89 -95 -217
-48 -95 -95 -185 -101 -190 -8 -8 -65 -103 -72 -122 -8 -23 -35 -13 -62 21
-19 25 -76 88 -140 156 -16 18 -68 74 -115 126 -47 51 -98 107 -115 124 -16
17 -75 81 -130 141 -138 151 -219 238 -291 311 -57 57 -60 63 -45 78 14 13
143 108 211 155 12 8 31 23 42 33 12 9 24 17 27 17 3 0 21 14 40 30 18 17 37
30 40 30 3 0 17 10 31 23 14 12 43 34 65 49 22 15 52 38 67 50 15 13 40 33 55
45 15 12 38 30 49 41 12 11 32 22 45 24 48 6 664 3 670 -4z m-1849 -37 c5 -16
216 -247 345 -379 45 -46 70 -78 66 -87 -3 -8 -9 -15 -13 -15 -6 0 -127 -84
-155 -108 -6 -5 -35 -26 -65 -47 -30 -21 -60 -43 -67 -49 -21 -19 -37 -31 -73
-56 -19 -13 -40 -29 -46 -35 -6 -5 -22 -17 -34 -25 -21 -14 -63 -45 -85 -63
-5 -4 -77 -57 -160 -117 -181 -132 -176 -129 -298 -224 -60 -46 -99 -71 -102
-64 -2 7 -6 236 -10 508 -3 272 -8 542 -11 599 l-5 104 37 38 38 39 246 1
c135 0 265 4 290 8 45 7 94 -6 102 -28z m-784 -16 l33 -35 -3 -97 c-1 -54 -1
-341 1 -638 l4 -540 -80 -60 c-45 -33 -91 -67 -103 -75 -12 -8 -28 -19 -34
-25 -6 -5 -27 -21 -46 -35 -19 -13 -39 -28 -45 -32 -5 -4 -77 -57 -160 -118
-82 -60 -156 -115 -164 -121 -15 -14 -208 -156 -241 -179 -13 -8 -28 -19 -34
-25 -6 -5 -27 -21 -46 -35 -19 -13 -39 -28 -45 -32 -5 -4 -29 -23 -52 -40 -23
-18 -58 -46 -79 -63 -71 -58 -80 -61 -111 -43 -16 9 -44 24 -63 35 -19 10 -37
20 -40 23 -15 15 -71 50 -80 50 -5 0 -10 5 -10 10 0 6 -5 10 -10 10 -15 0
-214 153 -279 214 -61 58 -199 199 -230 236 -63 75 -134 168 -143 188 -6 12
-15 22 -20 22 -4 0 -8 7 -8 15 0 9 -7 18 -15 21 -8 4 -15 12 -15 19 0 6 -12
30 -27 52 -40 57 -49 72 -79 133 -15 30 -38 72 -50 92 -13 21 -24 43 -24 50 0
7 -14 40 -30 73 -16 33 -30 64 -30 68 0 5 -6 23 -14 40 -8 18 -24 66 -36 107
-12 41 -26 79 -31 85 -5 5 -9 19 -9 32 0 12 -6 42 -14 65 -8 24 -18 66 -22 95
l-6 52 53 36 c71 47 154 107 182 131 12 11 45 35 72 53 28 19 55 39 60 45 6 7
26 22 45 33 19 12 46 32 60 45 14 13 46 38 72 55 l46 33 764 3 c419 1 840 3
933 5 l171 2 32 -35z m-1994 13 c-3 -4 -29 -24 -57 -42 -55 -36 -162 -111
-181 -127 -6 -5 -33 -26 -61 -46 -61 -45 -56 -41 -134 -103 -35 -27 -67 -50
-71 -50 -4 0 -12 53 -18 118 -7 64 -16 142 -20 172 -13 92 -36 85 273 86 151
0 272 -3 269 -8z m3256 -516 c8 -9 28 -33 44 -52 31 -38 197 -219 261 -285 22
-23 85 -91 140 -151 55 -60 114 -123 130 -141 17 -17 68 -73 115 -124 47 -51
106 -114 133 -139 26 -26 47 -55 47 -66 0 -35 -219 -281 -366 -410 -37 -32
-75 -66 -84 -74 -8 -8 -34 -27 -56 -43 -22 -15 -50 -36 -62 -47 -12 -11 -24
-20 -26 -20 -3 0 -35 -20 -72 -45 -36 -25 -68 -45 -71 -45 -3 0 -39 -20 -80
-45 -40 -25 -76 -45 -80 -45 -3 0 -43 -18 -89 -40 -46 -22 -114 -51 -151 -65
-38 -14 -77 -29 -88 -35 -30 -14 -147 -45 -265 -70 -25 -6 -54 -14 -65 -19
-28 -13 -271 -40 -385 -43 l-95 -3 -3 592 -2 592 22 16 c24 15 355 258 373
272 25 20 65 49 85 63 12 8 28 20 34 25 6 6 27 21 46 35 19 13 40 28 45 32 6
5 114 85 240 179 127 94 241 182 255 195 29 29 50 30 70 6z m-1225 -1397 c2
-286 5 -540 7 -565 l3 -45 -120 4 c-158 4 -458 47 -506 71 -9 5 -34 12 -55 15
-49 9 -129 33 -171 51 -17 8 -38 14 -46 14 -9 0 -18 4 -22 9 -3 5 -20 13 -37
17 -18 3 -39 10 -48 14 -57 30 -102 50 -113 50 -7 0 -23 9 -36 19 l-23 18 38
24 c22 13 44 28 50 34 6 5 22 17 34 25 20 13 54 39 85 62 36 29 497 368 525
388 19 13 37 27 40 30 3 4 30 24 60 45 30 21 57 41 60 44 3 3 23 18 45 33 22
15 52 38 67 50 14 13 36 30 49 38 12 8 39 29 58 47 20 18 39 31 44 30 4 -1 9
-236 12 -522z"/>
<path d="M7920 5593 c-5 -77 1 -298 8 -305 5 -5 22 -8 38 -6 28 3 29 5 29 58
0 43 4 55 17 58 20 4 68 -46 68 -71 0 -21 57 -58 85 -55 26 4 35 58 10 58 -8
0 -20 11 -25 25 -5 14 -17 28 -25 31 -19 8 -20 34 -1 34 18 0 56 64 56 94 0
12 -13 37 -28 54 -29 32 -29 32 -130 32 -56 0 -102 -3 -102 -7z m180 -73 c19
-35 -3 -60 -55 -60 -35 0 -45 4 -50 20 -13 41 3 60 50 60 34 0 47 -5 55 -20z"/>
<path d="M8145 4222 c-10 -11 -5 -62 8 -63 6 -1 28 -2 47 -3 l35 -1 0 -120 0
-120 35 0 35 0 0 120 0 120 37 0 c44 0 61 14 56 46 -3 24 -5 24 -125 25 -68 1
-125 -1 -128 -4z"/>
<path d="M7066 1671 c-9 -14 5 -69 20 -82 8 -6 14 -24 14 -39 0 -16 7 -30 15
-34 9 -3 15 -18 15 -35 0 -16 5 -33 10 -36 6 -3 10 -19 10 -34 0 -35 17 -51
55 -51 38 0 55 16 55 51 0 15 5 31 10 34 6 3 10 20 10 36 0 17 6 32 15 35 8 4
15 18 15 32 0 14 6 33 14 41 8 9 17 33 21 54 l7 37 -36 0 c-42 0 -60 -26 -71
-103 -4 -26 -11 -50 -16 -53 -5 -3 -9 -18 -9 -35 0 -19 -5 -29 -15 -29 -10 0
-15 10 -15 29 0 17 -4 32 -9 35 -5 4 -12 30 -16 58 -10 69 -29 98 -66 98 -15
0 -30 -4 -33 -9z"/>
<path d="M3957 833 c-4 -3 -7 -57 -7 -118 0 -86 3 -115 14 -125 8 -6 16 -21
18 -33 3 -24 31 -34 92 -36 108 -3 136 39 136 202 0 105 0 107 -25 113 -51 13
-55 4 -55 -114 0 -117 -6 -132 -51 -132 -45 0 -57 31 -49 135 4 52 3 95 -3
103 -10 13 -59 17 -70 5z"/>
</g>
</svg>
