<?xml version="1.0" encoding="UTF-8" standalone="no"?>
<svg
   xmlns:dc="http://purl.org/dc/elements/1.1/"
   xmlns:cc="http://creativecommons.org/ns#"
   xmlns:rdf="http://www.w3.org/1999/02/22-rdf-syntax-ns#"
   xmlns:svg="http://www.w3.org/2000/svg"
   xmlns="http://www.w3.org/2000/svg"
   xmlns:sodipodi="http://sodipodi.sourceforge.net/DTD/sodipodi-0.dtd"
   xmlns:inkscape="http://www.inkscape.org/namespaces/inkscape"
   version="1.0"
   width="900.000000pt"
   height="636.000000pt"
   viewBox="0 0 900.000000 636.000000"
   preserveAspectRatio="xMidYMid meet"
   id="svg2"
   inkscape:version="0.48.4 r9939"
   sodipodi:docname="9.svg">
  <defs
     id="defs70" />
  <sodipodi:namedview
     pagecolor="#ffffff"
     bordercolor="#666666"
     borderopacity="1"
     objecttolerance="10"
     gridtolerance="10"
     guidetolerance="10"
     inkscape:pageopacity="0"
     inkscape:pageshadow="2"
     inkscape:window-width="1600"
     inkscape:window-height="824"
     id="namedview68"
     showgrid="false"
     inkscape:zoom="0.59371069"
     inkscape:cx="461.93916"
     inkscape:cy="310.94857"
     inkscape:window-x="0"
     inkscape:window-y="24"
     inkscape:window-maximized="1"
     inkscape:current-layer="svg2" />
  <metadata
     id="metadata4">
Created by potrace 1.10, written by Peter Selinger 2001-2011
<rdf:RDF>
  <cc:Work
     rdf:about="">
    <dc:format>image/svg+xml</dc:format>
    <dc:type
       rdf:resource="http://purl.org/dc/dcmitype/StillImage" />
  </cc:Work>
</rdf:RDF>
</metadata>
  <g
     transform="translate(0.000000,636.000000) scale(0.100000,-0.100000)"
     fill="#000000"
     stroke="none"
     id="g6">
    <path
       d="M3180 5931 c0 -11 16 -33 36 -48 20 -15 62 -50 93 -76 l56 -49 12 31 c15 35 25 38 44 15 7 -9 22 -20 34 -25 11 -5 27 -13 35 -18 21 -12 148 -71 155 -71 2 0 42 -17 87 -39 46 -21 153 -69 238 -106 85 -37 184 -81 220 -97 110 -50 154 -70 185 -84 95 -41 261 -118 358 -166 31 -15 64 -28 72 -28 8 0 15 -4 15 -10 0 -5 5 -10 11 -10 7 0 33 -10 58 -22 25 -11 73 -34 106 -49 33 -15 90 -41 126 -58 36 -17 71 -31 77 -31 7 0 12 -4 12 -10 0 -5 5 -10 11 -10 7 0 30 -9 53 -19 59 -28 164 -75 211 -95 22 -10 67 -30 100 -46 33 -16 85 -40 115 -53 30 -14 84 -39 120 -55 98 -45 174 -79 238 -106 31 -13 91 -40 132 -59 41 -19 109 -49 150 -67 41 -18 112 -50 158 -71 45 -22 85 -39 87 -39 3 0 35 -14 72 -31 38 -17 93 -42 123 -56 30 -14 72 -33 93 -44 21 -10 44 -19 52 -19 8 0 15 -4 15 -10 0 -5 5 -10 11 -10 12 0 31 -8 194 -86 50 -23 120 -56 158 -73 37 -17 95 -44 130 -60 34 -16 82 -38 107 -49 25 -11 79 -36 120 -55 79 -37 152 -70 248 -113 82 -36 87 -38 195 -89 54 -25 100 -45 102 -45 2 0 46 -20 99 -45 53 -25 98 -45 100 -45 2 0 30 -12 62 -27 33 -15 75 -32 94 -38 23 -7 36 -18 40 -34 4 -20 19 -27 119 -52 63 -15 117 -26 122 -24 17 11 -7 46 -50 72 -25 14 -64 39 -85 55 -30 21 -47 27 -67 23 -19 -4 -44 3 -85 24 -33 16 -85 41 -116 55 -32 14 -84 38 -115 52 -32 15 -80 37 -108 49 -27 13 -85 39 -128 59 -44 20 -80 36 -82 36 -2 0 -43 18 -90 40 -47 22 -88 40 -91 40 -2 0 -32 13 -66 29 -168 77 -220 101 -223 101 -2 0 -57 24 -122 54 -65 29 -140 63 -168 75 -27 12 -63 28 -80 36 -16 8 -59 27 -95 43 -145 66 -206 94 -232 108 -14 8 -33 14 -42 14 -9 0 -16 5 -16 10 0 6 -5 10 -11 10 -7 0 -30 9 -53 19 -186 87 -245 115 -271 126 -16 8 -75 35 -130 60 -55 26 -109 50 -120 55 -30 12 -249 112 -352 161 -35 16 -65 29 -68 29 -3 0 -35 14 -72 31 -102 47 -158 72 -272 123 -154 70 -179 81 -264 120 -44 20 -81 36 -83 36 -2 0 -34 14 -71 31 -100 45 -122 55 -188 84 -112 50 -303 138 -485 223 -47 22 -107 50 -135 62 -27 12 -86 39 -130 60 -44 21 -102 48 -130 60 -27 12 -79 36 -115 52 -120 56 -165 76 -200 91 -19 9 -66 29 -103 46 -38 17 -77 31 -87 31 -10 0 -28 15 -40 35 -12 19 -29 35 -39 35 -9 0 -41 6 -71 14 -114 28 -110 28 -110 7z"
       id="path8" />
    <path
       d="M2615 5870 c-26 -22 -60 -47 -77 -56 -27 -14 -29 -19 -24 -48 5 -24 2 -37 -10 -47 -10 -8 -62 -68 -118 -134 -89 -106 -128 -152 -161 -189 -5 -6 -28 -34 -50 -61 -22 -28 -45 -54 -51 -60 -6 -5 -67 -75 -135 -155 -67 -80 -128 -150 -133 -156 -6 -6 -65 -75 -131 -154 -66 -79 -149 -178 -185 -220 -36 -42 -83 -98 -105 -125 -22 -26 -56 -67 -75 -90 -19 -23 -51 -61 -72 -86 -58 -71 -98 -118 -178 -210 -41 -47 -108 -124 -147 -170 -40 -46 -86 -100 -103 -119 -17 -19 -61 -72 -98 -117 -59 -73 -71 -83 -99 -83 -27 0 -34 -5 -39 -27 -4 -16 -24 -55 -46 -89 -21 -34 -38 -69 -38 -78 0 -27 35 -18 81 22 24 21 61 48 82 61 32 19 37 28 37 58 0 27 7 43 28 62 28 27 65 69 142 161 25 29 61 72 80 95 19 23 53 63 75 90 22 27 45 53 50 59 6 6 28 33 50 61 22 27 47 56 55 65 30 32 119 136 141 165 13 17 29 35 35 40 9 9 223 257 279 324 11 13 38 45 60 71 22 26 49 58 60 71 11 13 100 121 199 239 152 183 248 297 291 344 6 7 35 41 65 76 30 36 62 72 70 80 24 26 93 111 115 141 14 20 29 29 50 29 28 1 33 8 73 88 23 49 42 94 42 100 0 24 -40 11 -85 -28z"
       id="path10" />
    <path
       d="M3058 5607 c-51 -59 -213 -252 -237 -282 -12 -16 -39 -48 -59 -70 -20 -22 -63 -71 -94 -110 -31 -38 -68 -83 -83 -100 -15 -16 -43 -50 -63 -75 -35 -42 -78 -91 -149 -170 -17 -19 -42 -48 -54 -65 -13 -16 -39 -48 -58 -71 -20 -22 -47 -53 -60 -70 -32 -39 -121 -143 -144 -168 -9 -11 -27 -35 -40 -53 -12 -18 -30 -33 -41 -33 -10 0 -39 23 -65 50 -34 36 -55 50 -74 50 -36 0 -36 -30 -1 -56 14 -10 35 -27 46 -36 12 -10 25 -18 29 -18 4 0 15 -7 24 -16 14 -15 13 -20 -22 -58 -55 -61 -139 -159 -192 -223 -25 -31 -64 -77 -87 -102 -22 -25 -59 -69 -81 -98 -22 -28 -65 -80 -96 -115 -30 -34 -99 -115 -152 -178 -141 -168 -145 -172 -179 -210 -17 -20 -49 -58 -71 -85 -22 -27 -61 -72 -87 -99 -27 -27 -48 -55 -48 -62 0 -7 28 -41 63 -76 34 -35 80 -86 102 -113 22 -27 45 -53 50 -59 6 -6 36 -43 68 -81 114 -137 135 -161 248 -294 63 -73 125 -148 139 -166 22 -27 87 -103 155 -179 11 -13 38 -45 60 -71 22 -27 61 -72 88 -99 43 -47 63 -96 37 -96 -20 0 -109 -65 -119 -87 -12 -25 -6 -33 25 -33 16 0 42 19 76 55 28 30 57 55 62 55 10 0 36 -29 136 -153 23 -27 131 -155 184 -217 12 -14 66 -77 120 -140 55 -63 102 -117 105 -120 4 -3 25 -27 46 -55 22 -27 42 -52 45 -55 3 -3 35 -40 70 -84 85 -103 186 -225 214 -256 132 -152 159 -185 172 -215 7 -19 11 -41 8 -50 -4 -8 -1 -22 6 -30 19 -22 40 0 38 39 -2 45 6 55 71 83 88 38 141 62 211 95 36 16 79 35 95 42 17 7 59 27 95 43 80 37 195 90 235 108 17 7 60 27 98 44 37 17 97 45 135 62 37 17 83 38 102 47 19 8 42 19 50 24 8 4 22 11 30 14 31 12 86 37 280 127 36 16 79 36 95 43 17 7 59 26 95 43 55 25 147 66 225 101 11 5 55 25 98 44 42 20 79 36 81 36 3 0 57 25 121 56 86 41 119 53 125 44 4 -7 5 -40 3 -75 -6 -70 7 -90 37 -59 17 18 17 23 3 77 l-15 59 28 29 c22 23 36 29 59 27 24 -2 29 -7 27 -23 -24 -138 -25 -154 -13 -169 16 -19 37 -21 48 -3 10 16 5 124 -8 165 -10 29 -8 37 12 58 12 13 27 24 32 24 5 0 23 6 40 14 18 8 55 24 82 36 55 25 127 57 225 102 36 16 81 36 100 45 19 8 42 19 50 24 8 5 22 12 30 15 20 8 61 26 145 64 39 18 86 39 105 48 19 8 42 19 50 24 8 4 22 11 30 14 42 17 187 83 273 126 31 15 63 28 71 28 7 0 19 7 26 15 7 8 19 15 28 15 8 0 58 21 111 46 53 25 105 50 116 54 11 5 49 22 85 38 36 16 88 40 115 52 28 12 99 45 158 72 60 27 166 74 235 104 70 30 145 64 167 74 22 10 58 26 80 35 22 10 78 35 125 57 47 22 99 45 115 52 59 25 110 48 125 57 8 5 22 12 30 15 8 4 40 18 70 31 30 14 75 34 100 45 25 11 52 24 60 29 8 5 22 12 30 15 8 3 28 12 43 20 16 7 39 14 52 14 71 0 102 53 39 65 -20 3 -44 10 -53 14 -9 5 -34 16 -56 26 -22 9 -47 21 -55 26 -8 5 -22 12 -30 15 -27 10 -85 36 -100 45 -8 5 -22 12 -30 15 -27 10 -85 36 -100 45 -8 5 -22 12 -30 15 -34 12 -203 89 -242 110 -14 8 -33 14 -41 14 -8 0 -20 7 -27 15 -7 8 -23 15 -35 15 -12 0 -28 7 -35 15 -7 8 -18 15 -25 15 -8 0 -26 7 -42 15 -15 8 -57 27 -93 43 -36 17 -92 42 -125 57 -33 15 -73 33 -90 40 -16 8 -57 26 -90 40 -33 15 -100 45 -150 67 -49 22 -103 46 -120 53 -16 7 -55 25 -85 38 -97 44 -174 78 -207 93 -17 8 -36 14 -42 14 -6 0 -11 5 -11 10 0 6 -7 10 -16 10 -9 0 -28 7 -42 15 -15 8 -49 24 -77 35 -27 12 -79 35 -115 52 -157 72 -300 137 -340 155 -19 8 -42 19 -50 24 -8 5 -22 12 -30 15 -27 10 -85 36 -100 45 -8 5 -22 12 -30 15 -8 3 -28 12 -43 20 -16 7 -34 14 -42 14 -7 0 -18 7 -25 15 -7 8 -23 15 -35 15 -12 0 -28 7 -35 15 -7 8 -17 15 -24 15 -10 0 -97 39 -169 76 -16 8 -35 14 -42 14 -8 0 -17 9 -20 21 -5 16 -13 20 -33 16 -31 -6 -96 24 -106 48 -3 9 0 36 6 61 13 48 4 79 -23 79 -11 0 -14 -16 -14 -65 0 -51 -3 -65 -16 -68 -9 -1 -22 4 -29 13 -7 8 -18 15 -25 15 -6 0 -34 11 -60 25 -26 14 -74 37 -106 50 -32 14 -82 36 -111 49 -29 13 -96 43 -148 66 -52 23 -120 53 -150 67 -30 13 -64 29 -75 33 -11 5 -51 23 -90 41 -38 17 -86 38 -105 46 -19 9 -64 29 -100 45 -36 16 -78 35 -95 43 -16 7 -61 28 -100 45 -38 18 -99 46 -135 62 -36 16 -78 35 -93 43 -16 8 -34 15 -42 15 -7 0 -18 7 -25 15 -7 8 -20 15 -30 15 -10 0 -23 7 -30 15 -7 8 -20 15 -29 15 -13 0 -134 54 -234 106 -16 7 -34 14 -42 14 -7 0 -18 7 -25 15 -7 8 -23 15 -35 15 -12 0 -28 7 -35 15 -7 8 -18 15 -25 15 -12 0 -52 18 -95 42 -8 4 -22 11 -30 14 -8 3 -28 12 -43 20 -16 7 -34 14 -42 14 -7 0 -18 6 -24 14 -24 29 -53 27 -83 -7z m20 -404 l-3 -328 -37 2 c-21 1 -70 14 -110 28 -40 14 -89 30 -108 34 -45 11 -86 33 -130 69 l-34 29 99 117 c55 64 114 134 132 156 18 23 56 70 85 105 29 35 61 75 71 89 10 14 22 26 28 26 6 0 8 -121 7 -327z m119 307 c14 -11 31 -20 38 -20 7 0 46 -15 86 -34 41 -18 103 -46 139 -61 36 -15 92 -40 126 -56 33 -16 65 -29 71 -29 16 0 73 -31 73 -39 0 -20 -87 -139 -138 -188 -53 -52 -133 -113 -147 -113 -3 0 -33 -13 -66 -30 -89 -44 -211 -75 -239 -60 -18 10 -21 18 -16 42 3 17 6 160 6 319 0 287 0 289 21 289 11 0 32 -9 46 -20z m653 -285 c22 -14 42 -25 46 -25 3 0 43 -17 87 -39 45 -21 105 -49 132 -61 80 -36 175 -79 242 -111 35 -16 65 -29 68 -29 3 0 63 -27 133 -60 132 -63 176 -84 202 -94 8 -3 22 -10 30 -15 18 -10 130 -63 180 -84 80 -35 138 -61 195 -87 33 -15 82 -35 109 -44 90 -30 86 -25 86 -136 0 -101 5 -116 30 -100 11 7 15 30 15 87 0 77 0 78 27 81 41 5 61 -33 56 -105 -3 -57 -2 -58 25 -61 27 -3 27 -2 27 52 0 67 5 68 86 25 32 -17 119 -58 193 -90 131 -57 163 -71 234 -103 17 -8 50 -22 72 -32 56 -24 159 -70 230 -104 92 -43 185 -85 235 -105 25 -10 52 -25 61 -32 8 -7 21 -13 28 -13 7 0 25 -6 39 -14 15 -8 61 -30 102 -49 41 -19 116 -54 165 -76 111 -52 146 -67 165 -75 8 -3 22 -10 30 -15 21 -12 148 -71 155 -71 2 0 40 -16 82 -36 43 -20 103 -47 133 -60 30 -14 82 -37 115 -53 33 -15 90 -42 127 -59 37 -18 72 -32 78 -32 6 0 21 -7 33 -14 12 -8 81 -39 152 -69 72 -30 155 -66 185 -80 30 -14 75 -32 100 -41 118 -41 182 -70 173 -79 -9 -10 -5376 -8 -5391 2 -11 6 -11 17 -3 49 8 28 11 289 11 843 -1 842 -2 827 41 814 9 -3 32 1 52 10 20 8 49 15 65 15 16 0 69 20 118 45 48 25 92 45 95 45 20 0 184 162 225 222 16 24 35 49 42 56 6 7 12 18 12 23 0 16 29 10 70 -16z m-1167 -275 c25 -22 59 -43 76 -46 17 -4 34 -11 37 -15 3 -5 14 -9 26 -9 11 0 32 -6 46 -14 15 -8 67 -20 115 -27 48 -7 90 -16 93 -20 2 -4 4 -389 4 -856 l1 -848 -1028 -3 c-568 -1 -1031 2 -1036 7 -4 4 5 20 23 34 17 15 48 48 69 74 21 27 56 66 77 87 22 22 50 54 64 72 23 29 124 145 204 234 18 19 97 114 176 210 80 96 161 192 180 213 19 21 39 45 43 53 4 7 22 28 38 46 17 18 42 50 55 71 13 20 32 37 42 37 9 0 40 -20 67 -45 47 -42 87 -56 100 -36 3 6 -26 35 -65 66 -41 34 -67 62 -63 69 4 6 26 31 49 56 23 25 55 61 70 80 16 19 33 40 39 46 5 6 28 33 50 60 22 26 69 82 105 124 36 41 76 88 90 104 14 16 44 50 67 75 24 25 57 67 75 93 18 26 40 48 49 48 9 0 37 -18 62 -40z m398 -2765 c-1 -482 -4 -881 -7 -886 -3 -6 -20 -9 -38 -8 -42 4 -145 -11 -152 -22 -3 -5 -13 -9 -22 -9 -9 -1 -35 -9 -57 -20 -22 -11 -46 -19 -53 -20 -7 0 -34 -16 -60 -36 l-47 -35 -25 29 c-14 15 -36 42 -49 58 -14 16 -66 76 -116 134 -50 58 -102 118 -116 134 -13 16 -31 37 -39 45 -8 9 -58 70 -111 136 -53 66 -111 133 -128 149 -17 17 -31 35 -31 41 0 6 29 33 65 60 49 38 62 52 53 62 -18 23 -43 14 -92 -32 -27 -25 -55 -45 -62 -45 -7 0 -32 25 -55 56 -23 31 -51 66 -62 77 -22 22 -168 192 -242 282 -22 26 -69 82 -105 124 -36 42 -75 87 -87 101 -178 210 -354 413 -384 442 -22 20 -39 42 -39 50 0 11 180 13 1030 11 l1031 -1 0 -877z m5323 859 c16 -10 9 -15 -55 -39 -109 -41 -243 -97 -254 -107 -5 -4 -17 -8 -27 -8 -9 0 -39 -13 -66 -29 -27 -16 -60 -32 -73 -36 -13 -4 -44 -18 -68 -31 -24 -13 -47 -24 -52 -24 -5 0 -51 -20 -102 -45 -52 -25 -99 -45 -104 -45 -6 0 -16 -7 -23 -15 -7 -8 -19 -15 -27 -15 -16 0 -37 -9 -181 -76 -51 -24 -95 -44 -99 -44 -3 0 -42 -17 -87 -39 -44 -21 -105 -49 -134 -62 -29 -12 -58 -29 -64 -36 -6 -7 -20 -13 -32 -13 -11 0 -45 -14 -75 -30 -30 -17 -60 -30 -68 -30 -13 0 -43 -15 -73 -35 -8 -6 -53 -26 -100 -45 -47 -18 -92 -39 -101 -47 -8 -7 -19 -13 -23 -13 -4 0 -32 -11 -62 -25 -30 -14 -82 -37 -117 -51 -34 -14 -90 -39 -125 -55 -35 -16 -65 -29 -67 -29 -2 0 -46 -20 -98 -45 -53 -25 -99 -45 -103 -45 -19 0 -282 -129 -332 -163 -49 -32 -72 -30 -72 8 0 33 -28 45 -46 20 -8 -10 -14 -33 -14 -51 0 -49 -9 -64 -40 -64 -24 0 -29 5 -34 35 -4 20 -4 40 -1 46 9 13 -23 61 -35 54 -6 -4 -10 -36 -10 -73 0 -91 -7 -111 -39 -118 -49 -10 -106 -27 -115 -36 -6 -4 -16 -8 -23 -8 -8 0 -48 -16 -91 -36 -42 -19 -90 -42 -107 -49 -144 -66 -185 -87 -190 -95 -3 -6 -14 -10 -23 -10 -9 0 -44 -13 -77 -29 -75 -36 -139 -65 -238 -107 -42 -18 -132 -60 -200 -92 -67 -33 -133 -63 -147 -67 -51 -14 -231 -101 -282 -136 -14 -11 -31 -19 -36 -19 -6 0 -39 30 -74 67 -76 80 -150 154 -169 169 -41 31 -238 114 -271 114 -13 0 -28 4 -33 9 -6 6 -31 11 -58 13 l-48 3 0 865 c1 818 1 865 18 871 33 12 5226 5 5247 -7z m-5159 -1790 c39 -8 82 -22 97 -30 14 -8 36 -14 47 -14 12 0 21 -4 21 -9 0 -5 12 -12 27 -16 45 -11 135 -85 207 -169 82 -97 83 -116 10 -132 -27 -6 -61 -18 -75 -26 -13 -9 -46 -24 -74 -33 -27 -10 -54 -22 -60 -27 -5 -4 -19 -8 -32 -8 -13 0 -26 -7 -29 -15 -4 -8 -12 -15 -20 -15 -8 0 -32 -11 -54 -25 -22 -14 -48 -25 -59 -25 -11 0 -33 -11 -49 -25 -62 -52 -62 -53 -62 234 1 143 -2 271 -6 286 -4 18 -1 32 11 45 22 24 14 24 100 4z m-169 -6 c12 -17 6 -608 -6 -608 -4 0 -37 37 -71 83 -55 72 -179 220 -285 340 -19 21 -34 42 -34 46 0 10 86 71 100 71 7 0 26 6 43 14 62 27 186 64 223 65 12 1 25 -5 30 -11z"
       id="path12" />
    <path
       d="M5694 5197 c-18 -16 -25 -30 -21 -40 8 -21 40 -22 57 -2 27 33 89 -2 75 -44 -6 -20 -20 -24 -107 -36 -53 -7 -98 -37 -98 -66 0 -13 18 -27 63 -48 35 -16 75 -33 90 -36 24 -6 27 -4 27 18 0 20 -9 28 -51 45 -28 12 -48 25 -45 30 3 5 27 12 53 15 66 8 99 26 117 65 14 29 14 36 1 62 -32 63 -110 81 -161 37z"
       id="path14" />
    <path
       d="M1587 5169 c-11 -6 -25 -26 -33 -45 -8 -19 -19 -34 -24 -34 -5 0 -28 -23 -50 -51 -31 -40 -38 -54 -30 -68 11 -22 4 -31 -24 -31 -37 -1 -86 -56 -86 -96 0 -58 71 -124 132 -124 29 0 42 7 68 36 25 29 30 42 25 65 -6 26 -4 29 20 29 47 0 42 28 -14 77 -42 36 -51 51 -49 72 5 43 37 38 88 -14 27 -27 53 -45 67 -45 39 0 28 36 -22 72 -45 33 -62 65 -51 93 10 26 35 17 86 -31 34 -31 56 -45 71 -42 43 6 30 34 -42 93 -66 55 -97 65 -132 44z m-70 -263 c27 -23 27 -25 10 -43 -9 -11 -17 -29 -17 -40 0 -49 -65 -55 -96 -8 -22 34 -14 59 21 65 21 4 31 12 33 28 4 28 14 28 49 -2z"
       id="path16" />
    <path
       d="M5903 5104 c-105 -98 -92 -254 21 -254 33 0 48 6 67 28 44 47 60 82 66 136 5 46 2 56 -20 80 -17 18 -40 30 -65 33 -32 4 -43 1 -69 -23z m82 -41 c34 -33 -13 -153 -59 -153 -46 0 -58 41 -30 101 16 32 50 68 66 69 4 0 14 -8 23 -17z"
       id="path18" />
    <path
       d="M6162 4944 c-72 -57 -80 -118 -23 -175 39 -40 67 -47 102 -29 16 9 19 7 19 -14 0 -14 5 -28 10 -31 19 -12 49 6 55 33 10 50 43 92 69 92 38 0 40 -15 7 -80 -35 -68 -38 -88 -16 -96 22 -9 43 13 57 58 14 48 54 84 74 67 20 -16 18 -27 -17 -92 -33 -64 -32 -90 3 -85 23 3 52 51 79 131 11 34 10 40 -8 65 -12 16 -33 29 -54 33 -19 3 -52 18 -73 32 -27 19 -52 27 -80 27 -35 0 -43 4 -53 28 -15 32 -60 62 -95 62 -12 0 -38 -12 -56 -26z m98 -59 c6 -15 17 -25 30 -25 14 0 20 -7 20 -23 0 -28 -34 -64 -45 -48 -3 6 -25 10 -48 9 -41 -3 -42 -2 -45 30 -7 69 66 116 88 57z"
       id="path20" />
    <path
       d="M1126 4726 c-29 -27 -36 -41 -36 -72 0 -48 12 -67 36 -62 15 3 19 12 19 42 0 28 6 42 21 53 19 12 24 12 38 -2 10 -10 13 -25 10 -44 -7 -36 11 -49 36 -26 30 27 55 16 55 -25 0 -35 0 -35 -47 -38 -43 -3 -48 -6 -48 -26 0 -62 82 -58 133 6 20 25 30 48 29 69 -1 38 -37 79 -68 79 -13 0 -29 7 -36 16 -60 74 -90 80 -142 30z"
       id="path22" />
    <path
       d="M5495 4736 c-15 -11 -17 -22 -11 -68 8 -66 30 -102 46 -78 5 8 10 45 10 81 0 72 -12 89 -45 65z"
       id="path24" />
    <path
       d="M984 4545 c-3 -8 -3 -18 0 -23 3 -5 1 -24 -4 -42 -14 -49 3 -66 40 -38 l29 21 57 -52 c41 -36 66 -51 86 -51 33 0 38 27 10 50 -10 8 -40 33 -67 55 -28 22 -63 52 -80 67 -33 31 -63 36 -71 13z"
       id="path26" />
    <path
       d="M950 2975 c0 -8 5 -15 10 -15 6 0 10 7 10 15 0 8 -4 15 -10 15 -5 0 -10 -7 -10 -15z"
       id="path28" />
    <path
       d="M936 2874 c-8 -20 -8 -88 0 -108 11 -28 42 -19 49 14 11 48 -3 110 -25 110 -10 0 -21 -7 -24 -16z"
       id="path30" />
    <path
       d="M941 2696 c-18 -22 -10 -107 12 -120 24 -15 37 6 37 61 0 69 -21 93 -49 59z"
       id="path32" />
    <path
       d="M946 2507 c-13 -10 -17 -25 -14 -67 3 -51 5 -55 28 -55 23 0 25 4 28 56 3 64 -12 88 -42 66z"
       id="path34" />
    <path
       d="M937 2324 c-15 -15 -7 -112 10 -129 16 -16 18 -16 30 1 9 12 13 39 11 74 -3 47 -6 55 -23 58 -12 2 -24 0 -28 -4z"
       id="path36" />
    <path
       d="M934 2116 c-9 -38 0 -88 19 -100 14 -8 20 -8 27 4 11 17 13 80 4 104 -9 25 -43 19 -50 -8z"
       id="path38" />
    <path
       d="M943 1943 c-8 -3 -13 -25 -13 -58 0 -43 4 -56 19 -64 29 -16 43 9 39 71 -3 53 -14 65 -45 51z"
       id="path40" />
    <path
       d="M942 1758 c-18 -18 -15 -113 4 -133 26 -26 44 -1 44 60 0 80 -16 105 -48 73z"
       id="path42" />
    <path
       d="M934 1546 c-9 -38 0 -88 19 -100 14 -8 20 -8 27 4 11 17 13 80 4 104 -9 25 -43 19 -50 -8z"
       id="path44" />
    <path
       d="M947 1378 c-15 -11 -18 -25 -15 -68 3 -51 5 -55 28 -55 23 0 25 4 28 50 4 62 -14 93 -41 73z"
       id="path46" />
    <path
       d="M941 1186 c-7 -8 -11 -37 -9 -68 3 -49 5 -53 28 -53 22 0 25 5 28 44 6 79 -16 114 -47 77z"
       id="path48" />
    <path
       d="M946 994 c-23 -22 -18 -103 7 -118 24 -15 37 6 37 65 0 56 -19 79 -44 53z"
       id="path50" />
    <path
       d="M941 816 c-19 -22 -10 -117 12 -130 24 -15 37 6 37 66 0 74 -20 99 -49 64z"
       id="path52" />
    <path
       d="M936 614 c-19 -50 9 -143 36 -116 13 13 21 77 14 106 -7 29 -40 36 -50 10z"
       id="path54" />
    <path
       d="M1125 472 c-11 -2 -39 -10 -63 -18 -23 -8 -61 -14 -83 -14 -47 0 -53 -10 -42 -76 9 -53 35 -69 41 -24 2 14 7 29 11 33 4 4 42 -3 85 -17 73 -23 77 -23 86 -6 6 10 10 26 10 34 0 13 5 14 26 6 17 -7 314 -10 817 -10 788 1 791 1 799 -20 8 -22 32 -25 75 -9 15 6 50 15 77 20 90 17 110 68 27 69 -20 1 -54 7 -76 15 -52 19 -82 19 -92 0 -8 -14 -109 -16 -836 -18 -824 -2 -827 -2 -835 18 -4 14 -14 19 -27 17z"
       id="path56" />
    <path
       d="M3074 387 c-3 -8 -4 -36 -2 -63 3 -41 6 -49 23 -49 18 0 20 7 20 60 0 49 -3 60 -18 63 -9 2 -20 -3 -23 -11z"
       id="path58" />
    <path
       d="M1660 291 c-48 -6 -47 -5 -68 -99 -9 -40 -8 -43 16 -49 14 -3 33 -1 43 6 28 17 47 13 64 -13 23 -35 5 -76 -33 -76 -21 0 -32 7 -40 26 -9 19 -18 25 -39 22 -37 -4 -39 -21 -5 -59 26 -30 35 -33 83 -32 46 1 57 5 81 32 39 43 37 84 -4 122 -22 19 -43 29 -65 29 -17 0 -35 5 -38 10 -13 21 17 40 60 40 55 0 80 25 40 40 -14 5 -32 9 -38 8 -7 0 -32 -4 -57 -7z"
       id="path60" />
    <path
       d="M934 246 c-3 -7 -4 -37 -2 -66 2 -38 8 -56 21 -64 14 -8 20 -8 27 4 11 17 13 100 4 124 -8 20 -43 21 -50 2z"
       id="path62" />
    <path
       d="M1970 233 c-8 -3 -27 -19 -42 -34 -38 -39 -40 -115 -4 -153 33 -37 106 -37 134 -1 21 26 32 24 32 -7 0 -15 6 -19 28 -16 27 3 27 4 24 65 -4 68 9 103 38 103 25 0 33 -28 28 -103 -3 -62 -3 -62 26 -65 l29 -4 -6 61 c-8 73 6 113 37 109 19 -3 21 -11 24 -83 3 -82 10 -96 44 -87 19 5 20 11 16 89 -4 69 -8 88 -26 105 -23 24 -79 29 -92 9 -6 -10 -12 -10 -28 -2 -32 17 -127 14 -142 -4 -12 -14 -15 -14 -30 0 -19 17 -68 27 -90 18z m55 -53 c3 -5 20 -10 36 -10 28 0 30 -2 27 -32 -2 -28 -7 -32 -25 -30 -16 2 -26 -4 -35 -22 -16 -36 -52 -35 -67 3 -16 38 8 101 38 101 11 0 23 -4 26 -10z"
       id="path64" />
    <path
       d="M3074 217 c-3 -8 -4 -43 -2 -78 3 -56 5 -64 23 -64 18 0 20 7 20 75 0 63 -3 75 -18 78 -9 2 -20 -3 -23 -11z"
       id="path66" />
  </g>
  <path
     style="fill:#ff0000;fill-opacity:1;fill-rule:nonzero;stroke:none;stroke-width:8.42160988000000010;stroke-miterlimit:4;stroke-opacity:1;stroke-dasharray:none"
     d="m 494.32642,412.41395 c -33.24158,0.0372 -66.48444,0.0837 -99.71713,0.94743 -3.28105,5.17714 -1.18672,12.39456 -1.97279,18.39536 -0.86382,66.20293 -1.00903,132.41247 -1.44849,198.61901 2.26154,2.08307 6.72209,0.45255 9.76381,1.63169 14.57934,3.55033 29.2687,8.3979 41.92382,16.63268 10.78426,8.69047 19.7887,20.21349 30.71256,28.94928 5.34818,-0.94529 9.65608,-5.40263 14.78589,-7.30154 22.85413,-11.52506 46.81576,-20.76897 69.94118,-31.87686 13.76246,-6.32663 27.71392,-12.65228 41.6234,-18.29909 20.68795,-10.66518 41.77972,-20.80774 64.08319,-27.60709 4.25257,-0.61823 6.2607,-4.38674 6.10567,-8.39529 0.58098,-4.95663 0.53438,-10.28885 1.21061,-15.02731 3.68689,0.42848 3.6978,6.04541 3.78972,8.86901 -0.41442,3.49449 1.54176,9.07635 6.02672,7.36891 7.3148,-1.87476 1.9589,-12.2159 7.60576,-15.34312 4.37466,-0.65869 2.18628,5.625 5.07929,7.05309 6.31954,-0.74174 11.93905,-5.23195 17.76433,-7.78999 24.65861,-13.26635 50.83621,-23.13979 76.31195,-34.80726 26.61494,-11.12801 52.24029,-24.26339 78.77727,-35.43423 8.82088,-2.88169 16.56093,-8.71466 25.38318,-11.92269 17.95059,-8.11839 35.93212,-16.41236 54.09576,-23.89547 8.88193,-5.56668 19.2494,-8.47069 28.54272,-13.39647 24.71642,-12.10411 50.54176,-22.06695 75.77996,-33.08029 2.1327,-3.16135 -3.9735,-2.1946 -5.6046,-2.5412 -54.85869,-1.72254 -109.76448,-0.89656 -164.64332,-1.36542 -128.63986,-0.31723 -257.28021,-0.48431 -385.92046,-0.38314 z"
     id="path3049"
     inkscape:connector-curvature="0"
     transform="scale(0.8,0.8)" />
  <path
     style="fill:#0000ff;fill-opacity:1;fill-rule:nonzero;stroke:none;stroke-width:8.42200000000000060;stroke-miterlimit:4;stroke-opacity:1;stroke-dasharray:none"
     d="m 473.98297,138.42213 c -3.84747,2.67564 -5.29534,7.8561 -8.84976,11.09925 -8.44179,9.5452 -16.61718,20.10387 -27.52107,27.08749 -13.63857,7.23127 -28.23562,13.30848 -43.60815,15.02731 -4.078,3.21536 -1.43929,9.63466 -2.43018,14.07913 -1.27435,65.08506 -0.86357,130.19723 -2.28066,195.27683 -3.1004,6.89987 5.87791,4.18794 9.68326,4.80341 156.79758,0.7665 313.60119,0.32969 470.40116,0.37492 63.24617,-0.15364 126.50855,0.1667 189.74443,-0.4801 8.3418,0.51852 3.1799,-4.17785 -1.788,-4.85548 -62.3587,-24.98134 -123.22582,-53.68598 -184.27267,-81.53235 -49.00528,-22.87205 -98.33828,-45.18179 -147.87752,-67.05709 -10.35376,-4.25341 -20.07106,-10.28604 -30.87047,-13.31667 -4.62642,2.35591 -0.0628,9.89716 -3.89499,12.81664 -2.76306,0.52789 -4.20355,-1.9457 -3.71077,-4.5003 -0.9274,-5.10755 0.83074,-12.91562 -4.63189,-15.79052 -3.1988,-0.91897 -7.91495,-0.24843 -6.61558,4.30886 -0.62995,5.20905 -0.19632,11.32795 -1.75339,16.08723 -3.27833,1.89541 -2.59881,-3.48653 -2.92125,-5.31614 -1.01273,-6.34643 1.46712,-13.86199 -2.23699,-19.47497 -11.46173,-6.60422 -24.51276,-10.1273 -36.35947,-16.11534 -39.1097,-18.09537 -78.37685,-36.2452 -117.67704,-53.91562 -13.5199,-5.91168 -26.65699,-12.94899 -40.18687,-18.63281 l -0.10527,0 -0.23686,0.0263 z"
     id="path3053"
     inkscape:connector-curvature="0"
     transform="scale(0.8,0.8)" />
  <path
     style="fill:#ffff00;fill-opacity:1;fill-rule:nonzero;stroke:none"
     d="m 327.40484,171.47695 c -5.82884,2.67174 -8.43747,9.51172 -12.94496,13.79704 -20.68959,23.49408 -40.79855,47.91001 -61.53365,71.57703 1.12624,4.2015 6.73556,6.83754 9.5628,10.42489 1.83535,2.00273 4.86839,4.42859 5.70137,6.49728 -6.83054,0.91451 -11.22687,-6.19523 -16.94849,-8.79005 -2.32994,-2.27461 -5.35748,-1.30357 -6.78993,1.42115 -37.29093,46.18674 -76.35416,91.2803 -115.5866,135.82478 -2.61306,1.84205 -0.057,4.02202 2.34226,3.52655 81.74513,0.94926 163.52182,0.4725 245.27931,0.75259 4.90985,0.31744 11.71742,1.20056 9.30145,-6.04239 -0.3674,-69.21379 -0.0201,-138.44095 -1.06397,-207.64535 -3.64915,-2.88621 -9.44251,-2.14213 -13.83663,-3.64633 -7.60424,-1.52055 -15.03455,-3.57037 -22.22718,-6.25769 -7.80391,-2.27319 -13.03101,-8.14702 -20.25571,-11.41318 -0.33321,-0.0172 -0.66688,-0.0999 -1.00007,-0.0263 z"
     id="path3823"
     inkscape:connector-curvature="0"
     transform="scale(0.8,0.8)" />
  <path
     style="fill:#ffff00;fill-opacity:1;fill-rule:nonzero;stroke:none"
     d="m 382.51375,104.89359 c -6.09802,5.34554 -11.16438,13.13486 -16.69567,19.43971 -10.9949,13.65446 -22.79743,26.72449 -33.46554,40.59058 0.57984,3.61962 5.44371,5.11195 7.86894,7.5005 9.24339,5.96032 20.5474,7.87015 30.83524,11.55757 4.20517,1.38887 8.88237,2.35967 13.22031,1.52224 1.04071,-25.68658 2.21634,-51.64292 0.42108,-77.37354 -0.28715,-1.09075 -0.32122,-3.85644 -2.18436,-3.23706 z"
     id="path3825"
     inkscape:connector-curvature="0"
     transform="scale(0.8,0.8)" />
  <path
     style="fill:#ffff00;fill-opacity:1;fill-rule:nonzero;stroke:none"
     d="m 234.55659,411.2823 c -34.80445,0.30904 -69.66278,-0.46949 -104.42797,1.31587 -3.27583,-0.23455 -2.61859,3.0874 -0.52635,4.5003 39.62983,45.14057 78.5897,91.47231 117.63937,136.93012 3.9299,2.7053 7.46932,-3.05405 10.5007,-4.71084 2.31961,-1.66777 7.91504,-7.15369 10.05329,-3.05283 -3.722,5.8683 -10.63033,9.04085 -14.81677,14.39569 25.24177,30.48505 51.16267,60.69543 77.0051,90.71653 4.17845,-0.70352 7.2594,-5.2372 11.49081,-6.56124 7.64636,-4.04473 15.77788,-6.97141 24.01154,-9.17664 5.8546,-1.43557 12.52599,-0.68335 18.10646,-2.76334 2.22697,-12.17043 1.17978,-24.86665 1.72525,-37.23924 0.5013,-61.1255 0.23074,-122.25383 0.3012,-183.38063 -3.72249,-2.3807 -9.86372,-0.30024 -14.47464,-1.00007 -45.52933,0.006 -91.05867,-0.0175 -136.58799,0.0263 z"
     id="path3827"
     inkscape:connector-curvature="0"
     transform="scale(0.8,0.8)" />
  <path
     style="fill:#ffff00;fill-opacity:1;fill-rule:nonzero;stroke:none"
     d="m 380.51362,637.00777 c -15.35858,3.45193 -31.15494,7.90659 -44.16082,17.05376 -3.99286,2.68595 1.548,6.13467 2.98082,8.54706 14.41814,16.87433 28.25956,34.32195 42.86432,51.00951 3.31405,0.86633 2.33535,-4.88699 2.84568,-6.76174 0.66077,-22.38328 1.13554,-44.86278 -0.21392,-67.21684 -0.54146,-1.71889 -2.51906,-2.99874 -4.31608,-2.63175 z"
     id="path3829"
     inkscape:connector-curvature="0"
     transform="scale(0.8,0.8)" />
  <path
     style="fill:#0000ff;fill-opacity:1;fill-rule:nonzero;stroke:none"
     d="m 393.72502,103.44613 c -4.08826,1.23558 -1.69992,7.13753 -2.60656,10.18444 -0.41029,22.97799 -1.57254,46.0202 -0.55154,68.97869 1.11872,4.75838 7.7587,2.99375 11.21127,2.44753 22.29899,-5.38828 43.79875,-17.12181 57.00377,-36.31819 2.69538,-4.07058 6.09495,-7.94295 8.05317,-12.34292 -6.64375,-6.2004 -16.34033,-7.57563 -24.20251,-11.86469 -14.01887,-6.36575 -28.51261,-12.14229 -42.4598,-18.34784 -1.87954,-1.17044 -4.018,-2.94566 -6.4478,-2.73702 z"
     id="path3831"
     inkscape:connector-curvature="0"
     transform="scale(0.8,0.8)" />
  <path
     style="fill:#ff0000;fill-opacity:1;fill-rule:nonzero;stroke:none"
     d="m 396.06728,636.13929 c -5.26863,0.5398 -3.84778,7.73132 -4.34613,11.42127 0.0964,21.22369 0.0253,42.52376 1.4512,63.68897 1.87734,4.04149 5.95595,-0.76017 8.15844,-1.92118 7.61196,-4.26712 16.39838,-6.58606 23.58051,-11.73762 12.36642,-3.97721 23.76619,-10.7144 36.31819,-14.00093 5.03307,-2.01469 1.2833,-7.64972 -1.08428,-10.25331 -11.31838,-15.24451 -26.80165,-28.06033 -45.5411,-32.97173 -6.05453,-1.72928 -12.20029,-4.1397 -18.53683,-4.22547 z"
     id="path3833"
     inkscape:connector-curvature="0"
     transform="scale(0.8,0.8)" />
</svg>
