<?xml version="1.0" standalone="no"?>
<!DOCTYPE svg PUBLIC "-//W3C//DTD SVG 20010904//EN"
 "http://www.w3.org/TR/2001/REC-SVG-20010904/DTD/svg10.dtd">
<svg version="1.0" xmlns="http://www.w3.org/2000/svg"
 width="609.000000pt" height="546.000000pt" viewBox="0 0 609.000000 546.000000"
 preserveAspectRatio="xMidYMid meet">
<metadata>
Created by potrace 1.10, written by Peter Selinger 2001-2011
</metadata>
<g transform="translate(0.000000,546.000000) scale(0.100000,-0.100000)"
fill="#000000" stroke="none">
<path d="M2153 5148 c-6 -7 -74 -141 -152 -298 -79 -157 -153 -303 -166 -325
-13 -22 -24 -48 -25 -57 0 -10 -4 -18 -10 -18 -5 0 -13 -12 -16 -27 -4 -15
-13 -34 -21 -41 -7 -7 -13 -22 -13 -33 0 -10 -4 -19 -10 -19 -5 0 -13 -12 -16
-27 -4 -16 -10 -30 -14 -33 -4 -3 -46 -85 -95 -183 -48 -98 -92 -180 -97 -183
-4 -3 -8 -13 -8 -23 0 -10 -7 -24 -15 -31 -8 -7 -15 -20 -15 -30 0 -10 -7 -23
-15 -30 -8 -7 -15 -20 -15 -30 0 -10 -7 -23 -15 -30 -8 -7 -15 -20 -15 -30 0
-10 -7 -23 -15 -30 -8 -7 -15 -20 -15 -30 0 -10 -7 -23 -15 -30 -8 -7 -15 -20
-15 -30 0 -10 -7 -23 -15 -30 -8 -7 -15 -20 -15 -30 0 -10 -7 -23 -15 -30 -8
-7 -15 -21 -15 -31 0 -11 -4 -19 -10 -19 -5 0 -13 -12 -16 -27 -4 -16 -10 -30
-14 -33 -4 -3 -66 -124 -139 -270 -138 -276 -145 -289 -161 -317 -6 -10 -13
-25 -16 -33 -3 -8 -14 -31 -25 -50 -11 -19 -73 -143 -140 -275 -66 -132 -124
-247 -129 -255 -4 -8 -19 -37 -33 -65 -14 -27 -86 -170 -160 -317 l-135 -268
26 -18 c15 -11 179 -95 366 -187 321 -160 339 -168 352 -150 8 10 14 27 14 37
0 10 4 18 10 18 5 0 12 11 16 25 3 13 12 29 20 36 8 6 14 19 14 29 0 10 7 23
15 30 8 7 15 20 15 30 0 10 7 23 15 30 8 7 15 20 15 30 0 10 7 23 15 30 8 7
15 20 15 30 0 10 7 23 15 30 8 7 15 20 15 30 0 10 7 23 15 30 8 7 15 20 15 30
0 10 7 23 15 30 8 7 15 21 15 31 0 11 4 19 10 19 5 0 13 12 16 27 4 15 13 34
21 41 7 7 13 22 13 32 0 10 4 20 8 22 5 2 55 97 112 211 57 114 107 210 112
213 4 3 8 13 8 23 0 10 7 24 15 31 8 7 15 21 15 30 0 10 4 20 8 22 8 3 94 174
173 343 18 39 35 72 38 75 9 7 58 103 218 420 79 157 148 289 153 294 6 6 10
18 10 27 0 9 7 22 15 29 8 7 15 20 15 30 0 10 7 23 15 30 8 7 15 20 15 30 0
10 7 23 15 30 8 7 15 20 15 30 0 10 7 23 15 30 8 7 15 20 15 30 0 10 7 23 15
30 8 7 15 20 15 30 0 10 7 23 15 30 8 7 15 21 15 31 0 11 4 19 10 19 5 0 13
12 16 28 4 15 10 29 14 32 4 3 59 111 124 240 65 129 121 242 126 250 4 8 16
33 26 55 11 22 22 42 25 45 14 13 119 235 116 244 -3 7 -22 20 -43 31 -22 11
-41 23 -44 26 -3 3 -112 59 -243 124 -131 65 -240 122 -243 127 -3 4 -13 8
-23 8 -10 0 -24 7 -31 15 -7 8 -19 15 -27 15 -8 0 -21 7 -29 15 -19 18 -38 19
-51 3z m98 -84 c8 -8 23 -14 31 -14 9 0 21 -7 28 -15 7 -8 19 -15 27 -15 8 0
21 -7 29 -15 9 -8 24 -15 35 -15 10 0 19 -3 19 -7 0 -5 92 -53 205 -108 143
-70 204 -105 205 -117 0 -9 -4 -18 -8 -20 -5 -1 -35 -55 -66 -118 -63 -126
-67 -134 -87 -170 -7 -14 -78 -153 -157 -310 -78 -157 -147 -289 -152 -294 -6
-6 -10 -18 -10 -27 0 -9 -7 -22 -15 -29 -8 -7 -15 -20 -15 -30 0 -10 -7 -23
-15 -30 -8 -7 -15 -20 -15 -30 0 -10 -7 -23 -15 -30 -8 -7 -15 -20 -15 -30 0
-10 -7 -23 -15 -30 -8 -7 -15 -20 -15 -30 0 -10 -7 -23 -15 -30 -8 -7 -15 -20
-15 -30 0 -10 -7 -23 -15 -30 -8 -7 -15 -21 -15 -31 0 -11 -4 -19 -10 -19 -5
0 -13 -12 -16 -27 -4 -16 -10 -30 -14 -33 -3 -3 -77 -144 -162 -315 -86 -170
-215 -425 -286 -565 -72 -140 -196 -385 -277 -545 -81 -159 -150 -297 -155
-305 -5 -8 -11 -22 -14 -30 -3 -8 -10 -22 -15 -30 -5 -8 -12 -22 -15 -30 -3
-8 -10 -23 -16 -32 -5 -10 -15 -26 -20 -35 -6 -10 -12 -24 -15 -30 -3 -7 -7
-19 -10 -25 -3 -7 -9 -20 -14 -28 -5 -8 -12 -22 -15 -30 -3 -8 -10 -22 -15
-30 -5 -8 -17 -33 -27 -55 -38 -82 -11 -89 -350 81 -169 85 -312 154 -320 154
-21 0 -17 36 9 78 13 20 76 143 141 272 65 129 121 242 126 250 4 8 16 33 26
55 11 22 22 42 25 45 3 3 58 111 123 240 65 129 121 242 126 250 5 8 11 22 14
30 3 8 10 23 16 33 21 37 34 62 191 375 90 178 166 325 171 328 4 3 8 13 8 23
0 10 7 24 15 31 8 7 15 20 15 30 0 10 7 23 15 30 8 7 15 20 15 30 0 10 7 23
15 30 8 7 15 20 15 30 0 10 7 23 15 30 8 7 15 20 15 30 0 10 7 23 15 30 8 7
15 20 15 30 0 10 7 23 15 30 8 7 15 20 15 30 0 10 7 23 15 30 8 7 15 21 15 31
0 11 4 19 10 19 5 0 13 12 16 27 4 15 13 34 21 41 7 7 13 22 13 32 0 10 4 20
8 22 5 2 61 109 126 238 122 244 129 259 146 288 6 9 13 24 16 32 3 8 11 24
17 35 43 76 197 389 197 400 0 28 59 28 91 -1z"/>
<path d="M5062 5083 c-11 -10 -30 -25 -42 -33 -21 -14 -50 -37 -77 -60 -7 -5
-17 -10 -22 -10 -6 0 -14 -6 -18 -12 -4 -7 -34 -30 -65 -52 -32 -21 -58 -42
-58 -47 0 -5 -5 -9 -10 -9 -8 0 -331 -236 -395 -288 -5 -4 -26 -19 -45 -32
-19 -14 -40 -29 -46 -35 -6 -5 -22 -17 -34 -25 -12 -8 -28 -20 -34 -25 -6 -6
-28 -21 -48 -35 -21 -14 -38 -28 -38 -32 0 -5 -7 -8 -15 -8 -9 0 -18 -7 -21
-15 -4 -8 -10 -15 -15 -15 -13 0 -109 -72 -109 -82 0 -4 -5 -8 -10 -8 -8 0
-208 -144 -275 -198 -22 -17 -104 -78 -125 -92 -12 -8 -28 -20 -34 -25 -6 -6
-28 -21 -48 -35 -21 -14 -38 -28 -38 -32 0 -5 -7 -8 -15 -8 -7 0 -18 -6 -22
-13 -4 -7 -34 -30 -65 -51 -32 -22 -58 -43 -58 -48 0 -4 -5 -8 -10 -8 -14 0
-110 -72 -110 -82 0 -4 -5 -8 -10 -8 -9 0 -181 -125 -294 -212 -16 -13 -45
-34 -65 -48 -20 -14 -37 -28 -39 -32 -2 -5 -10 -8 -17 -8 -8 0 -18 -6 -22 -13
-4 -7 -25 -23 -45 -37 -21 -14 -38 -28 -38 -32 0 -5 -7 -8 -15 -8 -7 0 -18 -6
-22 -12 -4 -7 -34 -30 -65 -52 -32 -21 -58 -42 -58 -47 0 -5 -5 -9 -10 -9 -8
0 -322 -229 -395 -288 -5 -4 -32 -24 -60 -45 -27 -20 -54 -40 -60 -45 -78 -61
-95 -77 -95 -90 0 -15 59 -103 98 -147 6 -7 12 -17 12 -20 0 -7 49 -73 77
-105 8 -8 56 -73 108 -145 52 -71 105 -143 117 -159 13 -16 34 -45 48 -65 14
-20 33 -44 42 -55 10 -11 30 -38 45 -60 16 -23 31 -42 36 -44 4 -2 7 -9 7 -16
0 -6 8 -19 18 -27 9 -9 24 -26 32 -38 8 -13 23 -32 33 -43 9 -12 17 -25 17
-30 0 -4 5 -8 10 -8 8 0 228 159 315 227 25 20 65 49 85 63 12 8 30 22 40 30
10 8 28 22 40 30 12 8 30 22 40 30 10 8 28 22 40 30 12 8 28 20 34 25 6 6 34
25 61 44 28 19 57 40 65 48 8 7 74 56 145 108 72 52 143 105 159 117 16 13 45
34 65 48 20 14 38 28 39 33 2 4 10 7 17 7 8 0 18 6 22 13 4 7 19 20 33 29 14
8 36 25 50 37 34 28 37 30 103 75 31 21 57 42 57 47 0 5 5 9 10 9 14 0 110 72
110 82 0 4 5 8 10 8 9 0 181 125 294 212 16 13 45 34 65 48 20 14 38 28 39 33
2 4 10 7 17 7 8 0 18 6 22 13 4 7 25 23 45 37 21 14 38 28 38 33 0 4 7 7 15 7
9 0 18 7 21 15 4 8 10 15 15 15 13 0 109 72 109 82 0 4 5 8 10 8 8 0 208 144
275 198 22 17 104 78 125 92 12 8 28 20 34 25 6 6 28 21 48 35 21 14 38 28 38
33 0 4 7 7 15 7 7 0 18 6 22 13 4 7 34 30 66 51 31 22 57 43 57 48 0 4 5 8 10
8 14 0 110 72 110 82 0 4 5 8 10 8 17 0 230 164 230 177 0 14 -67 106 -81 111
-5 2 -9 8 -9 13 0 8 -208 292 -302 413 -13 16 -34 45 -48 65 -14 20 -28 38
-32 39 -5 2 -8 10 -8 17 0 8 -6 18 -13 22 -7 4 -23 25 -37 45 -14 21 -28 38
-32 38 -5 0 -8 6 -8 13 0 7 -8 20 -17 29 -22 20 -32 34 -57 73 -47 74 -76 89
-114 58z m48 -42 c0 -7 247 -347 287 -396 16 -18 78 -102 93 -125 8 -12 20
-28 25 -34 6 -6 21 -28 35 -48 14 -21 28 -38 33 -38 4 0 7 -7 7 -15 0 -7 6
-18 13 -22 7 -4 23 -24 35 -44 12 -19 32 -47 44 -60 13 -14 36 -44 52 -68 25
-35 27 -44 15 -51 -23 -15 -51 -34 -63 -45 -6 -6 -28 -21 -48 -35 -21 -14 -38
-28 -38 -32 0 -5 -7 -8 -15 -8 -9 0 -18 -7 -21 -15 -4 -8 -10 -15 -15 -15 -13
0 -109 -72 -109 -82 0 -4 -5 -8 -10 -8 -8 0 -208 -144 -275 -198 -22 -17 -104
-78 -125 -92 -12 -8 -28 -20 -34 -25 -6 -6 -28 -21 -48 -35 -21 -14 -38 -28
-38 -32 0 -5 -7 -8 -15 -8 -7 0 -18 -6 -22 -12 -4 -7 -34 -30 -65 -52 -32 -21
-58 -42 -58 -47 0 -5 -5 -9 -10 -9 -14 0 -110 -72 -110 -82 0 -4 -5 -8 -10 -8
-8 0 -208 -144 -275 -198 -22 -17 -104 -78 -125 -92 -12 -8 -28 -20 -34 -25
-6 -6 -28 -21 -48 -35 -21 -14 -38 -28 -38 -32 0 -5 -7 -8 -15 -8 -7 0 -18 -6
-22 -12 -4 -7 -34 -30 -65 -52 -32 -21 -58 -42 -58 -47 0 -5 -5 -9 -10 -9 -8
0 -208 -144 -275 -198 -22 -17 -104 -78 -125 -92 -12 -8 -28 -20 -34 -25 -6
-6 -28 -21 -48 -35 -21 -14 -38 -28 -38 -32 0 -5 -7 -8 -15 -8 -7 0 -18 -6
-22 -13 -4 -7 -34 -30 -65 -51 -32 -22 -58 -43 -58 -48 0 -4 -5 -8 -10 -8 -14
0 -110 -72 -110 -82 0 -4 -5 -8 -10 -8 -9 0 -181 -125 -294 -212 -16 -13 -45
-34 -65 -48 -20 -14 -37 -28 -39 -32 -2 -5 -9 -8 -16 -8 -6 0 -19 -8 -27 -17
-9 -10 -26 -25 -38 -33 -13 -8 -32 -23 -43 -32 -12 -10 -26 -18 -32 -18 -6 0
-47 50 -91 110 -44 61 -90 123 -103 138 -12 15 -35 45 -50 67 -15 22 -30 42
-34 43 -5 2 -8 10 -8 17 0 8 -6 18 -13 22 -7 4 -20 19 -29 33 -8 14 -25 36
-37 50 -28 34 -30 37 -75 103 -21 31 -42 57 -47 57 -5 0 -9 5 -9 10 0 14 -72
110 -82 110 -4 0 -8 5 -8 11 0 6 -18 34 -40 61 -34 43 -37 52 -27 69 6 10 15
19 18 19 6 0 118 79 173 122 16 13 45 34 65 48 20 14 38 28 39 33 2 4 10 7 17
7 8 0 18 6 22 13 4 7 25 23 45 37 21 14 38 28 38 33 0 4 7 7 15 7 7 0 18 6 22
13 4 6 34 29 66 51 31 21 57 42 57 47 0 5 5 9 10 9 8 0 331 236 395 288 6 4
26 19 45 32 19 14 40 30 46 35 6 6 22 17 34 25 12 8 28 20 34 25 6 6 28 21 48
35 21 14 38 28 38 33 0 4 7 7 15 7 9 0 18 7 21 15 4 8 10 15 15 15 13 0 109
72 109 82 0 4 5 8 10 8 8 0 208 144 275 198 22 17 104 78 125 92 12 8 28 20
34 25 6 6 28 21 48 35 21 14 38 28 38 33 0 4 7 7 15 7 7 0 18 6 22 13 4 6 34
29 66 51 31 21 57 42 57 47 0 5 5 9 10 9 14 0 110 72 110 82 0 4 5 8 10 8 9 0
181 125 294 212 16 13 45 34 65 48 20 14 38 28 39 33 2 4 10 7 17 7 8 0 18 6
22 13 4 7 25 23 45 37 21 14 38 28 38 33 0 4 7 7 15 7 7 0 18 6 22 13 4 6 34
29 66 51 31 21 57 42 57 47 0 5 6 9 13 10 6 0 73 47 147 104 134 103 150 113
150 96z"/>
<path d="M1879 5056 c-14 -7 -47 -16 -72 -20 -26 -4 -49 -11 -52 -17 -4 -5
-18 -9 -33 -9 -15 0 -40 -7 -56 -15 -15 -8 -38 -15 -50 -15 -11 -1 -32 -7 -46
-15 -14 -8 -36 -14 -50 -15 -14 0 -37 -6 -51 -14 -14 -7 -43 -16 -64 -20 -20
-4 -45 -11 -54 -15 -29 -15 -118 -41 -137 -41 -11 0 -31 -6 -45 -14 -14 -7
-43 -16 -64 -20 -20 -4 -45 -11 -54 -15 -26 -13 -113 -39 -153 -46 -21 -4 -38
-11 -38 -16 0 -5 -12 -9 -26 -9 -14 0 -40 -6 -57 -14 -30 -12 -66 -23 -162
-47 -22 -6 -44 -14 -50 -20 -5 -5 -20 -9 -35 -9 -14 0 -38 -7 -54 -15 -15 -8
-35 -15 -43 -15 -8 0 -29 -6 -46 -14 -18 -8 -41 -16 -52 -18 -12 -2 -20 -11
-20 -22 0 -15 31 -36 130 -85 71 -36 134 -70 140 -74 9 -8 85 -47 443 -228 78
-39 145 -76 148 -80 3 -5 13 -9 23 -9 10 0 24 -7 31 -15 7 -8 20 -15 30 -15
10 0 23 -7 30 -15 7 -8 20 -15 30 -15 10 0 23 -7 30 -16 8 -9 25 -14 43 -12
27 3 36 13 78 93 100 188 149 288 149 301 0 8 4 14 9 14 5 0 14 12 20 28 6 15
15 35 21 45 26 45 31 53 36 67 12 30 39 85 45 90 3 3 30 55 59 115 30 61 64
126 76 145 12 19 25 46 29 60 4 13 14 30 22 38 8 8 13 26 11 41 -4 31 -31 38
-69 17z m1 -70 c0 -8 -6 -21 -13 -28 -7 -7 -24 -35 -38 -63 -13 -27 -27 -52
-30 -55 -3 -3 -32 -57 -63 -120 -32 -63 -61 -122 -66 -130 -5 -8 -11 -22 -14
-30 -3 -8 -10 -22 -15 -30 -5 -8 -12 -22 -15 -30 -3 -8 -10 -23 -16 -32 -20
-35 -30 -55 -97 -188 -37 -74 -74 -141 -80 -148 -7 -7 -13 -22 -13 -33 0 -10
-4 -19 -10 -19 -5 0 -10 -7 -10 -15 0 -8 -9 -15 -20 -15 -11 0 -20 4 -20 10 0
5 -11 12 -25 16 -13 3 -29 12 -36 20 -6 8 -19 14 -29 14 -10 0 -23 7 -30 15
-7 8 -20 15 -30 15 -10 0 -23 7 -30 15 -7 8 -21 15 -30 15 -10 0 -20 4 -22 8
-1 5 -70 42 -153 84 -338 171 -541 275 -562 289 -22 13 -21 14 30 27 28 7 72
17 97 23 24 5 49 14 54 19 6 6 21 10 36 10 14 0 38 7 54 15 15 8 37 15 47 15
10 0 33 6 51 14 31 13 55 20 163 47 22 6 44 14 50 20 5 5 21 9 35 9 14 0 35 7
46 15 10 8 33 15 49 15 17 0 42 6 56 14 14 7 43 16 64 20 20 4 45 11 54 15 29
15 118 41 137 41 11 0 31 6 45 14 14 7 43 16 64 20 20 4 45 11 54 15 24 12
117 41 131 41 7 0 26 6 43 14 60 27 107 32 107 12z"/>
<path d="M5372 3450 c-13 -17 -32 -30 -43 -30 -11 0 -32 -13 -46 -30 -13 -16
-34 -30 -45 -30 -10 0 -31 -13 -45 -30 -14 -17 -34 -30 -48 -30 -12 0 -25 -7
-29 -15 -3 -8 -15 -15 -26 -15 -12 0 -33 -13 -47 -30 -13 -16 -34 -30 -45 -30
-10 0 -31 -13 -45 -30 -13 -16 -34 -30 -45 -30 -10 0 -31 -13 -45 -30 -14 -17
-34 -30 -48 -30 -12 0 -25 -7 -29 -15 -3 -8 -15 -15 -26 -15 -12 0 -33 -13
-47 -30 -13 -16 -34 -30 -45 -30 -10 0 -31 -13 -45 -30 -13 -16 -34 -30 -45
-30 -10 0 -31 -13 -45 -30 -13 -16 -34 -30 -45 -30 -10 0 -31 -13 -45 -30 -14
-17 -34 -30 -48 -30 -12 0 -25 -7 -29 -15 -3 -8 -15 -15 -26 -15 -12 0 -33
-13 -47 -30 -13 -16 -34 -30 -45 -30 -10 0 -31 -13 -45 -30 -13 -16 -34 -30
-45 -30 -10 0 -31 -13 -45 -30 -13 -16 -34 -30 -45 -30 -10 0 -31 -13 -45 -30
-14 -17 -34 -30 -48 -30 -12 0 -25 -7 -29 -15 -3 -8 -15 -15 -26 -15 -12 0
-33 -13 -47 -30 -13 -16 -34 -30 -45 -30 -10 0 -31 -13 -45 -30 -13 -16 -34
-30 -45 -30 -10 0 -31 -13 -45 -30 -14 -17 -34 -30 -48 -30 -12 0 -25 -7 -29
-15 -3 -8 -15 -15 -26 -15 -12 0 -33 -13 -47 -30 -13 -16 -34 -30 -45 -30 -10
0 -31 -13 -45 -30 -13 -16 -34 -30 -45 -30 -10 0 -31 -13 -45 -30 -13 -16 -34
-30 -45 -30 -10 0 -31 -13 -45 -30 -14 -17 -34 -30 -48 -30 -12 0 -25 -7 -29
-15 -3 -8 -15 -15 -26 -15 -12 0 -33 -13 -47 -30 -13 -16 -32 -30 -41 -30 -24
-1 -104 -79 -98 -96 5 -12 190 -14 1235 -14 l1231 0 5 23 c3 12 4 373 3 802
l-3 780 -30 2 c-23 2 -35 -5 -53 -27z m41 -772 c-2 -413 -4 -753 -6 -755 -2
-1 -531 -3 -1175 -3 -1017 -1 -1261 3 -1153 18 13 2 35 15 50 28 14 13 33 24
42 24 9 0 22 7 29 15 7 8 21 15 32 15 11 0 31 14 45 30 13 17 34 30 45 30 10
0 31 13 45 30 13 17 34 30 45 30 10 0 31 14 45 30 13 17 34 30 45 30 10 0 31
14 45 30 14 17 34 30 48 30 12 0 25 7 29 15 3 8 15 15 26 15 12 0 33 14 47 30
13 17 34 30 45 30 10 0 31 14 45 30 13 17 34 30 45 30 10 0 31 14 45 30 14 17
34 30 48 30 12 0 25 7 29 15 3 8 15 15 26 15 12 0 33 14 47 30 13 17 34 30 45
30 10 0 31 14 45 30 13 17 34 30 45 30 10 0 31 14 45 30 13 17 34 30 45 30 10
0 31 14 45 30 14 17 34 30 48 30 12 0 25 7 29 15 3 8 15 15 26 15 12 0 33 14
47 30 13 17 34 30 45 30 10 0 31 14 45 30 13 17 34 30 45 30 10 0 31 14 45 30
13 17 34 30 45 30 10 0 31 14 45 30 14 17 34 30 48 30 12 0 25 7 29 15 3 8 15
15 26 15 12 0 33 14 47 30 13 17 33 30 44 30 10 0 32 14 47 30 16 17 37 30 46
30 10 0 29 14 43 30 14 17 34 30 48 30 12 0 25 7 29 15 3 8 15 15 26 15 12 0
33 14 47 30 13 17 34 30 45 30 10 0 31 14 45 30 13 17 33 30 43 30 10 0 29 13
42 29 13 17 28 30 33 30 7 1 9 -254 8 -751z"/>
<path d="M1860 2308 c-14 -29 -28 -57 -33 -63 -8 -10 -47 -85 -137 -263 -23
-45 -46 -85 -51 -88 -5 -3 -9 -13 -9 -23 0 -10 -7 -24 -15 -31 -8 -7 -15 -20
-15 -30 0 -10 -7 -23 -15 -30 -8 -7 -15 -21 -15 -30 0 -10 -4 -20 -8 -22 -5
-1 -26 -39 -48 -83 -21 -44 -42 -82 -45 -85 -3 -3 -25 -43 -48 -90 -23 -47
-53 -103 -66 -125 -13 -22 -24 -48 -25 -57 0 -10 -4 -18 -8 -18 -13 0 -44 -79
-38 -95 5 -13 90 -15 610 -15 332 0 611 3 620 6 25 10 19 34 -28 125 -24 46
-63 122 -86 169 -24 47 -47 87 -52 88 -4 2 -8 12 -8 22 0 9 -7 23 -15 30 -8 7
-15 20 -15 30 0 10 -6 23 -14 29 -8 7 -17 23 -20 36 -4 14 -11 25 -16 25 -6 0
-10 8 -11 18 0 9 -18 49 -39 87 -21 39 -57 108 -81 155 -23 47 -45 87 -48 90
-3 3 -24 41 -45 85 -22 44 -42 82 -45 85 -4 3 -19 31 -34 63 -37 77 -62 78
-97 5z m83 -71 c10 -23 32 -69 49 -102 73 -144 102 -200 107 -205 4 -3 30 -52
59 -110 29 -58 57 -112 62 -120 5 -8 11 -22 14 -30 3 -8 10 -23 16 -32 16 -28
25 -46 85 -163 30 -60 60 -117 65 -125 53 -89 70 -123 67 -127 -3 -2 -254 -4
-558 -4 -404 1 -555 4 -558 12 -2 6 1 14 6 18 5 3 25 38 45 76 20 39 54 104
77 145 22 41 65 125 96 185 61 118 70 136 85 163 6 9 13 24 16 32 3 8 9 22 14
30 5 8 33 62 62 120 29 58 56 107 59 110 4 3 24 42 45 87 24 50 45 83 54 83 8
0 23 -20 33 -43z"/>
<path d="M2911 1444 c-12 -15 -21 -32 -21 -39 0 -7 -7 -18 -15 -25 -8 -7 -15
-21 -15 -31 0 -11 -4 -19 -8 -19 -4 0 -20 -27 -35 -60 -15 -32 -32 -62 -37
-65 -6 -3 -10 -14 -10 -24 0 -10 -7 -24 -15 -31 -8 -7 -15 -20 -15 -30 0 -10
-7 -23 -15 -30 -8 -7 -15 -21 -15 -30 0 -10 -4 -20 -8 -22 -4 -1 -31 -48 -59
-103 -28 -55 -76 -147 -107 -205 -30 -58 -80 -154 -111 -215 -61 -119 -70
-136 -85 -163 -6 -9 -13 -24 -16 -32 -3 -8 -10 -23 -15 -32 -6 -11 -4 -20 4
-25 16 -10 966 -17 1125 -8 l122 7 0 29 c0 16 -4 29 -9 29 -5 0 -12 11 -15 25
-4 14 -11 25 -16 25 -6 0 -10 8 -11 18 0 9 -18 49 -39 87 -21 39 -57 108 -81
155 -23 47 -45 87 -48 90 -3 3 -30 52 -59 110 -53 104 -63 124 -82 158 -6 9
-13 24 -16 32 -3 8 -10 22 -15 30 -5 8 -12 22 -15 30 -3 8 -9 22 -14 30 -5 8
-28 53 -51 100 -23 47 -45 87 -48 90 -4 3 -24 42 -46 87 -22 46 -45 83 -52 83
-6 0 -21 -12 -32 -26z m179 -344 c4 -8 11 -22 14 -30 5 -14 10 -22 36 -67 6
-10 15 -30 21 -45 6 -16 15 -28 20 -28 5 0 9 -6 9 -14 0 -8 17 -47 38 -86 20
-39 61 -117 90 -173 30 -56 77 -147 105 -202 28 -55 55 -101 59 -103 4 -2 8
-15 8 -28 l0 -24 -561 0 c-308 0 -559 3 -557 8 15 35 64 128 69 132 3 3 30 55
60 115 30 61 58 115 62 120 9 10 46 81 153 293 31 62 61 115 65 118 5 3 9 13
9 23 0 10 7 24 15 31 8 7 15 20 15 30 0 10 7 23 15 30 8 7 15 21 15 31 0 11 3
19 8 19 4 0 18 24 31 53 48 103 46 104 123 -50 38 -76 73 -145 78 -153z"/>
<path d="M4607 1463 c-4 -3 -7 -14 -7 -23 0 -10 -7 -23 -15 -30 -8 -7 -15 -19
-15 -27 0 -8 -7 -21 -15 -29 -8 -9 -15 -24 -15 -35 0 -10 -4 -19 -9 -19 -5 0
-14 -12 -20 -27 -6 -16 -15 -35 -20 -43 -5 -8 -12 -22 -15 -30 -3 -8 -10 -23
-16 -32 -19 -34 -29 -54 -82 -158 -29 -58 -56 -107 -59 -110 -3 -3 -26 -45
-51 -95 -25 -49 -68 -134 -97 -188 -28 -53 -51 -104 -51 -112 0 -8 -4 -15 -10
-15 -5 0 -12 -11 -16 -25 -3 -13 -12 -29 -20 -36 -8 -6 -14 -19 -14 -29 0 -10
-7 -23 -15 -30 -8 -7 -15 -21 -15 -31 0 -11 -4 -19 -9 -19 -13 0 -22 -42 -11
-55 11 -14 935 -21 1125 -9 l115 7 0 28 c0 15 -6 34 -13 41 -8 7 -17 26 -21
41 -3 15 -11 27 -16 27 -6 0 -10 8 -10 18 0 10 -7 27 -15 40 -9 12 -39 68 -67
124 -29 57 -54 105 -57 108 -3 3 -30 52 -59 110 -53 104 -63 124 -82 158 -6 9
-12 23 -15 30 -12 29 -19 43 -78 155 -34 65 -82 157 -107 205 -59 115 -80 138
-103 115z m108 -230 c43 -87 82 -159 87 -161 4 -2 8 -12 8 -22 0 -9 7 -23 15
-30 8 -7 15 -20 15 -30 0 -10 7 -23 15 -30 8 -7 15 -21 15 -31 0 -10 4 -20 9
-23 4 -3 34 -56 65 -118 107 -212 144 -283 153 -293 11 -14 93 -178 93 -188 0
-4 -252 -7 -560 -7 -528 0 -559 1 -553 17 6 18 36 84 53 116 6 9 14 25 20 35
5 9 33 64 62 122 29 58 56 107 59 110 3 3 28 50 56 105 28 55 76 147 107 205
50 96 59 113 72 145 2 6 8 17 13 25 5 8 12 22 15 30 3 8 10 22 15 30 8 15 37
70 52 100 4 8 10 23 13 33 3 9 9 17 14 17 5 0 44 -71 87 -157z"/>
</g>
</svg>
