<?xml version="1.0" standalone="no"?>
<!DOCTYPE svg PUBLIC "-//W3C//DTD SVG 20010904//EN"
 "http://www.w3.org/TR/2001/REC-SVG-20010904/DTD/svg10.dtd">
<svg version="1.0" xmlns="http://www.w3.org/2000/svg"
 width="483.000000pt" height="165.000000pt" viewBox="0 0 483.000000 165.000000"
 preserveAspectRatio="xMidYMid meet">
<metadata>
Created by potrace 1.10, written by Peter Selinger 2001-2011
</metadata>
<g transform="translate(0.000000,165.000000) scale(0.100000,-0.100000)"
fill="#000000" stroke="none">
<path d="M50 790 l0 -790 2340 0 2340 0 0 790 0 790 -2340 0 -2340 0 0 -790z
m4620 -5 l0 -735 -2280 0 -2280 0 0 735 0 735 2280 0 2280 0 0 -735z"/>
<path d="M1543 1229 c-3 -17 -12 -33 -19 -36 -10 -3 -14 -23 -14 -59 0 -39 -4
-56 -15 -60 -11 -5 -15 -21 -15 -60 0 -39 -4 -56 -15 -60 -10 -4 -15 -20 -15
-45 0 -26 -5 -42 -15 -45 -11 -5 -15 -21 -15 -60 0 -39 -4 -56 -15 -60 -11 -5
-15 -22 -15 -64 0 -38 -4 -60 -12 -63 -8 -2 -13 -23 -13 -55 0 -52 -17 -73
-23 -30 -2 13 -10 27 -18 31 -8 4 -14 19 -14 31 0 13 -7 26 -15 30 -8 3 -15
16 -15 30 0 13 -7 27 -16 30 -8 3 -14 14 -12 23 6 40 -37 59 -62 28 -7 -8 -21
-15 -31 -15 -26 0 -73 -46 -65 -65 7 -19 32 -19 43 0 5 8 24 16 43 17 31 3 35
0 38 -22 2 -14 10 -29 18 -33 8 -4 14 -19 14 -31 0 -13 7 -26 15 -30 8 -3 15
-16 15 -30 0 -13 7 -27 16 -30 9 -3 14 -15 12 -27 -4 -29 26 -48 50 -33 9 7
16 21 15 33 -2 12 5 25 17 31 16 8 20 21 20 61 0 35 4 51 15 55 11 5 15 21 15
60 0 39 4 56 15 60 11 5 15 21 15 60 0 39 4 56 15 60 10 4 15 20 15 45 0 26 5
42 15 45 11 5 15 21 15 60 0 39 4 56 15 60 11 4 15 21 15 59 0 83 3 84 226 87
181 3 189 4 189 23 0 19 -8 20 -213 23 l-212 2 -7 -31z"/>
<path d="M3193 1229 c-3 -17 -12 -33 -19 -36 -10 -3 -14 -23 -14 -59 0 -39 -4
-56 -15 -60 -11 -5 -15 -21 -15 -60 0 -39 -4 -56 -15 -60 -10 -4 -15 -20 -15
-45 0 -26 -5 -42 -15 -45 -11 -5 -15 -21 -15 -60 0 -39 -4 -56 -15 -60 -11 -5
-15 -22 -15 -64 0 -38 -4 -60 -12 -63 -8 -2 -13 -23 -13 -55 0 -52 -17 -73
-23 -30 -2 13 -10 27 -18 31 -8 4 -14 19 -14 31 0 13 -7 26 -15 30 -8 3 -15
16 -15 30 0 13 -7 27 -16 30 -8 3 -14 14 -12 23 6 40 -37 59 -62 28 -7 -8 -21
-15 -31 -15 -26 0 -73 -46 -65 -65 7 -19 32 -19 43 0 5 8 24 16 43 17 31 3 35
0 38 -22 2 -14 10 -29 18 -33 8 -4 14 -19 14 -31 0 -13 7 -26 15 -30 8 -3 15
-16 15 -30 0 -13 7 -27 16 -30 9 -3 14 -15 12 -27 -4 -29 26 -48 50 -33 9 7
16 21 15 33 -2 12 5 25 17 31 16 8 20 21 20 61 0 35 4 51 15 55 11 5 15 21 15
60 0 39 4 56 15 60 11 5 15 21 15 60 0 39 4 56 15 60 10 4 15 20 15 45 0 26 5
42 15 45 11 5 15 21 15 60 0 39 4 56 15 60 11 4 15 21 15 59 0 83 3 84 226 87
181 3 189 4 189 23 0 19 -8 20 -213 23 l-212 2 -7 -31z"/>
<path d="M1691 992 c-12 -13 -21 -32 -21 -42 0 -11 -9 -24 -21 -30 -12 -7 -18
-17 -15 -27 4 -8 -3 -22 -16 -32 -31 -26 -15 -44 33 -36 31 5 40 3 45 -9 3 -9
15 -16 26 -16 11 0 38 -17 59 -39 36 -35 39 -43 39 -93 0 -49 -3 -57 -38 -91
-32 -32 -44 -37 -84 -37 -28 0 -50 6 -58 15 -16 19 -59 19 -66 0 -4 -8 6 -25
23 -39 23 -21 38 -25 90 -26 l61 0 69 71 68 71 -2 63 c-2 61 -3 64 -53 114
-28 28 -60 51 -71 51 -11 0 -22 7 -25 15 -4 8 -17 15 -29 15 -34 0 -37 12 -9
39 20 20 32 22 82 20 48 -3 63 0 86 18 46 37 30 48 -67 48 -77 0 -87 -2 -106
-23z"/>
<path d="M3314 995 c-11 -11 -30 -28 -43 -37 -15 -11 -21 -23 -18 -32 9 -23
54 -20 67 4 8 16 21 20 58 20 55 0 92 -30 92 -75 0 -36 -64 -100 -100 -100
-18 0 -25 -5 -25 -20 0 -17 7 -20 40 -20 32 0 48 -7 78 -34 31 -29 37 -40 37
-76 0 -56 -29 -83 -93 -86 -35 -2 -50 2 -60 15 -9 13 -23 17 -52 14 -38 -3
-40 -4 -40 -38 l0 -35 102 -3 102 -3 38 42 c21 23 45 49 53 57 11 11 14 33 11
80 -3 57 -6 68 -32 89 -33 28 -41 85 -13 101 9 5 17 23 18 41 2 26 -6 41 -35
70 -34 35 -42 39 -102 43 -56 3 -67 1 -83 -17z"/>
<path d="M2143 705 c-3 -9 -1 -21 4 -26 5 -5 90 -8 204 -7 186 3 194 4 194 23
0 19 -8 20 -198 23 -173 2 -198 0 -204 -13z"/>
</g>
</svg>
