<?xml version="1.0" encoding="UTF-8" standalone="no"?>
<svg
   xmlns:dc="http://purl.org/dc/elements/1.1/"
   xmlns:cc="http://creativecommons.org/ns#"
   xmlns:rdf="http://www.w3.org/1999/02/22-rdf-syntax-ns#"
   xmlns:svg="http://www.w3.org/2000/svg"
   xmlns="http://www.w3.org/2000/svg"
   xmlns:sodipodi="http://sodipodi.sourceforge.net/DTD/sodipodi-0.dtd"
   xmlns:inkscape="http://www.inkscape.org/namespaces/inkscape"
   version="1.0"
   width="900.000000pt"
   height="579.000000pt"
   viewBox="0 0 900.000000 579.000000"
   preserveAspectRatio="xMidYMid meet"
   id="svg2"
   inkscape:version="0.48.4 r9939"
   sodipodi:docname="1.svg">
  <defs
     id="defs126" />
  <sodipodi:namedview
     pagecolor="#ffffff"
     bordercolor="#666666"
     borderopacity="1"
     objecttolerance="10"
     gridtolerance="10"
     guidetolerance="10"
     inkscape:pageopacity="0"
     inkscape:pageshadow="2"
     inkscape:window-width="1600"
     inkscape:window-height="824"
     id="namedview124"
     showgrid="false"
     inkscape:zoom="0.65215889"
     inkscape:cx="644.11664"
     inkscape:cy="310.73273"
     inkscape:window-x="0"
     inkscape:window-y="24"
     inkscape:window-maximized="1"
     inkscape:current-layer="svg2" />
  <metadata
     id="metadata4">
Created by potrace 1.10, written by Peter Selinger 2001-2011
<rdf:RDF>
  <cc:Work
     rdf:about="">
    <dc:format>image/svg+xml</dc:format>
    <dc:type
       rdf:resource="http://purl.org/dc/dcmitype/StillImage" />
  </cc:Work>
</rdf:RDF>
</metadata>
  <g
     transform="translate(0.000000,579.000000) scale(0.100000,-0.100000)"
     fill="#000000"
     stroke="none"
     id="g6">
    <path
       d="M50 2885 l0 -2805 4400 2 4401 3 -1 2800 0 2800 -4400 3 -4400 2 0 -2805z m8750 0 l0 -2745 -4342 2 -4343 3 -3 2730 c-1 1502 0 2736 3 2743 3 9 882 12 4345 12 l4340 0 0 -2745z"
       id="path8" />
    <path
       d="M622 5481 c-13 -3 -29 -17 -37 -30 l-13 -24 -26 26 c-33 33 -94 37 -119 9 -25 -28 -24 -163 1 -185 28 -26 81 -21 112 8 24 23 26 32 22 74 -2 30 0 51 7 55 8 5 11 -12 11 -54 0 -84 10 -100 65 -100 64 0 75 16 75 109 0 62 -4 81 -17 93 -23 20 -53 27 -81 19z m-122 -107 c0 -66 -2 -75 -17 -72 -14 3 -19 15 -21 62 -4 68 1 86 23 86 12 0 15 -14 15 -76z m158 67 c9 -5 12 -27 10 -72 -3 -56 -5 -64 -23 -64 -17 0 -20 8 -23 59 -4 81 4 98 36 77z"
       id="path10" />
    <path
       d="M292 5447 c-41 -42 -43 -69 -4 -65 27 3 27 2 27 -57 0 -57 1 -60 25 -60 25 0 25 0 28 108 3 106 3 107 -21 107 -13 0 -37 -14 -55 -33z"
       id="path12" />
    <path
       d="M812 5361 c-38 -7 -43 -24 -10 -31 22 -6 22 -6 23 -205 1 -110 -1 -206 -3 -212 -2 -7 -13 -13 -23 -13 -10 0 -19 -4 -19 -10 0 -5 9 -10 19 -10 11 0 21 -9 24 -22 2 -13 4 -212 3 -444 -1 -321 -4 -425 -14 -436 -10 -12 -10 -17 1 -26 10 -8 13 -59 12 -214 l0 -203 -27 -3 c-16 -2 -28 -9 -28 -17 0 -8 12 -15 28 -17 l27 -3 0 -203 c0 -148 -3 -206 -12 -214 -10 -8 -9 -15 1 -31 10 -17 13 -115 12 -447 l-1 -425 -23 -3 c-12 -2 -22 -10 -22 -18 0 -10 6 -13 19 -9 27 8 29 -11 24 -255 -2 -118 -3 -222 -3 -230 4 -324 5 -433 0 -440 -3 -5 -12 -8 -20 -7 -8 1 -15 -2 -15 -8 0 -5 7 -9 15 -8 8 1 17 -3 21 -8 12 -20 4 -406 -8 -421 -10 -11 -10 -17 0 -27 6 -6 12 -25 13 -42 2 -43 21 -60 40 -35 8 11 14 31 14 44 l0 25 278 -6 c152 -4 414 -3 582 1 168 4 362 6 433 4 l127 -3 0 -29 c0 -16 5 -32 11 -36 14 -8 30 15 26 41 -2 20 4 20 716 22 l717 2 0 -30 c0 -41 33 -37 38 4 l3 28 322 -3 c177 -2 437 -2 577 0 140 2 317 3 393 2 l137 0 0 -35 c0 -24 5 -35 15 -35 10 0 15 10 15 33 l0 33 573 2 c314 1 628 2 697 2 69 0 128 0 133 0 4 0 7 -9 7 -19 0 -21 38 -54 52 -45 4 3 8 1060 8 2348 l0 2344 -23 4 c-37 7 -5869 6 -5905 -1z m5156 -41 c9 0 12 -46 12 -199 0 -147 -3 -201 -12 -207 -8 -5 -698 -7 -1588 -4 -866 3 -2004 3 -2528 0 -525 -3 -958 -2 -964 1 -9 6 -12 394 -4 408 3 4 4656 5 5084 1z m710 -202 c1 -115 -1 -208 -5 -208 -5 0 -64 -1 -133 -2 l-125 -2 -3 199 c-1 110 0 205 2 212 4 9 39 12 133 10 l128 -2 3 -207z m-397 177 c0 -5 11 -16 25 -23 13 -7 24 -17 24 -23 0 -6 7 -9 15 -5 13 5 15 -18 15 -167 3 -1318 -1 -4282 -6 -4286 -3 -3 -78 -8 -166 -10 l-161 -3 7 2198 c3 1210 8 2216 9 2236 3 43 27 66 72 69 l30 2 -27 4 c-16 2 -28 9 -28 14 0 13 190 7 191 -6z m182 -420 c41 -17 149 -20 177 -5 36 19 41 -7 38 -215 l-3 -198 -107 -1 c-112 -1 -136 -8 -104 -32 25 -18 167 -19 184 -2 26 26 32 -18 29 -226 l-2 -208 -130 -2 -130 -1 -3 420 c-2 372 1 485 12 485 2 0 20 -7 39 -15z m-3838 -27 c3 -18 5 -113 3 -211 l-3 -177 -869 -1 c-478 0 -871 2 -873 5 -6 6 -6 387 0 393 3 2 382 4 843 4 462 0 848 4 859 9 31 13 34 12 40 -22z m3337 15 c16 -14 18 -35 18 -206 0 -167 -2 -191 -17 -202 -16 -12 -16 -14 -1 -38 14 -20 17 -57 19 -211 1 -103 -1 -189 -4 -193 -3 -3 -96 -4 -205 -4 -136 1 -201 -2 -204 -9 -2 -8 -157 -11 -518 -11 l-515 0 -3 204 c-3 241 -6 233 89 217 74 -11 1164 -13 1247 -1 60 8 86 26 62 41 -9 6 -553 10 -1430 10 l-1415 -1 -3 183 c-1 101 0 192 2 203 5 20 12 20 1404 17 874 -1 1408 1 1423 7 32 13 30 13 51 -6z m-2941 -488 c3 -270 7 -1188 8 -2041 1 -1234 -2 -1553 -11 -1555 -7 -2 -88 -3 -180 -1 l-168 3 0 2039 0 2039 158 4 c86 1 164 2 172 2 13 0 16 -64 21 -490z m-1266 30 c656 0 814 3 833 13 13 8 27 11 30 7 4 -4 7 -103 7 -221 l0 -215 -869 0 c-478 0 -870 2 -872 4 -2 2 -4 94 -4 206 -2 219 3 242 44 218 16 -9 209 -12 831 -12z m1430 5 c65 -11 743 -11 815 0 84 12 84 14 85 -215 0 -108 -3 -199 -8 -202 -4 -2 -138 -5 -298 -5 -212 0 -294 4 -305 13 -10 8 -65 11 -202 8 l-187 -4 -3 190 c-3 221 -1 240 31 230 12 -4 45 -11 72 -15z m1298 -657 c9 -878 9 -2971 0 -2975 -5 -2 -84 -2 -178 0 l-170 4 2 1596 c2 878 3 1693 3 1810 l0 212 168 0 169 0 6 -647z m2185 192 c10 -4 12 -50 10 -206 l-3 -202 -130 -1 -130 -1 -3 200 c-1 110 -1 204 1 210 4 10 226 10 255 0z m-4043 -205 l0 -201 -867 0 c-478 1 -871 1 -875 1 -6 0 -8 405 -3 405 0 0 393 -1 872 -2 l873 -2 0 -201z m1461 3 c0 -112 -2 -203 -5 -203 -12 -1 -576 -1 -587 -1 -11 1 -14 392 -2 401 4 3 139 5 300 5 l293 0 1 -202z m1477 -2 l1 -201 -518 -2 -518 -3 1 199 c1 110 4 202 6 205 2 3 234 5 516 5 l512 -2 0 -201z m410 -1378 c2 -1401 0 -1583 -13 -1584 -8 0 -89 0 -180 0 l-165 1 -3 1585 -2 1585 180 -2 181 -3 2 -1582z m-2558 1565 c4 -3 7 -711 8 -1572 l2 -1566 -40 -5 c-22 -3 -96 -5 -165 -3 l-125 3 -3 1578 -2 1578 159 -3 c88 -2 162 -6 166 -10z m-790 -638 l0 -201 -870 0 -870 0 -2 23 c-1 13 -4 103 -5 200 -3 149 -1 178 11 180 8 2 402 2 875 1 l861 -2 0 -201z m1451 200 c11 0 15 -399 4 -401 -3 0 -137 -1 -299 -2 l-294 -1 -1 202 c-1 111 2 203 6 204 6 2 304 1 584 -2z m1487 -197 c-1 -109 -2 -200 -2 -203 -1 -3 -117 -5 -258 -5 -142 0 -280 -2 -308 -5 l-50 -5 -3 200 c-1 110 -1 204 2 210 2 7 108 9 312 8 l308 -2 -1 -198z m1112 -5 l0 -203 -110 -2 c-60 -1 -119 -3 -130 -5 -19 -3 -20 3 -23 197 -1 110 -1 204 2 210 2 7 50 10 132 8 l129 -2 0 -203z m-1810 172 c5 -8 7 -867 5 -2243 l0 -437 -162 2 -163 3 -3 1330 c-1 731 0 1336 3 1343 3 10 41 12 160 11 85 0 157 -5 160 -9z m413 -415 c244 0 282 -2 283 -15 1 -15 0 -390 -1 -400 0 -3 -125 -4 -277 -2 -273 2 -331 -3 -293 -28 27 -17 113 -22 316 -18 134 2 206 7 221 16 14 8 24 9 28 2 5 -8 10 -371 6 -415 -1 -6 -101 -9 -283 -7 -296 2 -329 -1 -295 -35 16 -16 43 -18 243 -21 138 -2 245 1 276 8 28 6 53 8 56 5 6 -6 5 -455 -1 -461 -2 -3 -24 0 -48 5 -24 6 -136 11 -249 11 -187 0 -271 -7 -288 -25 -20 -20 46 -25 306 -23 183 2 282 -1 283 -7 4 -56 0 -405 -5 -413 -3 -6 -24 -6 -58 0 -77 14 -504 6 -519 -9 -24 -24 24 -28 304 -28 152 0 277 -2 278 -5 0 -3 1 -94 2 -203 l2 -198 -310 0 -310 -1 -2 1129 c-2 620 -1 1134 2 1141 3 9 12 11 27 5 13 -4 150 -8 306 -8z m1287 -1 l110 -1 0 -209 0 -209 -92 3 c-91 4 -133 -2 -133 -18 0 -18 103 -31 159 -20 42 8 57 7 63 -2 4 -7 7 -103 5 -212 l-2 -200 -102 3 c-58 1 -110 -2 -121 -8 -15 -8 -23 -7 -31 2 -11 14 -16 843 -4 873 4 10 11 13 22 7 9 -4 66 -8 126 -9z m-3943 -9 c11 -15 10 -403 -1 -410 -6 -3 -6 -16 0 -33 5 -15 8 -114 7 -220 l-3 -193 -869 1 c-479 0 -872 3 -876 7 -8 11 3 400 12 408 4 4 27 2 52 -4 31 -8 276 -11 813 -11 761 0 850 4 840 33 -3 9 -209 12 -857 14 -469 1 -854 4 -857 7 -9 8 -2 400 6 406 17 10 1726 5 1733 -5z m1459 -6 c9 -15 6 -385 -3 -394 -4 -4 -123 -6 -265 -6 -235 1 -301 -5 -281 -24 25 -25 378 -35 478 -14 38 8 55 8 63 0 13 -13 19 -398 7 -406 -11 -7 -576 -9 -587 -2 -13 8 -6 397 8 413 9 11 8 18 -1 30 -10 11 -13 65 -13 208 0 106 3 197 6 202 8 14 579 7 588 -7z m2422 -902 c33 -7 67 -7 105 0 42 8 59 8 64 -1 4 -6 8 -105 8 -221 0 -115 -4 -215 -8 -221 -5 -9 -22 -9 -62 -2 -57 11 -170 -4 -170 -22 0 -16 41 -22 138 -19 l97 3 0 -209 0 -210 -105 -1 c-110 0 -141 -7 -120 -28 6 -6 52 -11 118 -11 l107 0 0 -204 0 -203 -130 -1 -130 -1 -3 664 c-1 366 0 676 3 688 4 18 10 22 23 17 9 -4 39 -12 65 -18z m-5478 -2 c33 0 76 2 95 5 l35 5 0 -230 c0 -224 -1 -230 -20 -227 -94 12 -156 13 -190 3 -30 -8 -42 -8 -52 2 -17 17 -20 421 -3 442 8 10 21 12 43 7 18 -4 59 -7 92 -7z m1279 -2 c143 -3 235 -1 264 7 36 9 47 8 53 -2 11 -17 11 -429 0 -446 -6 -10 -17 -11 -53 -2 -65 17 -465 10 -497 -9 -19 -10 -21 -15 -10 -22 8 -5 138 -9 289 -8 l275 1 2 -203 c2 -112 -1 -209 -5 -216 -5 -9 -20 -9 -55 -1 -55 11 -473 6 -501 -7 -18 -8 -18 -8 0 -19 25 -15 438 -21 501 -8 35 8 50 8 55 -1 4 -7 7 -101 5 -210 l-2 -198 -290 0 c-159 0 -296 0 -302 1 -18 0 -18 382 -1 410 10 15 10 22 0 32 -16 16 -17 409 -1 425 8 8 8 17 0 31 -15 28 -15 416 0 444 8 15 16 18 32 12 12 -4 121 -9 241 -11z m1507 2 c140 -1 260 -4 265 -8 7 -4 10 -85 9 -211 -1 -234 -4 -244 -65 -226 -47 14 -396 13 -460 -1 -36 -8 -55 -8 -62 -1 -13 13 -15 432 -3 452 5 8 16 9 34 4 14 -4 141 -8 282 -9z m-2236 -17 c3 -13 4 -318 3 -678 l-3 -654 -175 3 c-96 1 -177 4 -180 6 -3 2 -3 302 0 667 l5 663 165 5 c91 3 168 7 172 8 4 1 10 -8 13 -20z m380 -663 l0 -660 -165 0 -165 0 -3 663 -2 662 167 -2 168 -3 0 -660z m-797 -12 l2 -209 -137 1 -138 0 -5 200 c-3 139 -2 203 6 210 6 6 66 9 140 8 l129 -1 3 -209z m2918 203 c12 -4 13 -390 1 -402 -4 -4 -125 -8 -269 -8 -145 -1 -270 -4 -278 -8 -38 -19 -43 2 -43 210 0 109 3 203 6 208 5 8 559 8 583 0z m-268 -452 c144 0 265 -4 269 -8 13 -13 12 -396 -1 -396 -37 -1 -573 -1 -581 -1 -6 1 -9 73 -8 202 1 209 6 230 43 211 8 -4 133 -7 278 -8z m-2646 -193 c2 -108 0 -200 -4 -205 -5 -7 -171 -11 -273 -6 -9 0 -10 368 -1 395 2 6 57 10 139 11 l136 0 3 -195z"
       id="path14" />
    <path
       d="M430 4979 c-20 -17 -25 -31 -25 -65 0 -49 13 -64 58 -64 30 0 43 -20 32 -47 -6 -17 -7 -17 -19 0 -14 18 -61 23 -71 8 -7 -12 30 -47 56 -54 18 -5 69 36 69 54 0 4 8 9 18 11 16 5 18 13 14 64 -7 99 -71 143 -132 93z m70 -70 c0 -42 -14 -49 -34 -17 -7 12 -6 25 2 43 16 35 32 23 32 -26z"
       id="path16" />
    <path
       d="M602 4980 c-19 -18 -22 -31 -22 -104 0 -68 3 -86 18 -99 24 -21 66 -22 97 -1 23 15 25 22 25 98 0 87 -3 97 -37 115 -32 16 -56 14 -81 -9z m66 -95 c2 -66 -7 -91 -32 -82 -12 5 -16 21 -16 70 0 68 5 79 30 75 11 -2 16 -18 18 -63z"
       id="path18" />
    <path
       d="M424 4526 c-17 -20 -20 -35 -18 -100 2 -66 6 -79 26 -96 37 -31 79 -25 110 16 l27 36 -21 29 -22 29 22 21 c23 21 22 29 -12 66 -29 31 -84 31 -112 -1z m74 -91 c0 -78 -7 -95 -28 -70 -9 11 -9 22 -1 46 8 24 8 36 0 46 -9 10 -9 20 0 39 18 41 29 19 29 -61z"
       id="path20" />
    <path
       d="M597 4532 c-13 -14 -17 -38 -17 -100 0 -69 3 -85 20 -102 26 -26 70 -26 98 0 19 18 22 31 22 104 0 78 -2 85 -25 100 -32 21 -78 20 -98 -2z m67 -38 c3 -9 6 -40 6 -69 0 -43 -4 -56 -19 -64 -15 -8 -20 -7 -25 5 -8 21 -8 129 1 137 11 12 31 7 37 -9z"
       id="path22" />
    <path
       d="M404 4065 c-9 -22 12 -35 47 -28 40 8 43 -11 9 -66 -38 -61 -39 -114 -2 -119 12 -2 24 2 26 10 22 82 51 154 66 163 6 3 10 15 10 26 0 13 -7 19 -22 19 -13 0 -47 3 -75 6 -44 6 -54 4 -59 -11z"
       id="path24" />
    <path
       d="M625 4073 c-38 -9 -55 -43 -55 -115 0 -89 20 -113 87 -105 25 3 49 11 54 18 14 22 11 163 -3 182 -15 18 -53 28 -83 20z m33 -42 c9 -5 12 -27 10 -72 -3 -56 -5 -64 -23 -64 -17 0 -20 8 -23 59 -4 81 4 98 36 77z"
       id="path26" />
    <path
       d="M449 3587 c-34 -29 -37 -37 -42 -99 -4 -59 -2 -69 17 -87 53 -50 153 -6 139 60 -3 17 -12 33 -19 36 -8 3 -14 11 -14 19 0 9 -11 14 -30 14 -23 0 -30 4 -30 20 0 17 5 19 25 14 14 -3 32 -3 41 0 15 6 14 9 -6 31 -30 32 -37 31 -81 -8z m51 -126 c0 -42 -16 -63 -31 -40 -10 17 -12 63 -2 72 18 19 33 5 33 -32z"
       id="path28" />
    <path
       d="M608 3603 c-24 -6 -32 -38 -29 -117 3 -89 14 -106 67 -106 62 0 74 20 74 118 0 72 -2 83 -22 96 -22 15 -54 19 -90 9z m50 -45 c7 -7 12 -39 12 -74 0 -47 -4 -63 -16 -68 -27 -10 -34 3 -34 64 0 83 11 105 38 78z"
       id="path30" />
    <path
       d="M7276 3364 c-11 -27 -7 -932 4 -939 12 -8 1368 -7 1381 1 10 6 13 912 3 938 -6 14 -76 16 -694 16 -618 0 -688 -2 -694 -16z m1345 -459 c0 -225 0 -415 0 -422 -1 -9 -149 -12 -648 -11 -357 0 -650 4 -653 9 -3 5 -4 192 -3 416 2 224 3 411 3 416 0 4 293 6 651 5 l650 -3 0 -410z"
       id="path32" />
    <path
       d="M7399 3158 c-5 -63 0 -231 7 -236 5 -4 59 -5 119 -2 l110 5 3 99 c4 143 1 146 -133 146 -77 0 -105 -3 -106 -12z m192 -66 c3 -4 3 -32 0 -62 l-6 -55 -72 -3 -73 -3 0 64 c0 35 3 67 8 71 8 9 134 -2 143 -12z"
       id="path34"
       style="fill:#c0c0c0;fill-opacity:1" />
    <path
       d="M7898 3139 c-26 -14 -24 -80 2 -104 17 -15 24 -16 45 -7 22 10 25 18 25 61 0 42 -3 49 -22 55 -29 7 -30 7 -50 -5z"
       id="path36" />
    <path
       d="M7778 3116 c-10 -14 -18 -32 -18 -42 0 -9 -7 -22 -15 -28 -9 -6 -18 -28 -22 -49 -5 -36 -5 -37 26 -37 24 0 34 -6 41 -25 13 -35 45 -32 64 6 10 21 13 36 6 43 -5 7 -10 43 -12 81 -3 66 -4 70 -28 72 -17 2 -31 -5 -42 -21z m7 -99 c0 -26 -20 -25 -23 2 -3 16 1 22 10 19 7 -3 13 -12 13 -21z"
       id="path38" />
    <path
       d="M8073 3083 c-22 -8 -14 -32 12 -39 l24 -6 -30 -25 c-24 -20 -29 -32 -27 -57 3 -27 8 -32 41 -40 24 -6 48 -6 65 0 26 9 27 12 27 82 0 54 -4 75 -15 82 -16 10 -76 12 -97 3z m74 -117 c-7 -18 -16 -20 -36 -7 -11 7 -10 13 5 34 18 24 20 24 28 7 5 -10 6 -26 3 -34z"
       id="path40" />
    <path
       d="M8222 3081 c-6 -3 -12 -37 -13 -75 -3 -55 -1 -71 12 -79 32 -20 49 -1 47 53 -2 51 11 78 32 65 8 -5 11 -25 8 -57 -4 -35 -1 -54 10 -64 25 -26 37 -10 40 57 4 85 -9 103 -77 105 -27 0 -54 -2 -59 -5z"
       id="path42" />
    <path
       d="M8409 3083 c-33 -8 -34 -137 -2 -161 20 -15 89 -10 106 7 5 5 12 33 15 60 6 70 -14 101 -66 100 -20 -1 -44 -3 -53 -6z m64 -45 c2 -7 3 -24 1 -38 -1 -14 -3 -28 -3 -32 -1 -5 -10 -8 -21 -8 -17 0 -20 7 -20 45 0 37 3 45 19 45 10 0 21 -6 24 -12z"
       id="path44" />
    <path
       d="M7399 2805 c-5 -50 1 -229 9 -234 5 -3 56 -4 113 -1 l103 5 -1 108 c-1 59 -2 112 -2 117 -1 10 -220 15 -222 5z"
       id="path46"
       style="fill:#777777;fill-opacity:1" />
    <path
       d="M7747 2770 c-12 -10 -21 -34 -24 -63 -5 -44 -4 -47 17 -47 13 0 31 7 41 16 24 22 39 10 39 -31 0 -42 -12 -50 -49 -32 -21 11 -32 12 -40 4 -26 -26 7 -57 60 -57 54 0 93 39 83 84 -8 39 -28 62 -60 70 -35 9 -24 30 19 37 43 7 47 4 47 -32 0 -24 5 -29 34 -35 19 -3 39 -3 45 1 12 7 15 94 4 96 -5 1 -51 2 -102 3 -72 1 -100 -3 -114 -14z"
       id="path48" />
    <path
       d="M8071 2731 c-24 -19 -22 -41 5 -41 21 0 17 -23 -6 -38 -20 -12 -25 -37 -14 -66 5 -12 21 -16 70 -16 l64 0 0 65 c0 57 -3 69 -25 90 -29 30 -61 31 -94 6z m77 -99 c4 -25 -23 -41 -39 -25 -7 7 -6 18 3 32 16 25 32 22 36 -7z"
       id="path50" />
    <path
       d="M8413 2732 c-17 -12 -24 -31 -27 -65 -8 -85 14 -108 95 -99 54 6 69 114 23 157 -31 29 -60 31 -91 7z m58 -44 c1 -7 3 -25 4 -39 4 -33 -9 -54 -29 -46 -16 6 -23 76 -9 90 11 12 33 8 34 -5z"
       id="path52" />
    <path
       d="M8222 2728 c-5 -7 -11 -44 -13 -83 l-4 -70 33 -3 32 -3 0 60 c0 33 4 62 9 65 18 12 33 -24 29 -71 -3 -46 -2 -48 25 -51 l27 -3 0 68 c0 58 -3 71 -22 87 -17 15 -25 16 -40 7 -13 -8 -24 -8 -38 -1 -24 13 -25 13 -38 -2z"
       id="path54" />
    <path
       d="M453 3143 c-34 -3 -43 -8 -43 -23 0 -10 -7 -25 -15 -34 -8 -8 -15 -26 -15 -41 0 -49 61 -44 68 6 5 33 31 59 59 59 18 0 24 5 21 17 -4 20 -13 22 -75 16z"
       id="path56" />
    <path
       d="M603 3142 c-42 -6 -53 -37 -46 -126 6 -90 16 -106 70 -106 56 0 73 27 73 118 0 63 -4 82 -17 94 -21 18 -49 25 -80 20z m45 -116 c-3 -55 -5 -61 -25 -64 -22 -3 -23 0 -23 66 0 72 11 91 38 69 9 -7 12 -30 10 -71z"
       id="path58" />
    <path
       d="M466 3051 c-3 -4 0 -22 6 -39 9 -24 9 -34 -2 -47 -9 -11 -16 -13 -24 -5 -14 14 -53 13 -62 -2 -12 -19 45 -61 73 -53 55 13 73 34 73 85 0 40 -3 48 -25 58 -31 14 -32 14 -39 3z"
       id="path60" />
    <path
       d="M459 2707 c-9 -7 -26 -34 -38 -60 -12 -26 -26 -47 -31 -47 -6 0 -10 -13 -10 -30 0 -27 3 -30 30 -30 20 0 35 -8 46 -25 9 -14 22 -25 29 -25 7 0 16 11 19 25 4 14 11 25 16 25 16 0 11 27 -6 34 -13 5 -15 19 -12 73 3 72 -8 87 -43 60z m-10 -127 c-7 -5 -18 -6 -25 -3 -10 4 -8 10 9 23 19 16 22 17 25 3 2 -9 -2 -19 -9 -23z"
       id="path62" />
    <path
       d="M571 2698 c-22 -20 -23 -26 -17 -102 5 -68 9 -83 28 -98 32 -25 65 -22 93 7 22 21 25 33 25 95 0 91 -17 120 -69 120 -24 0 -45 -8 -60 -22z m73 -34 c9 -23 7 -107 -2 -122 -5 -7 -16 -10 -25 -6 -13 5 -17 19 -17 68 0 35 3 66 7 69 11 12 31 7 37 -9z"
       id="path64" />
    <path
       d="M428 2258 c-32 -27 -35 -43 -12 -52 22 -8 21 -9 44 16 15 17 23 19 32 10 8 -8 8 -15 -2 -27 -10 -12 -10 -21 -1 -41 14 -31 14 -74 1 -74 -6 0 -24 7 -39 15 -32 16 -41 12 -41 -22 0 -52 102 -52 140 0 22 29 23 31 5 63 -19 36 -15 64 10 64 12 0 15 -13 15 -61 0 -85 10 -99 68 -99 27 0 53 5 60 12 7 7 12 44 12 94 0 78 -2 84 -27 104 -33 26 -80 21 -104 -11 -13 -18 -19 -19 -37 -10 -11 6 -22 15 -24 21 -2 6 -19 13 -38 16 -28 5 -41 1 -62 -18z m230 -27 c9 -5 12 -27 10 -72 -3 -56 -5 -64 -23 -64 -17 0 -20 8 -23 59 -4 81 4 98 36 77z"
       id="path66" />
    <path
       d="M401 1770 c-13 -12 -21 -26 -17 -35 6 -17 51 -20 61 -5 8 12 35 -6 35 -22 0 -6 -24 -34 -54 -64 -72 -73 -68 -91 20 -96 74 -4 84 -2 84 18 0 15 -8 17 -52 14 -39 -2 -35 17 12 65 29 29 40 48 40 71 0 63 -78 96 -129 54z"
       id="path68" />
    <path
       d="M583 1772 c-17 -14 -22 -32 -28 -98 -6 -76 -5 -83 16 -103 15 -13 36 -21 60 -21 51 0 69 30 69 114 0 79 -5 93 -41 111 -36 19 -49 19 -76 -3z m61 -48 c9 -24 7 -107 -3 -123 -5 -8 -16 -11 -25 -8 -20 8 -23 132 -3 140 20 9 25 8 31 -9z"
       id="path70" />
    <path
       d="M446 1269 c-37 -29 -50 -57 -35 -75 6 -8 19 -13 28 -12 13 3 16 -7 16 -57 0 -57 1 -60 25 -60 l25 0 0 105 c0 124 -9 139 -59 99z"
       id="path72" />
    <path
       d="M595 1283 c-35 -8 -45 -33 -45 -108 0 -85 11 -104 67 -112 33 -4 45 -1 62 16 18 18 21 33 21 94 -1 41 -6 79 -13 88 -14 18 -61 29 -92 22z m50 -108 c0 -63 -2 -70 -20 -70 -17 0 -20 8 -23 59 -4 70 2 89 25 84 15 -3 18 -15 18 -73z"
       id="path74" />
    <path
       d="M580 857 c-23 -12 -25 -18 -28 -102 -3 -104 4 -115 75 -115 33 0 46 5 57 23 12 18 22 107 17 152 -5 40 -77 65 -121 42z m65 -103 c0 -62 -2 -69 -20 -69 -18 0 -20 8 -23 64 -2 45 1 67 10 72 26 17 33 1 33 -67z"
       id="path76" />
    <path
       d="M1075 613 c-22 -3 -45 -9 -52 -15 -19 -15 -18 -207 0 -214 8 -3 40 -6 73 -7 53 -2 59 0 59 18 0 17 -7 20 -40 20 -36 0 -40 3 -40 25 0 22 5 26 40 30 27 3 40 10 40 20 0 11 -9 14 -36 12 -39 -3 -55 14 -44 49 5 14 15 18 43 16 33 -2 37 0 37 23 0 27 -10 30 -80 23z"
       id="path78" />
    <path
       d="M2623 613 c-23 -2 -46 -10 -53 -18 -7 -8 -10 -50 -8 -111 l3 -99 55 -8 c57 -8 107 4 95 23 -3 6 -21 10 -38 10 -18 0 -38 4 -45 9 -20 12 -10 45 13 49 56 8 68 13 57 24 -6 6 -23 11 -38 12 -32 1 -54 30 -37 47 7 7 27 12 45 13 24 1 34 6 36 20 4 19 -14 37 -33 34 -5 -1 -29 -3 -52 -5z"
       id="path80" />
    <path
       d="M3558 607 c-52 -21 -43 -76 9 -56 30 11 53 6 53 -14 0 -7 -22 -35 -50 -62 -77 -76 -67 -101 40 -100 58 0 65 2 65 20 0 16 -7 20 -37 20 -20 0 -39 3 -42 6 -3 3 15 25 39 49 51 50 58 85 23 118 -29 26 -65 33 -100 19z"
       id="path82" />
    <path
       d="M4095 611 l-50 -6 -3 -111 -3 -111 59 -7 c64 -7 92 -1 92 19 0 9 -15 15 -42 17 -38 3 -43 6 -46 30 -3 25 0 27 39 30 58 4 63 26 7 30 -40 3 -43 5 -43 33 0 29 2 30 38 27 27 -3 39 1 43 12 7 18 -12 47 -30 44 -6 0 -33 -4 -61 -7z"
       id="path84" />
    <path
       d="M5028 602 c-16 -9 -28 -25 -28 -35 0 -19 19 -20 69 -6 7 2 16 -2 18 -9 3 -8 -4 -16 -16 -19 -26 -7 -27 -19 -1 -33 14 -7 20 -21 20 -44 0 -44 -7 -49 -40 -24 -47 34 -70 0 -27 -40 31 -29 69 -28 106 4 26 22 31 32 27 61 -2 19 -8 39 -15 46 -8 8 -7 15 5 28 41 46 -60 107 -118 71z"
       id="path86" />
    <path
       d="M5580 611 c-25 -4 -51 -10 -57 -14 -19 -12 -18 -206 0 -213 8 -3 40 -6 73 -7 53 -2 59 0 59 18 0 17 -7 20 -40 20 -36 0 -40 3 -40 25 0 22 5 26 40 30 27 3 40 10 40 20 0 11 -9 14 -36 12 -39 -3 -55 14 -44 49 5 14 15 18 43 16 33 -2 37 0 37 23 0 28 -9 31 -75 21z"
       id="path88" />
    <path
       d="M1683 602 c-13 -8 -20 -165 -9 -199 8 -24 40 -31 52 -12 8 14 7 196 -1 209 -7 12 -25 13 -42 2z"
       id="path90" />
    <path
       d="M2032 581 c-34 -32 -45 -81 -17 -81 8 0 15 5 15 10 0 6 5 10 10 10 6 0 10 -30 10 -69 0 -72 9 -87 42 -69 15 7 17 22 15 106 -3 132 -15 147 -75 93z"
       id="path92" />
    <path
       d="M3227 598 c-2 -7 -2 -59 1 -116 4 -88 7 -102 21 -100 13 3 17 22 22 103 6 99 1 125 -26 125 -7 0 -15 -6 -18 -12z"
       id="path94" />
    <path
       d="M4707 603 c-4 -3 -7 -55 -7 -115 0 -99 2 -108 19 -108 10 0 25 10 33 22 l15 22 19 -22 c15 -17 29 -22 70 -22 60 0 64 5 64 85 0 70 -25 97 -84 93 -43 -3 -64 -28 -23 -28 13 0 27 -3 30 -6 8 -8 -75 -84 -85 -77 -14 8 -8 52 8 61 15 8 15 10 -1 16 -13 4 -15 13 -11 32 10 37 -24 71 -47 47z m148 -163 c0 -27 -22 -39 -31 -16 -8 22 3 49 19 43 6 -2 12 -14 12 -27z"
       id="path96" />
    <path
       d="M6183 602 c-13 -8 -20 -165 -9 -199 8 -24 40 -31 52 -12 8 14 7 196 -1 209 -7 12 -25 13 -42 2z"
       id="path98" />
    <path
       d="M6548 596 c-10 -7 -18 -23 -18 -34 0 -12 -6 -25 -12 -29 -21 -13 -52 -83 -42 -93 5 -4 23 -10 39 -12 22 -2 31 -9 33 -25 2 -17 10 -23 27 -23 32 0 54 60 35 95 -8 15 -10 39 -6 66 10 60 -16 86 -56 55z m6 -85 c8 -12 -3 -41 -15 -41 -5 0 -9 11 -9 25 0 25 14 34 24 16z"
       id="path100" />
    <path
       d="M1395 563 c-11 -3 -26 -14 -33 -24 -17 -25 -39 -24 -52 1 -15 28 -78 27 -108 0 -12 -12 -22 -24 -22 -28 0 -15 25 -39 63 -62 23 -13 35 -26 29 -32 -10 -10 -42 0 -42 13 0 12 -37 12 -45 0 -3 -6 5 -19 17 -30 30 -28 93 -29 108 -1 13 25 28 25 54 1 34 -30 70 -34 100 -10 47 37 20 70 -28 34 -27 -21 -36 -10 -36 45 0 55 13 70 39 46 21 -19 51 -21 51 -3 0 18 -43 57 -61 56 -8 -1 -23 -4 -34 -6z m-118 -49 c4 -11 13 -13 34 -9 27 6 29 4 29 -23 0 -38 -8 -44 -30 -24 -10 10 -30 25 -44 35 -15 10 -24 22 -21 28 9 14 25 11 32 -7z"
       id="path102" />
    <path
       d="M2922 545 c-27 -22 -29 -28 -25 -77 8 -92 69 -123 131 -66 l22 21 23 -21 c28 -27 79 -29 107 -5 16 14 20 30 20 73 0 43 -4 59 -20 73 -27 23 -76 22 -107 -3 l-25 -20 -30 25 c-37 31 -59 31 -96 0z m65 -31 c3 -9 15 -14 32 -12 24 3 26 0 26 -32 0 -31 -3 -35 -23 -32 -14 2 -29 -4 -36 -14 -7 -9 -18 -14 -24 -10 -13 8 -17 98 -5 109 11 12 23 8 30 -9z m158 -45 c0 -41 -4 -54 -15 -54 -16 0 -27 73 -16 102 13 33 31 5 31 -48z"
       id="path104" />
    <path
       d="M4421 563 c-35 -14 -54 -46 -54 -93 1 -54 23 -84 70 -94 23 -5 35 -1 57 19 33 30 42 31 58 5 17 -26 78 -27 101 -2 24 27 23 123 -1 145 -27 24 -88 22 -102 -3 -14 -26 -23 -25 -56 5 -26 24 -45 29 -73 18z m82 -63 c23 0 27 -4 27 -30 0 -26 -3 -30 -29 -30 -16 0 -34 -7 -41 -15 -19 -23 -30 -8 -30 44 0 56 7 67 30 46 9 -8 29 -15 43 -15z m125 -26 c2 -41 0 -53 -14 -58 -23 -9 -34 10 -34 60 0 45 6 56 30 52 11 -2 16 -18 18 -54z"
       id="path106" />
    <path
       d="M5895 563 c-11 -3 -26 -14 -33 -24 -17 -25 -39 -24 -52 1 -24 45 -141 10 -126 -38 4 -11 27 -33 52 -47 29 -17 42 -31 37 -36 -11 -11 -43 -2 -43 12 0 12 -37 12 -45 0 -3 -6 5 -19 17 -30 30 -28 93 -29 108 -1 13 25 28 25 54 1 34 -31 68 -35 99 -11 15 12 27 28 27 36 0 18 -29 18 -54 -1 -27 -21 -36 -10 -36 45 0 55 13 70 39 46 21 -19 51 -21 51 -3 0 18 -43 57 -61 56 -8 -1 -23 -4 -34 -6z m-118 -49 c4 -11 13 -13 34 -9 27 6 29 4 29 -23 0 -38 -8 -44 -30 -24 -10 10 -30 25 -44 35 -15 10 -24 22 -21 28 9 14 25 11 32 -7z"
       id="path108" />
    <path
       d="M1526 538 c-22 -32 -21 -110 3 -136 23 -28 81 -30 104 -4 22 24 23 110 1 140 -11 16 -25 22 -54 22 -29 0 -43 -6 -54 -22z m82 -63 c3 -52 -6 -69 -31 -59 -21 8 -24 99 -4 107 24 10 32 0 35 -48z"
       id="path110" />
    <path
       d="M1770 546 c0 -8 12 -16 27 -18 29 -3 45 -28 18 -28 -20 0 -65 -48 -65 -70 0 -31 33 -50 88 -50 l52 0 0 73 c0 59 -4 77 -18 90 -24 22 -102 23 -102 3z m68 -103 c-4 -37 -38 -45 -38 -10 0 23 10 34 33 36 5 1 7 -11 5 -26z"
       id="path112" />
    <path
       d="M2742 537 c-12 -13 -22 -27 -22 -31 0 -11 42 -45 56 -46 6 0 19 -9 28 -19 13 -14 14 -21 5 -27 -7 -4 -17 0 -24 9 -12 17 -46 23 -58 11 -4 -4 4 -17 16 -30 43 -45 127 -23 127 33 0 14 -15 30 -46 48 -28 17 -42 31 -37 36 11 11 43 2 43 -12 0 -5 9 -9 20 -9 25 0 26 22 2 43 -28 25 -84 22 -110 -6z"
       id="path114" />
    <path
       d="M3320 545 c0 -8 -7 -15 -15 -15 -17 0 -20 -16 -5 -25 6 -3 13 1 16 9 7 18 49 22 59 6 3 -6 -5 -14 -18 -19 -13 -5 -36 -24 -51 -41 l-27 -32 26 -24 c21 -19 37 -24 81 -24 l54 0 0 70 c0 57 -4 74 -20 90 -25 25 -100 29 -100 5z m60 -105 c0 -20 -5 -30 -15 -30 -15 0 -21 40 -8 53 14 15 23 6 23 -23z"
       id="path116" />
    <path
       d="M4223 539 c-18 -18 -19 -26 -11 -45 6 -13 17 -24 23 -24 7 0 25 -10 40 -22 25 -19 25 -22 9 -31 -13 -7 -20 -6 -29 7 -15 19 -45 21 -45 3 0 -24 36 -47 73 -47 65 0 87 76 28 95 -10 3 -26 14 -36 25 -17 19 -17 20 0 26 11 5 22 1 30 -9 16 -22 35 -22 35 1 0 28 -20 42 -60 42 -23 0 -43 -8 -57 -21z"
       id="path118" />
    <path
       d="M6028 538 c-25 -30 -24 -108 1 -136 23 -28 81 -30 104 -4 22 24 23 110 1 140 -21 30 -82 30 -106 0z m80 -63 c3 -52 -6 -69 -31 -59 -21 8 -24 99 -4 107 24 10 32 0 35 -48z"
       id="path120" />
    <path
       d="M6270 546 c0 -8 12 -16 27 -18 29 -3 45 -28 18 -28 -20 0 -65 -48 -65 -70 0 -31 33 -50 88 -50 l52 0 0 73 c0 59 -4 77 -18 90 -24 22 -102 23 -102 3z m68 -103 c-4 -37 -38 -45 -38 -10 0 23 10 34 33 36 5 1 7 -11 5 -26z"
       id="path122" />
    <path
       style="fill:#c0c0c0;fill-opacity:1;fill-rule:nonzero;stroke:none"
       d="m 934.02005,333.76685 c -5.90189,0.0387 -5.75531,7.21963 -5.5345,11.42838 -0.17424,3.91439 -1.1359,10.79896 5.12577,8.84301 5.19372,-0.71377 11.00278,0.74189 15.83825,-1.34388 1.03699,-5.15552 1.7325,-10.88369 1.07815,-16.05245 -4.92221,-2.73243 -11.00966,-2.65567 -16.50767,-2.87506 z"
       id="path5434"
       inkscape:connector-curvature="0"
       transform="matrix(8,0,0,-8,0,5790)" />
  </g>
  <path
     style="fill:#c0c0c0;fill-opacity:1;fill-rule:nonzero;stroke:none"
     d="m 174.91589,457.29579 c -7.05647,1.4398 -16.70765,-1.91845 -22.28177,2.58756 -1.30045,55.02101 -1.70265,110.08537 -2.53964,165.12464 6.55966,4.84551 17.96963,1.04588 26.35415,2.55373 7.31415,-1.29937 23.3732,5.36777 20.58189,-7.67524 2.72033,-53.71141 2.04771,-107.52655 0.0234,-161.24899 -4.91252,-4.57326 -15.39338,-0.20441 -22.13801,-1.3417 z"
     id="path5418"
     inkscape:connector-curvature="0"
     transform="scale(0.8,0.8)" />
  <path
     style="fill:#c0c0c0;fill-opacity:1;fill-rule:nonzero;stroke:none"
     d="m 360.26182,114.10872 c -8.96176,0.4437 -18.46444,0.0888 -26.92978,2.87507 -0.67068,169.31234 -0.0957,338.7915 -0.28751,508.16795 6.37384,4.65861 17.45836,0.73162 25.63601,2.01255 7.23325,-1.36597 22.40747,4.74047 20.11685,-7.92815 2.11896,-54.20544 0.55789,-108.54633 0.92521,-162.80276 -0.49571,-111.64523 -0.19653,-223.32914 -2.2583,-334.94532 1.24434,-11.75276 -10.2401,-6.27749 -17.20248,-7.37934 z"
     id="path5420"
     inkscape:connector-curvature="0"
     transform="scale(0.8,0.8)" />
  <path
     style="fill:#c0c0c0;fill-opacity:1;fill-rule:nonzero;stroke:none"
     d="m 515.94666,173.0955 c -1.00625,96.36133 -0.14377,193.03696 -0.43126,289.51917 0,54.17902 0,108.35805 0,162.53707 6.35891,4.65638 17.42482,0.73469 25.58809,2.01255 6.23817,-1.28354 18.64348,3.18709 20.46088,-5.75013 1.76033,-149.02764 0.85893,-298.09436 -1.1021,-447.12072 -6.47413,-4.55455 -17.37195,-0.71258 -25.54018,-1.96463 -6.19483,0.54098 -13.10801,-1.06827 -18.97543,0.76669 z"
     id="path5422"
     inkscape:connector-curvature="0"
     transform="scale(0.8,0.8)" />
  <path
     style="fill:#c0c0c0;fill-opacity:1;fill-rule:nonzero;stroke:none"
     d="m 699.95089,229.83014 c -1.18685,109.31683 0.41751,218.94555 1.0724,328.37841 0.69662,22.78172 -0.62836,46.03652 1.32349,68.52448 14.22904,0.45424 29.26178,1.19692 43.31767,-0.33543 3.5724,-22.58714 1.05567,-45.90287 2.06552,-68.76198 0.41888,-108.85272 0.24613,-217.7064 0.28245,-326.55962 -6.40927,-4.68164 -17.57388,-0.69627 -25.77976,-2.01255 -7.30899,0.53071 -15.29373,-1.05204 -22.28177,0.76669 z"
     id="path5424"
     inkscape:connector-curvature="0"
     transform="scale(0.8,0.8)" />
  <path
     style="fill:#777777;fill-opacity:1;fill-rule:nonzero;stroke:none"
     d="m 201.60609,459.83544 c -1.00561,54.96049 -0.14318,110.23514 -0.43126,165.3163 6.65488,4.70505 18.09978,0.66604 26.54644,2.01255 9.0715,0.57958 21.70312,2.13045 17.34623,-11.21276 0,-51.62341 0,-103.24682 0,-154.87023 -6.65488,-4.70506 -18.09978,-0.66604 -26.54644,-2.01255 -5.53634,0.4643 -11.69393,-0.95836 -16.91497,0.76669 z"
     id="path5426"
     inkscape:connector-curvature="0"
     transform="scale(0.8,0.8)" />
  <path
     style="fill:#777777;fill-opacity:1;fill-rule:nonzero;stroke:none"
     d="m 385.65824,231.21975 c -1.11585,78.47767 -0.1631,157.3261 -0.47918,235.9471 0,52.66163 0,105.32326 0,157.98489 6.65488,4.70505 18.09979,0.66604 26.54645,2.01255 9.07055,0.57958 21.70785,2.13045 17.33616,-11.21276 -0.56343,-123.20637 0.7559,-246.44604 -1.68619,-369.62947 1.57413,-10.25063 -1.36164,-18.59837 -13.29917,-15.20492 -9.39097,0.30502 -19.30408,-1.49455 -28.41807,0.10261 z"
     id="path5428"
     inkscape:connector-curvature="0"
     transform="scale(0.8,0.8)" />
  <path
     style="fill:#777777;fill-opacity:1;fill-rule:nonzero;stroke:none"
     d="m 588.25457,289.10442 c -6.52413,2.17871 -21.50364,-4.29778 -21.37837,5.60637 -0.25321,110.14699 -0.50643,220.29396 -0.75964,330.44095 6.65488,4.70505 18.09979,0.66604 26.54645,2.01255 9.0715,0.57958 21.70311,2.13045 17.34623,-11.21276 0,-107.83096 0,-215.66191 0,-323.49287 -5.24203,-5.34231 -14.87085,-2.6314 -21.75467,-3.35424 z"
     id="path5430"
     inkscape:connector-curvature="0"
     transform="scale(0.8,0.8)" />
  <path
     style="fill:#777777;fill-opacity:1;fill-rule:nonzero;stroke:none"
     d="m 770.10251,58.619946 c -4.05776,-0.137801 -3.65176,4.595796 -7.8106,4.3126 -7.72336,2.403967 -9.15463,9.938978 -7.92888,17.202249 -1.29715,181.669835 -1.79063,363.343955 -2.42135,545.016945 5.63045,4.53969 15.82549,0.93565 23.28787,1.94209 6.49672,-1.16061 17.80287,2.14181 20.3173,-5.34425 0,-184.14799 0,-368.29598 0,-552.443971 -6.12583,-6.785408 -16.22872,-10.667791 -25.44434,-10.685663 z"
     id="path5432"
     inkscape:connector-curvature="0"
     transform="scale(0.8,0.8)" />
</svg>
