<?xml version="1.0" standalone="no"?>
<!DOCTYPE svg PUBLIC "-//W3C//DTD SVG 20010904//EN"
 "http://www.w3.org/TR/2001/REC-SVG-20010904/DTD/svg10.dtd">
<svg version="1.0" xmlns="http://www.w3.org/2000/svg"
 width="792.000000pt" height="429.000000pt" viewBox="0 0 792.000000 429.000000"
 preserveAspectRatio="xMidYMid meet">
<metadata>
Created by potrace 1.10, written by Peter Selinger 2001-2011
</metadata>
<g transform="translate(0.000000,429.000000) scale(0.100000,-0.100000)"
fill="#000000" stroke="none">
<path d="M1976 2176 c-1684 -1686 -1899 -1905 -1901 -1934 -2 -18 1 -34 5 -37
11 -7 7639 -7 7650 0 4 3 7 20 5 38 -3 29 -40 70 -274 304 -183 183 -271 278
-271 292 0 15 -6 21 -21 21 -14 0 -511 490 -1616 1595 -877 877 -1601 1595
-1609 1595 -8 0 -17 7 -20 15 -4 8 -16 15 -28 14 -14 -1 -637 -618 -1920
-1903z m3530 260 c1499 -1500 1631 -1636 1587 -1636 -16 0 -83 -70 -83 -86 0
-10 -20 -37 -45 -61 -25 -23 -45 -52 -45 -63 0 -11 -7 -23 -15 -26 -10 -4 -15
-20 -15 -45 0 -26 -5 -42 -15 -45 -12 -5 -15 -27 -15 -110 l0 -104 -2955 0
-2955 0 0 104 c0 83 -3 105 -15 110 -10 3 -15 19 -15 45 0 25 -5 41 -15 45 -8
3 -15 15 -15 26 0 11 -20 40 -45 63 -25 24 -45 51 -45 61 0 9 -20 36 -45 58
-25 23 -45 48 -45 55 0 15 3178 3201 3193 3202 5 1 726 -716 1603 -1593z
m-4790 -1720 c30 -30 54 -61 54 -70 0 -9 21 -36 46 -61 38 -36 46 -49 42 -70
-4 -18 1 -32 14 -44 16 -16 18 -30 16 -112 l-3 -94 -360 -3 c-198 -1 -365 0
-372 2 -14 6 474 502 496 504 7 1 37 -22 67 -52z m6701 -196 c139 -138 247
-253 240 -256 -7 -2 -174 -3 -372 -2 l-360 3 -3 94 c-2 82 0 96 16 112 13 12
18 26 14 44 -4 21 4 34 42 70 25 25 46 52 46 61 0 17 98 123 115 124 6 0 124
-113 262 -250z"/>
<path d="M1178 862 l-78 -3 0 -40 c0 -26 -5 -42 -15 -45 -10 -4 -15 -20 -15
-50 0 -40 2 -44 25 -44 14 0 28 7 31 15 4 10 20 15 51 15 l44 0 -3 -57 c-3
-49 -6 -58 -23 -61 -12 -2 -32 9 -50 28 -33 35 -71 40 -80 10 -5 -15 4 -30 36
-61 60 -58 92 -59 141 -5 32 35 38 48 38 86 0 40 -5 51 -38 83 -21 20 -48 37
-60 37 -13 0 -22 6 -22 15 0 12 13 15 61 15 l60 0 -3 32 c-3 36 1 35 -100 30z"/>
<path d="M1576 845 c-21 -20 -26 -33 -26 -72 1 -87 68 -130 124 -78 24 22 29
35 29 74 0 87 -70 129 -127 76z m62 -80 c-4 -70 -28 -72 -28 -2 0 29 3 57 7
61 14 14 24 -13 21 -59z"/>
<path d="M1343 820 c-32 -36 -33 -40 -33 -127 l0 -89 39 -40 c49 -52 83 -52
135 0 l36 37 0 92 c-1 91 -1 92 -35 130 -29 30 -42 37 -73 36 -30 -1 -43 -8
-69 -39z m97 -40 c16 -16 20 -33 20 -85 0 -52 -4 -69 -20 -85 -11 -11 -22 -20
-25 -20 -3 0 -14 9 -25 20 -27 27 -29 140 -2 169 22 25 28 25 52 1z"/>
<path d="M6278 802 l-78 -3 0 -40 c0 -26 -5 -42 -15 -45 -10 -4 -15 -20 -15
-50 0 -40 2 -44 25 -44 14 0 28 7 31 15 4 10 20 15 51 15 l44 0 -3 -57 c-4
-72 -24 -81 -73 -33 -22 21 -40 31 -56 28 -39 -5 -34 -35 12 -79 59 -57 90
-58 140 -5 34 35 39 46 39 86 0 40 -5 51 -38 83 -21 20 -48 37 -60 37 -13 0
-22 6 -22 15 0 12 13 15 61 15 l60 0 -3 32 c-3 36 1 35 -100 30z"/>
<path d="M6676 785 c-21 -20 -26 -33 -26 -72 1 -130 145 -136 151 -6 4 87 -67
132 -125 78z m62 -80 c-4 -70 -28 -72 -28 -2 0 29 3 57 7 61 14 14 24 -13 21
-59z"/>
<path d="M6443 760 c-32 -36 -33 -40 -33 -126 0 -87 1 -90 34 -126 49 -53 89
-54 139 -5 l37 38 0 92 c-1 91 -1 92 -35 130 -29 30 -42 37 -73 36 -30 -1 -43
-8 -69 -39z m97 -40 c16 -16 20 -33 20 -85 0 -52 -4 -69 -20 -85 -11 -11 -22
-20 -25 -20 -3 0 -14 9 -25 20 -27 27 -29 140 -2 169 22 25 28 25 52 1z"/>
<path d="M5837 2754 c-17 -17 -5 -51 28 -78 19 -16 35 -36 35 -45 0 -9 -16
-30 -36 -47 -46 -41 -45 -79 1 -79 25 0 31 5 35 30 4 24 10 30 30 30 20 0 26
-6 30 -30 4 -25 10 -30 35 -30 46 0 47 38 1 79 -20 17 -36 38 -36 46 0 8 16
29 36 46 46 41 45 79 -1 79 -25 0 -31 -5 -35 -30 -4 -24 -10 -30 -30 -30 -20
0 -26 6 -30 30 -4 23 -11 31 -30 33 -14 2 -29 0 -33 -4z"/>
<path d="M923 2683 c-46 -45 -52 -63 -28 -83 22 -18 53 -3 57 28 3 24 8 27 46
30 l42 3 0 -37 c0 -33 -8 -45 -80 -115 -77 -75 -92 -100 -69 -115 6 -3 55 -7
108 -7 l96 0 3 32 3 31 -60 0 c-34 0 -61 4 -61 9 0 5 27 35 60 67 57 54 60 59
60 106 0 62 -21 84 -86 90 -47 4 -51 2 -91 -39z"/>
<path d="M1227 2723 c-16 -3 -43 -21 -62 -41 -34 -36 -34 -38 -35 -128 l0 -92
36 -36 c50 -50 88 -51 137 -3 l37 38 0 94 0 95 -41 40 c-23 22 -42 39 -43 39
0 -1 -14 -4 -29 -6z m34 -85 c13 -17 18 -39 18 -83 0 -44 -5 -66 -18 -82 -23
-28 -26 -28 -51 -3 -27 27 -29 140 -2 169 23 26 30 25 53 -1z"/>
<path d="M1556 2596 c-34 -37 -39 -50 -39 -88 1 -37 7 -50 41 -86 33 -34 45
-41 70 -37 38 4 72 37 72 70 0 21 -5 25 -29 25 -17 0 -31 -6 -35 -16 -3 -9
-15 -14 -28 -12 -21 3 -23 9 -23 58 0 49 2 55 23 58 13 2 25 -3 28 -12 4 -10
18 -16 35 -16 62 0 21 88 -44 95 -27 3 -38 -3 -71 -39z"/>
<path d="M1772 2632 c-9 -7 -12 -39 -10 -128 l3 -119 25 0 c25 0 25 1 28 93
l3 92 29 0 29 0 3 -92 c3 -92 3 -93 28 -93 24 0 25 2 30 90 5 89 5 90 33 93
l27 3 0 -91 c0 -75 3 -92 16 -97 9 -3 24 -2 32 4 13 8 15 27 13 107 -2 86 -5
100 -26 122 -25 27 -58 27 -69 -1 -7 -20 -45 -19 -52 0 -8 21 -60 19 -68 -2
-6 -14 -9 -14 -27 5 -22 24 -28 26 -47 14z"/>
</g>
</svg>
