<?xml version="1.0" encoding="UTF-8" standalone="no"?>
<svg
   xmlns:dc="http://purl.org/dc/elements/1.1/"
   xmlns:cc="http://creativecommons.org/ns#"
   xmlns:rdf="http://www.w3.org/1999/02/22-rdf-syntax-ns#"
   xmlns:svg="http://www.w3.org/2000/svg"
   xmlns="http://www.w3.org/2000/svg"
   xmlns:sodipodi="http://sodipodi.sourceforge.net/DTD/sodipodi-0.dtd"
   xmlns:inkscape="http://www.inkscape.org/namespaces/inkscape"
   version="1.0"
   width="765.000000pt"
   height="465.000000pt"
   viewBox="0 0 765.000000 465.000000"
   preserveAspectRatio="xMidYMid meet"
   id="svg3381"
   inkscape:version="0.48.4 r9939"
   sodipodi:docname="3.svg">
  <defs
     id="defs3445" />
  <sodipodi:namedview
     pagecolor="#ffffff"
     bordercolor="#666666"
     borderopacity="1"
     objecttolerance="10"
     gridtolerance="10"
     guidetolerance="10"
     inkscape:pageopacity="0"
     inkscape:pageshadow="2"
     inkscape:window-width="1152"
     inkscape:window-height="788"
     id="namedview3443"
     showgrid="false"
     inkscape:zoom="0.81204301"
     inkscape:cx="488.11126"
     inkscape:cy="214.20262"
     inkscape:window-x="0"
     inkscape:window-y="24"
     inkscape:window-maximized="1"
     inkscape:current-layer="svg3381" />
  <metadata
     id="metadata3383">
Created by potrace 1.10, written by Peter Selinger 2001-2011
<rdf:RDF>
  <cc:Work
     rdf:about="">
    <dc:format>image/svg+xml</dc:format>
    <dc:type
       rdf:resource="http://purl.org/dc/dcmitype/StillImage" />
  </cc:Work>
</rdf:RDF>
</metadata>
  <g
     transform="translate(0.000000,465.000000) scale(0.100000,-0.100000)"
     fill="#000000"
     stroke="none"
     id="g3385">
    <path
       d="M2857 4603 c-12 -3 -16 -11 -12 -23 5 -15 -2 -19 -35 -25 -23 -4 -61 -18 -86 -32 -58 -33 -159 -134 -185 -187 -29 -59 -59 -156 -59 -192 0 -24 -9 -40 -37 -64 -21 -18 -78 -71 -126 -119 -224 -218 -279 -318 -209 -383 45 -42 258 -98 376 -98 83 0 96 -12 96 -87 0 -31 8 -80 17 -110 10 -33 13 -57 7 -62 -5 -6 -31 -11 -58 -13 l-49 -3 -66 92 c-97 135 -107 143 -159 143 -35 0 -49 -6 -73 -29 -48 -49 -34 -110 44 -191 30 -30 62 -66 71 -80 18 -27 21 -60 6 -60 -26 0 -147 69 -192 108 l-50 46 4 70 3 71 -50 3 c-48 3 -241 -23 -395 -55 -41 -8 -106 -21 -145 -28 -96 -17 -171 -34 -231 -51 -28 -8 -63 -14 -78 -14 -15 0 -43 -7 -63 -15 -19 -8 -47 -15 -60 -15 -14 0 -39 -6 -56 -14 -18 -8 -68 -27 -112 -42 -44 -15 -96 -35 -115 -45 -19 -11 -42 -19 -52 -19 -9 0 -19 -4 -23 -9 -3 -5 -18 -12 -35 -16 -42 -9 -238 -111 -260 -135 -10 -11 -66 -45 -93 -57 -36 -16 -128 -103 -163 -156 -16 -23 -39 -52 -51 -64 -22 -21 -23 -28 -23 -210 0 -164 2 -193 18 -223 11 -19 22 -48 26 -64 12 -49 84 -191 108 -212 35 -31 145 -104 156 -104 5 0 15 -6 21 -14 7 -8 26 -18 42 -21 17 -4 42 -13 57 -21 15 -8 40 -14 55 -14 33 0 87 -37 87 -59 0 -19 57 -128 87 -167 13 -16 40 -53 62 -83 51 -69 214 -191 306 -229 88 -37 190 -62 249 -62 24 0 47 -4 51 -10 4 -6 15 -6 31 0 14 6 51 10 83 10 32 0 78 7 101 15 23 8 52 15 64 15 12 0 44 12 71 26 182 96 329 251 380 398 l21 58 524 2 c663 1 940 -8 958 -31 6 -9 12 -24 12 -33 0 -21 66 -119 116 -172 42 -44 109 -102 167 -145 45 -34 189 -103 215 -103 11 0 33 -5 49 -12 15 -6 73 -14 128 -17 l100 -6 0 -192 0 -193 -26 0 c-14 0 -34 7 -45 15 -10 8 -25 15 -33 15 -8 0 -25 10 -38 21 -24 23 -29 19 -35 -29 l-3 -22 -1302 0 c-717 0 -1307 0 -1313 0 -5 0 -10 11 -10 25 0 26 -27 46 -39 28 -3 -5 -27 -20 -52 -32 -50 -25 -97 -25 -90 -1 12 40 12 255 1 296 -13 45 -24 55 -33 30 -3 -8 -7 -139 -8 -291 -1 -294 2 -318 41 -279 18 18 19 24 8 82 -18 96 4 104 104 35 47 -32 66 -25 70 24 3 37 4 38 38 34 19 -2 591 -4 1270 -5 1032 -1 1240 1 1268 13 18 7 35 11 38 8 4 -3 9 -26 11 -52 3 -25 10 -45 16 -45 5 0 42 18 80 40 84 49 90 45 81 -57 -6 -63 -4 -73 11 -79 10 -4 20 -1 25 6 5 8 8 140 7 294 l-2 281 70 -2 c39 -1 483 -4 987 -7 830 -5 919 -4 933 11 35 35 5 38 -341 37 -236 -1 -334 2 -334 10 0 13 45 102 61 122 18 22 3 46 -28 42 l-28 -3 -2 790 c-2 632 -12 1271 -27 1690 -1 37 1 40 29 45 38 7 44 33 15 72 -12 17 -25 48 -28 71 l-5 40 29 -8 c33 -8 622 -25 641 -18 20 8 26 44 10 60 -13 13 -61 15 -334 14 -175 -2 -772 -4 -1328 -5 -1004 -2 -1036 -3 -1153 -36 -47 -14 -72 -3 -72 31 0 24 -24 113 -47 171 -37 93 -159 221 -264 277 -19 10 -55 21 -81 25 -48 7 -59 18 -36 32 22 14 -32 22 -147 22 -60 0 -118 -2 -128 -5z m268 -108 c118 -50 193 -104 258 -186 55 -68 77 -114 97 -212 17 -82 18 -94 3 -175 -23 -128 -69 -218 -162 -314 -40 -42 -50 -48 -88 -48 -71 0 -120 39 -164 130 -43 89 -59 136 -74 225 -21 123 -25 132 -71 179 l-39 38 -167 -5 c-132 -4 -168 -3 -172 8 -2 7 6 38 18 68 63 155 193 270 351 311 39 10 170 -2 210 -19z m-258 -460 c26 -6 37 -38 54 -150 6 -44 17 -96 25 -115 7 -19 16 -46 20 -60 11 -40 48 -92 111 -157 64 -68 111 -88 165 -73 17 5 34 7 38 5 4 -2 10 -44 14 -91 5 -66 3 -90 -6 -96 -7 -4 -48 -8 -91 -8 -43 0 -108 -4 -145 -10 -128 -19 -356 -29 -369 -17 -6 7 -17 73 -24 147 -6 74 -14 137 -16 140 -3 3 -53 8 -111 11 -172 9 -362 45 -378 71 -12 19 57 106 204 254 l157 160 165 -3 c91 -2 175 -6 187 -8z m1842 -12 c576 -2 906 0 930 7 30 8 39 7 55 -10 18 -17 18 -21 5 -37 -24 -28 -59 -93 -59 -109 0 -9 10 -14 28 -14 43 0 50 -13 38 -77 -9 -52 -7 -215 19 -1663 5 -264 16 -721 18 -750 2 -22 -2 -25 -36 -28 -21 -2 -41 -10 -43 -17 -6 -14 48 -119 67 -130 5 -4 9 -12 9 -19 0 -11 -114 -13 -589 -13 -611 0 -713 6 -523 32 24 3 51 10 60 15 9 5 43 21 74 35 31 14 58 30 60 34 2 5 35 34 75 65 60 47 133 131 133 153 0 3 14 28 31 56 17 28 38 75 47 106 l17 56 104 50 c148 72 193 126 248 300 23 73 26 96 27 265 0 118 -3 198 -11 220 -65 192 -106 257 -189 300 -27 14 -78 45 -114 69 -70 47 -240 131 -266 131 -13 0 -42 11 -129 50 -86 38 -275 100 -309 100 -12 1 -32 7 -46 15 -14 8 -41 14 -60 15 -19 0 -51 5 -70 11 -19 6 -66 17 -105 24 -106 21 -173 34 -246 50 -37 8 -80 15 -96 15 -60 0 -59 -3 -71 328 -8 239 -13 307 -24 320 -19 22 -28 48 -20 57 4 4 20 3 37 -1 16 -4 432 -9 924 -11z m-1019 -67 c5 -14 14 -150 20 -303 6 -160 17 -311 26 -356 17 -88 13 -100 -41 -142 -47 -35 -57 -25 -60 57 -10 247 -28 512 -42 615 -18 141 -15 153 48 153 33 0 41 -4 49 -24z m-159 -178 c1 -2 3 -106 5 -231 2 -145 9 -261 19 -318 20 -115 19 -126 -6 -139 -35 -19 -67 -4 -79 38 -11 35 -23 58 -63 115 -19 26 -34 101 -44 219 l-6 67 52 56 c28 31 54 69 58 83 16 64 55 131 64 110z m-1229 -415 c9 -10 23 -32 31 -49 9 -16 36 -53 61 -81 29 -32 46 -60 46 -76 0 -59 -55 -46 -90 20 -13 26 -42 70 -62 96 -40 51 -46 75 -26 95 16 16 22 15 40 -5z m-302 -79 c11 -12 10 -18 -3 -31 -12 -12 -47 -18 -129 -24 -62 -5 -133 -13 -158 -19 -25 -5 -79 -14 -120 -19 -41 -6 -127 -22 -190 -36 -63 -14 -142 -32 -175 -39 -33 -8 -73 -19 -88 -25 -16 -6 -43 -11 -60 -11 -18 -1 -43 -7 -57 -15 -14 -8 -38 -14 -55 -15 -16 0 -43 -7 -58 -15 -15 -8 -44 -17 -64 -21 -20 -4 -48 -13 -62 -20 -14 -8 -38 -14 -52 -14 -15 0 -32 -7 -39 -15 -15 -18 -63 -20 -58 -2 3 6 15 14 29 15 13 2 31 10 40 18 8 7 31 17 50 20 19 4 38 13 42 21 4 7 20 13 35 13 15 1 45 9 67 20 22 11 50 19 61 20 12 0 41 9 65 20 24 11 53 20 64 20 11 0 33 7 49 15 16 8 52 19 80 24 28 6 69 14 91 20 99 25 215 45 415 72 41 6 107 17 145 24 96 18 120 18 135 -1z m2000 -47 c218 -37 379 -74 511 -117 50 -17 96 -30 102 -30 7 0 24 -6 39 -14 15 -8 42 -17 60 -21 88 -17 378 -147 486 -217 24 -15 46 -28 51 -28 12 0 75 -69 69 -76 -6 -6 -57 19 -88 42 -35 27 -193 99 -325 150 -38 14 -74 29 -80 33 -27 19 -176 67 -320 105 -184 47 -279 71 -352 86 -45 10 -97 23 -115 28 -18 6 -65 14 -105 17 -73 7 -114 30 -98 55 8 13 24 11 165 -13z m-624 -87 c29 -41 52 -79 50 -85 -1 -5 -47 -13 -102 -17 -54 -3 -133 -11 -174 -17 -41 -5 -143 -10 -227 -11 l-151 0 -46 62 c-76 103 -79 101 179 115 121 7 252 17 290 22 122 15 122 15 181 -69z m-1309 -9 c56 -52 105 -79 193 -104 145 -41 282 -67 468 -88 142 -16 462 -7 572 15 191 39 277 59 307 72 17 8 36 14 42 14 17 0 74 33 121 70 42 33 43 33 89 21 46 -13 117 -28 241 -51 36 -6 90 -18 120 -25 30 -8 75 -17 100 -20 25 -3 59 -10 75 -15 221 -69 291 -92 342 -115 17 -8 38 -15 47 -15 8 0 30 -6 48 -14 18 -8 53 -22 78 -31 59 -23 294 -136 300 -145 3 -4 17 -13 32 -21 180 -93 172 -77 176 -333 3 -157 0 -208 -11 -240 -8 -23 -18 -55 -21 -73 -8 -46 -49 -107 -93 -139 -21 -15 -49 -38 -63 -50 -32 -29 -80 -42 -81 -23 -1 8 -1 55 0 104 3 137 -21 230 -91 365 -53 103 -97 160 -188 246 -66 61 -107 91 -181 127 -158 78 -264 102 -419 94 -133 -7 -177 -19 -350 -100 -59 -27 -213 -171 -245 -228 -49 -88 -97 -197 -105 -237 -5 -26 -13 -60 -19 -75 -6 -16 -11 -68 -11 -116 0 -69 6 -105 29 -176 21 -65 26 -92 18 -98 -7 -4 -37 -6 -67 -3 -245 24 -373 28 -801 22 -255 -3 -480 -7 -499 -8 l-35 -3 0 176 c0 118 -4 180 -12 190 -6 8 -14 32 -18 54 -6 37 -25 87 -46 125 -5 8 -14 25 -19 38 -12 28 -57 87 -125 165 -53 62 -184 167 -207 167 -8 0 -19 5 -26 12 -6 6 -28 18 -49 25 -196 71 -178 68 -338 68 -123 0 -156 -4 -182 -18 -18 -9 -39 -17 -48 -17 -16 0 -98 -33 -125 -50 -8 -6 -25 -15 -38 -20 -34 -15 -110 -75 -135 -107 -12 -15 -27 -32 -33 -38 -55 -50 -164 -234 -164 -278 0 -13 -7 -44 -16 -69 -11 -35 -14 -74 -11 -160 2 -62 8 -125 12 -140 10 -39 -17 -47 -69 -20 -23 11 -66 32 -96 46 -30 14 -79 43 -109 64 -52 36 -61 49 -118 164 -7 14 -13 42 -13 60 0 19 -7 57 -15 84 -10 32 -15 92 -15 173 l0 124 36 43 c19 24 56 56 82 71 26 15 75 46 108 70 62 43 162 93 186 93 7 0 22 7 32 15 11 8 27 15 35 15 9 0 29 7 45 15 15 8 33 15 40 15 6 0 25 7 41 16 17 9 50 22 75 29 25 7 77 24 115 38 39 14 93 30 120 35 28 5 70 14 95 20 70 17 189 40 260 51 36 6 88 15 115 20 145 28 283 51 310 52 23 1 101 15 145 28 3 0 28 -21 57 -48z m521 -5 c29 -15 59 -47 80 -83 11 -21 10 -23 -15 -22 -16 0 -66 6 -112 12 -85 12 -114 31 -67 43 14 3 26 10 26 15 0 12 38 49 50 49 6 0 23 -6 38 -14z m-1069 -467 c131 -31 217 -78 363 -199 43 -36 134 -170 170 -250 37 -82 49 -119 60 -185 11 -67 3 -286 -11 -313 -5 -9 -23 -45 -40 -79 -70 -140 -179 -267 -261 -303 -14 -6 -47 -23 -75 -40 -27 -16 -68 -32 -89 -36 -21 -3 -54 -13 -72 -20 -20 -8 -69 -14 -121 -14 -110 0 -222 30 -354 94 -84 41 -107 58 -188 141 -77 79 -102 113 -148 203 -92 179 -109 311 -62 495 42 164 106 268 222 363 48 39 111 83 140 97 133 67 308 84 466 46z m2936 6 c22 -8 48 -15 58 -15 44 0 227 -104 313 -177 29 -24 164 -200 164 -213 0 -5 9 -27 20 -47 11 -21 20 -45 20 -54 0 -9 7 -32 15 -52 19 -45 31 -287 17 -342 -13 -52 -30 -100 -53 -151 -11 -23 -19 -44 -19 -48 0 -13 -129 -162 -166 -191 -20 -16 -62 -43 -93 -59 -31 -15 -61 -32 -68 -38 -6 -5 -47 -20 -90 -33 -104 -33 -239 -34 -339 -4 -88 26 -175 59 -194 73 -8 6 -33 20 -54 31 -93 47 -306 299 -306 362 0 10 -5 24 -11 30 -12 12 -25 94 -35 218 -17 212 71 424 231 560 79 67 177 122 242 136 27 6 64 14 83 18 59 14 221 11 265 -4z"
       id="path3387" />
    <path
       d="M3150 4035 c-7 -8 -18 -15 -24 -16 -6 0 -22 -14 -35 -30 -21 -27 -23 -38 -19 -103 5 -79 20 -108 73 -145 63 -43 123 -40 178 9 76 66 86 167 24 235 -18 19 -37 35 -43 35 -6 0 -17 7 -24 15 -8 10 -30 15 -65 15 -35 0 -57 -5 -65 -15z m107 -38 c4 -7 20 -18 34 -24 31 -13 55 -86 44 -130 -13 -54 -42 -73 -110 -73 -54 0 -64 3 -88 28 -23 24 -27 36 -27 89 0 62 15 93 44 93 8 0 19 7 26 15 15 18 66 20 77 2z"
       id="path3389" />
    <path
       d="M3168 3959 c-24 -26 -23 -41 6 -68 14 -13 26 -38 28 -55 2 -24 8 -32 27 -34 38 -6 43 9 36 97 l-8 81 -36 -1 c-22 0 -43 -8 -53 -20z"
       id="path3391" />
    <path
       d="M2474 3895 c-3 -14 -19 -34 -35 -46 -34 -24 -37 -51 -9 -79 29 -29 65 -25 89 9 25 35 26 53 4 103 -19 44 -40 49 -49 13z"
       id="path3393" />
    <path
       d="M2747 3913 c-4 -3 -7 -13 -7 -21 0 -8 -12 -31 -27 -50 -25 -33 -25 -36 -10 -61 24 -39 42 -47 71 -32 48 26 57 92 20 149 -14 22 -34 28 -47 15z"
       id="path3395" />
    <path
       d="M2862 3465 c-18 -21 -31 -25 -77 -25 -30 0 -55 -4 -55 -8 0 -21 61 -64 96 -69 51 -7 77 20 78 79 1 49 -13 57 -42 23z"
       id="path3397" />
    <path
       d="M2706 2675 c-11 -8 -26 -15 -33 -15 -28 0 -94 -54 -126 -104 -81 -123 -87 -255 -19 -395 23 -45 118 -130 185 -163 47 -24 66 -28 143 -28 77 0 97 4 149 29 84 39 161 131 190 227 34 112 8 211 -92 343 -63 83 -151 120 -288 120 -64 0 -96 -4 -109 -14z m232 -74 c57 -29 119 -88 149 -139 25 -42 28 -56 28 -142 0 -136 -31 -188 -142 -244 -152 -76 -348 18 -404 193 -21 64 -21 73 -9 131 21 98 112 197 205 221 44 12 131 1 173 -20z"
       id="path3399" />
    <path
       d="M2723 2501 c-38 -34 -43 -44 -43 -83 0 -59 13 -71 56 -51 27 13 36 14 49 3 13 -11 14 -30 9 -120 -8 -125 -6 -128 81 -128 51 0 80 12 69 30 -4 6 -9 94 -13 197 l-6 186 -80 2 -80 3 -42 -39z"
       id="path3401" />
    <path
       d="M1241 2430 c-35 -10 -71 -26 -80 -33 -9 -8 -29 -22 -46 -30 -16 -9 -51 -36 -77 -61 -100 -97 -158 -315 -113 -423 8 -19 15 -41 15 -48 0 -12 36 -92 65 -143 22 -41 88 -102 146 -136 144 -86 318 -100 451 -37 37 17 72 31 77 31 11 0 106 106 126 141 61 106 68 130 68 249 1 115 1 115 -38 190 -22 41 -48 89 -60 105 -43 64 -149 146 -242 186 -70 31 -207 35 -292 9z m250 -70 c34 -12 73 -29 88 -39 14 -10 44 -29 67 -44 36 -22 113 -120 114 -144 1 -4 9 -26 20 -48 29 -61 28 -220 -2 -295 -26 -62 -27 -64 -85 -129 -26 -30 -67 -60 -108 -79 -59 -29 -73 -32 -162 -32 -145 0 -208 24 -299 115 -116 115 -148 190 -141 332 6 142 50 226 154 299 117 82 236 103 354 64z"
       id="path3403" />
    <path
       d="M1274 2300 c-76 -16 -139 -72 -202 -179 -24 -41 -27 -56 -27 -141 0 -86 3 -101 30 -153 80 -156 248 -246 400 -214 71 15 161 71 209 131 58 72 79 190 51 289 -21 74 -48 118 -111 178 -81 77 -109 89 -216 94 -51 2 -111 0 -134 -5z m193 -66 c43 -13 68 -29 114 -75 61 -61 84 -103 99 -179 22 -110 -78 -263 -190 -290 -71 -17 -160 -6 -228 27 -68 35 -127 114 -142 192 -12 63 2 175 24 200 9 10 16 21 16 25 0 4 18 25 41 47 67 64 162 83 266 53z"
       id="path3405" />
    <path
       d="M4196 2430 c-80 -27 -130 -58 -198 -124 -67 -65 -98 -122 -123 -231 -18 -77 -18 -82 0 -170 21 -105 41 -147 107 -232 73 -92 128 -130 253 -173 111 -38 252 -23 376 40 61 32 141 119 180 198 34 66 34 69 34 202 -1 106 -4 141 -17 165 -9 17 -27 52 -40 79 -23 49 -132 157 -199 198 -105 64 -265 85 -373 48z m314 -98 c105 -51 137 -83 223 -224 28 -46 42 -158 28 -239 -12 -75 -20 -91 -89 -182 -76 -100 -158 -137 -304 -137 -100 0 -121 5 -218 55 -50 25 -137 123 -174 195 -75 147 -57 306 51 437 44 53 91 85 177 119 51 20 75 24 141 21 69 -3 91 -9 165 -45z"
       id="path3407" />
    <path
       d="M4228 2300 c-81 -21 -147 -79 -195 -174 -23 -44 -27 -63 -27 -146 0 -87 2 -100 33 -163 38 -79 63 -104 151 -157 123 -72 223 -74 347 -4 77 43 115 88 142 168 26 77 27 156 2 228 -25 73 -38 94 -91 151 -68 74 -124 98 -234 103 -50 2 -108 -1 -128 -6z m186 -62 c63 -18 174 -111 198 -167 32 -73 35 -150 9 -218 -28 -73 -55 -104 -122 -140 -47 -24 -65 -28 -139 -28 -75 0 -91 4 -132 28 -121 70 -158 132 -158 261 0 47 5 97 10 111 16 42 114 131 162 148 53 19 117 21 172 5z"
       id="path3409" />
    <path
       d="M6522 2781 c-26 -22 -33 -35 -30 -57 2 -23 8 -29 26 -28 21 1 22 -3 22 -66 0 -50 4 -71 16 -81 32 -26 43 12 41 139 -2 109 -3 117 -22 119 -11 2 -35 -10 -53 -26z"
       id="path3413" />
    <path
       d="M6686 2779 c-22 -26 -26 -40 -26 -99 0 -63 3 -72 31 -105 39 -44 65 -43 96 4 32 47 31 98 -2 111 -14 5 -25 14 -25 20 0 7 -8 9 -20 5 -15 -5 -20 -2 -20 11 0 13 7 16 35 11 28 -5 35 -2 40 13 20 61 -63 83 -109 29z m84 -132 c0 -23 -22 -37 -42 -26 -21 11 -23 30 -6 47 13 13 48 -2 48 -21z"
       id="path3415" />
    <path
       d="M6861 2780 c-27 -45 -35 -133 -16 -171 22 -41 51 -69 74 -69 10 0 30 17 45 38 22 32 26 49 26 108 0 59 -4 75 -23 97 -33 39 -81 37 -106 -3z m73 -56 c12 -32 6 -92 -10 -98 -27 -10 -34 3 -34 60 0 46 3 54 19 54 10 0 22 -7 25 -16z"
       id="path3417" />
    <path
       d="M6199 2728 c-18 -33 4 -46 81 -46 41 0 76 5 87 13 17 13 17 14 0 33 -15 17 -31 20 -88 20 -59 0 -71 -3 -80 -20z"
       id="path3419" />
    <path
       d="M7130 2719 c-41 -43 -45 -64 -20 -112 39 -76 74 -85 136 -37 l38 31 14 -26 c21 -41 37 -25 42 46 4 56 8 64 25 64 18 0 20 -6 17 -56 -3 -42 0 -58 13 -69 29 -24 49 0 55 66 4 44 9 59 20 59 12 0 15 -14 16 -63 0 -34 5 -67 11 -73 18 -18 25 6 28 91 4 97 -8 119 -51 102 -16 -6 -56 -9 -89 -7 -84 5 -104 -10 -98 -68 l5 -44 -63 1 -64 1 0 30 c0 26 3 30 25 28 69 -6 91 20 41 50 -42 25 -69 21 -101 -14z"
       id="path3421" />
    <path
       d="M6200 2655 c-21 -26 0 -35 78 -35 89 0 118 12 88 35 -27 20 -149 21 -166 0z"
       id="path3423" />
    <path
       d="M2558 366 c-10 -7 -21 -27 -24 -44 -8 -40 13 -51 51 -26 24 16 27 16 43 0 16 -15 13 -20 -41 -69 -47 -44 -57 -59 -57 -86 l0 -32 83 3 c80 3 82 4 82 28 0 19 -6 26 -25 28 -41 6 -43 17 -8 52 27 27 33 41 33 76 0 57 -25 84 -79 84 -23 0 -49 -7 -58 -14z"
       id="path3425" />
    <path
       d="M2831 356 c-29 -31 -24 -60 12 -64 15 -2 27 1 27 7 0 6 7 11 15 11 20 0 19 -29 -1 -51 -15 -17 -15 -19 10 -30 29 -13 35 -46 11 -56 -9 -3 -24 2 -34 11 -49 45 -87 -5 -43 -56 21 -25 93 -24 115 0 27 30 33 79 12 103 -14 15 -16 22 -7 31 18 18 14 70 -7 96 -26 31 -80 30 -110 -2z"
       id="path3427" />
    <path
       d="M3030 348 c-59 -97 -25 -238 56 -238 31 0 37 4 50 37 23 53 16 183 -10 212 -30 33 -72 28 -96 -11z m75 -107 c0 -68 -11 -84 -39 -56 -31 32 -14 130 22 123 14 -3 17 -15 17 -67z"
       id="path3429" />
    <path
       d="M3227 363 c-8 -10 -25 -42 -37 -72 l-21 -54 29 -62 c23 -48 35 -63 56 -67 44 -9 68 12 90 76 19 57 19 60 2 110 -23 64 -42 86 -76 86 -15 0 -34 -8 -43 -17z m57 -59 c3 -9 6 -42 6 -75 0 -46 -3 -59 -15 -59 -30 0 -45 77 -23 125 13 29 23 32 32 9z"
       id="path3431" />
    <path
       d="M2244 296 c-31 -23 -6 -35 83 -38 58 -2 86 1 95 10 11 11 9 16 -6 28 -27 19 -145 19 -172 0z"
       id="path3435" />
    <path
       d="M3667 303 c-4 -3 -50 -5 -102 -4 l-95 2 0 -96 0 -96 28 3 c26 3 27 5 32 73 3 47 9 70 18 69 6 -1 17 -2 23 -2 8 -2 10 -20 5 -61 -5 -47 -4 -61 10 -71 29 -25 48 0 54 71 4 48 9 64 20 64 12 0 16 -16 18 -68 2 -49 7 -70 18 -74 20 -8 56 27 49 46 -4 9 -11 41 -16 71 -10 61 -40 96 -62 73z"
       id="path3437" />
    <path
       d="M3833 302 c-23 -2 -46 -8 -51 -15 -5 -7 -12 -43 -15 -80 -5 -72 8 -101 42 -95 12 2 17 19 21 73 5 68 7 72 40 67 5 -1 10 -32 12 -69 3 -60 5 -68 23 -68 18 0 20 8 23 68 3 63 4 67 27 67 23 0 24 -4 27 -67 3 -66 4 -68 31 -71 l27 -3 0 83 c0 46 -4 88 -8 94 -12 19 -45 24 -86 14 -22 -5 -47 -6 -55 -2 -9 4 -35 6 -58 4z"
       id="path3439" />
    <path
       d="M2259 230 c-63 -15 -4 -58 77 -56 59 1 106 27 87 47 -13 13 -122 19 -164 9z"
       id="path3441" />
  </g>
  <text
     xml:space="preserve"
     style="font-size:32px;font-style:normal;font-variant:normal;font-weight:bold;font-stretch:normal;text-align:start;line-height:125%;letter-spacing:0px;word-spacing:0px;text-anchor:start;fill:#000000;fill-opacity:1;stroke:none;font-family:Arial;-inkscape-font-specification:Arial Bold"
     x="198.01906"
     y="447.88181"
     id="text4303"
     sodipodi:linespacing="125%"><tspan
       sodipodi:role="line"
       id="tspan4305"
       x="198.01906"
       y="447.88181">a</tspan></text>
  <text
     xml:space="preserve"
     style="font-size:32px;font-style:normal;font-variant:normal;font-weight:bold;font-stretch:normal;text-align:start;line-height:125%;letter-spacing:0px;word-spacing:0px;text-anchor:start;fill:#000000;fill-opacity:1;stroke:none;font-family:Arial;-inkscape-font-specification:Arial Bold"
     x="593.31647"
     y="205.04106"
     id="text4307"
     sodipodi:linespacing="125%"><tspan
       sodipodi:role="line"
       id="tspan4309"
       x="593.31647"
       y="205.04106">b</tspan></text>
</svg>
