<?xml version="1.0" standalone="no"?>
<!DOCTYPE svg PUBLIC "-//W3C//DTD SVG 20010904//EN"
 "http://www.w3.org/TR/2001/REC-SVG-20010904/DTD/svg10.dtd">
<svg version="1.0" xmlns="http://www.w3.org/2000/svg"
 width="900.000000pt" height="576.000000pt" viewBox="0 0 900.000000 576.000000"
 preserveAspectRatio="xMidYMid meet">
<metadata>
Created by potrace 1.10, written by Peter Selinger 2001-2011
</metadata>
<g transform="translate(0.000000,576.000000) scale(0.100000,-0.100000)"
fill="#000000" stroke="none">
<path d="M0 2880 l0 -2880 4500 0 4500 0 0 2880 0 2880 -4500 0 -4500 0 0
-2880z m8073 2837 l887 -2 0 -2802 c0 -1731 3 -2811 9 -2826 7 -17 6 -30 -2
-41 -11 -15 -390 -16 -4471 -16 -2453 0 -4461 1 -4463 3 -5 5 -4 5677 1 5685
4 6 5843 6 8039 -1z"/>
<path d="M1346 5511 c-3 -4 -6 -257 -6 -562 l-1 -554 27 2 c14 1 29 4 31 7 3
2 7 249 9 547 3 390 1 546 -7 556 -13 15 -45 18 -53 4z"/>
<path d="M1915 5510 c-4 -6 -6 -254 -5 -553 0 -499 2 -543 17 -555 45 -33 45
-40 44 546 -1 305 -4 558 -7 563 -7 12 -41 11 -49 -1z"/>
<path d="M4184 5509 c-4 -6 -4 -239 0 -518 4 -317 3 -521 -3 -546 -7 -29 -7
-42 2 -47 14 -9 49 0 59 15 8 13 1 1085 -8 1098 -7 13 -41 11 -50 -2z"/>
<path d="M4757 5513 c-4 -3 -7 -253 -7 -555 l0 -548 25 -10 c35 -13 58 -2 50
24 -3 11 -9 260 -12 551 -4 374 -9 532 -17 537 -14 10 -31 10 -39 1z"/>
<path d="M7307 5513 c-4 -3 -7 -18 -7 -33 0 -14 -4 -30 -9 -35 -5 -6 -14 -32
-20 -60 -22 -109 -32 -151 -41 -167 -5 -9 -14 -43 -20 -75 -5 -32 -17 -83 -26
-113 -9 -30 -20 -73 -25 -95 -5 -22 -13 -49 -18 -60 -5 -11 -19 -63 -31 -115
-12 -52 -26 -105 -30 -116 -5 -12 -12 -43 -16 -69 -3 -26 -13 -60 -20 -74 -8
-14 -14 -36 -14 -48 0 -13 -6 -23 -12 -23 -7 0 -492 0 -1078 0 -650 0 -1071
-4 -1080 -9 -8 -6 -11 -14 -6 -18 4 -4 502 -9 1106 -10 1266 -2 1120 -17 1151
119 11 46 23 101 28 123 23 99 32 131 40 150 12 26 29 93 45 175 8 36 18 78
25 93 6 16 11 41 11 56 0 15 4 31 9 37 9 9 23 61 46 174 7 36 23 89 34 119 17
41 19 56 10 67 -12 15 -41 19 -52 7z"/>
<path d="M7870 5498 c-5 -13 -16 -54 -24 -93 -8 -38 -22 -95 -31 -125 -9 -30
-21 -75 -26 -100 -36 -167 -60 -260 -79 -305 -5 -11 -13 -45 -19 -75 -14 -77
-61 -261 -72 -283 -6 -10 -13 -40 -16 -66 -6 -54 8 -68 52 -51 20 8 24 14 19
34 -3 13 1 52 10 87 8 35 18 80 21 99 3 19 10 44 15 55 12 29 25 82 74 292 7
34 17 67 22 74 4 7 11 31 15 54 4 22 14 65 22 95 72 262 82 311 65 322 -22 14
-38 9 -48 -14z"/>
<path d="M232 4413 c3 -17 33 -18 535 -18 292 0 535 3 539 8 4 4 4 10 0 15 -4
4 -248 8 -543 10 -508 3 -534 2 -531 -15z"/>
<path d="M2018 4423 c-31 -8 -19 -22 25 -28 61 -8 2104 -1 2113 8 4 4 4 10 0
15 -8 7 -2109 13 -2138 5z"/>
<path d="M7728 4423 c-34 -9 -18 -22 35 -28 28 -3 263 -5 522 -3 438 3 470 4
473 21 3 16 -26 17 -505 16 -279 -1 -516 -3 -525 -6z"/>
<path d="M2746 4244 c-3 -9 -6 -73 -6 -144 0 -97 3 -130 14 -139 11 -9 18 -8
30 4 13 13 15 28 10 71 -7 57 -3 61 46 54 22 -3 60 -41 60 -60 0 -24 38 -70
57 -70 21 0 9 62 -18 99 -19 26 -18 61 2 61 18 0 36 55 28 85 -13 46 -33 55
-130 55 -70 0 -88 -3 -93 -16z m151 -30 c12 -3 25 -15 28 -26 11 -33 -12 -48
-76 -48 l-59 0 0 34 c0 24 5 36 18 39 26 7 65 7 89 1z"/>
<path d="M3527 4253 c-4 -3 -7 -69 -7 -145 0 -117 2 -140 16 -145 26 -10 38
14 35 72 -2 47 1 55 16 56 49 3 78 -17 88 -60 7 -32 52 -84 66 -76 17 11 9 61
-16 95 -14 19 -25 37 -25 40 0 4 14 21 30 38 17 18 30 38 30 46 0 28 -22 64
-47 75 -26 12 -175 15 -186 4z m141 -39 c35 -7 51 -37 32 -59 -8 -10 -32 -15
-71 -15 l-59 0 0 34 c0 42 28 54 98 40z"/>
<path d="M3142 4187 c-6 -7 -12 -49 -14 -92 l-3 -80 -30 0 -30 0 -5 85 c-4 70
-8 85 -22 88 -24 5 -32 -35 -25 -121 8 -89 27 -108 100 -103 26 2 51 7 55 10
3 4 7 51 9 105 2 73 -1 102 -11 110 -10 8 -16 8 -24 -2z"/>
<path d="M3258 4193 c-9 -2 -23 -15 -32 -28 -15 -22 -14 -24 5 -30 12 -4 26
-2 32 4 12 12 57 15 57 4 -1 -18 -17 -31 -46 -37 -45 -10 -78 -48 -70 -80 7
-27 53 -76 71 -76 6 0 15 4 21 9 5 5 27 11 49 13 l40 3 -1 89 c-1 84 -3 91
-28 113 -25 22 -58 27 -98 16z m70 -139 c4 -26 -20 -47 -50 -42 -33 4 -37 45
-6 58 33 13 53 8 56 -16z"/>
<path d="M229 3876 c-20 -21 -10 -46 19 -46 15 0 267 0 560 0 l532 0 -2 -926
-3 -926 -546 2 c-300 0 -553 -2 -562 -6 -19 -7 -22 -29 -6 -40 16 -9 1162 -5
1171 4 9 9 13 1930 5 1938 -9 9 -1158 9 -1168 0z"/>
<path d="M1923 3875 c-11 -8 -13 -172 -11 -975 l3 -965 1158 -3 c921 -2 1158
0 1161 10 3 7 7 441 10 964 5 794 3 954 -8 963 -18 15 -2292 21 -2313 6z
m2262 -968 c0 -506 -3 -921 -7 -923 -5 -4 -695 -5 -2200 -4 -10 0 -11 1834 -1
1843 3 4 502 6 1107 5 l1101 -3 0 -918z"/>
<path d="M2554 3282 c-8 -4 -13 -51 -14 -127 -3 -155 -5 -147 28 -143 25 3 27
6 26 43 -2 46 7 55 56 55 24 0 45 10 68 30 42 39 44 85 4 123 -25 24 -36 27
-93 27 -35 0 -69 -4 -75 -8z m150 -75 c9 -15 6 -21 -14 -37 -14 -11 -40 -20
-57 -20 -27 0 -34 5 -39 25 -11 44 1 56 52 53 32 -2 50 -9 58 -21z"/>
<path d="M2932 3212 c-28 -11 -42 -22 -40 -32 3 -12 16 -14 62 -12 46 3 57 1
54 -10 -3 -7 -21 -15 -41 -18 -42 -6 -87 -42 -87 -70 0 -11 9 -29 20 -40 18
-18 30 -20 79 -17 32 2 64 7 70 11 13 9 15 115 1 150 -7 20 -60 60 -72 55 -2
-1 -22 -9 -46 -17z m83 -113 c10 -15 -25 -49 -51 -49 -31 0 -39 17 -18 41 19
21 59 26 69 8z"/>
<path d="M3144 3213 c-30 -15 -64 -71 -64 -105 0 -8 13 -33 28 -54 42 -58 44
-70 16 -88 -28 -19 -30 -29 -8 -50 35 -36 85 -7 87 51 3 71 44 105 83 68 24
-22 34 -25 93 -22 l66 3 3 69 c4 94 -1 109 -45 129 -35 15 -42 16 -75 2 -68
-29 -56 -51 25 -47 37 2 48 -1 45 -11 -3 -7 -20 -14 -38 -16 -19 -2 -47 -14
-63 -28 -16 -13 -37 -24 -46 -24 -10 0 -30 -9 -45 -21 -14 -11 -34 -19 -43
-17 -25 5 -39 51 -27 86 10 29 21 31 92 16 29 -6 33 -4 30 12 -3 16 -62 65
-77 63 -3 0 -20 -7 -37 -16z m260 -111 c10 -16 -25 -52 -49 -52 -27 0 -38 12
-29 34 8 21 67 35 78 18z"/>
<path d="M2808 3213 c-31 -5 -34 -12 -42 -113 -5 -72 2 -94 30 -88 16 3 19 14
22 75 3 68 4 71 32 83 17 7 30 15 30 19 0 11 -23 31 -34 30 -6 -1 -23 -4 -38
-6z"/>
<path d="M2575 2639 c-66 -59 -67 -146 -2 -223 29 -33 40 -39 84 -43 46 -5 54
-3 75 20 60 65 61 123 0 73 -80 -68 -174 -2 -146 102 13 48 97 67 141 32 34
-27 53 -25 53 4 0 40 -43 66 -111 66 -51 0 -63 -4 -94 -31z"/>
<path d="M3648 2665 c-4 -4 -3 -188 2 -287 0 -12 28 -10 35 2 5 8 10 236 6
278 -1 12 -33 17 -43 7z"/>
<path d="M3216 2629 c-18 -37 -21 -65 -6 -74 6 -3 10 -38 10 -76 0 -39 5 -79
10 -90 13 -23 56 -25 68 -3 6 11 11 13 16 5 10 -15 53 -14 59 2 2 6 2 40 -1
73 -4 52 -1 65 15 81 11 11 27 23 34 26 11 5 10 9 -5 21 -17 14 -39 14 -83 0
-9 -2 -13 -29 -13 -87 0 -46 -3 -87 -7 -90 -3 -4 -17 3 -30 15 -31 29 -33 106
-2 134 20 18 20 19 1 35 -11 8 -21 24 -23 34 -6 31 -26 28 -43 -6z"/>
<path d="M3495 2601 c-41 -12 -58 -28 -51 -46 4 -12 12 -15 24 -10 9 5 32 10
50 13 29 4 33 2 30 -14 -2 -13 -17 -22 -46 -28 -57 -12 -75 -38 -61 -89 14
-50 45 -65 98 -47 21 7 44 10 49 6 19 -12 26 18 23 94 -2 62 -6 79 -24 96 -25
24 -62 35 -92 25z m65 -130 c0 -27 -26 -44 -55 -37 -32 8 -34 43 -2 49 47 9
57 7 57 -12z"/>
<path d="M2832 2577 c-34 -36 -37 -94 -9 -147 27 -49 59 -67 100 -56 33 8 65
61 42 69 -7 3 -27 1 -43 -5 -25 -10 -35 -9 -56 6 -38 24 -24 36 43 36 83 0 98
21 59 84 -21 32 -28 35 -69 36 -35 0 -51 -5 -67 -23z m96 -39 c3 -15 -4 -18
-32 -18 -39 0 -39 0 -30 25 9 22 58 16 62 -7z"/>
<path d="M3020 2593 c-5 -81 -4 -207 1 -215 4 -6 14 -8 23 -5 13 5 16 22 16
85 0 76 9 102 36 102 32 0 41 -28 36 -104 -4 -65 -2 -77 13 -82 28 -11 35 15
28 106 -7 108 -17 120 -95 120 -32 0 -58 -3 -58 -7z"/>
<path d="M4759 3874 c-5 -7 -8 -399 -7 -975 l3 -964 871 -3 c752 -2 873 0 884
12 11 14 23 55 52 176 6 25 17 54 24 65 8 11 14 30 14 42 0 13 4 31 9 41 12
21 41 117 41 133 0 13 67 232 80 264 5 11 19 61 30 110 12 50 28 102 36 117 8
14 14 36 14 48 0 12 11 54 24 93 13 40 27 88 31 107 4 19 14 56 22 83 l15 47
44 -40 c41 -38 47 -40 104 -40 57 0 64 3 103 39 l42 39 0 85 1 85 -89 7 c-72
5 -93 4 -112 -9 -13 -9 -27 -16 -30 -16 -11 0 -4 49 19 120 13 41 27 90 31
108 4 18 13 45 21 60 8 15 14 37 14 48 0 12 7 35 15 50 17 33 19 60 6 69 -5 3
-526 6 -1156 8 -830 1 -1149 -1 -1156 -9z m2243 -86 c-1 -20 -9 -50 -17 -65
-8 -15 -15 -33 -15 -39 0 -6 -6 -24 -14 -40 -8 -16 -22 -63 -31 -104 -28 -125
-36 -154 -51 -188 -8 -18 -14 -40 -14 -50 0 -9 -6 -29 -14 -44 -8 -15 -17 -42
-21 -60 -4 -18 -11 -37 -15 -43 -4 -5 -11 -30 -15 -55 -4 -25 -11 -49 -15 -55
-5 -5 -13 -32 -18 -60 -6 -27 -22 -84 -35 -125 -14 -41 -33 -102 -42 -135 -10
-33 -28 -91 -40 -130 -13 -38 -26 -85 -30 -102 -4 -18 -11 -35 -16 -38 -5 -4
-9 -18 -9 -33 0 -15 -6 -47 -14 -72 -9 -25 -22 -67 -29 -95 -55 -190 -83 -268
-99 -274 -9 -3 -382 -4 -828 -1 l-812 5 3 725 c1 598 5 1105 8 1118 1 1 493 1
1094 0 l1092 -3 -3 -37z m110 -414 c-2 -19 3 -36 12 -44 21 -17 20 -32 -5 -64
-17 -22 -28 -26 -70 -26 -88 0 -126 66 -82 141 17 29 20 30 83 27 l65 -3 -3
-31z"/>
<path d="M7593 3872 c-7 -7 -13 -20 -13 -29 0 -16 -4 -31 -64 -220 -20 -62
-36 -126 -36 -142 0 -17 -4 -32 -9 -35 -5 -4 -12 -25 -16 -49 -4 -23 -11 -46
-15 -52 -4 -5 -17 -44 -30 -85 -37 -126 -39 -132 -66 -216 -14 -45 -32 -108
-39 -140 -7 -33 -21 -84 -30 -114 -9 -30 -23 -77 -30 -105 -58 -210 -55 -205
-115 -205 -82 0 -80 49 6 103 27 18 44 36 44 48 0 25 -10 24 -54 -6 -48 -32
-62 -31 -93 5 -30 37 -62 38 -100 6 -25 -22 -28 -31 -31 -103 -5 -106 -2 -108
142 -108 128 0 132 -3 97 -86 -19 -44 -40 -113 -72 -244 -6 -21 -15 -45 -20
-52 -6 -6 -11 -34 -12 -60 l-2 -48 575 -5 c316 -3 581 -4 588 -2 7 3 12 14 10
26 l-3 21 -554 2 c-304 1 -555 4 -557 6 -2 2 12 51 31 110 19 58 35 111 35
117 0 7 6 26 14 43 20 45 44 134 51 189 3 26 10 50 14 53 5 2 12 22 16 42 4
21 11 43 15 48 9 10 16 35 44 150 7 28 18 63 24 78 7 16 12 36 12 45 0 9 7 26
15 36 8 11 15 33 15 48 0 16 4 36 9 46 5 9 16 44 26 77 9 33 23 78 30 100 8
22 17 56 20 75 4 19 10 40 14 45 7 12 23 67 56 195 14 52 31 111 39 130 20 50
46 139 46 159 0 9 7 27 16 39 l15 22 556 0 c378 -1 559 2 567 10 7 7 5 15 -6
26 -13 14 -82 16 -588 17 -464 2 -576 -1 -587 -11z m-565 -1341 c-3 -45 -4
-46 -38 -46 l-35 0 -3 53 c-3 47 -1 53 20 61 37 14 60 -13 56 -68z"/>
<path d="M1542 3337 c-7 -8 -10 -52 -9 -107 2 -94 2 -95 27 -95 20 0 26 6 30
30 l5 30 105 0 c126 0 152 11 115 48 -11 12 -35 14 -120 10 l-105 -6 0 36 c0
62 -22 86 -48 54z"/>
<path d="M4380 3308 c-25 -56 -25 -80 3 -129 21 -38 24 -39 66 -37 38 3 45 7
61 38 10 19 26 61 36 93 l18 59 18 -24 c18 -23 24 -93 10 -114 -4 -6 -17 -16
-29 -23 -28 -14 -20 -41 12 -41 13 0 33 9 46 19 22 17 24 27 24 99 0 44 -3 83
-6 87 -11 10 -112 13 -131 3 -12 -6 -18 -20 -18 -44 0 -44 -25 -104 -42 -104
-36 0 -52 66 -22 90 20 17 14 64 -9 68 -12 3 -23 -9 -37 -40z"/>
<path d="M7080 3063 c-90 -6 -114 -28 -108 -100 4 -40 10 -57 29 -72 31 -26
47 -10 25 24 -20 30 -18 90 3 90 8 0 20 -21 28 -50 24 -83 62 -106 110 -66 28
24 34 53 25 121 -8 62 -2 59 -112 53z m64 -69 c11 -28 6 -51 -14 -69 -16 -14
-20 -15 -24 -4 -2 8 -9 29 -15 48 -6 19 -11 36 -11 37 0 13 59 1 64 -12z"/>
<path d="M1640 2991 c-41 -11 -55 -106 -20 -141 33 -33 43 -25 35 30 -7 50 -7
51 17 45 16 -4 29 -1 37 9 21 26 47 19 61 -15 10 -22 10 -36 3 -48 -18 -28
-40 -24 -46 9 -4 16 -11 30 -17 30 -16 0 -12 -60 5 -66 8 -4 15 -15 15 -26 0
-19 -4 -20 -49 -14 -38 5 -53 3 -65 -9 -38 -38 -1 -63 74 -51 48 7 90 -7 90
-32 0 -32 -22 -42 -91 -42 -45 0 -70 -5 -78 -14 -20 -24 22 -39 100 -34 93 5
108 19 107 105 0 45 -4 66 -14 70 -18 7 -18 27 1 43 18 15 20 71 3 88 -8 8 -8
15 2 26 26 33 5 46 -72 45 -40 -1 -84 -4 -98 -8z"/>
<path d="M4477 2993 c-22 -6 -47 -54 -47 -90 1 -33 36 -81 50 -67 5 5 10 29
12 54 4 55 20 59 29 6 3 -21 14 -43 23 -48 9 -5 16 -18 16 -28 0 -16 -7 -20
-34 -20 -19 0 -38 5 -41 11 -8 13 -55 -28 -55 -47 0 -15 46 -24 112 -21 55 2
73 -11 64 -47 -6 -25 -10 -26 -74 -26 -43 0 -75 -5 -88 -14 -18 -14 -18 -15
11 -26 44 -17 149 -8 174 14 18 16 20 29 18 82 -2 35 -9 70 -16 78 -10 12 -9
19 2 38 9 15 14 46 12 88 l-2 65 -74 2 c-41 0 -82 -1 -92 -4z m115 -60 c19
-17 23 -49 8 -73 -7 -12 -12 -12 -28 4 -11 9 -23 29 -26 42 -11 44 12 58 46
27z"/>
<path d="M6983 2844 c-20 -9 -15 -32 7 -39 11 -3 39 -3 62 0 80 12 126 -26 74
-61 -19 -12 -38 -14 -80 -9 -48 6 -55 5 -65 -13 -6 -10 -7 -22 -4 -26 3 -3 43
-6 89 -6 80 0 83 1 108 31 22 26 25 37 20 72 -4 23 -7 43 -8 43 -4 5 -194 12
-203 8z"/>
<path d="M1574 2578 c-12 -5 -26 -27 -33 -48 -13 -45 -14 -149 -1 -170 13 -22
235 -32 268 -12 33 19 22 37 -24 40 -79 5 -86 9 -78 45 10 46 22 61 71 87 33
18 43 28 41 44 -4 27 -30 23 -73 -10 l-32 -24 -38 30 c-39 31 -65 36 -101 18z
m74 -50 c14 -18 18 -116 5 -129 -6 -6 -23 -9 -39 -7 l-29 3 4 65 c2 36 5 68 8
73 7 11 40 8 51 -5z"/>
<path d="M4393 2566 c-26 -22 -28 -30 -31 -108 -1 -45 2 -90 7 -98 8 -11 40
-16 133 -21 126 -5 148 -1 148 31 0 21 -20 31 -49 23 -11 -3 -32 -2 -46 1 -52
13 -20 85 55 125 37 19 46 37 31 60 -8 12 -14 11 -36 -5 -65 -45 -67 -46 -100
-14 -38 37 -74 38 -112 6z m92 -101 l0 -70 -35 0 -35 0 -3 58 c-3 67 9 89 47
85 25 -3 26 -5 26 -73z"/>
<path d="M2751 1793 c-5 -10 -9 -76 -10 -146 -1 -105 2 -129 14 -133 28 -11
45 15 39 56 -5 31 -3 40 13 48 27 15 77 -16 98 -62 17 -35 39 -51 57 -40 13 9
1 51 -22 77 -25 27 -25 31 5 61 37 37 34 83 -8 124 -31 30 -38 32 -105 32 -58
0 -73 -3 -81 -17z m149 -56 c17 -8 25 -21 25 -37 0 -24 -3 -25 -65 -25 -60 0
-65 2 -68 23 -2 13 2 30 8 38 15 17 66 18 100 1z"/>
<path d="M3532 1797 c-6 -7 -12 -70 -13 -142 -2 -108 0 -130 13 -139 26 -16
48 9 41 46 -7 37 7 48 62 48 44 1 61 11 88 53 24 38 16 69 -29 112 -32 32 -41
35 -94 35 -34 0 -62 -5 -68 -13z m135 -69 c35 -28 2 -68 -56 -68 -34 0 -56 28
-46 60 10 30 70 35 102 8z"/>
<path d="M3021 1711 c-14 -25 -14 -121 -1 -155 14 -37 46 -49 105 -39 l50 8 3
80 c3 93 -3 125 -22 125 -20 0 -26 -23 -26 -95 0 -52 -3 -66 -19 -74 -35 -19
-50 7 -53 88 -3 77 -17 100 -37 62z"/>
<path d="M3226 1711 c-25 -28 -11 -44 34 -38 21 2 43 1 50 -3 19 -12 2 -30
-29 -30 -17 0 -38 -11 -56 -30 -27 -28 -28 -32 -14 -56 20 -37 45 -46 114 -37
l60 8 -2 90 c-2 97 -15 122 -57 108 -26 -8 -46 -8 -67 1 -9 4 -22 -1 -33 -13z
m98 -107 c14 -5 14 -8 -1 -30 -26 -40 -84 -23 -62 18 10 18 34 23 63 12z"/>
<path d="M214 1396 c-3 -8 -3 -20 1 -26 4 -7 186 -10 566 -10 l559 0 0 -544
c0 -474 2 -545 15 -550 19 -7 45 3 46 18 4 64 -1 1109 -6 1114 -4 4 -270 8
-591 10 -508 2 -585 1 -590 -12z"/>
<path d="M1923 1403 c-10 -4 -13 -126 -13 -563 0 -559 0 -559 21 -571 14 -7
25 -7 31 -1 6 6 9 205 9 551 l-2 541 1107 -2 1106 -3 3 -538 c2 -347 6 -542
13 -549 7 -7 17 -6 31 1 l21 12 -6 552 c-4 337 -11 557 -17 565 -7 9 -249 12
-1151 11 -627 0 -1147 -3 -1153 -6z"/>
<path d="M4761 1396 c-8 -9 -10 -166 -9 -567 l3 -554 30 0 30 0 -2 250 c-1
138 -3 381 -4 540 l-2 290 678 3 677 2 -5 -22 c-3 -13 -13 -48 -22 -78 -9 -30
-21 -80 -26 -110 -6 -30 -14 -62 -19 -71 -5 -9 -12 -34 -16 -55 -3 -22 -10
-44 -15 -50 -5 -6 -13 -37 -18 -70 -12 -72 -32 -148 -97 -366 -8 -26 -14 -53
-14 -61 0 -8 -9 -43 -20 -77 -24 -76 -26 -128 -5 -137 27 -10 53 25 58 75 4
51 34 178 47 202 4 9 11 36 15 60 4 24 11 51 16 60 13 25 49 183 49 216 0 16
4 34 9 40 6 5 14 27 20 49 6 22 17 67 26 100 9 33 22 87 30 120 7 33 23 87 34
119 25 71 26 92 5 100 -9 3 -336 6 -729 6 -589 0 -715 -2 -724 -14z"/>
<path d="M6752 1402 c-13 -9 -26 -43 -48 -137 -32 -128 -43 -172 -59 -225 -9
-30 -22 -82 -29 -115 -17 -75 -36 -154 -46 -180 -4 -11 -17 -63 -29 -115 -13
-52 -27 -104 -31 -115 -16 -36 -50 -184 -50 -215 0 -38 23 -49 50 -25 13 12
20 31 20 54 1 49 15 110 65 281 9 30 27 100 41 155 13 55 31 125 39 155 9 30
20 71 25 90 5 19 16 60 24 90 21 80 44 179 51 223 l6 37 570 0 c513 0 570 2
576 16 3 9 0 20 -8 25 -17 11 -1149 12 -1167 1z"/>
</g>
</svg>
