<?xml version="1.0" encoding="UTF-8" standalone="no"?>
<svg
   xmlns:dc="http://purl.org/dc/elements/1.1/"
   xmlns:cc="http://creativecommons.org/ns#"
   xmlns:rdf="http://www.w3.org/1999/02/22-rdf-syntax-ns#"
   xmlns:svg="http://www.w3.org/2000/svg"
   xmlns="http://www.w3.org/2000/svg"
   xmlns:sodipodi="http://sodipodi.sourceforge.net/DTD/sodipodi-0.dtd"
   xmlns:inkscape="http://www.inkscape.org/namespaces/inkscape"
   version="1.0"
   width="723.000000pt"
   height="723.000000pt"
   viewBox="0 0 723.000000 723.000000"
   preserveAspectRatio="xMidYMid meet"
   id="svg5745"
   inkscape:version="0.48.4 r9939"
   sodipodi:docname="5.svg">
  <defs
     id="defs5873" />
  <sodipodi:namedview
     pagecolor="#ffffff"
     bordercolor="#666666"
     borderopacity="1"
     objecttolerance="10"
     gridtolerance="10"
     guidetolerance="10"
     inkscape:pageopacity="0"
     inkscape:pageshadow="2"
     inkscape:window-width="1600"
     inkscape:window-height="824"
     id="namedview5871"
     showgrid="false"
     inkscape:zoom="0.73859895"
     inkscape:cx="380.40064"
     inkscape:cy="307.2573"
     inkscape:window-x="0"
     inkscape:window-y="24"
     inkscape:window-maximized="1"
     inkscape:current-layer="g5749" />
  <metadata
     id="metadata5747">
Created by potrace 1.10, written by Peter Selinger 2001-2011
<rdf:RDF>
  <cc:Work
     rdf:about="">
    <dc:format>image/svg+xml</dc:format>
    <dc:type
       rdf:resource="http://purl.org/dc/dcmitype/StillImage" />
  </cc:Work>
</rdf:RDF>
</metadata>
  <g
     transform="translate(0.000000,723.000000) scale(0.100000,-0.100000)"
     fill="#000000"
     stroke="none"
     id="g5749">
    <path
       d="M91 7112 c-12 -22 -12 -119 -11 -3769 0 -2861 0 -2862 20 -2873 12 -7 77 -11 158 -10 75 1 145 1 155 0 17 0 18 -11 16 -170 -2 -93 0 -172 2 -175 8 -7 6649 -6 6660 1 6 3 9 771 9 1913 0 1049 2 1915 6 1924 3 9 3 21 -1 26 -3 6 -6 550 -6 1208 0 659 -4 1206 -8 1216 -6 16 -9 17 -19 4 -22 -26 -33 -120 -30 -249 1 -70 0 -129 -2 -132 -3 -2 -234 -6 -514 -7 -387 -2 -511 0 -514 9 -2 7 0 12 5 12 140 9 302 23 388 34 262 36 269 37 302 62 17 13 34 24 38 24 3 0 31 25 62 56 31 31 76 69 99 85 24 16 46 38 49 49 3 11 12 20 19 20 14 0 40 20 98 72 35 32 40 40 33 65 -4 15 -7 123 -6 238 0 116 -3 219 -8 230 -7 18 -9 17 -27 -10 -17 -26 -19 -49 -19 -220 0 -104 3 -199 7 -210 10 -27 -31 -69 -251 -255 -29 -25 -69 -60 -89 -78 -42 -38 -42 -39 -197 -58 -256 -31 -281 -35 -305 -44 -14 -6 -78 -12 -142 -15 -65 -2 -126 -8 -135 -13 -10 -5 -52 -13 -92 -17 -47 -4 -79 -12 -85 -21 -9 -12 -52 -14 -226 -15 -118 0 -222 2 -230 4 -26 10 -99 16 -290 27 -102 5 -223 14 -270 19 -47 6 -181 13 -299 17 -231 7 -231 7 -231 -46 l0 -25 -215 0 c-135 0 -216 4 -218 10 -6 21 21 1013 28 1050 4 19 12 20 177 18 l173 -1 3 -270 c2 -232 5 -272 18 -283 17 -14 64 -22 249 -44 66 -7 158 -18 205 -24 47 -6 115 -11 153 -11 46 0 67 -4 68 -12 0 -7 0 -85 0 -173 -1 -88 3 -167 8 -174 17 -26 23 30 19 188 -2 96 1 151 7 152 6 1 18 0 28 0 119 -13 212 -23 307 -35 232 -30 280 -33 322 -25 24 5 72 14 108 19 36 6 79 15 95 20 57 17 130 32 202 40 68 8 118 17 228 41 28 5 77 15 110 21 33 5 64 14 70 19 5 5 27 9 48 9 37 0 107 32 107 49 0 3 17 15 38 26 20 11 50 34 65 52 16 18 36 33 45 33 9 0 35 18 57 40 22 21 45 39 51 40 6 0 35 23 65 50 30 28 59 50 65 50 6 0 26 14 44 30 18 17 38 30 42 30 11 0 71 43 110 78 l27 25 -22 38 -22 39 -3487 0 c-3362 0 -3488 -1 -3497 -18z m2319 -22 c0 -6 -11 -28 -25 -50 -14 -22 -25 -46 -25 -53 0 -8 -8 -25 -17 -38 -27 -37 -43 -67 -43 -83 0 -7 -8 -24 -19 -37 -25 -32 -81 -136 -81 -152 0 -6 -14 -27 -30 -46 -17 -18 -30 -39 -30 -47 0 -7 -4 -14 -9 -16 -6 -1 -12 -16 -15 -32 -3 -16 -16 -41 -29 -55 -12 -14 -33 -48 -46 -76 -12 -27 -26 -57 -31 -65 -5 -8 -23 -44 -41 -79 -17 -35 -44 -83 -59 -105 -15 -23 -30 -52 -33 -66 -4 -14 -17 -37 -29 -51 -23 -26 -24 -26 -146 -21 l-122 4 2 532 3 531 390 5 c215 3 400 6 413 8 12 1 22 -3 22 -8z m224 -213 c3 -117 6 -224 7 -238 2 -26 -43 -133 -61 -144 -11 -7 -50 -88 -50 -104 0 -6 -4 -11 -10 -11 -5 0 -12 -11 -16 -25 -3 -14 -9 -25 -13 -25 -4 0 -18 -21 -31 -47 -13 -27 -35 -66 -49 -88 -39 -60 -48 -81 -56 -114 -4 -17 -10 -31 -15 -31 -5 0 -11 -8 -14 -17 -5 -17 -23 -18 -212 -16 -114 2 -209 5 -212 7 -4 4 15 39 79 145 9 15 20 38 24 52 4 13 11 26 14 29 11 8 51 89 51 103 0 7 11 24 24 38 23 24 66 107 66 126 0 5 13 24 28 43 26 33 62 99 62 115 0 4 14 24 30 45 17 21 30 42 30 46 0 14 119 246 135 264 8 9 15 22 15 28 0 25 38 37 103 34 l66 -4 5 -211z m260 215 c3 -5 -2 -21 -10 -36 -7 -16 -14 -34 -14 -41 0 -8 -6 -20 -13 -27 -25 -26 -77 -107 -77 -121 0 -8 -9 -26 -20 -40 -11 -14 -20 -30 -20 -36 0 -32 -66 -144 -80 -136 -5 3 -6 56 -3 118 2 61 5 157 6 212 l2 100 95 6 c52 3 103 6 112 7 9 1 19 -2 22 -6z m839 -364 c-4 -481 -12 -706 -27 -710 -6 -2 -242 -1 -525 2 l-514 5 -3 199 c-1 125 -6 202 -13 209 -6 6 -12 9 -12 6 -1 -2 -5 -96 -8 -209 l-6 -205 -123 -3 -124 -3 8 23 c3 12 21 42 38 67 32 46 66 112 66 128 0 4 11 20 24 34 23 25 49 73 61 117 3 12 10 22 15 22 4 0 11 11 14 25 4 14 12 25 20 25 14 0 31 31 41 75 3 17 18 46 33 65 27 35 42 62 62 110 5 14 14 32 19 40 5 8 23 44 41 80 18 36 35 67 39 70 13 10 41 60 41 74 0 8 16 35 35 60 19 26 35 50 35 54 0 4 172 6 383 5 l382 -2 -2 -363z m1104 357 c10 -3 13 -71 15 -275 2 -171 7 -270 13 -270 6 0 12 101 15 272 l5 273 530 0 530 0 7 -25 c4 -14 11 -38 14 -55 7 -27 8 -25 14 22 3 28 8 54 11 57 10 10 1053 8 1057 -2 4 -13 -68 -79 -121 -111 -23 -13 -43 -28 -45 -33 -2 -4 -10 -8 -18 -8 -8 0 -37 -22 -66 -50 -28 -27 -57 -50 -64 -50 -6 0 -31 -18 -55 -40 -24 -22 -47 -40 -51 -40 -5 0 -134 -98 -187 -141 -7 -7 -41 -13 -75 -16 -33 -2 -72 -7 -86 -12 -14 -5 -50 -12 -80 -16 -30 -3 -59 -10 -65 -14 -5 -5 -32 -11 -58 -15 -27 -3 -54 -9 -60 -13 -7 -4 -23 -8 -37 -9 -38 -2 -166 -22 -250 -38 -155 -30 -186 -37 -212 -47 -19 -8 -36 -8 -60 0 -18 7 -71 16 -118 21 -259 28 -362 40 -370 45 -4 2 -70 8 -146 11 -77 3 -143 9 -148 12 -9 5 -144 23 -346 45 l-105 12 -3 240 c-1 132 0 249 2 260 5 20 12 20 303 17 164 -1 304 -4 310 -7z m-4416 -2 c0 -5 0 -183 0 -398 0 -214 0 -397 0 -405 1 -8 2 -69 2 -135 l2 -120 -142 -3 c-111 -2 -143 0 -143 10 -3 199 2 1043 6 1049 6 11 274 12 275 2z m1119 0 c0 -5 1 -244 1 -533 l1 -525 -164 -7 c-163 -7 -196 -4 -256 28 -15 8 -35 14 -44 14 -9 0 -20 5 -23 10 -3 6 -16 10 -27 10 -12 0 -49 13 -82 29 -67 33 -143 61 -165 61 -8 0 -42 13 -75 29 -74 36 -144 61 -171 61 -11 0 -31 7 -43 16 l-22 15 0 393 c0 216 3 396 7 399 9 10 1063 9 1063 0z m-954 -894 c33 -16 68 -29 77 -29 9 0 18 -4 21 -9 3 -5 23 -12 43 -15 21 -4 61 -18 88 -31 63 -29 129 -51 178 -60 49 -8 44 -30 -6 -29 -20 0 -145 1 -277 2 l-240 2 0 98 c0 54 3 102 7 105 9 9 36 1 109 -34z m3983 -155 c10 -9 -11 -12 -144 -18 -142 -7 -189 1 -155 25 14 9 288 3 299 -7z m-3467 -47 c31 -7 60 -16 64 -20 4 -4 17 -7 28 -7 12 0 33 -6 48 -14 15 -8 42 -17 60 -21 18 -4 38 -11 43 -15 6 -4 26 -11 45 -15 19 -4 66 -21 103 -39 l68 -31 -8 -50 c-11 -68 -7 -245 6 -258 19 -19 23 20 19 158 l-4 135 31 0 c17 0 47 -9 68 -20 38 -21 87 -27 87 -11 0 5 6 16 14 23 7 8 25 39 39 70 14 31 40 72 57 91 29 34 32 35 68 25 22 -6 102 -9 200 -6 161 5 162 5 162 -17 0 -12 -11 -32 -25 -45 -27 -25 -75 -118 -75 -144 0 -9 -4 -16 -9 -16 -13 0 -51 -64 -51 -86 0 -11 22 -42 48 -71 86 -94 127 -144 132 -158 3 -7 17 -27 33 -44 15 -17 27 -34 27 -38 0 -5 30 -39 66 -78 36 -38 75 -83 86 -99 12 -15 43 -53 70 -84 41 -47 48 -61 42 -82 -4 -14 -10 -41 -13 -60 l-6 -34 -120 -1 c-66 -1 -135 -5 -153 -9 -32 -9 -35 -7 -255 214 -122 122 -240 232 -262 243 -40 22 -54 27 -131 46 -22 6 -54 17 -70 26 -16 8 -34 15 -40 15 -7 0 -14 7 -18 15 -3 9 -18 15 -40 15 -19 0 -37 4 -40 9 -3 5 -21 12 -40 15 -19 4 -55 18 -81 32 -60 31 -152 64 -182 64 -13 0 -23 4 -23 9 0 5 -33 19 -72 31 -40 12 -100 34 -133 50 -33 15 -87 35 -120 45 -33 10 -89 31 -125 48 -85 39 -99 45 -137 52 -18 4 -51 15 -73 26 -40 20 -41 21 -38 66 l3 46 215 -1 c118 -1 242 2 275 7 80 11 72 11 137 -2z m3115 -125 c9 -560 14 -752 19 -780 6 -32 6 -32 -20 -21 -14 7 -26 16 -26 21 0 4 -7 8 -16 8 -8 0 -32 13 -52 29 -20 17 -66 40 -101 52 -53 18 -78 21 -148 16 -100 -6 -127 -1 -117 22 4 9 10 187 13 396 l6 380 180 -3 c99 -2 194 1 210 6 18 6 34 6 40 0 6 -5 11 -62 12 -126z m778 126 c83 -3 177 -7 210 -7 l61 -1 11 -57 c6 -32 17 -92 23 -133 26 -167 31 -196 39 -225 5 -16 12 -68 15 -114 3 -46 10 -97 15 -115 5 -17 15 -65 21 -106 6 -41 18 -111 26 -155 30 -159 29 -196 -4 -162 -10 9 -80 12 -270 14 l-257 1 -5 514 c-3 282 -6 515 -8 517 -13 25 -18 -86 -22 -522 l-5 -512 -175 3 c-111 3 -198 -1 -237 -8 -58 -12 -64 -11 -89 9 -54 42 -52 30 -58 472 -3 228 -9 449 -12 492 -4 47 -2 82 4 90 12 14 454 17 717 5z m1547 -5 l498 -5 2 -509 c2 -280 1 -517 -3 -525 -4 -14 -57 -16 -485 -15 -292 1 -492 -2 -513 -8 -22 -7 -40 -7 -52 0 -19 10 -20 8 -23 -23 -1 -10 115 -14 538 -18 l540 -5 -3 -170 c-2 -106 2 -181 9 -199 8 -23 8 -31 -2 -38 -14 -10 -1054 -2 -1069 8 -5 3 -9 63 -9 133 0 82 -5 143 -13 167 -8 22 -17 73 -20 114 -4 41 -11 89 -17 106 -11 32 -24 136 -40 323 -5 62 -14 137 -19 165 -6 28 -13 96 -17 151 -3 55 -10 105 -14 110 -4 6 -10 53 -14 105 -3 52 -7 104 -8 115 -4 26 34 34 147 28 50 -2 314 -7 587 -10z m-6123 -2 c11 -1 12 -15 7 -70 -5 -47 -3 -71 4 -76 6 -4 8 -14 5 -24 -4 -9 -8 -208 -10 -442 -1 -234 -4 -430 -8 -435 -6 -10 -263 -11 -273 -2 -10 11 -6 1040 4 1047 8 5 199 6 271 2z m1133 -17 c12 -25 12 -25 23 -4 10 19 21 21 123 24 62 2 112 0 112 -5 0 -12 -59 -121 -75 -137 -15 -17 -79 -2 -143 34 -24 13 -59 26 -78 30 -19 3 -37 10 -40 15 -3 5 -17 9 -32 9 -15 0 -44 9 -65 20 -20 11 -44 20 -52 20 -8 0 -15 5 -15 10 0 6 45 10 115 10 114 0 116 0 127 -26z m994 16 l84 0 1 -377 c1 -375 5 -443 24 -413 6 9 9 168 7 402 l-2 387 522 3 c288 2 525 2 526 1 7 -3 0 -675 -6 -748 -7 -67 -8 -70 -34 -73 -14 -2 -32 -10 -38 -18 -7 -8 -17 -14 -23 -14 -17 0 -120 -72 -147 -103 l-25 -29 -90 16 c-89 15 -221 28 -505 50 -80 6 -151 15 -158 19 -7 5 -19 24 -27 43 -8 19 -19 34 -26 34 -14 0 -59 47 -59 62 0 6 -17 27 -38 47 -20 20 -51 54 -67 76 -17 22 -45 55 -62 73 -18 18 -33 38 -33 45 0 7 -14 25 -30 41 -17 16 -30 35 -30 42 0 7 -15 25 -33 41 -19 15 -44 42 -57 60 l-23 32 27 45 c14 24 26 51 26 58 0 7 14 28 30 47 17 18 30 42 30 52 0 11 5 19 10 19 6 0 10 8 10 18 0 10 10 30 23 46 20 25 26 27 66 22 24 -3 81 -6 127 -6z m3211 -37 c6 -21 12 -67 13 -103 0 -36 5 -96 11 -135 5 -38 14 -119 19 -180 6 -60 14 -123 19 -140 5 -16 12 -79 16 -140 3 -60 10 -123 15 -140 5 -16 11 -72 13 -122 3 -51 9 -98 14 -105 6 -7 13 -51 17 -98 4 -47 11 -101 16 -120 5 -19 12 -79 16 -132 5 -87 8 -98 29 -112 17 -11 26 -13 31 -5 5 8 54 10 168 5 88 -3 319 -8 511 -11 193 -4 360 -8 373 -11 19 -4 22 -9 15 -27 -4 -12 -8 -99 -8 -194 1 -111 -3 -174 -10 -176 -5 -2 -57 -1 -115 4 -58 4 -287 11 -510 15 -320 5 -408 10 -421 20 -13 12 -18 11 -36 -9 -11 -12 -24 -40 -28 -62 -10 -58 -36 -138 -50 -153 -9 -10 -25 -11 -76 -3 -81 14 -226 14 -304 1 -73 -12 -84 -4 -63 47 29 69 58 169 58 199 0 17 4 34 9 40 9 9 23 62 44 164 6 30 16 58 21 62 14 9 11 107 -3 121 -6 6 -11 38 -11 72 -1 33 -5 80 -11 105 -5 25 -14 83 -20 130 -5 47 -14 93 -19 102 -6 11 -6 19 1 23 5 4 81 6 167 6 86 -1 163 3 171 8 45 29 -169 53 -279 32 -34 -7 -64 -10 -67 -8 -2 3 -7 36 -9 73 -3 38 -8 76 -11 84 -3 8 -11 58 -19 110 -21 148 -35 223 -45 242 -5 10 -9 44 -9 75 -1 32 -5 78 -11 103 -5 25 -16 88 -24 140 -7 52 -18 113 -24 135 -6 22 -11 56 -11 75 l0 35 207 -2 208 -1 12 -39z m-5263 -122 c3 -5 26 -12 51 -15 25 -4 45 -11 45 -17 0 -5 5 -9 11 -9 7 0 33 -10 58 -21 66 -31 82 -37 117 -44 16 -3 57 -19 90 -35 32 -17 67 -30 76 -30 9 0 20 -4 23 -10 3 -5 16 -10 28 -10 12 0 39 -9 60 -20 20 -11 43 -20 51 -20 7 0 27 -7 42 -15 16 -8 39 -15 51 -15 12 0 34 -6 50 -14 95 -48 137 -66 171 -72 20 -4 46 -13 57 -20 11 -8 27 -14 36 -14 9 0 22 -6 28 -14 6 -8 24 -16 39 -19 74 -15 91 -21 147 -47 33 -15 76 -35 95 -44 40 -19 101 -77 245 -230 55 -59 110 -112 123 -117 12 -4 22 -15 22 -24 0 -8 5 -15 10 -15 6 0 10 -7 10 -16 0 -10 -6 -13 -18 -10 -54 18 -203 27 -402 25 l-225 -3 -5 221 c-3 122 -8 225 -12 229 -19 18 -23 -21 -25 -224 -1 -119 -2 -219 -2 -222 -1 -3 -241 -5 -534 -5 l-532 0 -3 453 c-2 417 1 478 22 443z m3471 -692 c22 -6 66 -24 98 -40 32 -16 63 -29 69 -29 6 0 35 -22 64 -50 29 -27 57 -50 61 -50 5 0 20 -21 33 -47 14 -27 35 -62 47 -78 12 -17 24 -48 27 -70 14 -109 17 -197 8 -267 -9 -66 -16 -87 -53 -140 -51 -76 -129 -155 -178 -181 -20 -11 -38 -23 -41 -26 -16 -22 -83 -50 -135 -56 -146 -19 -274 -2 -337 44 -23 17 -46 31 -50 31 -16 0 -91 68 -136 123 -28 34 -92 169 -92 195 0 10 -5 23 -11 29 -6 6 -9 42 -6 94 4 88 16 141 41 193 8 17 22 49 32 70 22 52 33 65 122 145 37 34 184 107 240 120 44 9 141 4 197 -10z m-1040 -128 c83 -6 195 -15 250 -21 55 -6 128 -10 163 -10 71 0 80 -13 34 -52 -15 -12 -26 -30 -24 -39 1 -8 -6 -26 -18 -39 -11 -12 -20 -30 -20 -39 0 -9 -7 -36 -16 -61 -12 -34 -14 -65 -10 -127 8 -94 2 -103 -52 -80 -21 8 -80 24 -132 35 -52 11 -120 26 -150 32 -30 7 -84 16 -120 20 -67 9 -156 26 -168 34 -4 2 -6 54 -4 115 l3 110 324 3 c178 2 327 6 331 11 4 4 4 10 0 15 -4 4 -150 8 -324 10 -174 2 -320 6 -323 10 -4 4 -10 27 -14 50 l-7 44 63 -5 c35 -2 132 -10 214 -16z m-652 -166 c4 -33 11 -161 16 -283 6 -123 14 -265 20 -315 14 -129 21 -282 12 -295 -5 -9 -101 -12 -375 -10 l-367 3 -1 470 -1 470 321 5 c176 3 324 9 328 13 5 4 15 6 24 5 10 -2 17 -21 23 -63z m-727 40 c7 -2 12 -20 12 -39 0 -35 -1 -36 -40 -34 -52 2 -87 -37 -88 -98 0 -36 5 -45 35 -68 20 -16 45 -26 57 -24 l22 3 -2 -270 c-2 -151 2 -296 7 -329 8 -43 7 -63 -1 -73 -9 -11 -109 -13 -542 -11 l-531 3 -3 472 -2 472 97 3 c129 4 965 -2 979 -7z m953 5 l128 0 7 -202 c9 -268 19 -410 29 -426 5 -7 15 -74 22 -150 8 -75 18 -165 24 -199 14 -91 2 -119 -39 -93 -11 7 -15 29 -15 92 0 46 -2 124 -4 173 -3 79 -4 85 -12 50 -5 -22 -8 -97 -7 -166 0 -69 -2 -130 -5 -135 -8 -14 -1043 -19 -1051 -5 -5 8 -13 8 -26 1 -12 -6 -213 -10 -548 -10 l-530 0 -5 27 c-3 16 -3 31 0 35 2 5 429 8 948 8 889 0 945 1 953 18 11 20 -2 440 -17 552 -13 94 -23 424 -14 434 4 3 13 4 21 1 7 -3 71 -5 141 -5z m2147 0 l204 0 -2 -532 -3 -533 -35 -3 c-19 -2 -40 -8 -46 -13 -13 -10 -33 16 -71 91 -13 25 -30 56 -38 70 -7 14 -21 43 -31 65 -9 22 -27 54 -39 70 -12 17 -25 41 -29 55 -12 42 -37 93 -61 125 -26 36 -55 94 -55 110 0 7 -7 18 -15 25 -17 14 -20 71 -5 86 16 16 23 134 12 189 -6 28 -16 72 -22 100 -5 27 -15 54 -20 59 -6 6 -10 19 -10 29 0 16 5 19 31 13 17 -3 123 -6 235 -6z m799 -17 c3 -16 10 -47 15 -71 6 -23 10 -62 10 -85 0 -24 7 -70 16 -102 20 -78 25 -325 6 -347 -12 -15 -23 -56 -43 -168 -6 -30 -17 -69 -25 -87 -8 -17 -14 -35 -14 -41 0 -5 -7 -23 -15 -38 -8 -16 -15 -40 -15 -54 0 -14 -8 -35 -18 -47 -16 -20 -21 -21 -72 -12 -30 5 -134 9 -230 7 l-175 -2 -3 532 -2 532 267 3 c148 1 274 3 280 5 7 1 15 -10 18 -25z m-5020 -478 c1 -269 6 -498 10 -508 4 -10 3 -28 -3 -41 -10 -22 -14 -22 -148 -21 l-139 1 -6 240 c-3 131 -4 367 -2 524 2 157 3 288 3 293 0 4 64 6 142 5 l142 -3 1 -490z m1110 365 c8 -13 -20 -24 -41 -16 -20 8 -9 26 16 26 10 0 22 -5 25 -10z m20 -59 c9 -15 -34 -33 -61 -27 -13 4 -24 13 -24 21 0 17 75 22 85 6z m1228 -115 c32 -3 73 -9 90 -15 59 -17 121 -31 205 -46 45 -8 87 -17 93 -21 6 -3 32 -6 59 -6 53 1 80 -16 80 -48 0 -21 39 -103 52 -108 4 -2 8 -10 8 -17 0 -7 20 -37 45 -66 45 -53 53 -73 35 -84 -5 -3 -10 -16 -10 -28 0 -12 -9 -39 -20 -60 -11 -20 -20 -43 -20 -51 0 -7 -7 -27 -15 -42 -8 -16 -15 -37 -15 -46 0 -9 -15 -44 -32 -78 -27 -51 -36 -60 -53 -55 -39 12 -370 17 -445 7 -41 -6 -76 -9 -79 -7 -2 3 -5 55 -7 117 -2 62 -8 136 -13 163 -5 28 -12 100 -16 160 -3 61 -13 154 -21 207 -17 102 -13 158 9 140 7 -6 38 -13 70 -16z m1637 -263 c0 -15 73 -153 81 -153 5 0 9 -9 9 -19 0 -23 61 -144 84 -167 9 -8 16 -22 16 -29 0 -8 14 -41 32 -74 17 -33 30 -63 27 -66 -3 -3 -39 -1 -80 5 -95 12 -228 12 -302 0 -57 -9 -87 -6 -87 11 0 4 -13 28 -30 52 -16 25 -30 48 -30 52 0 16 -35 81 -52 98 -25 25 -19 49 17 66 17 8 32 17 35 20 3 4 32 24 64 46 60 40 176 182 176 215 0 8 9 0 20 -18 11 -18 20 -35 20 -39z m-879 -179 c29 -31 122 -76 142 -69 7 3 23 -2 35 -12 18 -16 21 -31 24 -133 l3 -115 -55 5 c-30 3 -89 5 -130 5 -41 0 -97 -2 -125 -5 l-50 -5 3 30 c2 17 8 34 13 40 5 5 9 17 9 27 0 9 9 34 20 55 10 21 27 67 36 103 18 71 30 100 43 100 4 0 18 -12 32 -26z m500 -101 c0 -16 9 -41 20 -58 10 -16 22 -37 25 -45 4 -8 18 -39 31 -69 13 -29 22 -55 20 -57 -2 -2 -41 1 -87 6 -46 5 -93 8 -104 5 -12 -2 -47 -6 -78 -9 -64 -7 -70 -1 -44 51 21 41 59 133 70 166 4 12 16 17 40 17 19 0 38 5 41 10 3 6 19 10 36 10 25 0 29 -4 30 -27z m-197 -2 c3 -5 -8 -33 -24 -62 -16 -30 -30 -64 -30 -76 0 -13 -4 -23 -10 -23 -11 0 -14 152 -3 163 9 10 61 8 67 -2z m2561 -66 c612 -20 694 -26 656 -49 -6 -4 -11 -25 -11 -46 0 -21 -4 -42 -10 -45 -5 -3 -247 -7 -537 -8 -291 -2 -536 -6 -545 -11 -23 -10 -25 21 -3 50 8 10 15 40 15 66 0 28 5 48 13 51 12 4 71 3 422 -8z m-3685 -242 c0 -24 9 -43 30 -66 16 -18 30 -36 30 -42 0 -5 21 -32 46 -60 60 -68 64 -73 64 -85 0 -6 13 -23 29 -39 16 -16 37 -43 45 -60 9 -17 32 -45 51 -63 19 -17 43 -48 52 -70 25 -57 73 -65 73 -11 0 14 13 48 30 74 16 27 32 61 36 76 4 16 11 33 16 39 5 7 10 25 13 40 2 16 15 52 28 79 43 89 55 119 61 155 4 19 14 45 24 58 17 23 22 23 202 23 l185 0 -3 -43 c-2 -24 -7 -47 -12 -52 -6 -6 -10 -22 -10 -37 0 -15 -7 -34 -15 -43 -8 -8 -15 -23 -15 -34 0 -11 -7 -25 -15 -32 -8 -7 -17 -28 -21 -49 -4 -20 -11 -41 -16 -47 -5 -7 -11 -27 -13 -46 -2 -19 -18 -61 -35 -93 -16 -33 -30 -70 -30 -82 0 -12 -4 -24 -9 -27 -4 -3 -11 -26 -14 -51 -4 -24 -11 -53 -16 -62 -5 -10 -20 -40 -32 -68 -12 -27 -25 -57 -29 -65 -4 -9 -11 -36 -15 -60 -8 -49 -38 -90 -66 -90 -24 0 -117 -29 -165 -51 -23 -10 -46 -19 -51 -19 -17 0 -40 -72 -49 -155 -2 -22 -9 -49 -14 -60 -5 -11 -14 -45 -20 -75 -27 -153 -53 -256 -78 -310 -19 -38 -62 -65 -152 -94 -30 -10 -68 -26 -85 -36 -16 -10 -46 -21 -65 -25 -19 -4 -46 -14 -60 -23 -47 -31 -115 -61 -137 -62 -12 0 -24 -4 -27 -9 -3 -5 -18 -12 -33 -16 -16 -3 -42 -17 -58 -29 -17 -13 -46 -27 -65 -31 -38 -8 -163 -65 -168 -77 -2 -4 -19 -10 -39 -14 -20 -4 -61 -20 -92 -35 -31 -16 -63 -29 -72 -29 -9 0 -31 -7 -49 -17 -27 -13 -59 -16 -163 -14 -72 1 -134 4 -139 7 -4 3 -8 49 -8 102 0 53 -4 103 -9 111 -15 23 -24 -26 -23 -121 1 -49 -2 -88 -6 -88 -4 0 -134 -2 -289 -5 -188 -4 -283 -2 -283 5 0 5 8 10 18 10 9 0 31 9 47 20 17 11 38 20 48 20 9 0 25 4 35 9 9 5 35 18 57 28 22 10 52 27 67 37 15 10 32 15 38 11 5 -3 22 0 37 8 123 63 175 87 190 87 15 0 128 51 225 101 10 5 26 9 36 9 10 0 27 7 38 15 10 8 28 15 39 15 11 0 29 6 40 14 11 7 34 16 50 20 17 4 44 19 62 32 18 13 47 27 65 31 18 3 71 26 117 50 46 24 89 43 95 43 14 0 66 27 123 63 24 15 54 27 68 27 15 0 52 12 83 27 31 15 68 26 82 25 21 -2 28 5 43 41 9 23 17 58 17 77 0 19 5 51 11 70 6 19 15 62 20 95 5 33 14 85 19 115 5 30 13 92 16 138 4 45 11 85 15 88 14 8 10 68 -6 101 -8 16 -31 44 -51 62 -20 18 -42 48 -50 66 -7 19 -23 36 -34 40 -11 3 -20 10 -20 14 0 5 -30 40 -67 79 -113 118 -137 146 -154 172 l-16 25 -949 0 -949 0 -3 133 -3 132 538 -2 538 -3 1 -90 c1 -100 10 -146 25 -124 5 8 9 59 7 114 l-2 100 528 0 527 0 2 -257 c2 -239 6 -282 24 -264 10 9 9 429 -1 479 -6 33 -4 38 16 46 31 12 48 -4 48 -46z m1447 47 c7 0 17 -17 23 -39 5 -21 28 -65 50 -97 22 -33 40 -65 40 -72 0 -14 9 -31 58 -106 17 -28 32 -56 32 -63 0 -13 16 -45 36 -73 6 -8 21 -40 34 -70 12 -30 33 -69 46 -86 13 -17 24 -34 24 -38 0 -15 43 -102 64 -131 26 -34 56 -93 56 -108 0 -6 6 -18 14 -26 24 -28 76 -133 76 -155 0 -12 9 -29 20 -39 11 -9 20 -23 20 -30 0 -18 36 -86 60 -114 11 -13 20 -30 20 -38 0 -22 28 -88 43 -100 18 -15 57 -73 57 -85 0 -6 5 -19 12 -30 10 -15 9 -23 -6 -39 -11 -12 -32 -21 -47 -21 -16 0 -40 -11 -57 -27 -38 -35 -48 -43 -97 -73 -21 -13 -47 -32 -56 -41 -10 -10 -45 -30 -78 -45 -34 -16 -61 -31 -61 -35 0 -3 -19 -14 -42 -24 -24 -10 -56 -31 -73 -46 -16 -15 -53 -39 -81 -53 -27 -14 -58 -34 -69 -46 -10 -11 -25 -20 -34 -20 -9 0 -48 -22 -86 -50 -38 -27 -74 -50 -79 -50 -5 0 -23 -10 -40 -23 -73 -54 -118 -70 -190 -69 -39 1 -72 5 -75 9 -4 5 -5 241 -3 526 l3 517 447 0 c246 0 453 4 461 9 11 7 11 10 0 17 -8 5 -214 10 -459 11 l-445 2 -5 433 c-3 238 -9 438 -13 444 -8 13 15 151 30 179 10 19 20 20 185 18 95 -1 178 -2 185 -3z m539 -25 c8 -15 14 -33 14 -40 0 -8 6 -20 14 -27 7 -8 17 -25 21 -38 12 -42 44 -105 63 -126 11 -11 22 -36 26 -57 10 -51 23 -75 73 -131 7 -8 15 -25 19 -40 3 -14 10 -29 15 -32 5 -3 9 -13 9 -23 0 -9 13 -35 29 -57 16 -22 33 -52 36 -67 4 -15 11 -30 16 -33 5 -3 9 -13 9 -23 0 -10 12 -31 26 -47 14 -16 30 -41 36 -56 5 -16 16 -28 24 -28 22 0 40 39 64 140 12 52 26 102 30 110 4 9 11 31 15 50 4 19 11 40 15 45 12 15 50 158 50 186 0 14 4 29 9 35 15 16 64 177 70 229 l6 50 230 5 c127 3 233 1 236 -4 4 -4 2 -24 -3 -45 -28 -108 -41 -161 -50 -206 -5 -27 -14 -57 -18 -66 -5 -9 -12 -42 -15 -74 -4 -31 -13 -69 -21 -83 -8 -15 -14 -35 -14 -45 0 -10 -5 -27 -10 -38 -11 -19 -23 -68 -41 -169 -6 -30 -17 -69 -25 -87 -8 -17 -14 -38 -14 -46 0 -8 -7 -31 -15 -50 -8 -20 -15 -50 -15 -66 0 -16 -4 -32 -9 -36 -5 -3 -13 -31 -16 -63 -4 -31 -13 -71 -21 -89 -8 -17 -14 -40 -14 -50 0 -10 -4 -23 -9 -28 -5 -6 -14 -39 -20 -75 -5 -36 -13 -77 -16 -92 -7 -26 27 -110 69 -169 9 -13 16 -31 16 -41 0 -17 59 -120 73 -126 4 -2 7 -9 7 -15 0 -16 57 -127 76 -148 8 -9 16 -25 18 -35 2 -11 25 -59 50 -108 25 -48 46 -92 46 -96 0 -4 -105 -5 -232 -3 -128 3 -259 1 -290 -4 -51 -9 -59 -8 -78 11 -38 38 -60 69 -60 83 0 22 -29 73 -42 73 -6 0 -36 -17 -67 -37 -69 -47 -99 -63 -117 -63 -7 0 -17 -6 -21 -13 -10 -17 -70 -47 -93 -47 -9 0 -20 -4 -26 -10 -6 -6 -45 -5 -109 1 -62 7 -210 9 -387 5 -166 -3 -288 -2 -288 3 0 11 96 71 113 71 8 0 24 11 37 25 13 13 51 37 84 53 34 16 75 41 90 55 16 15 33 27 38 27 9 0 98 58 108 71 3 4 25 16 50 28 86 42 155 84 175 105 21 22 80 56 98 56 5 0 18 11 28 24 11 14 48 39 84 56 75 37 81 53 35 100 -16 17 -30 36 -30 43 0 19 -34 87 -64 126 -14 19 -26 43 -26 52 0 28 -22 71 -52 102 -16 16 -28 39 -28 52 0 12 -7 28 -15 35 -8 7 -15 20 -15 30 0 9 -9 27 -20 40 -11 13 -20 31 -20 42 0 16 -17 50 -58 113 -6 11 -25 47 -41 80 -16 33 -41 75 -55 94 -14 19 -26 45 -26 57 0 12 -3 24 -7 26 -5 2 -19 24 -33 51 -13 26 -28 47 -32 47 -5 0 -8 6 -8 13 0 7 -15 42 -33 77 -18 36 -39 81 -47 100 -8 19 -26 53 -41 75 -14 22 -35 58 -45 80 -10 22 -32 60 -49 85 -18 25 -30 50 -28 55 2 6 88 9 234 8 l231 -1 14 -27z m648 19 c3 -9 -10 -52 -29 -97 -19 -44 -35 -90 -35 -102 0 -11 -4 -25 -10 -31 -5 -5 -12 -34 -16 -64 -3 -30 -9 -59 -12 -65 -21 -33 -54 -144 -74 -245 -5 -30 -14 -59 -19 -64 -5 -6 -9 -21 -9 -35 0 -53 -17 -57 -40 -11 -12 24 -29 50 -36 58 -8 7 -14 22 -14 32 0 21 -52 124 -76 151 -8 8 -14 23 -14 32 0 9 -4 18 -9 21 -5 3 -12 17 -15 32 -6 24 -13 34 -43 68 -11 12 -18 35 -40 124 -3 12 -10 22 -17 22 -14 0 -56 61 -56 81 0 9 -3 19 -7 23 -4 3 -12 22 -19 42 l-12 35 52 -3 c48 -3 51 -5 49 -28 -1 -14 0 -51 4 -84 8 -82 24 -51 21 39 l-3 70 230 5 c127 3 233 7 236 8 4 1 10 -5 13 -14z m1686 -2 c3 -4 3 -245 0 -535 l-5 -528 -520 0 -520 1 -6 497 c-3 274 -6 500 -7 503 -1 2 -7 -1 -12 -6 -19 -19 -30 -273 -29 -626 1 -190 -2 -351 -5 -357 -5 -7 -43 -11 -99 -11 -90 0 -175 -15 -162 -28 4 -4 66 -9 138 -12 l132 -5 -3 -40 c-4 -57 6 -105 23 -105 19 0 27 32 23 93 l-3 52 528 3 c290 1 527 -1 527 -5 2 -246 0 -1027 -3 -1029 -2 -2 -249 -5 -549 -6 l-545 -3 -37 50 c-20 27 -36 57 -36 67 0 10 -11 36 -25 58 -14 22 -25 42 -25 45 0 14 -44 102 -64 130 -27 37 -56 94 -56 111 0 7 -7 19 -14 27 -19 18 -86 142 -86 158 0 7 10 10 28 6 47 -9 80 3 103 39 39 63 -5 144 -79 144 -21 0 -43 -5 -50 -12 -23 -23 -23 2 2 84 14 46 26 93 26 104 0 10 7 32 15 48 8 15 15 39 15 53 0 13 5 34 12 46 11 20 19 52 49 197 6 30 15 64 19 75 17 45 50 161 50 175 0 8 7 33 15 55 8 22 14 56 15 75 0 20 4 40 9 45 9 10 19 54 42 180 5 32 14 64 18 70 5 5 11 27 14 47 3 20 12 47 21 60 l15 23 548 -3 c301 -1 550 -6 553 -10z m-6615 -525 c0 -317 -4 -531 -9 -535 -12 -7 -265 -6 -272 1 -4 3 -8 1016 -5 1060 1 4 65 6 144 5 l142 -3 0 -528z m2867 503 c-3 -20 -39 -103 -83 -191 -4 -9 -11 -34 -15 -55 -4 -21 -15 -52 -25 -68 -10 -17 -27 -57 -39 -88 -23 -62 -35 -71 -49 -35 -5 12 -18 31 -30 41 -12 11 -31 36 -44 55 -27 45 -29 48 -71 97 -20 23 -36 46 -36 52 0 6 -17 28 -38 50 -54 56 -115 148 -107 161 4 8 88 11 273 9 l267 -3 -3 -25z m443 -612 c-2 -233 -5 -425 -5 -428 0 -3 -75 -5 -168 -6 -182 0 -275 -10 -251 -25 8 -5 103 -9 212 -8 109 0 201 -2 204 -4 2 -3 5 -238 5 -522 l0 -517 -534 1 -533 0 -2 102 c-1 56 -4 108 -8 117 -12 32 -20 -3 -25 -109 l-5 -109 -302 -5 c-203 -4 -303 -2 -303 5 0 5 7 10 16 10 9 0 28 6 42 14 15 8 50 22 77 31 44 15 125 50 208 91 16 8 36 14 44 14 9 0 37 13 63 29 25 16 61 32 78 36 18 3 34 11 37 16 4 5 19 9 35 9 16 0 33 6 37 14 8 14 93 56 113 56 5 0 18 4 28 9 54 26 92 42 137 57 77 25 112 56 120 106 4 24 13 62 21 86 8 23 14 60 14 80 0 21 4 42 9 47 10 10 22 65 42 185 6 36 15 74 19 85 4 11 11 34 16 50 7 23 16 31 39 33 17 2 35 8 42 14 26 21 90 49 128 55 53 7 82 36 91 86 3 23 10 48 15 57 37 70 79 188 79 220 0 10 13 47 30 82 16 34 30 71 30 80 0 9 4 19 9 22 4 3 11 25 15 48 4 24 18 67 32 95 13 29 27 66 30 83 19 92 24 -8 19 -392z m-2185 322 c13 -7 21 -7 25 0 4 6 144 10 390 10 l384 0 12 -22 c14 -26 61 -80 132 -150 26 -27 47 -52 47 -57 0 -5 18 -25 40 -45 45 -41 73 -96 59 -117 -6 -8 -9 -92 -7 -189 1 -96 -1 -180 -5 -187 -5 -8 -17 -9 -40 -2 -42 12 -189 12 -220 0 -16 -6 -38 -6 -60 0 -59 16 -109 -15 -93 -57 6 -15 8 -15 31 0 34 22 45 20 45 -9 0 -24 -3 -26 -37 -23 l-38 3 -3 -48 -3 -48 68 3 68 3 -3 75 -4 75 161 -1 c89 0 164 -3 167 -7 3 -3 1 -14 -4 -24 -5 -10 -15 -70 -22 -133 -7 -63 -17 -121 -23 -127 -5 -7 -22 -13 -38 -13 -15 0 -30 -4 -33 -9 -3 -5 -18 -12 -32 -15 -15 -4 -33 -14 -41 -21 -8 -8 -22 -15 -32 -15 -14 0 -17 9 -17 49 1 39 -4 55 -23 75 -29 31 -84 35 -130 9 -32 -19 -41 -38 -41 -90 0 -34 37 -73 71 -73 11 0 19 -6 19 -14 0 -15 -68 -46 -100 -46 -10 0 -22 -4 -25 -10 -3 -5 -17 -10 -30 -10 -13 0 -30 -7 -38 -15 -8 -7 -26 -17 -41 -21 -14 -3 -26 -10 -26 -15 0 -5 -8 -9 -17 -9 -10 0 -31 -7 -47 -15 -15 -8 -33 -15 -39 -15 -5 0 -32 -13 -59 -30 -26 -16 -55 -30 -64 -30 -15 0 -47 -12 -119 -45 -66 -30 -109 -45 -131 -45 -13 0 -27 -6 -31 -14 -9 -15 -54 -37 -137 -65 -32 -11 -73 -32 -91 -46 -19 -14 -43 -25 -55 -25 -12 0 -36 -6 -53 -14 -55 -23 -81 -36 -97 -45 -14 -8 -40 -20 -122 -55 -20 -9 -43 -16 -51 -16 -9 0 -18 -4 -22 -9 -3 -5 -36 -19 -73 -30 -59 -19 -89 -21 -226 -19 l-157 3 1 520 c0 286 4 522 8 525 4 3 246 4 538 2 l531 -2 -1 -328 c-1 -180 3 -336 7 -347 22 -53 28 23 26 340 -1 182 -1 496 0 699 0 203 -2 373 -5 378 -4 6 -11 5 -18 -2 -8 -8 -11 -112 -12 -351 -1 -187 -4 -342 -6 -345 -3 -2 -242 -6 -532 -7 -520 -2 -527 -2 -532 18 -2 11 -3 178 -2 370 l3 350 445 7 c245 4 465 9 490 11 93 7 122 7 140 -3z m1147 -392 c20 -18 23 -31 23 -89 0 -73 -35 -268 -50 -283 -13 -13 -13 -18 -14 201 -1 114 3 193 8 193 6 0 20 -10 33 -22z m-2271 -903 c1 -275 4 -509 5 -520 4 -19 -1 -20 -141 -19 l-145 2 -6 233 c-3 129 -3 363 -1 522 l5 288 140 -3 141 -3 2 -500z m1874 406 c0 -21 -22 -33 -45 -25 -20 8 -19 21 3 33 26 16 42 13 42 -8z m2876 -878 c3 -10 10 -28 16 -40 6 -11 8 -25 5 -30 -7 -11 -217 -4 -217 8 0 5 9 9 19 9 11 0 26 6 33 13 22 22 92 56 116 56 13 1 25 -6 28 -16z m-3912 -109 c153 -2 281 -6 284 -9 7 -6 5 -101 -3 -295 -7 -141 3 -259 20 -250 6 3 10 83 11 205 1 227 2 230 69 170 22 -19 56 -42 75 -52 19 -9 52 -27 72 -40 21 -12 44 -23 51 -23 8 0 25 -10 38 -21 13 -12 45 -35 72 -51 28 -18 47 -37 47 -48 0 -10 5 -22 10 -25 6 -3 10 -17 10 -31 0 -28 67 -234 81 -248 5 -6 9 -22 9 -37 0 -36 59 -214 89 -267 27 -50 19 -52 -212 -52 -244 0 -242 -1 -253 84 -4 25 -11 49 -15 52 -5 3 -9 15 -9 27 0 13 -6 31 -14 42 -7 11 -16 42 -20 69 -4 27 -12 56 -16 65 -5 9 -11 29 -15 44 -8 38 -74 107 -103 107 -13 0 -38 11 -56 25 -18 14 -40 25 -49 25 -9 0 -31 13 -49 28 -44 37 -84 62 -101 62 -8 0 -29 13 -47 29 l-33 29 -226 6 c-250 7 -492 24 -503 34 -9 9 -12 297 -3 312 4 7 62 10 171 9 116 0 169 3 180 11 22 19 75 29 119 24 22 -3 166 -7 319 -10z m1066 0 l295 -4 3 -362 c2 -342 9 -424 29 -352 4 16 8 183 8 372 0 188 2 342 5 342 3 0 243 1 535 1 l529 1 8 -28 c13 -47 2 -69 -44 -89 -24 -10 -54 -29 -68 -41 -24 -22 -80 -55 -163 -96 -21 -10 -55 -34 -75 -53 -21 -18 -50 -37 -65 -40 -14 -4 -31 -13 -38 -21 -6 -8 -17 -14 -24 -14 -6 0 -20 -10 -31 -21 -10 -12 -41 -32 -69 -44 -27 -13 -61 -35 -73 -48 -13 -14 -45 -35 -70 -47 -71 -32 -135 -69 -158 -91 -11 -10 -24 -19 -28 -19 -4 0 -22 -11 -40 -25 -18 -14 -37 -25 -43 -25 -5 0 -22 -13 -38 -30 -16 -17 -39 -30 -52 -30 -13 0 -26 -7 -29 -15 -4 -8 -12 -15 -20 -15 -7 0 -28 -13 -46 -29 -18 -15 -54 -38 -80 -50 -27 -12 -48 -25 -48 -30 0 -5 -12 -11 -27 -14 -16 -3 -50 -26 -78 -50 -71 -62 -82 -64 -100 -20 -8 19 -15 42 -15 50 0 8 -6 29 -14 46 -24 56 -44 121 -51 164 -4 24 -11 45 -16 49 -5 3 -9 16 -9 29 0 13 -13 52 -29 87 -16 36 -32 85 -35 109 -9 52 -25 99 -36 99 -5 0 -27 16 -50 35 -23 19 -48 35 -56 35 -8 0 -14 4 -14 9 0 5 -13 12 -29 16 -16 3 -35 13 -42 21 -6 8 -18 14 -25 14 -8 0 -14 4 -14 10 0 5 -12 13 -26 16 -14 4 -48 21 -74 39 -46 31 -48 34 -31 49 10 9 22 16 28 16 6 0 16 6 22 14 7 8 27 18 44 21 34 6 56 15 122 46 48 23 80 28 120 22 17 -2 163 -6 325 -9z m1547 1 c3 -9 -81 -55 -99 -55 -5 0 -8 13 -8 29 0 26 4 30 33 34 46 6 70 3 74 -8z m590 1 c189 1 341 -2 338 -6 -3 -4 -23 -17 -46 -29 -22 -12 -52 -32 -67 -46 -14 -13 -39 -27 -54 -30 -15 -4 -28 -10 -28 -15 0 -4 -10 -11 -22 -14 -13 -3 -38 -19 -57 -36 -18 -16 -40 -30 -48 -30 -13 0 -63 -28 -73 -41 -3 -4 -25 -16 -50 -27 -25 -11 -58 -32 -73 -46 -15 -14 -33 -26 -39 -26 -15 0 -128 -70 -128 -80 0 -4 -19 -18 -42 -30 -24 -12 -62 -35 -86 -51 -24 -16 -47 -29 -51 -29 -16 0 -76 -34 -84 -47 -4 -7 -19 -13 -32 -13 -13 0 -27 -4 -30 -10 -3 -5 -9 -10 -13 -10 -4 0 -7 110 -7 244 l0 245 50 33 c28 18 64 40 80 48 17 9 46 26 65 38 31 19 42 21 95 15 33 -5 214 -7 402 -7z m775 -20 c9 -11 17 -24 18 -28 0 -16 44 -108 51 -108 4 0 10 -11 13 -25 4 -14 11 -25 16 -25 6 0 10 -6 10 -13 0 -13 21 -55 59 -117 11 -19 24 -42 27 -50 36 -81 45 -100 53 -104 5 -3 12 -22 15 -41 4 -19 11 -35 16 -35 6 0 10 -6 10 -14 0 -8 6 -21 14 -29 18 -17 76 -126 76 -142 0 -6 13 -29 30 -51 16 -21 30 -43 30 -47 0 -16 33 -82 51 -102 32 -37 69 -116 56 -121 -7 -2 -212 -3 -457 -2 l-445 3 -3 160 c-3 176 0 200 25 209 24 10 33 -11 33 -77 0 -50 2 -58 18 -55 14 3 16 13 14 54 -3 54 14 82 43 70 11 -4 15 -21 15 -66 0 -53 2 -61 18 -58 13 3 18 15 20 64 5 101 -22 136 -78 102 -15 -9 -24 -9 -43 1 -14 7 -34 10 -46 6 -14 -4 -21 -2 -21 7 -1 7 -1 137 0 288 0 254 -7 342 -24 277 -3 -14 -6 -238 -6 -498 0 -260 -3 -476 -8 -481 -4 -4 -245 -7 -535 -6 l-528 3 -2 190 -3 190 30 27 c16 15 42 30 58 33 15 4 28 10 28 15 0 4 11 11 25 14 14 4 25 10 25 15 0 8 55 41 67 41 2 0 2 -8 -2 -19 -8 -26 7 -61 44 -100 25 -27 36 -32 57 -27 40 10 71 37 89 77 15 33 15 39 1 66 -8 17 -26 38 -40 47 -34 22 -33 43 3 51 16 3 41 17 56 31 14 13 32 24 38 24 7 0 43 20 81 45 37 24 76 47 87 50 10 4 19 10 19 15 0 4 11 11 25 14 14 4 25 10 25 15 0 5 14 12 30 16 17 4 30 10 30 15 0 4 10 11 23 14 12 3 37 19 56 36 18 16 41 30 49 30 16 0 82 46 95 66 4 7 30 20 57 29 28 9 50 21 50 26 0 25 61 34 201 31 131 -4 144 -6 161 -26z m667 8 c12 -15 21 -35 21 -45 0 -10 5 -21 10 -24 6 -3 10 -19 10 -35 0 -16 6 -33 13 -37 17 -11 51 -62 67 -103 8 -19 27 -54 42 -76 15 -23 28 -45 28 -48 0 -15 45 -106 52 -106 4 0 8 -7 8 -16 0 -24 30 -84 62 -125 15 -20 28 -43 28 -51 0 -8 7 -23 15 -34 8 -10 15 -25 15 -32 0 -12 37 -71 52 -82 3 -3 10 -19 14 -35 4 -17 20 -49 35 -73 16 -24 29 -45 29 -48 0 -2 11 -22 25 -44 14 -21 20 -42 15 -45 -5 -3 -141 -5 -303 -4 l-294 2 -16 31 c-8 17 -23 49 -33 71 -10 22 -33 60 -51 84 -18 24 -33 50 -33 57 0 16 -58 126 -70 134 -5 3 -12 19 -16 35 -8 33 -64 125 -76 125 -5 0 -8 8 -8 19 0 10 -20 58 -45 105 -25 48 -45 92 -45 97 0 10 -35 62 -57 87 -7 7 -13 19 -13 26 0 17 -30 77 -47 94 -7 7 -13 20 -13 28 0 8 -4 14 -9 14 -7 0 -31 51 -31 65 0 1 100 0 223 -2 181 -4 289 1 369 16 4 0 16 -11 27 -25z m-5484 -12 c9 -12 13 -28 9 -34 -5 -7 -9 -238 -9 -513 l-2 -500 -133 -3 c-73 -1 -137 1 -142 6 -9 9 -13 1046 -4 1060 2 4 63 7 135 7 124 0 131 -1 146 -23z m1359 19 c7 -10 -16 -21 -43 -21 -21 0 -97 -36 -106 -50 -3 -5 -19 -10 -36 -10 -27 0 -29 3 -29 38 0 21 3 42 7 45 10 10 201 8 207 -2z m5253 -4 c2 -2 4 -241 6 -530 2 -431 0 -528 -11 -532 -8 -3 -127 -5 -266 -5 l-251 0 -22 43 c-11 23 -27 56 -34 72 -7 17 -25 46 -40 65 -14 19 -29 48 -33 63 -4 16 -18 46 -31 68 -14 21 -25 42 -25 47 0 5 -9 17 -20 27 -11 10 -20 26 -20 37 0 21 -15 49 -52 99 -16 20 -28 43 -28 50 0 8 -21 54 -45 104 -25 49 -45 93 -45 98 0 5 -13 26 -29 46 -15 20 -32 47 -36 60 -4 14 -16 39 -26 55 -34 57 -59 110 -59 125 0 14 55 16 532 14 292 -2 533 -5 535 -6z m-3296 -168 c-2 -8 -4 -116 -5 -241 -1 -201 -3 -230 -18 -248 -10 -11 -24 -20 -31 -20 -20 0 -77 -30 -77 -41 0 -5 -4 -9 -9 -9 -6 0 -30 -13 -54 -30 -25 -16 -51 -30 -59 -30 -8 0 -26 -12 -41 -27 -14 -16 -43 -36 -64 -47 -21 -10 -45 -22 -53 -27 -8 -5 -35 -19 -60 -31 -25 -12 -64 -37 -88 -55 -24 -18 -48 -33 -54 -33 -5 0 -29 -14 -52 -30 l-42 -30 -184 2 -185 3 -3 85 c-1 47 -5 91 -7 99 -11 29 -20 -4 -25 -92 l-5 -92 -172 -3 c-108 -1 -173 1 -173 7 0 6 17 18 38 27 20 10 48 28 62 40 26 24 75 52 201 116 48 24 79 46 82 58 3 13 14 20 30 20 14 0 43 16 68 38 24 20 62 46 84 57 22 11 56 32 75 46 19 15 66 43 104 64 38 20 104 61 147 91 43 30 84 54 91 54 7 0 27 14 45 30 18 17 38 30 45 30 14 0 28 10 100 68 22 17 48 32 59 32 10 0 19 5 19 10 0 6 7 10 15 10 9 0 18 7 21 15 4 8 14 15 23 15 9 0 26 7 36 15 95 73 126 87 116 54z m-2991 -250 c85 -5 224 -13 309 -18 84 -5 156 -13 160 -18 3 -6 17 -14 31 -18 13 -4 47 -25 75 -45 27 -20 73 -48 100 -61 28 -13 52 -27 55 -30 3 -3 17 -10 31 -15 30 -10 99 -95 99 -122 0 -10 5 -23 11 -29 6 -6 12 -27 14 -47 2 -19 18 -76 35 -126 18 -50 29 -98 26 -106 -4 -11 -19 -14 -63 -12 l-57 3 3 103 c3 118 -8 237 -20 225 -5 -5 -10 -80 -11 -168 l-3 -160 -535 0 -535 0 -3 328 -2 327 62 0 c35 -1 133 -5 218 -11z m2987 -466 l-2 -178 -290 -5 c-159 -3 -296 -3 -302 -1 -22 6 -14 20 15 27 15 4 56 26 92 49 36 23 84 50 108 61 23 10 42 21 42 26 0 4 6 8 13 8 7 0 44 21 82 46 39 25 83 52 98 61 16 8 49 30 74 49 73 56 72 57 70 -143z m-2708 -223 l518 0 -3 -157 -3 -158 -533 0 -533 0 -3 150 c-3 161 0 180 24 171 9 -3 248 -6 533 -6z m1439 2 l163 -2 -3 -157 -3 -158 -520 0 -520 0 -3 157 -3 157 48 3 c51 3 569 3 841 0z m1266 -160 l-1 -157 -533 0 -533 0 -2 157 -2 158 216 2 c119 2 360 2 536 0 l320 -3 -1 -157z m2196 158 c14 0 16 -22 15 -155 0 -147 -1 -156 -20 -161 -11 -2 -249 -3 -530 -2 l-510 3 -3 157 -3 158 253 2 c199 2 713 1 798 -2z m1109 -6 c6 -5 1 -296 -5 -306 -7 -11 -1031 -10 -1038 1 -4 5 -7 76 -8 158 l-3 148 215 5 c219 5 832 1 839 -6z m-2191 -151 l-3 -158 -532 -3 -532 -2 -3 152 c-2 84 -2 156 0 161 2 4 244 7 538 7 l535 0 -3 -157z"
       id="path5751" />
    <path
       d="M5758 6979 c-30 -24 -38 -38 -38 -63 0 -38 21 -71 60 -91 43 -22 71 -18 113 16 31 25 37 37 37 69 0 33 -6 43 -39 69 -50 40 -85 39 -133 0z"
       id="path5753" />
    <path
       d="M4995 6863 c-30 -33 -35 -45 -35 -87 0 -45 4 -52 45 -92 56 -55 91 -58 129 -13 14 17 26 36 26 42 0 20 18 -7 22 -33 2 -17 9 -25 23 -25 18 0 20 7 21 90 1 50 4 100 8 112 5 16 2 25 -15 33 -11 7 -25 8 -30 3 -4 -4 -9 -42 -11 -83 -3 -66 -5 -75 -21 -72 -10 2 -31 -8 -48 -22 -28 -24 -32 -25 -53 -11 -51 34 -57 88 -16 133 26 27 56 28 72 2 24 -37 43 -24 38 25 -3 28 -17 35 -73 35 -43 0 -52 -4 -82 -37z"
       id="path5755" />
    <path
       d="M5431 6887 c-8 -11 -9 -22 -1 -41 5 -15 10 -63 10 -106 0 -77 0 -78 29 -88 34 -12 71 -5 71 13 0 7 7 18 15 25 9 8 15 30 15 60 0 52 -18 76 -60 82 -19 2 -26 10 -30 33 -6 33 -30 44 -49 22z m97 -130 c3 -37 -18 -74 -37 -63 -15 10 -21 54 -11 81 15 40 44 29 48 -18z"
       id="path5757" />
    <path
       d="M5967 6830 c-30 -82 -37 -223 -13 -256 8 -10 18 -15 23 -11 12 12 16 228 5 257 -7 18 -11 21 -15 10z"
       id="path5759" />
    <path
       d="M5270 6752 c0 -66 3 -82 20 -97 15 -14 26 -16 57 -8 l38 9 3 87 c2 73 0 87 -13 87 -11 0 -15 -12 -15 -51 0 -55 -13 -89 -34 -89 -19 0 -26 23 -26 86 0 41 -4 54 -15 54 -12 0 -15 -15 -15 -78z"
       id="path5761" />
    <path
       d="M5610 6811 c-5 -11 -10 -42 -10 -69 0 -38 5 -55 25 -76 13 -14 33 -26 44 -26 27 0 81 47 74 65 -7 20 -32 19 -55 -2 -17 -15 -19 -15 -38 2 -30 27 -14 38 46 30 54 -6 54 -6 54 20 0 43 -37 75 -87 75 -32 0 -45 -5 -53 -19z m95 -26 c0 -5 -17 -11 -37 -13 -30 -3 -38 0 -38 13 0 13 8 16 38 13 20 -2 37 -7 37 -13z"
       id="path5763" />
    <path
       d="M278 6671 c-27 -4 -52 -11 -57 -16 -5 -6 -11 -55 -13 -110 l-3 -100 27 -3 c26 -3 27 -1 30 50 3 51 4 53 33 55 17 0 36 2 43 2 6 1 12 10 12 21 0 17 -7 20 -45 20 -33 0 -45 4 -45 15 0 11 12 15 50 15 38 0 52 4 57 16 6 15 -21 46 -36 43 -3 -1 -27 -5 -53 -8z"
       id="path5765" />
    <path
       d="M5955 5915 c-16 -37 -16 -67 -7 -435 11 -403 22 -523 35 -385 9 96 7 804 -3 835 -7 24 -8 24 -25 -15z"
       id="path5767" />
    <path
       d="M217 5567 c-15 -11 -17 -27 -15 -122 l3 -110 70 -6 c87 -7 107 -3 103 25 -3 18 -11 21 -60 24 -95 5 -106 51 -12 52 29 0 44 5 48 16 10 26 -3 34 -54 34 -52 0 -69 12 -50 35 8 10 31 15 67 15 40 0 55 4 60 16 3 9 0 20 -8 25 -21 13 -133 11 -152 -4z"
       id="path5769" />
    <path
       d="M2738 5869 c-15 -8 -18 -25 -18 -113 0 -77 4 -107 14 -115 22 -18 161 -10 161 9 0 11 -14 16 -57 18 -52 3 -58 5 -64 28 -9 34 2 42 56 46 33 2 46 8 48 21 3 14 -4 17 -45 17 -56 0 -78 11 -70 34 5 12 20 16 59 16 60 0 84 11 75 34 -5 13 -21 16 -74 16 -37 0 -76 -5 -85 -11z"
       id="path5771" />
    <path
       d="M3406 5872 c-8 -13 6 -232 15 -232 17 0 21 25 21 118 0 53 -1 103 -1 110 -1 13 -27 17 -35 4z"
       id="path5773" />
    <path
       d="M2950 5813 c-54 -21 -30 -93 31 -93 26 0 29 -3 29 -30 0 -37 -23 -40 -50 -7 -17 20 -20 21 -35 6 -15 -15 -15 -18 11 -38 34 -26 78 -27 104 -1 27 27 26 67 -2 76 -20 6 -20 8 -5 19 25 18 22 61 -5 69 -27 7 -57 7 -78 -1z m68 -50 c2 -8 -6 -13 -22 -13 -26 0 -40 12 -29 24 11 11 46 2 51 -11z"
       id="path5775" />
    <path
       d="M3097 5803 c-8 -10 -18 -43 -22 -73 -6 -51 -5 -57 19 -77 35 -31 79 -30 104 2 17 21 21 23 32 10 20 -24 78 -30 116 -11 32 15 34 18 34 70 0 47 -4 57 -26 75 -35 28 -76 26 -112 -4 l-29 -24 -11 24 c-9 20 -19 25 -50 25 -24 0 -45 -7 -55 -17z m73 -38 c7 -9 21 -13 31 -10 31 10 26 -43 -5 -54 -13 -5 -26 -17 -29 -25 -13 -33 -57 -2 -57 40 0 54 34 81 60 49z m164 -13 c13 -25 13 -32 -1 -60 -18 -36 -28 -39 -55 -15 -22 20 -24 66 -2 87 23 23 42 20 58 -12z"
       id="path5777" />
    <path
       d="M3486 5807 c-11 -8 -17 -22 -14 -37 4 -31 24 -37 31 -10 4 16 12 21 28 18 12 -2 24 -9 27 -15 4 -13 -3 -17 -50 -27 -38 -9 -53 -40 -38 -77 13 -31 29 -35 103 -23 l37 7 0 68 c0 56 -4 73 -20 89 -23 23 -77 27 -104 7z m69 -87 c3 -5 3 -21 -1 -35 -5 -19 -12 -25 -28 -23 -11 2 -22 11 -24 21 -6 33 37 63 53 37z"
       id="path5779" />
    <path
       d="M3264 5579 c-20 -6 -36 -20 -47 -44 -22 -47 -21 -70 4 -111 20 -33 23 -34 85 -34 84 0 104 18 104 93 -1 61 -15 84 -61 97 -39 11 -43 11 -85 -1z"
       id="path5781" />
    <path
       d="M5950 4351 c-5 -11 -10 -73 -10 -139 0 -97 3 -122 16 -133 26 -22 34 7 34 131 0 151 -12 192 -40 141z"
       id="path5783" />
    <path
       d="M3498 4761 c-23 -7 -26 -22 -26 -120 0 -99 7 -121 39 -121 18 0 21 5 23 60 1 21 7 26 36 30 50 7 76 30 82 70 6 39 -8 79 -29 81 -36 4 -114 4 -125 0z m120 -57 c3 -24 -12 -40 -50 -49 -23 -6 -28 -3 -34 19 -10 43 1 58 43 54 30 -2 39 -8 41 -24z"
       id="path5785" />
    <path
       d="M3730 4702 c-44 -7 -50 -20 -50 -103 0 -60 3 -79 14 -79 25 0 39 28 32 69 -5 30 -2 42 14 56 17 15 24 16 45 7 30 -14 32 -28 5 -42 -24 -13 -25 -33 -4 -65 17 -26 67 -35 79 -15 3 6 17 7 31 4 24 -6 24 -5 24 63 0 83 -15 103 -77 103 -34 0 -42 -4 -47 -22 l-7 -23 -9 21 c-11 27 -18 31 -50 26z m138 -49 c2 -8 -6 -13 -22 -13 -25 0 -33 10 -19 24 10 10 36 3 41 -11z m7 -54 c10 -16 -27 -40 -42 -27 -7 6 -13 17 -13 24 0 16 46 19 55 3z"
       id="path5787" />
    <path
       d="M3975 4683 c-31 -35 -33 -83 -4 -130 14 -22 19 -42 15 -59 -5 -17 -2 -26 9 -30 25 -10 62 32 69 78 8 47 3 56 -19 38 -26 -21 -67 3 -63 37 4 35 31 52 58 35 27 -16 43 -6 34 21 -14 45 -61 50 -99 10z"
       id="path5789" />
    <path
       d="M4121 4682 c-32 -29 -32 -30 -12 -37 27 -8 27 -31 1 -38 -26 -7 -25 -27 1 -61 22 -27 66 -35 86 -15 8 8 13 8 17 0 4 -6 14 -11 22 -11 23 0 19 128 -6 158 -31 37 -71 39 -109 4z m60 -27 c0 -13 -41 -19 -41 -7 0 11 20 22 33 18 5 -1 8 -6 8 -11z m7 -54 c10 -6 10 -10 -2 -21 -19 -15 -46 -6 -46 15 0 16 27 20 48 6z"
       id="path5791" />
    <path
       d="M632 4833 c-5 -10 -8 -58 -8 -108 1 -89 1 -90 26 -90 22 0 26 5 30 40 4 30 10 41 25 43 79 13 94 22 101 58 10 56 -13 74 -97 74 -55 0 -70 -3 -77 -17z m116 -22 c8 -5 12 -17 10 -27 -2 -14 -13 -20 -41 -22 -39 -3 -55 13 -43 43 6 16 52 20 74 6z"
       id="path5793" />
    <path
       d="M860 4793 c-23 -9 -30 -25 -24 -55 3 -14 0 -29 -5 -33 -6 -3 -11 -18 -11 -33 0 -32 55 -71 74 -52 8 8 6 15 -6 24 -35 26 -12 67 28 52 15 -6 15 -8 -1 -26 -22 -24 -20 -26 28 -35 l37 -7 0 58 c0 50 -4 64 -25 87 -25 26 -59 33 -95 20z m58 -50 c2 -9 -7 -13 -27 -13 -21 0 -31 5 -31 16 0 19 51 16 58 -3z"
       id="path5795" />
    <path
       d="M1018 4790 c-13 -8 -16 -23 -13 -77 2 -38 4 -71 4 -75 1 -5 8 -8 16 -8 11 0 15 12 15 52 0 39 5 57 21 74 33 35 2 59 -43 34z"
       id="path5797" />
    <path
       d="M1113 4770 c-32 -40 -31 -94 3 -125 14 -13 36 -23 47 -22 14 1 22 -5 27 -22 7 -30 20 -35 42 -19 15 12 16 19 4 68 -7 30 -11 72 -8 92 4 33 1 39 -23 48 -43 16 -69 11 -92 -20z m77 -29 c24 -47 0 -92 -39 -71 -36 18 -23 90 16 90 7 0 17 -9 23 -19z"
       id="path5799" />
    <path
       d="M1270 4790 c-14 -9 -16 -54 -4 -111 7 -34 63 -77 75 -58 4 7 18 14 31 14 22 0 23 3 23 78 0 88 -18 107 -23 22 -2 -43 -7 -57 -24 -66 -29 -15 -38 2 -38 74 0 58 -8 68 -40 47z"
       id="path5801" />
    <path
       d="M732 4582 c-31 -5 -82 -77 -82 -117 0 -46 57 -99 107 -99 67 0 132 107 88 144 -8 7 -15 18 -15 25 0 29 -53 54 -98 47z"
       id="path5803" />
    <path
       d="M235 4461 l-40 -6 -3 -100 c-2 -85 0 -102 15 -112 41 -31 145 -2 171 47 7 15 11 44 8 70 -3 35 -11 51 -40 77 -36 34 -41 35 -111 24z m87 -58 c21 -19 25 -92 6 -111 -7 -7 -29 -12 -50 -12 l-38 0 0 70 0 70 32 0 c17 0 40 -7 50 -17z"
       id="path5805" />
    <path
       d="M2810 2694 c-8 -3 -22 -8 -30 -10 -13 -5 -13 -6 0 -14 18 -11 276 -12 304 -1 16 6 17 9 5 17 -15 10 -255 17 -279 8z"
       id="path5807" />
    <path
       d="M2637 2293 c-10 -10 -8 -296 2 -312 7 -11 10 -10 14 5 12 42 18 180 12 245 -7 65 -13 78 -28 62z"
       id="path5809" />
    <path
       d="M4857 2343 c-10 -9 -7 -84 3 -108 6 -14 9 1 9 48 1 67 0 73 -12 60z"
       id="path5811" />
    <path
       d="M4856 3332 c-8 -13 -9 -654 -1 -675 6 -13 11 -15 20 -7 9 7 127 12 343 13 182 1 334 5 338 10 4 4 4 10 0 15 -4 4 -157 8 -339 9 l-332 2 -5 315 c-5 291 -8 343 -24 318z"
       id="path5813" />
    <path
       d="M4856 2067 c-9 -34 -7 -390 3 -405 16 -25 21 29 21 225 0 175 -8 238 -24 180z"
       id="path5815" />
    <path
       d="M5960 2464 c-7 -8 -10 -27 -7 -43 3 -15 2 -32 -3 -37 -5 -5 -10 -24 -12 -43 -4 -42 -24 -52 -37 -18 -5 14 -16 27 -23 29 -8 3 -11 19 -10 45 3 33 -1 44 -19 57 -37 25 -45 7 -44 -106 0 -90 2 -103 18 -106 14 -3 17 4 17 36 0 22 3 47 6 56 10 27 24 18 24 -17 0 -37 24 -77 46 -77 8 0 17 13 21 30 3 17 12 30 19 30 9 0 14 -11 14 -30 0 -25 4 -30 25 -30 l25 0 0 108 c0 105 -1 109 -24 120 -19 9 -27 8 -36 -4z"
       id="path5817" />
    <path
       d="M6743 2440 c-4 -14 -14 -20 -32 -20 -21 0 -33 -9 -51 -40 -14 -22 -27 -40 -30 -40 -3 0 -14 17 -25 38 -25 47 -68 55 -115 21 -39 -29 -38 -39 5 -39 19 0 35 5 35 10 0 6 5 10 10 10 6 0 10 -6 10 -14 0 -8 10 -22 23 -31 20 -15 21 -17 5 -26 -10 -5 -18 -17 -18 -24 0 -18 -36 -20 -46 -4 -4 7 1 16 10 21 25 14 19 28 -12 28 -15 0 -35 -9 -45 -20 -9 -11 -23 -17 -31 -14 -8 3 -17 1 -21 -5 -13 -21 -44 -12 -51 16 -8 32 7 59 32 55 11 -2 26 -4 34 -5 19 -3 24 24 7 47 -18 24 -67 24 -83 0 -7 -11 -19 -25 -25 -33 -6 -7 -12 -30 -12 -51 0 -29 7 -45 28 -64 15 -14 33 -26 39 -26 28 0 56 14 56 26 0 20 23 17 50 -6 24 -21 58 -19 72 4 5 8 13 8 27 -1 23 -14 31 -8 31 24 0 32 12 29 45 -11 25 -30 33 -34 64 -29 50 8 64 23 52 56 -10 25 1 122 14 135 8 8 -16 32 -32 32 -8 0 -17 -9 -20 -20z m-9 -86 c9 -8 16 -20 16 -25 0 -22 -22 -49 -39 -49 -30 0 -43 54 -19 78 16 16 23 15 42 -4z"
       id="path5819" />
    <path
       d="M6852 2414 c-12 -8 -22 -21 -22 -29 0 -8 -9 -19 -20 -25 -32 -17 -25 -58 17 -96 45 -41 74 -43 108 -6 23 23 26 34 22 74 -3 36 -11 54 -31 73 -31 29 -43 31 -74 9z m68 -84 c0 -33 -12 -50 -34 -50 -44 0 -60 43 -29 79 15 18 18 18 40 4 12 -8 23 -23 23 -33z"
       id="path5821" />
    <path
       d="m 6077,2392 c -21,-22 -27,-38 -27,-73 0,-39 4,-47 35,-68 29,-20 40,-22 59,-13 25,11 40,48 24,58 -5,3 -18,-2 -28,-11 -16,-15 -22,-15 -35,-5 -21,17 -19,63 3,84 18,15 19,15 30,-9 7,-14 -53.4564,-14.0352 -60.9068,-22.1279 -30.1589,-32.7594 120.6043,-17.8156 104.2053,-0.4651 -6.8,7.1945 -13.2985,54.593 -21.2985,66.593 -20,29 -51,26 -83,-7 z"
       id="path5823"
       inkscape:connector-curvature="0"
       sodipodi:nodetypes="cscccccccsscc" />
    <path
       d="M6234 2406 c-17 -12 -20 -25 -19 -88 0 -68 2 -73 23 -76 21 -3 22 0 22 52 0 45 4 57 20 66 29 16 27 60 -3 60 -12 0 -32 -6 -43 -14z"
       id="path5825" />
    <path
       d="M5950 2174 c-13 -33 -13 -319 0 -408 12 -79 20 -98 31 -70 9 23 11 449 3 482 -8 29 -22 28 -34 -4z"
       id="path5827" />
    <path
       d="M215 3327 c-60 -60 -56 -110 12 -180 47 -49 79 -49 126 -1 51 53 35 85 -22 43 -40 -30 -87 -19 -96 22 -18 82 46 144 92 89 21 -24 49 -26 57 -5 10 27 -44 65 -92 65 -37 0 -50 -6 -77 -33z"
       id="path5829" />
    <path
       d="M1614 2705 c-13 -20 -14 -28 -4 -40 8 -9 11 -39 9 -82 -4 -64 -3 -68 19 -71 12 -2 24 3 27 10 7 18 12 168 7 191 -6 25 -39 21 -58 -8z"
       id="path5831" />
    <path
       d="M2124 2715 c-4 -9 -1 -36 5 -61 12 -48 7 -134 -11 -171 -24 -49 21 -74 45 -25 10 19 13 50 10 108 -3 45 -1 89 5 100 14 27 -2 64 -28 64 -11 0 -23 -7 -26 -15z"
       id="path5833" />
    <path
       d="M1730 2687 c-30 -15 -44 -81 -29 -139 7 -25 6 -44 -1 -57 -14 -27 -5 -44 30 -59 24 -11 33 -11 59 2 35 18 47 60 37 129 -3 23 -2 58 3 79 8 34 7 36 -18 41 -14 3 -33 8 -41 11 -8 3 -26 0 -40 -7z m55 -97 c0 -41 -2 -45 -25 -45 -21 0 -26 5 -28 33 -5 47 4 64 30 60 20 -3 23 -9 23 -48z m-4 -95 c0 -5 -7 -12 -16 -13 -23 -5 -47 6 -40 19 8 13 56 8 56 -6z"
       id="path5835" />
    <path
       d="M1885 2684 c-6 -2 -10 -40 -9 -86 0 -69 3 -84 17 -86 14 -3 17 5 17 52 0 44 4 57 19 66 34 18 40 11 43 -52 l3 -63 57 -3 c50 -3 57 -1 63 19 9 29 -12 51 -26 27 -10 -18 -54 -25 -63 -10 -2 4 -1 23 3 42 8 40 41 56 41 20 0 -20 3 -22 38 -15 48 9 52 14 25 32 -13 9 -23 20 -23 26 0 33 -74 48 -96 20 -13 -17 -15 -17 -25 0 -9 16 -57 22 -84 11z"
       id="path5837" />
    <path
       d="M207 2243 c-4 -3 -7 -55 -7 -115 0 -107 0 -109 26 -118 35 -14 67 -12 98 4 52 27 74 85 39 104 -12 7 -15 18 -10 46 3 21 2 48 -3 62 -9 22 -15 24 -73 24 -35 0 -67 -3 -70 -7z m111 -59 c2 -15 -3 -23 -17 -27 -32 -8 -61 3 -61 23 0 36 73 39 78 4z m0 -73 c8 -5 12 -17 10 -27 -2 -15 -12 -19 -43 -19 -31 0 -41 4 -43 19 -4 21 13 36 43 36 11 0 26 -4 33 -9z"
       id="path5839" />
    <path
       d="M4315 983 c-66 -16 -114 -97 -100 -167 7 -38 71 -86 114 -86 35 0 81 35 81 61 0 23 -38 27 -46 4 -10 -25 -60 -18 -83 11 -27 35 -26 56 4 104 34 53 50 53 88 -3 8 -12 19 -16 30 -11 23 8 14 41 -19 72 -25 22 -32 24 -69 15z"
       id="path5841" />
    <path
       d="M4437 973 c-3 -5 -2 -15 2 -22 10 -16 54 -5 48 12 -4 14 -43 22 -50 10z"
       id="path5843" />
    <path
       d="M4538 909 c-25 -14 -27 -169 -3 -169 11 0 15 13 15 54 0 37 5 60 16 71 27 27 44 1 44 -67 0 -51 2 -59 18 -56 15 3 17 13 13 78 -2 41 -8 81 -13 88 -12 14 -66 15 -90 1z"
       id="path5845" />
    <path
       d="M4700 878 c-16 -22 -30 -45 -30 -50 0 -14 39 -81 52 -90 41 -25 88 17 94 83 4 36 0 47 -23 71 -37 38 -58 35 -93 -14z m70 -78 c13 -9 13 -11 0 -20 -8 -5 -18 -10 -22 -10 -11 0 -20 19 -13 30 8 12 16 12 35 0z"
       id="path5847" />
    <path
       d="M5137 902 c-10 -10 -17 -24 -17 -30 0 -15 26 -16 35 -2 8 13 25 13 25 0 0 -6 -13 -18 -28 -27 -36 -21 -51 -53 -39 -81 13 -28 32 -34 87 -24 l45 8 -4 69 c-2 55 -7 72 -25 86 -27 24 -59 24 -79 1z m53 -117 c0 -8 -9 -15 -20 -15 -11 0 -20 7 -20 15 0 8 9 15 20 15 11 0 20 -7 20 -15z"
       id="path5849" />
    <path
       d="M4435 890 c-9 -14 -9 -125 -1 -139 4 -6 16 -11 27 -11 17 0 19 7 19 74 0 58 -3 75 -16 80 -21 8 -22 8 -29 -4z"
       id="path5851" />
    <path
       d="M5953 1315 c-4 -17 -8 -195 -8 -397 0 -287 3 -370 13 -380 10 -10 15 -10 23 2 15 22 7 759 -8 785 -11 19 -12 18 -20 -10z"
       id="path5853" />
    <path
       d="M251 1131 c-13 -13 -21 -34 -21 -55 0 -19 -5 -38 -11 -41 -5 -4 -15 -17 -20 -28 -5 -12 -16 -33 -24 -47 -10 -17 -11 -28 -3 -37 14 -17 46 1 58 33 8 19 17 24 44 24 25 0 38 -6 46 -19 19 -36 41 -53 55 -41 15 12 9 44 -11 61 -8 6 -14 20 -14 30 0 11 -4 27 -9 37 -5 9 -13 30 -17 46 -5 16 -19 35 -31 43 -19 13 -24 12 -42 -6z m41 -76 c5 -19 3 -32 -4 -36 -19 -12 -28 0 -28 37 0 43 20 42 32 -1z"
       id="path5855" />
    <path
       d="M1013 390 c-35 -21 -48 -70 -18 -70 10 0 15 -16 17 -62 3 -61 4 -63 31 -66 l28 -3 -3 107 c-2 60 -7 109 -13 111 -5 1 -25 -6 -42 -17z"
       id="path5857" />
    <path
       d="M2043 387 c-16 -16 -20 -26 -13 -37 8 -13 14 -13 45 4 32 18 37 18 51 4 13 -13 14 -19 2 -37 -7 -11 -16 -21 -20 -21 -5 0 -26 -19 -47 -42 -55 -57 -45 -73 47 -76 56 -1 71 1 76 14 9 23 -2 34 -35 34 -39 0 -37 18 6 60 42 40 44 64 9 96 -33 31 -90 32 -121 1z"
       id="path5859" />
    <path
       d="M3170 401 c0 -5 -9 -13 -20 -16 -11 -3 -20 -13 -20 -21 0 -23 28 -28 55 -10 14 9 30 14 35 11 15 -9 12 -35 -5 -41 -21 -9 -19 -31 5 -37 28 -7 37 -37 16 -52 -20 -15 -55 -8 -63 11 -3 8 -14 14 -24 14 -14 0 -19 -7 -19 -30 0 -24 5 -31 28 -36 15 -4 32 -11 38 -15 12 -9 83 23 96 43 13 22 9 56 -9 74 -13 13 -14 19 -5 22 23 7 13 48 -18 70 -29 22 -90 30 -90 13z"
       id="path5861" />
    <path
       d="M5378 409 c-14 -8 -18 -23 -18 -64 0 -56 6 -64 39 -43 30 19 53 3 49 -34 -4 -38 -34 -51 -54 -23 -16 22 -44 13 -44 -14 0 -25 28 -41 73 -41 44 0 87 38 87 78 0 36 -46 82 -82 82 -15 0 -30 5 -33 10 -4 6 12 10 40 10 48 0 72 23 44 41 -19 12 -80 11 -101 -2z"
       id="path5863" />
    <path
       d="M6485 392 c-32 -29 -45 -59 -45 -104 0 -43 13 -65 57 -101 20 -18 22 -18 61 2 29 15 42 29 47 49 9 41 -10 82 -37 83 -13 1 -32 2 -43 3 -18 1 -21 7 -16 36 0 6 10 10 21 10 11 0 20 -4 20 -10 0 -5 11 -10 25 -10 32 0 32 23 0 44 -31 21 -65 20 -90 -2z m56 -102 c24 -13 25 -46 1 -59 -31 -17 -58 17 -40 52 10 20 13 20 39 7z"
       id="path5865" />
    <path
       d="M4306 376 c-14 -19 -26 -39 -26 -43 0 -5 -13 -19 -30 -31 -19 -15 -30 -31 -30 -47 0 -23 4 -25 45 -25 35 0 49 -5 68 -26 l24 -26 21 36 c19 32 20 38 7 63 -9 17 -13 41 -9 60 14 74 -26 97 -70 39z m14 -92 c-7 -7 -16 -14 -21 -14 -15 0 -10 32 9 53 17 19 17 19 20 -2 2 -12 -2 -29 -8 -37z"
       id="path5867" />
    <path
       d="M5949 6392 c-14 -49 -8 -247 8 -263 22 -22 28 0 31 118 5 168 -12 233 -39 145z"
       id="path5869" />
  </g>
</svg>
