<?xml version="1.0" encoding="UTF-8" standalone="no"?>
<svg
   xmlns:dc="http://purl.org/dc/elements/1.1/"
   xmlns:cc="http://creativecommons.org/ns#"
   xmlns:rdf="http://www.w3.org/1999/02/22-rdf-syntax-ns#"
   xmlns:svg="http://www.w3.org/2000/svg"
   xmlns="http://www.w3.org/2000/svg"
   xmlns:sodipodi="http://sodipodi.sourceforge.net/DTD/sodipodi-0.dtd"
   xmlns:inkscape="http://www.inkscape.org/namespaces/inkscape"
   version="1.0"
   width="300.000000pt"
   height="143.000000pt"
   viewBox="0 0 300.000000 143.000000"
   preserveAspectRatio="xMidYMid meet"
   id="svg3583"
   inkscape:version="0.48.4 r9939"
   sodipodi:docname="15.svg">
  <defs
     id="defs3753" />
  <sodipodi:namedview
     pagecolor="#ffffff"
     bordercolor="#666666"
     borderopacity="1"
     objecttolerance="10"
     gridtolerance="10"
     guidetolerance="10"
     inkscape:pageopacity="0"
     inkscape:pageshadow="2"
     inkscape:window-width="1600"
     inkscape:window-height="824"
     id="namedview3751"
     showgrid="false"
     inkscape:zoom="1.7309974"
     inkscape:cx="206.43656"
     inkscape:cy="10.946591"
     inkscape:window-x="0"
     inkscape:window-y="24"
     inkscape:window-maximized="1"
     inkscape:current-layer="g3587" />
  <metadata
     id="metadata3585">
Created by potrace 1.10, written by Peter Selinger 2001-2011
<rdf:RDF>
  <cc:Work
     rdf:about="">
    <dc:format>image/svg+xml</dc:format>
    <dc:type
       rdf:resource="http://purl.org/dc/dcmitype/StillImage" />
  </cc:Work>
</rdf:RDF>
</metadata>
  <g
     transform="translate(0.000000,143.000000) scale(0.100000,-0.100000)"
     fill="#000000"
     stroke="none"
     id="g3587">
    <path
       d="m 2774,1380 c -72,-19 -180,-67 -221,-98 -22,-16 -21,-17 55,-17 42,0 80,4 84,10 5,6 12,5 20,-3 9,-9 9,-12 -1,-12 -11,0 -11,-3 -1,-15 7,-8 17,-15 22,-15 6,0 5,7 -2,15 -15,18 1,20 18,3 6,-6 16.8885,-44.5286 20.8885,-41.5286 3,4 -10.8885,49.5286 -27.8885,58.5286 -17,8 -31,17 -31,19 0,7 138,96 149,96 6,0 11,-10 12,-22 1,-13 2,-36 4,-53 1,-16 0,-34 -3,-40 -3,-5 -5,-28 -3,-50 2,-37 2,-39 -12,-20 -11,14 -12,24 -5,33 21,25 -2,23 -36,-3 -20,-15 -51.0202,-11.9578 -51.0202,-13.9578 0,-2 35.0202,-26.0422 59.0202,-32.0422 51,-13 61,-22 106,-99 l 32,-55 -6,80 c -9,130 -61,287 -96,292 -8,1 -47,-6 -86,-17 z m 26,-14 c 0,-2 -25,-20 -55,-40 -45,-29 -59,-34 -75,-26 -24,13 -33,13 -25,0 3,-6 -4,-10 -16,-10 -15,0 -19,4 -13,9 13,14 101,50 107,45 2,-2 17,2 33,11 28,14 44,19 44,11 z m 125,-174 c 2,-24 6,-46 9,-49 16,-17 3,-24 -14,-8 -14,13 -17,21 -9,26 8,4 4,9 -10,14 -23,7 -25,23 -14,90 l 6,40 15,-35 c 8,-19 16,-54 17,-78 z"
       id="path3589"
       inkscape:connector-curvature="0"
       sodipodi:nodetypes="ccscsscscsccsscccccccsccccccscccscccsccccccccc" />
    <path
       d="M 2787.6014,1245.5592 2774,1226 2470,1098 C 2302,1027 2111,947 2045,919 1979,891 1797,814 1640,748 1483,682 1256,586 1135,535 540,284 294,181 280,180 c -42,-6 -58,1 -65,27 -4,18 -2,29 6,32 28,9 60,51 54,71 -3,10 1,32 9,49 39,74 -22,151 -120,151 C 97,510 62,482 36,411 21,368 -3,193 6,182 c 1,-2 12,1 23,8 28,14 28,-5 1,-22 -24,-15 -26,-43 -4,-52 25,-10 37,4 17,19 -10,7 -15,17 -10,21 11,12 28,-11 36,-48 6,-30 10,-33 51,-38 66,-8 83,-2 76,26 -5,17 -2,24 8,24 17,0 31,18 21,28 -3,3 -10,0 -15,-8 -5,-8 -12,-11 -17,-7 -4,5 -1,12 7,17 11,7 11,11 1,24 -8,10 -9,16 -3,16 6,0 14,-4 17,-10 3,-5 15,-10 25,-10 10,0 20,-5 22,-11 3,-9 9,-9 25,0 12,6 31,11 42,11 12,0 21,5 21,10 0,6 4,10 10,10 5,0 33,11 62,24 30,14 78,34 107,46 30,11 74,30 98,41 24,10 62,28 86,38 24,11 68,30 98,41 56,22 82,33 161,69 26,11 50,21 53,21 2,0 33,13 67,29 35,15 74,32 88,36 14,4 43,16 65,26 47,21 237,102 575,244 135,57 322,135 415,175 94,40 211,89 260,110 50,21 128,54 174,73 46,20 87,34 91,32 4,-2 18,16 30,40 8.2596,16.0844 -1.7352,2.525 4.0099,8.8317 7.4707,8.2009 -12.0808,2.2336 -2.471,-0.028 18,-5 106.8107,36.5945 91.8107,46.5945 -4.5207,3.0138 -44.2684,-14.6113 -69.3945,-5.7236 -24.8958,8.8062 -35.1998,44.1212 -33.7067,48.1028 0.5171,37.8606 -16.7809,16.2892 7.353,-87.2186 z M 200,471 c 0,-3 -17,-7 -38,-8 -28,-2 -44,-11 -64,-35 -26,-30 -40,-22 -19,11 21,33 121,59 121,32 z m 1,-40 c 8,12 10,12 18,0 5,-7 14,-10 20,-7 6,4 11,0 11,-8 0,-9 7,-16 15,-16 10,0 14,-8 11,-22 -2,-13 -10,-22 -19,-22 -8,1 -14,-4 -13,-10 2,-6 1,-8 -1,-3 -8,13 -30,7 -48,-13 -19,-21 -7,-28 13,-8 8,8 12,9 12,1 0,-6 9,-9 20,-6 15,4 20,0 20,-16 0,-24 -37,-51 -82,-60 -28,-6 -36,-2 -65,30 -18,20 -33,42 -33,48 0,6 -4,11 -10,11 -5,0 -10,12 -10,27 0,21 3,24 12,15 9,-9 17,-3 35,27 18,30 28,38 43,34 13,-3 20,0 20,8 0,9 5,7 11,-5 9,-15 13,-16 20,-5 z M 60,290 c 12,-23 -2,-60 -24,-60 -11,0 -12,8 -4,40 6,22 12,40 14,40 2,0 8,-9 14,-20 z m 98,-70 c 19,0 21,-5 19,-65 l -2,-65 -41,0 c -39,0 -42,2 -48,32 -4,19 -2,34 4,36 5,2 10,8 10,14 0,7 -5,7 -13,-1 -29,-24 -37,24 -11,65 l 17,25 22,-21 c 12,-11 31,-20 43,-20 z"
       id="path3591"
       inkscape:connector-curvature="0"
       sodipodi:nodetypes="cccssccccscsccccccccccssscccscsscsssccccccscscccccscscssccsccsscccsscccccsscsccssssscscccscscsccsccsccccs" />
    <path
       d="M174 405 c11 -8 22 -12 25 -9 6 6 -19 24 -34 24 -5 -1 -1 -7 9 -15z"
       id="path3593" />
    <path
       d="M240 380 c0 -5 4 -10 9 -10 6 0 13 5 16 10 3 6 -1 10 -9 10 -9 0 -16 -4 -16 -10z"
       id="path3595" />
    <path
       d="M120 365 c0 -18 40 -20 41 -2 0 6 4 3 9 -8 8 -19 9 -19 9 3 1 18 -4 22 -29 22 -20 0 -30 -5 -30 -15z"
       id="path3597" />
    <path
       d="M135 294 c29 -21 61 -27 82 -15 14 9 12 9 -14 5 -25 -5 -34 -2 -39 10 -3 9 -16 16 -28 16 -21 -1 -21 -1 -1 -16z"
       id="path3599" />
    <path
       d="M2741 1164 c0 -11 3 -14 6 -6 3 7 2 16 -1 19 -3 4 -6 -2 -5 -13z"
       id="path3601" />
    <path
       d="M2741 1114 c0 -11 3 -14 6 -6 3 7 2 16 -1 19 -3 4 -6 -2 -5 -13z"
       id="path3603" />
    <path
       d="M2741 1064 c0 -11 3 -14 6 -6 3 7 2 16 -1 19 -3 4 -6 -2 -5 -13z"
       id="path3605" />
    <path
       d="M2741 1014 c0 -11 3 -14 6 -6 3 7 2 16 -1 19 -3 4 -6 -2 -5 -13z"
       id="path3607" />
    <path
       d="M2741 964 c0 -11 3 -14 6 -6 3 7 2 16 -1 19 -3 4 -6 -2 -5 -13z"
       id="path3609" />
    <path
       d="M2741 914 c0 -11 3 -14 6 -6 3 7 2 16 -1 19 -3 4 -6 -2 -5 -13z"
       id="path3611" />
    <path
       d="M2741 864 c0 -11 3 -14 6 -6 3 7 2 16 -1 19 -3 4 -6 -2 -5 -13z"
       id="path3613" />
    <path
       d="M2741 814 c0 -11 3 -14 6 -6 3 7 2 16 -1 19 -3 4 -6 -2 -5 -13z"
       id="path3615" />
    <path
       d="M2741 764 c0 -11 3 -14 6 -6 3 7 2 16 -1 19 -3 4 -6 -2 -5 -13z"
       id="path3617" />
    <path
       d="M2741 714 c0 -11 3 -14 6 -6 3 7 2 16 -1 19 -3 4 -6 -2 -5 -13z"
       id="path3619" />
    <path
       d="M2741 664 c0 -11 3 -14 6 -6 3 7 2 16 -1 19 -3 4 -6 -2 -5 -13z"
       id="path3625" />
    <path
       d="M2741 614 c0 -11 3 -14 6 -6 3 7 2 16 -1 19 -3 4 -6 -2 -5 -13z"
       id="path3627" />
    <path
       d="M2741 564 c0 -11 3 -14 6 -6 3 7 2 16 -1 19 -3 4 -6 -2 -5 -13z"
       id="path3629" />
    <path
       d="M2741 514 c0 -11 3 -14 6 -6 3 7 2 16 -1 19 -3 4 -6 -2 -5 -13z"
       id="path3631" />
    <path
       d="M2741 464 c0 -11 3 -14 6 -6 3 7 2 16 -1 19 -3 4 -6 -2 -5 -13z"
       id="path3633" />
    <path
       d="M2741 414 c0 -11 3 -14 6 -6 3 7 2 16 -1 19 -3 4 -6 -2 -5 -13z"
       id="path3635" />
    <path
       d="M2741 364 c0 -11 3 -14 6 -6 3 7 2 16 -1 19 -3 4 -6 -2 -5 -13z"
       id="path3637" />
    <path
       d="M2741 314 c0 -11 3 -14 6 -6 3 7 2 16 -1 19 -3 4 -6 -2 -5 -13z"
       id="path3639" />
    <path
       d="m 2618,273 c 6,-2 18,-2 25,0 6,3 1.2042,9.28921 -12.7958,9.28921 C 2616.2042,282.28921 2611,276 2618,273 z"
       id="path3641"
       inkscape:connector-curvature="0"
       sodipodi:nodetypes="ccsc" />
    <path
       d="m 2668,273 c 6,-2 18,-2 25,0 6,3 1.4085,8.06373 -12.5915,8.06373 C 2666.4085,281.06373 2661,276 2668,273 z"
       id="path3643"
       inkscape:connector-curvature="0"
       sodipodi:nodetypes="ccsc" />
    <path
       d="M2720 273 c8 -3 18 -11 22 -17 5 -7 8 -4 8 7 0 11 -7 17 -22 16 -16 0 -18 -2 -8 -6z"
       id="path3645" />
    <path
       d="M2600 245 c0 -8 5 -15 10 -15 6 0 10 7 10 15 0 8 -4 15 -10 15 -5 0 -10 -7 -10 -15z"
       id="path3647" />
    <path
       d="M2750 231 c-30 -10 -69 -25 -87 -34 -39 -21 -43 -21 -43 -2 0 8 -4 15 -10 15 -5 0 -10 -6 -10 -14 0 -8 -6 -16 -12 -19 -7 -2 -3 -2 10 0 21 3 31 -10 15 -20 -5 -2 -1 -2 7 1 60 17 92 14 118 -11 15 -14 45 -30 68 -36 33 -9 45 -19 68 -58 l27 -48 -5 65 c-2 36 -15 91 -27 123 -25 65 -30 67 -119 38z m110 -88 c0 -22 -1 -22 -41 -8 -22 8 -54 25 -72 37 l-31 22 54 16 55 16 17 -30 c9 -17 17 -41 18 -53z"
       id="path3649" />
    <path
       d="M378 173 c6 -2 18 -2 25 0 6 3 1 5 -13 5 -14 0 -19 -2 -12 -5z"
       id="path3651" />
    <path
       d="M428 173 c6 -2 18 -2 25 0 6 3 1 5 -13 5 -14 0 -19 -2 -12 -5z"
       id="path3653" />
    <path
       d="M478 173 c6 -2 18 -2 25 0 6 3 1 5 -13 5 -14 0 -19 -2 -12 -5z"
       id="path3655" />
    <path
       d="M528 173 c6 -2 18 -2 25 0 6 3 1 5 -13 5 -14 0 -19 -2 -12 -5z"
       id="path3657" />
    <path
       d="M578 173 c6 -2 18 -2 25 0 6 3 1 5 -13 5 -14 0 -19 -2 -12 -5z"
       id="path3659" />
    <path
       d="M628 173 c6 -2 18 -2 25 0 6 3 1 5 -13 5 -14 0 -19 -2 -12 -5z"
       id="path3661" />
    <path
       d="M678 173 c6 -2 18 -2 25 0 6 3 1 5 -13 5 -14 0 -19 -2 -12 -5z"
       id="path3663" />
    <path
       d="M728 173 c6 -2 18 -2 25 0 6 3 1 5 -13 5 -14 0 -19 -2 -12 -5z"
       id="path3665" />
    <path
       d="M778 173 c6 -2 18 -2 25 0 6 3 1 5 -13 5 -14 0 -19 -2 -12 -5z"
       id="path3667" />
    <path
       d="M828 173 c6 -2 18 -2 25 0 6 3 1 5 -13 5 -14 0 -19 -2 -12 -5z"
       id="path3669" />
    <path
       d="M878 173 c6 -2 18 -2 25 0 6 3 1 5 -13 5 -14 0 -19 -2 -12 -5z"
       id="path3671" />
    <path
       d="M928 173 c6 -2 18 -2 25 0 6 3 1 5 -13 5 -14 0 -19 -2 -12 -5z"
       id="path3673" />
    <path
       d="M978 173 c6 -2 18 -2 25 0 6 3 1 5 -13 5 -14 0 -19 -2 -12 -5z"
       id="path3675" />
    <path
       d="M1028 173 c6 -2 18 -2 25 0 6 3 1 5 -13 5 -14 0 -19 -2 -12 -5z"
       id="path3677" />
    <path
       d="M1078 173 c6 -2 18 -2 25 0 6 3 1 5 -13 5 -14 0 -19 -2 -12 -5z"
       id="path3679" />
    <path
       d="M1128 173 c6 -2 18 -2 25 0 6 3 1 5 -13 5 -14 0 -19 -2 -12 -5z"
       id="path3681" />
    <path
       d="M1178 173 c6 -2 18 -2 25 0 6 3 1 5 -13 5 -14 0 -19 -2 -12 -5z"
       id="path3683" />
    <path
       d="M1228 173 c6 -2 18 -2 25 0 6 3 1 5 -13 5 -14 0 -19 -2 -12 -5z"
       id="path3685" />
    <path
       d="M1278 173 c6 -2 18 -2 25 0 6 3 1 5 -13 5 -14 0 -19 -2 -12 -5z"
       id="path3687" />
    <path
       d="M1328 173 c6 -2 18 -2 25 0 6 3 1 5 -13 5 -14 0 -19 -2 -12 -5z"
       id="path3689" />
    <path
       d="M1378 173 c6 -2 18 -2 25 0 6 3 1 5 -13 5 -14 0 -19 -2 -12 -5z"
       id="path3691" />
    <path
       d="M1428 173 c6 -2 18 -2 25 0 6 3 1 5 -13 5 -14 0 -19 -2 -12 -5z"
       id="path3693" />
    <path
       d="M1478 173 c6 -2 18 -2 25 0 6 3 1 5 -13 5 -14 0 -19 -2 -12 -5z"
       id="path3695" />
    <path
       d="M1528 173 c6 -2 18 -2 25 0 6 3 1 5 -13 5 -14 0 -19 -2 -12 -5z"
       id="path3697" />
    <path
       d="M1578 173 c6 -2 18 -2 25 0 6 3 1 5 -13 5 -14 0 -19 -2 -12 -5z"
       id="path3699" />
    <path
       d="M1628 173 c6 -2 18 -2 25 0 6 3 1 5 -13 5 -14 0 -19 -2 -12 -5z"
       id="path3701" />
    <path
       d="M1678 173 c6 -2 18 -2 25 0 6 3 1 5 -13 5 -14 0 -19 -2 -12 -5z"
       id="path3703" />
    <path
       d="M1728 173 c6 -2 18 -2 25 0 6 3 1 5 -13 5 -14 0 -19 -2 -12 -5z"
       id="path3705" />
    <path
       d="M1778 173 c6 -2 18 -2 25 0 6 3 1 5 -13 5 -14 0 -19 -2 -12 -5z"
       id="path3707" />
    <path
       d="M1828 173 c6 -2 18 -2 25 0 6 3 1 5 -13 5 -14 0 -19 -2 -12 -5z"
       id="path3709" />
    <path
       d="M1878 173 c6 -2 18 -2 25 0 6 3 1 5 -13 5 -14 0 -19 -2 -12 -5z"
       id="path3711" />
    <path
       d="M1928 173 c6 -2 18 -2 25 0 6 3 1 5 -13 5 -14 0 -19 -2 -12 -5z"
       id="path3713" />
    <path
       d="M1978 173 c6 -2 18 -2 25 0 6 3 1 5 -13 5 -14 0 -19 -2 -12 -5z"
       id="path3715" />
    <path
       d="M2028 173 c6 -2 18 -2 25 0 6 3 1 5 -13 5 -14 0 -19 -2 -12 -5z"
       id="path3717" />
    <path
       d="M2078 173 c6 -2 18 -2 25 0 6 3 1 5 -13 5 -14 0 -19 -2 -12 -5z"
       id="path3719" />
    <path
       d="M2128 173 c6 -2 18 -2 25 0 6 3 1 5 -13 5 -14 0 -19 -2 -12 -5z"
       id="path3721" />
    <path
       d="M2178 173 c6 -2 18 -2 25 0 6 3 1 5 -13 5 -14 0 -19 -2 -12 -5z"
       id="path3723" />
    <path
       d="M2228 173 c6 -2 18 -2 25 0 6 3 1 5 -13 5 -14 0 -19 -2 -12 -5z"
       id="path3725" />
    <path
       d="M2278 173 c6 -2 18 -2 25 0 6 3 1 5 -13 5 -14 0 -19 -2 -12 -5z"
       id="path3727" />
    <path
       d="M2328 173 c6 -2 18 -2 25 0 6 3 1 5 -13 5 -14 0 -19 -2 -12 -5z"
       id="path3729" />
    <path
       d="M2378 173 c6 -2 18 -2 25 0 6 3 1 5 -13 5 -14 0 -19 -2 -12 -5z"
       id="path3731" />
    <path
       d="M2428 173 c6 -2 18 -2 25 0 6 3 1 5 -13 5 -14 0 -19 -2 -12 -5z"
       id="path3733" />
    <path
       d="M2478 173 c6 -2 18 -2 25 0 6 3 1 5 -13 5 -14 0 -19 -2 -12 -5z"
       id="path3735" />
    <path
       d="M2528 173 c6 -2 18 -2 25 0 6 3 1 5 -13 5 -14 0 -19 -2 -12 -5z"
       id="path3737" />
    <path
       d="M67 46 c-22 -17 -22 -33 2 -41 30 -9 51 5 50 34 -1 20 -2 22 -6 6 -7 -27 -19 -39 -33 -30 -8 5 -8 11 1 21 16 20 8 25 -14 10z"
       id="path3747" />
    <path
       d="M190 50 c0 -6 7 -13 15 -16 8 -4 15 -10 15 -15 0 -16 -19 -10 -40 13 -20 21 -27 15 -12 -10 11 -16 63 -21 69 -6 2 6 -8 19 -22 28 -14 9 -25 12 -25 6z"
       id="path3749" />
    <path
       style="fill:#ff0000;fill-opacity:1;fill-rule:nonzero;stroke:none"
       d="m 361.43285,15.142324 c -1.00336,0.377034 -0.79698,1.619595 -1.03904,2.47051 -0.41641,2.801865 -0.97547,5.593368 -1.16666,8.421607 -0.006,1.817404 -0.3375,3.932676 0.97064,5.419029 0.73292,0.848331 1.92865,1.184593 2.84033,1.66271 -0.90111,0.759402 -0.71496,2.117887 -0.0128,2.942453 1.01432,1.315021 2.34986,2.703956 4.09454,2.86586 1.02933,0.07464 1.73147,-1.062939 1.34996,-1.985039 -0.26159,-0.963927 -1.19778,-1.611202 -1.24979,-2.64664 -0.70164,-3.353691 -0.64142,-6.831805 -1.50768,-10.166408 -0.61679,-2.961023 -1.81893,-5.751938 -3.11467,-8.47027 -0.22379,-0.414292 -0.71505,-0.592285 -1.16486,-0.513812 z"
       id="path4525"
       inkscape:connector-curvature="0"
       transform="matrix(8,0,0,-8,0,1430)" />
    <path
       style="fill:#0000ff;fill-opacity:1;fill-rule:nonzero;stroke:none"
       d="m 349.22901,6.6117629 c -2.04263,0.2498002 -3.83083,1.393939 -5.69003,2.1962654 -1.12634,0.5160647 -2.27349,1.1115759 -3.54582,1.0014981 -2.37207,0.2851146 -4.5619,1.3278386 -6.76573,2.1924786 -2.33237,1.057089 -4.75509,2.040107 -6.79126,3.622217 -0.76255,0.509109 -0.91626,1.742052 -0.13404,2.278646 1.02036,0.723234 2.3586,0.463612 3.52648,0.386157 1.0228,-0.04477 1.98715,-0.971666 1.73292,-2.026527 1.59108,0.671571 3.26446,1.731274 5.06472,1.190385 2.63134,-0.780845 4.91839,-2.381358 7.22231,-3.823744 2.19736,-1.498608 4.46445,-2.93055 6.48148,-4.6685199 0.74112,-0.5442279 0.77215,-1.8407392 -0.15,-2.1924786 -0.29915,-0.1284578 -0.62703,-0.1752607 -0.95103,-0.1563776 z"
       id="path4527"
       inkscape:connector-curvature="0"
       transform="matrix(8,0,0,-8,0,1430)" />
    <path
       style="fill:#ffff00;fill-opacity:1;fill-rule:nonzero;stroke:none"
       d="m 346.34041,11.645305 c -2.55387,1.604588 -5.0707,3.295686 -7.46012,5.139674 -0.63799,0.460065 -1.37235,1.283476 -0.81194,2.085612 1.263,1.319584 3.07314,1.904659 4.55091,2.913731 1.15288,1.293892 1.74072,2.967409 2.3809,4.537782 0.52605,0.889977 1.7197,0.3438 2.31681,-0.194313 0.75049,-0.812308 1.39131,-1.747296 1.95312,-2.690656 0.27196,-0.827212 -0.24137,-1.695759 -0.31664,-2.535612 -0.5943,-2.736415 -0.99937,-5.494996 -1.18331,-8.282847 -0.029,-0.695123 -0.7585,-1.253681 -1.42973,-0.973371 z"
       id="path4529"
       inkscape:connector-curvature="0"
       transform="matrix(8,0,0,-8,0,1430)" />
    <path
       style="fill:#008000;fill-opacity:1;fill-rule:nonzero;stroke:none"
       d="m 358.87615,18.583367 c -1.23102,0.590847 -2.40406,1.3661 -3.67987,1.896922 -1.95745,0.891769 -3.98929,1.699201 -6.13445,1.993243 -0.85369,0.305809 -0.99039,1.367417 -1.46241,2.049203 -0.35925,0.80768 -0.96188,1.494052 -1.24306,2.329499 -0.1286,0.826141 0.73342,1.369953 1.47442,1.187194 1.96071,-0.182493 3.838,-0.93153 5.39663,-2.135034 0.88184,-0.605285 1.90679,-1.235794 2.83394,-1.611647 -0.69961,0.854284 -1.24223,1.947733 -0.9606,3.079683 0.28822,1.501923 1.39018,2.655003 2.29141,3.823274 0.55769,0.803632 2.02415,0.663252 2.17652,-0.389349 0.23637,-2.280171 -0.13518,-4.579142 -0.0606,-6.867851 -0.0196,-1.302078 0.17666,-2.59841 0.61913,-3.810509 0.28487,-0.812914 -0.31652,-1.779176 -1.25102,-1.544628 z"
       id="path4531"
       inkscape:connector-curvature="0"
       transform="matrix(8,0,0,-8,0,1430)" />
    <text
       xml:space="preserve"
       style="font-size:122.86959076px;font-style:normal;font-variant:normal;font-weight:bold;font-stretch:normal;text-align:start;line-height:125%;letter-spacing:0px;word-spacing:0px;text-anchor:start;fill:#000000;fill-opacity:1;stroke:none;font-family:Arial;-inkscape-font-specification:Arial Bold"
       x="2765.7341"
       y="-646.56708"
       id="text4533"
       sodipodi:linespacing="125%"
       transform="scale(1,-1)"><tspan
         sodipodi:role="line"
         id="tspan4535"
         x="2765.7341"
         y="-646.56708">7 m</tspan></text>
    <text
       xml:space="preserve"
       style="font-size:119.42483521px;font-style:normal;font-variant:normal;font-weight:bold;font-stretch:normal;text-align:start;line-height:125%;letter-spacing:0px;word-spacing:0px;text-anchor:start;fill:#000000;fill-opacity:1;stroke:none;font-family:Arial;-inkscape-font-specification:Arial Bold"
       x="1411.1007"
       y="-45.75156"
       id="text4537"
       sodipodi:linespacing="125%"
       transform="scale(1,-1)"><tspan
         sodipodi:role="line"
         id="tspan4539"
         x="1411.1007"
         y="-45.75156">24 m</tspan></text>
    <path
       style="fill:none;stroke:#ff0000;stroke-width:3;stroke-linecap:butt;stroke-linejoin:miter;stroke-opacity:1;fill-opacity:1;stroke-miterlimit:4;stroke-dasharray:none"
       d="M 33.217843,158.24159 345.46557,27.103325"
       id="path3066"
       inkscape:connector-curvature="0"
       transform="matrix(8,0,0,-8,0,1430)" />
  </g>
  <path
     style="fill:#999999;fill-opacity:1;fill-rule:nonzero;stroke:none;stroke-width:4.08496713999999983;stroke-miterlimit:4;stroke-opacity:1;stroke-dasharray:none"
     d="m 351.93498,150.23784 c -4.03885,0.85134 -8.15031,1.99224 -11.93576,3.61264 -1.16978,1.96789 1.90083,3.11381 3.10313,4.07269 4.27401,2.39117 8.6892,5.15312 13.60694,5.80782 2.38444,-0.48394 1.23517,-3.58325 0.93188,-5.20833 -1.09262,-2.75593 -1.75765,-6.19745 -4.22539,-8.05504 -0.45655,-0.22919 -0.97916,-0.26761 -1.4808,-0.22978 z"
     id="path3755"
     inkscape:connector-curvature="0"
     transform="scale(0.8,0.8)" />
</svg>
