<?xml version="1.0" standalone="no"?>
<!DOCTYPE svg PUBLIC "-//W3C//DTD SVG 20010904//EN"
 "http://www.w3.org/TR/2001/REC-SVG-20010904/DTD/svg10.dtd">
<svg version="1.0" xmlns="http://www.w3.org/2000/svg"
 width="900.000000pt" height="462.000000pt" viewBox="0 0 900.000000 462.000000"
 preserveAspectRatio="xMidYMid meet">
<metadata>
Created by potrace 1.10, written by Peter Selinger 2001-2011
</metadata>
<g transform="translate(0.000000,462.000000) scale(0.100000,-0.100000)"
fill="#000000" stroke="none">
<path d="M43 4559 l-23 -8 0 -2276 0 -2275 4490 0 c2774 0 4490 4 4490 9 0 5
-12 11 -27 13 l-28 3 4 125 c2 91 7 129 17 141 13 14 13 18 0 29 -12 9 -15 34
-15 108 1 54 -2 109 -6 125 -7 24 -4 28 24 33 37 8 41 29 6 38 l-26 7 3 122
c3 116 4 123 26 132 28 12 29 35 2 35 -27 0 -29 6 -32 143 l-3 119 28 5 c33 7
36 34 5 48 -22 10 -23 15 -23 130 0 117 1 120 23 123 29 4 29 30 0 34 -23 3
-23 6 -23 138 0 130 1 135 23 145 29 13 28 31 -3 39 -25 6 -25 8 -25 105 0 55
-3 106 -6 115 -5 12 2 18 25 22 37 8 41 29 6 38 l-25 6 0 129 c0 105 3 133 16
145 8 9 20 16 25 16 5 0 9 7 9 16 0 8 -4 13 -9 10 -4 -3 -15 0 -24 7 -13 10
-17 34 -18 121 -1 110 3 125 39 126 25 0 12 36 -19 47 -25 10 -29 16 -24 33 3
11 6 62 6 113 0 109 4 127 30 127 27 0 24 28 -3 32 -22 3 -23 7 -26 130 l-3
127 26 7 c34 9 32 30 -5 38 -27 5 -30 9 -24 32 4 14 7 72 8 127 1 98 2 102 26
114 18 9 20 13 8 13 -28 0 -36 29 -40 153 l-3 119 28 5 c34 7 35 29 2 37 -25
6 -25 7 -25 125 0 95 3 123 16 135 8 9 21 16 27 16 7 0 1 6 -13 13 -24 12 -25
15 -26 125 0 61 -3 115 -7 118 -10 11 13 34 34 34 12 0 19 7 19 19 0 17 -11
19 -117 25 -185 9 -8815 4 -8840 -5z m296 -52 c6 -8 8 -16 5 -20 -3 -3 -5 -55
-5 -116 0 -131 12 -122 -159 -119 l-115 3 -3 119 c-1 66 0 126 2 133 8 19 259
19 275 0z m306 4 c6 -6 8 -61 5 -133 l-5 -123 -130 0 -130 0 -3 119 c-1 66 0
126 2 133 6 16 246 19 261 4z m330 -126 l0 -130 -145 0 -145 0 -1 125 c0 69 1
128 3 133 3 4 68 6 146 5 l142 -3 0 -130z m307 130 c10 -4 13 -35 12 -133 l-1
-127 -136 -2 -136 -3 -3 128 c-2 70 -2 130 0 135 4 8 243 10 264 2z m323 -130
l0 -130 -130 0 -130 0 -3 119 c-1 66 0 126 2 133 4 11 34 13 133 11 l128 -3 0
-130z m320 0 l0 -130 -130 0 -130 0 -5 125 c-3 78 -1 128 5 133 6 4 66 6 135
5 l125 -3 0 -130z m310 0 l0 -130 -130 0 -130 0 -3 119 c-1 66 0 126 2 133 4
11 34 13 133 11 l128 -3 0 -130z m307 130 c10 -4 12 -33 11 -126 -1 -66 -5
-124 -8 -129 -4 -6 -61 -9 -133 -8 l-127 3 -5 125 c-3 69 -4 128 -2 133 4 8
243 10 264 2z m323 -4 c6 -6 8 -61 5 -133 l-5 -123 -130 0 -130 0 -3 119 c-1
66 0 126 2 133 6 16 246 19 261 4z m330 -126 l0 -130 -137 -2 c-76 -1 -140 2
-143 7 -10 17 -10 250 0 254 6 3 71 4 145 3 l135 -2 0 -130z m320 0 l0 -130
-115 -2 c-172 -4 -158 -15 -162 130 -2 73 1 125 7 130 6 4 69 6 140 5 l130 -3
0 -130z m310 0 l0 -130 -123 -5 c-72 -3 -127 -1 -133 5 -10 10 -13 248 -2 259
4 3 63 5 132 4 l126 -3 0 -130z m327 128 c2 -5 2 -65 0 -135 l-4 -127 -128 0
c-76 0 -132 4 -135 10 -11 17 -11 249 0 253 18 8 264 6 267 -1z m304 -123 c1
-69 -2 -129 -7 -135 -4 -6 -54 -8 -131 -5 l-123 5 -1 125 c-1 69 0 129 3 133
2 4 62 6 131 5 l127 -3 1 -125z m309 122 c6 -4 8 -54 5 -132 l-5 -125 -132 -3
-132 -3 -3 128 c-2 70 -2 131 0 136 4 9 254 9 267 -1z m320 0 c6 -4 8 -54 5
-132 l-5 -125 -130 0 -130 0 -3 119 c-1 66 0 126 2 133 4 10 36 13 128 13 68
0 128 -4 133 -8z m330 0 c6 -4 8 -54 5 -132 l-5 -125 -135 0 -135 0 0 100 c-1
55 -5 111 -9 124 -6 16 -4 26 5 32 17 11 260 12 274 1z m327 1 c2 -5 2 -65 0
-135 l-3 -127 -128 1 c-71 0 -132 3 -137 7 -5 3 -9 53 -9 111 0 58 -4 112 -8
122 -6 12 -3 18 10 21 30 8 272 7 275 0z m303 -128 l0 -130 -123 -5 c-77 -3
-127 -1 -131 5 -6 8 -8 250 -2 263 0 1 58 1 129 0 l127 -3 0 -130z m321 126
c5 -6 7 -61 4 -133 l-5 -123 -125 -2 c-69 -1 -130 1 -137 5 -18 11 -20 242 -2
253 19 12 253 11 265 0z m309 -126 l0 -130 -130 0 -130 0 0 125 c0 69 1 129 3
133 2 4 61 6 130 5 l127 -3 0 -130z m310 127 c6 -4 10 -60 10 -130 0 -145 13
-134 -155 -130 l-115 3 -1 125 c-1 69 0 128 3 133 5 9 245 9 258 -1z m320
-127 l0 -130 -130 0 -130 0 -3 119 c-1 66 0 126 2 133 4 11 34 13 133 11 l128
-3 0 -130z m659 0 l1 -130 -125 -2 c-69 -1 -131 2 -139 7 -12 6 -14 29 -12
109 2 86 0 102 -14 107 -9 4 -19 3 -22 0 -12 -12 -15 -131 -5 -169 14 -51 3
-55 -153 -53 l-130 1 -5 125 c-3 78 -1 128 5 132 5 4 142 6 304 5 l295 -2 0
-130z m301 0 l0 -130 -127 -3 c-71 -1 -128 1 -129 5 -3 42 -4 255 0 259 3 2
61 3 130 2 l126 -3 0 -130z m320 0 l0 -130 -115 -3 c-170 -3 -163 -7 -155 86
4 42 2 96 -3 119 -7 29 -6 45 2 53 7 7 56 10 141 8 l130 -3 0 -130z m317 125
c2 -5 1 -65 -2 -132 l-5 -123 -129 0 -129 0 1 128 c0 70 1 129 1 132 2 10 259
5 263 -5z m-8577 -304 c12 -4 15 -28 15 -126 l0 -120 -140 0 -140 0 0 120 c0
93 3 121 14 127 16 9 228 8 251 -1z m315 -1 c6 -4 10 -60 10 -125 l0 -119
-125 -3 c-69 -2 -130 -1 -135 0 -10 4 -14 219 -5 244 4 10 33 12 126 11 66 -1
124 -5 129 -8z m334 -17 c2 -18 4 -78 3 -133 -2 -73 -5 -100 -14 -99 -7 1 -73
2 -147 3 l-134 1 2 123 1 122 130 5 c72 3 135 7 142 8 7 1 14 -13 17 -30z
m313 18 c3 -3 6 -59 8 -126 l2 -121 -141 3 -141 3 4 120 c1 66 4 122 6 125 4
7 255 3 262 -4z m315 -1 c12 -16 10 -245 -2 -245 -5 -1 -62 -1 -125 -1 -63 0
-119 0 -125 1 -10 0 -15 216 -5 242 6 16 246 19 257 3z m317 1 c7 -5 11 -49
11 -127 l0 -120 -137 3 -138 3 4 115 c1 63 7 120 11 125 9 11 231 12 249 1z
m313 -1 c4 -5 8 -63 8 -127 l0 -118 -120 -1 c-66 -1 -126 -2 -132 -3 -10 -1
-14 29 -16 109 -4 162 -15 150 130 150 70 0 126 -4 130 -10z m306 3 c5 -7 12
-66 14 -130 l5 -118 -138 0 c-76 0 -140 3 -142 8 -2 4 -2 60 1 124 l4 117 117
4 c64 1 119 4 122 5 4 1 11 -4 17 -10z m322 -3 c6 -4 10 -60 10 -126 l0 -119
-135 0 -135 0 0 114 c0 63 2 120 5 128 4 10 33 12 126 11 66 -1 124 -5 129 -8z
m334 -1 c3 -9 6 -67 6 -130 0 -84 -3 -114 -12 -115 -73 -3 -274 4 -279 9 -3 4
-3 59 0 122 l6 115 125 5 c69 3 130 7 136 8 7 1 15 -5 18 -14z m305 6 c16 -8
18 -25 19 -130 l1 -120 -140 0 -140 0 3 123 3 122 110 6 c61 3 114 6 118 7 5
1 16 -2 26 -8z m323 -5 c4 -5 8 -63 8 -127 l0 -118 -120 -1 c-66 -1 -126 -2
-132 -3 -10 -1 -14 29 -16 109 -4 162 -15 150 130 150 70 0 126 -4 130 -10z
m329 -111 c3 -66 3 -123 -1 -127 -4 -4 -67 -6 -141 -5 l-134 3 4 115 c2 63 7
120 11 125 5 6 60 9 132 9 l123 -2 6 -118z m305 101 c3 -11 4 -69 2 -129 l-3
-108 -125 1 c-69 0 -128 1 -132 1 -9 0 -11 221 -3 242 4 10 35 13 131 13 117
0 125 -1 130 -20z m304 9 c5 -5 10 -61 11 -124 l3 -115 -139 0 -139 0 3 120
c1 66 4 122 6 125 5 9 246 3 255 -6z m326 3 c2 -1 4 -56 5 -122 l1 -120 -136
-3 -136 -3 0 115 c0 63 2 120 5 128 4 10 34 12 132 11 69 -2 127 -4 129 -6z
m334 -114 c3 -65 3 -122 -1 -126 -3 -4 -68 -6 -145 -5 l-139 3 2 25 c1 14 3
65 3 115 1 49 5 94 10 100 5 6 58 9 137 8 l128 -1 5 -119z m320 2 c3 -66 3
-124 -1 -128 -3 -4 -68 -6 -145 -5 -118 3 -138 5 -135 18 3 8 6 59 7 114 1 54
6 102 11 107 7 7 178 17 243 14 12 0 16 -23 20 -120z m302 110 c4 -5 8 -63 8
-127 l0 -118 -120 -1 c-66 -1 -126 -2 -132 -3 -10 -1 -13 29 -14 114 -1 63 0
122 2 130 3 12 26 15 126 15 71 0 126 -4 130 -10z m319 -2 c4 -4 9 -60 10
-123 l2 -115 -142 -3 -141 -3 0 120 c0 94 3 122 14 128 19 10 246 7 257 -4z
m311 2 c10 -13 10 -243 1 -247 -5 -2 -65 -2 -135 0 l-126 3 3 117 c2 64 4 122
4 127 1 6 49 10 123 10 71 0 126 -4 130 -10z m315 2 c2 -3 6 -60 7 -126 l2
-121 -138 0 -138 0 0 120 c0 93 3 121 14 127 15 9 244 8 253 0z m315 -2 c4 -5
8 -63 8 -127 l0 -118 -120 -1 c-66 -1 -126 -2 -132 -3 -10 -1 -14 29 -16 109
-4 162 -15 150 130 150 70 0 126 -4 130 -10z m336 0 c10 -4 12 -20 7 -69 -9
-80 0 -128 23 -124 14 3 17 18 18 91 0 48 5 92 10 96 13 13 264 18 265 6 0 -5
2 -63 4 -127 3 -115 1 -124 -29 -119 -5 1 -138 2 -296 2 l-287 -1 5 118 c2 64
8 122 12 127 8 10 240 9 268 0z m628 -10 c3 -11 4 -69 2 -129 l-3 -108 -125 1
c-69 0 -128 1 -131 1 -5 0 -5 173 0 245 1 6 50 10 126 10 118 0 126 -1 131
-20z m313 11 c7 -5 11 -47 11 -127 l0 -119 -139 0 -139 0 1 120 c0 87 4 123
13 128 16 9 237 7 253 -2z m316 -122 c0 -97 -3 -129 -12 -128 -7 1 -66 2 -131
3 l-118 1 2 120 c1 65 5 123 7 127 3 4 61 7 129 7 l123 -1 0 -129z m-8557
-173 c9 -1 11 -8 6 -23 -3 -12 -6 -65 -6 -119 1 -62 -3 -101 -10 -105 -13 -8
-246 -11 -258 -4 -5 3 -10 60 -12 127 -2 100 0 123 11 125 13 3 234 2 269 -1z
m315 -3 c1 -2 0 -59 -3 -127 l-5 -123 -130 -1 -130 -1 -3 119 c-1 65 -1 124 1
129 4 10 266 14 270 4z m323 -109 c0 -62 -1 -121 -3 -129 -2 -13 -24 -15 -139
-13 -75 2 -140 6 -145 9 -5 3 -6 35 -3 72 3 37 1 89 -4 117 -6 27 -7 52 -2 55
4 3 73 5 152 4 l143 0 1 -115z m321 108 c8 -5 9 -17 2 -40 -5 -17 -9 -69 -7
-114 1 -46 -1 -86 -5 -90 -4 -3 -65 -7 -136 -7 l-129 -1 -4 125 c-2 69 -3 127
-2 130 3 8 268 5 281 -3z m306 3 c3 -3 7 -54 8 -115 4 -98 2 -110 -14 -113
-20 -4 -19 6 -17 -185 l1 -148 -118 3 -118 3 -3 124 c-1 72 1 128 7 134 6 6
45 9 88 8 82 -1 125 11 88 26 -11 4 -54 8 -95 7 -44 0 -78 4 -82 10 -8 12 -11
240 -4 247 6 6 254 5 259 -1z m327 1 c3 0 5 -43 6 -93 1 -51 3 -102 5 -113 4
-19 -2 -20 -141 -22 -155 -3 -184 3 -159 33 10 12 14 43 14 103 0 47 3 88 7
91 5 4 252 5 268 1z m308 -81 c3 -108 9 -137 25 -121 8 8 12 47 12 106 0 52 2
95 5 96 29 6 259 3 272 -3 14 -7 15 -13 8 -34 -13 -33 -13 -84 1 -123 23 -64
41 -26 38 77 -1 38 0 73 3 78 5 7 222 10 269 5 3 -1 4 -36 2 -78 -4 -73 7
-117 23 -100 13 13 17 123 5 145 -8 15 -8 23 0 28 6 3 75 7 152 7 l142 1 5
-96 c3 -53 8 -100 12 -104 16 -15 30 54 25 124 -3 48 0 72 7 73 76 4 267 4
273 0 5 -3 8 -46 9 -96 0 -49 2 -99 5 -110 4 -20 -1 -20 -780 -20 l-785 0 3
110 c1 60 4 112 6 115 2 4 61 6 132 5 l128 -1 3 -84z m1588 77 c4 -3 6 -44 5
-89 -1 -90 7 -119 28 -94 18 21 26 128 12 154 -17 32 7 38 153 37 l130 0 2
-95 c1 -52 4 -104 6 -115 3 -20 -3 -20 -302 -20 l-305 0 4 110 c1 61 4 112 6
115 5 8 253 5 261 -3z m634 -102 c3 -61 3 -114 -1 -118 -3 -4 -66 -6 -140 -5
l-134 3 4 110 c1 61 4 112 6 115 2 3 61 5 132 5 l128 0 5 -110z m311 106 c4
-1 4 -32 1 -71 -3 -44 0 -81 8 -100 26 -64 44 -20 38 95 -2 45 1 76 7 78 8 3
249 1 266 -2 3 -1 4 -36 2 -78 -5 -89 7 -121 32 -89 18 24 20 127 3 144 -6 6
-9 15 -5 18 5 5 244 9 293 5 8 -1 10 -21 7 -65 -9 -109 15 -156 38 -73 9 32 9
53 0 86 -6 24 -10 46 -7 48 2 2 68 5 146 6 l143 2 2 -95 c2 -52 4 -104 6 -115
4 -20 -1 -20 -631 -20 -630 0 -635 0 -631 20 2 11 5 63 6 115 2 52 4 95 4 95
2 1 266 -3 272 -4z m1279 -93 c3 -53 8 -100 12 -104 15 -14 30 54 26 124 -2
44 1 72 7 73 45 4 268 3 273 -1 4 -3 7 -43 7 -90 0 -84 9 -129 23 -116 4 4 9
53 12 109 l5 102 130 0 130 0 6 -110 c3 -61 4 -113 2 -117 -2 -4 -207 -6 -455
-5 l-452 2 3 110 c1 60 4 112 6 115 2 3 61 5 132 5 l128 -1 5 -96z m941 93 c3
0 6 -38 6 -83 -1 -49 4 -93 12 -107 8 -14 9 -27 4 -32 -5 -5 -77 -8 -159 -7
-143 3 -149 4 -145 23 2 11 5 60 7 109 1 49 7 92 13 95 8 5 237 7 262 2z m319
0 c3 -1 4 -32 2 -71 -6 -109 13 -156 37 -89 14 40 14 104 1 129 -7 13 -7 21 1
25 6 4 146 7 312 8 l302 0 -2 -119 c-1 -65 -2 -124 -2 -130 -1 -7 -27 -11 -75
-10 -41 1 -78 -3 -82 -7 -16 -16 22 -27 82 -26 33 1 65 0 70 -3 5 -4 9 -64 9
-135 l0 -128 -105 0 -105 0 1 135 c1 74 3 144 3 154 1 10 -2 23 -6 27 -5 5
-168 10 -363 11 l-355 3 4 110 c1 61 4 112 6 115 3 4 246 5 265 1z m955 -125
l0 -129 -128 -1 c-78 -1 -127 3 -128 9 -3 60 -6 241 -4 245 2 3 61 5 132 5
l128 0 0 -129z m320 125 c9 -1 8 -240 -1 -250 -7 -8 -250 -5 -263 3 -9 6 -11
25 -6 70 3 33 2 85 -3 114 -7 40 -6 54 4 60 10 5 219 8 269 3z m317 -2 c2 -2
1 -60 -2 -128 l-5 -125 -127 -1 c-113 0 -128 2 -128 16 0 9 -2 67 -4 128 -2
61 -2 112 0 114 5 5 263 2 266 -4z m-8252 -419 c3 -69 4 -127 3 -128 -1 -2
-61 -4 -135 -5 l-133 -2 -3 124 c-1 68 2 128 7 135 6 8 47 9 133 6 l123 -5 5
-125z m323 123 c2 -10 4 -72 3 -138 l-1 -119 -143 -1 c-79 0 -148 2 -152 5 -5
3 -4 26 1 50 6 25 9 81 7 125 l-3 80 135 5 c74 3 138 7 142 8 4 1 9 -6 11 -15z
m7293 -8 c3 -11 3 -72 2 -135 l-3 -115 -130 0 -130 0 0 125 c0 69 3 130 7 135
4 6 58 10 128 10 113 0 121 -1 126 -20z m634 -111 c3 -71 2 -131 -2 -135 -4
-3 -65 -5 -135 -5 l-127 1 1 130 1 130 118 5 c66 3 124 5 129 5 6 -1 12 -56
15 -131z m-8564 20 c1 -55 4 -112 7 -126 6 -21 3 -27 -16 -30 -19 -4 -212 -3
-257 1 -13 1 -15 20 -12 119 2 64 5 123 7 130 4 10 36 12 137 10 l133 -3 1
-101z m958 -26 c2 -108 0 -128 -14 -131 -8 -2 -71 -4 -140 -3 -112 1 -125 3
-124 19 0 9 1 69 2 132 l2 116 136 -3 136 -3 2 -127z m7296 2 c3 -69 1 -128
-3 -131 -11 -8 -260 -5 -274 4 -7 4 -7 25 -1 64 5 32 7 84 3 116 -3 31 -3 62
0 67 4 7 57 10 138 8 l132 -3 5 -125z m-6655 -17 c0 -85 -3 -114 -13 -118 -8
-3 -67 -5 -133 -5 l-119 0 0 120 0 121 133 -3 132 -3 0 -112z m308 110 c2 -5
1 -57 -2 -118 l-6 -110 -130 0 -130 0 -6 110 c-3 61 -4 113 -2 118 3 4 64 7
138 7 74 0 135 -3 138 -7z m1285 -2 c10 -6 10 -14 2 -37 -6 -15 -10 -61 -9
-100 1 -39 -1 -76 -4 -81 -5 -8 -203 -11 -273 -4 -7 1 -10 25 -7 74 5 69 -9
138 -25 123 -4 -4 -9 -51 -12 -104 l-5 -97 -130 0 c-152 0 -181 6 -165 34 13
25 13 92 -1 128 -10 26 -11 27 -21 9 -6 -11 -8 -50 -6 -92 3 -41 2 -74 -1 -75
-18 -3 -258 -4 -266 -2 -7 2 -9 31 -7 73 7 112 -16 161 -37 83 -14 -48 -14
-99 -1 -123 16 -30 -11 -37 -155 -36 l-130 1 3 60 c2 33 -2 82 -8 108 -5 27
-8 52 -5 57 7 11 1245 12 1263 1z m634 -21 c-2 -14 -4 -65 -6 -115 l-2 -90
-125 -1 c-168 -1 -160 -5 -153 65 9 84 -25 176 -41 109 -3 -13 -6 -57 -7 -98
l-3 -75 -130 0 -130 0 -6 110 c-3 61 -4 113 -2 117 2 4 140 6 306 5 l302 -2
-3 -25z m300 23 c2 -5 1 -57 -2 -118 l-5 -110 -130 0 -130 0 -6 110 c-3 61 -4
113 -2 118 3 4 64 7 138 7 74 0 135 -3 137 -7z m1290 -18 c-2 -11 -5 -63 -7
-115 l-2 -95 -129 0 c-71 0 -139 3 -151 7 -21 7 -21 9 -7 37 17 35 11 113 -11
131 -19 15 -30 -43 -22 -116 3 -30 3 -54 -1 -55 -4 0 -65 -2 -137 -3 -132 -2
-177 6 -156 27 16 16 14 119 -3 143 -23 30 -31 8 -31 -82 0 -46 -2 -84 -5 -85
-31 -7 -263 -3 -267 4 -3 6 -5 42 -4 81 1 39 -2 82 -6 94 -9 22 -10 23 -24 6
-10 -12 -14 -42 -14 -98 0 -45 -3 -83 -7 -86 -4 -3 -67 -6 -140 -5 l-133 0 3
75 c2 41 -2 90 -7 109 -6 19 -8 37 -5 42 2 4 289 7 637 6 626 -2 632 -2 629
-22z m628 -10 c-3 -16 -5 -66 -5 -110 0 -44 -3 -83 -8 -86 -5 -4 -217 -4 -273
0 -7 1 -10 25 -7 74 5 69 -9 138 -25 123 -4 -4 -9 -51 -12 -104 l-5 -97 -130
0 -130 0 -5 110 c-3 61 -4 113 -2 117 1 4 139 7 305 5 l302 -2 -5 -30z m303
28 c2 -5 1 -57 -2 -118 l-6 -110 -130 0 -130 0 -6 110 c-3 61 -4 113 -2 118 3
4 64 7 138 7 74 0 135 -3 138 -7z m326 -2 c11 -7 11 -13 0 -32 -8 -14 -13 -57
-12 -106 0 -46 -3 -84 -6 -84 -25 -6 -253 -4 -262 2 -8 5 -11 33 -10 81 1 40
-3 87 -9 102 -8 23 -8 31 2 38 17 10 279 10 297 -1z m653 1 c2 -4 2 -57 0
-119 l-4 -112 -147 3 c-81 1 -153 6 -159 10 -9 5 -9 13 -2 26 13 25 13 89 -1
129 -24 67 -43 20 -37 -89 2 -42 0 -71 -7 -73 -5 -1 -66 -3 -135 -2 l-125 0
-6 110 c-3 61 -4 113 -2 117 5 10 621 10 625 0z m-6686 -400 l-1 -127 -140 2
c-77 1 -143 2 -146 2 -3 1 -5 56 -5 124 l1 122 135 5 c74 3 140 4 146 2 8 -2
11 -44 10 -130z m603 -461 l0 -600 -107 5 c-59 3 -113 7 -119 10 -14 4 -19
241 -5 259 4 6 43 10 88 10 54 0 86 5 98 14 9 8 14 17 10 20 -3 3 -49 8 -102
11 l-97 5 -3 118 -3 117 89 0 c61 0 94 4 108 14 36 27 3 41 -99 42 l-92 1 -3
114 c-4 163 -9 154 90 154 153 0 160 27 10 35 l-97 5 -3 127 -3 127 93 4 c51
1 105 4 120 5 l27 2 0 -599z m273 589 l79 0 -3 -127 -3 -128 -85 -3 c-108 -3
-137 -9 -121 -25 7 -7 48 -12 107 -13 52 -1 96 -3 99 -5 6 -7 9 -248 3 -255
-3 -3 -49 -6 -102 -7 -75 -2 -99 -6 -112 -19 -16 -16 -16 -18 10 -28 15 -5 68
-10 117 -10 l90 0 -3 -117 -3 -118 -107 -5 c-58 -3 -109 -8 -113 -12 -17 -17
45 -33 130 -33 l90 0 0 -135 0 -135 -120 -7 c-66 -3 -123 -4 -127 -2 -8 5 -9
1174 -1 1187 3 5 26 7 51 3 25 -3 80 -6 124 -6z m274 0 l115 0 -3 -127 -3
-128 -130 0 -130 0 -3 119 c-3 131 0 151 24 142 9 -3 67 -6 130 -6z m1590 0
l115 0 -3 -127 -3 -128 -130 0 -130 0 -3 119 c-3 131 0 151 24 142 9 -3 67 -6
130 -6z m741 -128 l-2 -127 -130 0 -130 0 -3 127 -3 127 123 3 c68 2 129 1
135 0 9 -3 12 -37 10 -130z m1479 128 l115 0 -3 -127 -3 -128 -130 0 -130 0
-1 125 c-1 69 0 129 3 133 3 5 12 6 20 3 8 -3 66 -6 129 -6z m742 -129 l-3
-126 -130 0 -130 0 0 125 0 125 120 5 c66 3 126 3 133 1 10 -2 12 -34 10 -130z
m518 129 l115 0 -3 -127 -3 -128 -130 0 -130 0 -3 119 c-3 131 0 151 24 142 9
-3 67 -6 130 -6z m462 -124 c2 -81 -1 -133 -8 -141 -8 -9 -8 -15 0 -20 6 -4
10 -57 10 -139 0 -142 -8 -168 -47 -150 -10 4 -72 10 -138 13 l-120 6 3 120
c2 66 7 124 12 128 4 5 57 9 116 10 60 1 115 6 123 11 28 18 -23 30 -131 31
-58 0 -109 2 -111 5 -3 3 -7 59 -8 125 l-4 120 120 6 c66 3 134 5 150 5 l30
-1 3 -129z m303 124 c3 0 5 -57 5 -127 l-2 -128 -82 -5 c-45 -3 -83 -9 -85
-14 -3 -16 64 -28 116 -22 33 3 47 1 48 -7 3 -52 5 -244 1 -253 -2 -8 -22 -10
-60 -7 -62 5 -112 -8 -112 -31 0 -18 45 -28 108 -25 26 1 53 0 58 -4 6 -3 10
-54 9 -119 l0 -113 -84 -5 c-53 -3 -86 -10 -88 -17 -6 -17 73 -36 123 -28 30
4 43 2 46 -7 2 -7 4 -69 3 -138 l0 -125 -100 -7 c-55 -3 -103 -4 -107 -1 -12
7 -9 262 3 285 8 14 8 23 0 31 -15 15 -15 239 0 254 9 9 9 19 0 41 -8 20 -11
70 -8 158 6 156 6 124 0 273 -2 68 -2 129 1 136 3 10 29 12 103 9 54 -2 101
-4 104 -4z m302 0 c4 0 6 -57 5 -127 l-3 -128 -127 0 c-71 0 -128 2 -129 5 -6
28 -4 237 2 245 6 8 132 11 252 5z m635 -128 l-3 -126 -127 -2 c-85 0 -128 3
-130 10 -2 6 -3 63 -3 126 l0 115 120 5 c66 3 126 3 133 1 9 -2 12 -34 10
-129z m-8558 3 c0 -76 -4 -125 -10 -126 -31 -4 -238 -6 -253 -2 -15 4 -17 19
-17 129 l0 124 140 0 140 0 0 -125z m308 -2 l-3 -126 -130 -1 -130 -1 -3 128
-3 127 136 0 136 0 -3 -127z m647 4 c0 -69 -4 -122 -10 -125 -5 -4 -67 -7
-137 -7 l-127 -1 -3 118 c-2 65 -1 123 0 128 3 7 55 10 140 8 l137 -3 0 -118z
m1258 0 c-2 -65 -4 -121 -7 -125 -2 -4 -62 -7 -133 -7 l-128 1 -6 114 c-3 63
-3 121 -1 128 3 9 37 12 140 10 l137 -3 -2 -118z m315 -4 l-3 -126 -130 -1
-130 -1 -3 128 -3 127 136 0 136 0 -3 -127z m330 0 l-3 -128 -133 0 c-74 0
-138 2 -142 5 -6 4 -15 191 -11 238 1 9 37 12 146 12 l146 0 -3 -127z m320 2
c-1 -79 -5 -125 -12 -128 -9 -3 -232 -1 -258 2 -5 1 -8 57 -8 126 l0 125 139
0 139 0 0 -125z m633 113 c1 -13 0 -229 -1 -238 0 -3 -60 -6 -132 -5 l-133 1
-6 119 c-3 66 -4 123 -2 128 2 4 65 7 139 7 100 0 134 -3 135 -12z m620 8 c2
-2 2 -60 -1 -128 l-5 -123 -130 0 -130 0 -3 128 -3 127 134 0 c74 0 136 -2
138 -4z m317 -123 l-3 -127 -130 0 -130 -1 -3 128 -3 127 136 0 136 0 -3 -127z
m334 120 c2 -5 2 -62 -1 -127 l-6 -120 -135 0 -135 -1 -5 115 c-3 63 -4 121
-2 128 3 9 40 12 142 12 77 0 140 -3 142 -7z m318 -122 l0 -128 -131 2 c-71 2
-133 6 -136 9 -7 7 -10 235 -4 242 2 2 64 4 138 4 l133 0 0 -129z m628 2 l-3
-128 -125 0 c-69 0 -131 1 -137 3 -10 3 -13 36 -13 121 0 65 3 121 7 124 3 4
66 7 140 7 l134 0 -3 -127z m627 4 c0 -68 -4 -122 -10 -126 -8 -6 -229 -8
-257 -2 -3 0 -7 57 -7 126 l-1 126 138 -3 137 -3 0 -118z m1593 -4 l-3 -128
-125 0 c-69 -1 -130 1 -136 3 -11 3 -18 227 -7 245 2 4 65 7 139 7 l135 0 -3
-127z m-8256 -181 c4 -4 8 -61 9 -127 l3 -120 -142 -3 c-110 -2 -142 0 -143
10 -4 100 4 235 15 243 14 11 246 8 258 -3z m306 3 c9 -3 12 -38 12 -129 l0
-125 -127 -3 c-71 -2 -131 -2 -135 0 -9 4 -11 233 -3 254 4 10 32 12 123 10
64 -2 123 -5 130 -7z m335 -2 c3 -10 4 -72 3 -138 -1 -107 -3 -120 -18 -119
-10 0 -76 1 -146 2 l-129 2 1 128 2 127 129 5 c72 3 135 7 142 8 6 1 14 -6 16
-15z m314 3 c3 -3 6 -61 7 -130 2 -106 0 -125 -14 -128 -8 -2 -71 -1 -140 2
l-125 5 4 125 c1 69 4 127 6 130 4 7 255 3 262 -4z m949 -11 c3 -11 3 -71 2
-133 l-3 -114 -130 0 -130 -1 -3 114 c-4 167 -16 154 133 154 118 0 126 -1
131 -20z m304 10 c7 -9 12 -56 13 -132 l0 -118 -133 -3 c-73 -1 -136 1 -140 5
-3 4 -4 63 -2 130 l4 122 116 4 c64 1 120 4 123 5 4 1 12 -5 19 -13z m326 3
c1 -2 4 -59 5 -128 l3 -125 -128 -5 c-71 -3 -133 -2 -138 1 -9 6 -12 244 -3
258 3 6 255 4 261 -1z m329 -128 l0 -133 -140 2 c-77 1 -142 5 -145 9 -3 4 -4
62 -2 129 l4 122 131 3 c73 2 137 3 142 2 6 0 10 -52 10 -134z m312 128 c4 -7
9 -68 9 -135 1 -107 -1 -123 -15 -124 -63 -3 -257 4 -261 9 -3 4 -3 61 0 127
l5 120 115 6 c63 3 120 6 127 7 6 1 15 -4 20 -10z m315 -3 c10 -13 10 -255 1
-255 -5 0 -64 -1 -133 -2 l-125 -1 -3 114 c-4 167 -15 154 130 154 70 0 126
-4 130 -10z m324 2 c2 -2 5 -60 6 -128 l2 -124 -125 -5 c-68 -3 -131 -2 -139
1 -12 6 -14 29 -11 126 1 65 7 123 11 128 8 10 246 12 256 2z m310 -12 c3 -11
3 -71 2 -134 l-3 -114 -130 0 -130 0 -2 114 c-4 169 -16 154 132 154 118 0
126 -1 131 -20z m304 8 c5 -4 10 -61 11 -127 2 -94 0 -120 -12 -125 -8 -3 -70
-4 -138 -1 l-125 5 3 125 c1 68 4 127 6 130 5 8 247 2 255 -7z m326 5 c5 -6 7
-248 2 -253 -3 -3 -63 -6 -134 -7 l-129 -1 -3 124 c-1 67 -1 128 1 133 4 10
254 13 263 4z m336 -114 c0 -63 1 -120 2 -126 1 -10 -34 -13 -144 -13 l-145 0
3 25 c1 14 3 70 5 125 l2 100 125 5 c69 3 131 3 138 1 8 -2 12 -36 14 -117z
m318 -5 c3 -68 4 -127 2 -131 -4 -11 -264 -10 -280 0 -9 7 -10 16 -1 41 7 20
10 64 6 112 -3 55 -1 81 7 88 10 8 207 20 251 15 6 0 12 -53 15 -125z m305 -9
l0 -132 -130 0 -130 -1 -1 119 c-1 65 0 126 2 134 3 12 25 15 131 14 l128 -1
0 -133z m320 128 c2 -2 5 -59 6 -128 l2 -125 -143 0 -144 0 3 120 c1 84 6 123
15 130 11 9 252 12 261 3z m311 -13 c3 -11 3 -71 2 -134 l-3 -114 -125 1 c-69
1 -128 1 -131 2 -4 0 -4 240 0 260 1 3 57 5 126 5 118 0 126 -1 131 -20z m311
11 c9 -9 9 -247 0 -253 -7 -4 -169 -6 -249 -4 -15 1 -17 16 -17 130 1 111 3
130 16 133 28 5 244 0 250 -6z m323 -118 c3 -68 2 -126 -1 -131 -3 -4 -64 -8
-135 -9 l-129 -2 -3 115 c-4 168 -16 154 135 152 l128 -1 5 -124z m955 -8 l0
-133 -127 -1 c-78 -1 -129 3 -131 9 -3 8 -1 212 2 250 1 6 50 10 128 9 l128
-1 0 -133z m315 123 c5 -4 10 -62 11 -127 2 -103 0 -120 -14 -125 -9 -3 -74
-4 -144 -1 -121 5 -128 6 -125 25 2 11 4 66 5 123 1 65 6 105 14 110 16 10
243 6 253 -5z m320 -114 c3 -68 2 -128 -2 -133 -7 -9 -241 -12 -255 -3 -9 6
-9 240 0 254 3 4 61 8 129 7 l123 -1 5 -124z m-1251 -193 c8 -9 11 -54 9 -132
l-3 -119 -135 3 c-74 2 -142 5 -150 8 -12 3 -15 24 -14 116 l1 113 126 5 c69
3 129 8 133 13 11 11 20 9 33 -7z m-6672 -124 l-2 -117 -145 0 -145 0 0 115 0
115 135 5 c74 3 140 3 147 2 8 -3 11 -37 10 -120z m1149 118 l115 0 -3 -117
-3 -118 -130 0 -130 0 -3 109 c-3 121 1 141 24 132 9 -3 67 -6 130 -6z m1590
0 l115 0 -3 -117 -3 -118 -130 0 -130 0 -3 109 c-3 121 1 141 24 132 9 -3 67
-6 130 -6z m739 -116 l0 -119 -130 0 -130 0 0 115 0 115 120 5 c66 3 125 5
130 5 6 -1 10 -49 10 -121z m1481 116 l115 0 -3 -117 -3 -118 -130 0 -130 0
-2 100 c-2 122 2 149 23 141 9 -3 67 -6 130 -6z m739 -116 l0 -119 -130 0
-130 0 0 115 0 115 120 5 c66 3 125 5 130 5 6 -1 10 -49 10 -121z m521 116
l115 0 -3 -117 -3 -118 -130 0 -130 0 -3 109 c-3 121 1 141 24 132 9 -3 67 -6
130 -6z m1067 0 c4 0 6 -53 5 -117 l-3 -118 -130 0 -130 0 -1 110 c-1 61 2
115 7 120 6 8 132 11 252 5z m629 -3 c10 -10 12 -42 10 -125 l-3 -113 -132 3
-131 3 0 115 0 115 119 5 c66 4 121 7 122 8 1 1 8 -4 15 -11z m-8550 -4 c2 -5
1 -57 -2 -118 l-5 -110 -135 0 -135 0 -5 108 c-3 59 -3 112 -2 117 4 12 279
14 284 3z m310 -3 c2 -5 1 -58 -2 -117 l-5 -108 -130 0 -130 0 -3 118 -3 117
135 0 c78 0 136 -4 138 -10z m643 -110 l0 -115 -137 -3 c-76 -1 -138 1 -138 5
-1 30 -2 220 -1 226 1 4 63 6 139 5 l137 -3 0 -115z m1259 2 c1 -134 14 -124
-158 -120 l-119 3 1 113 c0 61 1 114 1 117 1 3 63 4 138 3 l137 -3 0 -113z
m318 111 c2 -5 1 -57 -2 -118 l-5 -110 -130 0 -130 0 -3 118 -3 117 135 0 c74
0 136 -3 138 -7z m326 -110 l-3 -118 -125 -3 c-179 -4 -165 -14 -163 120 1 62
2 114 2 116 1 1 66 2 146 2 l146 0 -3 -117z m319 0 l-2 -118 -135 0 -135 0 -5
110 c-3 61 -4 113 -2 118 2 4 65 7 142 7 l138 0 -1 -117z m636 -3 l0 -115
-119 -3 c-172 -4 -159 -14 -157 120 1 62 2 114 2 116 1 1 62 1 137 0 l137 -3
0 -115z m619 8 c0 -60 -4 -112 -7 -118 -4 -6 -60 -10 -135 -10 l-129 0 -3 113
c-2 61 -2 115 0 120 2 4 65 6 139 5 l136 -3 -1 -107z m320 105 c2 -5 1 -57 -2
-118 l-5 -110 -130 0 -130 0 -3 118 -3 117 135 0 c74 0 136 -3 138 -7z m329
-108 c-1 -60 -5 -113 -7 -117 -7 -12 -262 -10 -269 2 -5 8 -10 191 -6 223 1 4
65 6 143 5 l142 -3 -3 -110z m321 108 c2 -5 2 -59 0 -120 l-3 -113 -124 0
c-68 0 -130 3 -139 6 -13 5 -15 18 -9 79 3 45 1 85 -6 106 -9 25 -8 34 1 41
16 10 276 11 280 1z m630 0 c2 -5 1 -57 -2 -118 l-5 -110 -135 0 -135 0 -5
110 c-3 61 -4 113 -2 118 2 4 66 7 142 7 76 0 140 -3 142 -7z m622 -113 l0
-115 -134 0 -135 0 -3 104 c-1 58 0 111 2 118 4 11 34 13 138 11 l132 -3 0
-115z m1598 113 c2 -5 1 -57 -2 -118 l-5 -110 -135 0 -135 0 -2 118 -1 117
138 0 c77 0 140 -3 142 -7z m-944 -265 c13 -13 18 -284 5 -291 -5 -2 -73 -2
-153 2 l-144 6 1 124 c1 73 6 128 12 134 7 7 47 10 99 9 54 -1 100 4 122 12
46 18 44 18 58 4z m-7316 -26 c5 -5 7 -65 6 -133 l-3 -124 -137 -3 -138 -3 0
129 c0 70 4 132 9 138 12 11 250 9 263 -4z m308 3 c6 -4 10 -64 10 -136 l0
-129 -135 0 -135 0 0 124 c0 68 2 130 5 138 4 10 33 12 126 11 66 -1 124 -5
129 -8z m331 8 c1 -5 3 -68 4 -141 l3 -133 -147 3 -146 3 0 130 0 130 130 5
c72 3 136 7 143 8 6 1 13 -1 13 -5z m315 -6 c5 -3 9 -63 9 -134 l0 -128 -137
-3 c-103 -2 -137 0 -140 10 -2 7 -2 69 0 138 l4 125 127 -1 c70 -1 132 -3 137
-7z m946 -2 c10 -13 10 -253 0 -259 -4 -2 -64 -6 -132 -7 l-125 -2 -3 119 c-4
173 -15 159 130 159 70 0 126 -4 130 -10z m310 -3 c6 -6 11 -64 11 -134 l2
-123 -138 -3 c-106 -2 -137 0 -138 10 -2 27 3 253 6 258 6 10 247 2 257 -8z
m326 -126 l3 -136 -136 0 -135 0 0 133 c0 74 2 136 4 138 2 2 62 3 133 2 l128
-1 3 -136z m330 1 l3 -137 -140 0 c-95 0 -142 4 -147 12 -10 16 -8 238 3 249
7 7 193 17 263 14 12 0 15 -24 18 -138z m309 129 c4 -4 9 -66 9 -137 l2 -129
-139 0 -139 0 0 130 c0 102 3 131 14 137 19 10 243 10 253 -1z m315 -1 c4 -5
8 -67 8 -137 l0 -127 -125 -3 c-69 -2 -130 -1 -135 0 -10 4 -14 239 -5 264 6
16 246 19 257 3z m324 2 c4 -4 8 -212 5 -255 -1 -10 -32 -12 -138 -10 l-137 3
1 123 c1 68 6 128 11 135 10 12 246 16 258 4z m306 -2 c12 -15 10 -263 -2
-267 -5 -1 -65 -1 -132 2 l-123 5 -2 115 c-4 169 -16 155 129 155 70 0 126 -4
130 -10z m307 0 c7 -4 11 -55 11 -136 l0 -129 -134 0 c-116 0 -135 2 -138 16
-2 9 -2 71 0 138 l3 121 124 -1 c68 -1 128 -5 134 -9z m329 -129 l3 -136 -136
0 -135 0 0 133 c0 74 2 136 4 138 2 2 62 3 133 3 l128 -2 3 -136z m330 0 l3
-136 -140 0 c-102 0 -140 3 -144 13 -2 6 -1 37 3 67 4 30 5 81 2 112 -3 34 0
63 6 70 7 10 46 13 139 11 l128 -1 3 -136z m324 19 c2 -66 1 -128 -1 -138 -3
-16 -16 -17 -139 -15 l-136 3 -1 125 c0 90 4 128 13 135 7 6 68 10 137 10
l124 0 3 -120z m300 110 c4 -5 8 -67 8 -137 l0 -127 -126 -3 c-76 -2 -129 1
-134 7 -6 8 -7 244 -1 265 2 10 246 5 253 -5z m317 1 c7 -5 11 -50 11 -137 l0
-130 -137 3 -138 3 -3 125 c-2 97 0 127 11 135 16 11 237 12 256 1z m313 -1
c12 -15 10 -263 -2 -267 -5 -1 -65 -1 -132 2 l-123 5 0 125 c-1 69 0 130 2
135 2 6 53 10 126 10 70 0 125 -4 129 -10z m315 2 c6 -4 9 -209 4 -260 -1 -4
-61 -6 -133 -5 l-133 3 -2 130 c-1 71 2 132 7 135 10 6 246 4 257 -3z m315 -2
c4 -5 8 -67 8 -137 l0 -127 -127 -3 c-71 -2 -131 -2 -135 0 -8 3 -11 265 -4
273 9 9 251 3 258 -6z m960 0 c4 -5 8 -68 8 -138 l0 -128 -132 3 -133 3 0 125
c-1 69 0 130 2 135 2 6 53 10 126 10 70 0 125 -4 129 -10z m316 1 c8 -5 12
-47 12 -137 l0 -130 -137 3 -138 3 -1 128 c-1 94 2 130 12 135 17 9 236 8 252
-2z m320 -130 l3 -137 -133 3 -132 3 0 126 c1 69 3 130 6 135 4 5 62 9 130 8
l123 -1 3 -137z m-8556 -187 c2 -2 1 -53 -2 -114 l-5 -110 -137 -3 c-76 -1
-138 1 -138 5 -6 180 -4 223 10 226 22 5 269 2 272 -4z m311 0 c1 -2 1 -55 -1
-116 l-3 -113 -135 0 -134 0 0 113 c0 63 2 116 5 119 6 5 265 2 268 -3z m325
-103 c1 -59 -2 -113 -7 -120 -6 -8 -50 -10 -148 -6 l-138 5 -1 96 c0 53 -4
101 -8 107 -13 21 24 27 161 27 l138 -1 3 -108z m319 101 c8 -5 9 -17 1 -44
-5 -20 -8 -68 -6 -107 l3 -71 -138 0 -139 0 0 110 c0 61 1 113 1 116 1 8 264
5 278 -4z m280 -274 c-2 -282 -2 -288 -22 -285 -11 2 -63 5 -115 6 l-95 2 0
135 0 134 75 0 c85 1 120 10 120 30 0 18 -26 24 -120 27 l-75 3 -3 104 c-1 58
0 111 2 118 4 10 34 13 121 13 l115 0 -3 -287z m348 278 c6 -6 9 -59 7 -120
l-3 -111 -87 0 c-91 0 -132 -7 -132 -21 0 -19 50 -33 125 -35 44 -1 84 -2 88
-3 4 0 6 -61 5 -133 l-3 -133 -65 3 c-36 1 -89 -1 -118 -6 -37 -6 -55 -6 -62
2 -5 7 -9 128 -9 289 l0 277 123 0 c67 0 126 -4 131 -9z m313 -105 c1 -60 -1
-113 -6 -118 -5 -5 -64 -10 -130 -11 -94 -2 -123 1 -127 11 -6 17 -7 217 0
223 2 3 62 5 132 5 l128 -1 3 -109z m320 100 c9 -5 9 -12 1 -28 -6 -12 -9 -56
-7 -107 l3 -86 -139 0 -138 0 -2 113 c0 63 0 115 2 116 6 7 269 -1 280 -8z
m312 5 c3 -1 4 -52 3 -113 l-1 -113 -136 -3 -135 -3 -3 113 c-2 62 0 115 4
118 5 4 238 5 268 1z m328 -113 l3 -118 -135 0 c-74 0 -141 2 -148 5 -11 4
-13 25 -10 95 3 62 1 95 -8 105 -20 24 14 30 162 30 l133 0 3 -117z m314 113
c3 0 6 -52 5 -113 l-2 -113 -137 -3 c-76 -1 -138 1 -138 5 0 4 -1 56 -3 116
-1 59 2 108 7 110 8 3 252 1 268 -2z m316 -113 l3 -118 -121 -1 c-66 -1 -126
-2 -132 -3 -10 -1 -14 28 -16 108 -1 61 -1 115 2 121 2 7 46 11 132 11 l129
-1 3 -117z m325 2 l0 -115 -138 0 -137 0 -2 113 c0 61 3 113 8 115 4 1 67 3
139 2 l131 0 -1 -115z m305 15 c4 -151 14 -140 -128 -138 -66 1 -125 5 -130 8
-10 6 -15 217 -5 226 2 3 62 5 132 5 l128 -1 3 -100z m312 96 c10 -2 5 -216
-5 -223 -13 -10 -265 -10 -265 0 -1 28 -2 218 -1 223 1 4 254 5 271 0z m320 0
c3 -1 4 -52 3 -113 l-1 -113 -136 -3 -136 -3 0 114 c0 63 2 116 5 118 4 4 247
4 265 0z m330 0 c3 -1 4 -52 3 -113 l-1 -113 -124 -3 c-175 -4 -164 -11 -159
98 2 59 -1 95 -9 104 -20 25 12 31 152 30 73 -1 135 -2 138 -3z m323 -111 l-1
-115 -132 -3 c-150 -3 -165 2 -148 49 10 30 6 113 -7 156 -9 27 -4 28 159 28
l129 0 0 -115z m305 -2 l3 -117 -127 -3 c-76 -2 -129 1 -134 7 -7 10 -12 214
-5 225 2 3 61 6 132 6 l128 -1 3 -117z m322 113 c3 0 4 -49 3 -108 -2 -60 -3
-111 -3 -115 0 -5 -63 -8 -140 -8 -77 0 -140 3 -140 8 0 4 -1 55 -3 114 -2 88
1 108 13 110 14 3 259 2 270 -1z m308 -110 c1 -63 -1 -117 -5 -120 -4 -3 -64
-4 -133 -1 l-125 5 -1 110 c-1 61 0 113 2 116 2 3 61 5 131 5 l128 -1 3 -114z
m312 110 c3 0 5 -52 4 -113 l-1 -113 -134 0 -134 0 -3 104 c-1 58 -1 110 2
116 3 8 43 11 133 10 70 -2 130 -3 133 -4z m315 -3 c6 -4 9 -50 7 -116 l-3
-111 -125 -3 c-68 -2 -129 -1 -134 0 -10 4 -15 224 -5 233 7 7 248 4 260 -3z
m355 -104 c0 -73 -4 -121 -12 -134 -10 -15 -10 -22 0 -32 8 -8 12 -54 12 -149
l0 -137 -147 4 c-80 2 -148 6 -151 9 -7 7 -6 245 1 252 4 3 56 7 117 7 89 1
112 4 127 18 9 10 13 21 9 25 -4 5 -65 10 -134 13 l-127 5 3 86 c3 51 -1 95
-7 107 -17 32 3 37 163 39 l146 2 0 -115z m305 -2 c1 -62 -3 -116 -7 -118 -5
-3 -42 -6 -82 -7 -82 -2 -98 -9 -74 -33 12 -12 35 -16 86 -16 46 1 71 -3 74
-11 2 -7 3 -68 3 -136 l0 -125 -88 -2 c-48 -1 -91 -4 -94 -8 -3 -3 -12 -1 -20
5 -16 14 -19 243 -3 285 8 19 8 30 0 38 -11 11 -14 228 -3 240 4 4 52 5 107 4
l101 -3 0 -113z m303 -4 c2 -76 -1 -118 -8 -118 -86 -3 -243 0 -248 5 -7 6
-12 214 -6 226 1 3 60 5 131 5 l128 -1 3 -117z m324 112 c2 -3 2 -56 0 -118
l-3 -113 -137 3 -137 3 -2 93 c-1 51 -4 99 -7 107 -3 8 2 18 10 23 16 9 270
11 276 2z m310 0 c2 -3 1 -56 -2 -119 l-5 -115 -125 3 c-69 1 -127 4 -129 7
-5 4 -8 224 -3 228 4 5 261 1 264 -4z m-6762 -288 l95 3 0 -134 0 -133 -130
-1 -130 -1 -3 128 c-3 144 3 161 46 145 15 -6 70 -9 122 -7z m1595 0 l90 3 0
-134 0 -133 -130 -1 -130 -1 -3 128 c-3 146 2 160 51 145 18 -6 73 -9 122 -7z
m722 -134 l-2 -131 -130 0 -130 0 0 134 0 134 95 -3 c52 -2 106 1 120 6 44 17
49 2 47 -140z m1493 134 l95 3 0 -134 0 -134 -130 0 -130 0 -1 129 c0 71 3
134 8 141 7 9 17 9 36 2 15 -6 70 -9 122 -7z m728 -135 l-3 -129 -130 -1 -130
-1 0 125 c-1 68 1 129 3 136 3 9 28 11 95 7 52 -4 103 -2 117 4 45 18 51 2 48
-141z m-6345 134 c4 -1 7 -59 7 -131 0 -109 -2 -130 -15 -131 -8 0 -64 0 -125
0 -60 0 -117 0 -125 0 -13 1 -15 22 -15 130 0 77 4 131 10 133 8 2 236 2 263
-1z m315 -130 c1 -72 -1 -131 -5 -131 -4 0 -64 -1 -133 -2 l-125 -1 -3 123
c-1 68 -1 129 1 134 3 7 51 11 133 10 l129 -2 3 -131z m327 -1 c0 -122 -2
-135 -17 -134 -10 0 -75 1 -146 2 l-128 2 0 130 0 129 121 4 c66 2 131 3 145
3 l25 -1 0 -135z m312 127 c4 -4 7 -63 8 -132 0 -95 -3 -125 -12 -126 -17 -1
-251 -1 -260 0 -6 1 -8 197 -3 261 0 8 259 4 267 -3z m1259 0 c8 -8 9 -245 1
-253 -7 -7 -256 -9 -263 -1 -7 7 -9 241 -1 253 6 10 253 11 263 1z m319 -127
l0 -132 -130 0 -130 -1 -3 123 c-1 68 -1 129 1 134 3 7 51 10 133 9 l129 -1 0
-132z m330 -1 c0 -121 -2 -134 -17 -133 -10 0 -75 1 -145 2 l-128 2 1 127 c1
106 4 128 17 132 9 3 74 6 144 5 l128 -1 0 -134z m311 132 c14 -1 15 -261 0
-262 -10 -1 -222 0 -253 1 -16 0 -19 256 -3 262 9 3 225 2 256 -1z m640 -4 c8
-8 9 -245 1 -254 -5 -4 -193 -7 -259 -4 -10 1 -13 32 -12 125 1 68 4 128 7
132 6 10 253 11 263 1z m620 0 c7 -6 6 -249 -1 -255 -6 -7 -254 -6 -260 0 -8
7 -9 243 -2 255 6 9 253 10 263 0z m320 0 c7 -6 7 -247 1 -254 -3 -2 -63 -5
-134 -5 l-128 -1 -3 123 c-1 68 -1 129 1 134 4 11 253 13 263 3z m331 0 c7 -7
6 -247 -1 -254 -6 -6 -276 -7 -281 -1 -2 2 0 33 5 69 6 39 6 87 0 120 -6 40
-5 56 4 64 14 10 262 12 273 2z m318 1 c7 -7 9 -258 3 -263 -2 -1 -66 1 -143
4 -118 5 -139 8 -135 21 3 8 5 64 5 123 1 68 5 111 12 115 15 9 249 9 258 0z
m623 3 c17 -1 17 -261 0 -262 -13 -1 -233 0 -255 1 -10 0 -13 33 -13 129 0
114 2 130 17 133 14 2 211 2 251 -1z m628 -4 c11 -11 10 -257 -1 -258 -11 -1
-232 -1 -252 0 -16 1 -19 257 -3 263 19 6 249 2 256 -5z m319 -126 l0 -133
-130 -1 -130 -1 -3 124 c-1 68 -1 129 1 134 3 7 52 11 133 10 l129 0 0 -133z
m960 0 l0 -134 -130 0 -130 0 0 124 c0 68 1 129 2 134 2 6 54 10 131 9 l127 0
0 -133z m318 130 c4 -1 7 -59 7 -131 0 -97 -3 -130 -12 -131 -13 -1 -234 0
-254 1 -12 0 -14 236 -2 255 5 8 211 12 261 6z m312 -131 l0 -133 -122 1 c-68
0 -127 1 -131 1 -6 1 -8 220 -3 261 1 3 58 5 129 4 l127 0 0 -134z m-7320
-301 l0 -134 -25 3 c-14 2 -65 4 -113 5 -104 2 -99 -6 -95 147 l3 105 98 1
c53 0 100 4 104 8 22 21 28 -9 28 -135z m295 123 l55 3 3 -122 3 -123 -82 0
c-45 0 -99 -5 -121 -12 -33 -10 -41 -9 -49 3 -12 20 -11 243 1 255 7 7 32 8
73 2 34 -5 87 -7 117 -6z m6020 4 l75 -1 1 -110 c2 -148 4 -145 -56 -138 -29
3 -69 0 -96 -7 -39 -11 -47 -11 -55 1 -5 8 -9 66 -9 130 0 122 7 144 44 133
11 -4 54 -7 96 -8z m-7562 -5 c10 -1 12 -28 10 -118 l-3 -118 -135 0 -135 0
-3 114 c-1 64 1 117 7 120 7 5 173 6 259 2z m317 -117 l0 -119 -125 -5 c-78
-3 -128 -1 -132 5 -8 10 -11 228 -4 236 2 2 62 3 133 3 l128 -2 0 -118z m332
5 c1 -63 -2 -120 -5 -125 -4 -5 -66 -7 -147 -4 l-140 5 -1 117 -1 117 121 4
c67 2 132 3 146 3 l25 -1 2 -116z m314 112 c8 -1 5 -228 -4 -237 -7 -7 -258
-6 -266 1 -2 3 -4 196 -1 235 0 4 240 4 271 1z m947 -102 c4 -156 15 -144
-130 -144 -70 0 -126 4 -130 10 -8 10 -11 228 -4 236 2 2 62 4 133 3 l128 -1
3 -104z m307 102 c11 -1 12 -212 1 -230 -11 -16 -266 -15 -267 2 -3 47 0 217
4 224 4 6 176 8 262 4z m325 -107 c3 -60 4 -114 2 -121 -3 -8 -43 -13 -130
-15 -70 -2 -130 -2 -134 0 -8 3 -11 235 -4 243 2 2 62 3 133 3 l128 -2 5 -108z
m328 5 c4 -157 16 -145 -140 -141 -73 2 -137 7 -142 12 -5 5 -9 58 -9 117 1
88 4 108 17 113 8 3 73 5 143 4 l128 0 3 -105z m313 102 c12 -2 8 -230 -3
-238 -16 -9 -251 -3 -262 7 -12 12 -10 222 2 229 8 5 230 6 263 2z m317 -111
c1 -62 -1 -117 -6 -122 -5 -5 -63 -10 -130 -11 -94 -1 -123 1 -127 11 -6 16
-7 227 -1 233 2 2 62 4 133 3 l128 -1 3 -113z m319 107 c7 -7 9 -225 1 -232
-9 -10 -250 -7 -260 3 -6 6 -11 59 -12 121 -1 89 2 111 13 113 30 6 251 1 258
-5z m311 -98 c4 -156 15 -144 -130 -144 -70 0 -126 4 -130 10 -8 10 -11 228
-4 236 2 2 62 4 133 3 l128 -1 3 -104z m307 100 c9 -10 8 -220 -2 -230 -12
-12 -249 -16 -260 -5 -6 6 -4 225 2 236 4 6 253 5 260 -1z m321 -2 c6 -6 8
-226 3 -231 -2 -2 -61 -6 -131 -7 -100 -3 -129 -1 -133 9 -6 16 -7 227 -1 233
6 6 256 2 262 -4z m330 0 c4 -4 8 -169 5 -224 -1 -17 -266 -19 -277 -2 -10 18
-7 221 4 228 12 7 260 6 268 -2z m319 1 c8 -8 10 -227 2 -235 -10 -9 -249 -3
-268 8 -15 8 -16 14 -7 40 6 19 8 63 5 110 -6 68 -4 78 11 81 32 6 251 3 257
-4z m313 -99 c4 -156 15 -144 -130 -144 -68 0 -126 4 -130 9 -6 10 -9 226 -3
236 2 3 61 5 132 4 l128 -1 3 -104z m316 100 c8 -8 10 -215 2 -227 -10 -17
-260 -17 -272 1 -5 6 -8 60 -6 119 3 89 6 107 19 110 24 4 252 2 257 -3z m314
-100 c4 -156 15 -144 -128 -142 -67 1 -125 5 -129 7 -6 4 -9 241 -2 241 0 0
58 0 128 -1 l128 0 3 -105z m307 102 c11 -1 13 -226 3 -237 -9 -8 -244 -8
-257 1 -14 8 -15 232 -1 237 9 3 226 2 255 -1z m323 -111 c1 -62 -1 -117 -6
-122 -5 -5 -63 -10 -130 -11 -94 -1 -123 1 -127 11 -6 16 -7 227 -1 233 2 2
62 4 133 3 l128 -1 3 -113z m352 -10 c0 -117 -2 -129 -19 -135 -10 -3 -30 -1
-45 5 -15 5 -71 10 -124 10 -53 0 -101 4 -107 8 -6 4 -10 56 -10 119 0 92 3
113 15 115 8 2 77 4 153 5 l137 1 0 -128z m608 19 c4 -156 15 -144 -133 -144
-69 0 -126 2 -126 5 -3 9 -6 235 -3 240 1 3 60 5 131 4 l128 -1 3 -104z m317
100 c9 -9 7 -221 -2 -230 -5 -5 -66 -8 -139 -7 l-129 3 -1 115 c-1 63 2 117 6
120 10 6 259 5 265 -1z m310 -119 l0 -123 -123 1 c-67 1 -126 3 -130 6 -6 3
-9 241 -3 241 0 0 58 0 128 -1 l128 -1 0 -123z m-7318 -454 l3 -289 -47 7
c-25 3 -79 6 -119 6 l-74 0 0 114 c0 63 2 121 5 129 5 11 22 13 78 10 74 -5
138 10 121 27 -5 5 -52 10 -104 12 l-95 3 0 130 0 130 100 6 c55 3 107 5 115
5 13 -1 15 -41 17 -290z m353 276 c3 -4 3 -63 0 -132 l-5 -125 -107 -5 c-58
-3 -109 -8 -113 -12 -13 -13 66 -29 135 -27 39 1 75 -2 79 -7 5 -5 10 -65 12
-134 l4 -125 -125 -6 c-69 -3 -128 -4 -132 -2 -7 4 -10 571 -4 582 5 8 250 1
256 -7z m5718 10 c9 -7 12 -42 10 -143 l-3 -134 -30 2 c-16 1 -81 3 -143 4
-69 1 -115 6 -119 12 -4 6 -6 53 -4 103 1 53 -2 101 -8 113 -17 31 0 35 144
42 72 3 132 6 135 7 3 1 11 -2 18 -6z m308 -6 c6 -3 10 -50 9 -132 l-1 -129
-79 -3 c-44 -2 -84 -7 -89 -12 -16 -16 46 -32 107 -27 39 4 57 1 58 -6 5 -85
5 -247 0 -247 -3 0 -51 -1 -106 -3 l-100 -2 1 135 c1 74 2 140 2 145 0 6 -2
70 -5 144 -2 80 0 136 5 140 10 6 177 3 198 -3z m-7622 -2 c10 -4 13 -14 10
-33 -3 -14 -6 -71 -7 -126 l-2 -100 -135 0 -135 0 -5 125 c-3 78 -1 128 5 132
12 9 247 11 269 2z m311 -2 c6 -4 8 -54 5 -132 l-5 -125 -130 0 -130 0 -3 119
c-1 66 0 126 2 133 4 10 36 13 128 13 68 0 128 -4 133 -8z m330 -127 l0 -130
-145 1 -145 0 3 75 c1 41 -2 96 -7 124 -7 36 -6 52 2 57 7 5 75 7 152 5 l140
-2 0 -130z m322 127 c10 -6 10 -17 2 -47 -7 -24 -9 -74 -6 -122 5 -72 4 -83
-11 -86 -9 -3 -73 -4 -140 -3 l-124 1 0 125 c0 69 1 128 1 133 1 9 263 9 278
-1z m938 -127 l0 -130 -130 0 -130 0 -3 119 c-1 66 0 126 2 133 4 11 34 13
133 11 l128 -3 0 -130z m316 125 c16 -9 17 -15 8 -31 -6 -12 -9 -60 -8 -115 2
-51 -1 -97 -5 -101 -9 -9 -266 -13 -266 -4 -1 25 -1 248 -1 254 1 11 250 8
272 -3z m314 2 c6 -4 8 -53 5 -132 l-5 -125 -130 0 -130 0 -5 125 c-3 69 -4
128 -2 133 4 9 254 9 267 -1z m330 -127 l0 -130 -130 -1 c-71 0 -137 1 -145 3
-13 2 -15 20 -12 108 3 71 0 110 -7 119 -23 27 18 36 159 33 l135 -2 0 -130z
m324 126 c8 -5 10 -14 5 -22 -4 -8 -8 -63 -8 -124 l-1 -110 -135 0 -135 0 -5
125 c-3 79 -1 128 5 132 14 11 257 10 274 -1z m306 1 c6 -4 8 -54 5 -132 l-5
-125 -130 0 -130 0 -3 119 c-1 66 0 126 2 133 4 10 36 13 128 13 68 0 128 -4
133 -8z m327 -122 c-1 -69 -1 -128 -2 -131 0 -5 -252 -5 -270 0 -3 0 -5 49 -5
108 0 60 -4 115 -8 125 -12 23 7 26 158 24 l129 -1 -2 -125z m303 -5 l0 -130
-130 0 -130 0 -2 120 c-2 66 -1 126 2 133 3 9 36 12 132 10 l128 -3 0 -130z
m310 127 c6 -4 8 -53 5 -132 l-5 -125 -132 -1 c-73 -1 -133 1 -133 5 -1 26 -1
248 -1 254 1 9 253 9 266 -1z m327 -120 c-1 -67 -3 -126 -6 -131 -3 -4 -63 -7
-133 -7 l-128 1 -5 125 c-3 78 -1 128 5 133 6 4 68 6 139 5 l129 -3 -1 -123z
m330 0 c-1 -67 -3 -126 -6 -130 -5 -8 -272 -10 -279 -2 -3 3 -1 28 3 55 9 55
2 163 -11 171 -15 9 -10 22 9 27 9 3 77 4 151 3 l134 -1 -1 -123z m320 -2 c-1
-69 -2 -128 -2 -131 0 -5 -246 -5 -271 0 -3 0 -4 44 -1 96 4 77 2 99 -12 120
-16 24 -16 26 6 35 13 5 81 8 152 7 l129 -2 -1 -125z m303 -5 l0 -130 -130 0
-130 0 -1 125 c-1 69 0 129 3 133 2 4 62 6 131 5 l127 -3 0 -130z m320 127 c6
-4 8 -54 5 -132 l-5 -125 -128 -1 c-70 0 -131 2 -136 5 -13 8 -18 250 -6 255
18 8 260 6 270 -2z m310 -127 l0 -130 -130 0 -130 0 -1 125 c0 69 1 129 3 133
3 4 62 6 131 5 l127 -3 0 -130z m320 2 c0 -105 -3 -128 -15 -131 -8 -2 -69 -3
-135 -2 l-120 1 -1 111 c-1 61 -5 117 -9 124 -15 24 21 30 150 28 l129 -3 1
-128z m310 125 c6 -4 8 -54 5 -132 l-5 -125 -130 0 -130 0 -3 119 c-1 66 0
126 2 133 4 10 36 13 128 13 68 0 128 -4 133 -8z m960 -127 l0 -130 -130 0
-130 0 -1 125 c0 69 1 129 3 133 3 4 62 6 131 5 l127 -3 0 -130z m320 127 c6
-4 8 -54 5 -132 l-5 -125 -120 -2 c-166 -2 -159 -6 -151 81 4 39 2 93 -3 121
-7 36 -6 52 2 57 15 10 259 10 272 0z m317 1 c2 -5 2 -65 0 -134 l-3 -127
-131 2 -131 1 -1 128 c-1 71 1 131 3 133 8 7 260 4 263 -3z m-1254 -295 c15
-19 19 -255 5 -269 -15 -15 -278 -13 -306 3 -13 7 -22 7 -30 -1 -16 -16 -274
-15 -279 2 -5 16 6 254 12 259 3 2 61 1 130 -2 l125 -5 5 -107 c3 -58 8 -110
12 -114 16 -16 39 69 37 135 -2 36 0 72 4 79 6 8 40 12 110 13 56 0 111 4 122
9 29 12 41 12 53 -2z m-7010 -13 c9 -3 12 -37 12 -125 l0 -120 -135 0 -135 0
0 114 c0 63 2 120 5 128 4 10 32 12 123 10 64 -2 123 -5 130 -7z m335 -2 c9
-30 6 -238 -3 -243 -4 -3 -71 -4 -148 -2 l-140 3 2 122 1 122 130 5 c72 3 135
7 142 8 6 1 14 -6 16 -15z m306 8 c10 -6 14 -40 16 -130 l2 -121 -138 0 c-76
0 -139 3 -141 8 -2 4 -2 60 0 124 l4 117 116 4 c65 1 119 4 122 5 3 1 11 -2
19 -7z m955 -7 c8 -20 10 -240 2 -252 -11 -17 -266 -17 -267 1 -2 36 3 241 7
251 3 7 45 11 129 11 84 0 126 -4 129 -11z m522 6 l114 0 0 -92 c0 -157 31
-159 40 -3 l5 90 135 5 c84 3 138 1 142 -5 4 -5 8 -53 8 -105 0 -97 9 -135 26
-109 5 8 11 59 14 114 l5 100 124 5 c76 3 129 1 137 -5 8 -7 13 -52 17 -132 3
-100 1 -123 -10 -127 -30 -12 -269 -6 -281 6 -9 9 -15 9 -24 0 -15 -15 -264
-17 -302 -2 -16 6 -27 6 -31 0 -9 -14 -268 -13 -282 1 -8 8 -17 8 -31 0 -12
-6 -76 -11 -151 -11 -147 0 -155 4 -140 69 5 20 9 73 9 119 l0 82 129 0 c93 0
132 -4 138 -12 4 -7 6 -41 4 -76 -2 -62 13 -132 29 -132 15 0 20 31 20 124 0
96 4 110 28 101 7 -3 65 -5 128 -5z m1064 -5 c6 -4 10 -45 10 -93 0 -90 7
-132 20 -132 14 0 23 43 29 135 l6 90 133 3 c102 2 132 0 132 -10 1 -7 2 -67
3 -133 l2 -120 -134 -3 c-101 -2 -139 1 -155 11 -18 12 -23 12 -34 1 -18 -19
-272 -20 -273 -1 -2 36 3 241 7 251 4 11 236 12 254 1z m636 -10 c3 -11 3 -72
2 -135 l-3 -115 -124 -3 c-74 -1 -128 1 -134 7 -10 10 -11 230 -1 255 3 7 46
11 130 11 117 0 125 -1 130 -20z m303 11 c7 -4 11 -40 11 -88 0 -45 6 -97 12
-116 20 -55 0 -63 -157 -60 l-130 3 4 130 c2 72 5 132 6 135 5 8 241 3 254 -4z
m224 4 l107 0 0 -92 c0 -100 10 -132 32 -110 8 8 15 49 18 105 l5 92 138 3
137 3 0 -90 c0 -49 3 -96 6 -105 19 -50 49 34 41 114 -5 41 -3 61 6 68 7 6 68
12 137 13 l125 1 7 -128 c3 -71 4 -132 2 -136 -7 -11 -258 -10 -288 2 -16 6
-27 6 -31 0 -9 -14 -271 -13 -297 1 -14 8 -23 8 -31 0 -14 -14 -259 -15 -273
-1 -7 7 -9 52 -7 118 5 143 8 156 36 148 12 -3 70 -6 130 -6z m1061 -10 c3 -8
6 -69 8 -135 l3 -120 -135 0 -135 0 -3 115 c-4 168 -16 155 133 155 103 0 126
-3 129 -15z m630 4 c4 -10 9 -215 7 -251 -1 -19 -254 -18 -269 0 -8 9 -8 33
-2 77 5 36 7 86 4 112 -4 28 -2 53 4 60 14 17 250 18 256 2z m317 -5 c5 -8 6
-35 3 -61 -4 -26 -1 -77 6 -114 11 -55 10 -68 -1 -75 -15 -10 -248 -12 -272
-3 -13 4 -14 25 -10 127 3 79 10 126 18 132 19 16 246 10 256 -6z m1271 6 c4
-5 8 -63 8 -127 l0 -118 -134 0 -134 0 3 118 c2 64 4 122 4 127 1 6 49 10 124
10 70 0 125 -4 129 -10z m636 -115 c1 -69 -1 -126 -7 -129 -5 -3 -65 -5 -133
-3 l-125 3 3 117 c1 64 3 120 3 124 1 6 209 16 246 12 6 0 11 -51 13 -124z
m-8560 -7 l3 -123 -141 0 -140 0 0 118 c0 65 3 122 7 126 4 3 66 5 137 4 l131
-3 3 -122z m6032 17 c3 -58 9 -111 14 -118 4 -7 2 -19 -4 -27 -10 -12 -40 -15
-136 -15 -136 0 -181 10 -169 38 5 9 10 60 12 112 2 52 6 101 8 108 4 10 36
12 137 10 l133 -3 5 -105z m2220 -15 l0 -125 -139 0 -139 0 0 118 c1 64 3 120
5 125 2 4 65 7 139 7 l134 0 0 -125z m-8252 -174 c10 -1 12 -10 6 -33 -4 -18
-6 -75 -6 -125 1 -51 -2 -94 -6 -94 -4 -1 -65 -2 -135 -4 -86 -1 -130 2 -132
9 -2 6 -5 64 -7 128 -3 96 0 118 11 120 13 3 233 2 269 -1z m316 -3 c1 -1 -1
-59 -4 -127 l-5 -125 -130 0 -130 -1 -3 119 c-1 66 -1 125 1 130 4 10 265 14
271 4z m322 -113 c1 -152 -1 -155 -63 -143 -26 5 -88 8 -138 6 l-89 -3 -1 110
c-1 61 -5 117 -9 127 -10 22 0 23 164 23 l135 -1 1 -119z m322 111 c7 -4 7
-17 1 -39 -5 -17 -9 -69 -8 -115 1 -45 -2 -86 -5 -90 -4 -4 -65 -8 -136 -8
l-128 -1 -4 126 c-2 69 -3 128 -2 131 3 8 269 4 282 -4z m282 -30 c0 -34 4
-45 19 -49 16 -4 18 -12 14 -78 -2 -41 -6 -79 -8 -85 -2 -7 -47 -11 -132 -10
l-128 1 -3 119 c-1 66 -1 125 2 131 2 7 46 11 120 12 l116 2 0 -43z m6383 -89
c-1 -70 -5 -131 -7 -136 -4 -5 -25 -5 -48 1 -24 5 -77 7 -119 4 -89 -6 -106 2
-111 54 -4 43 -23 37 -24 -7 0 -18 -3 -36 -7 -39 -12 -12 -278 -12 -282 0 -2
6 -6 31 -10 56 -12 94 -37 92 -45 -3 l-5 -62 -112 -1 c-62 0 -115 -3 -119 -7
-18 -18 -34 19 -34 79 0 62 -14 90 -31 63 -5 -8 -9 -37 -9 -65 0 -29 -5 -56
-12 -62 -8 -5 -67 -9 -138 -8 l-125 1 -7 65 c-4 36 -8 74 -10 85 -3 20 3 20
512 22 283 2 521 5 528 8 9 3 12 14 7 35 -4 16 -4 34 0 40 4 7 45 10 108 8
l102 -3 -2 -128z m302 -3 l0 -129 -127 -1 c-71 0 -128 2 -129 5 -2 20 -5 247
-3 251 1 3 60 5 131 4 l128 0 0 -130z m328 125 c2 -2 0 -60 -3 -129 l-5 -125
-125 -1 c-69 0 -131 4 -138 9 -9 7 -11 26 -7 66 4 31 2 82 -3 114 -7 44 -6 59
4 65 13 7 272 8 277 1z m307 2 c9 -2 -1 -246 -11 -257 -6 -8 -24 -9 -57 -3
-26 5 -79 6 -118 3 l-71 -7 -5 129 c-3 71 -4 131 -3 134 3 4 242 5 265 1z
m-6958 -106 c-2 -11 -6 -49 -10 -85 l-7 -65 -130 0 -130 0 -7 63 c-4 35 -13
70 -19 79 -23 27 11 33 161 30 139 -2 145 -3 142 -22z m1589 0 c-2 -11 -6 -49
-10 -85 l-6 -65 -135 0 -135 0 -7 64 c-12 109 -34 101 -40 -14 l-3 -50 -130 0
c-71 -1 -136 1 -142 3 -7 2 -13 19 -13 37 0 40 -18 91 -28 81 -4 -4 -9 -33
-12 -64 l-5 -57 -130 0 -130 0 -3 45 c-3 61 -10 90 -22 90 -10 0 -27 -55 -32
-105 l-3 -30 -132 -1 -133 -1 -1 41 c-2 58 -12 101 -24 99 -6 -2 -12 -33 -15
-70 l-5 -68 -105 0 c-58 -1 -115 -4 -127 -8 -18 -7 -23 -4 -27 15 -8 38 -14
157 -8 162 2 3 356 4 786 3 775 -2 781 -2 777 -22z m930 -60 c-1 -44 -7 -85
-12 -91 -6 -8 -24 -9 -57 -3 -26 5 -81 8 -122 7 l-75 -3 -5 68 c-3 37 -9 68
-15 70 -5 1 -14 -30 -19 -69 l-9 -71 -131 1 -131 1 -3 30 c-5 50 -22 105 -32
105 -12 0 -19 -29 -22 -90 l-3 -45 -110 -1 c-61 0 -116 -3 -122 -7 -6 -4 -15
-1 -21 6 -10 13 -23 163 -14 172 3 2 208 4 456 2 l451 -2 -4 -80z m1291 60
c-1 -11 -5 -50 -8 -86 l-7 -67 -126 2 c-69 1 -132 5 -138 9 -7 5 -13 27 -13
50 0 43 -14 77 -26 65 -3 -4 -9 -33 -13 -65 l-6 -58 -135 0 -135 0 -5 52 c-5
50 -22 84 -36 70 -4 -3 -9 -32 -13 -64 l-6 -58 -130 0 -130 0 -3 60 c-5 102
-40 101 -51 -2 l-6 -58 -132 -1 -133 -2 0 47 c0 25 -4 61 -10 80 -5 19 -7 38
-4 42 3 5 289 8 637 6 626 -2 632 -2 629 -22z m929 -60 c-3 -80 -14 -111 -34
-98 -6 4 -61 7 -121 7 l-111 1 -3 60 c-1 33 -5 66 -8 74 -10 29 -27 -8 -33
-71 l-6 -63 -120 -1 c-156 -2 -155 -2 -155 49 0 103 -32 116 -40 16 l-5 -64
-67 3 c-37 1 -92 -2 -123 -6 -38 -6 -58 -6 -64 2 -7 9 -17 138 -12 168 1 4
205 7 454 5 l452 -2 -4 -80z m-6033 -235 c3 -119 7 -139 24 -122 7 7 12 53 13
119 l1 108 139 5 c77 3 142 4 145 2 2 -2 6 -64 7 -137 l2 -135 -301 3 -301 2
2 125 c1 69 6 129 11 135 5 6 55 8 132 5 l123 -5 3 -105z m953 103 c4 -4 9
-64 10 -133 l2 -125 -136 -3 -137 -3 0 129 c0 70 4 132 9 138 12 11 240 9 252
-3z m629 2 c6 -4 10 -62 10 -136 l0 -129 -135 0 -135 0 0 124 c0 68 2 130 5
138 4 10 33 13 125 11 66 -1 125 -5 130 -8z m971 -135 l2 -125 -301 -2 c-166
-1 -303 1 -305 5 -1 4 0 63 3 132 l5 125 130 0 130 0 3 -110 c3 -103 11 -139
29 -121 5 4 10 58 13 119 l5 112 130 5 c80 3 135 1 142 -5 8 -7 13 -54 14
-135z m621 132 c4 -4 8 -63 9 -132 l2 -125 -136 -3 -137 -3 0 125 c0 68 2 130
5 138 4 10 33 12 128 10 67 -2 125 -7 129 -10z m630 4 c3 -5 7 -67 7 -138 l1
-128 -135 0 -135 0 1 128 c1 70 5 132 9 137 10 13 243 13 252 1z m638 -113 c3
-61 8 -115 13 -119 4 -4 15 -1 24 8 12 13 16 39 17 120 l1 103 138 3 137 3 0
-108 c0 -114 9 -148 32 -125 9 9 13 45 13 115 0 56 4 105 10 109 6 4 67 8 137
8 l126 0 4 -127 c2 -71 2 -131 1 -135 -2 -4 -211 -6 -465 -5 l-461 2 2 125 c1
69 6 129 11 135 5 6 55 8 132 5 l123 -5 5 -112z m951 110 c4 -4 9 -64 10 -133
l2 -125 -136 -3 -136 -3 3 138 c2 76 4 138 5 138 119 0 246 -6 252 -12z m633
1 c3 -9 6 -72 6 -140 l0 -124 -134 0 -134 0 3 133 3 132 118 5 c66 4 122 7
125 8 4 1 10 -5 13 -14z m628 -2 c3 -4 8 -63 9 -132 l4 -125 -138 -3 -137 -3
0 125 c0 68 2 130 5 138 4 10 33 12 128 10 67 -2 125 -7 129 -10z m663 -131
l3 -130 -302 0 c-165 0 -308 4 -315 9 -12 7 -13 13 -2 36 7 17 11 62 10 114
-1 48 1 93 5 99 10 15 260 15 288 0 17 -9 18 -13 7 -20 -10 -6 -14 -30 -14
-81 0 -89 8 -116 31 -97 12 10 15 32 13 101 -1 49 2 93 7 98 11 11 245 18 258
8 4 -3 10 -65 11 -137z m295 134 c6 -4 10 -59 10 -136 l0 -129 -134 0 -134 0
3 129 c1 71 5 133 8 137 6 10 231 9 247 -1z m640 -121 c3 -71 3 -133 0 -137
-4 -4 -65 -6 -136 -5 l-129 3 1 130 2 130 118 5 c66 3 124 5 129 5 6 -1 12
-56 15 -131z m-8567 119 c3 -5 7 -64 8 -133 l4 -125 -145 0 -145 0 4 125 c1
69 5 128 8 133 6 9 260 9 266 0z m959 -78 c-2 -44 1 -100 7 -125 7 -33 7 -46
-2 -52 -16 -10 -275 -10 -280 -1 -2 5 -1 65 1 136 l4 128 137 -3 136 -3 -3
-80z m631 78 c3 -5 7 -64 8 -133 l4 -125 -135 -3 c-147 -2 -169 3 -151 36 6
11 11 65 11 120 0 54 3 102 7 105 9 10 251 9 256 0z m623 -4 c4 -6 6 -51 5
-99 -1 -52 3 -97 10 -114 11 -23 10 -29 -2 -37 -17 -10 -276 -12 -282 -2 -2 5
-1 65 1 136 l4 127 128 0 c85 0 131 -4 136 -11z m971 -104 c1 -60 3 -119 5
-130 3 -19 -3 -20 -142 -20 l-145 0 4 125 c1 69 5 129 8 133 2 4 64 6 136 5
l132 -3 2 -110z m635 -12 c3 -71 3 -131 1 -135 -6 -11 -265 -10 -281 0 -10 7
-10 15 -2 37 6 16 10 68 9 116 -1 48 1 92 5 98 5 7 51 11 135 11 l129 0 4
-127z m618 12 c3 -60 9 -116 14 -124 5 -8 4 -16 -5 -22 -17 -11 -276 -12 -281
-2 -2 5 -2 66 0 136 l4 128 131 -3 132 -3 5 -110z m1593 108 c3 -5 7 -64 8
-133 l4 -125 -145 0 -145 0 4 125 c2 80 7 128 14 132 16 10 254 10 260 1z
m629 -88 c-2 -49 2 -106 7 -124 8 -26 8 -37 -2 -43 -6 -4 -72 -7 -146 -6
l-134 3 2 125 c1 68 5 128 8 132 2 5 64 7 136 6 l132 -3 -3 -90z m1591 88 c3
-5 7 -64 8 -133 l4 -125 -145 0 -145 0 3 25 c1 14 3 70 4 125 1 58 6 103 12
107 14 10 253 10 259 1z"/>
<path d="M7650 3820 c0 -46 3 -60 15 -60 8 0 17 11 21 25 9 36 -4 95 -21 95
-12 0 -15 -14 -15 -60z"/>
</g>
</svg>
