<?xml version="1.0" encoding="UTF-8" standalone="no"?>
<svg
   xmlns:dc="http://purl.org/dc/elements/1.1/"
   xmlns:cc="http://creativecommons.org/ns#"
   xmlns:rdf="http://www.w3.org/1999/02/22-rdf-syntax-ns#"
   xmlns:svg="http://www.w3.org/2000/svg"
   xmlns="http://www.w3.org/2000/svg"
   xmlns:sodipodi="http://sodipodi.sourceforge.net/DTD/sodipodi-0.dtd"
   xmlns:inkscape="http://www.inkscape.org/namespaces/inkscape"
   version="1.0"
   width="546.000000pt"
   height="525.000000pt"
   viewBox="0 0 546.000000 525.000000"
   preserveAspectRatio="xMidYMid meet"
   id="svg2"
   inkscape:version="0.48.4 r9939"
   sodipodi:docname="esperanca2.svg">
  <defs
     id="defs254" />
  <sodipodi:namedview
     pagecolor="#ffffff"
     bordercolor="#666666"
     borderopacity="1"
     objecttolerance="10"
     gridtolerance="10"
     guidetolerance="10"
     inkscape:pageopacity="0"
     inkscape:pageshadow="2"
     inkscape:window-width="1600"
     inkscape:window-height="824"
     id="namedview252"
     showgrid="false"
     inkscape:zoom="0.71923809"
     inkscape:cx="-63.916078"
     inkscape:cy="323.8537"
     inkscape:window-x="0"
     inkscape:window-y="24"
     inkscape:window-maximized="1"
     inkscape:current-layer="svg2" />
  <metadata
     id="metadata4">
Created by potrace 1.10, written by Peter Selinger 2001-2011
<rdf:RDF>
  <cc:Work
     rdf:about="">
    <dc:format>image/svg+xml</dc:format>
    <dc:type
       rdf:resource="http://purl.org/dc/dcmitype/StillImage" />
  </cc:Work>
</rdf:RDF>
</metadata>
  <rect
     style="fill:#ffffff;fill-opacity:1;stroke:none"
     id="rect3277"
     width="686.83795"
     height="665.98254"
     x="-1.3903601"
     y="-2.7807207"
     transform="scale(0.8,0.8)" />
  <g
     transform="translate(0.000000,525.000000) scale(0.100000,-0.100000)"
     fill="#000000"
     stroke="none"
     id="g6">
    <path
       d="M35 5137 c-14 -20 -15 -304 -15 -2508 1 -1976 4 -2490 14 -2504 11 -15 45 -18 342 -22 181 -2 1383 -5 2671 -5 1879 -1 2345 2 2358 12 13 11 15 282 15 2521 0 2483 0 2508 -20 2519 -13 7 -838 10 -2685 9 l-2665 -1 -15 -21z m939 -43 c28 -11 18 -23 -46 -55 -35 -17 -81 -46 -103 -63 -57 -46 -70 -49 -102 -22 -62 51 -96 57 -159 27 -42 -20 -134 -108 -134 -127 0 -6 -9 -23 -21 -38 -18 -23 -28 -26 -78 -26 -47 0 -61 -4 -77 -22 -60 -69 -78 -181 -45 -277 29 -84 27 -116 -9 -158 -16 -18 -30 -45 -30 -59 0 -63 74 -156 174 -218 80 -50 76 -43 90 -151 3 -22 12 -45 20 -50 7 -6 22 -28 32 -50 11 -22 26 -40 34 -40 27 -1 37 -14 32 -40 -8 -42 13 -55 85 -55 65 0 66 0 104 -44 50 -56 77 -63 144 -36 40 16 68 20 126 18 l74 -3 17 -36 c9 -20 33 -50 54 -69 35 -31 40 -32 93 -26 31 4 71 16 89 26 18 11 41 20 50 20 10 0 35 9 57 20 22 11 45 20 52 20 8 0 33 -20 57 -45 64 -65 110 -62 187 12 25 24 41 32 54 27 16 -7 17 -18 12 -126 -3 -67 -1 -120 4 -124 5 -3 18 -2 29 1 28 9 100 160 100 209 0 46 28 61 79 40 23 -10 50 -12 85 -8 52 7 85 31 132 97 l20 28 74 -35 c62 -29 87 -36 145 -37 82 -2 115 11 140 54 22 39 62 77 79 77 7 0 25 13 41 30 22 23 38 30 78 32 l50 3 18 65 c9 35 24 69 32 75 9 6 17 29 19 51 3 37 4 39 38 39 l35 0 3 -65 c3 -72 13 -90 37 -70 11 9 15 32 15 91 0 43 -3 80 -7 82 -5 3 -42 6 -83 8 l-75 4 -5 -57 c-5 -51 -10 -61 -44 -92 -31 -29 -37 -40 -32 -61 6 -22 3 -25 -23 -25 -16 0 -34 -7 -41 -15 -7 -8 -20 -15 -29 -15 -10 0 -32 -15 -50 -33 -29 -31 -36 -34 -80 -29 -36 3 -49 1 -54 -10 -6 -18 2 -33 23 -40 10 -4 3 -11 -22 -22 -41 -18 -79 -21 -93 -7 -6 4 -52 23 -104 40 -81 28 -98 30 -123 20 -15 -6 -28 -15 -28 -19 0 -15 -53 -72 -83 -91 -29 -17 -31 -17 -86 8 -31 14 -61 27 -67 29 -22 9 -44 -26 -44 -69 0 -31 -6 -48 -21 -61 -28 -23 -39 -8 -39 55 0 72 -36 91 -81 43 -34 -37 -94 -74 -120 -74 -13 0 -38 17 -59 39 -20 21 -46 42 -57 45 -12 4 -50 -6 -96 -24 -41 -16 -84 -30 -94 -30 -10 0 -37 -9 -61 -20 -42 -19 -42 -19 -77 1 -22 13 -42 37 -54 64 -27 60 -57 78 -118 69 -26 -3 -62 -12 -79 -19 -17 -7 -54 -16 -83 -20 l-52 -7 -44 47 c-40 44 -46 47 -77 41 -18 -4 -49 -8 -68 -9 -33 -2 -35 -1 -32 29 3 30 -21 64 -35 51 -10 -11 -32 13 -27 28 3 8 -4 20 -15 27 -18 11 -21 23 -21 78 0 96 -19 125 -118 181 -86 47 -142 100 -142 131 0 20 28 69 46 80 27 17 25 60 -7 151 -29 84 -30 95 -20 142 7 27 20 61 31 75 17 23 21 24 52 12 19 -6 41 -12 50 -12 15 0 78 71 78 88 0 19 71 100 105 121 46 27 59 26 99 -4 25 -19 45 -25 82 -25 58 1 75 10 134 72 25 27 53 48 64 48 10 0 45 16 77 36 71 43 110 41 134 -7 l16 -29 133 0 c140 0 211 13 248 47 28 26 153 31 197 8 18 -9 34 -22 37 -30 9 -23 121 -105 154 -111 20 -5 44 -1 68 11 153 73 194 88 271 93 58 3 65 2 93 -25 16 -15 41 -47 55 -70 l25 -43 174 0 c146 0 174 -2 174 -15 0 -8 14 -28 30 -45 35 -36 37 -52 11 -77 -30 -29 -35 -59 -12 -82 12 -12 27 -21 34 -21 7 0 30 -18 51 -40 21 -22 41 -40 45 -40 11 0 41 -57 41 -78 0 -11 -14 -31 -31 -44 -75 -57 -82 -68 -75 -129 5 -38 2 -70 -7 -97 -17 -50 -8 -68 41 -82 58 -16 94 -12 127 14 25 20 28 27 19 47 -14 32 -17 114 -5 137 6 11 36 29 68 40 80 30 82 32 89 88 9 84 44 180 74 209 24 23 34 26 62 21 18 -4 68 -10 110 -13 73 -5 80 -3 125 24 66 41 233 113 261 113 30 0 68 -25 113 -72 29 -32 42 -38 75 -38 22 0 44 4 50 9 5 5 77 32 161 60 l152 50 47 -17 c31 -11 68 -37 105 -74 54 -55 59 -58 106 -58 27 0 74 4 104 9 30 5 88 12 130 16 91 7 115 -6 105 -59 -21 -108 -25 -95 55 -177 133 -136 139 -154 80 -216 -46 -48 -62 -84 -48 -108 22 -37 109 -144 122 -149 7 -2 18 -27 25 -55 12 -50 11 -51 -20 -91 -17 -22 -35 -40 -40 -40 -4 0 -13 -14 -20 -31 -17 -40 0 -99 43 -154 27 -33 32 -50 35 -106 5 -78 -12 -105 -59 -95 -22 4 -33 -1 -53 -25 -14 -17 -26 -40 -26 -51 0 -24 -24 -59 -112 -164 l-68 -81 -197 -5 -198 -5 -50 -31 c-27 -17 -67 -34 -88 -37 -48 -9 -124 11 -158 41 -37 35 -91 32 -173 -11 -50 -26 -80 -35 -115 -35 -42 0 -52 4 -80 35 -35 39 -80 46 -130 21 -15 -8 -70 -18 -122 -21 -84 -7 -100 -5 -135 12 -26 14 -46 18 -59 12 -29 -11 -29 -11 -53 11 -18 17 -22 32 -22 79 0 44 -4 60 -16 65 -27 10 -59 7 -83 -10 -26 -18 -70 -13 -109 12 -24 16 -24 18 -18 109 8 100 5 105 -49 105 -27 0 -91 67 -101 107 -5 19 0 41 19 78 15 27 27 54 27 59 0 4 9 19 20 33 25 32 25 49 0 71 -11 9 -23 33 -26 52 -3 20 -14 47 -24 60 l-18 23 -16 -31 c-22 -42 -20 -85 4 -107 28 -25 25 -53 -10 -99 -17 -22 -30 -50 -30 -62 0 -13 -4 -26 -10 -29 -17 -10 -11 -74 10 -116 16 -31 34 -46 78 -67 45 -21 56 -31 54 -47 -2 -11 -6 -46 -9 -78 -5 -52 -3 -61 18 -84 46 -49 93 -65 175 -59 l74 5 0 -28 c0 -16 7 -34 15 -41 8 -7 15 -20 15 -29 0 -26 21 -41 59 -41 19 0 59 -12 89 -26 37 -18 63 -24 81 -19 14 3 50 10 79 15 30 5 62 16 71 24 33 30 77 20 126 -29 26 -25 57 -48 71 -51 38 -10 111 15 156 53 64 54 113 56 171 7 39 -32 91 -54 132 -54 32 0 137 49 197 91 23 17 46 19 197 19 143 0 173 2 177 15 4 8 17 15 30 15 17 0 27 8 34 25 5 14 21 30 35 37 27 12 95 94 95 114 0 24 33 84 49 88 9 2 28 7 43 10 16 4 35 21 50 43 19 32 23 51 23 118 0 71 -4 87 -33 139 -17 32 -32 69 -32 82 0 13 16 44 35 70 44 57 51 84 36 146 -12 54 -44 103 -103 159 -35 33 -37 40 -28 64 6 15 24 40 40 55 17 15 30 39 31 52 2 39 -3 82 -9 94 -19 32 -73 95 -121 141 l-55 51 18 39 c27 60 10 109 -49 146 -25 16 -62 31 -83 34 -35 5 -163 -17 -214 -36 -39 -15 -86 -2 -111 31 -40 55 -85 95 -112 100 -14 3 -65 5 -113 4 -70 -1 -97 -7 -137 -26 -27 -14 -68 -30 -90 -36 -22 -7 -54 -17 -71 -24 -44 -19 -80 -6 -126 44 -25 29 -51 46 -72 50 -41 8 -137 -16 -176 -44 -16 -11 -55 -32 -87 -46 -32 -14 -68 -35 -80 -46 -32 -30 -92 -28 -135 6 -46 34 -61 33 -124 -10 -81 -56 -108 -108 -129 -244 -8 -51 -19 -63 -66 -69 -37 -5 -45 -11 -67 -50 -21 -39 -24 -53 -20 -113 5 -65 4 -69 -18 -74 -36 -9 -43 2 -42 74 1 81 15 112 61 137 39 21 57 51 57 94 0 34 -68 122 -117 152 -39 25 -58 55 -45 72 16 21 21 73 11 110 -11 39 -54 77 -89 77 -11 0 -35 7 -52 16 -21 11 -44 14 -72 10 -168 -24 -181 -21 -251 60 -26 31 -58 59 -71 64 -27 11 -31 25 -10 33 8 3 65 2 128 -3 62 -5 727 -9 1476 -9 750 0 1366 -1 1368 -3 3 -4 6 -2640 5 -3855 -1 -372 -2 -393 -19 -393 -10 0 -27 7 -38 15 -11 9 -42 14 -77 15 -32 0 -71 7 -87 15 -23 12 -39 13 -81 5 -79 -15 -98 -39 -60 -74 15 -14 36 -17 93 -16 40 0 116 -3 168 -7 l95 -8 3 -294 c1 -162 -1 -298 -6 -303 -4 -4 -1074 -8 -2377 -8 l-2370 0 -6 37 c-8 52 -37 113 -52 113 -7 0 -21 -15 -31 -34 -19 -36 -57 -62 -75 -52 -6 4 -11 23 -11 42 0 41 -6 42 -41 8 l-27 -26 -23 31 c-37 50 -89 34 -89 -28 0 -25 -14 -34 -40 -26 -16 5 -20 15 -20 46 0 32 -4 39 -19 39 -29 0 -63 -62 -59 -107 2 -28 -1 -38 -12 -38 -13 0 -14 77 -14 593 1 326 3 594 5 596 2 2 40 6 84 10 62 5 86 3 100 -8 19 -13 18 -15 -13 -44 -40 -38 -53 -70 -62 -153 -5 -46 -14 -77 -33 -104 -30 -45 -33 -70 -13 -117 8 -18 22 -52 31 -75 10 -24 42 -66 72 -95 30 -29 72 -70 94 -90 22 -22 48 -38 62 -38 13 0 32 -7 43 -15 28 -21 59 -18 93 10 35 30 49 70 49 146 0 54 27 129 51 144 6 3 38 -6 73 -21 53 -22 71 -25 120 -20 32 4 75 17 95 29 48 29 151 130 162 160 10 26 48 37 127 37 33 0 46 -6 75 -36 l34 -35 5 -142 5 -142 40 -8 c70 -15 70 -16 66 -105 -3 -69 0 -88 22 -135 15 -33 39 -66 63 -83 35 -27 44 -29 126 -29 l89 0 47 52 c26 28 57 65 70 81 17 23 36 34 78 43 69 16 140 59 162 100 27 50 60 86 84 93 13 3 33 20 45 38 21 32 22 35 7 78 -9 25 -19 49 -23 55 -4 5 -13 28 -19 50 -8 27 -33 63 -76 107 -36 37 -72 80 -80 97 -9 16 -27 38 -40 49 -29 22 -24 32 15 32 29 0 59 23 59 44 0 27 -26 37 -70 27 -53 -12 -68 -25 -51 -45 17 -21 5 -36 -28 -36 -18 0 -38 -12 -61 -35 -34 -35 -63 -44 -76 -24 -3 6 -10 36 -14 67 -4 32 -9 64 -11 72 -3 11 4 15 26 15 23 0 31 -5 33 -22 2 -15 13 -25 28 -29 35 -9 57 2 49 25 -6 21 33 59 95 91 20 10 50 38 66 62 24 36 29 53 29 103 0 64 -19 105 -76 172 -15 18 -36 52 -47 75 -10 24 -35 57 -54 74 -55 48 -63 69 -36 89 114 79 149 111 187 169 23 35 46 76 51 92 5 16 16 49 25 72 10 29 15 73 14 133 -1 85 0 91 25 114 32 30 32 36 1 73 -14 17 -25 35 -25 41 0 6 27 53 61 105 42 66 68 96 85 100 14 4 29 4 33 2 5 -3 16 3 26 14 16 18 16 23 4 57 -11 29 -21 39 -40 41 -21 2 -29 11 -38 41 -17 58 -57 65 -80 14 -11 -23 -15 -25 -59 -18 -53 7 -156 50 -174 72 -7 8 -12 38 -13 66 0 46 -3 52 -22 55 -14 2 -26 -4 -33 -17 -14 -27 -23 -26 -51 4 -13 13 -32 25 -41 25 -9 0 -50 14 -91 30 -68 27 -86 30 -184 30 -85 0 -126 -6 -192 -25 -47 -14 -99 -25 -115 -25 -17 0 -44 -7 -61 -16 -16 -9 -53 -25 -82 -35 -29 -11 -63 -33 -77 -50 -17 -20 -34 -29 -55 -29 -21 0 -32 -6 -36 -21 -4 -11 -20 -25 -36 -31 -31 -10 -40 -43 -18 -65 6 -6 8 -20 5 -31 -9 -26 -104 -92 -134 -92 -27 0 -62 52 -62 93 0 22 -4 27 -24 27 -33 0 -37 -9 -40 -86 -3 -50 -8 -70 -25 -88 -11 -12 -21 -25 -21 -28 0 -3 16 -15 35 -27 19 -11 40 -33 45 -48 6 -16 18 -42 27 -60 17 -31 17 -32 -20 -72 -48 -53 -56 -99 -27 -146 19 -30 21 -41 11 -61 -23 -51 -5 -84 51 -98 19 -4 32 -17 42 -40 9 -23 25 -38 52 -49 22 -8 54 -27 73 -41 19 -14 42 -26 51 -26 19 0 40 -19 40 -36 0 -7 -21 -26 -47 -43 -74 -47 -113 -88 -113 -118 0 -14 -13 -47 -30 -73 -35 -55 -60 -122 -60 -162 0 -16 9 -49 20 -74 21 -45 21 -45 2 -97 -11 -28 -25 -53 -31 -55 -6 -2 -28 15 -48 38 -50 55 -65 62 -118 54 -49 -7 -101 -48 -129 -102 -9 -17 -24 -35 -34 -40 -21 -10 -116 -8 -155 3 -18 5 -44 3 -68 -5 -21 -7 -41 -11 -44 -8 -8 7 -6 3638 1 3650 5 7 47 9 123 5 95 -4 732 5 738 11 1 1 8 -1 17 -4z m504 -16 c3 -14 -4 -18 -31 -18 -19 0 -54 -7 -77 -15 -61 -22 -104 -19 -136 8 -15 13 -25 28 -22 33 4 5 64 9 134 9 115 0 129 -2 132 -17z m749 9 c16 -16 -9 -37 -45 -37 -21 0 -42 -4 -47 -9 -6 -4 -31 -14 -57 -21 -26 -7 -55 -21 -64 -31 -28 -31 -62 -23 -123 28 -31 26 -58 48 -60 50 -2 1 -1 8 1 15 4 10 49 13 197 12 105 -1 194 -4 198 -7z m-487 -1866 c14 -10 26 -26 28 -35 3 -14 -10 -16 -105 -16 -147 0 -242 30 -211 68 17 20 254 6 288 -17z m-461 -24 c13 -16 -1 -31 -69 -69 -68 -39 -126 -54 -144 -38 -12 9 -13 17 -5 31 5 10 15 19 21 19 6 0 38 13 72 29 95 45 108 48 125 28z m181 -59 c19 -12 53 -25 75 -29 22 -4 58 -12 79 -18 33 -8 49 -6 103 16 57 23 69 24 102 14 21 -6 49 -11 63 -11 15 0 39 -15 63 -40 45 -46 125 -80 187 -80 74 0 99 -51 58 -117 -29 -47 -60 -44 -114 12 -52 53 -76 56 -113 15 -29 -33 -72 -40 -93 -15 -10 12 -8 17 13 26 14 6 28 18 31 25 13 33 -39 104 -75 104 -25 0 -49 -28 -42 -48 3 -9 17 -32 31 -51 l25 -34 -24 -18 c-13 -10 -31 -16 -39 -13 -38 14 -117 24 -146 18 -22 -4 -40 -1 -56 10 -12 9 -32 16 -43 16 -23 0 -124 -37 -143 -52 -16 -14 -112 -35 -134 -31 -22 5 -39 51 -36 93 3 33 1 35 -28 38 -25 2 -36 -3 -53 -25 -63 -84 -62 -83 -100 -83 -39 -1 -63 -15 -74 -42 -10 -29 -35 -20 -56 20 -6 12 -18 22 -27 22 -23 0 -64 -31 -64 -49 0 -9 -9 -22 -20 -29 -24 -15 -26 -30 -3 -39 11 -4 24 3 39 22 15 19 28 26 39 21 22 -8 15 -38 -12 -52 -13 -6 -34 -23 -47 -37 -30 -32 -45 -34 -79 -7 -25 20 -57 95 -50 116 2 7 44 28 93 49 68 29 94 45 112 71 13 19 37 39 55 45 17 5 43 19 57 30 15 12 47 21 82 25 71 7 108 22 181 74 31 22 67 40 79 40 13 0 26 5 29 10 10 16 37 12 75 -12z m566 -283 c9 -23 -22 -63 -62 -80 -20 -8 -40 -15 -45 -15 -17 0 -9 39 11 50 11 6 23 22 26 35 5 20 13 25 35 25 17 0 32 -6 35 -15z m-815 -26 c17 -9 20 -19 17 -57 -3 -45 -2 -47 25 -50 38 -5 60 -48 33 -67 -12 -9 -26 -11 -49 -4 -18 5 -33 9 -34 9 -1 0 -7 -9 -13 -21 -9 -16 -8 -25 6 -40 14 -16 16 -26 8 -57 -7 -30 -13 -37 -34 -37 -23 0 -25 4 -30 55 -4 44 -13 65 -42 103 -20 26 -48 57 -63 69 -16 13 -25 28 -23 42 5 32 37 32 63 0 26 -33 55 -27 55 10 0 46 39 68 81 45z m519 -3 c14 0 37 4 52 8 24 7 29 4 40 -18 10 -24 9 -28 -13 -43 -13 -10 -37 -32 -53 -50 -37 -41 -49 -41 -64 0 -17 44 -57 87 -82 87 -20 0 -26 11 -13 23 4 4 29 4 57 0 28 -4 62 -7 76 -7z m-236 -2 c28 -11 18 -33 -24 -54 -30 -15 -47 -34 -66 -73 -58 -119 -66 -206 -23 -260 10 -14 19 -29 19 -35 0 -26 42 -60 81 -65 51 -7 58 -14 64 -61 7 -51 58 -116 92 -116 36 0 27 -34 -11 -38 -59 -7 -226 102 -226 148 0 55 -44 68 -79 24 -29 -37 -26 -53 13 -69 40 -17 46 -30 46 -96 0 -50 22 -109 40 -109 6 0 10 14 10 30 0 37 37 56 79 42 34 -11 42 -57 12 -67 -12 -3 -21 -10 -21 -15 0 -17 17 -19 39 -3 56 39 139 76 176 79 66 4 93 19 104 58 5 20 20 50 32 68 13 17 26 50 29 72 4 33 9 42 28 44 13 2 29 -1 36 -7 16 -13 26 -4 26 24 0 12 10 53 23 91 18 52 21 79 16 109 -11 58 -11 105 1 105 21 0 48 -36 65 -89 17 -51 23 -180 10 -201 -3 -6 -21 -10 -40 -10 -42 0 -51 -14 -30 -46 9 -14 15 -37 13 -52 -3 -24 -7 -27 -41 -27 -41 0 -63 -20 -45 -42 20 -25 -1 -58 -64 -100 -114 -75 -232 -117 -330 -117 -57 -1 -71 -5 -90 -24 l-23 -23 28 -20 c31 -24 33 -35 10 -61 -20 -22 -51 -23 -75 -1 -22 19 -23 42 -4 57 12 9 12 17 3 46 -10 29 -23 40 -73 65 -97 48 -234 143 -234 163 0 10 18 35 39 56 29 28 44 36 59 31 26 -8 62 26 62 58 0 13 18 40 45 66 47 46 52 66 23 84 -13 9 -28 5 -67 -16 l-50 -28 -7 25 c-7 28 1 46 20 46 19 0 53 40 75 90 11 25 32 56 46 69 30 28 31 31 4 65 -27 34 -21 58 16 70 17 5 44 15 60 21 17 7 37 15 45 18 8 3 16 6 17 6 1 1 8 -2 17 -5z m624 -69 c4 -29 -22 -65 -46 -65 -23 0 -52 30 -52 54 0 11 12 30 28 42 23 20 30 21 47 10 11 -7 21 -26 23 -41z m-509 0 c37 -42 61 -96 61 -136 0 -40 -17 -45 -50 -14 -35 33 -56 28 -90 -21 -17 -26 -26 -56 -31 -106 -3 -37 -9 -71 -12 -74 -10 -11 -56 30 -67 60 -5 16 -10 57 -10 91 0 64 0 64 72 167 57 82 79 88 127 33z m288 -22 c9 -16 24 -37 33 -48 24 -29 41 -97 34 -134 -6 -29 -24 -44 -24 -20 0 6 -9 24 -21 40 -15 22 -28 29 -54 29 -28 0 -36 -6 -54 -40 -25 -48 -27 -80 -6 -80 9 0 15 9 15 22 0 24 27 58 46 58 7 0 26 -14 43 -31 44 -43 44 -97 0 -123 -16 -10 -37 -15 -45 -12 -12 5 -11 11 7 35 23 31 20 61 -5 61 -8 0 -22 -10 -30 -22 -13 -19 -19 -20 -38 -10 -13 6 -32 11 -43 9 -17 -2 -20 5 -23 47 -6 95 77 239 140 245 4 1 15 -11 25 -26z m-880 -75 c40 -42 53 -69 53 -107 0 -30 29 -71 50 -71 17 0 11 -35 -10 -53 -40 -34 -15 -86 33 -68 14 5 28 15 32 20 10 17 35 13 35 -6 0 -19 -66 -83 -86 -83 -8 0 -29 -15 -47 -34 -68 -67 -103 -72 -170 -21 -95 72 -130 211 -85 335 19 51 32 70 63 92 55 38 93 36 132 -4z m1123 -39 c0 -18 -2 -19 -15 -9 -8 7 -15 16 -15 21 0 5 7 9 15 9 9 0 15 -9 15 -21z m-1377 -13 c6 -16 -26 -91 -43 -101 -15 -9 -40 14 -40 37 0 26 40 78 61 78 9 0 19 -6 22 -14z m845 -48 c-3 -25 -25 -33 -47 -19 -12 8 -12 12 -2 25 21 25 53 21 49 -6z m-17 -88 c44 0 49 -10 19 -40 -40 -40 -90 -18 -90 39 0 47 12 61 23 27 7 -22 15 -26 48 -26z m-851 -50 c0 -15 -3 -35 -6 -44 -10 -25 -43 -19 -56 10 -11 24 -9 29 16 50 32 28 46 24 46 -16z m1046 -41 c19 -11 34 -28 34 -37 0 -26 -63 -152 -76 -152 -7 0 -15 7 -18 16 -6 16 -8 16 -24 0 -26 -23 -31 -21 -48 19 -13 31 -17 34 -44 28 -29 -5 -30 -4 -30 28 0 27 9 43 45 77 37 36 50 42 86 42 25 0 55 -8 75 -21z m-680 -315 c16 -14 39 -30 52 -35 39 -15 35 -34 -18 -89 l-50 -52 -30 26 c-30 25 -92 40 -140 34 -43 -5 -35 26 17 65 27 19 57 45 67 56 26 28 67 26 102 -5z m734 -156 c85 -87 58 -114 -60 -59 -62 30 -85 30 -106 2 -13 -17 -42 -9 -50 14 -12 30 22 62 83 77 32 9 63 16 70 17 7 0 35 -22 63 -51z m-600 22 c0 -5 16 -16 35 -24 29 -12 35 -20 35 -45 0 -16 -4 -33 -10 -36 -14 -9 -31 -80 -24 -99 3 -9 12 -16 20 -16 9 0 14 17 16 53 3 48 5 52 31 55 26 3 27 2 27 -50 0 -33 -6 -62 -16 -77 -12 -16 -17 -43 -16 -84 1 -63 -7 -87 -41 -124 -29 -32 -72 -30 -112 6 -32 28 -37 29 -138 29 -92 1 -112 4 -154 26 -75 37 -131 132 -116 195 9 41 40 97 74 136 32 36 62 43 117 29 27 -8 29 -30 3 -39 -11 -3 -25 -12 -31 -21 -17 -19 13 -54 47 -54 30 0 101 -41 131 -75 29 -33 72 -34 72 -2 0 13 -7 32 -15 43 -20 27 -18 42 6 49 19 6 20 12 14 51 -8 55 1 84 26 84 10 0 19 -4 19 -10z m335 -95 c0 -60 0 -60 -30 -60 -27 0 -30 3 -33 36 -4 53 13 91 41 87 20 -3 22 -8 22 -63z m-525 25 c0 -5 -6 -10 -14 -10 -8 0 -18 5 -21 10 -3 6 3 10 14 10 12 0 21 -4 21 -10z m648 -67 c3 -17 -3 -23 -28 -28 -39 -9 -44 -4 -29 29 15 33 52 32 57 -1z m78 -18 c5 -17 -22 -45 -47 -47 -30 -4 -38 28 -12 48 20 15 55 15 59 -1z m169 -15 c45 -49 78 -122 77 -168 0 -36 -6 -49 -39 -81 -44 -45 -103 -76 -158 -86 -22 -4 -48 -12 -58 -17 -12 -6 -23 -5 -33 3 -9 7 -29 9 -53 5 -30 -4 -45 -1 -72 17 -42 28 -47 51 -20 88 25 33 27 57 6 65 -20 8 -43 -12 -47 -39 -2 -14 -11 -23 -25 -25 -27 -4 -47 37 -38 78 4 19 -2 37 -25 68 -35 49 -38 77 -9 92 22 12 49 -1 49 -25 0 -6 9 -20 19 -29 18 -17 22 -17 51 -2 30 15 34 14 78 -8 32 -16 55 -37 70 -65 27 -48 46 -52 67 -12 14 28 60 71 75 71 4 0 11 -8 14 -17 7 -17 -58 -93 -79 -93 -17 0 -65 -78 -65 -106 0 -13 6 -24 13 -24 6 0 54 40 105 90 102 99 107 112 66 172 -39 55 -12 96 31 48z m-111 -6 c28 -11 18 -41 -20 -64 -44 -25 -68 -20 -59 12 15 47 43 66 79 52z m-398 -138 c8 -32 2 -58 -14 -64 -15 -5 -30 34 -24 65 6 30 30 30 38 -1z m-618 -111 c12 -14 30 -25 41 -25 36 0 44 -24 27 -83 -19 -65 -43 -84 -120 -93 -31 -4 -56 -10 -56 -15 0 -14 53 -49 75 -49 23 0 87 42 116 76 9 10 20 38 24 62 6 38 33 72 57 72 21 0 36 -32 31 -70 -7 -49 12 -55 21 -6 9 48 39 72 71 58 42 -19 34 -79 -25 -169 -22 -34 -47 -29 -64 12 -13 29 -20 35 -46 35 -31 0 -33 -3 -44 -53 -4 -18 -16 -31 -34 -38 -15 -6 -34 -16 -42 -23 -8 -7 -37 -16 -65 -20 -40 -5 -59 -2 -95 15 -25 12 -52 25 -60 29 -28 13 -23 43 11 71 29 23 31 29 20 43 -12 14 -11 20 9 41 30 32 47 32 62 0 20 -44 33 -22 33 56 0 102 13 120 53 74z m-218 -10 c17 -9 30 -23 30 -33 0 -10 -21 -60 -46 -112 -46 -94 -46 -95 -42 -181 3 -75 8 -93 31 -126 35 -51 34 -66 -9 -119 -31 -37 -36 -50 -34 -86 6 -92 2 -122 -16 -135 -10 -7 -22 -13 -26 -13 -17 0 -21 33 -8 67 11 32 10 37 -8 55 -26 26 -42 16 -42 -27 0 -39 -28 -63 -48 -43 -17 17 -15 26 15 54 23 21 25 28 17 52 -7 19 -16 26 -31 25 -15 -2 -23 5 -27 22 -9 36 -44 33 -57 -5 -7 -19 -18 -30 -29 -30 -39 0 -34 46 6 56 25 6 50 63 40 89 -10 27 -43 16 -65 -21 -25 -42 -45 -40 -49 3 -2 24 4 38 29 61 28 26 32 37 35 88 3 81 25 125 84 176 28 24 64 66 80 94 33 59 84 104 118 104 13 0 36 -7 52 -15z m854 -11 c10 -9 16 -33 16 -60 0 -48 3 -50 39 -30 22 12 28 10 68 -20 25 -19 53 -34 63 -34 21 0 90 -73 90 -95 0 -8 9 -32 20 -52 11 -21 20 -48 20 -61 0 -26 -24 -39 -44 -23 -10 9 -17 6 -29 -12 -8 -13 -30 -30 -49 -37 -18 -7 -42 -21 -53 -31 -11 -9 -33 -19 -50 -21 -25 -3 -35 -13 -68 -73 -21 -38 -40 -80 -43 -92 -7 -25 -23 -31 -26 -10 -1 6 -2 60 -2 119 -1 102 -2 108 -28 135 -30 31 -37 68 -15 76 33 12 65 -5 86 -48 11 -23 21 -47 21 -53 0 -6 8 -16 19 -21 33 -18 33 32 0 85 -33 51 -34 57 -14 74 21 17 64 4 74 -23 38 -96 42 -101 58 -84 15 15 14 22 -12 84 -33 82 -76 128 -105 113 -10 -5 -21 -18 -25 -28 -6 -21 -45 -42 -75 -42 -25 0 -25 15 0 47 24 30 25 43 6 43 -24 0 -27 16 -11 54 8 19 15 55 15 80 0 40 7 52 32 55 4 1 14 -6 22 -15z m-104 -69 c15 -17 8 -40 -37 -130 -53 -106 -75 -123 -122 -93 -15 9 -25 7 -55 -11 -20 -13 -36 -27 -36 -32 0 -6 -15 -16 -33 -24 -18 -7 -39 -25 -47 -39 -18 -35 -112 -105 -150 -112 -16 -4 -55 -3 -87 1 -51 6 -62 12 -101 53 -62 67 -75 88 -67 112 8 24 36 26 95 5 49 -17 117 -19 155 -5 14 5 40 26 58 45 41 45 90 53 95 16 4 -27 -30 -62 -116 -118 -37 -24 -69 -37 -91 -38 -19 0 -36 -5 -38 -12 -6 -17 30 -25 61 -13 15 5 38 10 51 10 22 0 77 48 137 119 10 12 29 21 43 21 18 0 26 7 31 27 4 15 15 41 25 58 9 16 20 48 23 70 12 67 16 75 42 75 43 0 50 -38 20 -98 -14 -28 -26 -58 -26 -67 0 -48 59 27 67 85 4 27 17 51 40 75 38 39 45 41 63 20z m634 -237 c34 -48 13 -113 -44 -141 -49 -24 -31 -87 25 -87 11 0 28 -8 36 -18 9 -11 25 -25 36 -33 56 -41 70 -114 29 -160 -50 -57 -106 -89 -157 -89 -41 0 -50 -4 -71 -31 -13 -17 -44 -53 -69 -81 -40 -44 -52 -51 -99 -59 -63 -10 -86 0 -119 55 -16 26 -23 57 -27 123 -3 48 -12 108 -20 132 -22 68 -18 85 24 115 37 26 37 26 51 6 20 -30 36 -25 70 21 33 45 77 79 134 103 28 11 42 26 56 58 42 98 109 138 145 86z m96 -141 c0 -29 -18 -47 -47 -47 -26 0 -30 19 -11 50 18 29 58 27 58 -3z m45 -38 c4 -5 4 -21 1 -35 -5 -17 -13 -24 -31 -24 -27 0 -32 18 -15 51 12 21 35 25 45 8z m40 -94 c0 -5 -10 -11 -22 -13 -16 -2 -23 2 -23 13 0 11 7 15 23 13 12 -2 22 -7 22 -13z m-1810 -55 c10 -16 -14 -50 -30 -44 -18 7 -19 26 -3 42 15 15 25 15 33 2z m-75 -662 c0 -11 -47 -21 -60 -13 -8 5 -6 13 5 25 14 16 21 17 36 7 10 -6 19 -15 19 -19z m79 13 c14 -9 9 -41 -7 -41 -4 0 -17 7 -28 15 -16 13 -17 16 -4 25 18 12 21 12 39 1z m137 -12 c3 -6 2 -15 -4 -21 -12 -12 -55 8 -47 23 8 12 42 12 51 -2z"
       id="path8" />
    <path
       d="M1008 4848 c-47 -50 -51 -94 -12 -133 22 -22 33 -26 77 -23 49 3 52 5 55 31 2 16 10 31 18 34 24 9 18 78 -10 107 -36 40 -81 34 -128 -16z m122 -42 c0 -41 -43 -76 -83 -69 -23 5 -27 11 -27 38 0 36 23 61 60 67 39 6 50 -2 50 -36z"
       id="path10" />
    <path
       d="M1197 4883 c-4 -3 -7 -46 -7 -94 0 -85 1 -89 24 -95 35 -8 60 -1 64 18 2 12 -5 17 -25 20 -30 3 -35 21 -7 26 10 3 30 -11 49 -33 25 -27 35 -33 41 -23 12 18 5 51 -12 61 -8 4 -14 23 -14 42 0 45 -37 85 -77 85 -16 0 -33 -3 -36 -7z m78 -63 c0 -18 -6 -26 -23 -28 -24 -4 -38 18 -28 44 3 9 15 14 28 12 17 -2 23 -10 23 -28z"
       id="path12" />
    <path
       d="M1381 4855 c-13 -19 -27 -35 -32 -35 -5 0 -9 -13 -9 -29 0 -28 3 -30 43 -33 38 -3 42 -5 42 -30 1 -33 9 -42 30 -35 24 10 20 83 -5 97 -16 9 -20 19 -18 53 4 54 -19 60 -51 12z m10 -48 c-1 -12 -15 -9 -19 4 -3 6 1 10 8 8 6 -3 11 -8 11 -12z"
       id="path14" />
    <path
       d="M1698 4848 c-47 -50 -51 -94 -12 -133 22 -22 33 -26 77 -23 49 3 52 5 55 31 2 16 10 31 18 34 24 9 18 78 -10 107 -36 40 -81 34 -128 -16z m120 -39 c2 -28 -2 -38 -26 -56 -19 -14 -37 -19 -55 -16 -23 5 -27 11 -27 38 0 36 22 61 60 68 39 7 45 3 48 -34z"
       id="path16" />
    <path
       d="M1913 4883 l-33 -4 0 -89 c0 -86 1 -90 24 -96 35 -8 60 -1 64 18 2 11 -5 18 -23 20 -29 3 -35 21 -9 26 10 3 30 -11 49 -33 25 -27 35 -33 41 -23 12 18 5 51 -12 61 -8 4 -14 23 -14 43 0 25 -8 42 -26 59 -15 14 -27 24 -28 23 -1 0 -16 -3 -33 -5z m52 -63 c0 -18 -6 -26 -23 -28 -24 -4 -38 18 -28 44 3 9 15 14 28 12 17 -2 23 -10 23 -28z"
       id="path18" />
    <path
       d="M2067 4848 c-20 -22 -37 -51 -37 -64 0 -20 6 -23 43 -26 38 -3 42 -5 42 -30 1 -33 9 -42 30 -35 23 10 19 72 -6 96 -16 15 -20 27 -16 50 11 51 -14 56 -56 9z m21 -47 c3 -8 -1 -12 -9 -9 -7 2 -15 10 -17 17 -3 8 1 12 9 9 7 -2 15 -10 17 -17z"
       id="path20" />
    <path
       d="M2204 4877 c-3 -8 -4 -36 -2 -63 3 -42 6 -49 26 -52 22 -3 23 -1 20 60 -2 50 -6 63 -21 66 -9 2 -20 -3 -23 -11z"
       id="path22" />
    <path
       d="M1514 4726 c-11 -28 0 -61 21 -61 16 0 20 7 20 35 0 25 -5 36 -18 38 -9 2 -20 -3 -23 -12z"
       id="path24" />
    <path
       d="M2211 4731 c-19 -12 -6 -43 16 -39 10 2 18 12 18 22 0 22 -14 29 -34 17z"
       id="path26" />
    <path
       d="M4394 4665 c-4 -10 -1 -21 7 -26 20 -12 34 -5 34 17 0 24 -33 31 -41 9z"
       id="path28" />
    <path
       d="M3418 4609 c-14 -8 -17 -24 -16 -90 1 -45 6 -83 12 -86 6 -4 58 -8 116 -9 99 -1 106 0 128 23 15 16 22 36 22 63 0 39 0 39 -42 42 -57 4 -55 22 2 28 25 3 44 8 43 13 -2 4 -3 12 -3 17 0 6 -16 10 -37 10 -28 0 -42 -7 -64 -31 -38 -42 -29 -67 25 -71 36 -3 41 -6 41 -28 0 -21 -5 -26 -34 -28 -27 -3 -39 2 -61 27 -20 21 -39 31 -66 33 -34 3 -39 6 -39 28 0 22 4 25 38 26 43 1 52 7 44 29 -7 17 -81 21 -109 4z m107 -134 c0 -12 -50 -19 -71 -11 -9 3 -12 11 -9 16 8 14 80 9 80 -5z"
       id="path30" />
    <path
       d="M3757 4590 c-40 -42 -30 -68 26 -72 37 -3 42 -6 42 -28 0 -22 -5 -25 -38 -28 -26 -2 -39 1 -43 12 -3 9 -13 16 -21 16 -10 0 -13 -9 -11 -32 3 -32 5 -33 51 -36 42 -3 52 1 73 23 17 18 24 38 24 65 0 39 0 39 -42 42 -57 4 -55 22 2 28 60 7 63 34 5 38 -34 2 -45 -2 -68 -28z"
       id="path32" />
    <path
       d="M3961 4585 c-13 -19 -27 -35 -32 -35 -5 0 -9 -10 -9 -23 0 -12 -9 -31 -21 -40 -26 -23 -22 -62 6 -62 15 0 21 8 23 33 3 32 5 33 40 30 34 -3 37 -6 37 -33 0 -23 4 -30 20 -30 16 0 21 8 23 42 3 34 -1 44 -18 53 -16 9 -20 19 -18 53 4 54 -19 60 -51 12z m10 -48 c-1 -12 -15 -9 -19 4 -3 6 1 10 8 8 6 -3 11 -8 11 -12z"
       id="path34" />
    <path
       d="M4250 4612 c0 -5 -16 -25 -35 -45 -20 -21 -33 -42 -29 -51 3 -9 -2 -17 -16 -21 -29 -9 -25 -70 5 -70 15 0 21 8 23 33 3 32 5 33 40 30 33 -3 37 -6 37 -30 1 -31 9 -43 24 -33 18 11 14 92 -5 99 -12 5 -15 15 -12 39 3 17 3 38 1 45 -5 13 -33 17 -33 4z m-9 -75 c-1 -12 -15 -9 -19 4 -3 6 1 10 8 8 6 -3 11 -8 11 -12z"
       id="path36" />
    <path
       d="M4336 4605 c-3 -9 3 -20 14 -27 26 -17 29 -102 3 -116 -30 -17 -8 -42 37 -42 46 0 64 23 35 44 -24 17 -25 94 -2 111 35 25 13 45 -48 45 -20 0 -35 -6 -39 -15z"
       id="path38" />
    <path
       d="M561 4576 c-8 -9 -11 -45 -9 -98 3 -75 5 -83 23 -83 14 0 21 8 25 30 3 18 11 30 20 30 19 0 70 48 70 66 0 8 -12 26 -25 42 -27 30 -84 38 -104 13z m79 -41 c17 -20 5 -45 -20 -45 -23 0 -35 22 -26 45 7 19 30 19 46 0z"
       id="path40" />
    <path
       d="M744 4578 c-11 -18 -12 -178 -2 -184 15 -9 36 15 31 35 -9 34 15 32 45 -5 37 -45 66 -43 70 4 3 32 4 33 45 30 38 -3 42 -6 43 -31 1 -32 8 -42 23 -32 17 10 13 81 -5 96 -11 9 -14 23 -11 44 3 18 1 38 -4 46 -13 20 -89 -63 -89 -96 0 -20 -5 -25 -24 -25 -31 0 -44 20 -22 32 40 23 -7 98 -62 98 -17 0 -34 -6 -38 -12z m84 -60 c3 -24 0 -28 -23 -28 -27 0 -41 20 -31 46 10 27 51 13 54 -18z m120 -17 c3 -8 -1 -12 -9 -9 -7 2 -15 10 -17 17 -3 8 1 12 9 9 7 -2 15 -10 17 -17z"
       id="path42" />
    <path
       d="M1044 4578 c-8 -13 -6 -167 3 -181 3 -4 11 -3 18 3 9 7 11 24 8 50 -3 24 -2 40 5 40 5 0 29 -22 53 -50 44 -50 69 -61 85 -37 14 19 10 165 -4 179 -20 20 -33 -10 -26 -59 10 -72 -4 -72 -71 1 -46 50 -65 64 -71 54z"
       id="path44" />
    <path
       d="M1253 4573 c-7 -18 4 -28 30 -28 21 0 22 -5 22 -75 0 -68 2 -75 20 -75 18 0 20 7 20 75 l0 75 36 -3 c37 -3 67 18 54 37 -10 17 -175 11 -182 -6z"
       id="path46" />
    <path
       d="M1492 4545 c-25 -26 -39 -50 -36 -59 3 -9 -3 -19 -16 -26 -28 -15 -25 -65 5 -65 15 0 21 8 23 33 3 32 5 33 40 30 33 -3 37 -6 37 -30 1 -31 9 -43 24 -33 17 10 13 81 -5 96 -11 9 -14 23 -11 45 9 56 -14 59 -61 9z m19 -38 c-1 -12 -15 -9 -19 4 -3 6 1 10 8 8 6 -3 11 -8 11 -12z"
       id="path48" />
    <path
       d="M1609 4578 c-3 -33 3 -174 8 -181 3 -4 11 -3 18 3 9 7 11 24 8 50 -3 24 -2 40 4 40 6 0 31 -23 56 -51 36 -40 50 -49 66 -44 19 6 21 14 21 94 0 91 -5 108 -26 90 -9 -7 -11 -27 -7 -65 4 -33 2 -54 -4 -54 -6 0 -37 29 -69 65 -60 66 -73 75 -75 53z"
       id="path50" />
    <path
       d="M1827 4583 c-4 -3 -7 -46 -7 -94 0 -96 2 -99 67 -99 47 0 83 37 83 85 0 37 -36 85 -62 85 -9 0 -21 7 -28 15 -13 16 -42 20 -53 8z m80 -68 c10 -2 22 -4 26 -4 5 -1 7 -18 5 -38 -3 -37 -4 -38 -43 -38 l-40 0 -3 44 c-2 24 0 51 3 60 6 14 8 14 20 -2 7 -10 22 -20 32 -22z"
       id="path52" />
    <path
       d="M2033 4550 c-40 -46 -44 -97 -11 -135 17 -20 31 -25 68 -25 49 0 70 13 70 42 0 10 7 21 15 24 26 10 19 79 -10 109 -40 39 -91 34 -132 -15z m107 -43 c0 -40 -28 -70 -66 -72 -29 -1 -41 11 -41 40 0 33 36 65 74 65 31 0 33 -2 33 -33z"
       id="path54" />
    <path
       d="M2297 4584 c-4 -4 -7 -38 -7 -75 0 -60 3 -71 25 -94 40 -39 85 -28 85 21 0 12 7 25 16 28 12 4 14 19 12 63 -3 50 -6 58 -23 58 -18 0 -20 -7 -21 -56 0 -54 -17 -89 -41 -89 -5 0 -9 33 -9 72 1 58 -2 73 -14 76 -9 1 -19 0 -23 -4z"
       id="path56" />
    <path
       d="M2505 4580 c-4 -6 -4 -27 -1 -45 6 -28 3 -36 -14 -45 -17 -9 -21 -19 -18 -53 4 -57 32 -59 36 -2 2 22 9 45 17 51 8 6 16 30 17 54 2 35 -1 45 -14 48 -9 2 -19 -2 -23 -8z"
       id="path58" />
    <path
       d="M2597 4575 c-4 -8 -4 -21 -1 -29 3 -7 -9 -25 -25 -39 -25 -21 -31 -33 -31 -65 0 -21 3 -42 7 -45 9 -10 53 41 53 63 0 10 7 23 15 27 21 12 25 96 4 101 -9 1 -19 -4 -22 -13z"
       id="path60" />
    <path
       d="M2731 4555 c-13 -19 -27 -35 -32 -35 -5 0 -9 -13 -9 -29 0 -28 3 -30 43 -33 39 -3 42 -5 42 -33 0 -23 4 -30 20 -30 16 0 21 8 23 42 3 34 -1 44 -18 53 -16 9 -20 19 -18 53 4 54 -19 60 -51 12z m10 -48 c-1 -12 -15 -9 -19 4 -3 6 1 10 8 8 6 -3 11 -8 11 -12z"
       id="path62" />
    <path
       d="M2632 4443 c3 -44 5 -48 28 -48 34 0 40 45 11 74 -33 33 -42 26 -39 -26z"
       id="path64" />
    <path
       d="M3452 4353 c-22 -24 -22 -43 1 -43 22 1 59 39 53 55 -8 21 -27 17 -54 -12z"
       id="path66" />
    <path
       d="M4443 4354 c-28 -32 -29 -44 -3 -44 11 0 20 5 20 10 0 6 7 10 15 10 8 0 15 -4 15 -10 0 -13 27 -13 35 -1 6 10 -37 61 -51 61 -5 0 -19 -12 -31 -26z"
       id="path68" />
    <path
       d="M721 4325 c-23 -25 -23 -55 1 -55 21 0 61 48 54 65 -8 22 -28 18 -55 -10z"
       id="path70" />
    <path
       d="M407 4333 c-12 -11 -8 -20 18 -37 34 -22 50 -11 28 19 -18 24 -34 31 -46 18z"
       id="path72" />
    <path
       d="M3410 4275 c-14 -17 -9 -163 6 -176 20 -16 119 -7 119 11 0 10 -14 17 -45 20 -53 6 -60 24 -10 28 19 1 41 5 49 8 26 9 -7 29 -47 29 -33 0 -37 3 -37 25 0 23 4 25 42 25 46 0 58 7 50 29 -5 12 -20 15 -62 13 -31 -1 -60 -7 -65 -12z"
       id="path74" />
    <path
       d="M3622 4278 c-16 -16 -16 -160 0 -176 7 -7 32 -12 56 -12 35 0 49 6 73 29 17 18 29 40 29 56 0 30 -49 85 -75 85 -8 0 -18 7 -21 15 -7 18 -45 20 -62 3z m61 -52 c3 -8 16 -16 29 -18 17 -2 23 -10 24 -28 2 -35 -9 -46 -48 -45 -33 0 -33 0 -36 53 -2 40 0 52 11 52 8 0 17 -6 20 -14z"
       id="path76" />
    <path
       d="M3795 4279 c-4 -6 2 -20 12 -32 28 -31 30 -95 4 -114 -32 -22 -15 -43 35 -43 50 0 69 22 39 44 -13 9 -18 26 -18 56 0 30 5 47 18 56 30 22 11 44 -39 44 -25 0 -48 -5 -51 -11z"
       id="path78" />
    <path
       d="M4038 4248 c-53 -56 -52 -94 5 -148 39 -38 45 -41 89 -37 40 3 49 1 54 -15 7 -23 37 -20 42 4 2 9 -5 19 -17 23 -24 7 -28 43 -6 51 11 5 15 21 15 60 0 75 -28 105 -96 103 -43 -2 -53 -6 -86 -41z m125 -21 c35 -30 36 -73 2 -105 -21 -21 -26 -22 -31 -8 -7 17 -34 22 -34 6 0 -16 -22 -12 -36 8 -7 9 -14 31 -14 48 0 40 24 62 81 73 3 0 18 -9 32 -22z"
       id="path80" />
    <path
       d="M4249 4278 c-1 -7 0 -41 1 -76 1 -50 7 -68 25 -87 12 -14 29 -25 37 -25 20 0 42 26 33 39 -3 6 3 18 15 28 15 13 20 29 20 63 0 54 -12 75 -35 66 -15 -5 -16 -14 -11 -57 6 -46 4 -53 -18 -76 -23 -22 -26 -23 -32 -9 -4 10 -4 40 -1 67 3 27 4 56 0 64 -6 18 -33 20 -34 3z"
       id="path82" />
    <path
       d="M4484 4283 l-52 -4 -4 -82 c-3 -46 0 -88 5 -95 16 -20 111 -12 115 10 3 13 -6 17 -40 20 -55 4 -56 22 0 26 28 2 42 8 42 17 0 9 -14 15 -42 17 -38 3 -43 6 -43 28 0 25 1 25 83 25 88 1 99 -7 57 -39 -14 -10 -25 -25 -25 -32 0 -16 21 -19 36 -5 5 5 20 11 34 13 36 5 39 48 5 82 -27 27 -36 28 -171 19z"
       id="path84" />
    <path
       d="M652 4216 c-27 -27 -40 -49 -36 -59 3 -10 -2 -18 -16 -22 -29 -9 -25 -70 5 -70 15 0 21 8 23 33 3 32 5 33 40 30 34 -3 37 -6 37 -33 0 -23 4 -30 20 -30 17 0 20 6 18 44 -1 27 -8 48 -19 56 -13 9 -15 20 -11 43 11 54 -13 57 -61 8z m19 -39 c-1 -12 -15 -9 -19 4 -3 6 1 10 8 8 6 -3 11 -8 11 -12z"
       id="path86" />
    <path
       d="M804 4248 c-5 -7 -8 -47 -8 -88 3 -102 2 -100 19 -100 15 0 19 10 16 42 -3 31 16 27 44 -8 21 -26 31 -32 41 -23 14 12 9 35 -14 61 -13 16 -12 20 9 37 34 29 39 26 39 -19 0 -30 7 -48 25 -68 22 -23 27 -25 35 -12 5 8 7 23 4 33 -3 10 1 19 10 23 9 3 16 17 16 30 0 12 6 27 13 31 18 10 27 47 16 64 -7 11 -14 8 -34 -13 -18 -20 -25 -38 -25 -68 0 -46 -22 -53 -28 -10 -2 13 -11 29 -20 36 -8 6 -13 18 -9 27 3 8 0 21 -8 27 -11 9 -16 7 -25 -9 -14 -26 -26 -27 -33 -1 -4 15 -14 20 -40 20 -19 0 -39 -6 -43 -12z m84 -60 c3 -24 0 -28 -23 -28 -27 0 -41 20 -31 46 10 27 51 13 54 -18z"
       id="path88" />
    <path
       d="M1107 4219 c-45 -50 -49 -95 -13 -134 21 -22 31 -26 73 -23 44 3 48 5 51 31 2 16 10 31 18 34 24 9 18 78 -10 107 -36 40 -75 35 -119 -15z m106 -8 c17 -2 6 -67 -17 -88 -21 -20 -35 -22 -88 -14 -5 0 -8 15 -8 33 0 52 41 77 113 69z"
       id="path90" />
    <path
       d="M1287 4253 c-9 -14 -11 -168 -3 -181 11 -18 26 -5 26 23 0 36 16 38 43 5 30 -36 47 -38 47 -7 -1 30 -31 64 -61 69 -18 2 -24 9 -24 28 0 20 5 25 25 25 20 0 26 -6 28 -27 4 -35 32 -38 32 -4 0 36 -41 76 -78 76 -17 0 -33 -3 -35 -7z"
       id="path92" />
    <path
       d="M1437 4253 c-4 -3 -7 -46 -7 -94 0 -97 2 -99 70 -99 21 0 43 6 50 15 14 17 5 23 -50 27 -19 2 -35 8 -35 13 0 6 16 11 35 13 19 1 41 5 49 8 26 9 -7 29 -47 29 -33 0 -37 3 -37 25 0 23 4 25 42 25 46 0 58 7 50 30 -5 11 -21 15 -60 15 -30 0 -57 -3 -60 -7z"
       id="path94" />
    <path
       d="M1639 4258 c-7 -19 -5 -189 2 -194 20 -12 40 18 33 51 -9 50 8 49 59 -5 26 -28 51 -50 55 -50 23 1 30 23 33 105 4 85 3 90 -16 90 -18 0 -20 -6 -17 -57 2 -31 -1 -59 -6 -62 -10 -6 -112 99 -112 115 0 8 -28 14 -31 7z"
       id="path96" />
    <path
       d="M1910 4253 c0 -5 -14 -22 -30 -40 -61 -65 -26 -153 62 -153 48 0 70 14 61 38 -4 8 1 20 9 26 9 7 18 23 20 36 6 43 28 36 28 -10 0 -30 7 -48 25 -68 22 -23 27 -25 35 -12 5 8 7 23 4 33 -3 10 1 19 10 23 9 3 16 16 16 28 0 12 9 29 20 39 11 9 20 26 20 37 0 23 -31 41 -38 22 -2 -7 -10 -19 -18 -26 -8 -8 -14 -33 -14 -56 0 -46 -22 -53 -28 -10 -2 13 -11 29 -19 36 -9 6 -13 16 -9 23 4 6 2 19 -5 27 -11 14 -15 13 -30 -7 l-17 -22 -11 21 c-9 17 -21 22 -51 22 -22 0 -40 -3 -40 -7z m88 -74 c2 -28 -2 -38 -25 -55 -16 -12 -42 -21 -58 -20 -25 1 -31 6 -33 30 -4 34 29 73 67 79 41 6 46 3 49 -34z"
       id="path98" />
    <path
       d="M2251 4225 c-13 -19 -27 -35 -32 -35 -5 0 -9 -11 -9 -25 0 -14 -8 -29 -21 -35 -27 -15 -23 -65 6 -65 15 0 20 7 20 30 1 28 3 30 40 30 38 0 40 -2 40 -30 0 -23 4 -30 20 -30 16 0 21 8 23 42 3 34 -1 44 -18 53 -16 9 -20 19 -18 53 4 54 -19 60 -51 12z m10 -48 c-1 -12 -15 -9 -19 4 -3 6 1 10 8 8 6 -3 11 -8 11 -12z"
       id="path100" />
    <path
       d="M4581 4127 c-14 -17 3 -41 23 -34 9 4 16 13 16 21 0 19 -26 28 -39 13z"
       id="path102" />
    <path
       d="M2384 4096 c-11 -28 0 -61 21 -61 16 0 20 7 20 35 0 25 -5 36 -18 38 -9 2 -20 -3 -23 -12z"
       id="path104" />
    <path
       d="M1043 3950 c-35 -33 -43 -48 -43 -76 0 -71 90 -110 138 -60 26 28 28 42 6 50 -21 8 -18 9 -44 -14 -31 -27 -44 -21 -48 21 -2 27 3 40 22 58 24 23 27 23 44 8 29 -27 44 -21 40 16 -3 29 -6 32 -38 35 -29 2 -42 -5 -77 -38z"
       id="path106" />
    <path
       d="M1197 3983 c-4 -7 -11 -147 -8 -180 1 -7 8 -13 16 -13 15 0 17 5 19 45 1 16 8 20 41 20 36 0 40 -3 45 -30 5 -29 7 -30 58 -31 39 -1 55 2 59 13 4 9 -1 20 -10 25 -12 6 -17 23 -17 58 0 40 4 51 21 60 45 25 -24 45 -103 31 -4 0 -8 -20 -10 -43 -3 -43 -3 -43 -43 -43 -39 0 -40 1 -40 37 0 36 -18 68 -28 51z m171 -99 c-2 -27 -7 -49 -13 -49 -11 0 -19 79 -10 103 11 30 26 -5 23 -54z"
       id="path108" />
    <path
       d="M1492 3946 c-51 -54 -54 -85 -13 -127 36 -35 85 -40 101 -9 6 11 19 20 30 20 11 0 24 -9 30 -20 8 -16 21 -20 59 -20 48 0 79 18 67 39 -4 5 1 16 9 24 23 24 19 82 -9 111 -35 38 -73 34 -113 -11 -33 -36 -38 -35 -45 12 -2 15 -12 21 -38 23 -30 3 -41 -3 -78 -42z m96 -21 c29 -30 25 -59 -8 -63 -13 -2 -29 -11 -35 -19 -6 -8 -20 -14 -31 -11 -30 5 -28 57 4 91 31 33 41 33 70 2z m165 16 c4 -1 7 -16 7 -34 0 -40 -40 -75 -85 -73 -26 1 -30 5 -33 33 -3 25 3 38 23 56 23 20 40 23 88 18z"
       id="path110" />
    <path
       d="M1823 3977 c-15 -19 -4 -117 13 -117 10 0 14 15 14 59 0 60 -10 81 -27 58z"
       id="path112" />
    <path
       d="M1887 3984 c-4 -4 -7 -34 -7 -66 0 -52 2 -58 20 -58 19 0 21 5 18 62 -3 57 -14 79 -31 62z"
       id="path114" />
    <path
       d="M3321 3948 c0 -23 4 -61 8 -83 8 -38 9 -36 11 28 2 37 3 72 4 79 1 6 -5 13 -11 16 -9 2 -13 -9 -12 -40z"
       id="path116" />
    <path
       d="M3382 3948 c-16 -16 -16 -160 0 -176 7 -7 32 -12 56 -12 35 0 49 6 73 29 17 18 29 40 29 56 0 30 -49 85 -75 85 -8 0 -18 7 -21 15 -7 18 -45 20 -62 3z m61 -52 c3 -8 16 -16 29 -18 17 -2 23 -10 24 -28 3 -43 -14 -52 -78 -41 -13 2 -7 101 7 101 7 0 15 -6 18 -14z"
       id="path118" />
    <path
       d="M3555 3949 c-4 -6 2 -20 12 -32 28 -31 30 -95 4 -114 -32 -22 -15 -43 35 -43 50 0 69 22 39 44 -13 9 -18 26 -18 56 0 30 5 47 18 56 30 22 11 44 -39 44 -25 0 -48 -5 -51 -11z"
       id="path120" />
    <path
       d="M3802 3948 c-7 -7 -12 -20 -12 -29 0 -9 -7 -22 -15 -29 -24 -20 -19 -75 10 -105 33 -32 89 -35 105 -5 14 26 46 26 60 -1 10 -17 19 -20 63 -17 47 3 52 5 55 28 2 14 10 30 17 36 7 5 15 27 17 47 5 55 23 50 26 -8 3 -37 -1 -52 -14 -62 -26 -19 -10 -43 31 -43 40 0 60 26 32 42 -26 14 -23 95 5 117 28 24 16 41 -30 39 -24 0 -43 -7 -53 -21 l-17 -20 -11 21 c-9 17 -21 22 -51 22 -22 0 -40 -3 -40 -7 0 -5 -18 -27 -38 -50 -32 -36 -44 -43 -75 -43 -44 0 -53 -27 -10 -32 44 -5 40 -28 -5 -28 -41 0 -52 11 -52 50 0 23 48 70 65 64 15 -6 39 22 30 36 -9 14 -78 13 -93 -2z m266 -66 c5 -46 -31 -81 -78 -79 -32 2 -35 5 -38 36 -3 25 2 37 20 50 56 40 92 37 96 -7z"
       id="path122" />
    <path
       d="M4310 3952 c0 -5 -16 -25 -36 -46 -19 -20 -32 -41 -28 -47 4 -7 -3 -19 -15 -28 -18 -14 -21 -23 -15 -45 9 -38 38 -31 42 12 3 32 5 33 40 30 29 -2 37 -7 38 -23 2 -40 4 -45 18 -45 8 0 17 7 20 16 9 25 -4 82 -20 88 -10 4 -14 19 -12 48 2 34 -1 43 -14 46 -10 2 -18 -1 -18 -6z m-9 -75 c-1 -12 -15 -9 -19 4 -3 6 1 10 8 8 6 -3 11 -8 11 -12z"
       id="path124" />
    <path
       d="M4432 3948 c-6 -8 -7 -45 -3 -98 l6 -85 40 0 c29 0 41 4 43 17 2 12 -5 17 -25 20 -30 3 -35 21 -7 26 10 3 30 -11 49 -33 25 -27 35 -33 41 -23 12 18 5 51 -12 61 -8 4 -14 23 -14 42 0 45 -37 85 -77 85 -17 0 -35 -6 -41 -12z m83 -58 c0 -18 -6 -26 -23 -28 -13 -2 -25 3 -28 12 -10 26 4 48 28 44 17 -2 23 -10 23 -28z"
       id="path126" />
    <path
       d="M4617 3919 c-21 -22 -37 -51 -37 -64 0 -21 5 -24 43 -27 39 -3 42 -5 42 -33 0 -23 4 -30 20 -30 28 0 34 65 8 91 -11 11 -18 33 -18 58 0 21 -5 41 -11 43 -6 2 -27 -15 -47 -38z m14 -42 c-1 -12 -15 -9 -19 4 -3 6 1 10 8 8 6 -3 11 -8 11 -12z"
       id="path128" />
    <path
       d="M4725 3950 c-13 -21 18 -42 52 -37 42 7 42 -5 1 -43 -27 -25 -30 -31 -18 -39 10 -7 19 -6 30 4 8 7 26 15 40 17 36 5 39 48 5 82 -19 19 -36 26 -65 26 -21 0 -42 -5 -45 -10z"
       id="path130" />
    <path
       d="M1879 3824 c-9 -11 -9 -18 -1 -26 14 -14 42 -3 42 16 0 20 -27 27 -41 10z"
       id="path132" />
    <path
       d="M1815 3820 c-8 -13 3 -30 20 -30 14 0 27 24 18 34 -10 9 -31 7 -38 -4z"
       id="path134" />
    <path
       d="M4761 3801 c-19 -12 -6 -43 16 -39 10 2 18 12 18 22 0 22 -14 29 -34 17z"
       id="path136" />
    <path
       d="M3377 3623 c-12 -12 -8 -168 5 -181 7 -7 32 -12 56 -12 35 0 49 6 73 29 17 18 29 40 29 56 0 30 -49 85 -75 85 -8 0 -18 7 -21 15 -6 15 -55 21 -67 8z m66 -57 c3 -8 16 -16 29 -18 17 -2 23 -10 24 -28 2 -33 -11 -47 -41 -47 -32 0 -38 10 -41 64 -1 29 3 43 11 43 7 0 15 -6 18 -14z"
       id="path138" />
    <path
       d="M3555 3619 c-4 -6 2 -20 12 -32 28 -31 30 -95 4 -114 -32 -22 -15 -43 35 -43 50 0 69 22 39 44 -13 9 -18 26 -18 56 0 30 5 47 18 56 30 22 11 44 -39 44 -25 0 -48 -5 -51 -11z"
       id="path140" />
    <path
       d="M3794 3615 c-9 -22 4 -35 35 -35 26 0 27 -2 28 -50 0 -34 -3 -50 -12 -50 -7 0 -15 7 -19 15 -7 19 -25 19 -32 0 -9 -21 42 -67 70 -63 19 3 21 10 24 72 2 55 7 73 22 83 11 8 17 20 14 28 -8 21 -122 21 -130 0z"
       id="path142" />
    <path
       d="M3987 3589 c-20 -22 -37 -49 -37 -60 0 -11 -7 -22 -15 -25 -17 -7 -20 -59 -4 -69 15 -10 23 2 24 33 0 25 3 27 40 27 33 0 40 -4 41 -20 2 -40 4 -45 18 -45 8 0 16 6 19 13 8 21 -6 81 -20 92 -9 7 -13 25 -11 49 2 22 -2 41 -8 43 -6 2 -27 -15 -47 -38z m14 -42 c-1 -12 -15 -9 -19 4 -3 6 1 10 8 8 6 -3 11 -8 11 -12z"
       id="path144" />
    <path
       d="M4160 3623 c0 -5 -15 -23 -32 -42 -38 -41 -40 -87 -4 -126 30 -32 80 -34 97 -3 l11 21 19 -24 c20 -27 33 -20 34 19 0 25 3 27 40 27 38 0 40 -2 40 -30 0 -23 4 -30 20 -30 31 0 34 66 4 94 -16 15 -20 27 -16 48 3 16 2 35 -4 43 -7 12 -17 7 -48 -27 -22 -23 -41 -53 -43 -65 -2 -19 -10 -24 -42 -26 -22 -2 -45 -10 -51 -19 -19 -25 -50 -12 -53 22 -2 23 4 37 27 59 30 28 31 29 50 11 11 -9 27 -15 36 -12 18 8 20 38 3 55 -13 13 -88 17 -88 5z m171 -76 c-1 -12 -15 -9 -19 4 -3 6 1 10 8 8 6 -3 11 -8 11 -12z"
       id="path146" />
    <path
       d="M4425 3620 c-13 -21 18 -42 52 -37 42 7 42 -5 1 -43 -27 -25 -30 -31 -18 -39 10 -7 19 -6 30 3 8 7 27 16 43 20 64 15 10 106 -63 106 -21 0 -42 -5 -45 -10z"
       id="path148" />
    <path
       d="M4672 3618 c-16 -16 -16 -160 0 -176 7 -7 32 -12 56 -12 35 0 49 6 73 29 17 18 29 40 29 56 0 31 -46 85 -73 85 -10 0 -20 7 -23 15 -7 18 -45 20 -62 3z m61 -52 c3 -8 16 -16 29 -18 17 -2 23 -10 25 -30 2 -30 -9 -40 -44 -44 -28 -3 -36 10 -40 63 -1 31 2 43 11 43 8 0 16 -6 19 -14z"
       id="path150" />
    <path
       d="M4845 3619 c-4 -6 2 -20 12 -32 28 -31 30 -95 4 -114 -32 -22 -15 -43 35 -43 50 0 69 22 39 44 -13 9 -18 26 -18 56 0 30 5 47 18 56 30 22 11 44 -39 44 -25 0 -48 -5 -51 -11z"
       id="path152" />
    <path
       d="M4461 3471 c-19 -12 -6 -43 16 -39 10 2 18 12 18 22 0 22 -14 29 -34 17z"
       id="path154" />
    <path
       d="M3433 3285 c-3 -9 -3 -29 0 -45 5 -21 2 -32 -10 -38 -14 -8 -18 -33 -14 -79 1 -7 8 -13 16 -13 11 0 15 12 15 45 0 31 4 45 14 45 14 0 31 74 21 91 -9 14 -35 11 -42 -6z"
       id="path156" />
    <path
       d="M3527 3285 c-4 -8 -4 -21 -1 -29 3 -7 -9 -25 -25 -39 -25 -21 -31 -33 -31 -66 0 -23 5 -41 11 -41 15 0 48 42 49 62 0 9 7 21 15 25 21 12 25 96 4 101 -9 1 -19 -4 -22 -13z"
       id="path158" />
    <path
       d="M3657 3259 c-21 -22 -37 -51 -37 -64 0 -21 5 -24 43 -27 38 -3 42 -6 45 -30 2 -16 9 -28 18 -28 20 0 19 74 -2 91 -11 9 -14 23 -11 44 5 32 0 55 -12 55 -4 0 -24 -18 -44 -41z m21 -48 c3 -8 -1 -12 -9 -9 -7 2 -15 10 -17 17 -3 8 1 12 9 9 7 -2 15 -10 17 -17z"
       id="path160" />
    <path
       d="M3768 3288 c-2 -7 -2 -50 0 -95 3 -64 7 -83 18 -83 10 0 14 13 14 45 0 25 4 45 8 45 5 0 27 -20 50 -45 27 -30 49 -45 65 -45 24 0 25 3 29 83 5 94 2 109 -21 105 -13 -3 -15 -15 -13 -66 2 -35 0 -62 -6 -62 -5 0 -36 29 -68 65 -61 68 -69 73 -76 53z"
       id="path162" />
    <path
       d="M4013 3288 c-4 -7 -6 -21 -5 -31 2 -9 -4 -20 -12 -23 -26 -10 -21 -78 7 -108 20 -21 30 -24 60 -19 52 8 48 31 -5 35 -41 3 -43 5 -46 37 -3 27 2 39 23 57 15 12 32 21 39 18 16 -6 40 21 31 36 -9 14 -82 13 -92 -2z"
       id="path164" />
    <path
       d="M4197 3259 c-21 -22 -37 -51 -37 -64 0 -21 5 -24 43 -27 34 -2 42 -7 42 -23 0 -32 14 -48 31 -34 19 16 18 64 -3 85 -11 11 -18 33 -18 58 0 21 -5 41 -11 43 -6 2 -27 -15 -47 -38z m14 -42 c-1 -12 -15 -9 -19 4 -3 6 1 10 8 8 6 -3 11 -8 11 -12z"
       id="path166" />
    <path
       d="M4305 3290 c-13 -21 18 -42 52 -37 42 7 42 -5 1 -43 -27 -25 -30 -31 -18 -39 10 -7 19 -6 30 4 8 7 26 15 40 17 36 5 39 48 5 82 -19 19 -36 26 -65 26 -21 0 -42 -5 -45 -10z"
       id="path168" />
    <path
       d="M3560 3156 c0 -44 15 -59 48 -49 19 7 14 51 -8 73 -30 30 -40 24 -40 -24z"
       id="path170" />
    <path
       d="M4040 3185 c0 -9 9 -15 23 -15 13 0 33 -13 47 -30 14 -16 31 -29 38 -30 19 0 14 48 -8 70 -25 25 -100 29 -100 5z"
       id="path172" />
    <path
       d="M4340 3140 c-18 -11 -4 -42 17 -38 10 2 19 10 21 19 4 19 -19 31 -38 19z"
       id="path174" />
    <path
       d="M4927 2762 c-12 -13 -17 -36 -17 -73 0 -30 -5 -83 -11 -118 -7 -48 -7 -72 2 -93 6 -15 15 -28 18 -28 17 0 49 48 54 80 2 19 10 72 17 118 11 73 10 85 -4 107 -20 30 -37 32 -59 7z"
       id="path176" />
    <path
       d="M516 2738 c-8 -13 -17 -39 -21 -58 -4 -19 -19 -50 -33 -68 -52 -68 -65 -281 -23 -385 42 -106 141 -205 206 -206 59 -2 68 49 13 68 -53 19 -114 78 -152 146 -34 62 -36 71 -36 157 0 115 32 228 81 290 16 19 20 34 15 52 -8 32 -31 34 -50 4z"
       id="path178" />
    <path
       d="M4642 2738 c-18 -18 -14 -63 8 -100 11 -18 20 -49 20 -68 0 -69 59 -109 80 -54 7 19 6 38 -5 71 -8 24 -20 65 -26 91 -5 25 -15 52 -21 59 -13 16 -40 17 -56 1z"
       id="path180" />
    <path
       d="M389 2718 c-14 -11 -30 -39 -82 -143 -14 -27 -26 -78 -37 -150 -6 -45 -4 -73 7 -115 28 -99 74 -180 116 -205 61 -36 79 20 23 74 -52 51 -93 163 -82 227 4 22 11 64 15 94 12 78 33 126 65 151 19 15 26 29 24 48 -3 29 -26 38 -49 19z"
       id="path182" />
    <path
       d="M5236 2612 c-24 -47 -66 -163 -66 -183 0 -24 16 -32 46 -25 16 4 24 13 24 27 0 11 14 49 31 84 35 74 36 118 2 123 -16 2 -26 -5 -37 -26z"
       id="path184" />
    <path
       d="M3650 2601 c-36 -4 -78 -13 -93 -19 -16 -7 -53 -12 -83 -12 -61 0 -193 -46 -229 -80 -13 -12 -25 -16 -35 -11 -43 24 -60 23 -70 -4 -5 -14 -21 -30 -35 -35 -21 -8 -25 -16 -25 -53 0 -36 -6 -48 -32 -73 -41 -38 -110 -74 -143 -74 -17 0 -29 9 -40 30 -9 17 -23 30 -31 30 -24 0 -53 -42 -54 -77 0 -22 -8 -37 -27 -52 -23 -16 -26 -23 -17 -37 12 -21 29 -31 66 -39 21 -4 34 -18 53 -55 14 -27 34 -54 44 -60 40 -21 36 -49 -13 -99 -60 -61 -72 -110 -32 -136 16 -11 26 -27 26 -41 0 -34 20 -41 42 -14 22 27 19 29 50 -40 33 -73 77 -116 140 -135 29 -8 58 -15 65 -15 25 0 13 -30 -19 -46 -18 -9 -40 -23 -49 -30 -37 -33 -312 -164 -342 -164 -18 0 -52 10 -77 22 -50 23 -189 40 -326 38 -49 -1 -85 3 -89 9 -3 6 -27 11 -53 11 -90 0 -125 -42 -70 -83 25 -19 32 -19 78 -9 41 10 56 9 78 -2 21 -10 40 -11 88 -3 51 9 66 8 94 -6 23 -12 59 -17 119 -17 108 0 123 -8 99 -51 -21 -37 -23 -97 -5 -124 17 -25 28 -78 19 -91 -12 -18 -40 -23 -71 -14 -48 13 -97 -8 -147 -63 -24 -27 -48 -66 -54 -87 -10 -36 -50 -80 -72 -80 -27 0 -84 -60 -110 -117 -15 -34 -40 -73 -55 -88 -16 -14 -33 -40 -39 -58 -10 -30 -14 -32 -60 -35 -33 -2 -59 -11 -81 -28 -17 -13 -40 -24 -51 -24 -11 0 -25 -7 -32 -15 -10 -12 -8 -21 7 -47 10 -18 27 -34 37 -36 28 -6 66 7 66 22 0 9 18 12 72 11 69 -3 100 -17 64 -31 -28 -11 -17 -24 18 -24 36 0 61 17 71 50 9 28 84 28 110 0 21 -24 43 -25 69 -5 28 21 55 19 74 -6 21 -25 56 -17 47 12 -7 20 12 32 67 43 15 4 35 15 45 25 32 34 56 33 108 -1 26 -18 55 -44 64 -59 14 -25 21 -27 108 -33 74 -5 99 -3 123 9 16 8 42 15 58 15 16 0 35 7 42 15 19 22 57 19 63 -6 5 -18 12 -20 59 -18 29 1 65 -3 80 -9 18 -7 37 -8 60 -1 18 5 50 7 71 3 32 -5 37 -3 37 13 0 10 -7 27 -15 37 -18 23 -20 72 -4 82 8 5 10 33 6 90 -7 96 5 120 40 81 11 -12 24 -31 27 -43 9 -30 85 -109 123 -128 46 -23 49 -34 17 -67 -41 -43 -68 -36 -72 19 -4 47 -26 57 -55 24 -33 -37 -12 -85 52 -117 32 -16 35 -16 81 4 61 26 120 27 162 1 41 -25 59 -25 91 0 44 35 229 21 255 -19 14 -21 65 -30 76 -13 6 10 -15 37 -42 51 -18 10 -20 15 -11 32 6 12 19 20 32 19 43 -4 47 0 47 36 l0 37 40 -6 c33 -4 42 -2 51 15 6 12 13 108 16 232 2 116 6 217 8 224 8 22 21 12 44 -32 24 -48 30 -132 13 -177 -6 -14 -8 -46 -5 -72 4 -35 2 -52 -10 -65 -12 -13 -15 -29 -10 -57 9 -63 37 -83 69 -50 18 17 34 20 34 5 0 -17 -68 -80 -86 -80 -10 0 -25 7 -35 16 -17 15 -20 15 -45 -5 -15 -12 -38 -21 -53 -21 l-26 0 28 -15 c16 -8 42 -26 59 -40 32 -27 67 -32 101 -13 12 6 57 11 100 10 65 -1 86 -5 122 -26 24 -15 51 -26 60 -26 26 0 29 29 5 55 -47 50 8 83 114 69 42 -6 46 -5 58 20 20 46 2 60 -83 67 -41 3 -95 12 -121 19 -42 13 -49 12 -66 -3 -23 -21 -46 -22 -62 -2 -7 8 -27 15 -46 15 -22 0 -36 6 -42 18 -10 20 -8 259 3 317 10 55 22 74 51 85 18 7 33 6 52 -3 15 -8 35 -12 45 -9 12 2 31 -9 52 -32 37 -41 54 -44 80 -16 10 11 26 20 36 20 23 0 49 27 49 50 0 11 -11 26 -23 35 -22 14 -28 14 -62 -1 -45 -18 -85 -12 -85 15 0 24 -25 45 -42 35 -7 -5 -21 -18 -31 -31 -20 -25 -51 -30 -63 -12 -14 23 -13 211 2 266 19 74 18 86 -11 113 -14 13 -25 34 -25 47 0 34 61 143 90 161 44 27 52 43 33 64 -9 10 -24 18 -33 18 -51 0 -17 105 42 136 29 15 32 15 51 -4 24 -25 17 -67 -13 -77 -15 -5 -20 -15 -20 -45 0 -33 4 -40 34 -54 19 -9 37 -16 41 -16 4 0 23 -13 42 -30 36 -32 80 -39 89 -15 4 8 17 15 30 15 14 0 27 -7 30 -15 10 -25 43 -17 74 18 17 20 46 38 72 46 31 8 56 27 90 63 l47 52 -21 29 c-19 26 -19 29 -4 46 20 22 21 65 1 81 -8 7 -15 20 -15 30 0 38 -85 75 -116 49 -19 -16 -53 -1 -60 27 -5 18 -13 24 -33 24 -15 0 -32 -5 -39 -12 -9 -9 -15 -9 -24 0 -9 9 -8 16 5 30 21 23 21 32 1 60 -15 22 -17 22 -35 6 -10 -9 -19 -22 -19 -27 0 -6 -7 -18 -16 -28 -9 -10 -16 -32 -17 -51 -2 -24 -7 -34 -22 -36 -76 -11 -82 -22 -35 -67 l30 -29 28 33 c26 31 30 33 52 21 21 -11 26 -10 38 9 23 33 42 27 35 -13 -7 -46 18 -55 59 -21 37 31 42 31 62 0 9 -14 25 -25 35 -25 28 0 31 -9 13 -41 -17 -29 -16 -30 7 -48 16 -12 22 -24 18 -35 -8 -20 -26 -20 -63 -2 -15 8 -31 13 -36 10 -16 -10 -8 -25 18 -34 22 -9 24 -13 14 -25 -16 -19 -41 -19 -66 0 -10 8 -26 15 -35 15 -16 0 -55 -39 -91 -90 -17 -24 -18 -24 -32 -6 -9 10 -17 23 -18 27 -2 5 -18 5 -36 0 -27 -8 -32 -7 -32 8 0 9 7 26 15 37 8 10 15 26 15 34 0 8 15 22 33 30 20 9 33 24 35 38 5 30 -23 39 -59 18 -37 -22 -53 -12 -45 26 5 23 1 36 -17 54 -27 29 -39 30 -62 4 l-18 -20 -22 20 c-21 19 -22 19 -37 3 -27 -32 -29 -42 -13 -73 14 -27 14 -32 -2 -57 -45 -72 -90 -94 -65 -33 7 17 17 43 24 60 16 40 1 82 -32 90 -32 8 -36 46 -4 43 28 -3 72 43 56 59 -8 8 -17 7 -36 -6 -14 -9 -30 -16 -36 -16 -17 0 -11 35 10 53 11 9 20 25 20 36 0 10 -9 30 -20 44 -23 30 -26 57 -5 57 14 0 25 -9 49 -44 8 -12 19 -17 30 -13 13 5 15 16 10 62 -6 47 -4 56 11 62 13 4 23 0 33 -15 9 -14 25 -22 43 -22 26 0 29 4 29 30 0 17 5 30 10 30 13 0 13 -26 0 -50 -8 -16 -6 -22 10 -32 28 -18 25 -38 -10 -77 -58 -62 -17 -81 53 -24 42 34 47 42 49 83 2 49 1 65 -6 122 -6 52 -12 58 -51 58 -25 0 -35 -5 -40 -20 -5 -16 -12 -19 -28 -14 -12 3 -26 10 -32 15 -25 24 -85 -6 -85 -43 0 -22 -42 -57 -78 -64 -18 -4 -42 -18 -53 -33 -18 -22 -20 -35 -15 -87 8 -73 1 -94 -28 -94 -25 0 -76 48 -76 72 0 9 -11 23 -25 32 -18 12 -25 25 -25 47 0 36 15 56 98 129 30 26 25 61 -10 78 -14 6 -35 28 -47 47 -11 19 -25 35 -30 35 -5 0 -19 -13 -31 -30 -28 -39 -59 -39 -127 0 -57 33 -73 54 -73 98 0 31 -26 62 -52 62 -8 0 -28 10 -44 22 -16 13 -38 21 -52 20 -13 -2 -33 3 -45 10 -69 44 -203 64 -337 49z m230 -83 c30 -6 63 -14 73 -19 21 -12 22 -45 1 -53 -28 -11 -113 -6 -151 8 -21 8 -54 18 -73 23 -37 9 -52 39 -28 54 14 10 88 4 178 -13z m-361 -27 c14 -24 -9 -45 -80 -73 -74 -29 -141 -34 -162 -13 -25 24 -21 42 11 48 46 9 173 45 180 51 12 13 42 5 51 -13z m102 -72 c14 -7 30 -7 48 -1 21 8 38 6 67 -7 22 -10 66 -25 98 -36 64 -19 58 -20 163 26 l51 22 82 -74 c89 -81 115 -98 175 -111 50 -11 65 -24 65 -55 0 -58 -61 -112 -95 -83 -22 18 -80 31 -185 40 -52 4 -149 16 -215 25 -147 21 -337 17 -376 -8 -13 -8 -66 -28 -116 -43 l-93 -28 -46 23 c-33 17 -57 22 -83 18 -49 -6 -115 -50 -140 -93 -31 -53 -58 -46 -104 26 -21 32 -37 67 -35 77 2 11 20 23 48 32 25 7 65 23 88 34 41 19 61 38 138 124 l29 32 80 -11 c149 -20 194 -13 262 42 52 42 63 46 94 29z m191 -360 c23 -39 46 -38 50 4 3 31 4 32 43 29 22 -2 50 -10 63 -18 19 -12 21 -20 16 -54 -6 -36 -4 -40 14 -40 14 0 27 11 37 31 20 39 52 36 77 -6 18 -31 26 -124 18 -213 -3 -40 0 -47 33 -77 63 -58 72 -109 33 -190 -27 -57 -93 -127 -151 -160 -37 -21 -40 -25 -36 -61 1 -21 5 -42 7 -46 2 -4 30 -10 62 -13 31 -4 92 -19 136 -33 l79 -26 26 31 c14 16 45 44 68 62 23 17 45 40 48 50 8 28 37 35 52 15 18 -25 17 -27 -22 -78 -22 -29 -35 -57 -35 -76 0 -16 -6 -34 -12 -39 -7 -6 -28 -22 -46 -37 -17 -14 -29 -30 -26 -36 10 -15 66 0 81 22 22 31 33 15 33 -49 0 -51 -3 -59 -25 -71 -17 -9 -38 -11 -72 -5 -26 4 -104 9 -173 11 -168 4 -304 28 -326 58 -17 24 -25 20 -79 -35 -40 -40 -47 -52 -35 -59 8 -5 26 -6 40 -2 41 11 129 7 143 -7 22 -23 -27 -51 -89 -51 -30 0 -54 -4 -54 -8 0 -12 55 -50 83 -57 19 -5 33 1 60 24 32 29 36 30 51 16 9 -9 16 -23 16 -31 0 -25 -31 -64 -51 -64 -30 0 -23 -28 16 -66 22 -21 45 -34 61 -34 15 0 43 -10 64 -21 29 -16 40 -30 45 -55 4 -26 15 -39 43 -54 20 -12 52 -32 71 -45 60 -44 70 -26 19 31 -31 34 -43 64 -25 64 4 0 17 0 30 0 14 0 32 -14 51 -41 15 -22 39 -44 52 -49 27 -11 32 -45 9 -54 -8 -3 -29 -3 -45 1 -27 5 -30 3 -30 -19 0 -31 -19 -54 -50 -61 -14 -3 -35 -9 -47 -12 -20 -7 -23 -4 -23 23 0 17 -4 34 -10 37 -14 9 -48 -12 -55 -35 -7 -21 -55 -29 -55 -10 0 18 -17 11 -60 -25 -48 -40 -45 -39 -62 -22 -7 7 -25 18 -40 24 -40 18 -34 33 11 33 28 0 54 9 85 30 24 17 61 37 80 45 53 22 50 58 -11 125 -34 38 -48 48 -54 38 -16 -24 -9 -52 18 -80 32 -34 26 -42 -29 -40 -30 2 -47 -3 -60 -18 -26 -28 -100 -27 -135 0 -14 11 -43 23 -64 26 -42 7 -81 48 -101 104 -10 30 -69 70 -102 70 -30 0 -169 105 -218 164 -119 142 -123 167 -38 233 40 30 69 45 101 49 47 6 52 4 83 -40 12 -18 15 -16 50 30 25 33 36 56 33 71 -4 19 -1 22 19 17 28 -7 103 42 104 69 0 20 -49 24 -68 5 -9 -9 -18 -6 -39 14 -16 14 -55 43 -88 64 -105 66 -215 155 -215 174 0 10 16 27 35 39 36 21 45 47 23 69 -20 20 -46 14 -67 -17 -24 -34 -77 -55 -114 -46 -32 9 -90 66 -114 114 -21 43 -23 203 -3 242 39 73 108 129 161 129 48 0 79 -36 109 -125 18 -54 20 -71 11 -97 -17 -47 -14 -68 8 -68 11 0 23 5 26 10 3 6 15 10 27 10 11 0 29 11 40 25 11 14 26 25 34 25 21 0 17 38 -6 50 -23 12 -27 50 -6 50 24 0 28 17 12 48 -18 35 -6 52 34 52 15 0 35 9 45 20 36 40 77 12 41 -29 -19 -22 -45 -108 -46 -156 -4 -88 1 -132 14 -151 26 -34 40 -3 38 80 -5 127 66 270 143 292 49 13 74 4 97 -37z m460 -51 c-15 -15 -24 -6 -16 16 5 12 10 14 17 7 8 -8 8 -14 -1 -23z m138 -3 c10 -13 8 -19 -14 -36 -25 -20 -33 -53 -18 -74 4 -6 21 -21 38 -32 l31 -22 25 26 c30 30 43 25 63 -23 10 -26 20 -34 39 -34 32 0 49 -46 40 -112 -5 -38 -3 -53 11 -68 9 -10 14 -26 11 -37 -3 -10 -1 -34 4 -53 8 -29 7 -40 -8 -60 -10 -14 -26 -46 -36 -72 -21 -56 -32 -66 -53 -45 -21 21 -8 88 23 122 30 33 32 75 4 82 -12 3 -27 18 -35 34 -17 32 -20 95 -5 104 14 9 12 47 -5 69 -21 28 -45 13 -45 -29 0 -27 -4 -35 -18 -35 -25 0 -42 -19 -42 -47 0 -16 -6 -23 -19 -23 -11 0 -23 5 -27 11 -3 6 -17 8 -30 5 -20 -5 -24 -3 -24 18 0 30 -15 42 -61 51 -31 6 -41 15 -64 57 -26 48 -26 50 -9 70 52 57 78 44 88 -42 8 -67 22 -76 49 -31 20 34 21 62 6 106 -10 27 -8 35 15 69 14 21 26 45 26 52 0 19 24 18 40 -1z m-180 -54 c0 -40 -19 -49 -42 -21 -21 26 -10 50 23 50 14 0 19 -7 19 -29z m115 -371 c19 -21 50 -26 60 -10 3 6 17 10 29 10 28 0 49 -43 50 -103 1 -38 -1 -40 -37 -51 -24 -7 -44 -22 -56 -42 -10 -17 -40 -48 -65 -69 -36 -29 -52 -36 -73 -32 -16 4 -50 10 -76 15 -65 12 -76 25 -42 48 58 41 86 71 115 128 16 32 30 68 30 80 0 24 17 46 35 46 7 0 20 -9 30 -20z m-1007 -209 c56 -49 120 -150 108 -170 -4 -5 -36 -13 -73 -17 -72 -7 -157 -51 -168 -85 -4 -11 -13 -26 -22 -34 -20 -21 -43 -2 -43 35 0 40 -36 82 -64 74 -34 -11 -34 -21 -7 -90 17 -44 49 -93 99 -152 40 -48 92 -109 114 -135 55 -66 47 -84 -24 -56 -29 12 -73 25 -98 29 -25 4 -67 20 -94 34 -27 14 -55 26 -61 26 -7 0 -20 10 -31 21 -10 12 -43 40 -73 62 -29 21 -61 47 -71 57 -29 29 -70 105 -70 130 0 27 49 76 105 105 21 11 72 39 114 63 41 23 81 42 88 42 8 0 13 -14 13 -41 0 -61 26 -48 71 36 70 131 100 141 187 66z m1292 -92 c16 -28 -11 -69 -45 -69 -26 0 -45 25 -38 50 3 8 6 21 8 28 7 21 63 15 75 -9z m-39 -119 c12 0 12 -37 -1 -60 -7 -13 -6 -19 5 -24 9 -3 15 -18 15 -35 0 -35 -34 -65 -59 -51 -12 6 -19 1 -28 -22 -11 -25 -15 -28 -28 -18 -25 21 -14 59 19 64 10 1 26 15 36 31 18 28 18 29 -1 53 -10 14 -19 30 -19 36 0 18 23 37 38 31 8 -3 18 -5 23 -5z m14 -230 c9 -27 -1 -40 -31 -40 -26 0 -40 20 -30 45 8 23 53 19 61 -5z m-1758 -61 c26 -27 61 -57 78 -66 16 -9 38 -26 48 -39 11 -14 29 -24 44 -24 34 0 87 -34 101 -65 14 -31 31 -32 57 -1 30 36 59 41 84 14 26 -27 23 -42 -10 -46 -38 -6 -49 -21 -49 -66 0 -23 -7 -51 -15 -62 -20 -27 -18 -50 6 -67 25 -18 23 -64 -3 -81 -13 -8 -22 -5 -42 13 -28 26 -66 21 -66 -8 0 -28 -26 -44 -59 -38 -36 8 -127 61 -166 97 -18 17 -44 30 -64 32 -46 4 -59 27 -42 75 26 74 46 77 83 12 18 -33 27 -39 55 -39 32 0 33 1 33 40 0 34 -4 41 -25 46 -36 9 -55 41 -55 92 0 31 -12 68 -41 127 -23 46 -38 88 -35 94 13 21 35 11 83 -40z m1528 34 l60 -8 1 -95 c3 -155 -6 -229 -27 -240 -25 -14 -60 2 -101 44 -19 20 -45 36 -57 36 -39 0 -19 70 27 89 53 22 62 121 12 134 -9 2 -24 0 -33 -4 -12 -7 -13 -15 -5 -43 12 -39 4 -86 -15 -86 -19 0 -37 21 -37 45 0 11 -4 26 -9 34 -14 22 -61 -2 -61 -29 0 -26 -27 -80 -40 -80 -22 0 -58 20 -64 35 -3 10 2 27 14 42 24 30 26 80 5 109 -8 12 -13 23 -10 25 6 7 275 0 340 -8z m-1684 -33 c24 -13 49 -72 49 -116 0 -27 -5 -37 -25 -46 -32 -14 -41 -49 -26 -99 7 -22 9 -44 6 -49 -3 -5 -10 -35 -15 -67 -5 -31 -13 -60 -18 -65 -26 -26 -226 -47 -307 -33 -32 5 -44 3 -54 -9 -17 -20 -45 -20 -65 0 -25 24 -19 44 17 59 42 17 63 42 72 82 11 54 58 110 99 117 42 8 73 43 82 94 9 49 99 142 138 142 15 0 36 -5 47 -10z m1509 -130 c0 -5 -7 -10 -15 -10 -8 0 -15 5 -15 10 0 6 7 10 15 10 8 0 15 -4 15 -10z m-1425 -68 c0 -31 -19 -28 -23 4 -3 18 0 25 10 22 7 -3 13 -14 13 -26z m668 -18 c25 -19 48 -42 51 -51 4 -8 3 -51 0 -95 -6 -71 -9 -81 -31 -89 -16 -6 -23 -16 -23 -34 0 -25 -2 -26 -51 -23 -39 2 -55 8 -63 23 -6 10 -21 28 -33 38 -45 37 -23 151 34 179 21 10 28 20 26 38 -4 61 23 66 90 14z m717 1 c0 -8 -4 -15 -10 -15 -5 0 -10 7 -10 15 0 8 5 15 10 15 6 0 10 -7 10 -15z m680 -222 c0 -4 -12 -24 -26 -45 -23 -32 -32 -38 -63 -38 -45 0 -64 12 -59 36 2 14 15 21 50 25 25 4 55 12 65 18 21 12 33 14 33 4z"
       id="path186" />
    <path
       d="M3948 2306 c-24 -18 -23 -39 3 -62 12 -10 25 -29 30 -41 17 -45 77 -17 65 31 -6 25 -58 86 -73 86 -4 0 -16 -7 -25 -14z"
       id="path188" />
    <path
       d="M3314 2275 c-9 -14 -30 -29 -48 -33 -39 -10 -49 -54 -17 -72 25 -13 66 9 74 40 6 24 35 26 63 5 24 -18 48 -19 63 -1 16 19 6 37 -34 64 -46 29 -80 28 -101 -3z"
       id="path190" />
    <path
       d="M3828 2282 c-26 -5 -30 -30 -8 -52 24 -24 49 -25 76 -6 15 12 17 19 8 32 -11 19 -49 32 -76 26z"
       id="path192" />
    <path
       d="M3724 1884 c-41 -42 -71 -135 -58 -173 5 -14 21 -32 36 -40 24 -14 29 -13 62 10 21 14 36 33 36 44 1 11 7 31 15 45 19 33 19 100 -1 128 -22 32 -52 27 -90 -14z"
       id="path194" />
    <path
       d="M3967 1851 c-9 -16 -17 -38 -17 -48 0 -27 -28 -63 -50 -63 -28 0 -75 -44 -67 -63 5 -12 17 -15 59 -11 65 6 78 -2 85 -53 4 -32 0 -44 -21 -70 -14 -17 -42 -38 -61 -48 -35 -16 -37 -16 -71 4 -19 12 -46 21 -60 21 -21 0 -24 -4 -24 -40 0 -38 -1 -40 -32 -40 -17 0 -47 5 -65 12 -30 11 -36 10 -55 -9 -26 -26 -18 -50 19 -59 15 -4 43 -22 62 -41 37 -36 51 -38 65 -7 15 34 79 70 146 83 71 14 88 25 130 86 34 49 44 93 30 129 -8 21 -7 35 5 59 20 43 24 149 6 170 -22 28 -64 21 -84 -12z"
       id="path196" />
    <path
       d="M3844 1328 c-64 -50 -374 -368 -374 -384 0 -10 10 -28 23 -39 13 -11 70 -72 127 -135 178 -198 223 -240 257 -240 38 0 73 37 73 76 0 24 -24 53 -150 178 -82 82 -150 156 -150 165 0 9 68 81 150 160 95 90 150 150 150 163 0 28 -38 78 -59 78 -9 0 -30 -10 -47 -22z"
       id="path198" />
    <path
       d="M4340 1731 c0 -11 4 -22 9 -25 12 -8 34 21 26 34 -11 17 -35 11 -35 -9z"
       id="path200" />
    <path
       d="M2937 704 c-9 -9 -9 -56 1 -69 4 -6 22 -8 42 -4 19 3 30 7 23 8 -6 0 -13 16 -15 34 -2 23 -8 33 -23 35 -12 2 -24 0 -28 -4z"
       id="path202" />
    <path
       d="M3023 606 c3 -8 9 -31 13 -50 7 -41 6 -41 44 -21 29 15 37 36 24 69 -4 11 -19 16 -46 16 -31 0 -39 -3 -35 -14z"
       id="path204" />
    <path
       d="M2983 498 c-40 -19 -25 -82 18 -76 20 2 24 9 27 46 3 45 -4 50 -45 30z"
       id="path206" />
    <path
       d="M4321 713 c-11 -10 -22 -29 -23 -43 -3 -21 2 -25 29 -28 26 -3 34 2 46 25 12 23 13 32 2 46 -16 22 -27 21 -54 0z"
       id="path208" />
    <path
       d="M2622 791 c-20 -12 -10 -46 13 -46 14 0 20 7 20 24 0 27 -13 35 -33 22z"
       id="path210" />
    <path
       d="M3398 575 c6 -32 16 -39 32 -20 10 12 10 18 0 30 -20 24 -38 18 -32 -10z"
       id="path212" />
    <path
       d="M3339 514 c-17 -21 0 -49 32 -49 20 0 25 6 27 33 3 28 0 32 -21 32 -14 0 -30 -7 -38 -16z"
       id="path214" />
    <path
       d="M2646 1968 c-8 -13 -20 -44 -27 -70 -11 -40 -10 -52 5 -85 14 -31 15 -47 7 -83 -9 -41 -7 -50 29 -124 40 -85 93 -136 153 -151 15 -4 30 -11 33 -16 10 -16 70 -10 87 9 34 38 18 52 -78 72 -92 20 -140 71 -165 178 -6 28 -16 55 -21 58 -10 6 -2 72 12 89 4 6 13 31 19 57 19 73 -19 119 -54 66z"
       id="path216" />
    <path
       d="M2472 1816 c-13 -29 -5 -130 13 -166 7 -14 16 -40 20 -58 7 -34 54 -118 89 -159 24 -29 52 -29 66 -2 12 21 0 49 -41 94 -41 46 -71 125 -76 203 -3 42 -10 85 -15 95 -13 25 -43 21 -56 -7z"
       id="path218" />
    <path
       d="M5142 1748 c7 -19 38 -22 38 -4 0 10 -9 16 -21 16 -12 0 -19 -5 -17 -12z"
       id="path220" />
    <path
       d="M928 810 c-21 -13 -24 -50 -6 -68 7 -7 33 -12 58 -12 25 0 51 5 58 12 14 14 16 54 3 62 -20 12 -97 16 -113 6z"
       id="path222" />
    <path
       d="M1089 713 c-24 -63 41 -102 77 -48 24 37 6 75 -36 75 -24 0 -33 -6 -41 -27z"
       id="path224" />
    <path
       d="M4940 701 c-5 -11 -10 -24 -10 -30 0 -14 37 -51 50 -51 15 0 50 38 50 54 0 41 -71 62 -90 27z"
       id="path226" />
    <path
       d="M1294 646 c-14 -36 17 -75 50 -63 21 8 22 63 0 71 -26 10 -44 7 -50 -8z"
       id="path228" />
    <path
       d="M5165 609 c-10 -15 1 -23 20 -15 9 3 13 10 10 16 -8 13 -22 13 -30 -1z"
       id="path230" />
    <path
       d="M565 481 c-11 -5 -49 -12 -85 -16 -35 -4 -81 -13 -101 -20 -25 -9 -56 -11 -98 -6 -69 8 -99 -3 -88 -34 5 -13 13 -15 30 -10 12 4 40 10 63 12 35 4 43 1 58 -21 18 -28 61 -35 96 -16 14 7 29 6 54 -7 34 -16 37 -16 56 2 20 18 22 18 49 2 36 -21 71 -22 97 -2 28 21 41 18 56 -12 10 -21 20 -27 38 -25 83 8 172 15 215 16 46 1 50 -1 54 -24 1 -14 8 -28 15 -32 6 -4 70 -5 141 -1 203 9 307 9 347 0 45 -9 78 5 78 34 0 30 -33 36 -160 31 -114 -4 -115 -4 -139 22 -28 30 -61 33 -97 10 -41 -27 -116 -15 -154 26 -24 26 -35 31 -58 26 -15 -3 -48 -9 -73 -12 -41 -6 -47 -4 -62 20 -21 31 -66 35 -124 11 -56 -24 -111 -20 -135 10 -20 26 -38 30 -73 16z"
       id="path232" />
    <path
       d="M2703 329 c-35 -10 -44 -35 -15 -43 59 -16 100 -17 116 0 15 14 15 19 4 30 -19 19 -67 25 -105 13z"
       id="path234" />
    <path
       d="M1250 3005 c0 -59 73 -108 108 -73 20 20 14 42 -21 76 -21 20 -43 32 -60 32 -24 0 -27 -4 -27 -35z"
       id="path236" />
    <path
       d="M1683 2998 c-37 -18 -23 -68 18 -68 27 0 50 39 38 62 -11 20 -24 22 -56 6z"
       id="path238" />
    <path
       d="M1707 2271 c-2 -10 -1 -25 4 -32 6 -10 9 -4 9 19 0 36 -5 42 -13 13z"
       id="path240" />
    <path
       d="M800 1445 c0 -8 5 -15 10 -15 6 0 10 7 10 15 0 8 -4 15 -10 15 -5 0 -10 -7 -10 -15z"
       id="path242" />
    <path
       d="M520 1434 c0 -9 5 -14 12 -12 18 6 21 28 4 28 -9 0 -16 -7 -16 -16z"
       id="path244" />
    <path
       d="M1640 1276 c0 -8 5 -18 10 -21 6 -3 10 1 10 9 0 8 -4 18 -10 21 -5 3 -10 -1 -10 -9z"
       id="path246" />
    <path
       d="M1933 868 c-4 -7 -12 -26 -18 -43 -13 -39 -88 -89 -135 -90 -29 0 -36 -4 -38 -22 -5 -34 36 -50 74 -30 16 8 43 18 61 21 60 13 131 116 106 155 -13 21 -39 26 -50 9z"
       id="path248" />
    <path
       d="M1572 747 c-28 -30 -28 -48 1 -75 29 -28 47 -13 47 39 0 51 -20 66 -48 36z"
       id="path250" />
  </g>
  <rect
     style="fill:#ffffff;fill-opacity:1;stroke:none"
     id="rect3255"
     width="256.59775"
     height="125.84103"
     x="68.819321"
     y="51.623142"
     transform="scale(0.8,0.8)" />
  <rect
     style="fill:#ffffff;fill-opacity:1;stroke:none"
     id="rect3257"
     width="187.77843"
     height="36.375923"
     x="115.02657"
     y="39.825542"
     transform="scale(0.8,0.8)" />
  <rect
     style="fill:#ffffff;fill-opacity:1;stroke:none"
     id="rect3259"
     width="51.122921"
     height="56.038586"
     x="304.77127"
     y="66.37014"
     transform="scale(0.8,0.8)" />
  <rect
     style="fill:#ffffff;fill-opacity:1;stroke:none"
     id="rect3261"
     width="24.578327"
     height="14.746997"
     x="45.224121"
     y="103.72919"
     transform="scale(0.8,0.8)" />
  <rect
     style="fill:#ffffff;fill-opacity:1;stroke:none"
     id="rect3263"
     width="143.53743"
     height="35.392792"
     x="103.22897"
     y="152.88585"
     transform="scale(0.8,0.8)" />
  <rect
     style="fill:#ffffff;fill-opacity:1;stroke:none"
     id="rect3265"
     width="152.38564"
     height="36.375923"
     x="416.84845"
     y="78.167732"
     transform="scale(0.8,0.8)" />
  <rect
     style="fill:#ffffff;fill-opacity:1;stroke:none"
     id="rect3267"
     width="27.527727"
     height="22.612061"
     x="539.74005"
     y="72.268936"
     transform="scale(0.8,0.8)" />
  <rect
     style="fill:#ffffff;fill-opacity:1;stroke:none"
     id="rect3269"
     width="192.69409"
     height="58.987988"
     x="417.83157"
     y="114.54366"
     transform="scale(0.8,0.8)" />
  <rect
     style="fill:#ffffff;fill-opacity:1;stroke:none"
     id="rect3271"
     width="238.90135"
     height="86.515717"
     x="388.33759"
     y="149.93645"
     transform="scale(0.8,0.8)" />
  <rect
     style="fill:#ffffff;fill-opacity:1;stroke:none"
     id="rect3273"
     width="111.68392"
     height="25.168207"
     x="336.67877"
     y="189.94824" />
  <text
     xml:space="preserve"
     style="font-size:22.62969398px;font-style:normal;font-variant:normal;font-weight:bold;font-stretch:normal;text-align:center;line-height:125%;letter-spacing:0px;word-spacing:0px;text-anchor:middle;fill:#000000;fill-opacity:1;stroke:none;font-family:Comic Sans MS;-inkscape-font-specification:Sans Bold"
     x="155.39526"
     y="60.432865"
     id="text3231"
     sodipodi:linespacing="125%"><tspan
       sodipodi:role="line"
       id="tspan3233"
       x="155.39526"
       y="60.432865">OBA, OBA!</tspan><tspan
       sodipodi:role="line"
       x="155.39526"
       y="88.719986"
       id="tspan3235">PRANTANDO UMA</tspan><tspan
       sodipodi:role="line"
       x="160.30132"
       y="117.0071"
       id="tspan3237">RVORE NOVA </tspan><tspan
       sodipodi:role="line"
       x="155.39526"
       y="145.29422"
       id="tspan3275">CHICO!!</tspan></text>
  <text
     xml:space="preserve"
     style="font-size:23.89340973px;font-style:normal;font-variant:normal;font-weight:bold;font-stretch:normal;text-align:center;line-height:125%;letter-spacing:0px;word-spacing:0px;text-anchor:middle;fill:#000000;fill-opacity:1;stroke:none;font-family:Comic Sans MS;-inkscape-font-specification:Sans Bold"
     x="408.61218"
     y="85.336647"
     id="text3239"
     sodipodi:linespacing="125%"><tspan
       sodipodi:role="line"
       x="408.61218"
       y="85.336647"
       id="tspan3243">ESSA A</tspan><tspan
       sodipodi:role="line"
       x="408.61218"
       y="115.20341"
       id="tspan3247"> DI QU?</tspan><tspan
       sodipodi:role="line"
       x="408.61218"
       y="145.07018"
       id="tspan3249">DI GOIABA?</tspan><tspan
       sodipodi:role="line"
       x="408.61218"
       y="174.93694"
       id="tspan3251">DI JACA? DI</tspan><tspan
       sodipodi:role="line"
       x="408.61218"
       y="204.8037"
       id="tspan3253">MANGA</tspan></text>
</svg>
