<?xml version="1.0" encoding="UTF-8" standalone="no"?>
<!-- Created with Inkscape (http://www.inkscape.org/) -->

<svg
   xmlns:dc="http://purl.org/dc/elements/1.1/"
   xmlns:cc="http://creativecommons.org/ns#"
   xmlns:rdf="http://www.w3.org/1999/02/22-rdf-syntax-ns#"
   xmlns:svg="http://www.w3.org/2000/svg"
   xmlns="http://www.w3.org/2000/svg"
   xmlns:sodipodi="http://sodipodi.sourceforge.net/DTD/sodipodi-0.dtd"
   xmlns:inkscape="http://www.inkscape.org/namespaces/inkscape"
   id="svg2"
   version="1.1"
   inkscape:version="0.48.4 r9939"
   width="241"
   height="103"
   sodipodi:docname="abaco.png">
  <metadata
     id="metadata8">
    <rdf:RDF>
      <cc:Work
         rdf:about="">
        <dc:format>image/svg+xml</dc:format>
        <dc:type
           rdf:resource="http://purl.org/dc/dcmitype/StillImage" />
        <dc:title></dc:title>
      </cc:Work>
    </rdf:RDF>
  </metadata>
  <defs
     id="defs6" />
  <sodipodi:namedview
     pagecolor="#ffffff"
     bordercolor="#666666"
     borderopacity="1"
     objecttolerance="10"
     gridtolerance="10"
     guidetolerance="10"
     inkscape:pageopacity="0"
     inkscape:pageshadow="2"
     inkscape:window-width="1600"
     inkscape:window-height="824"
     id="namedview4"
     showgrid="false"
     inkscape:zoom="2.0041494"
     inkscape:cx="120.5"
     inkscape:cy="51.5"
     inkscape:window-x="0"
     inkscape:window-y="24"
     inkscape:window-maximized="1"
     inkscape:current-layer="svg2" />
  <path
     style="fill:#000000"
     d="m 26.569881,95.498968 -2.56574,0 0,-6.000004 0,-6 2.56574,0 c 1.41116,0 3.43616,0.465833 4.5,1.035184 l 1.93426,1.035184 0,3.929632 0,3.929634 -1.93426,1.03518 c -1.06384,0.56935 -3.08884,1.03519 -4.5,1.03519 z m 1.86687,-2 2.43262,0 0.63477,-2 0.63478,-2.000004 -0.63478,-2 -0.63477,-2 -2.43262,0 -2.43261,0 0,4 0,4.000004 2.43261,0 z m 8.56739,2 -1,0 0,-6.000004 0,-6 1.46146,0 1.46145,0 1.07709,4 c 0.5924,2.2 1.2674,4.000004 1.5,4.000004 0.2326,0 0.9076,-1.800004 1.5,-4.000004 l 1.07709,-4 1.46145,0 1.46146,0 0,6 0,6.000004 -1,0 -1,0 -0.10485,-4.25 -0.10486,-4.250004 -1.18202,3.809794 -1.18203,3.8098 -0.92624,0 -0.92624,0 -1.18203,-3.8098 -1.18202,-3.809794 -0.10486,4.250004 -0.10485,4.25 -1,0 z m 36.5,0 -2.1,0 -1.2,-1.2 -1.2,-1.2 0,-4.800004 0,-4.8 1,0 1,0 0,5 0,5.000004 2.5,0 2.5,0 0,-5.000004 0,-5 1,0 1,0 0,4.8 0,4.800004 -1.2,1.2 -1.2,1.2 -2.1,0 z m 8.5,0 -1,0 0,-6.000004 0,-6 1.46146,0 1.46145,0 1.07709,4 c 0.5924,2.2 1.2674,4.000004 1.5,4.000004 0.2326,0 0.9076,-1.800004 1.5,-4.000004 l 1.07709,-4 1.46145,0 1.46146,0 0,6 0,6.000004 -1,0 -1,0 -0.10485,-4.25 -0.10486,-4.250004 -1.18202,3.809794 -1.18203,3.8098 -0.92624,0 -0.92624,0 -1.18203,-3.8098 -1.18202,-3.809794 -0.10486,4.250004 -0.10485,4.25 -1,0 z m 36.877559,0 -1.87756,0 -2,-2 -2,-2 0,-2.000004 0,-2 2,-2 c 1.1,-1.1 2.58899,-2 3.30887,-2 0.71988,0 2.18238,0.660318 3.25,1.467373 l 1.94113,1.467372 -4,-0.217372 -4,-0.217373 0,3.5 0,3.500004 3.85801,-0.23261 3.85802,-0.23261 -1.23046,1.48261 -1.23046,1.48261 -1.87755,0 z m 47.2937,0 -3.17126,0 0,-6.000004 0,-6 3.34501,0 3.34501,0 1.65499,1.828741 1.65499,1.82874 0,2.516272 0,2.516271 -1.82874,1.65499 -1.82874,1.65499 -3.17126,0 z m 1.57874,-2.18358 2.75,-0.31642 0,-3.500004 0,-3.5 -2.75,-0.316422 -2.75,-0.316423 0,4.132845 0,4.132844 2.75,-0.31642 z m 39.75,2.18358 -2.1,0 -1.2,-1.2 -1.2,-1.2 0,-4.800004 0,-4.8 1,0 1,0 0,5 0,5.000004 2.5,0 2.5,0 0,-5.000004 0,-5 1,0 1,0 0,4.8 0,4.800004 -1.2,1.2 -1.2,1.2 -2.1,0 z m -88,-18.000004 -113.4999995,0 0,-0.97432 0,-0.97432 3,-1.55136 c 1.6500005,-0.853248 3.0000005,-1.329176 3.0000005,-1.057617 0,0.271558 -1.2375,1.165097 -2.7500005,1.985642 l -2.75,1.4919 112.3090195,0.04004 112.30901,0.04004 -0.61095,-0.988546 -0.61096,-0.988545 1.55194,0.595534 c 0.85357,0.327544 1.55194,0.99739 1.55194,1.488546 l 0,0.893011 -113.5,0 z m 109.43856,-3.06768 c -0.24121,-0.03722 -1.56356,-0.593802 -2.93856,-1.236839 -1.375,-0.643038 -3.4,-1.997968 -4.5,-3.010956 l -2,-1.841797 3,1.321464 c 1.65,0.726805 3.87235,2.112191 4.93856,3.078636 1.06621,0.966444 1.74121,1.726716 1.5,1.689492 z M 13.678011,71.94219 l -0.82613,1.056774 0.34506,-1.306803 0.34507,-1.306804 4.27088,-1.912131 4.27089,-1.912132 -0.51837,0.838727 c -0.2851,0.461301 -1.99051,1.434273 -3.78981,2.162161 -1.7993,0.727889 -3.64322,1.798982 -4.09759,2.380208 z m 22.82613,-2.473852 -10,0 -1.5,-0.984687 -1.5,-0.984687 1.5,-0.984687 1.5,-0.984687 2.75,-0.01531 2.75,-0.01531 0,-0.936642 0,-0.936641 -3.25,-0.403321 -3.25,-0.403322 3.25,-0.160037 3.25,-0.160037 0,-28.499999 0,-28.5000005 5,0 5,0 0,28.5000005 0,28.499999 14,0 14,0 0,-28.499999 0,-28.5000005 5,0 5,0 0,28.5000005 0,28.499999 16.25,-0.102361 16.249999,-0.102362 -3.30075,-0.781718 c -1.81541,-0.429945 -3.56703,-1.048007 -3.8925,-1.373472 l -0.59175,-0.591755 1.26494,-1.524166 1.26495,-1.524166 2.37755,0 2.37756,0 0,-1.5 0,-1.5 -2.37756,0 -2.37755,0 -1.30814,-1.576215 -1.30815,-1.576215 1.4357,-0.908472 c 0.78964,-0.499659 2.4482,-0.915362 3.6857,-0.923784 l 2.25,-0.01531 0,-21.500001 0,-21.4999995 5,0 5,0 0,21.4999995 0,21.500001 2.41821,0 c 1.33002,0 3.13002,0.273145 4,0.606989 l 1.58179,0.606989 0,1.286022 0,1.286021 -1.58179,0.606989 c -0.86998,0.333844 -2.66998,0.606989 -4,0.606989 l -2.41821,0 0,1.5 0,1.5 2.87756,0 2.87755,0 1.26495,1.524166 1.26494,1.524166 -0.63146,0.631457 c -0.3473,0.347302 -2.32392,0.959678 -4.3925,1.360835 l -3.76104,0.729378 16.75,0.114999 16.75,0.114999 0,-28.499999 0,-28.5000005 5,0 5,0 0,28.5000005 0,28.499999 15.75,-0.136182 15.75,-0.136182 -2.5,-0.448494 c -1.375,-0.246672 -2.90843,-0.841318 -3.40762,-1.321436 l -0.90762,-0.872943 1.28007,-1.542381 1.28006,-1.542382 1.87755,0 1.87756,0 0,-1.375 0,-1.375 -3.07524,-0.615048 -3.07524,-0.615048 0.33379,-1.759951 0.33379,-1.759952 2.74145,-0.316422 2.74145,-0.316423 0,-1.433577 0,-1.433578 -1.87756,0 -1.87755,0 -1.20854,-1.456195 -1.20853,-1.456195 0.64511,-1.043805 0.6451,-1.043805 2.44099,0 2.44098,0 0,-17.500001 0,-17.4999995 5,0 5,0 0,17.4999995 0,17.500001 3.25,0.01531 3.25,0.01531 1.49513,0.945202 1.49513,0.945202 -1.99513,1.507682 -1.99513,1.507681 -2.75,0.0318 -2.75,0.03181 0,1.5 0,1.5 3.37756,0 3.37755,0 1.09865,1.323794 1.09865,1.323793 -1.1762,1.176206 -1.17621,1.176206 -3.3,0 -3.3,0 0,1.5 0,1.5 3.07143,0 3.07143,0 1.36428,1.364286 1.36429,1.364285 -1.13572,1.135715 -1.13571,1.135714 -3.55,0.141905 -3.55,0.141906 3.92183,0.608094 3.92183,0.608095 0.25317,1.275 0.25317,1.275 -0.50833,-1.025 -0.50834,-1.025 -2.91666,0 -2.91667,0 0,1 0,1 2.75,0.127623 c 1.5125,0.07019 3.7925,0.235191 5.06666,0.366662 l 2.31666,0.239038 1.18334,1.267606 1.18334,1.267606 -1.9306,-1.025091 -1.93061,-1.025091 -1.42261,1.422609 -1.42261,1.42261 -11.14678,-0.281786 -11.14679,-0.281786 0,-1.5 0,-1.5 2.75,-0.316422 2.75,-0.316423 0,-0.933577 0,-0.933578 -15.5,0 -15.5,0 0,0.933578 0,0.933577 2.75,0.316423 2.75,0.316422 0,1.5 0,1.5 -11.5,0 -11.5,0 0,-1.5 0,-1.5 3.75,-0.310365 3.75,-0.310366 0,-0.939634 0,-0.939635 -16.5,0 -16.5,0 0,1 0,1 3.44098,0 3.44099,0 0.68713,1.111803 0.68713,1.111804 -1.37811,0.872884 -1.37812,0.872883 -10,0 -10,0 -1.5,-0.984687 -1.5,-0.984687 1.5,-0.984687 c 0.825,-0.541578 2.26094,-0.991578 3.19098,-1 l 1.69099,-0.01531 0.63396,-1.025773 0.63396,-1.025774 -15.824939,0.275774 -15.82495,0.275773 -0.31642,2.75 -0.31642,2.75 -4.93358,0 -4.93358,0 0,-3 0,-3 -14.05902,0 -14.05901,0 0.61803,1 0.61803,1 1.69099,0.01531 c 0.93004,0.0084 2.36598,0.458422 3.19098,1 l 1.5,0.98469 -1.5,0.984687 -1.5,0.984687 -10,0 z m 39,-0.969374 3.5,0 0,-30.999999 0,-31.0000005 -3.5,0 -3.5,0 0,31.0000005 0,30.999999 3.5,0 z m -38.25,-3.186642 3.25,-0.313358 0.26511,-29.249999 0.2651,-29.2500005 -3.5151,0 -3.51511,0 0,29.5633585 0,29.563358 3.25,-0.313359 z m 79.916669,0.186642 2.83333,0 0,-2 0,-2 -3.5,0 -3.5,0 0,1.333333 c 0,0.733334 0.3,1.633334 0.66667,2 0.36666,0.366667 1.94166,0.666667 3.5,0.666667 z m 42.83333,0 3,0 0,-29.499999 0,-29.5000005 -3,0 -3,0 0,29.5000005 0,29.499999 3,0 z m 41.24181,-0.186642 3.24181,-0.313358 0.33151,-1.75 0.33152,-1.75 -3.57333,0 -3.57332,0 0,2.063358 0,2.063359 3.24181,-0.313359 z m -84.74181,-8.813358 3.5,0 0,-1.5 0,-1.5 -3.5,0 -3.5,0 0,1.5 0,1.5 3.5,0 z m 85,0 3.5,0 0,-1.5 0,-1.5 -3.5,0 -3.5,0 0,1.5 0,1.5 3.5,0 z m -85,-7.999999 3.5,0 0,-21.000001 0,-20.9999995 -3.5,0 -3.5,0 0,20.9999995 0,21.000001 3.5,0 z m 85,0 3.5,0 0,-1.5 0,-1.5 -3.5,0 -3.5,0 0,1.5 0,1.5 3.5,0 z m 0,-8 3.5,0 0,-17.000001 0,-16.9999995 -3.5,0 -3.5,0 0,16.9999995 0,17.000001 3.5,0 z m -176.833329,24.666666 -0.66667,0.666666 0,-1.333333 0,-1.333333 0.66667,0.666666 0.66666,0.666667 -0.66666,0.666667 z"
     id="path2987"
     inkscape:connector-curvature="0" />
  <rect
     style="fill:#ffffff;stroke:none"
     id="rect3009"
     width="236.01035"
     height="20.956522"
     x="4.4906831"
     y="79.548653" />
  <text
     xml:space="preserve"
     style="font-size:17.22198868px;font-style:normal;font-weight:normal;line-height:125%;letter-spacing:0px;word-spacing:0px;fill:#000000;fill-opacity:1;stroke:none;font-family:Sans"
     x="21.673616"
     y="90.701057"
     id="text2989"
     sodipodi:linespacing="125%"
     transform="scale(0.95962097,1.0420781)"><tspan
       sodipodi:role="line"
       id="tspan2991"
       x="21.673616"
       y="90.701057"
       style="font-size:17px;font-weight:bold">DM</tspan></text>
  <text
     xml:space="preserve"
     style="font-size:20px;font-style:normal;font-weight:normal;line-height:125%;letter-spacing:0px;word-spacing:0px;fill:#000000;fill-opacity:1;stroke:none;font-family:Sans"
     x="61.867493"
     y="95.016563"
     id="text2993"
     sodipodi:linespacing="125%"><tspan
       sodipodi:role="line"
       id="tspan2995"
       x="61.867493"
       y="95.016563"
       style="font-size:17px;font-weight:bold">UM</tspan></text>
  <text
     xml:space="preserve"
     style="font-size:20px;font-style:normal;font-weight:normal;line-height:125%;letter-spacing:0px;word-spacing:0px;fill:#000000;fill-opacity:1;stroke:none;font-family:Sans"
     x="110.27122"
     y="95.515533"
     id="text2997"
     sodipodi:linespacing="125%"><tspan
       sodipodi:role="line"
       id="tspan2999"
       x="110.27122"
       y="95.515533"
       style="font-size:17px;font-weight:bold">C</tspan></text>
  <text
     xml:space="preserve"
     style="font-size:20px;font-style:normal;font-weight:normal;line-height:125%;letter-spacing:0px;word-spacing:0px;fill:#000000;fill-opacity:1;stroke:none;font-family:Sans"
     x="153.67702"
     y="95.515533"
     id="text3001"
     sodipodi:linespacing="125%"><tspan
       sodipodi:role="line"
       id="tspan3003"
       x="153.67702"
       y="95.515533"
       style="font-size:17px;font-weight:bold">D</tspan></text>
  <text
     xml:space="preserve"
     style="font-size:20px;font-style:normal;font-weight:normal;line-height:125%;letter-spacing:0px;word-spacing:0px;fill:#000000;fill-opacity:1;stroke:none;font-family:Sans"
     x="194.09317"
     y="95.016563"
     id="text3005"
     sodipodi:linespacing="125%"><tspan
       sodipodi:role="line"
       id="tspan3007"
       x="194.09317"
       y="95.016563"
       style="font-size:17px;font-weight:bold">U</tspan></text>
</svg>
