<?xml version="1.0" standalone="no"?>
<!DOCTYPE svg PUBLIC "-//W3C//DTD SVG 20010904//EN"
 "http://www.w3.org/TR/2001/REC-SVG-20010904/DTD/svg10.dtd">
<svg version="1.0" xmlns="http://www.w3.org/2000/svg"
 width="900.000000pt" height="246.000000pt" viewBox="0 0 900.000000 246.000000"
 preserveAspectRatio="xMidYMid meet">
<metadata>
Created by potrace 1.10, written by Peter Selinger 2001-2011
</metadata>
<g transform="translate(0.000000,246.000000) scale(0.100000,-0.100000)"
fill="#000000" stroke="none">
<path d="M6830 2293 c-13 -10 -58 -52 -100 -94 -98 -99 -146 -191 -182 -354
-10 -46 -13 -193 -12 -630 0 -561 5 -653 34 -707 6 -10 10 -24 10 -31 0 -14
61 -137 79 -159 112 -136 231 -222 231 -167 0 13 -36 49 -82 83 -84 62 -158
187 -195 331 -16 64 -18 123 -18 655 0 461 3 595 13 630 44 144 59 181 97 240
41 62 111 140 125 140 11 0 60 48 60 58 0 6 -7 13 -16 16 -20 8 -16 9 -44 -11z"/>
<path d="M8443 2303 c-7 -2 -13 -10 -13 -17 0 -13 41 -56 53 -56 23 0 167
-177 167 -206 0 -3 7 -20 15 -37 8 -18 19 -50 24 -72 5 -22 15 -58 22 -80 8
-27 13 -195 16 -528 6 -596 -3 -718 -63 -854 -8 -17 -14 -34 -14 -38 0 -26
-147 -205 -168 -205 -5 0 -21 -14 -37 -30 -25 -26 -27 -32 -15 -40 22 -14 40
-12 46 5 4 8 11 15 18 15 19 0 113 88 147 138 41 60 89 152 89 173 0 8 4 19 9
25 12 11 29 97 41 204 11 97 11 988 0 1060 -23 147 -44 217 -92 308 -30 57
-30 56 -79 115 -28 33 -142 128 -151 126 -2 0 -9 -3 -15 -6z"/>
<path d="M8053 2133 c-59 -20 -143 -133 -99 -133 7 0 25 11 40 25 15 14 40 32
56 40 54 28 121 -18 119 -82 -1 -44 -31 -84 -83 -113 -27 -14 -48 -30 -47 -35
0 -6 22 -12 49 -15 59 -6 79 -21 103 -75 17 -39 16 -95 -2 -95 -5 0 -9 -6 -9
-14 0 -16 -34 -40 -69 -49 -15 -4 -41 2 -67 14 -73 33 -125 20 -108 -26 11
-26 40 -35 120 -35 62 0 84 4 112 22 74 45 102 94 102 175 0 62 -18 100 -61
129 -36 24 -36 30 1 74 23 27 30 44 30 78 0 54 -25 88 -81 114 -47 21 -49 21
-106 1z"/>
<path d="M4719 1853 c-10 -2 -21 -24 -28 -56 -7 -29 -18 -77 -25 -107 -7 -30
-15 -62 -19 -70 -3 -8 -11 -37 -16 -65 -12 -59 -34 -155 -56 -245 -9 -36 -26
-114 -38 -173 -12 -59 -26 -109 -31 -110 -5 -1 -38 55 -75 126 -60 116 -68
127 -93 127 -38 0 -128 -57 -128 -81 0 -26 37 -25 65 1 21 19 22 20 38 2 17
-19 79 -131 124 -224 27 -54 50 -72 78 -62 14 6 25 32 44 104 27 101 68 264
86 345 8 33 21 89 30 125 20 81 40 169 56 240 7 30 17 61 22 68 8 11 101 13
466 12 251 -1 462 -1 469 -1 8 1 12 10 10 24 l-3 22 -480 1 c-264 1 -487 0
-496 -3z"/>
<path d="M2075 1585 c-50 -23 -73 -47 -105 -113 -30 -60 -31 -70 -31 -180 0
-103 3 -124 24 -172 29 -64 60 -100 106 -123 42 -21 59 -21 101 -1 48 25 100
84 100 116 0 7 7 26 15 42 24 46 22 236 -3 299 -25 65 -79 125 -122 137 -44
12 -49 12 -85 -5z m81 -50 c45 -31 55 -74 55 -241 -1 -178 -15 -231 -70 -253
-39 -17 -62 -3 -92 51 -21 39 -23 56 -23 193 0 134 3 155 22 197 31 66 66 83
108 53z"/>
<path d="M2715 1590 c-42 -13 -103 -86 -126 -150 -14 -40 -19 -82 -19 -157 0
-94 3 -108 30 -165 17 -35 38 -72 48 -84 20 -24 78 -54 104 -54 32 0 93 37
119 72 52 69 62 110 63 242 1 121 0 125 -32 187 -48 93 -114 131 -187 109z
m80 -56 c47 -48 50 -60 49 -240 0 -169 0 -172 -27 -212 -47 -72 -99 -65 -136
19 -18 42 -21 68 -21 184 0 101 4 145 17 177 31 80 80 110 118 72z"/>
<path d="M5043 1573 c-9 -16 -44 -64 -78 -108 -78 -104 -185 -265 -185 -279 1
-31 17 -35 135 -33 l120 2 0 -75 0 -75 40 0 40 0 0 75 0 75 29 0 c32 0 53 23
43 49 -4 10 -18 16 -41 16 -19 0 -36 4 -38 10 -1 5 0 85 3 177 4 105 3 173 -4
181 -16 20 -46 14 -64 -15z m-10 -233 l0 -115 -78 -3 c-43 -2 -84 -1 -91 2 -9
3 7 33 51 91 35 47 70 99 77 116 7 16 19 28 27 27 12 -3 15 -25 14 -118z"/>
<path d="M5382 1590 c-33 -8 -61 -28 -93 -65 -26 -31 -53 -129 -45 -166 11
-55 52 -115 92 -134 46 -21 121 -16 141 11 10 14 16 15 25 6 26 -26 -87 -181
-144 -197 -13 -3 -32 -10 -43 -15 -11 -5 -32 -11 -47 -14 -31 -7 -37 -30 -12
-40 27 -11 70 -6 90 9 10 8 26 15 34 15 40 0 155 117 195 196 28 54 30 67 30
159 -1 90 -3 104 -27 140 -35 55 -68 84 -109 95 -38 11 -41 11 -87 0z m96 -70
c44 -50 65 -154 43 -212 -12 -33 -71 -63 -105 -54 -14 3 -39 25 -56 48 -27 37
-30 49 -30 115 0 69 2 77 29 104 40 40 84 39 119 -1z"/>
<path d="M7205 1583 c-9 -10 -45 -58 -80 -108 -36 -49 -68 -94 -73 -100 -48
-61 -112 -174 -110 -195 l3 -25 120 0 120 0 0 -75 0 -75 35 0 35 0 0 75 0 75
40 0 c38 0 40 2 43 32 3 31 2 32 -39 35 l-43 3 0 185 c-1 165 -3 185 -18 188
-9 2 -24 -5 -33 -15z m-15 -239 l0 -124 -90 0 c-59 0 -90 4 -90 11 0 6 13 28
29 48 41 53 116 164 124 185 17 43 27 -3 27 -120z"/>
<path d="M260 1580 c0 -5 -1 -13 -2 -17 -2 -4 11 -10 27 -13 26 -4 30 -10 33
-43 2 -23 -3 -48 -12 -62 -9 -14 -16 -32 -16 -42 0 -10 -7 -31 -15 -47 -8 -16
-18 -46 -21 -68 -4 -21 -11 -41 -15 -44 -5 -3 -9 -13 -9 -23 0 -33 -42 -156
-58 -168 -9 -7 -26 -13 -39 -13 -17 0 -23 -6 -23 -22 0 -22 3 -23 87 -21 77 2
88 4 88 20 0 11 -9 19 -22 21 -16 2 -23 10 -23 26 0 12 3 26 7 30 5 4 14 31
21 59 7 29 20 79 28 112 8 33 18 78 20 100 7 56 13 70 24 59 17 -17 31 -116
38 -263 6 -125 9 -145 26 -155 14 -9 20 -7 30 8 6 10 44 64 85 119 90 123 161
226 161 235 1 15 49 66 56 59 7 -7 -16 -93 -42 -155 -8 -18 -14 -43 -14 -55
-1 -12 -7 -33 -15 -47 -8 -14 -14 -37 -15 -51 0 -36 -29 -69 -71 -83 -62 -20
-33 -31 83 -31 80 0 112 3 116 13 2 7 -9 15 -27 18 -40 8 -43 14 -30 55 6 19
15 50 19 69 4 19 13 49 18 65 6 17 18 57 27 90 9 33 23 81 31 106 7 26 14 53
14 60 1 24 39 61 65 64 36 3 55 23 35 35 -34 22 -160 6 -160 -20 0 -6 -40 -64
-88 -128 -101 -133 -175 -240 -185 -265 -7 -18 -32 -23 -41 -9 -4 8 -15 115
-33 347 -3 33 -9 65 -14 71 -11 14 -149 18 -149 4z"/>
<path d="M3086 1571 c-36 -24 -76 -70 -76 -86 0 -7 6 -18 14 -24 11 -9 19 -4
40 24 24 31 32 35 75 35 41 0 50 -4 69 -30 27 -36 28 -73 2 -114 -19 -31 -32
-40 -94 -65 -37 -15 -23 -32 30 -37 22 -1 51 -14 73 -32 32 -26 36 -35 39 -81
3 -48 0 -55 -31 -86 -42 -42 -76 -45 -145 -14 -52 24 -75 18 -80 -22 -2 -20 4
-28 36 -42 42 -19 117 -23 127 -7 3 6 17 10 29 10 30 0 99 61 120 104 16 34
20 102 8 143 -7 23 -35 56 -72 86 l-22 18 30 27 c55 50 58 134 5 184 -34 32
-136 37 -177 9z"/>
<path d="M3741 1358 l3 -103 -97 0 c-104 0 -131 -11 -111 -43 10 -14 27 -17
105 -17 l94 0 3 -98 3 -98 32 3 32 3 0 95 0 95 100 0 c98 0 100 1 103 24 2 13
-2 27 -10 32 -7 4 -55 5 -106 2 l-94 -6 2 89 c4 128 5 124 -31 124 l-31 0 3
-102z"/>
<path d="M1218 1315 c-3 -14 -1 -28 5 -32 12 -8 446 -7 454 0 3 4 3 18 -1 32
l-6 25 -224 0 -224 0 -4 -25z"/>
<path d="M7556 1261 c-24 -26 -17 -62 15 -80 24 -13 29 -13 53 2 16 11 26 27
26 42 0 50 -60 73 -94 36z"/>
<path d="M5895 1250 c-4 -6 -4 -21 -1 -33 5 -22 7 -22 218 -20 117 0 219 2
226 2 8 1 12 11 10 29 l-3 27 -222 3 c-150 2 -224 -1 -228 -8z"/>
<path d="M7832 1244 c-9 -7 -12 -18 -8 -32 7 -22 9 -22 286 -22 274 0 279 0
285 21 4 12 2 26 -3 31 -15 15 -540 17 -560 2z"/>
<path d="M1213 1155 c-3 -9 -1 -21 4 -26 5 -5 101 -8 234 -7 216 3 224 4 224
23 0 19 -8 20 -228 23 -200 2 -228 0 -234 -13z"/>
<path d="M2382 1077 c-28 -30 -28 -54 0 -77 16 -13 28 -15 40 -9 13 7 18 4 23
-12 8 -25 -34 -74 -72 -84 -31 -7 -27 -39 5 -43 29 -4 101 64 117 110 13 39
-4 93 -38 120 -30 24 -49 22 -75 -5z"/>
<path d="M8045 903 c-34 -18 -85 -63 -85 -76 0 -4 -7 -15 -16 -24 -19 -19 -15
-68 6 -68 8 0 20 10 26 23 21 43 53 71 88 77 63 12 107 -16 124 -79 14 -51
-15 -139 -63 -192 -5 -6 -28 -33 -50 -60 -22 -27 -66 -76 -98 -109 -44 -45
-54 -62 -45 -70 8 -6 72 -9 175 -7 l162 3 20 40 c36 69 20 113 -24 65 -30 -32
-53 -38 -149 -34 l-80 3 72 75 c40 41 72 78 72 82 0 4 6 13 14 21 8 8 29 40
45 71 61 112 35 211 -66 256 -53 23 -86 24 -128 3z"/>
</g>
</svg>
