<?xml version="1.0" standalone="no"?>
<!DOCTYPE svg PUBLIC "-//W3C//DTD SVG 20010904//EN"
 "http://www.w3.org/TR/2001/REC-SVG-20010904/DTD/svg10.dtd">
<svg version="1.0" xmlns="http://www.w3.org/2000/svg"
 width="303.000000pt" height="471.000000pt" viewBox="0 0 303.000000 471.000000"
 preserveAspectRatio="xMidYMid meet">
<metadata>
Created by potrace 1.10, written by Peter Selinger 2001-2011
</metadata>
<g transform="translate(0.000000,471.000000) scale(0.100000,-0.100000)"
fill="#000000" stroke="none">
<path d="M1503 4507 c-16 -18 -56 -57 -88 -86 -33 -30 -188 -179 -345 -331
-157 -152 -381 -368 -499 -480 -118 -113 -262 -252 -320 -310 -58 -58 -127
-124 -154 -147 l-48 -42 6 -718 c3 -395 9 -1078 13 -1518 l7 -800 54 2 c30 0
71 6 90 11 20 6 65 16 101 22 36 6 99 18 140 27 41 8 98 18 127 23 28 4 66 13
85 18 36 12 116 27 218 43 36 5 74 13 85 18 20 9 91 22 215 42 36 5 74 13 85
18 19 8 73 19 210 41 33 6 71 14 85 19 14 6 50 13 80 16 30 3 64 10 75 14 20
9 93 23 215 42 36 5 74 13 85 18 19 8 65 17 210 41 33 6 73 15 90 20 33 10
117 26 215 41 36 5 74 14 86 20 11 6 51 12 89 13 66 2 67 3 82 37 10 23 12 48
7 79 -3 25 -9 688 -13 1474 -5 1137 -3 1432 7 1442 19 19 15 27 -26 54 -20 14
-43 31 -51 38 -8 7 -26 21 -40 30 -14 9 -30 20 -36 25 -16 13 -179 128 -250
177 -36 25 -74 52 -84 60 -11 8 -27 21 -38 28 -10 7 -49 35 -88 62 -38 27 -78
55 -88 62 -10 7 -56 40 -102 73 -46 33 -123 87 -170 120 -197 139 -221 155
-232 165 -7 6 -23 14 -37 19 -20 8 -28 5 -53 -22z m172 -119 c63 -46 153 -110
200 -143 47 -33 115 -81 150 -107 35 -27 67 -48 70 -48 4 0 12 -6 19 -12 8 -7
23 -20 36 -28 12 -8 50 -35 85 -60 34 -25 73 -52 85 -60 12 -8 28 -19 34 -25
18 -16 69 -51 218 -151 137 -93 139 -94 111 -105 -15 -6 -65 -15 -110 -20 -45
-5 -94 -14 -108 -19 -15 -6 -38 -10 -52 -10 -14 0 -55 -7 -92 -15 -117 -25
-308 -61 -411 -76 -41 -6 -79 -15 -84 -20 -6 -5 -26 -9 -46 -9 -20 0 -59 -6
-86 -14 -85 -24 -131 -28 -138 -11 -8 23 -35 18 -45 -8 -8 -21 -18 -25 -75
-30 -36 -3 -75 -11 -85 -17 -11 -5 -34 -10 -52 -10 -18 0 -58 -6 -88 -14 -31
-8 -87 -19 -126 -26 -38 -6 -104 -18 -145 -26 -41 -8 -100 -18 -130 -23 -30
-4 -71 -12 -90 -18 -19 -7 -66 -16 -105 -22 -114 -17 -237 -42 -377 -77 -39
-9 -35 8 10 46 73 64 1165 1114 1271 1222 9 9 22 17 29 17 8 1 65 -36 127 -81z
m1065 -2185 c0 -775 3 -1438 6 -1475 6 -61 5 -68 -12 -74 -10 -3 -28 -10 -39
-14 -11 -5 -49 -14 -85 -20 -36 -6 -99 -18 -140 -26 -41 -9 -106 -22 -145 -29
-38 -7 -106 -21 -150 -30 -90 -18 -188 -38 -302 -61 -159 -31 -230 -46 -298
-60 -38 -8 -104 -21 -145 -29 -41 -7 -111 -21 -155 -30 -44 -9 -111 -23 -150
-30 -38 -7 -105 -21 -147 -29 -74 -15 -123 -25 -305 -62 -43 -8 -109 -22 -148
-29 -38 -8 -97 -19 -129 -25 -33 -6 -63 -13 -67 -16 -4 -2 -31 -9 -60 -14 -44
-9 -55 -8 -71 6 -10 10 -18 13 -18 7 0 -5 -12 -15 -27 -22 -16 -7 -29 -14 -30
-14 -1 -1 -4 665 -8 1480 -5 1016 -3 1487 4 1501 8 15 25 20 73 25 35 3 83 10
108 16 52 12 141 28 220 40 30 5 75 14 100 19 86 20 190 39 388 72 35 5 68 12
73 15 5 4 48 12 96 20 92 15 207 37 281 53 24 5 52 7 62 5 10 -3 29 2 42 11
12 9 41 16 63 16 22 0 56 5 75 11 19 5 73 17 120 25 47 8 121 21 165 29 44 9
107 20 140 25 33 6 73 15 89 20 16 6 40 10 54 10 13 0 54 7 91 15 79 17 153
31 241 46 36 6 69 15 75 20 5 5 22 9 37 9 l28 0 0 -1407z"/>
<path d="M1520 4350 c0 -23 22 -27 39 -7 13 16 5 27 -21 27 -11 0 -18 -7 -18
-20z"/>
<path d="M1519 4265 c-1 -25 -2 -51 -3 -57 -1 -7 8 -14 20 -16 19 -3 21 2 21
58 0 52 -3 60 -19 60 -15 0 -18 -9 -19 -45z"/>
<path d="M1514 4155 c-4 -9 -2 -21 4 -27 15 -15 44 -1 40 19 -4 23 -36 29 -44
8z"/>
<path d="M1518 4093 c-2 -5 -3 -30 -3 -58 1 -43 4 -50 21 -53 19 -3 21 2 21
58 0 51 -3 60 -18 60 -10 0 -19 -3 -21 -7z"/>
<path d="M1514 3945 c-4 -9 -2 -21 4 -27 15 -15 44 -1 40 19 -4 23 -36 29 -44
8z"/>
<path d="M1514 3833 c1 -51 3 -58 21 -58 18 0 20 7 21 58 2 53 0 57 -20 57
-21 0 -22 -5 -22 -57z"/>
<path d="M1514 3735 c-4 -9 -2 -21 4 -27 15 -15 44 -1 40 19 -4 23 -36 29 -44
8z"/>
<path d="M1521 3681 c-19 -12 -6 -43 16 -39 10 2 18 12 18 22 0 22 -14 29 -34
17z"/>
<path d="M1520 3604 c-12 -31 -1 -50 24 -41 20 8 21 41 1 57 -12 10 -16 7 -25
-16z"/>
<path d="M1517 3534 c-16 -16 -6 -34 19 -34 19 0 25 5 22 17 -3 19 -29 29 -41
17z"/>
<path d="M1517 3323 c-14 -13 -7 -33 11 -33 24 0 32 8 25 26 -5 15 -25 19 -36
7z"/>
<path d="M1514 3255 c-4 -9 -2 -21 4 -27 15 -15 44 -1 40 19 -4 23 -36 29 -44
8z"/>
<path d="M1524 3202 c-5 -4 -10 -33 -11 -64 0 -53 2 -58 22 -58 20 0 21 5 20
55 -2 57 -12 80 -31 67z"/>
<path d="M1514 3045 c-4 -9 -2 -21 4 -27 15 -15 44 -1 40 19 -4 23 -36 29 -44
8z"/>
<path d="M1523 2993 c-15 -6 -17 -39 -3 -48 7 -4 7 -12 0 -25 -17 -32 -12 -52
13 -48 15 2 21 9 19 23 -4 37 -4 50 3 71 7 22 -9 35 -32 27z"/>
<path d="M1514 2835 c-4 -9 -2 -21 4 -27 15 -15 44 -1 40 19 -4 23 -36 29 -44
8z"/>
<path d="M1514 2718 c1 -49 4 -63 17 -66 21 -4 31 22 20 51 -6 14 -6 30 0 38
15 24 10 39 -15 39 -22 0 -23 -3 -22 -62z"/>
<path d="M1513 2633 c-18 -7 -16 -30 2 -37 22 -8 46 4 43 23 -3 16 -24 23 -45
14z"/>
<path d="M1511 2571 c-19 -12 -6 -41 19 -41 25 0 38 29 19 41 -8 5 -16 9 -19
9 -3 0 -11 -4 -19 -9z"/>
<path d="M1504 2495 c-9 -23 3 -45 26 -45 16 0 20 7 20 30 0 23 -4 30 -20 30
-11 0 -23 -7 -26 -15z"/>
<path d="M1503 2414 c-5 -14 11 -34 27 -34 3 0 11 4 19 9 19 12 6 41 -19 41
-11 0 -23 -7 -27 -16z"/>
<path d="M1513 2363 c-20 -7 -15 -31 7 -38 23 -7 40 1 40 20 0 10 -25 28 -33
24 -1 0 -8 -3 -14 -6z"/>
<path d="M1504 2285 c-9 -23 3 -45 26 -45 16 0 20 7 20 30 0 23 -4 30 -20 30
-11 0 -23 -7 -26 -15z"/>
<path d="M1500 2210 c-11 -7 -12 -12 -4 -20 16 -16 59 -8 59 10 0 18 -34 24
-55 10z"/>
<path d="M1508 2153 c-26 -7 -22 -32 6 -39 28 -7 46 1 46 21 0 10 -26 29 -33
24 -1 -1 -10 -3 -19 -6z"/>
<path d="M1492 2068 c2 -17 10 -23 28 -23 18 0 26 6 28 23 3 19 -1 22 -28 22
-27 0 -31 -3 -28 -22z"/>
<path d="M1513 2007 c-33 -15 -29 -37 6 -37 35 0 49 17 30 35 -10 10 -20 10
-36 2z"/>
<path d="M1508 1943 c-26 -7 -22 -32 6 -39 28 -7 46 1 46 21 0 10 -26 29 -33
24 -1 -1 -10 -3 -19 -6z"/>
<path d="M1493 1820 c0 -58 1 -60 27 -60 26 0 27 2 27 60 0 58 -1 60 -27 60
-26 0 -27 -2 -27 -60z"/>
<path d="M1492 1727 c-15 -18 -5 -27 30 -27 23 0 29 4 26 18 -4 21 -41 28 -56
9z"/>
<path d="M1485 1660 c-4 -6 -1 -17 5 -25 9 -11 17 -11 36 -3 34 16 31 38 -5
38 -17 0 -33 -5 -36 -10z"/>
<path d="M1494 1595 c-10 -25 4 -47 28 -43 28 4 33 21 13 42 -20 20 -34 20
-41 1z"/>
<path d="M1483 1513 c-4 -10 -13 -23 -21 -29 -19 -14 -12 -48 11 -52 12 -3 17
3 17 22 0 31 2 31 51 9 22 -11 39 -25 39 -35 0 -24 16 -31 40 -16 28 18 26 48
-3 48 -12 0 -28 9 -34 19 -8 12 -19 17 -31 14 -14 -3 -21 2 -25 16 -6 26 -35
28 -44 4z"/>
<path d="M1395 1430 c-9 -15 4 -50 20 -50 16 0 29 35 20 50 -3 5 -12 10 -20
10 -8 0 -17 -5 -20 -10z"/>
<path d="M1636 1403 c-4 -9 0 -23 9 -32 13 -14 17 -14 32 1 13 14 14 20 3 32
-16 21 -36 20 -44 -1z"/>
<path d="M1331 1351 c-25 -22 -31 -35 -26 -50 6 -21 34 -29 36 -11 1 6 2 14 3
19 1 12 15 26 27 27 5 1 14 2 19 3 6 0 10 10 10 21 0 29 -31 25 -69 -9z"/>
<path d="M1690 1360 c0 -25 25 -36 45 -20 20 16 7 40 -21 40 -17 0 -24 -6 -24
-20z"/>
<path d="M1754 1336 c-9 -24 4 -48 23 -44 24 4 24 52 0 56 -9 2 -20 -4 -23
-12z"/>
<path d="M1816 1294 c-11 -29 -6 -44 18 -50 14 -3 27 -12 30 -20 3 -8 15 -14
26 -14 11 0 20 -7 20 -15 0 -9 9 -15 23 -15 16 0 28 -9 35 -25 7 -14 20 -25
31 -25 11 0 23 -9 26 -20 8 -24 15 -25 40 -6 16 12 17 16 6 30 -7 9 -19 16
-26 16 -7 0 -15 7 -19 15 -3 8 -17 20 -31 25 -14 5 -25 14 -25 20 0 5 -11 10
-24 10 -16 0 -26 7 -29 21 -5 17 -11 20 -31 17 -21 -4 -26 -1 -31 23 -7 31
-29 39 -39 13z"/>
<path d="M1245 1280 c-10 -17 6 -51 22 -48 26 5 41 37 23 48 -20 13 -37 13
-45 0z"/>
<path d="M1182 1204 c-32 -27 -43 -66 -22 -79 16 -10 40 15 40 41 0 19 5 24
25 24 28 0 34 24 9 34 -9 3 -17 6 -18 6 -1 0 -17 -12 -34 -26z"/>
<path d="M1095 1118 c-4 -13 -17 -30 -28 -40 -18 -14 -19 -19 -8 -32 19 -22
38 -20 47 6 3 12 16 29 27 39 18 14 19 19 8 33 -19 23 -38 20 -46 -6z"/>
<path d="M2082 1088 c2 -15 10 -23 23 -23 30 0 27 39 -3 43 -20 3 -23 0 -20
-20z"/>
<path d="M2151 1066 c-18 -22 -9 -51 17 -54 18 -3 22 1 22 21 0 33 -23 52 -39
33z"/>
<path d="M1012 1038 c-7 -7 -12 -22 -12 -35 0 -18 -6 -23 -25 -23 -18 0 -25
-5 -25 -20 0 -16 7 -20 30 -20 17 0 30 5 30 13 0 7 9 18 21 25 14 9 19 21 17
39 -3 30 -18 39 -36 21z"/>
<path d="M2205 1016 c-16 -12 -17 -16 -6 -30 7 -9 18 -16 23 -16 5 0 16 -7 24
-15 9 -8 24 -15 34 -15 10 0 20 -7 24 -15 3 -8 15 -15 26 -15 13 0 20 -7 20
-18 0 -24 19 -42 36 -35 22 8 17 51 -6 58 -11 3 -20 13 -20 21 0 8 -10 14 -24
14 -16 0 -26 7 -29 21 -5 17 -11 20 -31 15 -19 -5 -26 -2 -26 8 0 25 -25 37
-45 22z"/>
<path d="M910 926 c-18 -22 -5 -48 22 -44 17 2 23 10 23 28 0 29 -26 38 -45
16z"/>
<path d="M858 863 c-2 -22 -9 -29 -30 -31 -16 -2 -28 -9 -28 -15 0 -7 -9 -21
-21 -30 -25 -22 -21 -52 6 -52 14 0 21 8 23 28 3 21 9 27 26 27 15 0 26 7 29
20 3 11 12 20 21 20 11 0 16 9 16 30 0 23 -5 30 -19 30 -14 0 -21 -8 -23 -27z"/>
<path d="M2414 855 c-9 -22 6 -37 31 -31 18 5 24 1 29 -20 5 -17 12 -24 24
-22 25 5 23 52 -2 56 -11 2 -26 10 -34 18 -18 18 -41 18 -48 -1z"/>
<path d="M2537 793 c-12 -11 -8 -40 7 -52 18 -15 37 8 29 37 -5 21 -23 29 -36
15z"/>
<path d="M2595 740 c-17 -19 -17 -20 6 -30 13 -5 31 -15 40 -22 18 -13 54 -3
44 12 -3 5 -15 10 -26 10 -12 0 -23 10 -29 25 -11 30 -12 30 -35 5z"/>
<path d="M708 713 c-2 -20 -9 -29 -25 -31 -26 -4 -31 -27 -8 -36 9 -3 23 3 32
14 10 11 23 20 29 20 15 0 25 26 18 45 -11 27 -42 18 -46 -12z"/>
<path d="M617 634 c-4 -4 -7 -18 -7 -31 0 -20 5 -24 23 -21 16 2 22 10 22 28
0 24 -23 39 -38 24z"/>
<path d="M560 566 c0 -15 -6 -26 -14 -26 -7 0 -19 -7 -27 -16 -10 -13 -10 -17
2 -25 23 -14 41 -10 46 11 3 11 12 20 20 20 21 0 13 54 -9 58 -13 3 -18 -3
-18 -22z"/>
<path d="M467 484 c-4 -4 -7 -15 -7 -25 0 -11 -9 -19 -22 -21 -15 -2 -24 -11
-26 -25 -2 -13 -9 -23 -16 -23 -8 0 -19 -7 -27 -16 -10 -13 -10 -17 2 -25 22
-14 37 -11 44 10 3 11 16 21 28 23 14 2 23 11 25 24 2 12 12 24 23 27 15 4 20
12 17 29 -3 22 -27 35 -41 22z"/>
<path d="M322 328 c-7 -7 -12 -18 -12 -25 0 -7 -9 -13 -19 -13 -24 0 -33 -13
-25 -34 9 -24 44 -20 44 4 0 11 6 20 13 20 7 0 22 6 32 14 16 12 17 16 6 30
-16 19 -23 20 -39 4z"/>
<path d="M225 230 c-4 -6 -1 -17 5 -26 14 -16 40 -2 40 22 0 16 -36 19 -45 4z"/>
</g>
</svg>
