<?xml version="1.0" standalone="no"?>
<!DOCTYPE svg PUBLIC "-//W3C//DTD SVG 20010904//EN"
 "http://www.w3.org/TR/2001/REC-SVG-20010904/DTD/svg10.dtd">
<svg version="1.0" xmlns="http://www.w3.org/2000/svg"
 width="900.000000pt" height="492.000000pt" viewBox="0 0 900.000000 492.000000"
 preserveAspectRatio="xMidYMid meet">
<metadata>
Created by potrace 1.10, written by Peter Selinger 2001-2011
</metadata>
<g transform="translate(0.000000,492.000000) scale(0.100000,-0.100000)"
fill="#000000" stroke="none">
<path d="M6878 4820 c-14 -9 -30 -50 -32 -85 -1 -5 -7 -20 -14 -32 -6 -12 -9
-29 -6 -37 4 -10 0 -18 -10 -22 -9 -3 -16 -15 -16 -27 0 -11 -7 -28 -16 -38
-20 -22 -12 -49 14 -49 22 0 47 25 56 58 6 18 14 22 51 22 40 0 45 -3 62 -37
13 -28 25 -39 46 -41 32 -4 35 11 10 60 -30 60 -33 68 -33 83 0 8 -4 23 -9 33
-5 9 -15 38 -21 64 -9 33 -18 48 -34 52 -27 7 -28 7 -48 -4z m42 -95 c0 -13 5
-25 12 -27 21 -7 0 -38 -26 -38 -29 0 -43 17 -27 33 6 6 11 21 11 32 0 12 3
25 6 28 12 11 24 -3 24 -28z"/>
<path d="M6740 4303 c-69 -41 -152 -90 -185 -109 -113 -61 -220 -123 -231
-133 -6 -5 -30 -19 -53 -30 -23 -12 -72 -42 -108 -66 -37 -25 -70 -45 -75 -45
-4 0 -36 -17 -71 -39 -57 -34 -91 -54 -242 -136 -22 -12 -72 -43 -112 -68 -39
-26 -75 -47 -78 -47 -4 0 -52 -27 -107 -60 -54 -33 -101 -60 -104 -60 -7 0
-327 -189 -401 -237 -28 -18 -60 -36 -70 -40 -23 -9 -241 -143 -313 -192 -30
-21 -93 -58 -140 -83 -97 -51 -273 -152 -310 -178 -14 -9 -38 -23 -55 -31 -39
-20 -364 -212 -439 -261 -32 -21 -62 -38 -67 -38 -6 0 -40 -20 -78 -45 -38
-25 -71 -45 -75 -45 -4 0 -31 -15 -59 -33 -29 -19 -74 -46 -102 -62 -27 -15
-64 -38 -81 -51 -17 -12 -62 -39 -100 -60 -38 -20 -87 -49 -109 -63 -22 -14
-49 -31 -61 -37 -11 -6 -53 -31 -93 -55 -40 -24 -87 -52 -104 -63 -18 -10 -81
-48 -141 -85 -60 -36 -133 -79 -162 -96 -126 -71 -192 -110 -239 -141 -28 -19
-54 -34 -58 -34 -4 0 -33 -17 -65 -38 -83 -54 -94 -61 -120 -72 -13 -6 -55
-30 -93 -55 -38 -25 -72 -45 -74 -45 -4 0 -218 -126 -255 -150 -8 -5 -40 -23
-70 -40 -30 -16 -90 -51 -132 -77 -137 -85 -211 -129 -320 -192 -60 -33 -155
-89 -213 -123 -58 -35 -120 -71 -138 -82 -18 -10 -84 -49 -147 -87 -63 -38
-135 -79 -160 -91 -31 -16 -45 -29 -45 -43 0 -20 6 -20 465 -19 951 1 1845 7
2175 15 187 4 774 10 1305 14 531 3 1228 10 1550 15 322 5 936 12 1365 15 847
6 1339 13 1535 24 179 9 178 11 -42 131 -15 8 -58 34 -95 56 -62 38 -111 66
-233 131 -24 13 -54 32 -65 42 -11 10 -36 24 -55 31 -19 8 -73 37 -118 64 -46
28 -96 58 -110 66 -14 8 -66 39 -114 67 -49 29 -91 53 -94 53 -3 0 -73 40
-156 90 -83 49 -157 90 -164 90 -7 0 -19 6 -26 13 -13 14 -62 43 -154 94 -217
120 -314 176 -314 182 -7 449 -10 764 -15 1576 -4 545 -10 1024 -14 1065 -5
65 -9 75 -26 77 -11 1 -76 -32 -145 -74z m125 -578 c5 -313 9 -601 10 -640 5
-224 9 -1385 4 -1390 -4 -3 -28 9 -55 27 -27 18 -60 39 -74 45 -14 7 -32 17
-40 23 -44 28 -151 90 -157 90 -4 0 -23 11 -42 23 -65 43 -262 157 -271 157
-5 0 -15 6 -22 13 -15 14 -117 77 -125 77 -2 0 -75 42 -161 93 -87 51 -204
120 -262 152 -58 32 -153 87 -211 122 -59 35 -110 63 -115 63 -4 0 -15 7 -23
15 -15 13 -71 45 -230 132 -36 20 -93 53 -128 74 -35 22 -66 39 -70 39 -3 0
-30 16 -59 36 -30 19 -84 49 -121 66 -98 46 -107 65 -40 94 49 21 136 73 155
91 7 7 18 13 23 13 5 0 26 11 47 24 34 21 181 107 277 162 22 12 71 43 110 68
38 25 74 46 80 46 6 0 42 20 80 45 39 25 73 45 78 45 4 0 85 47 181 105 95 58
177 105 180 105 4 0 24 11 46 25 22 14 66 39 97 56 32 17 111 63 176 103 147
89 138 84 222 130 120 67 389 228 405 242 8 8 17 11 21 6 4 -4 10 -263 14
-577z m-2225 -800 c27 -19 52 -35 54 -35 3 0 61 -34 129 -75 69 -41 127 -75
131 -75 3 0 38 -19 78 -43 67 -40 216 -126 263 -151 11 -7 38 -23 60 -37 22
-14 70 -42 107 -62 37 -20 85 -47 105 -60 21 -13 45 -26 53 -29 8 -3 91 -51
183 -107 93 -55 172 -101 176 -101 4 0 23 -12 42 -26 19 -14 59 -37 89 -52 30
-14 80 -42 110 -61 30 -19 71 -44 90 -56 48 -30 92 -55 345 -197 88 -49 176
-97 195 -108 l35 -18 6 -408 c3 -225 2 -416 -3 -425 -6 -14 -20 -16 -91 -12
-77 5 -86 4 -106 -16 -20 -20 -22 -29 -16 -86 4 -36 5 -76 1 -89 l-6 -25 -233
0 c-597 -1 -2313 -12 -2492 -16 -110 -3 -877 -12 -1705 -20 -828 -8 -1574 -18
-1659 -21 -153 -7 -153 -7 -140 13 7 11 28 28 48 36 20 9 77 40 126 68 50 29
108 62 130 74 63 34 274 158 458 269 93 55 180 108 195 116 15 9 74 42 132 75
58 32 123 71 144 87 21 15 43 28 49 28 5 0 39 20 76 44 36 24 77 49 91 56 14
7 129 75 257 151 128 77 235 139 239 139 3 0 37 20 74 45 37 25 70 45 73 45 8
0 382 224 432 259 22 15 54 34 70 42 17 8 170 99 342 202 172 103 314 187 317
187 3 0 36 20 73 45 37 25 73 45 80 45 7 0 13 4 13 9 0 5 10 13 23 17 12 4 36
17 53 30 17 13 34 24 38 24 8 0 409 237 511 302 33 21 70 38 83 38 12 0 45
-16 72 -35z m2400 -1390 c37 -25 70 -45 74 -45 3 0 51 -27 107 -60 55 -33 104
-60 108 -60 3 0 23 -11 43 -25 47 -32 177 -107 353 -205 77 -42 192 -108 255
-146 64 -38 132 -78 153 -88 20 -11 37 -23 37 -28 0 -5 -11 -26 -25 -49 -26
-40 -41 -93 -52 -182 -3 -26 -9 -49 -13 -52 -3 -2 -202 -5 -441 -6 -239 -1
-486 -5 -549 -9 -75 -5 -119 -4 -127 2 -10 8 -13 111 -13 452 -1 242 -5 461
-10 486 -14 76 4 79 100 15z m1204 -684 c10 -15 250 -153 399 -229 16 -8 25
-17 22 -21 -4 -3 -121 -7 -260 -7 -185 -1 -255 2 -258 10 -5 13 15 133 32 185
16 52 51 85 65 62z m-1356 -120 c8 -4 16 -34 19 -68 7 -80 -6 -93 -96 -93 -39
0 -72 5 -79 12 -18 18 -15 123 4 142 17 17 128 23 152 7z"/>
<path d="M7643 944 c-4 -12 3 -25 25 -44 18 -15 32 -33 32 -42 0 -9 7 -21 15
-28 14 -12 14 -15 0 -30 -8 -9 -15 -22 -15 -28 0 -6 -13 -20 -30 -32 -38 -27
-39 -57 -3 -66 29 -8 47 9 65 59 14 37 38 31 60 -15 21 -44 32 -52 64 -44 32
8 30 28 -6 63 -16 15 -30 32 -30 37 0 5 -7 18 -17 28 -15 17 -15 19 0 36 10
10 17 22 17 27 0 5 14 20 32 35 41 34 34 63 -14 58 -28 -2 -35 -9 -44 -38 -17
-51 -47 -52 -70 -3 -22 43 -68 59 -81 27z"/>
<path d="M6794 666 c-9 -24 4 -48 23 -44 12 2 18 12 18 28 0 29 -32 41 -41 16z"/>
<path d="M4248 3323 c-2 -5 -3 -69 -3 -143 l0 -135 25 0 25 0 -3 88 c-3 58 0
87 7 87 6 0 11 -15 11 -34 0 -21 6 -36 15 -40 9 -3 15 -18 15 -39 0 -36 15
-57 41 -57 18 0 36 51 24 70 -3 5 1 13 9 16 11 4 16 20 16 51 0 31 4 43 13 40
8 -3 12 -30 12 -90 0 -47 3 -88 7 -92 3 -4 15 -4 26 -1 19 6 20 15 19 139 0
80 -5 135 -11 139 -6 4 -21 8 -34 8 -27 0 -46 -39 -64 -126 -11 -53 -28 -74
-28 -34 0 11 -7 23 -15 26 -9 4 -15 19 -15 41 0 54 -25 93 -60 93 -16 0 -30
-3 -32 -7z"/>
<path d="M7133 1973 c-10 -3 -13 -42 -13 -144 0 -115 3 -141 15 -145 8 -4 22
-1 31 6 12 11 14 28 8 98 l-7 84 27 -17 c14 -9 26 -25 26 -34 0 -9 9 -24 20
-34 11 -9 20 -23 20 -30 0 -7 15 -28 34 -46 27 -26 38 -31 52 -23 16 9 18 27
21 146 l2 136 -25 6 c-14 4 -28 3 -32 -1 -4 -4 -7 -45 -7 -92 0 -55 -4 -87
-11 -90 -7 -2 -14 6 -18 19 -3 13 -17 36 -31 52 -14 16 -25 34 -25 41 0 11
-61 76 -70 74 -3 0 -11 -3 -17 -6z"/>
<path d="M8792 420 c-18 -10 -41 -33 -50 -52 -35 -67 -9 -189 43 -202 14 -4
25 -11 25 -16 0 -6 24 -10 53 -10 46 0 56 4 80 32 33 37 32 62 -5 66 -19 2
-30 -3 -38 -17 -14 -27 -70 -28 -93 -3 -24 27 -23 123 1 145 26 23 76 22 93
-2 18 -26 49 -30 62 -9 10 14 5 24 -23 53 -28 29 -40 35 -74 34 -23 -1 -56 -9
-74 -19z"/>
<path d="M6800 221 l0 -139 68 -4 c124 -9 172 32 172 148 0 35 -4 64 -10 64
-5 0 -13 12 -16 26 -9 34 -39 44 -135 44 l-79 0 0 -139z m158 73 c18 -13 22
-25 22 -73 0 -67 -9 -79 -68 -86 -53 -7 -58 3 -54 99 l4 76 37 0 c20 0 47 -7
59 -16z"/>
<path d="M133 335 c-11 -8 -13 -38 -11 -145 l3 -135 89 -3 89 -3 34 36 c40 42
41 54 7 94 -24 29 -24 32 -10 53 22 31 20 52 -8 84 -22 26 -29 28 -101 29 -43
0 -84 -4 -92 -10z m152 -80 c0 -29 -1 -30 -49 -30 -52 0 -75 18 -63 49 5 14
17 16 59 14 52 -3 53 -4 53 -33z m11 -102 c26 -35 17 -43 -51 -43 -68 0 -85
11 -71 45 8 23 105 21 122 -2z"/>
</g>
</svg>
