<?xml version="1.0" standalone="no"?>
<!DOCTYPE svg PUBLIC "-//W3C//DTD SVG 20010904//EN"
 "http://www.w3.org/TR/2001/REC-SVG-20010904/DTD/svg10.dtd">
<svg version="1.0" xmlns="http://www.w3.org/2000/svg"
 width="900.000000pt" height="477.000000pt" viewBox="0 0 900.000000 477.000000"
 preserveAspectRatio="xMidYMid meet">
<metadata>
Created by potrace 1.10, written by Peter Selinger 2001-2011
</metadata>
<g transform="translate(0.000000,477.000000) scale(0.100000,-0.100000)"
fill="#000000" stroke="none">
<path d="M3234 4660 c-7 -7 -547 -10 -1546 -10 -845 0 -1543 -3 -1552 -6 -21
-8 -21 -30 0 -38 9 -3 707 -6 1550 -6 l1535 1 0 -728 0 -728 -1533 -2 c-843
-2 -1539 -3 -1546 -3 -9 0 -12 -10 -10 -27 l3 -28 1495 -3 c855 -1 1513 2
1538 7 23 5 45 5 47 0 3 -4 6 -169 6 -366 l0 -358 -1543 -2 c-1506 -2 -1543
-2 -1546 -21 -2 -10 3 -23 10 -28 8 -5 628 -7 1543 -4 842 3 1531 4 1533 4 2
-1 4 -565 2 -708 0 -15 -5 -17 -30 -12 -17 3 -711 6 -1543 6 l-1512 1 0 -26 0
-26 1543 -2 1543 -2 0 -353 0 -353 -1534 1 c-844 0 -1542 -2 -1551 -6 -21 -8
-21 -30 0 -38 9 -4 707 -6 1551 -6 l1534 1 0 -363 c0 -200 -1 -365 -1 -368 0
-3 -700 -4 -1555 -2 -1400 2 -1556 1 -1562 -13 -3 -9 -3 -18 -1 -20 6 -7 8810
-7 8816 -1 2 3 2 12 -2 21 -5 14 -151 15 -1446 15 l-1441 -1 0 366 0 366 1443
2 c1436 2 1443 2 1443 22 0 20 -7 20 -1443 22 l-1444 2 1 353 0 353 1437 2
c888 1 1441 6 1447 12 5 5 6 15 0 26 -9 15 -119 16 -1423 15 -777 0 -1424 -3
-1437 -6 -18 -5 -23 -2 -23 12 -2 120 0 707 2 708 2 0 644 -1 1428 -4 1344 -5
1426 -4 1445 12 14 13 16 21 8 29 -7 7 -429 11 -1447 12 l-1437 2 0 364 c0
200 2 365 3 367 2 1 21 -1 43 -6 23 -6 620 -10 1432 -10 l1392 0 12 22 c10 18
8 24 -7 35 -11 8 -28 12 -39 9 -23 -7 -2826 -8 -2832 -2 -3 3 -6 624 -3 706 0
3 649 5 1442 5 1436 0 1443 0 1443 20 0 20 -7 20 -2823 22 l-2823 3 0 350 -1
350 2824 3 c2816 2 2823 2 2823 22 0 20 -7 20 -2824 22 -1842 2 -2828 6 -2836
13 -7 6 -15 6 -21 0z m2746 -810 c3 -81 0 -703 -3 -706 -5 -5 -2699 -5 -2704
0 -3 3 -6 711 -3 711 0 0 610 0 1355 0 745 0 1355 -2 1355 -5z m-1376 -768
c835 -1 1311 1 1334 8 20 5 37 8 39 6 2 -2 4 -167 4 -367 l0 -364 -1356 0
-1357 0 1 355 c0 195 1 361 1 369 0 9 5 11 18 5 9 -5 601 -10 1316 -12z m1376
-777 c0 -20 1 -681 0 -695 0 -13 -157 -15 -1355 -15 -897 0 -1355 3 -1355 10
-1 18 -1 690 0 700 0 14 2710 14 2710 0z m1 -1113 l1 -352 -1357 0 -1357 0 1
352 c0 194 1 354 1 356 0 1 610 1 1355 0 l1356 -3 0 -353z m0 -764 c0 -200 -1
-365 -1 -368 0 -3 -610 -4 -1356 -3 l-1356 3 1 365 c0 201 0 366 1 368 0 1
610 1 1356 0 l1355 -3 0 -362z"/>
<path d="M4668 3712 c-23 -5 -23 -28 -1 -36 23 -9 49 17 31 31 -7 5 -21 8 -30
5z"/>
<path d="M3977 3703 c-4 -3 -7 -64 -7 -135 0 -128 0 -129 23 -126 20 3 22 8
23 68 0 36 1 71 2 78 3 22 22 3 22 -22 0 -13 7 -29 15 -36 8 -7 15 -28 15 -47
0 -21 6 -36 15 -39 24 -9 45 15 45 52 0 26 -6 36 -27 46 -22 11 -29 22 -34 59
-10 66 -34 109 -63 109 -12 0 -26 -3 -29 -7z"/>
<path d="M4165 3700 c-11 -17 -35 -105 -35 -127 0 -26 18 -31 25 -8 3 8 7 22
10 31 11 34 20 0 20 -74 0 -70 2 -77 20 -77 19 0 20 7 21 115 1 63 -1 123 -3
133 -5 18 -47 24 -58 7z"/>
<path d="M4298 3625 c-37 -34 -52 -89 -33 -125 17 -34 61 -70 84 -70 19 0 81
48 81 61 0 15 -42 10 -61 -7 -22 -20 -59 -3 -59 27 0 19 5 21 58 17 l57 -3 3
31 c2 24 -4 39 -28 63 -38 38 -66 39 -102 6z m76 -30 c25 -19 12 -35 -30 -35
-38 0 -47 22 -16 39 22 13 23 13 46 -4z"/>
<path d="M4516 3643 c-4 -4 -17 -8 -29 -8 -21 0 -22 -5 -25 -97 -3 -98 -3 -98
22 -98 30 0 37 17 29 78 -6 52 8 92 32 92 23 0 35 -35 35 -104 0 -59 2 -66 19
-66 26 0 31 22 22 102 -4 43 -14 74 -26 87 -18 20 -64 28 -79 14z"/>
<path d="M4786 3643 c-4 -5 -18 -8 -29 -8 -21 0 -22 -5 -25 -97 -3 -91 -1 -98
17 -98 25 0 31 18 24 82 -4 45 -2 56 16 72 21 19 21 19 42 0 18 -16 20 -27 16
-72 -7 -64 -1 -82 24 -82 17 0 19 8 19 83 0 74 -3 86 -23 105 -23 22 -66 29
-81 15z"/>
<path d="M4962 3632 c-16 -13 -23 -28 -22 -52 0 -19 -3 -51 -6 -71 -5 -31 -2
-39 22 -58 21 -16 35 -20 54 -15 14 4 36 7 50 7 36 -2 41 13 33 97 -5 58 -11
78 -27 92 -27 22 -75 22 -104 0z m71 -41 c8 -31 -6 -43 -36 -32 -31 12 -34 26
-9 40 26 15 39 13 45 -8z m14 -67 c8 -21 -30 -59 -51 -51 -26 10 -32 38 -11
53 25 19 54 18 62 -2z"/>
<path d="M5142 3627 c-42 -44 -25 -75 53 -102 34 -11 45 -39 19 -49 -9 -3 -30
1 -47 9 -45 23 -61 2 -24 -31 35 -30 74 -30 110 0 51 42 25 94 -56 111 -23 5
-26 8 -17 24 8 17 14 18 38 9 16 -6 37 -8 47 -4 17 6 17 9 -8 31 -35 33 -86
33 -115 2z"/>
<path d="M4665 3627 c-3 -7 -5 -51 -3 -98 3 -71 6 -84 21 -87 16 -3 17 5 15
94 -2 67 -7 99 -15 102 -7 2 -15 -3 -18 -11z"/>
<path d="M4582 2937 c-45 -29 -61 -62 -62 -120 0 -113 85 -173 159 -111 25 21
31 33 31 65 0 32 -6 46 -32 70 -34 30 -62 37 -74 18 -9 -15 -24 9 -17 28 7 18
48 17 67 -2 30 -31 66 -12 46 25 -8 15 -74 54 -84 49 0 0 -16 -10 -34 -22z
m65 -128 c27 -45 0 -99 -42 -83 -22 9 -29 50 -15 85 15 35 35 35 57 -2z"/>
<path d="M4523 2174 c-9 -24 17 -35 65 -29 45 7 54 -4 28 -34 -19 -22 -46 -99
-48 -141 -3 -30 0 -35 20 -38 12 -2 24 3 26 10 2 7 12 40 21 73 10 33 31 80
47 104 42 63 35 71 -67 71 -69 0 -87 -3 -92 -16z"/>
<path d="M4552 1393 c-5 -10 -12 -39 -16 -65 -6 -40 -4 -47 11 -50 10 -2 28 0
41 6 52 22 97 -38 56 -78 -20 -21 -33 -20 -59 4 -13 12 -28 17 -43 13 -54 -14
5 -73 73 -73 60 0 95 29 95 80 0 21 -3 46 -6 55 -8 19 -55 45 -83 45 -25 0
-38 20 -20 31 8 5 33 9 57 9 36 0 43 3 40 18 -5 26 -133 31 -146 5z"/>
<path d="M4553 639 c-43 -27 -44 -59 -4 -59 16 0 31 6 35 15 7 20 52 19 60 -2
13 -32 -14 -77 -69 -118 -87 -64 -69 -95 55 -95 54 0 72 4 76 15 10 25 -16 47
-48 41 -43 -9 -41 8 7 60 34 35 45 55 45 79 0 68 -94 106 -157 64z"/>
<path d="M4754 4479 c-3 -6 -8 -65 -10 -130 -2 -107 -1 -120 16 -129 30 -16
40 9 33 82 -3 41 -2 68 5 72 6 3 27 -21 48 -56 49 -81 64 -98 86 -98 20 0 21
4 19 75 -1 28 2 74 7 103 8 44 6 57 -8 74 -28 35 -40 14 -40 -73 0 -43 -4 -79
-9 -79 -5 0 -24 25 -41 55 -35 62 -77 115 -90 115 -5 0 -12 -5 -16 -11z"/>
<path d="M5056 4474 c-12 -30 -6 -44 17 -44 23 0 53 41 40 54 -13 12 -51 5
-57 -10z"/>
<path d="M6207 4473 c-4 -3 -7 -15 -7 -25 0 -11 -7 -18 -20 -18 -23 0 -68 -26
-87 -50 -7 -8 -13 -36 -13 -61 0 -41 4 -50 37 -78 34 -29 41 -31 82 -25 26 4
49 8 53 11 4 2 8 60 7 129 0 122 -1 124 -23 124 -12 0 -26 -3 -29 -7z m-7
-108 c14 -17 8 -91 -8 -107 -6 -6 -17 -6 -31 1 -17 9 -21 21 -21 60 0 26 3 51
7 54 11 12 40 7 53 -8z"/>
<path d="M6952 4453 c-12 -21 -4 -181 10 -210 14 -28 34 -36 60 -22 l20 11
-21 19 c-24 22 -28 85 -11 136 14 39 -2 83 -29 83 -11 0 -24 -7 -29 -17z"/>
<path d="M5220 4415 l-35 -13 0 -88 c0 -88 0 -89 25 -89 24 0 25 2 22 60 -4
71 15 107 45 89 15 -9 18 -24 18 -80 0 -64 2 -69 23 -72 21 -3 22 0 22 71 0
60 3 76 16 81 32 12 44 -13 42 -83 -3 -65 -3 -66 25 -69 l27 -3 0 75 c0 66 -3
78 -26 105 -25 30 -64 42 -64 21 0 -5 -13 -10 -29 -10 -17 0 -33 5 -36 10 -8
13 -30 11 -75 -5z"/>
<path d="M5513 4404 c-31 -24 -33 -30 -33 -84 0 -53 3 -61 31 -84 17 -14 38
-26 46 -26 24 0 83 40 83 56 0 19 -25 18 -56 -2 -23 -16 -26 -15 -44 1 -37 33
-26 46 40 44 33 -1 63 1 67 5 11 10 -18 78 -41 98 -29 24 -56 22 -93 -8z m82
-44 c0 -16 -37 -25 -62 -16 -13 5 -13 9 -2 22 15 19 64 15 64 -6z"/>
<path d="M5710 4421 c-24 -7 -25 -10 -28 -105 -3 -97 -3 -97 20 -94 21 3 23 9
24 63 1 33 2 66 3 73 1 7 13 17 27 22 16 7 24 16 22 28 -4 19 -30 24 -68 13z"/>
<path d="M5833 4411 c-12 -10 -28 -34 -37 -54 -13 -32 -13 -40 1 -75 15 -40
56 -72 91 -72 27 0 78 49 86 83 11 46 -10 100 -45 120 -39 22 -68 21 -96 -2z
m68 -41 c26 -15 26 -80 0 -104 -18 -17 -20 -17 -40 3 -27 27 -29 86 -3 100 21
13 20 13 43 1z"/>
<path d="M6323 4405 c-56 -45 -56 -134 1 -173 18 -12 41 -22 52 -22 29 1 78
45 71 64 -8 21 -19 20 -47 -4 -29 -25 -35 -25 -60 0 -30 30 -15 43 44 38 62
-6 76 -2 76 22 0 33 -20 65 -51 83 -40 22 -48 22 -86 -8z m76 -38 c15 -19 4
-27 -36 -27 -22 0 -33 5 -33 14 0 26 50 35 69 13z"/>
<path d="M6567 4423 c-10 -10 -8 -53 2 -53 5 0 13 -14 16 -32 4 -18 11 -39 15
-48 4 -8 13 -27 19 -42 7 -20 18 -28 34 -28 20 0 26 9 42 63 10 34 24 69 31
78 18 21 18 48 -1 55 -22 9 -45 -14 -45 -45 0 -14 -4 -32 -9 -40 -14 -22 -37
2 -45 44 -8 38 -42 66 -59 48z"/>
<path d="M6794 4412 c-28 -23 -54 -67 -54 -91 0 -30 26 -72 57 -92 36 -24 50
-24 90 4 31 21 33 25 33 84 0 59 -2 63 -33 87 -39 30 -64 32 -93 8z m67 -42
c24 -14 26 -76 2 -102 -20 -22 -27 -22 -47 -2 -19 18 -21 85 -4 102 15 15 24
15 49 2z"/>
<path d="M7075 4395 c-28 -29 -35 -43 -35 -76 0 -33 6 -47 35 -75 42 -41 57
-42 107 -8 36 25 38 29 38 81 0 49 -4 58 -31 84 -41 38 -70 37 -114 -6z m87
-32 c21 -19 23 -42 7 -77 -25 -55 -74 -33 -74 34 0 56 31 76 67 43z"/>
<path d="M7272 4410 c-17 -14 -23 -28 -20 -52 3 -29 8 -34 48 -48 47 -16 63
-43 34 -54 -9 -4 -28 1 -41 9 -42 28 -62 -10 -21 -39 31 -22 64 -20 104 5 63
38 39 88 -54 114 -41 12 -19 30 31 27 56 -4 63 14 18 41 -38 22 -70 21 -99 -3z"/>
<path d="M5002 4408 c-18 -18 -15 -124 5 -159 21 -36 27 -38 91 -31 l53 5 -3
96 c-2 77 -6 96 -18 96 -11 0 -16 -15 -18 -60 -3 -68 -27 -110 -55 -100 -19 8
-32 61 -23 102 8 36 -13 70 -32 51z"/>
<path d="M680 4100 c-22 -14 1 -45 34 -45 41 -1 48 -20 41 -122 -6 -83 -4 -93
12 -102 35 -18 42 0 45 114 l3 110 35 5 c23 3 36 11 38 23 3 15 -6 17 -75 17
-43 0 -87 3 -98 5 -11 3 -27 1 -35 -5z"/>
<path d="M916 4091 c-3 -5 0 -14 8 -20 10 -8 16 -8 25 2 6 8 8 17 4 20 -9 10
-31 9 -37 -2z"/>
<path d="M1592 4088 c-6 -6 -12 -20 -12 -30 0 -13 -8 -18 -27 -18 -35 -1 -64
-25 -86 -72 -21 -44 -12 -74 34 -119 28 -27 35 -29 77 -23 26 3 51 10 55 13 4
4 6 63 5 132 -2 101 -6 124 -18 127 -9 1 -21 -3 -28 -10z m-10 -115 c21 -19
23 -39 6 -76 -14 -30 -52 -37 -62 -11 -10 26 -7 79 6 92 16 16 28 15 50 -5z"/>
<path d="M1982 4072 c-20 -23 -23 -34 -18 -71 3 -24 6 -73 6 -108 0 -64 0 -64
28 -61 26 3 27 4 24 64 -1 33 4 85 11 115 12 47 18 55 42 59 16 3 30 11 33 18
3 9 -11 12 -50 11 -45 0 -57 -4 -76 -27z"/>
<path d="M2152 4083 c-5 -10 -7 -71 -4 -136 4 -101 6 -118 20 -115 13 3 16 22
17 123 1 66 0 126 -3 133 -6 17 -20 15 -30 -5z"/>
<path d="M1036 4033 c-4 -5 -18 -8 -29 -8 -21 0 -22 -6 -28 -120 -3 -66 -4
-123 -2 -127 2 -5 15 -8 28 -8 18 0 24 6 27 28 2 22 8 28 34 30 21 2 43 15 63
38 33 36 51 43 51 20 0 -18 57 -66 78 -66 33 0 89 47 96 81 14 72 -33 140 -97
139 -27 -1 -62 -29 -71 -58 -10 -30 -16 -28 -56 18 -33 39 -74 53 -94 33z m59
-102 c0 -41 -4 -56 -18 -65 -15 -9 -21 -7 -33 9 -24 33 -27 63 -9 91 11 17 24
24 38 22 20 -3 22 -9 22 -57z m193 47 c19 -19 15 -82 -7 -102 -18 -17 -20 -17
-40 3 -27 27 -29 86 -3 100 23 14 36 13 50 -1z"/>
<path d="M1702 4009 c-27 -27 -32 -39 -32 -80 0 -40 5 -53 28 -74 40 -38 67
-41 107 -14 38 26 44 43 18 53 -9 4 -25 -2 -38 -14 -28 -26 -39 -25 -59 4 -21
32 -9 38 62 34 56 -3 57 -3 60 26 3 22 -4 35 -33 62 -46 42 -72 43 -113 3z
m86 -41 c3 -13 -3 -18 -21 -18 -42 0 -59 10 -46 27 16 19 63 13 67 -9z"/>
<path d="M2270 4031 l-35 -6 -6 -85 c-7 -97 -4 -110 22 -110 17 0 19 8 19 69
0 72 14 99 45 87 12 -4 15 -23 15 -81 l0 -76 28 3 c27 3 27 4 24 66 -3 76 13
110 43 88 15 -11 19 -27 19 -82 1 -62 3 -69 21 -69 19 0 20 5 16 84 -4 108
-34 144 -90 109 -15 -9 -25 -9 -46 0 -14 7 -29 11 -33 11 -4 -1 -23 -4 -42 -8z"/>
<path d="M2541 4009 c-27 -26 -31 -38 -31 -83 0 -50 2 -55 38 -80 47 -32 58
-32 106 0 34 23 37 28 23 41 -16 16 -27 14 -64 -12 -20 -15 -23 -15 -42 6 -30
32 -17 41 53 37 l61 -3 3 30 c2 25 -4 38 -32 63 -45 40 -76 41 -115 1z m87
-41 c3 -14 -3 -18 -27 -18 -31 0 -47 13 -36 31 11 16 59 6 63 -13z"/>
<path d="M915 4017 c-3 -7 -5 -51 -3 -98 3 -71 6 -84 21 -87 16 -3 17 5 15 94
-2 67 -7 99 -15 102 -7 2 -15 -3 -18 -11z"/>
<path d="M2064 4007 c-3 -8 -4 -49 -2 -93 3 -68 6 -79 22 -82 10 -2 22 2 26 9
11 18 -1 162 -14 171 -16 11 -26 10 -32 -5z"/>
<path d="M7491 3706 c-14 -17 9 -39 33 -30 20 8 21 30 0 38 -21 8 -20 8 -33
-8z"/>
<path d="M6812 3698 c-8 -8 -12 -53 -12 -135 l0 -123 30 0 c29 0 29 0 32 68 3
64 20 90 26 40 5 -43 34 -108 47 -108 15 0 17 6 37 93 7 31 17 56 23 54 5 -2
12 -35 15 -73 5 -66 6 -69 30 -69 l25 0 1 120 c0 66 -3 126 -9 133 -26 33 -77
-12 -77 -69 0 -28 -32 -99 -43 -96 -10 3 -47 104 -47 128 0 39 -52 63 -78 37z"/>
<path d="M7131 3624 c-28 -23 -31 -31 -31 -84 0 -53 3 -61 31 -84 17 -14 38
-26 46 -26 23 0 83 40 83 55 0 22 -23 23 -52 2 -27 -20 -28 -20 -48 -2 -36 33
-26 46 33 44 77 -3 93 13 65 63 -35 61 -79 72 -127 32z m74 -27 c25 -19 10
-37 -31 -37 -37 0 -44 15 -16 36 22 17 24 17 47 1z"/>
<path d="M7310 3636 c-6 -6 -10 -52 -10 -104 0 -91 1 -93 23 -90 20 3 22 8 23
71 0 49 5 72 17 84 15 16 18 15 37 -2 16 -15 20 -30 20 -87 0 -61 2 -68 20
-68 18 0 20 7 20 79 0 64 -4 83 -21 105 -18 23 -27 26 -70 24 -28 -2 -54 -7
-59 -12z"/>
<path d="M7636 3641 c-3 -4 -17 -6 -30 -4 -32 6 -38 -15 -34 -117 3 -67 5 -75
23 -75 18 0 20 8 23 72 3 81 17 103 51 81 18 -11 21 -23 21 -81 0 -52 4 -69
15 -74 25 -9 28 2 26 84 -2 64 -6 82 -23 100 -21 23 -62 31 -72 14z"/>
<path d="M7786 3620 c-26 -25 -30 -36 -29 -80 1 -46 5 -55 34 -80 45 -39 67
-37 112 6 30 30 37 43 37 76 0 32 -7 47 -34 74 -43 43 -80 44 -120 4z m78 -26
c11 -4 16 -19 16 -44 0 -52 -8 -70 -32 -70 -27 0 -47 28 -48 66 0 45 24 63 64
48z"/>
<path d="M7982 3630 c-43 -41 -21 -87 51 -104 17 -4 27 -13 27 -25 0 -26 -28
-34 -57 -16 -23 16 -43 13 -43 -6 0 -19 41 -49 67 -49 33 0 90 38 97 65 6 23
-37 64 -69 65 -30 1 -49 16 -42 34 7 18 23 21 32 6 9 -15 55 -12 55 3 0 44
-80 62 -118 27z"/>
<path d="M7497 3633 c-4 -3 -7 -49 -7 -100 0 -92 1 -94 23 -91 21 3 22 8 22
88 1 93 -13 129 -38 103z"/>
<path d="M7518 2945 c-47 -19 -57 -42 -58 -131 0 -72 3 -84 25 -108 38 -41
110 -34 138 14 25 42 23 153 -3 190 -26 36 -66 50 -102 35z m60 -126 c3 -79
-9 -106 -41 -93 -18 7 -27 35 -27 92 0 56 15 84 43 80 20 -3 22 -10 25 -79z"/>
<path d="M330 2930 c-11 -11 -20 -27 -20 -35 0 -8 -4 -23 -10 -33 -5 -9 -19
-39 -30 -67 -11 -27 -25 -58 -30 -67 -15 -26 -12 -36 10 -43 24 -8 50 10 50
34 0 9 9 27 19 40 28 36 71 22 97 -32 21 -44 50 -60 60 -33 3 8 -2 30 -11 48
-9 18 -23 53 -32 78 -24 71 -55 130 -70 130 -7 0 -22 -9 -33 -20z m50 -97 c0
-26 -12 -35 -34 -27 -20 8 -20 18 1 50 18 28 33 18 33 -23z"/>
<path d="M1066 2932 c-7 -12 -7 -68 0 -160 6 -75 22 -100 58 -86 20 8 21 30 2
37 -20 8 -29 97 -11 116 12 14 12 22 1 56 -13 38 -38 56 -50 37z"/>
<path d="M7339 2920 c-44 -36 -59 -54 -56 -64 4 -12 18 -12 55 0 22 6 22 5 17
-52 -4 -33 -8 -69 -11 -81 -5 -24 24 -47 49 -38 13 6 14 34 7 248 0 14 -37 7
-61 -13z"/>
<path d="M715 2876 c-56 -24 -71 -129 -24 -172 40 -36 139 -13 139 32 0 24
-21 26 -44 5 -28 -26 -52 -27 -66 -1 -17 32 -3 42 54 38 47 -3 51 -1 54 21 5
35 -16 68 -51 81 -16 5 -30 10 -31 10 -1 -1 -14 -7 -31 -14z m72 -53 c6 -17
-57 -28 -68 -12 -4 7 -5 17 -2 22 7 12 66 4 70 -10z"/>
<path d="M1513 2875 c-34 -14 -45 -49 -23 -71 7 -7 4 -16 -10 -29 -26 -23 -25
-36 4 -68 21 -22 30 -25 84 -22 34 2 66 7 72 10 17 10 1 146 -19 167 -24 24
-71 30 -108 13z m65 -52 c-3 -12 -12 -17 -28 -15 -29 3 -34 7 -25 21 3 6 17
11 31 11 19 0 25 -5 22 -17z m1 -47 c18 -22 -4 -58 -32 -54 -27 4 -33 30 -12
52 20 20 29 20 44 2z"/>
<path d="M490 2858 c0 -13 9 -41 19 -63 10 -22 21 -52 24 -67 8 -30 36 -51 54
-40 7 4 18 30 24 57 7 28 19 57 26 66 17 21 17 69 -1 69 -20 0 -35 -22 -44
-66 -4 -21 -12 -39 -16 -39 -5 0 -18 24 -29 53 -14 37 -25 52 -38 52 -13 0
-19 -7 -19 -22z"/>
<path d="M867 2873 c-4 -3 -7 -46 -7 -95 l0 -88 30 0 29 0 3 73 c3 69 4 72 28
72 24 0 25 -3 28 -73 3 -73 3 -73 30 -70 27 3 27 4 23 68 -2 36 -10 77 -17 93
-14 25 -19 27 -78 27 -34 0 -66 -3 -69 -7z"/>
<path d="M1164 2867 c-3 -8 -4 -45 -2 -82 3 -59 6 -70 28 -86 19 -14 37 -16
77 -12 l52 5 3 82 c4 85 -7 114 -36 103 -13 -5 -15 -17 -10 -64 7 -69 -12
-106 -43 -87 -14 9 -18 25 -18 70 -1 33 -4 65 -9 72 -10 16 -35 15 -42 -1z"/>
<path d="M1367 2873 c-4 -3 -7 -46 -7 -94 0 -63 4 -88 13 -92 29 -11 40 9 34
61 -8 68 0 92 29 92 17 0 24 6 24 20 0 17 -7 20 -43 20 -24 0 -47 -3 -50 -7z"/>
<path d="M310 2173 c-48 -34 -59 -55 -60 -116 0 -51 3 -61 33 -94 31 -33 38
-36 91 -36 46 0 61 5 81 23 46 43 18 80 -31 41 -15 -12 -39 -21 -55 -21 -23 0
-32 8 -50 41 -20 40 -20 43 -4 85 15 40 20 44 52 44 20 0 46 -9 60 -20 20 -15
29 -17 39 -9 20 17 17 31 -13 56 -33 29 -106 31 -143 6z"/>
<path d="M1064 2175 c-13 -33 18 -45 52 -20 16 13 17 16 4 25 -22 14 -50 12
-56 -5z"/>
<path d="M1312 2182 c-7 -5 -11 -19 -10 -33 3 -21 -1 -24 -37 -27 -33 -2 -44
-9 -64 -38 l-24 -34 -18 30 c-34 55 -87 64 -130 21 -23 -24 -29 -38 -29 -74 0
-63 29 -97 81 -97 62 0 81 15 77 57 -2 23 2 38 10 41 7 2 12 -5 12 -16 0 -11
13 -34 28 -51 26 -30 32 -32 82 -29 l55 3 6 120 c6 129 -1 151 -39 127z m-194
-124 c3 -26 1 -28 -32 -28 -31 0 -36 3 -36 24 0 45 63 48 68 4z m180 20 c13
-13 16 -66 6 -92 -7 -19 -45 -21 -62 -4 -17 17 -15 68 5 90 19 21 34 23 51 6z
m-173 -88 c0 -18 -52 -27 -67 -12 -17 17 2 33 35 30 20 -2 32 -8 32 -18z"/>
<path d="M1407 2183 c-15 -15 -6 -33 17 -33 33 0 42 16 17 29 -23 13 -26 13
-34 4z"/>
<path d="M7395 2178 c-23 -13 -35 -28 -35 -46 0 -23 31 -25 60 -3 30 22 54 20
64 -5 10 -26 -12 -61 -69 -110 -74 -64 -70 -77 25 -85 78 -6 110 1 110 26 0
11 -12 15 -43 15 -24 0 -47 3 -50 6 -4 4 8 21 26 38 39 37 67 79 67 101 0 9
-13 30 -29 46 -32 31 -87 39 -126 17z"/>
<path d="M555 2121 c-56 -24 -78 -93 -46 -145 25 -39 38 -46 90 -46 54 0 81
32 81 96 0 40 -5 55 -23 72 -26 25 -73 35 -102 23z m74 -63 c22 -38 5 -82 -32
-86 -22 -3 -29 2 -38 24 -27 73 34 127 70 62z"/>
<path d="M751 2120 l-44 -5 -1 -90 c-1 -84 0 -90 19 -90 18 0 20 8 23 67 3 69
18 96 48 84 13 -5 15 -18 13 -69 -4 -69 3 -87 32 -87 17 0 19 7 19 75 0 58 3
77 15 81 32 13 47 -16 43 -85 -3 -60 -1 -66 17 -66 17 0 20 8 23 60 6 117 -13
146 -84 126 -16 -4 -40 -5 -54 -2 -14 4 -45 4 -69 1z"/>
<path d="M1514 2120 c-27 -11 -38 -38 -23 -56 16 -19 26 -17 32 6 5 20 45 28
60 13 11 -11 -14 -33 -38 -33 -13 0 -37 -11 -53 -25 -17 -14 -32 -25 -35 -25
-4 0 -7 26 -9 58 -3 51 -5 57 -26 60 -22 3 -23 2 -20 -89 3 -100 12 -115 47
-78 l20 22 18 -22 c16 -20 26 -22 88 -19 l70 3 -3 75 c-3 65 -7 78 -28 98 -26
23 -63 27 -100 12z m66 -95 c20 -24 3 -55 -31 -55 -33 0 -36 10 -13 45 19 29
27 31 44 10z"/>
<path d="M264 1399 c-9 -15 -9 -223 0 -238 4 -6 36 -11 81 -11 64 0 77 3 96
23 30 31 39 60 39 122 0 47 -4 59 -30 85 -27 28 -34 30 -104 30 -45 0 -78 -5
-82 -11z m145 -49 c17 -14 23 -31 24 -67 2 -63 -25 -96 -74 -91 l-34 3 -3 74
c-2 41 -1 80 2 88 8 20 60 16 85 -7z"/>
<path d="M1287 1404 c-11 -11 -8 -242 3 -249 6 -3 19 -3 30 0 18 6 20 15 19
71 -2 69 7 88 37 82 16 -3 20 -15 24 -78 5 -73 7 -76 40 -71 6 0 10 12 10 26
0 16 6 25 15 25 8 0 15 -4 15 -10 0 -24 41 -50 80 -50 57 0 90 35 90 99 0 39
-5 52 -28 74 -45 43 -111 36 -138 -14 -19 -37 -41 -37 -49 1 -5 22 -13 30 -28
31 -60 3 -62 4 -67 34 -5 29 -36 46 -53 29z m295 -111 c22 -20 24 -66 2 -87
-20 -20 -38 -20 -54 0 -26 30 -9 104 23 104 6 0 19 -7 29 -17z"/>
<path d="M2170 1396 c-10 -13 -9 -17 4 -22 22 -8 49 3 44 19 -7 18 -33 20 -48
3z"/>
<path d="M2846 1398 c-3 -7 -6 -22 -8 -33 -2 -15 -12 -20 -38 -22 -25 -1 -41
-9 -57 -30 -53 -65 -6 -163 77 -163 77 0 80 5 77 138 -2 113 -3 117 -25 120
-12 2 -24 -3 -26 -10z m-5 -115 c22 -59 -25 -122 -58 -77 -16 21 -16 44 -3 78
13 35 47 34 61 -1z"/>
<path d="M7385 1377 c-7 -18 -15 -46 -17 -63 -3 -29 -3 -29 49 -29 62 0 76
-11 71 -56 -4 -42 -26 -48 -67 -18 -51 37 -85 2 -39 -41 32 -29 110 -28 139 3
27 28 41 65 34 87 -9 28 -51 62 -87 69 -50 10 -43 35 12 39 93 7 74 42 -23 42
-56 0 -58 -1 -72 -33z"/>
<path d="M558 1342 c-27 -12 -58 -58 -58 -87 0 -34 25 -82 49 -95 31 -16 76
-12 105 11 30 23 33 44 10 57 -15 8 -15 10 0 15 22 9 20 47 -4 75 -20 24 -73
37 -102 24z m66 -47 c3 -9 -3 -23 -14 -32 -26 -22 -25 -33 1 -33 29 0 21 -34
-10 -38 -31 -5 -46 11 -33 34 7 12 7 25 0 37 -5 10 -7 25 -4 33 7 19 52 18 60
-1z"/>
<path d="M734 1340 c-51 -20 -40 -81 17 -100 75 -25 71 -60 -5 -46 -24 5 -35
3 -39 -8 -9 -23 14 -36 63 -36 36 0 52 5 69 24 34 36 24 57 -42 89 -64 31 -67
53 -7 43 27 -4 39 -2 43 8 12 31 -47 47 -99 26z"/>
<path d="M913 1335 c-50 -35 -50 -135 0 -170 28 -19 77 -19 105 1 23 16 29 48
11 59 -7 5 -5 13 6 25 12 13 13 23 6 43 -20 51 -84 73 -128 42z m76 -34 c16
-10 5 -53 -13 -49 -6 2 -14 -1 -16 -7 -3 -5 5 -11 18 -13 35 -5 24 -36 -14
-40 l-32 -3 0 53 c0 29 2 56 5 61 6 10 35 9 52 -2z"/>
<path d="M1093 1339 c-13 -4 -17 -22 -19 -92 -2 -79 0 -87 18 -93 30 -9 37 4
40 81 3 67 4 70 28 70 24 0 25 -3 28 -70 3 -77 10 -90 41 -80 17 5 21 14 21
48 0 44 -14 102 -30 127 -9 15 -93 21 -127 9z"/>
<path d="M1786 1329 c-32 -25 -33 -45 -4 -52 22 -6 22 -6 -5 -31 -32 -30 -34
-49 -7 -76 17 -17 30 -20 84 -16 35 2 69 6 74 10 12 7 5 108 -10 148 -16 42
-88 52 -132 17z m89 -39 c0 -9 -11 -16 -27 -18 -27 -3 -38 14 -21 32 12 12 48
2 48 -14z m3 -74 c-2 -16 -10 -21 -32 -21 -37 0 -42 15 -15 43 17 19 24 21 35
11 8 -7 14 -22 12 -33z"/>
<path d="M1973 1337 c-8 -14 -7 -176 1 -185 4 -3 15 -1 24 4 13 9 16 23 14 65
-4 64 13 95 46 85 19 -6 21 -16 24 -79 3 -64 5 -72 23 -72 18 0 20 7 20 82 -1
50 -5 87 -13 95 -14 14 -131 18 -139 5z"/>
<path d="M2288 1342 l-48 -3 0 -89 c0 -90 5 -105 35 -94 13 5 15 15 9 50 -7
47 10 104 30 104 31 -1 39 -18 34 -79 -5 -65 7 -89 37 -77 13 5 15 15 10 50
-4 24 -4 58 0 76 5 25 11 31 28 28 20 -3 22 -10 25 -76 3 -77 18 -100 48 -70
12 11 13 29 8 81 -9 94 -17 102 -101 102 -37 0 -89 -1 -115 -3z"/>
<path d="M2553 1324 l-26 -26 21 -17 22 -16 -21 -18 c-16 -15 -20 -26 -15 -50
3 -17 12 -34 19 -39 9 -6 75 -5 139 1 4 1 5 36 2 79 -5 60 -11 81 -26 95 -31
26 -84 22 -115 -9z m93 -25 c4 -7 -1 -16 -10 -21 -20 -11 -21 -28 0 -28 11 0
14 -8 12 -27 -3 -29 -32 -41 -65 -29 -12 5 -12 11 6 40 18 29 19 35 6 40 -8 3
-15 12 -15 21 0 18 55 21 66 4z"/>
<path d="M2954 1327 c-23 -20 -28 -32 -28 -75 -1 -41 4 -56 24 -77 22 -24 31
-26 72 -22 61 5 87 34 88 95 0 87 -92 133 -156 79z m80 -33 c20 -19 21 -78 1
-94 -20 -16 -54 -3 -65 26 -15 37 6 79 42 83 4 1 14 -6 22 -15z"/>
<path d="M2172 1248 c2 -75 6 -93 18 -93 12 0 16 18 18 93 3 87 2 92 -18 92
-20 0 -21 -5 -18 -92z"/>
<path d="M240 645 c-14 -17 17 -36 52 -32 23 2 23 0 24 -93 3 -141 0 -132 32
-128 l27 3 5 110 5 110 27 0 c35 1 59 22 39 34 -24 15 -198 11 -211 -4z"/>
<path d="M7437 608 c-14 -24 -34 -52 -45 -64 -53 -56 -46 -94 18 -94 33 0 39
-4 49 -30 19 -55 64 -28 62 37 -1 21 -3 72 -4 113 -2 73 -3 75 -28 78 -22 3
-31 -4 -52 -40z m23 -88 c0 -23 -18 -36 -32 -22 -7 7 -6 17 2 31 13 24 30 19
30 -9z"/>
<path d="M504 578 c-41 -31 -44 -37 -44 -90 0 -42 4 -50 37 -77 65 -54 116
-32 133 57 11 60 5 79 -36 111 -34 27 -54 26 -90 -1z m71 -32 c26 -19 13 -46
-24 -46 -38 0 -48 16 -25 41 20 23 25 23 49 5z m20 -85 c9 -15 -32 -32 -60
-25 -41 10 -31 34 14 34 22 0 42 -4 46 -9z"/>
<path d="M713 592 l-43 -3 0 -95 c0 -78 3 -96 16 -101 24 -9 35 17 29 68 -7
62 8 101 38 97 20 -3 22 -9 27 -83 4 -68 8 -80 24 -83 27 -6 36 16 30 74 -7
59 7 94 37 94 14 0 19 6 17 17 -2 13 -15 17 -68 17 -36 1 -84 0 -107 -2z"/>
<path d="M941 579 c-29 -23 -51 -63 -51 -91 0 -48 55 -108 99 -108 29 0 91 63
91 92 0 55 -12 84 -44 106 -40 27 -64 27 -95 1z m71 -36 c26 -23 25 -89 -2
-103 -14 -8 -26 -8 -40 0 -25 13 -28 81 -4 104 19 20 23 20 46 -1z"/>
<path d="M1134 593 c-30 -4 -32 -6 -36 -56 -6 -78 2 -138 20 -144 24 -10 41
23 35 67 -8 60 2 87 37 93 45 9 33 52 -13 45 -7 0 -26 -3 -43 -5z"/>
</g>
</svg>
