<?xml version="1.0" encoding="UTF-8" standalone="no"?>
<svg
   xmlns:dc="http://purl.org/dc/elements/1.1/"
   xmlns:cc="http://creativecommons.org/ns#"
   xmlns:rdf="http://www.w3.org/1999/02/22-rdf-syntax-ns#"
   xmlns:svg="http://www.w3.org/2000/svg"
   xmlns="http://www.w3.org/2000/svg"
   xmlns:sodipodi="http://sodipodi.sourceforge.net/DTD/sodipodi-0.dtd"
   xmlns:inkscape="http://www.inkscape.org/namespaces/inkscape"
   version="1.0"
   width="840.000000pt"
   height="504.000000pt"
   viewBox="0 0 840.000000 504.000000"
   preserveAspectRatio="xMidYMid meet"
   id="svg3261"
   inkscape:version="0.48.4 r9939"
   sodipodi:docname="6.svg">
  <defs
     id="defs3585" />
  <sodipodi:namedview
     pagecolor="#ffffff"
     bordercolor="#666666"
     borderopacity="1"
     objecttolerance="10"
     gridtolerance="10"
     guidetolerance="10"
     inkscape:pageopacity="0"
     inkscape:pageshadow="2"
     inkscape:window-width="1600"
     inkscape:window-height="824"
     id="namedview3583"
     showgrid="false"
     inkscape:zoom="0.52976889"
     inkscape:cx="496.13741"
     inkscape:cy="284.339"
     inkscape:window-x="0"
     inkscape:window-y="24"
     inkscape:window-maximized="1"
     inkscape:current-layer="svg3261" />
  <metadata
     id="metadata3263">
Created by potrace 1.10, written by Peter Selinger 2001-2011
<rdf:RDF>
  <cc:Work
     rdf:about="">
    <dc:format>image/svg+xml</dc:format>
    <dc:type
       rdf:resource="http://purl.org/dc/dcmitype/StillImage" />
  </cc:Work>
</rdf:RDF>
</metadata>
  <g
     transform="translate(0.000000,504.000000) scale(0.100000,-0.100000)"
     fill="#000000"
     stroke="none"
     id="g3265">
    <path
       d="M4248 4808 c-35 -40 -81 -90 -104 -113 -23 -22 -58 -62 -79 -90 -21 -27 -76 -87 -121 -131 -53 -53 -84 -93 -89 -112 -3 -17 -17 -38 -31 -47 -29 -19 -154 -145 -154 -156 0 -11 -48 -65 -112 -127 -32 -30 -60 -64 -64 -74 -3 -11 -32 -47 -64 -81 -105 -112 -140 -152 -140 -160 0 -4 -49 -58 -110 -120 -60 -61 -110 -117 -110 -124 0 -20 -40 -65 -159 -176 -28 -27 -51 -55 -51 -64 0 -8 -25 -39 -55 -68 -58 -57 -145 -160 -145 -172 -1 -13 -43 -58 -82 -88 -21 -15 -38 -32 -38 -39 0 -6 -26 -37 -58 -68 -58 -58 -101 -123 -88 -135 9 -9 276 -4 290 5 6 4 29 8 51 9 64 4 197 7 240 6 147 -4 631 9 641 18 9 7 19 6 34 -3 16 -10 22 -10 28 0 6 9 21 10 65 2 40 -8 68 -8 94 -1 50 14 133 14 190 -1 35 -8 50 -8 64 0 11 7 64 12 134 12 l115 0 0 -90 c0 -49 1 -93 3 -97 1 -5 -9 -9 -23 -11 -14 -2 -35 -8 -46 -13 -15 -8 -27 -8 -42 0 -27 15 -69 14 -74 -1 -5 -13 -109 -12 -118 1 -11 18 -48 21 -63 6 -18 -17 -177 -22 -177 -5 0 14 -62 13 -97 -1 -24 -10 -784 -20 -1485 -19 -75 0 -110 -4 -120 -13 -9 -9 -12 -39 -11 -98 1 -46 1 -145 2 -219 0 -74 0 -144 0 -155 0 -11 1 -67 3 -125 l2 -105 -75 -3 c-40 -2 -78 -7 -83 -12 -13 -13 -53 -13 -61 0 -9 14 -53 12 -57 -2 -4 -12 -156 -16 -913 -19 -223 -1 -294 -5 -309 -15 -16 -11 -23 -11 -34 -1 -9 7 -44 12 -82 12 -57 0 -69 -3 -83 -22 -16 -20 -15 -23 28 -71 25 -28 45 -56 45 -63 0 -6 37 -49 83 -93 84 -83 127 -136 127 -157 0 -15 54 -84 107 -136 24 -23 43 -48 43 -56 0 -7 13 -27 30 -43 16 -16 30 -36 30 -45 0 -9 7 -22 15 -29 8 -7 15 -21 15 -32 0 -11 8 -22 19 -25 11 -3 38 -32 61 -65 22 -33 45 -65 50 -71 61 -75 80 -101 80 -111 0 -7 18 -25 39 -41 21 -17 49 -45 62 -64 13 -19 36 -49 52 -65 15 -17 27 -34 27 -38 0 -13 65 -115 98 -152 l32 -37 547 5 c355 4 550 9 557 16 13 13 113 13 121 0 4 -7 11 -8 18 -2 7 6 315 12 754 15 496 3 747 8 756 15 8 7 158 11 437 12 365 2 725 10 1035 24 44 2 174 6 289 9 114 3 213 10 218 15 6 6 20 5 38 -5 22 -10 34 -11 49 -4 26 15 67 14 91 -2 17 -10 27 -9 59 10 33 19 43 21 69 11 41 -16 112 14 112 46 0 12 12 29 28 40 16 10 39 35 53 55 13 20 41 51 61 69 21 19 38 38 38 43 0 5 27 37 60 71 33 34 60 65 60 69 0 4 16 24 35 45 19 22 35 42 35 46 0 5 25 34 56 65 59 60 174 206 174 220 0 4 16 19 36 33 20 13 44 36 53 50 8 14 26 36 38 50 13 14 23 30 23 37 0 7 34 46 75 86 41 41 75 83 75 93 0 11 19 38 43 60 23 23 47 50 53 60 6 11 20 23 31 28 11 5 29 26 39 45 23 46 33 58 105 123 16 15 29 33 29 40 0 16 41 61 93 102 40 32 46 50 21 60 -27 10 -48 7 -87 -14 -28 -15 -56 -20 -115 -20 -53 0 -84 -5 -98 -15 -14 -10 -47 -14 -120 -15 -66 0 -104 -4 -112 -12 -7 -7 -43 -16 -80 -19 -82 -8 -148 -25 -176 -44 -13 -10 -45 -15 -89 -15 -51 0 -69 -4 -73 -15 -5 -12 -26 -15 -104 -15 -74 0 -100 -4 -110 -15 -8 -10 -31 -15 -69 -15 -31 0 -62 -5 -68 -11 -8 -8 -123 -12 -372 -13 -260 -2 -365 -6 -373 -14 -14 -14 -54 -16 -62 -3 -7 11 -136 12 -136 1 0 -4 -152 -6 -337 -4 -382 5 -347 5 -667 -2 -189 -4 -241 -2 -247 8 -5 7 -8 53 -7 102 1 58 -3 91 -10 94 -7 2 -6 14 5 37 16 33 41 48 61 36 6 -4 78 -5 159 -4 266 5 317 9 347 28 27 18 29 18 62 0 30 -16 40 -17 68 -7 41 15 81 15 105 0 14 -8 37 -9 86 -2 36 6 68 7 71 2 8 -13 92 -9 97 5 4 14 118 13 146 -2 9 -5 23 -6 32 -1 14 8 51 10 184 8 242 -2 626 6 631 14 10 15 -107 129 -126 123 -12 -4 -23 8 -38 37 -22 44 -72 101 -111 128 -12 8 -36 41 -53 72 -16 31 -42 65 -56 75 -39 27 -91 84 -109 118 -9 17 -29 43 -44 59 -16 16 -31 37 -34 46 -3 9 -17 23 -30 30 -14 7 -25 18 -25 24 0 6 -36 49 -80 96 -44 47 -80 93 -80 103 0 23 -40 77 -57 77 -12 0 -109 96 -124 123 -10 19 9 57 28 57 10 0 27 7 37 15 11 8 28 15 38 15 10 0 18 4 18 10 0 5 11 12 25 16 35 9 32 34 -4 34 -17 0 -33 -4 -36 -10 -3 -5 -15 -10 -26 -10 -11 0 -22 -7 -25 -15 -4 -8 -14 -15 -23 -15 -9 0 -30 -9 -48 -19 l-31 -20 -11 30 c-5 16 -14 29 -20 29 -14 0 -71 59 -71 74 0 8 -20 32 -45 55 -25 23 -45 45 -45 49 0 5 -15 22 -32 38 -18 16 -58 61 -88 98 -30 38 -67 82 -82 98 -15 15 -32 37 -38 48 -6 11 -16 20 -23 20 -13 0 -114 120 -125 149 -12 33 -75 101 -94 101 -13 1 -58 63 -58 80 0 5 -10 17 -23 27 -12 10 -30 30 -39 44 -9 14 -29 39 -45 55 -16 16 -39 46 -51 66 -13 20 -37 52 -55 70 -57 60 -96 111 -91 120 3 4 16 8 29 8 13 0 26 4 29 9 4 5 29 12 57 16 28 4 63 13 77 21 15 8 38 14 52 14 14 0 34 7 44 15 11 8 37 15 57 15 21 0 50 6 66 14 15 8 46 19 69 25 22 6 51 20 64 31 17 15 37 20 81 20 49 0 60 3 69 21 22 41 9 46 -99 41 -83 -4 -105 -2 -126 12 -19 13 -52 18 -125 19 -62 2 -104 7 -112 15 -7 7 -38 12 -69 12 -38 0 -61 5 -69 15 -10 12 -16 13 -27 4 -10 -9 -20 -9 -39 0 -14 6 -45 11 -69 11 -41 0 -46 -3 -107 -72z m314 -12 c17 -12 48 -16 140 -16 65 0 126 -4 136 -9 9 -5 26 -12 37 -16 16 -5 17 -8 5 -15 -8 -6 -25 -10 -37 -10 -12 0 -23 -4 -25 -10 -3 -9 -23 -15 -123 -35 -16 -4 -43 -13 -60 -20 -16 -8 -51 -17 -77 -20 -27 -4 -48 -10 -48 -16 0 -5 -15 -9 -34 -9 -19 0 -45 -9 -60 -21 -15 -12 -31 -18 -35 -13 -9 10 -21 201 -14 221 7 18 166 9 195 -11z m-252 -21 c0 -19 5 -44 12 -54 9 -15 9 -26 0 -45 -6 -14 -8 -27 -4 -30 12 -7 13 -144 2 -151 -14 -9 -12 -43 2 -47 10 -4 10 -18 0 -68 -10 -47 -11 -65 -2 -70 8 -5 11 -45 10 -126 -1 -65 -2 -123 -1 -129 0 -5 0 -266 1 -580 0 -313 0 -577 0 -585 1 -8 2 -41 3 -72 l2 -56 -520 -8 c-286 -4 -547 -6 -580 -5 -33 1 -123 -3 -200 -8 -192 -14 -555 -24 -555 -16 0 4 45 53 100 109 55 55 109 115 119 131 10 17 28 39 40 49 11 11 21 24 21 29 0 6 34 43 75 82 54 51 75 78 75 96 0 17 10 30 31 43 46 27 179 166 173 180 -5 12 27 49 95 109 17 15 31 33 31 40 0 8 11 19 25 25 14 7 29 22 34 35 5 12 22 36 39 52 17 17 41 40 54 53 12 12 35 37 50 55 14 18 43 51 62 73 20 23 36 45 36 50 0 5 13 23 30 39 103 105 150 158 150 172 0 6 18 26 41 44 64 50 128 121 136 149 3 14 29 45 57 70 79 71 126 122 126 137 0 16 114 133 130 133 5 0 10 6 10 14 0 8 6 21 13 28 7 7 23 30 36 51 28 46 41 47 41 2z m98 -315 c12 -16 22 -36 22 -45 0 -8 4 -15 9 -15 6 0 35 -38 65 -84 31 -47 65 -87 76 -91 11 -3 20 -15 20 -26 0 -10 4 -19 9 -19 5 0 26 -23 47 -52 49 -66 73 -92 102 -107 12 -6 22 -18 22 -26 0 -8 14 -30 30 -48 17 -19 30 -37 30 -39 0 -2 20 -26 45 -52 25 -27 45 -54 45 -60 0 -13 64 -66 79 -66 6 0 11 -9 11 -20 0 -11 7 -20 15 -20 8 0 15 -6 15 -13 0 -8 10 -22 21 -33 12 -10 32 -35 44 -54 13 -20 54 -68 91 -107 172 -179 194 -204 194 -223 0 -11 9 -25 20 -32 11 -7 20 -18 20 -24 0 -6 40 -51 90 -100 49 -49 90 -92 90 -96 0 -14 64 -103 84 -117 25 -18 44 -39 76 -81 14 -18 39 -48 55 -66 44 -48 55 -62 55 -70 0 -4 16 -26 35 -50 19 -23 35 -46 35 -50 0 -17 35 -44 57 -44 12 0 23 -5 23 -10 0 -12 41 -73 53 -78 4 -2 7 -10 7 -17 0 -14 78 -95 91 -95 4 0 21 -22 39 -50 18 -27 36 -50 40 -50 5 0 12 -9 15 -20 4 -12 15 -20 28 -20 21 -1 70 -30 51 -30 -11 -1 -1493 -10 -1551 -10 -23 0 -44 -4 -47 -9 -3 -4 -84 -9 -179 -10 l-174 -1 -11 48 c-8 35 -8 58 1 90 8 30 8 48 1 60 -7 11 -7 25 0 44 7 19 7 33 -2 50 -7 14 -10 53 -8 98 2 41 -1 81 -6 87 -7 9 -5 21 7 39 15 23 15 28 2 42 -17 20 -32 293 -17 308 5 5 4 27 -3 51 -9 37 -9 45 7 62 10 11 15 25 10 32 -8 14 -15 208 -13 384 0 61 0 121 0 135 0 14 -2 49 -2 77 -1 29 3 59 10 66 9 11 8 17 -4 27 -13 11 -15 28 -11 89 11 157 1 512 -14 541 -5 9 -6 20 -3 24 13 13 30 5 51 -24z m-1394 -2025 c23 -12 36 -13 65 -4 24 7 53 8 88 1 28 -5 58 -5 65 -1 20 13 102 11 116 -3 10 -10 17 -10 33 0 28 18 944 26 957 8 14 -17 21 -55 12 -61 -9 -6 -6 -479 4 -516 14 -52 0 -55 -261 -63 -131 -3 -371 -8 -533 -11 -162 -2 -310 -4 -327 -5 -18 0 -45 0 -60 0 -16 1 -95 -1 -178 -4 -82 -3 -307 -7 -499 -8 l-348 -3 2 145 c1 80 2 161 3 180 0 19 -3 60 -6 90 -15 121 -16 144 -6 156 6 8 8 26 4 44 -9 40 9 64 37 49 19 -10 39 -9 146 7 24 3 48 2 55 -4 20 -17 547 -12 572 5 24 16 24 16 59 -2z m4756 -454 c0 -6 -4 -13 -10 -16 -5 -3 -10 -14 -10 -25 0 -10 -23 -39 -51 -64 -28 -25 -48 -50 -44 -56 3 -5 -5 -15 -19 -21 -14 -7 -29 -21 -32 -33 -4 -12 -33 -47 -66 -80 -32 -32 -66 -71 -74 -86 -12 -20 -22 -26 -40 -22 -17 3 -24 0 -24 -12 0 -9 7 -16 15 -16 26 0 16 -29 -14 -45 -16 -8 -49 -40 -73 -70 -23 -30 -46 -55 -50 -55 -5 0 -8 -5 -8 -11 0 -17 -91 -119 -106 -119 -8 0 -14 -10 -14 -24 0 -13 -7 -26 -15 -30 -8 -3 -15 -12 -15 -21 0 -8 -7 -15 -15 -15 -8 0 -15 -8 -15 -18 0 -10 -39 -58 -86 -106 -47 -49 -90 -100 -95 -113 -5 -12 -15 -23 -23 -23 -7 0 -16 -6 -19 -13 -8 -22 -154 -211 -186 -241 -17 -17 -31 -35 -31 -41 0 -7 -11 -17 -25 -23 -14 -7 -28 -19 -31 -27 -18 -45 -23 11 -24 253 -1 147 -1 274 -1 282 1 8 1 24 0 35 -3 32 -3 94 -2 175 5 229 1 304 -15 317 -15 12 -15 14 -2 26 18 14 19 73 2 104 -17 30 -17 31 27 31 22 0 60 8 86 16 25 9 84 19 130 22 47 4 85 11 85 16 0 5 17 8 38 8 58 0 104 6 142 18 19 6 53 12 75 13 22 1 48 6 58 11 10 5 37 11 60 13 45 3 93 13 117 23 8 3 26 7 40 9 14 1 52 7 85 13 33 6 80 12 105 14 25 2 61 11 80 20 39 17 90 21 90 7z m-1269 -227 c3 -16 4 -59 1 -96 -3 -46 -1 -72 8 -83 9 -11 10 -18 1 -28 -14 -18 -9 -214 7 -243 9 -17 8 -25 -3 -40 -17 -23 -20 -95 -3 -112 8 -8 12 -104 12 -344 l1 -333 -230 -3 c-126 -1 -246 -5 -265 -9 -19 -3 -116 -7 -215 -9 -296 -4 -509 -14 -519 -24 -6 -6 -14 -6 -23 1 -7 7 -31 9 -55 6 -56 -8 -1085 -30 -1245 -27 -29 1 -53 -3 -53 -9 0 -6 -161 -10 -437 -10 -768 -2 -1181 -9 -1204 -22 -17 -8 -27 -8 -46 2 -17 9 -29 10 -41 3 -10 -7 -119 -11 -282 -12 -146 -1 -305 -3 -355 -4 l-90 -3 -6 305 c-4 168 -7 312 -8 320 -1 8 0 62 2 120 2 58 -1 136 -5 174 -5 37 -6 76 -2 85 14 31 12 125 -3 150 -10 15 -13 34 -8 55 4 17 7 52 6 79 -1 38 2 47 17 48 91 3 218 -4 233 -14 14 -9 21 -9 31 1 15 15 43 15 68 0 17 -11 22 -10 29 1 11 17 45 18 631 26 234 3 452 8 485 10 231 14 272 14 290 1 16 -12 23 -11 48 5 20 12 37 15 51 10 11 -5 156 -7 320 -5 242 2 301 5 307 16 6 12 38 14 156 11 81 -2 153 -4 158 -3 6 0 375 2 820 5 886 5 1062 8 1085 18 12 6 279 15 315 11 6 0 13 -14 16 -30z m-5366 -84 c9 -14 89 -12 121 2 21 10 28 10 31 1 3 -8 20 -10 54 -6 l49 6 0 -48 c0 -38 -4 -48 -20 -52 -11 -3 -20 -9 -20 -14 0 -5 6 -6 13 -3 26 9 37 -19 25 -59 -9 -29 -8 -42 2 -62 10 -19 11 -28 2 -37 -8 -8 -8 -17 -1 -30 11 -20 3 -58 -12 -58 -5 0 -9 -7 -9 -15 0 -8 4 -15 9 -15 4 0 11 -17 14 -37 5 -27 2 -42 -10 -55 -14 -16 -14 -20 2 -54 12 -25 15 -50 11 -82 -3 -26 -5 -54 -5 -62 0 -8 0 -32 0 -52 0 -20 4 -40 9 -43 14 -9 12 -21 -6 -40 -13 -12 -14 -21 -7 -38 21 -46 35 -101 27 -104 -35 -12 -38 -22 -17 -45 19 -21 21 -34 21 -126 l-1 -103 -33 32 c-19 18 -34 41 -34 52 0 10 -20 37 -45 60 -25 24 -45 47 -45 53 0 5 -18 28 -40 49 -22 21 -40 47 -40 56 0 10 -8 20 -17 23 -10 3 -29 22 -42 41 -13 19 -27 35 -32 35 -5 0 -9 7 -9 15 0 9 -7 18 -15 21 -8 3 -17 16 -21 27 -3 12 -19 39 -35 59 -16 20 -29 44 -29 53 0 8 -6 18 -14 21 -7 3 -28 24 -46 46 -31 38 -32 42 -16 53 10 8 13 16 7 19 -5 4 -12 2 -16 -4 -11 -17 -19 -11 -45 31 -14 22 -33 45 -43 51 -15 8 -18 17 -12 45 6 34 5 35 -16 30 -29 -8 -59 17 -59 48 0 13 -17 40 -37 62 -21 22 -50 53 -64 69 -14 16 -38 37 -53 47 -16 11 -26 27 -26 42 0 14 -5 25 -11 25 -11 0 -48 40 -49 52 0 8 59 9 365 7 173 -1 164 -1 213 4 23 2 45 7 49 11 9 9 21 7 28 -4z"
       id="path3267" />
    <path
       d="M3864 2295 c-3 -8 -16 -17 -27 -21 -40 -12 -97 -66 -117 -109 -25 -55 -25 -85 0 -132 11 -21 20 -43 20 -50 0 -6 10 -15 23 -19 12 -3 40 -19 61 -35 22 -16 51 -29 64 -29 13 0 32 -5 43 -11 16 -8 31 -4 75 21 52 29 94 63 94 76 0 3 9 17 20 31 24 31 27 106 5 143 -8 14 -19 35 -24 46 -14 31 -56 58 -129 83 -73 25 -101 26 -108 6z m120 -60 c39 -6 86 -46 86 -71 0 -8 5 -14 10 -14 21 0 -2 -121 -29 -154 -19 -22 -94 -56 -123 -56 -41 1 -145 67 -153 97 -3 13 -10 23 -15 23 -6 0 -10 18 -10 41 0 36 6 47 48 89 60 60 74 63 186 45z"
       id="path3437" />
    <path
       d="M5360 1463 c-14 -2 -29 -9 -34 -14 -6 -5 -19 -9 -30 -9 -26 0 -120 -66 -150 -104 -26 -34 -66 -118 -66 -138 0 -7 -7 -31 -14 -54 -15 -42 -13 -158 3 -179 5 -5 11 -23 15 -38 10 -44 69 -123 120 -162 26 -19 49 -35 52 -35 3 0 12 -7 20 -15 9 -8 26 -15 39 -15 13 0 26 -4 29 -9 10 -15 70 -21 116 -12 122 26 210 56 210 72 0 4 9 10 19 14 19 6 61 66 61 87 0 5 13 27 29 47 21 27 31 54 39 111 11 78 3 163 -16 182 -7 7 -12 21 -12 33 0 11 -9 28 -20 38 -11 9 -20 23 -20 31 0 8 -7 16 -15 20 -8 3 -15 14 -15 25 0 11 -10 26 -22 32 -13 7 -25 15 -28 19 -12 15 -79 50 -97 50 -10 0 -24 5 -30 11 -11 11 -143 21 -183 12z m180 -63 c97 -28 114 -40 159 -112 12 -21 27 -38 32 -38 5 0 9 -13 9 -29 0 -16 7 -37 16 -45 26 -27 9 -231 -22 -257 -8 -6 -14 -20 -14 -30 0 -10 -9 -23 -20 -29 -14 -7 -19 -17 -15 -29 6 -19 -31 -51 -59 -51 -8 0 -21 -6 -28 -13 -7 -8 -36 -16 -65 -20 -28 -3 -60 -11 -71 -18 -15 -10 -34 -8 -96 6 -42 10 -76 22 -76 26 0 4 -8 10 -19 14 -30 9 -100 80 -122 121 -29 58 -55 199 -41 227 6 12 13 38 16 58 10 60 42 114 93 154 26 22 50 42 53 45 3 3 25 13 50 22 51 19 149 18 220 -2z"
       id="path3499" />
    <path
       d="M4090 1428 c-117 -51 -131 -61 -178 -119 -60 -73 -92 -136 -92 -178 0 -17 -4 -31 -10 -31 -17 0 -13 -165 5 -180 8 -7 15 -20 15 -30 0 -10 7 -23 15 -30 8 -7 15 -21 15 -31 0 -11 8 -27 18 -36 36 -36 111 -83 130 -83 11 0 30 -8 43 -19 13 -10 41 -21 62 -25 20 -3 53 -9 72 -12 23 -4 47 -1 69 10 19 9 41 16 49 16 9 0 19 5 22 10 3 6 20 10 37 10 38 0 125 70 135 108 3 15 16 43 28 62 25 41 39 97 37 158 -1 23 3 42 8 42 15 0 12 20 -6 37 -10 10 -14 26 -11 42 4 22 -24 93 -44 111 -3 3 -15 21 -27 42 -26 43 -96 108 -116 108 -7 0 -27 7 -42 15 -34 18 -195 20 -234 3z m262 -70 c60 -36 93 -68 103 -98 3 -11 11 -20 16 -20 5 0 9 -6 9 -12 0 -7 8 -26 17 -43 24 -44 24 -237 0 -263 -9 -10 -17 -23 -17 -29 0 -6 -11 -33 -25 -60 -26 -49 -70 -83 -108 -83 -11 0 -29 -8 -40 -17 -28 -26 -215 -26 -241 0 -10 9 -25 17 -34 17 -32 1 -125 73 -134 104 -4 16 -11 32 -15 35 -5 3 -14 26 -20 51 -14 54 2 226 23 251 8 8 14 23 14 32 0 9 3 17 8 17 4 0 18 16 31 35 13 19 31 35 41 35 9 0 27 11 40 25 13 14 33 25 45 25 11 0 28 8 36 19 14 16 28 18 107 15 82 -3 97 -7 144 -36z"
       id="path3505"
       style="fill:#000000;stroke:#000000;stroke-opacity:1;fill-opacity:1" />
    <path
       d="M6915 4792 c-22 -2 -44 -8 -49 -13 -6 -5 -25 -9 -43 -9 -33 0 -106 -31 -117 -49 -3 -5 -25 -19 -48 -31 -51 -26 -102 -81 -125 -132 -9 -21 -20 -38 -24 -38 -4 0 -11 -15 -14 -32 -4 -18 -11 -37 -14 -43 -4 -5 -15 -30 -24 -55 -21 -57 -28 -253 -9 -272 6 -6 12 -24 12 -38 0 -14 7 -35 15 -46 8 -10 15 -26 15 -34 0 -8 7 -28 15 -44 8 -15 15 -34 15 -41 0 -7 24 -33 53 -59 28 -26 59 -54 67 -61 52 -47 150 -95 193 -95 13 0 28 -5 34 -11 6 -6 54 -10 113 -10 59 0 107 4 113 10 6 6 20 11 30 11 10 0 31 7 45 14 15 8 44 22 64 31 20 9 78 57 127 105 68 67 97 104 116 147 14 32 30 66 36 77 14 24 13 266 0 279 -6 6 -11 21 -11 34 0 24 -28 83 -55 118 -9 11 -31 43 -48 70 -39 61 -102 120 -139 129 -16 3 -28 11 -28 16 0 12 -54 36 -100 45 -19 4 -40 11 -45 16 -12 9 -113 16 -170 11z m165 -62 c36 -7 67 -16 70 -19 10 -14 78 -51 93 -51 22 0 117 -97 117 -120 0 -10 20 -41 44 -69 44 -52 56 -92 56 -189 0 -18 5 -40 11 -50 9 -14 7 -39 -6 -103 -9 -46 -20 -86 -23 -89 -4 -3 -16 -23 -27 -44 -34 -67 -191 -216 -227 -216 -8 0 -23 -7 -34 -15 -10 -8 -31 -15 -45 -15 -15 0 -32 -7 -39 -15 -8 -10 -17 -12 -24 -6 -6 5 -40 8 -76 7 -69 -2 -149 10 -164 25 -6 5 -18 9 -27 9 -21 0 -139 84 -186 132 -18 18 -33 40 -33 49 0 16 -28 80 -39 89 -7 5 -28 98 -38 162 -3 21 -1 43 4 50 5 7 10 40 12 73 1 32 8 69 16 82 8 12 15 31 15 41 0 10 13 36 30 58 16 21 30 45 30 52 0 18 66 82 85 82 8 0 15 4 15 9 0 5 10 13 23 16 12 4 38 19 56 33 26 19 51 27 93 30 32 3 61 9 64 14 7 11 56 7 154 -12z"
       id="path3537" />
    <path
       d="M4700 4511 c0 -23 37 -69 86 -109 30 -24 54 -50 54 -59 0 -9 20 -36 45 -61 25 -24 45 -52 45 -61 0 -8 28 -43 63 -76 62 -61 160 -169 196 -215 10 -14 39 -46 65 -72 25 -26 46 -54 46 -61 0 -17 67 -85 91 -92 11 -4 19 -12 19 -19 0 -7 9 -23 20 -36 11 -13 20 -29 20 -35 0 -10 86 -101 157 -167 10 -9 38 -39 63 -67 25 -29 68 -76 95 -105 28 -29 73 -82 100 -116 28 -34 75 -91 105 -125 87 -98 124 -145 135 -168 13 -32 81 -97 99 -97 9 0 16 -7 16 -15 0 -8 9 -23 20 -32 11 -10 20 -22 20 -28 0 -17 44 -55 63 -55 9 0 17 -5 17 -10 0 -13 86 -100 99 -100 5 0 13 -9 16 -20 3 -11 12 -26 18 -32 7 -7 29 -34 49 -59 49 -61 75 -92 120 -142 21 -23 38 -47 38 -53 0 -24 83 -27 115 -4 6 4 41 10 79 13 37 4 74 12 82 18 7 6 47 11 88 11 60 -1 79 3 97 19 15 13 37 19 70 19 26 0 50 4 53 9 3 5 42 12 86 16 44 4 83 11 86 16 3 5 23 9 45 9 22 0 56 7 77 16 20 9 69 17 109 18 40 1 78 8 87 15 8 7 53 15 98 18 117 8 132 25 78 87 -17 18 -41 37 -55 40 -14 4 -25 10 -25 15 0 5 -15 13 -32 17 -29 6 -73 28 -88 44 -18 19 -100 78 -125 90 -16 8 -59 36 -94 62 -35 27 -74 48 -86 48 -13 0 -29 7 -36 16 -8 9 -30 27 -50 39 -20 13 -42 30 -50 37 -8 8 -27 18 -42 22 -25 6 -101 56 -181 118 -16 13 -43 30 -61 39 -18 9 -50 30 -71 46 -22 17 -51 33 -66 37 -15 3 -43 20 -62 36 -18 17 -37 30 -40 30 -4 0 -12 5 -19 10 -48 40 -61 50 -72 50 -20 0 -69 28 -105 60 -18 16 -41 30 -49 30 -9 0 -31 14 -50 30 -18 17 -36 30 -40 30 -3 0 -26 18 -51 40 -28 25 -55 40 -72 40 -15 0 -33 6 -40 14 -8 7 -23 16 -35 20 -12 4 -24 13 -27 21 -3 8 -14 15 -24 15 -10 0 -36 18 -59 39 -22 21 -71 56 -109 76 -38 21 -87 50 -109 65 -73 50 -183 120 -188 120 -3 0 -27 15 -52 33 -25 17 -58 39 -73 47 -15 9 -52 32 -83 52 -31 21 -68 40 -83 44 -14 3 -26 9 -26 13 0 4 -20 18 -45 30 -25 12 -58 34 -74 49 -40 38 -50 45 -100 70 -24 13 -50 30 -59 39 -9 9 -38 29 -64 45 -29 18 -48 37 -48 48 0 27 -23 41 -58 34 -25 -5 -39 0 -70 25 -40 31 -152 91 -171 91 -6 0 -11 -4 -11 -9z m180 -131 c0 -5 5 -10 10 -10 6 0 29 -12 52 -27 22 -16 48 -32 56 -38 30 -19 37 -24 72 -53 19 -16 45 -32 58 -36 12 -4 22 -12 22 -17 0 -5 18 -16 40 -25 22 -9 40 -20 40 -25 0 -11 118 -89 136 -89 8 0 14 -3 14 -8 0 -4 23 -18 50 -31 28 -13 61 -34 74 -46 23 -21 121 -85 131 -85 2 0 58 -36 122 -80 65 -44 124 -80 132 -80 7 0 30 -13 51 -30 21 -16 41 -30 46 -30 28 0 86 -41 109 -77 26 -41 44 -55 75 -58 8 -1 42 -16 74 -34 32 -17 66 -31 75 -31 8 0 25 -11 37 -25 24 -29 71 -61 129 -90 22 -11 53 -32 70 -47 16 -16 36 -28 43 -28 6 0 12 -4 12 -10 0 -5 8 -10 18 -10 25 0 75 -29 121 -71 22 -20 62 -47 88 -59 61 -28 59 -26 143 -85 39 -27 79 -55 88 -60 35 -21 107 -70 112 -76 3 -4 22 -14 42 -22 20 -8 66 -38 102 -66 36 -28 72 -51 80 -51 21 0 54 -20 137 -82 42 -32 83 -58 91 -58 8 0 27 -13 43 -30 16 -16 34 -30 41 -30 7 0 19 -6 27 -14 8 -8 32 -19 54 -25 23 -6 45 -17 51 -24 19 -22 17 -40 -3 -42 -103 -11 -145 -18 -145 -26 0 -5 -31 -9 -69 -9 -45 0 -74 -5 -83 -13 -7 -8 -49 -17 -92 -21 -44 -4 -87 -11 -97 -16 -9 -5 -47 -12 -83 -15 -36 -2 -74 -9 -83 -14 -22 -11 -180 -41 -220 -41 -15 0 -41 -7 -58 -16 -16 -8 -58 -18 -93 -21 -34 -3 -65 -10 -68 -14 -11 -19 -32 -7 -57 29 -13 21 -50 65 -81 98 -31 32 -56 63 -56 68 0 10 -7 18 -119 134 -44 46 -83 92 -86 103 -4 12 -15 19 -31 19 -13 0 -24 4 -24 8 0 11 -49 69 -92 110 -21 19 -38 39 -38 45 0 5 -12 21 -27 36 -45 43 -80 86 -94 117 -8 16 -28 38 -45 49 -18 11 -42 36 -55 55 -46 68 -161 200 -175 200 -8 0 -14 6 -14 13 0 8 -44 59 -97 114 -129 132 -172 181 -192 218 -19 37 -47 66 -82 89 -15 9 -34 31 -42 47 -13 29 -82 111 -154 187 -18 19 -33 37 -33 41 0 3 -23 25 -50 49 -28 24 -50 49 -50 57 0 8 -16 26 -36 42 -20 15 -48 45 -61 68 -14 22 -38 50 -54 63 -16 13 -29 30 -29 38 0 8 -4 14 -10 14 -5 0 -10 5 -10 10 0 6 5 10 10 10 6 0 10 -4 10 -10z"
       id="path3539" />
    <path
       d="M8175 820 c-3 -5 -48 -10 -98 -10 -58 0 -102 -5 -118 -14 -14 -7 -56 -17 -93 -20 -36 -4 -68 -12 -71 -17 -4 -5 -18 -9 -33 -9 -15 0 -40 -7 -56 -15 -15 -8 -33 -15 -40 -15 -6 0 -24 -8 -41 -18 -25 -14 -53 -17 -163 -16 -95 1 -137 6 -149 15 -22 19 -306 20 -325 2 -6 -7 -29 -13 -49 -13 -21 0 -44 -6 -52 -14 -7 -8 -33 -23 -58 -34 -24 -11 -51 -29 -60 -39 -8 -10 -48 -47 -87 -82 -39 -36 -69 -68 -66 -73 9 -14 90 -9 130 8 32 14 60 15 164 10 69 -4 129 -11 135 -17 5 -5 19 -9 31 -9 12 0 32 -8 45 -18 49 -37 85 -45 206 -50 132 -5 215 12 249 49 9 11 29 19 44 19 15 0 41 7 56 15 16 8 39 15 50 15 12 0 27 7 34 15 8 9 30 15 59 15 25 0 64 5 86 11 22 6 47 10 55 10 8 -1 38 -1 67 -1 29 -1 55 -5 58 -9 3 -5 29 -12 58 -16 28 -4 61 -14 72 -21 26 -19 54 -18 62 2 9 24 -33 52 -87 59 -25 4 -54 11 -66 16 -11 6 -81 11 -155 11 -103 1 -143 -3 -171 -16 -21 -9 -48 -16 -62 -16 -14 0 -27 -4 -31 -9 -3 -5 -20 -12 -38 -16 -34 -7 -141 -47 -195 -73 -37 -18 -220 -21 -231 -4 -3 5 -21 13 -40 17 -19 4 -41 14 -49 21 -7 8 -25 14 -38 14 -14 0 -32 7 -40 15 -11 10 -36 15 -79 15 -35 0 -67 4 -70 10 -8 13 -51 13 -74 0 -31 -16 -131 -29 -131 -16 0 6 35 33 78 61 106 68 120 75 156 75 17 0 44 7 60 15 33 17 245 22 262 5 8 -8 164 -33 204 -32 41 1 138 20 157 30 12 7 33 12 47 12 13 0 32 7 41 17 11 11 32 16 63 15 26 0 54 5 62 12 8 8 37 16 64 20 27 3 54 10 61 16 6 5 76 11 156 12 136 3 144 4 144 23 0 15 -8 21 -30 23 -16 2 -34 8 -39 13 -13 12 -23 11 -31 -1z"
       id="path3577" />
    <path
       d="M304 608 c-12 -10 -29 -18 -38 -18 -21 0 -74 -33 -91 -57 -9 -12 -10 -24 -4 -34 5 -8 9 -30 9 -49 0 -26 3 -31 10 -20 5 8 7 23 4 32 -8 27 13 55 47 62 18 3 40 13 49 21 11 10 46 15 125 16 115 2 159 -3 212 -27 17 -8 34 -14 38 -14 3 0 13 -7 21 -15 9 -8 29 -15 45 -15 16 0 41 -7 54 -16 22 -14 34 -15 92 -4 106 18 194 23 206 11 6 -6 27 -11 46 -11 45 -1 105 -45 81 -59 -8 -6 -18 -7 -23 -4 -4 3 -20 0 -35 -6 -22 -8 -186 -22 -267 -22 -68 0 -199 12 -204 18 -3 5 -17 14 -31 21 -14 7 -43 23 -65 35 -57 31 -208 30 -277 -2 -26 -12 -50 -26 -53 -31 -3 -6 -17 -10 -31 -10 -13 0 -24 -5 -24 -10 0 -6 -11 -15 -25 -20 -34 -13 -31 -23 11 -36 31 -10 37 -9 47 7 7 11 18 19 25 19 8 0 28 6 45 14 93 42 132 56 154 56 23 0 90 -26 145 -55 14 -8 33 -15 41 -15 9 0 17 -5 19 -12 3 -7 38 -14 90 -17 47 -3 92 -12 100 -19 16 -13 74 -7 84 9 3 5 33 9 67 10 34 0 89 4 122 9 33 4 84 3 113 -2 39 -7 57 -6 68 2 17 15 13 23 -50 94 -40 44 -56 56 -80 56 -16 0 -38 8 -48 17 -15 13 -38 16 -123 15 -58 -1 -114 -6 -126 -13 -12 -6 -31 -9 -43 -6 -11 3 -41 11 -66 17 -25 6 -67 21 -95 34 -109 52 -137 59 -244 60 -86 1 -109 -2 -127 -16z"
       id="path3579" />
    <path
       d="M163 322 c-35 -5 -29 -32 7 -32 19 0 30 5 30 14 0 19 -9 23 -37 18z"
       id="path3581" />
    <path
       style="fill:#ff0000;fill-opacity:0;stroke:#000000;stroke-width:0.23595194999999999;stroke-miterlimit:4;stroke-opacity:1;stroke-dasharray:none"
       d="m 173.71873,571.55306 c -2.58443,-2.64355 -3.36735,-3.60776 -4.07017,-5.01262 -0.47862,-0.9567 -0.87022,-1.94809 -0.87022,-2.20308 0,-0.96601 -1.8874,-3.47178 -5.19518,-6.89728 -4.22071,-4.37093 -5.49754,-5.87711 -5.99219,-7.06855 -0.47596,-1.14643 -1.51394,-2.44279 -4.26535,-5.32711 -3.92049,-4.10988 -5.78295,-6.72903 -5.78295,-8.13248 0,-0.7563 -0.81851,-1.70321 -2.28083,-2.63865 -1.94026,-1.24116 -2.82127,-2.10954 -4.74312,-4.67509 -2.13518,-2.85034 -3.19218,-4.00559 -4.33808,-4.74131 -0.69861,-0.44855 -0.89404,-0.74594 -1.03022,-1.56769 -0.24995,-1.50824 -0.61922,-2.05493 -2.02276,-2.99462 -1.18768,-0.79517 -1.3794,-1.06753 -2.92505,-4.15523 -1.00967,-2.01697 -2.51463,-4.49891 -3.86298,-6.3707 -2.41632,-3.35435 -3.44404,-5.19256 -3.70132,-6.62027 -0.24459,-1.35723 -0.76503,-2.1155 -2.0022,-2.91717 -2.5305,-1.6397 -8.72219,-9.08666 -8.72219,-10.49047 0,-0.26186 0.52309,-0.95386 1.17976,-1.56074 1.29491,-1.1967 1.55869,-2.14012 0.72337,-2.58717 -0.77216,-0.41324 -1.1786,-0.28032 -2.13908,0.69956 -0.50881,0.51909 -1.02735,0.9438 -1.15231,0.9438 -0.57598,0 -1.89373,-1.51289 -3.80469,-4.36811 -2.62909,-3.9282 -4.0952,-5.68927 -5.87932,-7.06212 -1.77844,-1.36847 -1.866648,-1.76416 -1.29509,-5.80954 0.395856,-2.8018 0.400323,-3.08671 0.05384,-3.43319 -0.330987,-0.33098 -0.58493,-0.34291 -2.047903,-0.0961 -2.588383,0.43658 -4.223603,-0.11719 -5.870378,-1.98802 -0.918556,-1.04354 -1.130524,-1.58698 -1.691261,-4.33606 -0.303545,-1.48817 -1.691915,-3.95154 -3.381595,-5.99994 -1.67952,-2.03607 -9.419606,-10.31524 -11.53513,-12.33852 -0.956095,-0.91441 -2.590592,-2.31618 -3.632217,-3.11504 -2.700764,-2.07134 -3.535847,-3.31285 -3.795642,-5.64295 -0.227862,-2.04369 -0.622101,-2.83042 -1.629232,-3.25122 -1.120486,-0.46817 -2.971384,-2.14354 -4.532699,-4.10283 -1.36149,-1.70854 -1.521025,-2.26642 -0.713005,-2.49335 1.614105,-0.45331 13.83477,-0.62831 39.462962,-0.56509 29.09027,0.0718 30.86016,0.0265 35.51077,-0.90797 0.9733,-0.19557 2.23209,-0.62417 2.79731,-0.95244 1.24665,-0.72405 2.04065,-0.62855 3.03414,0.36494 1.04504,1.04504 2.30649,1.30639 6.32008,1.30937 4.116,0.003 6.22819,-0.32092 9.28926,-1.42486 1.21588,-0.4385 2.38385,-0.79823 2.59547,-0.7994 0.21162,-10e-4 0.66471,0.33848 1.00686,0.75477 0.60764,0.73932 0.67455,0.75919 2.8819,0.85573 1.99102,0.0871 8.40913,-0.46104 9.68865,-0.82743 0.4375,-0.12527 0.44647,0.0189 0.29446,4.73232 -0.20471,6.34705 -0.24152,6.44588 -2.86818,7.69953 -1.27129,0.60676 -1.99054,1.09309 -2.07086,1.40022 -0.19436,0.74323 0.35794,1.01672 1.64213,0.81316 1.48032,-0.23465 1.96634,-0.15177 2.61056,0.44518 1.1563,1.07146 1.27733,3.19261 0.38686,6.78004 -0.9036,3.64028 -0.85604,5.31121 0.21704,7.62644 1.26437,2.72791 1.30596,3.20618 0.39411,4.53152 -0.91179,1.32524 -0.96392,2.31582 -0.21092,4.00787 1.14712,2.5777 0.46753,6.31404 -1.28136,7.04478 -0.97874,0.40894 -1.33472,0.98659 -1.33472,2.16588 0,0.68935 0.16848,1.02282 0.81675,1.61662 0.96057,0.87985 1.42053,1.88892 1.90002,4.16835 0.44316,2.10666 0.44925,4.48232 0.0142,5.52361 -0.18504,0.44286 -0.77787,1.38988 -1.3174,2.10448 -1.32916,1.76047 -1.3176,2.56995 0.0836,5.85041 1.99139,4.6623 2.13514,5.90749 1.52016,13.16827 -0.49729,5.87118 -0.47696,14.46443 0.0381,16.12306 0.15443,0.49728 0.5887,1.22636 0.96504,1.62016 1.26089,1.3194 1.16519,1.9159 -0.65903,4.10792 -0.63818,0.76685 -1.28395,1.62526 -1.43504,1.90758 -0.50495,0.94352 -0.28658,2.21501 0.89805,5.22899 1.66972,4.24814 2.61486,7.44662 2.76424,9.35448 l 0.12931,1.65166 -1.53937,0.6651 c -2.76909,1.19641 -3.08685,2.27453 -1.33538,4.5308 3.00358,3.86926 2.88994,3.27005 2.99724,15.80382 0.0489,5.71004 0.0555,11.00408 0.0146,11.76454 l -0.0743,1.38265 -3.19996,-3.27316 z"
       id="path3668"
       inkscape:connector-curvature="0"
       transform="matrix(8,0,0,-8,0,5040)" />
    <path
       style="fill:#ffff00;fill-opacity:1;stroke:#000000;stroke-width:0.66737287999999995;stroke-miterlimit:4;stroke-opacity:1;stroke-dasharray:none"
       d="m 512.80801,539.61059 c -1.10117,-0.28689 -3.50132,-1.32302 -5.33368,-2.30249 -1.83235,-0.97949 -3.79833,-1.78088 -4.36885,-1.78088 -2.61515,0 -15.32396,-10.17627 -15.32396,-12.2703 0,-0.41475 -0.75598,-2.1742 -1.67995,-3.90988 -2.87039,-5.39202 -3.85523,-10.60068 -3.36786,-17.81213 0.69465,-10.27861 1.70281,-16.15014 3.43041,-19.9787 0.88957,-1.9714 1.6174,-3.88327 1.6174,-4.2486 0,-1.35518 8.28107,-9.94841 10.4673,-10.86188 1.24614,-0.52067 3.53015,-1.97701 5.07558,-3.23631 1.54543,-1.2593 3.97849,-2.60858 5.4068,-2.99841 1.42831,-0.38982 3.3316,-1.39698 4.22952,-2.23813 1.56112,-1.46239 2.07562,-1.52634 11.7516,-1.46065 7.70649,0.0523 10.82819,0.33534 13.09368,1.18711 6.70659,2.52153 15.94866,9.64293 18.16623,13.99785 0.77449,1.52098 1.96559,3.15784 2.64687,3.63747 0.68128,0.47963 1.23869,1.20686 1.23869,1.61607 0,0.4092 0.81417,2.71964 1.80925,5.13429 1.73407,4.20787 1.81033,4.89114 1.83528,16.44417 l 0.026,12.05388 -2.06876,3.96307 c -1.13783,2.17969 -2.43038,5.06775 -2.87232,6.41792 -1.31203,4.00829 -5.80482,10.36412 -8.66334,12.2558 -1.46576,0.96999 -3.95964,2.04106 -5.54195,2.38016 -1.58231,0.3391 -4.52868,1.43678 -6.54748,2.43928 -3.43602,1.70627 -4.28887,1.83137 -13.34746,1.95783 -5.3223,0.0743 -10.57786,-0.0996 -11.67902,-0.38654 z"
       id="path4558"
       inkscape:connector-curvature="0"
       transform="matrix(8,0,0,-8,0,5040)" />
    <path
       style="fill:#ffff00;fill-opacity:1;stroke:#000000;stroke-width:0.66737288;stroke-miterlimit:4;stroke-opacity:1;stroke-dasharray:none"
       d="m 674.64593,538.53777 c -6.35538,-1.27207 -11.88807,-2.98125 -12.88832,-3.9815 -0.48208,-0.48208 -2.05894,-1.48481 -3.50415,-2.2283 -2.48984,-1.28091 -9.29023,-7.70456 -12.29949,-11.61811 -3.72763,-4.84778 -6.81857,-16.09379 -6.93302,-25.22502 -0.0871,-6.94936 1.98383,-16.26789 4.89444,-22.0233 1.95589,-3.86756 12.62622,-14.27833 16.80428,-16.39552 9.35835,-4.74223 23.91886,-4.7572 36.92022,-0.038 6.38174,2.31644 8.68202,4.12184 12.86019,10.09344 2.05455,2.93644 4.28271,5.78946 4.95146,6.34004 0.66875,0.55058 1.51328,2.5759 1.87673,4.50071 0.36344,1.9248 1.18582,4.30092 1.82751,5.28026 1.62725,2.48349 1.95076,12.76527 0.65216,20.72701 -1.11732,6.85032 -5.14313,16.16205 -8.09838,18.7316 -1.08912,0.94698 -1.69287,2.16639 -1.69287,3.41914 0,2.36766 -2.91129,5.05573 -6.53723,6.036 -1.35977,0.36761 -3.12734,1.12884 -3.92795,1.69164 -0.8006,0.5628 -4.25426,1.60348 -7.67478,2.31261 -3.42053,0.70915 -7.53326,1.75771 -9.13939,2.33015 -1.60613,0.57244 -3.10772,1.01258 -3.33686,0.97808 -0.22915,-0.0345 -2.36869,-0.45342 -4.75455,-0.93097 z"
       id="path4560"
       inkscape:connector-curvature="0"
       transform="matrix(8,0,0,-8,0,5040)" />
    <path
       style="fill:#ffff00;fill-opacity:1;stroke:#000000;stroke-width:0.66737288;stroke-miterlimit:4;stroke-opacity:1;stroke-dasharray:none"
       d="m 489.11627,386.72857 c -4.38526,-1.29903 -16.01695,-8.57266 -16.01695,-10.01585 0,-0.26772 -0.89549,-1.80831 -1.98998,-3.42353 -2.7041,-3.99066 -2.73682,-7.87612 -0.10133,-12.03187 2.64158,-4.16533 10.14661,-10.41549 13.19288,-10.98698 2.96517,-0.55627 11.48848,0.11091 15.05045,1.1781 3.15764,0.94606 8.40063,5.39094 8.95249,7.58971 0.21846,0.87044 0.81822,1.93203 1.33279,2.35909 1.33313,1.1064 1.16214,5.49087 -0.44086,11.30441 -1.67675,6.08098 -2.56565,7.51779 -5.98731,9.67779 -5.14025,3.2449 -11.27879,5.15291 -13.99218,4.34913 z"
       id="path4562"
       inkscape:connector-curvature="0"
       transform="matrix(8,0,0,-8,0,5040)" />
    <path
       style="fill:#ffff00;fill-opacity:1;stroke:#000000;stroke-width:1.33474576;stroke-miterlimit:4;stroke-opacity:1;stroke-dasharray:none"
       d="m 868.35962,162.24532 c -8.06444,-0.6295 -15.29592,-2.03866 -19.35381,-3.77138 -8.01697,-3.42323 -24.81016,-16.10214 -26.79295,-20.22875 -7.15886,-14.8991 -11.09299,-27.42362 -11.00561,-35.037 0.10712,-9.33408 4.04723,-25.698023 8.03063,-33.35256 6.52629,-12.540995 9.71367,-15.975715 20.90138,-22.523347 19.86806,-11.62783 37.66348,-12.42352 57.65599,-2.577983 11.72926,5.776205 16.30347,9.405287 20.26626,16.078814 1.61629,2.721916 5.01691,8.049966 7.55693,11.840112 3.61,5.386747 4.84564,8.883442 5.65997,16.016949 0.57297,5.019177 1.44403,10.653253 1.93571,12.520175 0.49167,1.86691 -0.0379,7.86372 -1.1769,13.32623 -2.5131,12.05288 -7.96967,20.53785 -20.91565,32.52384 -7.1637,6.63249 -11.25074,9.21188 -19.47647,12.29192 -9.882,3.7002 -11.06361,3.847 -23.28548,2.89298 z"
       id="path4564"
       inkscape:connector-curvature="0"
       transform="matrix(8,0,0,-8,0,5040)" />
    <path
       style="fill:#ffff00;fill-opacity:1;stroke:#000000;stroke-width:1.88761556;stroke-miterlimit:4;stroke-opacity:1;stroke-dasharray:none"
       d="m 314.1087,287.77018 c 0,-0.7562 6.27473,-8.3204 13.94384,-16.80935 30.15731,-33.38108 37.02178,-41.36511 37.02178,-43.0598 0,-0.96902 5.52127,-6.92675 12.2695,-13.23939 6.74822,-6.31264 12.27696,-12.44191 12.28607,-13.62061 0.009,-1.1787 4.9086,-7.23966 10.88774,-13.46879 11.43006,-11.90796 30.21556,-33.27132 52.33081,-59.51196 7.26732,-8.62297 17.46044,-20.10881 22.65139,-25.5241 5.19094,-5.41529 15.38406,-16.827715 22.65138,-25.360947 7.26732,-8.533231 16.82313,-19.462999 21.23515,-24.288371 4.41202,-4.825371 10.12153,-11.666372 12.6878,-15.202224 4.20325,-5.791274 4.80768,-6.072066 6.09499,-2.831423 0.78595,1.978569 1.44715,58.810153 1.46931,126.292405 l 0.0402,122.69502 -81.16747,1.14449 c -44.64201,0.62949 -95.39527,1.82297 -112.78493,2.65222 -17.38966,0.82925 -31.61756,0.88903 -31.61756,0.13283 z"
       id="path4566"
       inkscape:connector-curvature="0"
       transform="matrix(8,0,0,-8,0,5040)" />
    <path
       style="fill:#ffff00;fill-opacity:1;stroke:#000000;stroke-width:1.88761556;stroke-miterlimit:4;stroke-opacity:1;stroke-dasharray:none"
       d="m 551.76941,359.68595 c -1.0295,-12.82699 -2.27248,-85.67862 -2.74334,-160.78801 -0.31891,-50.87124 -1.02652,-100.987437 -1.57247,-111.369323 -0.79771,-15.169357 -0.54653,-18.166157 1.2791,-15.260628 6.30965,10.041921 30.48102,41.091651 39.36589,50.568101 5.55294,5.92267 15.05004,17.17757 21.10466,25.01091 6.05463,7.83334 11.68621,14.24243 12.51462,14.24243 0.82841,0 5.18892,4.88421 9.69001,10.85379 4.50109,5.96959 15.45328,18.92335 24.3382,28.78614 8.88491,9.86279 17.52306,20.05591 19.19587,22.65139 1.67282,2.59547 8.87301,11.25039 16.00042,19.23315 18.40364,20.61222 40.9402,47.98678 49.0012,59.52045 3.78852,5.42061 8.42726,10.34411 10.30833,10.94115 1.88105,0.59701 6.41804,5.50568 10.08221,10.90811 3.66416,5.40245 11.59277,15.04517 17.61911,21.42825 l 10.95701,11.60563 -37.78542,1.09027 c -87.64671,2.52903 -199.17286,2.85247 -199.3554,0.57819 l 0,0 z"
       id="path4568"
       inkscape:connector-curvature="0"
       transform="matrix(8,0,0,-8,0,5040)" />
    <path
       style="fill:#ffff00;fill-opacity:1;stroke:#000000;stroke-width:1.88761556;stroke-miterlimit:4;stroke-opacity:1;stroke-dasharray:none"
       d="M 829.38446,332.71193 C 813.967,313.31069 793.13978,290.46692 790.7722,290.36114 c -1.0605,-0.0474 -6.9076,-6.20573 -12.99354,-13.68521 -16.13424,-19.82863 -39.14389,-46.28741 -60.66404,-69.75754 -10.38189,-11.3226 -22.07983,-24.5546 -25.99542,-29.40443 -3.9156,-4.84983 -10.9172,-13.06501 -15.55911,-18.25595 -4.64192,-5.19094 -14.60436,-16.52329 -22.13878,-25.18298 -7.53441,-8.6597 -19.92451,-22.8876 -27.53356,-31.61756 -7.60904,-8.729965 -13.13032,-15.854831 -12.2695,-15.833039 0.86082,0.02179 12.42457,7.454279 25.69722,16.516639 13.27264,9.06236 30.6859,20.54014 38.69612,25.50618 8.01021,4.96604 27.30543,17.06008 42.87826,26.87564 15.57283,9.81557 29.13151,17.85678 30.1304,17.86936 0.99889,0.0127 5.24603,3.33701 9.43808,7.38763 4.19205,4.05062 12.29376,9.30136 18.00379,11.66831 5.71004,2.36696 13.35489,6.55719 16.98854,9.31163 8.47587,6.42499 33.73077,22.62093 35.27363,22.62093 0.64836,0 6.7802,3.68622 13.62636,8.1916 46.44,30.56172 62.99594,41.24291 73.79503,47.60943 6.74822,3.97835 20.78606,12.8304 31.1952,19.6712 10.40915,6.84079 21.66405,13.57207 25.01091,14.95837 7.45323,3.08723 7.74647,5.22435 0.89426,6.51733 -2.85502,0.53873 -14.53464,2.69937 -25.95472,4.80143 -61.00394,11.22877 -75.02124,13.92257 -89.8954,17.27582 -8.95312,2.01841 -16.80008,3.66983 -17.43772,3.66983 -0.63764,0 -6.29582,-6.46373 -12.57375,-14.36383 l 0,0 z"
       id="path4570"
       inkscape:connector-curvature="0"
       transform="matrix(8,0,0,-8,0,5040)" />
    <path
       style="fill:#ffff00;fill-opacity:1;stroke:#000000;stroke-width:1.88761556;stroke-miterlimit:4;stroke-opacity:1;stroke-dasharray:none"
       d="m 822.81009,556.09736 c -0.44654,-1.28024 -1.05145,-34.82894 -1.34425,-74.55268 -0.46373,-62.91316 -0.16732,-72.32056 2.29906,-72.96625 1.55728,-0.40769 13.87397,-2.57108 27.37042,-4.80753 23.80382,-3.94446 71.38831,-12.46971 101.67316,-18.2158 8.16357,-1.54892 15.28979,-2.36926 15.83606,-1.823 1.09939,1.0994 -4.98426,9.3701 -15.38507,20.91593 -3.74092,4.15276 -10.41126,11.96871 -14.82298,17.36879 -4.41172,5.40008 -9.50781,9.85957 -11.32464,9.90998 -3.77605,0.10477 -4.25527,2.15989 -1.21306,5.20211 1.52862,1.52862 1.0766,2.63277 -1.68224,4.10925 -3.70706,1.98396 -24.33458,25.881 -35.19394,40.77229 -6.27037,8.59847 -27.00371,33.03724 -30.45215,35.89451 -1.25299,1.03819 -4.71262,5.30692 -7.68807,9.48607 -9.79951,13.76383 -22.35626,28.93124 -24.82943,29.99168 -1.33703,0.57329 -2.79632,-0.005 -3.24287,-1.28535 z"
       id="path4572"
       inkscape:connector-curvature="0"
       transform="matrix(8,0,0,-8,0,5040)" />
    <path
       style="fill:#ffff00;fill-opacity:1;stroke:#000000;stroke-width:1.88761556;stroke-miterlimit:4;stroke-opacity:1;stroke-dasharray:none"
       d="m 269.63197,368.15419 0.11776,-40.26907 92.49316,-0.67172 c 50.87124,-0.36945 103.26226,-1.25374 116.42451,-1.96511 13.16223,-0.71136 32.92871,-0.68012 43.92555,0.0694 l 19.99423,1.3628 -0.51042,38.03995 -0.51039,38.03995 -27.37042,1.40334 c -15.05374,0.77183 -76.26547,2.04597 -136.02608,2.83142 l -108.65566,1.42808 0.11776,-40.26907 z m 235.61105,21.33878 c 18.36114,-12.47672 16.5267,-35.79901 -3.49073,-44.37948 -11.27584,-4.83339 -16.30144,-4.66754 -25.00239,0.82512 -13.06039,8.24467 -17.26632,18.37587 -12.64846,30.46757 2.59117,6.78487 4.80076,9.02934 12.82599,13.02848 12.21655,6.08777 19.4206,6.10261 28.31559,0.0583 l 0,0 z"
       id="path4574"
       inkscape:connector-curvature="0"
       transform="matrix(8,0,0,-8,0,5040)" />
    <path
       style="fill:#ffff00;fill-opacity:1;stroke:#000000;stroke-width:1.88761556;stroke-miterlimit:4;stroke-opacity:1;stroke-dasharray:none"
       d="m 171.77353,566.92864 c -1.97749,-3.08468 -10.04705,-13.52123 -17.93235,-23.19232 -7.88531,-9.6711 -17.87411,-22.83722 -22.19734,-29.25805 -4.32324,-6.42082 -10.06388,-14.34712 -12.75699,-17.61398 -2.92495,-3.54809 -4.42895,-7.15836 -3.73522,-8.96618 0.69918,-1.82203 0.18309,-3.02642 -1.29684,-3.02642 -4.15376,0 -13.04665,-9.89053 -13.04665,-14.51027 0,-2.60601 -1.131793,-4.36588 -2.807744,-4.36588 -1.544261,0 -4.856058,-3.24474 -7.359553,-7.21053 -2.503494,-3.96579 -8.460138,-11.11886 -13.236987,-15.89571 -4.77685,-4.77685 -8.685182,-9.32243 -8.685182,-10.10128 0,-0.77886 -1.405791,-2.96949 -3.12398,-4.86807 -3.009816,-3.32581 -2.302751,-3.45217 19.348059,-3.45773 12.359623,-0.003 37.124657,-0.56159 55.033407,-1.24092 l 32.56137,-1.23514 0,4.81419 c 0,2.8417 -1.35346,5.33566 -3.30333,6.0869 -3.12341,1.20339 -3.11829,1.37657 0.094,3.17978 3.04535,1.7095 3.35562,4.58095 2.99474,27.71539 -0.55095,35.31959 0.41924,66.52437 2.21814,71.34331 0.88568,2.37258 0.67097,4.83246 -0.5263,6.02973 -1.43796,1.43796 -1.36499,3.60911 0.25254,7.51417 1.25115,3.02055 2.01085,9.62642 1.68822,14.67972 l -0.5866,9.18782 -3.59542,-5.60853 z"
       id="path4576"
       inkscape:connector-curvature="0"
       transform="matrix(8,0,0,-8,0,5040)" />
    <path
       style="fill:#ffff00;fill-opacity:1;stroke:#000000;stroke-width:1.88761556;stroke-miterlimit:4;stroke-opacity:1;stroke-dasharray:none"
       d="m 183.71746,567.75059 c -0.0802,-9.76589 -0.7653,-45.36254 -1.52251,-79.10367 -0.75721,-33.74112 -1.00031,-63.34764 -0.54022,-65.79225 0.82065,-4.36035 1.1094,-4.41753 15.20773,-3.01155 7.90415,0.78825 18.19361,1.25527 22.86546,1.03781 39.75948,-1.8507 111.26781,-3.72948 183.09871,-4.81065 47.23758,-0.71101 88.01007,-2.05446 90.60555,-2.98546 2.59547,-0.93099 68.85077,-2.1377 147.23401,-2.68158 78.38324,-0.54387 148.55744,-1.48938 155.94266,-2.10112 10.75607,-0.89097 13.63774,-0.5649 14.48339,1.63879 0.58061,1.51308 1.65791,38.1036 2.39401,81.31227 l 1.33832,78.56121 -14.87791,0.0179 c -8.18283,0.01 -35.26413,0.84395 -60.18065,1.85364 -54.92178,2.22559 -89.49941,3.25157 -157.6159,4.67677 -28.55019,0.59735 -82.4888,1.90554 -119.86359,2.90709 -37.37479,1.00155 -101.50653,2.24337 -142.51498,2.7596 -41.00844,0.51623 -88.364,1.50981 -105.23456,2.20796 l -30.67376,1.26935 -0.14576,-17.75615 z M 538.9901,545.87801 c 14.17174,-4.43986 19.86787,-8.90175 25.46506,-19.94726 10.68917,-21.09409 9.24783,-41.87086 -4.1731,-60.15381 -8.57702,-11.68423 -15.32814,-15.21155 -31.3017,-16.35445 -30.30845,-2.16856 -54.18763,21.30784 -54.2974,53.38155 -0.0304,8.85153 1.08561,13.35379 5.1081,20.60946 6.05422,10.92047 10.63439,14.61298 25.91854,20.89542 13.42937,5.52005 19.72226,5.81675 33.2805,1.56909 z m 158.30456,-3.75068 c 12.37273,-3.38381 17.59878,-7.81304 24.12555,-20.44713 10.15605,-19.65939 8.68039,-40.40899 -4.10558,-57.72941 -7.39681,-10.02002 -15.91905,-14.60909 -32.08395,-17.27658 -10.07893,-1.6632 -12.83875,-1.40041 -21.9131,2.08662 -18.63749,7.16189 -29.30882,21.74577 -31.56681,43.14045 -1.66193,15.74712 2.26958,26.1871 14.47343,38.43363 16.33784,16.39498 26.04543,18.63651 51.07046,11.79242 l 0,0 z"
       id="path4578"
       inkscape:connector-curvature="0"
       transform="matrix(8,0,0,-8,0,5040)" />
    <path
       style="fill:#ffff00;fill-opacity:1;stroke:#000000;stroke-width:1.88761556;stroke-miterlimit:4;stroke-opacity:1;stroke-dasharray:none"
       d="m 547.48803,47.641567 c -2.73074,-19.922884 -1.11464,-21.385963 18.57796,-16.818943 6.89873,1.599922 18.22407,2.921957 25.16742,2.937854 6.94335,0.01589 13.73533,0.733549 15.09328,1.594781 2.62612,1.665514 -2.89663,3.629707 -35.50228,12.626555 -9.86279,2.721432 -18.87766,5.732352 -20.03305,6.690936 -1.47008,1.219664 -2.46174,-0.891107 -3.30333,-7.031183 l 0,0 z"
       id="path4580"
       inkscape:connector-curvature="0"
       transform="matrix(8,0,0,-8,0,5040)" />
  </g>
  <path
     style="fill:#e2c4da;fill-opacity:1;stroke:#000000;stroke-width:0.94380778;stroke-miterlimit:4;stroke-opacity:1;stroke-dasharray:none"
     d="m 823.93986,545.87642 c -0.34486,-5.32072 -0.70427,-37.58221 -0.79867,-71.69221 -0.14963,-54.06169 0.01,-62.18747 1.24406,-63.33782 0.84029,-0.78328 13.11586,-3.32443 30.20184,-6.25204 15.83238,-2.71281 46.11935,-8.08169 67.30438,-11.93084 38.13439,-6.92872 44.06494,-7.76152 44.06494,-6.18783 0,0.81255 -25.55309,31.37107 -31.97437,38.23762 -1.88014,2.0105 -5.22345,4.47248 -7.4296,5.47106 -4.25249,1.92482 -4.94305,3.7208 -2.61347,6.79698 1.21246,1.60104 1.00705,2.04278 -2.19433,4.71904 -5.74163,4.79984 -14.36726,14.75251 -33.62511,38.79827 -9.98602,12.46876 -21.96082,26.9176 -26.61066,32.10854 -4.64985,5.19094 -12.66647,14.95935 -17.81472,21.70758 -9.54941,12.5172 -17.10509,21.23567 -18.40343,21.23567 -0.3981,0 -1.00599,-4.35331 -1.35086,-9.67402 z"
     id="path4588"
     inkscape:connector-curvature="0"
     transform="scale(0.8,0.8)" />
  <path
     style="fill:#eacce1;fill-opacity:1;stroke:#000000;stroke-width:1.88761555999999997;stroke-miterlimit:4;stroke-opacity:1;stroke-dasharray:none"
     d="m 552.06124,281.57645 c -3.34842,-224.427332 -3.37205,-205.772232 0.25399,-200.564158 7.27754,10.452732 40.93071,51.527948 61.86548,75.509628 31.14433,35.67717 97.44879,114.24663 112.87463,133.75418 7.09408,8.97119 17.35065,20.98311 22.79236,26.69314 5.44171,5.71004 15.28483,16.75259 21.87359,24.53901 l 11.97957,14.15711 -30.0529,1.16008 c -16.52908,0.63805 -68.38977,1.27512 -115.24598,1.41571 l -85.19309,0.25564 -1.14765,-76.92034 z"
     id="path4590"
     inkscape:connector-curvature="0"
     transform="scale(0.8,0.8)" />
  <path
     style="fill:#501616;fill-opacity:1;stroke:#000000;stroke-width:1.88761556;stroke-miterlimit:4;stroke-opacity:1;stroke-dasharray:none"
     d="m 152.76313,538.80685 c -26.45604,-34.50296 -36.03645,-48.33208 -36.03645,-52.01783 0,-1.707 -2.02514,-4.02634 -4.50031,-5.1541 -2.47518,-1.12777 -6.50995,-5.44441 -8.96618,-9.59254 -2.45622,-4.14813 -11.606266,-15.89081 -20.33343,-26.09484 L 67.059191,427.39475 104.63434,425.9778 c 20.66633,-0.77933 44.23869,-1.20404 52.38301,-0.94381 l 14.80786,0.47315 -3.93728,4.99543 c -3.10584,3.94052 -3.38757,5.20638 -1.33415,5.99435 2.03314,0.78019 2.86652,9.19294 3.80594,38.41973 0.66154,20.58144 1.59862,49.10043 2.08239,63.37552 0.48378,14.27509 0.64294,25.95471 0.35371,25.95471 -0.28924,0 -9.30395,-11.44801 -20.03269,-25.44003 z"
     id="path4594"
     inkscape:connector-curvature="0"
     transform="scale(0.8,0.8)" />
  <path
     style="fill:#d35f5f;fill-opacity:1;stroke:#000000;stroke-width:1.88761555999999997;stroke-miterlimit:4;stroke-opacity:1;stroke-dasharray:none"
     d="m 825.62605,547.25834 c -0.63426,-2.59547 -0.91617,-34.02097 -0.62647,-69.83445 l 0.52674,-65.11542 16.04473,-3.40211 c 22.092,-4.68437 119.72895,-21.84445 120.44403,-21.16852 1.13008,1.06821 -31.4921,38.12559 -36.38446,41.3312 -3.32117,2.17611 -4.61971,4.35043 -3.91819,6.56075 0.68149,2.14717 -0.99449,5.25312 -4.7815,8.86115 -3.20692,3.05536 -22.5366,25.88494 -42.95484,50.7324 -20.41824,24.84747 -39.39045,47.782 -42.16045,50.96563 l -5.03638,5.78841 -1.15321,-4.71904 z"
     id="path4596"
     inkscape:connector-curvature="0"
     transform="scale(0.8,0.8)" />
  <path
     style="fill:#ffd5d5;fill-opacity:1;stroke:#000000;stroke-width:1.88761555999999997;stroke-miterlimit:4;stroke-opacity:1;stroke-dasharray:none"
     d="m 146.50294,526.97065 c -13.03382,-17.39196 -25.14273,-34.48956 -26.9087,-37.99467 -1.76597,-3.50511 -5.21609,-8.17696 -7.66694,-10.38188 -4.19505,-3.7741 -40.6136,-48.98268 -39.894177,-49.52309 0.184024,-0.13823 21.851256,-0.8567 48.149407,-1.5966 l 47.81482,-1.34526 -2.15603,4.02856 c -1.52568,2.85077 -1.59627,5.79511 -0.24145,10.07088 1.77795,5.61115 6.72171,116.24298 5.25983,117.70486 -0.3624,0.36241 -11.32295,-13.57085 -24.35676,-30.9628 z"
     id="path4598"
     inkscape:connector-curvature="0"
     transform="scale(0.8,0.8)" />
  <path
     style="fill:#ffd5d5;fill-opacity:1;stroke:#000000;stroke-width:1.88761556;stroke-miterlimit:4;stroke-opacity:1;stroke-dasharray:none"
     d="m 185.94826,573.42316 c -0.60923,-5.56605 -1.35599,-41.852 -1.65946,-80.63544 l -0.55177,-70.51536 45.30277,-0.56471 c 60.34983,-0.75227 197.19327,-4.08487 270.87284,-6.59667 50.92113,-1.73594 307.97848,-5.8628 308.96852,-4.96025 0.60086,0.54776 4.55453,156.43568 3.98115,156.97147 -0.30212,0.28231 -62.55747,2.28673 -138.34523,4.45426 -201.6089,5.76602 -202.52443,5.78879 -312.40038,7.77135 -55.54309,1.00219 -117.65393,2.35616 -138.02409,3.00881 l -37.03666,1.18663 -1.10769,-10.12009 z m 353.92569,-26.10983 c 21.35961,-6.59731 32.74101,-23.77696 32.55027,-49.13299 -0.28046,-37.28232 -27.96654,-58.38498 -62.96393,-47.99187 -38.56993,11.45404 -49.33876,68.96143 -16.83449,89.89914 6.17535,3.97786 25.69866,10.79752 31.15509,10.88274 2.22658,0.0348 9.46845,-1.61089 16.09306,-3.65702 z m 155.24182,-2.92272 c 15.47668,-4.03117 21.40036,-8.9362 28.24219,-23.38566 14.12031,-29.82108 2.40756,-63.66149 -25.20924,-72.83432 -37.05597,-12.30801 -68.10453,10.48425 -67.94916,49.88041 0.053,13.4713 4.60627,23.34673 15.72501,34.10638 16.09944,15.57948 26.45588,18.15499 49.1912,12.23319 l 0,0 z"
     id="path4600"
     inkscape:connector-curvature="0"
     transform="scale(0.8,0.8)" />
  <path
     style="fill:#c8b7b7;fill-opacity:1;stroke:#000000;stroke-width:1.88761555999999997;stroke-miterlimit:4;stroke-opacity:1;stroke-dasharray:none"
     d="M 820.80728,319.44508 C 808.86811,305.40343 797.13931,292.60145 794.74327,290.9962 792.34724,289.39097 780.9397,276.95261 769.3932,263.3554 757.84669,249.75819 741.49596,230.98836 733.05824,221.64466 700.07979,185.12524 626.06578,99.581351 626.8063,98.840832 c 0.43024,-0.430243 16.86245,9.677148 36.51602,22.460868 19.65357,12.78372 48.05045,30.73008 63.10418,39.8808 15.05374,9.15072 30.76814,19.39005 34.92089,22.75406 4.15276,3.36402 12.22231,8.45792 17.93235,11.31977 5.71004,2.86186 15.07987,8.38868 20.82185,12.28184 5.74198,3.89315 18.18944,11.77754 27.66103,17.52085 9.4716,5.74332 39.60011,24.80212 66.95229,42.35287 27.35215,17.55076 56.70034,36.06121 65.21821,41.13434 8.51784,5.07312 15.07074,9.64013 14.56197,10.14888 -0.50877,0.50877 -28.657,6.22158 -62.55163,12.69514 -33.89463,6.47356 -63.38206,12.17848 -65.52762,12.67758 -3.13423,0.72913 -8.16767,-4.11054 -25.60856,-24.62275 l 0,0 z"
     id="path4602"
     inkscape:connector-curvature="0"
     transform="scale(0.8,0.8)" />
  <path
     style="fill:#ff6600;fill-opacity:1;stroke:#000000;stroke-width:1.88761556;stroke-miterlimit:4;stroke-opacity:1;stroke-dasharray:none"
     d="m 318.70154,286.1126 c 0,-1.14065 25.00682,-30.3099 58.50493,-68.24317 29.50833,-33.41526 48.48871,-55.06963 67.00816,-76.44843 10.34235,-11.93917 32.00281,-36.57255 48.13438,-54.740854 16.13155,-18.1683 32.28984,-36.736663 35.90731,-41.26303 l 6.5772,-8.229759 1.27581,8.229759 c 0.70168,4.526367 1.33875,59.369244 1.41571,121.873064 l 0.13991,113.64329 -6.13475,0.93283 c -3.37412,0.51303 -43.08483,1.4101 -88.24603,1.99351 -45.1612,0.58338 -91.66733,1.6009 -103.34695,2.26115 -11.67962,0.66027 -21.23568,0.6565 -21.23568,-0.008 z"
     id="path4604"
     inkscape:connector-curvature="0"
     transform="scale(0.8,0.8)" />
  <path
     style="fill:#ff6600;fill-opacity:1;stroke:#000000;stroke-width:1.88761556;stroke-miterlimit:4;stroke-opacity:1;stroke-dasharray:none"
     d="m 155.95557,535.46075 c -6.62754,-8.56506 -17.52824,-23.50146 -24.22378,-33.192 -6.69553,-9.69054 -18.99926,-25.82965 -27.34163,-35.8647 -19.999309,-24.05718 -27.912601,-34.32333 -27.059062,-35.10453 0.384703,-0.3521 20.022232,-1.25686 43.638952,-2.01058 l 42.93949,-1.37039 -0.23538,4.45714 c -0.12946,2.45143 0.67817,18.8974 1.79474,36.54661 3.04205,48.08452 4.47085,82.11127 3.44788,82.11127 -0.50112,0 -6.33366,-7.00777 -12.96121,-15.57282 z"
     id="path4606"
     inkscape:connector-curvature="0"
     transform="scale(0.8,0.8)" />
  <path
     style="fill:#ff6600;fill-opacity:1;stroke:#000000;stroke-width:1.88761556;stroke-miterlimit:4;stroke-opacity:1;stroke-dasharray:none"
     d="m 827.64989,539.47193 c -1.68552,-8.42759 -1.46534,-126.23278 0.23595,-126.24177 0.77864,-0.004 15.00654,-2.58176 31.61756,-5.7281 43.14942,-8.17307 95.9286,-16.941 96.79031,-16.07929 0.77688,0.77688 -28.52475,34.02962 -31.73391,36.01298 -1.03316,0.63853 -3.01743,3.86352 -4.40948,7.16664 -1.39205,3.30312 -12.63409,17.91011 -24.98231,32.45998 -12.34821,14.54986 -32.08626,38.12146 -43.86232,52.38133 -11.77606,14.25986 -21.65065,25.92703 -21.94353,25.92703 -0.29288,0 -1.0634,-2.65446 -1.71227,-5.8988 z"
     id="path4608"
     inkscape:connector-curvature="0"
     transform="scale(0.8,0.8)" />
</svg>
