<?xml version="1.0" standalone="no"?>
<!DOCTYPE svg PUBLIC "-//W3C//DTD SVG 20010904//EN"
 "http://www.w3.org/TR/2001/REC-SVG-20010904/DTD/svg10.dtd">
<svg version="1.0" xmlns="http://www.w3.org/2000/svg"
 width="651.000000pt" height="315.000000pt" viewBox="0 0 651.000000 315.000000"
 preserveAspectRatio="xMidYMid meet">
<metadata>
Created by potrace 1.10, written by Peter Selinger 2001-2011
</metadata>
<g transform="translate(0.000000,315.000000) scale(0.100000,-0.100000)"
fill="#000000" stroke="none">
<path d="M112 3048 c-17 -17 -17 -2289 0 -2306 17 -17 5289 -17 5306 0 17 17
17 2289 0 2306 -17 17 -5289 17 -5306 0z m5268 -1153 l0 -1115 -2615 0 -2615
0 0 1115 0 1115 2615 0 2615 0 0 -1115z"/>
<path d="M6112 2298 c-6 -6 -12 -27 -12 -45 0 -21 -6 -36 -15 -39 -11 -5 -15
-21 -15 -60 0 -39 -4 -56 -15 -60 -11 -4 -15 -21 -15 -59 0 -35 -5 -57 -15
-65 -11 -9 -15 -28 -14 -61 2 -32 -3 -52 -14 -63 -26 -27 -39 -20 -31 19 5 27
3 36 -10 41 -9 3 -16 16 -16 28 0 12 -5 27 -12 34 -16 16 -55 15 -61 -2 -3 -8
-16 -16 -29 -18 -31 -4 -32 -42 0 -46 13 -2 25 3 28 12 14 37 54 3 54 -46 0
-25 11 -44 41 -76 48 -51 72 -50 68 2 -2 22 3 41 14 54 11 12 17 35 17 66 0
32 5 48 15 52 11 4 15 21 15 59 0 34 5 57 15 65 9 8 15 30 15 60 0 29 6 52 14
60 8 6 16 21 18 32 3 19 11 20 118 21 108 2 115 3 115 22 0 19 -8 20 -130 23
-93 2 -134 -1 -143 -10z"/>
<path d="M5643 2134 c-13 -14 -23 -33 -23 -44 0 -10 -7 -23 -17 -28 -10 -6
-14 -16 -10 -26 5 -12 20 -16 60 -16 68 0 87 -18 87 -82 0 -59 -19 -76 -90
-80 -47 -3 -55 -6 -55 -23 0 -17 8 -20 57 -23 56 -3 58 -2 95 39 32 35 38 50
40 91 2 45 0 51 -39 86 -22 20 -47 37 -54 37 -20 0 -40 23 -28 34 5 6 34 11
64 13 47 3 55 6 55 23 0 18 -7 20 -60 22 -52 1 -63 -2 -82 -23z"/>
<path d="M6186 2131 c-33 -34 -33 -76 -1 -76 14 0 21 8 23 28 3 23 8 27 36 27
40 0 66 -26 66 -67 0 -24 -15 -44 -76 -103 -61 -59 -74 -78 -72 -99 3 -26 3
-26 98 -26 l95 0 3 33 c4 38 -21 55 -42 27 -14 -20 -107 -30 -105 -11 1 6 34
40 74 76 64 57 73 69 74 101 1 30 -6 44 -40 78 -52 52 -92 55 -133 12z"/>
<path d="M3022 618 c-6 -6 -12 -27 -12 -45 0 -21 -6 -36 -15 -39 -11 -5 -15
-21 -15 -60 0 -39 -4 -56 -15 -60 -11 -4 -15 -21 -15 -59 0 -36 -5 -57 -16
-66 -11 -9 -15 -26 -12 -63 3 -46 1 -51 -19 -54 -19 -3 -23 1 -23 21 0 14 -7
30 -15 37 -8 7 -15 20 -15 29 0 22 -19 41 -42 41 -23 0 -71 -49 -64 -66 7 -19
26 -18 42 3 12 17 14 17 28 -2 8 -11 16 -28 16 -37 0 -9 9 -23 20 -31 11 -8
18 -20 16 -28 -8 -20 41 -72 61 -65 12 5 14 15 9 46 -5 33 -3 41 14 50 16 9
20 21 20 61 0 35 4 51 15 55 11 4 15 21 15 59 0 34 5 57 15 65 9 8 15 30 15
60 0 29 6 52 14 60 8 6 16 21 18 32 3 19 11 20 118 21 108 2 115 3 115 22 0
19 -8 20 -130 23 -93 2 -134 -1 -143 -10z"/>
<path d="M2537 473 c-4 -3 -7 -17 -7 -30 0 -13 -7 -26 -15 -29 -10 -4 -15 -20
-15 -45 0 -33 6 -45 41 -77 23 -20 51 -39 63 -42 27 -7 27 -34 1 -38 -11 -2
-27 -10 -35 -17 -8 -7 -26 -15 -40 -17 -17 -2 -25 -9 -25 -23 0 -26 54 -35 67
-11 5 9 18 16 29 16 25 0 68 48 69 76 0 12 7 24 15 28 11 4 15 22 15 70 0 61
-2 65 -41 105 -34 33 -48 41 -79 41 -20 0 -40 -3 -43 -7z m90 -55 c33 -37 36
-71 10 -102 -27 -32 -34 -32 -64 -4 -30 28 -30 74 -1 105 27 28 30 28 55 1z
m31 -146 c2 -7 -3 -12 -12 -12 -9 0 -16 7 -16 16 0 17 22 14 28 -4z"/>
<path d="M3096 451 c-33 -34 -33 -76 -1 -76 14 0 21 8 23 28 3 23 8 27 36 27
40 0 66 -26 66 -67 0 -24 -15 -44 -76 -103 -61 -59 -74 -78 -72 -99 3 -26 3
-26 98 -26 l95 0 3 33 c4 38 -21 55 -42 27 -14 -20 -107 -30 -105 -11 1 6 34
40 74 76 64 57 73 69 74 101 1 30 -6 44 -40 78 -52 52 -92 55 -133 12z"/>
</g>
</svg>
