<?xml version="1.0" standalone="no"?>
<!DOCTYPE svg PUBLIC "-//W3C//DTD SVG 20010904//EN"
 "http://www.w3.org/TR/2001/REC-SVG-20010904/DTD/svg10.dtd">
<svg version="1.0" xmlns="http://www.w3.org/2000/svg"
 width="261.000000pt" height="408.000000pt" viewBox="0 0 261.000000 408.000000"
 preserveAspectRatio="xMidYMid meet">
<metadata>
Created by potrace 1.10, written by Peter Selinger 2001-2011
</metadata>
<g transform="translate(0.000000,408.000000) scale(0.100000,-0.100000)"
fill="#000000" stroke="none">
<path d="M1407 3459 c-10 -6 -39 -14 -65 -19 -26 -4 -92 -25 -147 -45 -55 -20
-113 -40 -130 -45 -79 -22 -210 -73 -277 -107 -14 -7 -33 -13 -40 -13 -24 0
-46 -32 -57 -80 -38 -164 -53 -322 -31 -335 12 -7 37 48 49 108 5 23 14 63 20
90 6 26 16 68 21 95 12 51 34 76 83 91 18 5 57 19 87 31 30 12 66 25 80 30 14
5 50 18 80 30 30 12 66 24 80 27 14 3 34 12 45 19 11 8 27 14 36 14 9 0 36 9
60 20 24 11 51 20 60 20 21 0 69 -45 69 -64 0 -8 -23 -31 -50 -51 -28 -20 -55
-45 -60 -55 -6 -11 -10 -157 -10 -362 0 -189 -7 -568 -15 -843 -8 -275 -15
-638 -15 -807 l0 -306 -54 -36 c-30 -20 -59 -36 -64 -36 -5 0 -23 -7 -38 -15
-18 -9 -57 -15 -101 -15 l-73 0 0 83 c0 45 6 201 15 347 27 480 36 662 45 895
5 127 14 284 19 350 12 152 10 155 -49 105 l-34 -29 -13 -238 c-6 -131 -12
-314 -13 -408 0 -93 -5 -249 -10 -345 -17 -294 -30 -894 -20 -904 6 -6 22 -3
42 6 70 34 140 61 203 78 17 5 62 20 100 34 39 14 78 26 87 26 9 0 19 4 23 9
3 5 12 144 20 308 8 164 19 339 25 388 5 50 14 159 19 244 6 85 15 159 20 164
6 6 26 0 56 -17 25 -15 50 -26 56 -24 10 3 -3 22 -95 139 l-50 62 13 186 c7
102 17 287 21 411 5 124 13 277 19 340 5 63 11 192 13 285 3 164 2 170 -17
172 -11 2 -28 -2 -38 -8z"/>
<path d="M1889 3398 c0 -2 -2 -43 -3 -93 -1 -49 -5 -95 -9 -102 -8 -13 -24 -9
-116 26 -30 11 -58 18 -62 15 -5 -3 -9 -27 -9 -54 0 -36 4 -49 17 -54 27 -11
151 5 164 20 6 8 18 14 26 14 26 0 93 45 99 66 7 27 -98 187 -107 162z"/>
<path d="M1696 3373 c-4 -9 0 -23 8 -31 12 -13 18 -13 30 -2 20 16 20 36 0 44
-24 9 -31 7 -38 -11z"/>
<path d="M2000 2921 l-75 -6 52 -22 c28 -13 67 -23 87 -23 19 0 46 -4 60 -10
23 -8 26 -15 26 -54 0 -26 -6 -48 -15 -56 -8 -7 -15 -21 -15 -32 0 -16 4 -18
23 -12 12 4 33 8 47 8 24 1 25 -2 25 -54 l0 -55 -65 -2 c-143 -6 -354 -39
-464 -73 -16 -5 -33 -7 -39 -3 -14 8 -3 208 12 227 7 8 34 25 59 36 72 33 77
36 80 54 3 15 -9 16 -120 14 l-123 -3 -3 -228 c-2 -205 -1 -228 14 -234 10 -3
56 1 104 10 48 10 100 17 116 17 28 0 105 14 244 46 36 8 74 14 85 14 11 1 29
7 39 15 11 8 29 15 41 15 12 0 40 16 62 35 l41 35 -13 47 c-8 27 -21 77 -30
113 -9 36 -24 92 -34 125 l-17 60 -65 1 c-35 0 -98 -2 -139 -5z"/>
<path d="M587 2706 c-24 -36 -46 -97 -82 -229 -17 -61 -16 -73 8 -64 39 15
121 264 100 302 -9 15 -12 13 -26 -9z"/>
<path d="M675 2344 c-38 -7 -92 -13 -120 -14 -65 -1 -126 -15 -136 -32 -13
-20 -11 -94 4 -106 8 -7 24 -6 52 2 59 19 186 46 215 46 14 0 56 9 95 19 73
19 114 53 102 85 -8 20 -108 20 -212 0z"/>
<path d="M1555 2315 c-16 -7 -38 -16 -48 -19 -10 -3 -15 -10 -12 -16 8 -13
182 -13 190 -1 8 15 -45 51 -74 50 -14 0 -39 -6 -56 -14z"/>
<path d="M1490 2130 c0 -81 11 -88 53 -33 l27 37 -32 33 c-17 18 -36 33 -40
33 -4 0 -8 -31 -8 -70z"/>
</g>
</svg>
