<?xml version="1.0" standalone="no"?>
<!DOCTYPE svg PUBLIC "-//W3C//DTD SVG 20010904//EN"
 "http://www.w3.org/TR/2001/REC-SVG-20010904/DTD/svg10.dtd">
<svg version="1.0" xmlns="http://www.w3.org/2000/svg"
 width="900.000000pt" height="342.000000pt" viewBox="0 0 900.000000 342.000000"
 preserveAspectRatio="xMidYMid meet">
<metadata>
Created by potrace 1.10, written by Peter Selinger 2001-2011
</metadata>
<g transform="translate(0.000000,342.000000) scale(0.100000,-0.100000)"
fill="#000000" stroke="none">
<path d="M2227 3333 c-16 -4 -17 -17 -15 -131 l3 -127 30 0 30 0 3 124 c2 93
-1 126 -10 133 -7 4 -15 7 -18 7 -3 -1 -13 -3 -23 -6z"/>
<path d="M8667 3303 c-3 -5 -6 -61 -8 -125 -4 -125 2 -145 40 -133 19 6 21 14
21 76 0 62 2 70 18 67 14 -3 16 -13 14 -52 -2 -35 2 -53 14 -67 23 -26 31 -24
49 11 16 30 15 32 -15 58 -22 19 -30 35 -30 59 0 17 -4 35 -10 38 -5 3 -10 17
-10 31 0 17 -8 27 -26 34 -30 12 -51 13 -57 3z"/>
<path d="M8838 3300 c-10 -6 -20 -30 -24 -57 -6 -43 -4 -48 20 -68 23 -19 25
-24 16 -55 -16 -54 6 -89 45 -74 12 5 15 28 15 123 0 119 -6 141 -39 141 -9 0
-24 -5 -33 -10z"/>
<path d="M2355 3000 c-12 -4 -226 -282 -285 -370 -15 -22 -46 -65 -63 -85 -16
-20 -312 -423 -327 -445 -24 -36 -84 -116 -118 -157 -33 -41 -51 -65 -121
-165 -43 -62 -103 -143 -119 -163 -4 -5 -38 -50 -75 -100 -37 -49 -71 -95 -75
-100 -5 -6 -26 -35 -47 -65 -55 -78 -182 -252 -197 -270 -19 -21 -180 -241
-268 -365 -41 -58 -87 -120 -102 -138 -15 -18 -28 -35 -28 -39 0 -4 -9 -16
-21 -27 -11 -10 -19 -27 -17 -38 3 -16 18 -19 128 -24 69 -4 1471 -7 3116 -8
l2990 -1 26 28 c30 32 154 202 186 254 13 20 26 38 30 40 4 2 19 21 34 43 15
22 38 52 50 67 13 14 30 36 38 48 23 33 199 274 209 286 5 6 27 36 48 66 21
31 54 75 73 98 41 50 91 118 157 215 56 82 55 80 93 125 16 19 30 38 30 41 0
3 11 18 24 33 13 15 54 70 92 122 79 108 408 555 577 784 63 85 131 181 152
213 21 31 42 57 46 57 14 0 10 30 -3 35 -17 7 -6215 11 -6233 5z m380 -52 c5
-4 -24 -97 -37 -118 -5 -8 -11 -23 -14 -32 -4 -10 -10 -18 -14 -18 -5 0 -12
-10 -16 -22 -9 -31 -70 -83 -123 -106 -59 -26 -167 -42 -206 -31 -16 5 -46 9
-66 9 -33 0 -89 30 -89 48 0 4 16 25 35 47 19 22 35 43 35 47 0 4 6 13 13 20
7 7 31 38 52 68 66 94 54 89 210 93 140 4 213 2 220 -5z m5688 -4 c90 -8 95
-16 40 -75 -21 -23 -42 -48 -47 -57 -10 -18 -183 -249 -201 -268 -5 -7 -18
-22 -27 -35 -9 -13 -56 -79 -105 -146 -48 -67 -95 -131 -103 -143 -8 -12 -23
-32 -34 -43 -10 -12 -26 -33 -34 -47 -9 -14 -22 -29 -29 -33 -7 -4 -13 -15
-13 -22 0 -8 -3 -15 -7 -15 -5 0 -19 -17 -33 -38 -14 -20 -29 -41 -33 -47 -11
-13 -128 -177 -147 -205 -8 -12 -20 -28 -26 -34 -33 -35 -248 -328 -289 -395
-5 -9 -13 -18 -17 -21 -8 -6 -232 -309 -306 -414 -54 -76 -72 -87 -101 -63
-22 19 -132 47 -183 47 -55 0 -154 -28 -200 -56 -45 -28 -109 -94 -150 -153
-28 -40 -35 -59 -57 -146 l-7 -30 -2794 0 c-2090 0 -2794 3 -2797 11 -2 7 13
14 39 17 54 6 144 30 154 40 4 4 17 7 28 7 12 0 34 7 50 15 15 8 38 15 50 15
12 0 31 7 42 15 10 8 30 15 42 15 13 0 38 6 55 13 18 8 57 21 87 30 140 41
197 59 225 68 17 6 46 15 65 19 19 4 49 13 65 18 17 6 57 18 90 28 33 9 69 20
80 24 11 5 67 22 125 40 58 17 118 38 133 46 16 8 38 14 50 14 12 0 35 7 51
15 15 8 36 15 45 15 9 0 29 7 45 15 15 8 36 15 45 15 9 0 28 6 42 14 14 7 43
16 64 20 20 4 45 11 54 16 9 5 34 13 56 19 22 5 63 16 90 25 28 8 70 20 95 27
25 6 52 15 61 19 9 5 34 12 54 16 21 4 50 13 64 20 14 8 33 14 41 14 16 1 107
31 125 41 6 4 27 10 49 13 21 4 46 11 55 15 25 13 82 32 126 42 22 6 44 14 50
20 5 5 18 9 30 9 11 0 33 7 49 15 15 8 37 15 47 15 10 0 33 6 51 14 18 8 69
24 113 36 44 13 98 28 120 35 52 16 93 28 185 55 41 11 83 25 92 31 10 5 25 9
34 9 9 0 30 6 47 13 42 18 123 43 164 52 18 4 35 11 38 16 4 5 15 9 25 9 11 0
34 6 52 14 50 20 99 37 143 47 22 6 44 14 49 20 6 5 21 9 34 9 13 0 38 6 55
14 31 12 62 22 173 50 28 7 60 18 72 25 11 6 32 11 46 11 14 0 27 4 30 9 3 4
23 11 44 15 22 3 52 13 68 21 16 8 35 15 42 15 14 0 102 26 137 40 42 17 111
39 142 45 18 4 35 11 38 16 4 5 16 9 28 9 12 0 35 7 51 15 15 8 35 15 43 15 8
0 29 6 46 13 34 15 83 30 232 73 50 14 110 32 135 40 25 7 65 18 90 25 25 6
52 15 61 19 9 5 33 12 53 15 20 4 39 11 41 16 3 4 26 11 50 15 25 3 47 10 50
14 3 5 23 11 45 15 22 4 42 10 45 15 3 5 23 11 45 15 22 4 42 11 46 16 3 5 15
9 27 9 12 0 35 7 51 15 15 8 34 15 42 15 7 0 28 6 46 14 18 7 58 21 88 29 30
9 87 26 125 37 39 12 95 29 125 37 30 9 73 22 95 28 22 7 67 21 100 30 33 10
68 21 77 26 10 5 25 9 34 9 9 0 30 6 47 14 18 8 43 17 57 19 34 8 121 36 142
48 10 5 25 9 34 9 9 0 30 6 47 13 51 22 99 38 142 48 22 6 44 14 50 20 5 5 19
9 32 9 12 0 37 6 55 14 32 13 69 24 218 66 41 12 90 28 108 36 18 7 43 14 56
14 13 0 29 7 36 15 7 8 25 15 41 15 30 0 47 16 32 31 -9 9 -115 -6 -145 -22
-10 -5 -31 -9 -47 -9 -16 0 -42 -7 -57 -15 -16 -8 -36 -15 -44 -15 -8 0 -46
-11 -85 -25 -38 -13 -77 -25 -85 -25 -8 0 -28 -7 -44 -15 -15 -8 -38 -15 -50
-15 -12 0 -31 -7 -42 -15 -10 -8 -31 -15 -45 -15 -14 0 -34 -7 -45 -15 -10 -8
-30 -15 -44 -15 -14 0 -37 -6 -51 -14 -14 -7 -43 -16 -64 -20 -20 -4 -45 -11
-54 -16 -9 -5 -34 -13 -56 -19 -108 -27 -131 -34 -147 -42 -10 -5 -34 -13 -55
-18 -108 -28 -129 -34 -144 -41 -9 -5 -33 -12 -53 -15 -20 -4 -39 -11 -42 -16
-3 -5 -15 -9 -27 -9 -12 0 -35 -7 -51 -15 -15 -8 -36 -15 -45 -15 -9 0 -29 -7
-45 -15 -15 -8 -36 -15 -45 -15 -9 0 -29 -7 -45 -15 -15 -8 -38 -15 -50 -15
-12 0 -31 -7 -42 -15 -10 -8 -29 -15 -41 -15 -12 0 -37 -6 -55 -14 -18 -7 -58
-21 -88 -29 -30 -9 -86 -26 -125 -37 -38 -12 -83 -25 -100 -30 -140 -39 -182
-52 -196 -60 -9 -5 -34 -12 -54 -16 -21 -4 -50 -13 -64 -20 -14 -8 -36 -14
-48 -14 -12 0 -24 -4 -27 -9 -4 -5 -24 -12 -46 -16 -22 -4 -42 -11 -46 -16 -3
-5 -15 -9 -27 -9 -12 0 -35 -7 -51 -15 -15 -8 -36 -15 -45 -15 -9 0 -29 -7
-45 -15 -15 -8 -38 -15 -50 -15 -11 -1 -32 -7 -46 -15 -14 -8 -33 -14 -43 -15
-11 0 -33 -6 -50 -14 -29 -13 -134 -44 -272 -82 -119 -32 -144 -40 -151 -47
-4 -4 -17 -7 -28 -7 -12 0 -33 -6 -48 -14 -14 -8 -45 -17 -67 -21 -23 -4 -43
-10 -46 -15 -3 -5 -23 -11 -45 -15 -22 -4 -42 -11 -46 -16 -3 -5 -15 -9 -27
-9 -12 0 -35 -7 -51 -15 -15 -8 -36 -15 -45 -15 -9 0 -29 -7 -45 -15 -15 -8
-38 -15 -50 -15 -12 0 -31 -7 -42 -15 -10 -8 -31 -15 -45 -15 -14 0 -34 -7
-45 -15 -10 -8 -29 -15 -41 -15 -13 0 -40 -6 -60 -14 -21 -8 -74 -24 -118 -36
-44 -12 -98 -28 -120 -35 -46 -15 -81 -25 -185 -55 -41 -11 -83 -25 -92 -31
-10 -5 -26 -9 -35 -9 -10 0 -31 -7 -47 -15 -15 -8 -35 -15 -43 -15 -8 0 -29
-6 -46 -13 -18 -8 -99 -35 -182 -62 -82 -26 -166 -53 -185 -60 -19 -7 -96 -30
-170 -50 -199 -55 -233 -65 -252 -76 -10 -5 -26 -9 -35 -9 -10 0 -30 -6 -45
-14 -14 -8 -45 -17 -67 -21 -23 -4 -43 -11 -47 -16 -3 -5 -15 -9 -27 -9 -12 0
-35 -7 -51 -15 -15 -8 -36 -15 -45 -15 -9 0 -29 -7 -45 -15 -15 -8 -36 -15
-45 -15 -9 0 -29 -7 -45 -15 -15 -8 -36 -15 -45 -15 -9 0 -29 -7 -45 -15 -15
-8 -37 -15 -48 -15 -11 0 -34 -6 -51 -14 -18 -7 -68 -23 -112 -36 -44 -12
-100 -29 -125 -36 -25 -8 -92 -28 -150 -44 -58 -17 -113 -35 -122 -41 -10 -5
-28 -9 -41 -9 -13 0 -32 -7 -43 -15 -10 -8 -30 -15 -44 -15 -14 0 -38 -7 -54
-15 -15 -8 -36 -15 -45 -15 -9 0 -29 -7 -45 -15 -15 -8 -36 -15 -45 -15 -9 0
-29 -7 -45 -15 -15 -8 -36 -15 -45 -15 -9 0 -29 -7 -45 -15 -15 -8 -37 -15
-47 -15 -10 0 -33 -6 -51 -14 -18 -8 -78 -28 -133 -44 -55 -17 -122 -38 -150
-47 -27 -9 -61 -19 -75 -22 -14 -3 -34 -14 -45 -23 -20 -19 -36 -23 -67 -21
-21 1 -24 36 -5 48 7 4 51 58 97 118 47 61 87 112 91 115 4 3 17 21 30 40 61
89 176 249 203 282 37 44 90 114 141 188 21 30 42 59 47 65 5 5 51 69 103 140
52 72 100 136 106 144 7 7 47 61 90 120 43 58 82 111 86 116 5 6 20 28 33 50
13 22 30 45 36 50 11 9 118 154 356 482 57 78 109 142 116 142 7 1 31 -11 55
-26 40 -26 48 -28 158 -28 117 0 126 2 214 48 46 23 135 106 135 125 0 6 3 12
8 12 15 0 51 86 57 135 4 28 11 55 15 60 9 11 5514 10 5643 -1z m-1569 -2134
c5 -5 20 -10 33 -10 18 0 23 -6 23 -24 0 -13 -4 -26 -9 -28 -11 -4 -167 -212
-173 -231 -6 -16 -345 -24 -361 -8 -10 10 -1 36 41 119 24 49 123 146 163 161
19 7 45 19 59 27 19 12 47 14 119 10 52 -3 99 -10 105 -16z"/>
<path d="M2630 2563 c-8 -3 -32 -22 -52 -41 -37 -35 -38 -38 -38 -105 0 -67 1
-71 39 -108 49 -49 84 -51 126 -8 l30 31 5 -29 c4 -23 10 -28 35 -28 24 0 31
5 33 24 2 15 -3 28 -12 33 -22 12 -23 150 -1 168 20 16 19 56 -1 64 -30 12
-42 6 -49 -24 -4 -16 -10 -30 -14 -30 -4 0 -20 14 -36 30 -29 30 -37 33 -65
23z m64 -82 c10 -11 20 -37 23 -58 3 -31 0 -43 -22 -65 -32 -34 -38 -35 -71
-1 -22 22 -25 32 -21 65 6 44 31 78 57 78 9 0 25 -9 34 -19z"/>
<path d="M6267 1422 l-37 -38 0 -216 c0 -191 2 -217 16 -222 9 -4 26 -4 36 0
18 5 19 12 13 70 -8 76 -1 94 26 65 14 -14 32 -21 59 -21 33 0 46 7 80 42 35
37 40 48 40 88 0 36 -5 52 -23 68 -13 12 -31 22 -40 22 -31 0 -31 23 1 50 39
32 42 72 10 106 -19 20 -33 24 -83 24 -57 0 -63 -2 -98 -38z m133 -42 c8 -15
5 -24 -17 -45 -15 -14 -36 -25 -46 -25 -14 0 -18 -6 -15 -27 3 -24 8 -28 38
-31 92 -9 95 -109 3 -128 -25 -5 -34 -1 -52 21 -18 24 -21 41 -21 117 0 80 3
93 23 114 27 29 72 32 87 4z"/>
<path d="M215 442 c-62 -4 -95 -31 -95 -77 0 -38 18 -56 88 -86 36 -16 52 -29
52 -41 0 -27 -28 -34 -60 -14 -36 21 -69 21 -77 0 -18 -48 134 -77 177 -34 33
33 37 76 10 105 -13 14 -31 25 -41 25 -9 0 -22 6 -29 14 -6 8 -21 16 -32 18
-31 4 -33 24 -3 44 25 16 27 16 49 -5 26 -25 64 -28 73 -6 5 15 -13 36 -47 53
-8 4 -37 6 -65 4z"/>
<path d="M6798 349 c-10 -5 -18 -19 -18 -29 0 -10 -4 -22 -10 -25 -5 -3 -10
-25 -10 -48 0 -23 -7 -51 -15 -61 -17 -23 -20 -82 -5 -91 19 -12 48 6 59 35
15 43 47 40 66 -6 11 -28 19 -35 37 -32 29 4 37 58 14 93 -9 14 -16 42 -16 64
0 22 -4 43 -10 46 -5 3 -10 15 -10 25 0 33 -48 49 -82 29z m47 -109 c0 -51
-29 -48 -33 3 -3 33 -1 38 15 35 13 -2 18 -12 18 -38z"/>
</g>
</svg>
