<?xml version="1.0" standalone="no"?>
<!DOCTYPE svg PUBLIC "-//W3C//DTD SVG 20010904//EN"
 "http://www.w3.org/TR/2001/REC-SVG-20010904/DTD/svg10.dtd">
<svg version="1.0" xmlns="http://www.w3.org/2000/svg"
 width="900.000000pt" height="363.000000pt" viewBox="0 0 900.000000 363.000000"
 preserveAspectRatio="xMidYMid meet">
<metadata>
Created by potrace 1.10, written by Peter Selinger 2001-2011
</metadata>
<g transform="translate(0.000000,363.000000) scale(0.100000,-0.100000)"
fill="#000000" stroke="none">
<path d="M6866 3105 c-17 -17 -23 -37 -81 -275 -7 -30 -19 -75 -26 -100 -7
-25 -16 -63 -20 -85 -4 -22 -13 -60 -20 -85 -6 -25 -17 -67 -24 -95 -7 -27
-18 -70 -25 -95 -6 -25 -15 -63 -19 -85 -4 -22 -13 -60 -20 -85 -7 -25 -19
-71 -27 -102 -14 -58 -31 -124 -60 -240 -8 -35 -22 -86 -30 -114 -8 -28 -14
-59 -14 -69 0 -9 -6 -38 -14 -64 -28 -89 -46 -158 -46 -176 0 -10 -6 -41 -14
-69 -8 -28 -22 -80 -31 -116 -9 -36 -22 -86 -30 -111 -8 -26 -15 -55 -15 -64
0 -10 -6 -41 -14 -69 -8 -28 -21 -78 -30 -111 -29 -118 -50 -186 -58 -191 -4
-3 -12 5 -18 18 -5 13 -26 50 -45 83 -19 33 -39 69 -45 80 -5 11 -25 47 -44
80 -19 33 -46 80 -59 105 -14 25 -34 61 -45 80 -11 19 -32 55 -45 80 -14 25
-34 61 -46 80 -11 19 -26 46 -32 60 -18 41 -58 89 -90 105 -27 15 -33 14 -72
-4 -23 -12 -69 -37 -102 -56 -33 -19 -69 -40 -80 -45 -11 -6 -33 -19 -50 -30
-16 -11 -39 -24 -50 -29 -11 -5 -31 -20 -44 -35 -23 -24 -23 -26 -7 -51 10
-14 24 -29 31 -32 14 -5 72 20 130 58 17 10 40 23 52 28 11 5 24 15 28 20 10
17 36 13 51 -6 8 -10 25 -40 39 -68 14 -27 35 -66 47 -85 11 -19 31 -55 45
-80 13 -25 32 -58 42 -75 15 -26 41 -73 118 -215 8 -14 23 -41 35 -60 22 -38
56 -99 104 -188 48 -89 109 -121 172 -88 32 17 44 39 65 121 8 33 20 80 27
105 6 25 15 63 19 85 13 62 32 136 47 180 8 23 14 49 14 59 0 11 6 42 14 70 8
28 21 78 30 111 8 33 22 89 31 125 9 36 23 90 30 120 7 30 19 75 26 100 16 61
38 156 47 205 5 23 12 46 16 53 4 7 11 33 16 60 11 55 32 149 49 212 7 25 19
70 26 100 7 30 19 75 26 100 7 25 16 63 20 85 8 39 18 80 44 180 8 28 21 78
29 113 15 57 24 95 56 227 7 28 16 70 21 94 18 88 -55 81 795 81 735 0 754 0
764 19 14 27 13 47 -6 65 -14 14 -100 16 -804 16 -698 0 -790 -2 -804 -15z"/>
<path d="M823 2341 c-29 -9 -58 -22 -65 -29 -7 -7 -17 -12 -22 -12 -20 0 -104
-74 -138 -120 -56 -77 -96 -175 -100 -245 -2 -39 0 -50 12 -50 13 0 51 58 76
115 11 26 104 109 142 129 66 34 152 45 229 31 80 -15 124 -39 179 -97 84 -87
115 -193 95 -327 -14 -90 -26 -127 -80 -234 -91 -184 -178 -290 -483 -594
-131 -130 -238 -241 -238 -245 1 -33 12 -33 515 -31 l499 3 34 95 c18 52 37
109 41 125 4 17 13 41 20 54 13 24 9 51 -9 51 -6 0 -30 -21 -53 -46 -77 -85
-73 -84 -432 -84 -190 0 -315 4 -315 9 0 6 31 40 68 78 72 72 296 311 354 378
78 90 165 214 203 290 11 22 25 47 30 55 32 49 65 191 65 275 -1 74 -18 146
-49 205 -28 53 -156 180 -181 180 -10 0 -23 7 -30 15 -7 8 -20 15 -30 15 -10
0 -34 7 -53 15 -50 21 -215 18 -284 -4z"/>
<path d="M7515 2344 c-165 -63 -234 -129 -310 -299 -23 -49 -40 -144 -28 -156
12 -12 43 -1 43 17 0 7 16 40 35 73 84 142 230 210 395 180 38 -7 75 -18 81
-26 6 -7 17 -13 24 -13 21 0 113 -107 136 -158 29 -64 31 -242 4 -323 -26 -76
-83 -198 -111 -236 -13 -17 -24 -34 -24 -38 0 -11 -98 -136 -172 -219 -81 -91
-274 -285 -391 -394 -60 -55 -78 -78 -75 -95 l3 -22 496 -3 496 -2 15 37 c15
36 28 69 64 166 9 23 22 56 29 74 12 27 12 33 0 43 -17 14 -28 8 -73 -42 -70
-78 -71 -78 -425 -78 -172 0 -316 3 -320 6 -3 3 42 54 101 113 59 59 144 146
189 193 253 264 393 489 433 694 19 95 -4 206 -63 310 -25 43 -111 123 -160
149 -99 51 -154 65 -257 64 -60 0 -110 -6 -135 -15z"/>
<path d="M2167 2312 c-10 -10 -17 -26 -17 -34 0 -9 -7 -21 -15 -28 -8 -7 -15
-21 -15 -31 0 -10 -4 -20 -9 -23 -5 -4 -19 -27 -31 -54 -12 -26 -62 -128 -111
-227 -49 -99 -89 -184 -89 -189 0 -5 -7 -18 -16 -27 -16 -17 -15 -19 10 -29
15 -5 42 -10 59 -10 48 -1 196 -26 247 -43 52 -17 151 -69 195 -102 65 -49
140 -135 160 -185 4 -8 11 -24 17 -35 19 -34 37 -128 38 -190 0 -107 -37 -194
-114 -269 -76 -73 -140 -97 -253 -98 -84 0 -96 3 -150 32 -32 18 -65 38 -73
45 -8 7 -36 20 -62 30 -40 15 -52 16 -78 5 -128 -53 -66 -201 98 -238 100 -22
252 -10 362 31 125 45 301 192 343 287 4 8 16 30 27 48 44 73 60 141 60 259 0
121 -7 149 -63 261 -33 65 -131 176 -202 228 -52 39 -147 87 -210 107 -123 40
-150 47 -171 47 -13 0 -26 5 -30 11 -7 13 70 173 100 207 20 22 23 23 256 22
129 0 240 -1 245 0 6 0 19 17 29 38 10 20 25 49 32 64 8 14 14 32 14 39 0 7 7
20 16 30 9 10 13 23 9 28 -4 7 -103 11 -299 11 -271 0 -294 -1 -309 -18z"/>
<path d="M3449 1346 c-14 -15 -11 -113 4 -117 6 -2 302 -2 657 1 l645 5 0 55
0 55 -648 5 c-403 3 -652 1 -658 -4z"/>
</g>
</svg>
