<?xml version="1.0" encoding="UTF-8" standalone="no"?>
<svg
   xmlns:dc="http://purl.org/dc/elements/1.1/"
   xmlns:cc="http://creativecommons.org/ns#"
   xmlns:rdf="http://www.w3.org/1999/02/22-rdf-syntax-ns#"
   xmlns:svg="http://www.w3.org/2000/svg"
   xmlns="http://www.w3.org/2000/svg"
   xmlns:sodipodi="http://sodipodi.sourceforge.net/DTD/sodipodi-0.dtd"
   xmlns:inkscape="http://www.inkscape.org/namespaces/inkscape"
   version="1.0"
   width="702.000000pt"
   height="711.000000pt"
   viewBox="0 0 702.000000 711.000000"
   preserveAspectRatio="xMidYMid meet"
   id="svg2"
   inkscape:version="0.48.4 r9939"
   sodipodi:docname="1svg">
  <defs
     id="defs12" />
  <sodipodi:namedview
     pagecolor="#ffffff"
     bordercolor="#666666"
     borderopacity="1"
     objecttolerance="10"
     gridtolerance="10"
     guidetolerance="10"
     inkscape:pageopacity="0"
     inkscape:pageshadow="2"
     inkscape:window-width="1600"
     inkscape:window-height="824"
     id="namedview10"
     showgrid="false"
     inkscape:zoom="0.37553238"
     inkscape:cx="917.43482"
     inkscape:cy="532.61752"
     inkscape:window-x="0"
     inkscape:window-y="24"
     inkscape:window-maximized="1"
     inkscape:current-layer="svg2" />
  <metadata
     id="metadata4">
Created by potrace 1.10, written by Peter Selinger 2001-2011
<rdf:RDF>
  <cc:Work
     rdf:about="">
    <dc:format>image/svg+xml</dc:format>
    <dc:type
       rdf:resource="http://purl.org/dc/dcmitype/StillImage" />
    <dc:title></dc:title>
  </cc:Work>
</rdf:RDF>
</metadata>
  <g
     transform="translate(0.000000,711.000000) scale(0.100000,-0.100000)"
     fill="#000000"
     stroke="none"
     id="g6">
    <path
       d="M26 6964 c-10 -27 -7 -43 15 -63 20 -19 21 -27 22 -464 2 -414 1 -446 -16 -456 -21 -14 -22 -60 -1 -75 14 -11 16 -61 17 -444 2 -325 -1 -433 -10 -436 -6 -3 -16 -14 -22 -24 -8 -16 -6 -26 10 -46 21 -26 21 -36 21 -453 0 -353 -3 -429 -14 -438 -27 -20 -29 -45 -5 -69 l22 -22 -2 -443 c-1 -388 -3 -445 -17 -460 -20 -22 -20 -50 0 -72 14 -16 16 -67 16 -446 0 -378 -2 -428 -16 -439 -21 -15 -20 -61 1 -75 17 -10 18 -41 16 -439 -1 -422 -1 -428 -22 -449 -22 -22 -21 -31 7 -63 12 -14 14 -87 14 -462 0 -437 -1 -445 -21 -465 -22 -22 -28 -56 -12 -65 5 -4 1563 -6 3463 -6 l3453 0 3 32 c2 21 -2 36 -13 44 -14 10 -16 59 -16 460 0 395 2 449 15 456 21 12 21 64 0 76 -13 7 -15 59 -15 437 0 370 2 430 16 445 20 22 19 67 -1 78 -13 7 -15 60 -15 437 0 377 2 431 15 441 21 15 21 63 0 78 -13 10 -15 64 -15 455 0 385 2 446 16 461 20 22 19 67 -1 78 -13 7 -15 60 -15 437 0 377 2 431 15 441 9 6 16 24 16 39 0 15 -7 33 -16 39 -13 10 -15 64 -15 441 0 377 2 430 15 437 20 11 20 56 1 78 -14 15 -16 75 -16 461 0 388 2 445 16 455 9 7 15 26 15 48 l0 36 -3459 0 c-3145 0 -3459 -1 -3465 -16z m990 -77 c2 -2 5 -206 5 -453 l0 -449 -433 -5 c-238 -3 -436 -4 -440 -2 -8 3 -11 905 -4 913 6 5 867 2 872 -4z m958 -451 c0 -251 -2 -456 -6 -456 -5 0 -200 -1 -435 -1 -340 0 -428 3 -432 13 -3 7 -5 213 -3 458 l2 445 436 -2 437 -2 1 -455z m992 451 c6 -6 6 -898 1 -904 -6 -6 -898 -5 -904 1 -3 3 -6 802 -3 906 0 6 900 3 906 -3z m958 -451 c1 -251 -2 -456 -6 -456 -5 0 -200 -1 -435 -1 -340 0 -428 3 -432 13 -3 7 -5 213 -3 458 l2 445 437 -2 436 -2 1 -455z m992 451 c3 -2 5 -206 5 -453 l0 -449 -448 -5 c-246 -3 -452 -2 -456 1 -6 4 -12 776 -7 909 0 6 900 3 906 -3z m962 -443 c1 -246 -1 -451 -6 -456 -4 -4 -201 -8 -437 -8 l-430 -1 -3 448 c-1 246 0 453 2 458 2 6 156 9 437 8 l434 -1 3 -448z m954 -6 l0 -453 -429 -5 c-235 -3 -432 -2 -436 1 -6 4 -12 776 -7 909 0 3 196 4 436 3 l435 -2 1 -453z m-5817 -538 c7 0 9 -151 8 -436 l-2 -436 -440 -2 -441 -1 0 436 c0 240 2 438 4 440 3 3 773 2 871 -1z m953 2 c10 -7 12 -102 10 -441 l-3 -434 -438 -1 -437 -1 0 437 0 438 423 3 c232 1 424 3 427 4 3 2 11 -1 18 -5z m999 -6 c2 -2 4 -198 4 -436 l1 -433 -457 0 -457 0 0 432 c1 237 3 435 6 439 4 7 896 6 903 -2z m541 4 l417 0 -2 -436 -1 -436 -436 -2 c-240 0 -436 2 -436 7 -4 153 1 861 6 868 3 6 13 8 21 5 8 -3 202 -6 431 -6z m1412 0 c3 0 4 -197 3 -437 l-2 -438 -456 0 -457 0 1 438 c0 240 0 438 1 440 0 1 873 -1 910 -3z m956 -3 c7 -7 5 -857 -1 -868 -9 -13 -875 -12 -875 1 -3 146 1 863 4 868 4 7 865 6 872 -1z m954 3 c3 0 4 -196 3 -436 l-1 -436 -437 0 -436 0 0 432 c0 237 2 434 5 438 3 5 759 7 866 2z m-5807 -1394 c1 -285 -1 -436 -8 -436 -5 0 -203 -1 -440 -1 l-430 0 -3 438 -2 438 441 -1 440 -2 2 -436z m952 432 c7 -6 7 -859 1 -865 -2 -3 -199 -4 -438 -4 l-433 0 -3 438 -2 438 435 -1 c240 -1 438 -3 440 -6z m998 -431 c1 -241 -1 -437 -5 -437 -5 0 -211 -1 -459 -1 l-451 0 1 438 c0 241 0 438 1 438 0 0 205 0 456 -1 l455 -1 2 -436z m953 431 c6 -6 7 -859 0 -865 -9 -10 -876 -8 -876 2 -1 10 0 855 0 865 0 7 869 4 876 -2z m994 2 c8 0 6 -870 -2 -870 -5 0 -211 -1 -459 -1 l-451 0 1 438 c0 241 1 438 1 438 24 0 907 -5 910 -5z m950 0 c3 0 5 -196 5 -435 0 -239 -2 -435 -5 -435 -255 -5 -870 -3 -870 3 0 9 0 855 0 865 0 5 689 7 870 2z m963 -434 c1 -240 0 -436 -3 -436 -3 0 -200 -1 -438 -1 l-434 0 1 435 c0 240 0 437 1 439 0 1 196 1 436 0 l436 -1 1 -436z m-5816 -520 c3 -2 4 -207 4 -456 l0 -452 -440 -1 -441 -2 0 456 c0 251 2 458 4 460 6 5 868 1 873 -5z m959 1 c6 -6 5 -899 0 -905 -3 -3 -202 -6 -441 -6 l-435 -1 0 456 c0 251 2 458 4 460 5 5 867 1 872 -4z m991 -1 c2 -2 4 -208 4 -457 l0 -452 -456 0 -456 1 0 451 c0 248 2 454 4 458 5 8 896 7 904 -1z m960 1 c6 -6 4 -899 -1 -905 -11 -10 -876 -7 -876 3 -3 148 1 898 4 903 4 7 866 6 873 -1z m990 -1 c3 -2 4 -208 4 -456 l0 -452 -456 0 -456 0 0 451 c0 248 2 454 4 458 5 8 896 7 904 -1z m861 1 l94 -2 0 -454 0 -453 -436 -2 c-285 -1 -436 2 -436 9 -3 148 1 898 4 903 4 6 526 6 774 -1z m940 0 l113 -2 1 -453 0 -454 -437 0 -436 0 0 451 c0 248 2 454 4 458 5 7 442 7 755 0z m-5695 -1431 c1 -285 -1 -436 -8 -436 -5 0 -203 -1 -440 -1 l-430 0 -3 438 -2 438 441 -1 440 -2 2 -436z m952 432 c7 -6 7 -859 1 -865 -2 -2 -199 -4 -438 -4 l-433 0 -3 438 -2 438 435 -1 c240 -1 438 -3 440 -6z m996 -428 c0 -238 -2 -434 -4 -436 -5 -6 -898 -6 -904 -1 -3 4 -7 838 -4 867 1 3 206 4 457 4 l456 -1 -1 -433z m955 427 c6 -5 6 -859 0 -864 -5 -5 -868 -5 -873 0 -2 3 -6 770 -3 862 0 10 866 12 876 2z m995 -427 c0 -238 -2 -434 -4 -436 -5 -6 -898 -6 -904 -1 -3 3 -6 836 -3 867 0 3 205 4 456 4 l456 -2 -1 -432z m952 -4 l2 -436 -430 -2 c-236 -2 -434 0 -438 3 -5 4 -11 686 -7 867 0 4 196 6 436 5 l436 -1 1 -436z m960 0 c1 -240 0 -436 -3 -436 -3 0 -200 -1 -438 -1 l-434 0 1 435 c0 240 0 437 1 439 0 1 196 1 436 0 l436 -2 1 -435z m-5816 -520 c10 -10 8 -876 -2 -876 -5 0 -203 0 -440 0 l-430 -1 -3 433 c-1 238 0 438 2 443 3 10 864 11 873 1z m954 -436 l0 -435 -435 -3 -436 -2 0 439 c0 283 4 441 10 443 5 2 202 1 436 -2 l426 -5 -1 -435z m996 436 c2 -2 4 -199 4 -437 l0 -434 -448 -5 c-246 -3 -452 -4 -458 -2 -7 1 -9 155 -8 440 1 240 2 439 3 442 0 6 901 2 907 -4z m953 4 c3 0 5 -198 5 -440 l0 -440 -430 -2 c-236 -2 -434 0 -438 3 -8 6 -11 864 -3 877 3 5 676 7 866 2z m997 -4 c2 -2 5 -200 6 -440 l2 -436 -453 -2 c-250 -2 -456 0 -459 4 -6 10 -6 866 0 876 5 7 896 6 904 -2z m960 1 c2 -2 3 -199 4 -438 l0 -434 -433 -5 c-238 -3 -437 -2 -441 1 -8 6 -11 865 -3 877 4 7 866 6 873 -1z m841 0 l114 -2 1 -437 2 -438 -433 -2 c-239 -2 -436 0 -438 4 -6 10 -7 866 -1 875 5 7 445 7 755 0z m-5701 -960 c5 -6 5 -898 0 -904 -2 -2 -199 -4 -438 -4 l-434 0 -3 448 c-1 246 0 453 2 458 3 10 863 11 873 2z m957 -451 c0 -251 -2 -456 -6 -456 -87 -3 -862 0 -865 3 -2 3 -5 727 -3 900 0 9 93 12 436 11 l437 -2 1 -456z m993 450 c5 -5 5 -897 0 -903 -6 -5 -898 -5 -903 0 -4 3 -7 815 -4 902 0 10 897 11 907 1z m957 -451 c1 -250 -2 -455 -6 -455 -5 0 -200 -1 -435 -1 l-428 0 -3 458 -2 458 436 -2 437 -2 1 -456z m993 451 c5 -5 5 -897 0 -903 -6 -5 -898 -5 -903 0 -4 3 -7 815 -4 902 0 10 897 11 907 1z m961 -451 c1 -301 -1 -455 -8 -455 -5 0 -202 -1 -437 -1 l-428 0 -3 458 -2 458 437 -2 438 -2 3 -456z m952 455 c5 -77 3 -910 -2 -910 -87 -3 -862 0 -865 3 -3 3 -6 816 -3 902 0 10 870 15 870 5z"
       id="path8" />
  </g>
  <path
     style="fill:#949599;fill-opacity:1;fill-rule:nonzero;stroke:none"
     d="m 137.59277,205.98227 0,-54.47552 53.31088,-0.46153 c 42.84342,-0.3709 53.50751,-0.34441 54.31231,0.13492 0.78779,0.46919 1.08384,1.28004 1.38772,3.80087 0.3167,2.62715 0.37615,104.67666 0.0611,104.92261 -0.0531,0.0415 -24.61606,0.18314 -54.58431,0.3148 l -54.48772,0.23938 0,-54.47553 z"
     id="path6822"
     inkscape:connector-curvature="0"
     transform="scale(0.8,0.8)" />
  <path
     style="fill:#949599;fill-opacity:1;fill-rule:nonzero;stroke:none"
     d="m 257.86293,206.48042 c 0.16742,-29.21349 0.65701,-53.46818 1.08798,-53.8993 1.00138,-1.00171 80.55567,-1.6202 98.30639,-0.76427 l 13.41599,0.64691 0,53.56605 0,53.56606 -56.55738,0 -56.55738,0 0.3044,-53.11545 z"
     id="path6840"
     inkscape:connector-curvature="0"
     transform="scale(0.8,0.8)" />
  <path
     style="fill:#949599;fill-opacity:1;fill-rule:nonzero;stroke:none"
     d="m 382.19861,205.69657 0.24308,-53.8993 53.8993,-0.24308 53.8993,-0.24307 0,54.14237 0,54.14238 -54.14238,0 -54.14238,0 0.24308,-53.8993 z"
     id="path6842"
     inkscape:connector-curvature="0"
     transform="scale(0.8,0.8)" />
  <path
     style="fill:#949599;fill-opacity:1;fill-rule:nonzero;stroke:none"
     d="m 138.12959,325.49363 0,-54.90787 53.80395,0.60773 c 29.59217,0.33426 54.05868,0.8624 54.37004,1.17366 0.69502,0.69483 0.76359,105.49917 0.0695,106.19368 -0.27313,0.27328 -24.73965,0.79922 -54.37004,1.16877 l -53.87343,0.67191 0,-54.90788 z"
     id="path6844"
     inkscape:connector-curvature="0"
     transform="scale(0.8,0.8)" />
  <path
     style="fill:#949599;fill-opacity:1;fill-rule:nonzero;stroke:none"
     d="m 257.69659,325.649 0,-54.75546 56.48835,0 56.48835,0 0.0534,27.06733 c 0.0758,38.44154 -0.11859,80.63955 -0.37269,80.89364 -0.11879,0.11881 -25.51531,0.51614 -56.4367,0.88297 l -56.22069,0.66698 0,-54.75546 z"
     id="path6846"
     inkscape:connector-curvature="0"
     transform="scale(0.8,0.8)" />
  <path
     style="fill:#949599;fill-opacity:1;fill-rule:nonzero;stroke:none"
     d="m 390.20884,379.45064 -8.23789,-0.36108 0,-53.5294 0,-53.5294 13.88672,-0.70007 c 13.99836,-0.70569 93.49435,0.24374 94.37788,1.12718 0.8206,0.82051 0.51655,105.5654 -0.30883,106.39111 -0.78283,0.78316 -84.10738,1.28591 -99.71788,0.60166 z"
     id="path6848"
     inkscape:connector-curvature="0"
     transform="scale(0.8,0.8)" />
  <path
     style="fill:#949599;fill-opacity:1;fill-rule:nonzero;stroke:none"
     d="m 138.12941,447.18426 1.8e-4,-56.72372 53.98998,0 53.98999,0 0.61541,11.44548 c 0.7826,14.55469 0.78049,37.20645 -0.007,73.1187 l -0.62222,28.38255 -53.98335,0.25036 -53.98357,0.25034 1.7e-4,-56.72371 z"
     id="path6850"
     inkscape:connector-curvature="0"
     transform="scale(0.8,0.8)" />
  <path
     style="fill:#949599;fill-opacity:1;fill-rule:nonzero;stroke:none"
     d="m 257.69973,461.77708 c 0.002,-22.91309 0.28002,-48.33618 0.61844,-56.49575 l 0.6153,-14.8356 55.63454,0.24277 55.63454,0.24278 0.24278,56.25298 0.24277,56.25298 -56.49575,0 -56.49576,0 0.003,-41.66016 z"
     id="path6852"
     inkscape:connector-curvature="0"
     transform="scale(0.8,0.8)" />
  <path
     style="fill:#949599;fill-opacity:1;fill-rule:nonzero;stroke:none"
     d="m 385.50148,502.7514 -3.53053,-0.3693 0,-55.96078 0,-55.96078 54.0368,0 54.03679,0 0.68438,13.69042 c 0.37641,7.52973 0.37039,32.94949 -0.0134,56.48835 l -0.69779,42.79793 -50.49288,-0.15827 c -27.77109,-0.087 -52.08162,-0.32445 -54.0234,-0.52757 z"
     id="path6854"
     inkscape:connector-curvature="0"
     transform="scale(0.8,0.8)" />
  <path
     style="fill:#949599;fill-opacity:1;fill-rule:nonzero;stroke:none"
     d="m 139.4872,590.20172 c -0.005,-17.86444 -0.55783,-42.0132 -1.22917,-53.66393 l -1.2206,-21.18313 54.8931,0 54.89309,0 0,53.66393 0,53.66393 -53.66393,0 -53.66393,0 -0.009,-32.4808 z"
     id="path6856"
     inkscape:connector-curvature="0"
     transform="scale(0.8,0.8)" />
  <path
     style="fill:#949599;fill-opacity:1;fill-rule:nonzero;stroke:none"
     d="m 137.61909,718.24198 c 0.003,-13.72196 0.55977,-38.29439 1.23627,-54.6054 l 1.22999,-29.65639 28.42012,0.008 c 15.63106,0.004 39.22351,0.55862 52.42766,1.23205 l 24.00755,1.22442 0,52.21227 0,52.21226 -4.23663,1.13538 c -2.33014,0.62445 -26.47891,1.14694 -53.66393,1.16108 l -49.4273,0.0257 0.006,-24.94902 z"
     id="path6858"
     inkscape:connector-curvature="0"
     transform="scale(0.8,0.8)" />
  <path
     style="fill:#949599;fill-opacity:1;fill-rule:nonzero;stroke:none"
     d="m 258.12129,569.01859 0,-53.66393 56.48835,0 56.48835,0 0,36.42816 c 0,20.03549 -0.55055,44.18426 -1.22343,53.66393 l -1.22343,17.23577 -55.26492,0 -55.26492,0 0,-53.66393 z"
     id="path6860"
     inkscape:connector-curvature="0"
     transform="scale(0.8,0.8)" />
  <path
     style="fill:#949599;fill-opacity:1;fill-rule:nonzero;stroke:none"
     d="m 382.39566,570.22234 0,-52.46018 9.88546,-1.18738 c 5.437,-0.65306 29.58577,-1.19475 53.66393,-1.20375 l 43.77847,-0.0164 0,53.66393 0,53.66393 -53.66393,0 -53.66393,0 0,-52.46018 z"
     id="path6862"
     inkscape:connector-curvature="0"
     transform="scale(0.8,0.8)" />
  <path
     style="fill:#949599;fill-opacity:1;fill-rule:nonzero;stroke:none"
     d="m 502.90413,569.01859 0,-53.66393 55.54688,0 55.54687,0 0,53.66393 0,53.66393 -55.54687,0 -55.54688,0 0,-53.66393 z"
     id="path6864"
     inkscape:connector-curvature="0"
     transform="scale(0.8,0.8)" />
  <path
     style="fill:#949599;fill-opacity:1;fill-rule:nonzero;stroke:none"
     d="m 502.90413,446.62717 0,-55.54687 55.54688,0 55.54687,0 0,55.54687 0,55.54688 -55.54687,0 -55.54688,0 0,-55.54688 z"
     id="path6866"
     inkscape:connector-curvature="0"
     transform="scale(0.8,0.8)" />
  <path
     style="fill:#949599;fill-opacity:1;fill-rule:nonzero;stroke:none"
     d="m 501.7612,376.80421 c 0.62861,-1.63813 1.14293,-25.7869 1.14293,-53.66393 l 0,-50.68551 55.54688,0 55.54687,0 0,53.66393 0,53.66393 -56.6898,0 c -50.92009,0 -56.57348,-0.30313 -55.54688,-2.97842 z"
     id="path6874"
     inkscape:connector-curvature="0"
     transform="scale(0.8,0.8)" />
  <path
     style="fill:#949599;fill-opacity:1;fill-rule:nonzero;stroke:none"
     d="m 630.47365,378.43396 -5.1781,-0.78441 0,-52.59739 0,-52.59739 53.66393,0 53.66393,0 0,53.66393 0,53.66393 -48.48583,-0.28212 c -26.66721,-0.15517 -50.81598,-0.63512 -53.66393,-1.06655 z"
     id="path6876"
     inkscape:connector-curvature="0"
     transform="scale(0.8,0.8)" />
  <path
     style="fill:#949599;fill-opacity:1;fill-rule:nonzero;stroke:none"
     d="m 632.35659,502.68533 -7.06104,-0.73861 0.006,-25.77683 c 0.003,-14.17725 0.55977,-39.1222 1.23627,-55.43321 l 1.22999,-29.65638 52.42767,0 52.42766,0 0,55.29094 0,55.29094 -8.73606,1.19741 c -9.10036,1.24734 -79.21649,1.11385 -91.53076,-0.17426 z"
     id="path6878"
     inkscape:connector-curvature="0"
     transform="scale(0.8,0.8)" />
  <path
     style="fill:#949599;fill-opacity:1;fill-rule:nonzero;stroke:none"
     d="m 626.52639,599.79156 c -0.67696,-12.59003 -1.23084,-36.7388 -1.23084,-53.66393 l 0,-30.77297 53.66393,0 53.66393,0 0,53.66393 0,53.66393 -52.43309,0 -52.4331,0 -1.23083,-22.89096 z"
     id="path6880"
     inkscape:connector-curvature="0"
     transform="scale(0.8,0.8)" />
</svg>
