<?xml version="1.0" encoding="UTF-8" standalone="no"?>
<svg
   xmlns:dc="http://purl.org/dc/elements/1.1/"
   xmlns:cc="http://creativecommons.org/ns#"
   xmlns:rdf="http://www.w3.org/1999/02/22-rdf-syntax-ns#"
   xmlns:svg="http://www.w3.org/2000/svg"
   xmlns="http://www.w3.org/2000/svg"
   xmlns:sodipodi="http://sodipodi.sourceforge.net/DTD/sodipodi-0.dtd"
   xmlns:inkscape="http://www.inkscape.org/namespaces/inkscape"
   version="1.0"
   width="900.000000pt"
   height="897.000000pt"
   viewBox="0 0 900.000000 897.000000"
   preserveAspectRatio="xMidYMid meet"
   id="svg3001"
   inkscape:version="0.48.4 r9939"
   sodipodi:docname="2.svg">
  <defs
     id="defs3199" />
  <sodipodi:namedview
     pagecolor="#ffffff"
     bordercolor="#666666"
     borderopacity="1"
     objecttolerance="10"
     gridtolerance="10"
     guidetolerance="10"
     inkscape:pageopacity="0"
     inkscape:pageshadow="2"
     inkscape:window-width="1600"
     inkscape:window-height="824"
     id="namedview3197"
     showgrid="false"
     inkscape:zoom="0.59532557"
     inkscape:cx="628.67359"
     inkscape:cy="616.54847"
     inkscape:window-x="0"
     inkscape:window-y="24"
     inkscape:window-maximized="1"
     inkscape:current-layer="svg3001" />
  <metadata
     id="metadata3003">
Created by potrace 1.10, written by Peter Selinger 2001-2011
<rdf:RDF>
  <cc:Work
     rdf:about="">
    <dc:format>image/svg+xml</dc:format>
    <dc:type
       rdf:resource="http://purl.org/dc/dcmitype/StillImage" />
  </cc:Work>
</rdf:RDF>
</metadata>
  <g
     transform="translate(0.000000,897.000000) scale(0.100000,-0.100000)"
     fill="#000000"
     stroke="none"
     id="g3005">
    <path
       d="M8078 8928 c-13 -11 -15 -27 -9 -103 4 -49 4 -119 1 -154 l-5 -65 -278 0 c-154 -1 -280 1 -282 4 -1 3 1 52 6 110 9 112 3 133 -35 128 -20 -3 -21 -9 -21 -123 0 -117 -1 -120 -22 -123 -17 -3 -26 3 -33 22 -12 32 -33 33 -59 4 -20 -21 -28 -21 -296 -23 l-275 -1 0 134 0 133 -27 -3 -28 -3 -5 -130 -5 -129 -250 -1 -250 0 -1 115 c0 134 -5 153 -36 148 -20 -3 -23 -10 -26 -58 -4 -61 -11 -70 -62 -70 -51 0 -58 9 -62 70 -3 52 -5 55 -30 58 -32 4 -30 13 -32 -153 l-1 -110 -230 -2 c-126 -1 -241 -3 -255 -5 -31 -4 -35 25 -5 30 30 5 45 31 45 79 0 47 -6 51 -84 56 -27 1 -41 -3 -50 -16 -13 -20 5 -37 40 -37 25 0 40 -28 24 -44 -6 -6 -38 -11 -72 -11 -51 1 -63 4 -79 24 -30 37 -25 96 10 132 38 37 82 38 135 3 34 -23 40 -25 53 -11 22 21 11 42 -37 72 -59 37 -89 40 -144 16 -116 -53 -136 -208 -33 -259 15 -7 27 -16 27 -20 0 -4 -147 -7 -327 -7 l-328 1 -3 57 -3 57 76 0 76 0 -3 28 c-3 26 -5 27 -73 32 -67 5 -70 6 -73 32 l-3 27 78 3 c76 3 78 4 81 29 2 18 -3 29 -15 33 -26 10 -194 -5 -199 -18 -2 -6 -5 -72 -6 -146 l-3 -135 -305 2 c-168 1 -311 2 -317 3 -17 0 -17 66 0 77 6 4 42 6 78 4 70 -3 87 6 70 36 -8 15 -24 18 -83 18 l-73 0 0 30 0 30 87 0 c47 0 89 3 93 7 4 4 5 19 1 33 -6 25 -7 25 -114 25 -71 0 -112 -4 -120 -12 -8 -8 -12 -52 -12 -133 l0 -121 -250 0 c-138 0 -250 2 -250 4 0 2 9 15 20 29 29 37 28 142 -1 190 -27 44 -53 53 -144 53 -96 0 -98 -4 -94 -159 l4 -116 -263 -1 c-144 -1 -262 1 -262 5 0 3 14 14 30 23 23 13 30 24 30 47 0 45 -18 47 -56 6 -32 -35 -37 -37 -76 -32 -51 7 -77 37 -78 87 0 33 20 76 44 92 25 18 72 7 104 -23 38 -36 62 -32 62 9 0 59 -124 120 -159 78 -7 -8 -22 -17 -34 -20 -12 -3 -33 -22 -47 -43 -20 -29 -25 -49 -25 -96 1 -56 3 -62 38 -92 20 -18 37 -34 37 -37 0 -3 -128 -5 -285 -5 -260 1 -312 4 -271 20 8 3 22 20 31 38 16 30 16 33 -4 60 -24 32 -25 42 -10 68 18 28 3 66 -38 94 -32 21 -48 25 -103 23 l-65 -2 -3 -150 -2 -149 -223 1 -222 1 -23 33 c-12 18 -27 52 -34 74 -6 23 -17 48 -24 56 -8 9 -20 40 -27 70 -14 53 -35 74 -65 62 -14 -5 -42 -65 -42 -90 0 -8 -6 -23 -13 -31 -8 -9 -24 -47 -37 -86 -12 -38 -26 -75 -31 -81 -6 -7 -88 -9 -258 -6 -137 3 -266 1 -286 -2 l-37 -7 4 -174 c2 -96 7 -177 11 -181 22 -22 32 24 37 164 l5 147 320 7 c176 4 321 5 324 3 9 -10 6 -357 -4 -364 -13 -10 -644 2 -666 12 -13 6 -18 1 -22 -22 -4 -17 -2 -42 3 -56 9 -25 11 -25 40 -10 25 13 76 15 342 13 l313 -3 -3 -100 c-2 -55 1 -129 6 -165 6 -36 8 -67 5 -70 -3 -3 -161 -7 -351 -10 l-347 -5 0 -29 0 -28 340 1 c187 1 345 -2 351 -6 8 -6 9 -23 3 -58 -10 -66 -11 -191 0 -237 6 -24 5 -40 -2 -47 -7 -7 -121 -11 -349 -11 -324 0 -338 -1 -338 -19 0 -10 6 -23 13 -29 7 -6 127 -10 332 -10 176 0 325 -1 330 -1 11 -1 13 -326 2 -337 -8 -8 -635 -12 -647 -4 -11 7 -11 34 -4 139 6 76 -4 107 -28 83 -11 -11 -13 -61 -8 -212 l2 -65 342 3 c187 1 346 -1 353 -6 9 -5 9 -19 1 -52 -6 -26 -8 -97 -5 -167 5 -109 4 -124 -11 -130 -9 -5 -163 -6 -342 -3 -179 3 -327 4 -328 3 -2 -1 -1 -15 3 -32 l6 -30 330 0 c181 0 333 -2 338 -6 5 -3 7 -54 4 -118 -3 -61 -1 -136 5 -165 8 -43 7 -55 -4 -59 -8 -3 -166 -6 -352 -7 -330 -1 -337 -1 -337 -21 0 -20 7 -20 338 -22 186 -1 344 -4 352 -7 11 -4 12 -12 4 -38 -6 -18 -9 -94 -7 -168 l3 -135 -345 -1 -345 -2 -8 -103 c-15 -192 5 -341 32 -243 15 52 14 197 -1 229 -10 22 -9 29 8 45 19 19 36 20 330 21 171 1 316 -1 322 -5 8 -5 9 -42 6 -119 -3 -62 -2 -138 4 -170 8 -52 7 -59 -10 -68 -19 -10 -637 -9 -668 1 -11 4 -15 -3 -15 -30 l0 -35 350 -5 350 -5 -3 -30 c-12 -130 -13 -177 -4 -225 8 -43 8 -58 -2 -68 -11 -11 -81 -13 -345 -12 -301 1 -332 -1 -338 -16 -17 -44 -7 -45 347 -47 l334 -2 0 -180 1 -180 -326 -3 c-372 -3 -360 -5 -340 72 16 63 14 158 -3 182 -14 19 -15 19 -23 -1 -4 -11 -8 -83 -7 -159 l0 -139 345 2 c189 1 349 -2 356 -7 9 -5 9 -19 2 -52 -6 -25 -9 -101 -7 -170 l3 -125 -313 -3 c-173 -1 -320 2 -329 7 -14 7 -16 27 -14 124 2 110 -10 197 -28 197 -13 0 -23 -146 -19 -275 l3 -110 4200 -2 c2310 -2 4210 -1 4222 2 l22 5 -1 473 c0 259 0 513 0 562 1 109 -1 136 -11 153 -5 7 -4 18 1 25 14 17 14 3180 1 3225 -6 17 -14 32 -19 32 -15 0 -21 -52 -19 -177 0 -69 -3 -129 -7 -133 -5 -5 -148 -10 -317 -11 -263 -3 -310 -1 -315 11 -4 8 -6 92 -4 186 l3 171 337 -1 c358 -2 402 3 402 42 0 27 -24 34 -87 26 -29 -3 -63 -4 -76 0 l-24 6 5 143 c4 129 3 145 -12 150 -10 4 -26 2 -37 -3 -18 -10 -18 -19 -13 -148 3 -75 8 -140 10 -144 2 -3 2 -13 -2 -21 -4 -12 -35 -14 -175 -14 l-170 0 -40 51 c-46 59 -89 123 -89 134 0 5 25 34 57 65 48 48 54 59 43 72 -20 24 -56 18 -76 -12 -33 -53 -97 -123 -111 -123 -10 0 -13 18 -13 69 0 54 -4 70 -16 75 -20 8 -18 8 -36 -6z m-6170 -115 c-3 -26 -7 -28 -55 -31 -50 -3 -53 -2 -53 21 0 33 7 37 62 37 48 0 49 -1 46 -27z m1433 -13 c28 -26 33 -38 33 -69 -1 -43 -28 -87 -59 -95 -30 -9 -83 -7 -89 2 -3 5 -2 50 1 100 l6 92 37 0 c26 0 46 -8 71 -30z m-2153 -31 c3 -30 -18 -52 -42 -43 -16 6 -23 54 -9 68 16 16 48 1 51 -25z m7037 -81 c65 -89 61 -99 -37 -90 l-58 4 0 52 c0 49 20 96 40 96 6 0 30 -28 55 -62z m-6292 25 c20 -12 5 -45 -28 -59 -47 -19 -71 -18 -95 6 -43 43 -10 73 70 63 25 -3 48 -7 53 -10z m4209 -35 c2 -7 2 -26 -1 -43 -6 -29 -8 -30 -61 -30 l-55 0 -3 43 -3 42 59 0 c39 0 61 -4 64 -12z m-4921 -24 c22 -20 25 -50 7 -56 -7 -3 -44 -3 -81 0 -67 4 -68 5 -65 30 6 50 94 67 139 26z m784 -85 c76 -10 343 -8 520 4 27 2 30 -1 26 -23 -2 -14 -5 -95 -6 -180 -2 -85 -3 -159 -4 -165 -1 -12 -620 -13 -639 -1 -9 5 -11 18 -7 37 11 47 8 272 -4 302 -6 15 -17 27 -25 27 -18 0 -31 -159 -22 -276 4 -56 2 -85 -5 -90 -13 -7 -623 -9 -636 -1 -4 3 -8 85 -8 183 l1 178 26 7 c14 4 68 2 119 -3 107 -11 389 -4 434 11 32 11 89 9 230 -10z m967 -4 c157 0 289 -3 293 -7 4 -3 1 -16 -5 -28 -7 -13 -10 -74 -9 -171 1 -82 -1 -152 -4 -155 -8 -8 -636 -8 -645 0 -4 4 -5 69 -4 144 2 75 -1 159 -6 186 l-10 48 52 -8 c28 -4 180 -8 338 -9z m698 1 c146 -1 270 -5 277 -9 9 -6 9 -15 2 -34 -6 -15 -9 -92 -8 -170 1 -79 -1 -146 -4 -150 -7 -6 -636 -8 -642 -1 -2 2 -5 84 -6 183 l-2 180 34 6 c19 4 45 4 59 1 14 -3 144 -6 290 -6z m966 6 c7 -5 11 -56 10 -152 -1 -80 2 -156 6 -170 15 -52 16 -52 -338 -52 l-329 0 -5 179 c-3 98 -4 180 -3 182 1 2 122 3 269 3 219 0 320 5 374 17 3 0 10 -3 16 -7z m717 -12 c-1 -8 -7 -35 -12 -60 -12 -55 -13 -170 -2 -227 15 -79 26 -77 -325 -75 -169 1 -310 5 -314 9 -3 5 -3 87 0 183 l5 175 200 -3 c110 -1 245 2 300 7 129 11 151 10 148 -9z m421 5 l260 0 0 -175 c1 -96 -2 -179 -6 -185 -6 -10 -625 -11 -635 -1 -4 4 -7 331 -4 370 1 5 28 5 64 0 34 -4 179 -8 321 -9z m961 -184 l0 -183 -318 0 c-175 0 -320 2 -324 5 -4 5 -7 350 -3 363 0 1 145 1 323 -1 l322 -2 0 -182z m672 161 c40 -21 41 -23 32 -54 -6 -18 -9 -87 -8 -153 1 -66 1 -124 0 -130 -1 -11 -626 -13 -638 -2 -6 7 -5 346 2 357 2 3 131 5 287 4 269 -1 285 -2 325 -22z m735 -147 c2 -93 0 -176 -3 -184 -5 -12 -62 -14 -323 -15 -174 -1 -317 1 -317 4 -1 3 -2 86 -4 185 l-2 180 323 0 323 1 3 -171z m-2 -273 c1 -4 1 -79 2 -167 l1 -160 -324 0 -324 0 0 170 0 170 305 5 c281 5 339 2 340 -18z m-6298 6 c2 -7 3 -85 3 -173 l-1 -160 -324 0 -324 0 -1 165 c-1 91 0 168 2 173 3 4 147 7 323 7 245 0 319 -3 322 -12z m700 -128 c-3 -85 0 -146 7 -164 9 -23 9 -31 -1 -38 -7 -4 -156 -7 -332 -5 l-319 2 0 161 c0 89 3 167 7 173 5 8 96 11 324 9 l317 -3 -3 -135z m708 128 c1 -7 1 -85 2 -173 l1 -160 -323 -3 c-222 -1 -327 1 -336 9 -10 8 -10 17 -3 37 6 15 10 83 9 152 -2 69 -2 131 -1 138 2 18 651 18 651 0z m685 1 c4 -6 7 -83 7 -172 l0 -162 -326 -3 -326 -2 0 168 c0 93 3 172 7 175 11 12 631 8 638 -4z m714 -3 c9 -11 9 -29 1 -78 -13 -69 -5 -204 13 -226 8 -10 7 -16 -4 -23 -8 -5 -164 -9 -346 -9 -260 0 -333 3 -333 13 -3 67 2 322 6 329 3 4 151 8 328 8 268 0 326 -2 335 -14z m690 1 c7 -10 8 -31 1 -73 -19 -114 -6 -234 25 -234 22 0 27 35 24 169 -2 69 0 132 4 139 11 16 617 18 634 1 7 -7 9 -49 6 -128 -3 -67 -1 -132 5 -153 8 -28 7 -40 -3 -48 -11 -9 -150 -10 -670 -3 -5 0 -156 -1 -333 -4 -344 -4 -363 -2 -341 39 7 13 10 72 9 152 -2 72 -2 137 -1 144 2 18 624 18 640 -1z m1403 -153 c2 -91 0 -170 -3 -175 -3 -5 -141 -8 -329 -7 l-323 3 1 163 c0 89 1 167 1 172 1 6 116 10 326 10 l324 0 3 -166z m690 154 c2 -7 3 -85 3 -173 l0 -160 -324 0 -324 0 0 161 c0 89 3 167 7 173 11 17 633 16 638 -1z m1404 -2 c3 -7 6 -84 7 -170 2 -149 1 -157 -18 -162 -11 -2 -157 -3 -323 -2 l-304 3 0 161 c-1 89 2 166 6 173 5 8 95 11 317 11 255 0 311 -2 315 -14z m-1 -409 c6 -7 8 -74 5 -177 l-5 -165 -305 -5 c-168 -3 -311 -2 -318 1 -17 7 -20 348 -4 358 5 3 147 5 314 3 222 -2 306 -6 313 -15z m-6992 -167 l-1 -175 -322 0 -322 0 -2 173 c-1 95 0 175 3 178 2 2 149 3 325 2 l321 -3 -2 -175z m704 172 c9 -6 9 -19 2 -52 -6 -25 -9 -100 -7 -167 2 -67 0 -124 -4 -128 -9 -9 -621 -6 -630 3 -12 12 -15 341 -3 346 18 8 630 6 642 -2z m705 -172 l-1 -175 -326 0 -327 0 0 170 c0 94 1 173 1 178 1 4 148 6 327 5 l326 -3 0 -175z m690 1 c-1 -96 -3 -175 -5 -177 -1 -2 -147 -4 -322 -4 l-320 -2 -3 181 -2 181 326 -2 327 -3 -1 -174z m717 170 c12 -8 13 -12 1 -26 -15 -18 -21 -225 -8 -282 5 -23 3 -33 -8 -37 -10 -4 -523 -9 -651 -6 -10 0 -13 43 -13 180 l0 180 333 0 c182 0 338 -4 346 -9z m678 1 c10 -6 10 -23 2 -72 -6 -36 -9 -112 -7 -170 l3 -105 -318 0 -319 0 0 170 c1 94 1 173 1 178 1 9 623 9 638 -1z m696 -171 c-1 -136 -4 -175 -14 -180 -8 -3 -153 -4 -323 -1 l-308 5 0 173 c1 94 1 174 1 177 1 3 146 4 323 3 l322 -3 -1 -174z m705 -2 l-3 -181 -320 2 c-175 0 -321 3 -323 5 -3 3 -6 324 -3 348 1 4 147 7 326 7 l325 0 -2 -181z m695 2 c-1 -95 -5 -176 -10 -180 -4 -3 -149 -4 -322 -1 l-313 5 0 173 c1 94 1 174 1 177 1 3 146 4 323 3 l322 -3 -1 -174z m709 -1 c-2 -96 -5 -176 -7 -178 -5 -6 -627 -4 -633 2 -6 7 -11 336 -5 349 3 4 149 6 326 5 l322 -3 -3 -175z m-4712 -234 l75 -1 11 -34 c6 -19 26 -52 43 -73 36 -42 36 -39 -26 -116 -45 -55 -52 -76 -29 -85 17 -7 56 2 56 13 0 20 46 79 60 77 8 -1 24 -20 36 -41 26 -46 46 -60 74 -51 29 9 25 28 -20 80 -56 65 -60 87 -20 136 18 22 35 53 39 67 7 27 9 27 104 30 73 2 98 -1 101 -10 3 -7 6 -68 9 -135 l4 -122 -39 -47 -38 -47 -285 -1 c-229 -1 -286 2 -290 12 -7 19 -6 327 1 346 4 12 13 14 33 9 14 -3 60 -7 101 -7z m240 0 c0 -30 -31 -86 -48 -86 -20 1 -65 67 -58 86 8 20 106 19 106 0z m687 -4 c177 2 286 -1 292 -7 6 -6 6 -28 0 -60 -6 -27 -9 -102 -7 -165 l3 -115 -247 2 c-165 1 -257 -2 -277 -10 -29 -11 -33 -9 -87 47 l-57 59 2 121 c1 66 7 126 12 132 7 8 21 9 47 3 20 -5 164 -8 319 -7z m977 -164 c-1 -89 -2 -168 -3 -175 -2 -19 -631 -16 -631 3 -4 105 0 327 5 332 3 4 126 5 273 4 147 -2 281 1 297 6 58 17 60 11 59 -170z m686 167 c8 -10 12 -64 12 -175 1 -192 0 -194 -82 -178 -34 6 -150 8 -303 5 -136 -3 -250 -1 -252 4 -8 12 -8 329 -1 337 4 3 127 5 274 4 148 -2 280 2 297 7 41 13 41 13 55 -4z m714 -1 c9 -22 7 -337 -2 -349 -4 -7 -76 -8 -207 -4 -110 3 -250 4 -312 2 -62 -2 -114 1 -118 6 -8 14 -9 330 -1 339 4 4 128 6 274 5 147 -2 285 1 307 6 22 5 43 9 46 10 4 0 10 -6 13 -15z m692 5 c10 -16 7 -350 -3 -359 -4 -4 -39 -4 -78 1 -91 10 -428 11 -482 0 -73 -14 -74 -9 -75 178 0 89 3 166 7 169 3 4 122 6 263 5 141 -2 277 1 302 6 25 5 48 9 52 10 4 0 10 -4 14 -10z m357 -6 c144 -3 246 -1 278 6 79 17 79 17 79 -184 0 -129 -3 -174 -13 -178 -6 -2 -50 -1 -97 4 -110 10 -355 10 -445 0 -38 -5 -75 -4 -81 0 -12 10 -13 337 0 357 5 9 16 11 30 6 11 -4 123 -9 249 -11z m757 0 c157 -1 288 -2 293 -3 4 0 6 -78 5 -172 l-3 -173 -240 3 c-132 1 -269 -2 -305 -7 -42 -5 -69 -5 -77 2 -10 7 -13 55 -13 176 0 172 6 200 40 184 8 -4 143 -9 300 -10z m-6699 -5 c0 -10 0 -314 0 -330 -1 -16 -641 -19 -642 -3 -1 11 0 327 1 335 0 8 640 6 641 -2z m700 0 c0 -10 0 -326 0 -335 -1 -5 -144 -7 -318 -7 l-318 1 -1 99 c-1 55 -2 129 -4 165 -2 36 -1 70 3 75 6 11 637 12 638 2z m704 -168 l0 -174 -318 0 c-176 -1 -321 2 -324 7 -6 10 -7 323 0 333 3 5 148 9 324 8 l318 0 0 -174z m676 -246 l26 -25 -5 -152 c-2 -84 -6 -153 -7 -155 -2 -2 -146 -3 -321 -3 l-319 0 0 178 0 178 275 5 c151 3 286 4 300 2 14 -2 37 -15 51 -28z m717 21 c18 -5 22 -10 16 -23 -5 -9 -8 -85 -9 -169 0 -83 -3 -154 -6 -157 -4 -4 -151 -8 -328 -9 -238 -1 -322 1 -325 10 -3 6 -6 76 -7 154 l-2 142 34 28 c19 15 43 29 54 31 33 5 548 -2 573 -7z m2104 -129 c3 -183 3 -181 -26 -218 l-25 -33 26 -27 26 -28 -2 -162 c-1 -90 -4 -164 -6 -166 -2 -3 -548 -4 -640 -2 -10 0 -11 338 -1 348 3 2 121 4 263 4 141 0 267 4 280 9 27 10 31 38 6 41 -10 0 -44 0 -75 -1 -53 -3 -58 -1 -63 22 -4 13 -5 39 -3 58 l3 34 63 5 c54 4 65 9 87 35 34 42 32 82 -7 122 -31 32 -35 33 -110 33 -43 0 -79 -3 -79 -7 -1 -5 -3 -70 -5 -147 -2 -76 -5 -140 -8 -143 -5 -6 -346 -7 -352 -1 -2 3 -5 83 -6 179 l-1 174 314 5 c173 3 320 3 327 1 9 -2 13 -39 14 -135z m-4899 -44 c0 -95 -3 -175 -6 -178 -7 -7 -624 -7 -635 0 -5 3 -7 327 -2 354 0 1 145 1 322 0 l321 -3 0 -173z m706 169 c10 -7 11 -13 1 -30 -7 -14 -10 -72 -9 -167 1 -79 0 -147 -3 -150 -8 -7 -616 -6 -628 1 -7 5 -10 45 -7 118 2 62 1 137 -3 167 -5 37 -4 57 4 62 16 11 628 10 645 -1z m702 -171 c-1 -96 -4 -176 -6 -178 -4 -5 -636 -4 -641 1 -3 3 -7 318 -5 350 1 4 148 6 327 5 l327 -3 -2 -175z m2086 172 c9 -5 9 -19 3 -47 -19 -83 -5 -205 25 -205 19 0 28 64 23 168 l-3 87 324 0 324 0 -1 -174 c-1 -95 -3 -176 -6 -179 -3 -2 -110 -4 -238 -3 -197 2 -236 0 -253 -13 -20 -16 -20 -16 0 -32 17 -13 54 -15 252 -13 128 2 235 0 239 -3 11 -11 10 -348 -1 -349 -58 -3 -629 2 -633 6 -3 3 -5 51 -3 108 3 116 -10 170 -35 146 -19 -20 -29 -130 -16 -197 5 -29 6 -55 1 -58 -9 -5 -640 -8 -643 -2 -1 2 1 81 4 177 l5 174 262 1 c230 1 264 3 279 18 30 29 -14 41 -132 35 -117 -6 -114 -8 -114 78 0 49 4 58 60 131 55 72 59 80 43 91 -9 7 -20 13 -25 13 -10 0 -88 -99 -88 -112 0 -23 -31 1 -62 47 -24 37 -40 51 -60 53 -24 3 -28 0 -28 -21 0 -13 12 -34 26 -48 14 -13 37 -43 50 -66 21 -34 24 -52 22 -104 l-3 -63 -115 1 -115 1 -5 174 c-3 95 -4 176 -2 181 4 9 623 9 639 -1z m2096 -170 c-1 -96 -4 -176 -7 -179 -3 -3 -113 -6 -245 -7 -177 -1 -243 -4 -252 -13 -10 -10 -10 -16 -1 -25 16 -16 393 -24 446 -10 27 8 38 7 47 -4 14 -18 19 -354 4 -355 -56 -3 -629 1 -632 5 -3 3 -6 58 -7 123 -2 65 -5 127 -7 137 -3 14 6 26 32 40 20 12 49 36 64 54 l28 33 -38 39 c-20 21 -50 41 -66 44 -29 5 -30 7 -22 43 4 21 8 83 8 138 0 55 4 103 10 107 6 5 151 7 324 5 l315 -2 -1 -173z m708 166 c2 -42 -3 -343 -6 -346 -9 -9 -635 -6 -638 3 -2 8 -1 344 2 353 1 1 145 2 321 2 249 0 320 -3 321 -12z m694 -168 l0 -175 -290 -5 c-159 -3 -298 -9 -307 -13 -12 -6 -19 -3 -27 11 -11 21 -17 334 -6 352 4 7 105 9 318 8 l312 -3 0 -175z m-2217 28 c3 -28 5 -27 -72 -43 -26 -5 -46 12 -46 40 0 32 9 36 65 33 46 -3 50 -5 53 -30z m-2983 -267 c163 0 298 -1 300 -3 6 -6 8 -339 2 -344 -2 -3 -148 -5 -323 -5 l-319 -1 -3 172 c-3 176 4 214 33 190 9 -7 113 -10 310 -9z m4910 -1 l290 -5 3 -172 2 -173 -285 -2 c-157 -1 -300 -2 -317 -2 l-33 -1 -3 174 c-3 180 3 211 37 194 9 -4 147 -10 306 -13z m-6708 -4 c10 -10 9 -346 -2 -347 -9 0 -605 0 -630 1 -10 0 -12 330 -2 346 6 10 624 10 634 0z m700 0 c7 -6 9 -346 3 -346 -77 -4 -633 -1 -637 3 -8 9 -3 330 7 342 8 10 617 11 627 1z m711 -170 c2 -115 -1 -176 -8 -176 -103 -3 -634 0 -637 4 -7 6 -6 333 0 343 3 5 148 7 324 6 l318 -1 3 -176z m1392 169 c7 -4 8 -44 4 -108 -3 -56 -1 -129 4 -162 6 -33 7 -64 3 -68 -5 -4 -156 -8 -337 -8 l-329 -1 -3 168 c-1 93 -1 173 1 179 5 11 639 11 657 0z m3498 -169 c1 -97 -1 -176 -5 -176 -5 -1 -150 -1 -323 -2 l-315 0 0 168 c-1 93 1 174 2 179 2 6 117 10 321 9 l317 -2 3 -176z m-6300 -230 c3 -3 5 -81 5 -174 l-1 -167 -322 0 -322 0 -1 173 c-1 94 1 173 5 175 16 5 630 -2 636 -7z m702 4 c3 0 4 -78 3 -172 l-1 -173 -319 0 -318 0 -1 137 c-1 75 -4 148 -8 161 -13 55 -22 54 644 47z m706 -3 c4 -4 7 -247 4 -337 0 -7 -111 -9 -326 -8 l-325 3 -2 173 c-1 94 1 173 6 175 13 4 639 -1 643 -6z m690 0 c6 -5 7 -337 2 -342 -2 -2 -148 -5 -323 -5 l-320 -2 -3 168 c-1 93 -1 173 1 179 4 10 634 12 643 2z m707 0 c9 -3 10 -30 7 -93 -6 -89 5 -154 28 -162 15 -5 26 94 20 179 -3 38 -2 72 3 75 6 3 520 7 627 4 10 0 12 -26 7 -122 -4 -74 -3 -141 3 -168 6 -24 9 -47 6 -50 -3 -3 -137 -7 -297 -10 l-292 -5 -35 37 c-20 21 -42 38 -51 38 -15 0 -117 -79 -118 -92 -1 -8 55 -65 91 -93 l26 -20 -13 -65 c-11 -50 -12 -80 -4 -134 9 -55 8 -70 -3 -77 -7 -5 -159 -8 -338 -6 l-325 2 -3 165 c-1 91 0 174 2 186 5 20 12 21 118 21 100 -1 401 8 421 12 20 4 3 21 -22 21 -20 0 -34 8 -45 25 -15 22 -24 25 -76 25 l-60 0 0 120 c0 98 -3 122 -15 126 -8 4 -22 0 -31 -7 -13 -11 -15 -34 -12 -141 3 -138 -2 -154 -47 -143 -11 2 -68 5 -127 5 l-108 0 0 173 c0 96 2 176 4 178 6 5 644 2 659 -4z m1382 3 c6 0 9 -63 8 -172 l-2 -173 -321 0 -321 0 -2 173 c-1 94 1 173 6 175 5 1 582 0 632 -3z m713 -171 c1 -98 -1 -175 -7 -178 -5 -3 -152 -4 -326 -1 l-316 5 -2 172 c-2 143 0 173 12 175 8 2 154 2 325 1 l311 -1 3 -173z m687 172 c12 -1 11 -340 -2 -350 -4 -3 -149 -4 -322 -1 l-313 5 0 169 c0 98 5 172 10 175 8 4 550 6 627 2z m715 -166 c3 -92 2 -171 -1 -176 -6 -10 -627 -14 -637 -4 -5 5 -10 343 -5 348 1 1 145 1 320 1 l318 -1 5 -168z m432 165 l268 0 -2 -172 -3 -173 -305 -5 c-168 -3 -310 -3 -317 -2 -16 5 -23 338 -8 353 6 6 29 8 54 5 24 -3 165 -6 313 -6z m-3486 -399 c127 1 236 -1 242 -5 9 -5 11 -37 6 -114 -4 -65 -2 -130 5 -166 8 -44 8 -63 0 -73 -10 -11 -71 -13 -327 -11 l-316 3 0 155 -1 155 39 41 39 41 41 -14 c31 -11 94 -14 272 -12z m-2551 -3 c6 -5 10 -56 10 -113 0 -115 13 -148 41 -110 11 15 14 44 13 117 -2 54 0 100 4 104 9 9 629 7 638 -3 10 -10 14 -336 5 -352 -5 -8 -90 -11 -282 -11 l-275 0 -51 50 c-28 28 -55 50 -59 50 -9 0 -62 -51 -91 -87 -16 -21 -21 -21 -295 -17 -153 3 -282 9 -287 14 -13 13 -7 342 6 357 7 9 39 11 116 7 59 -3 136 -1 172 4 77 11 321 4 335 -10z m1108 3 c160 1 281 -1 287 -7 10 -11 17 -335 7 -351 -5 -8 -101 -11 -325 -10 l-317 2 -3 173 c-3 195 2 217 46 201 17 -7 130 -10 305 -8z m3092 -3 c3 -13 4 -99 3 -193 l-3 -170 -305 -3 c-168 -1 -314 0 -325 2 -20 5 -20 12 -17 183 1 97 5 179 8 182 3 3 132 4 287 2 175 -1 292 1 307 8 36 14 39 13 45 -11z m698 -183 l2 -180 -305 -3 c-168 -1 -314 0 -325 2 -20 5 -20 11 -17 178 2 95 8 177 12 182 5 5 129 8 277 7 147 -1 282 3 298 7 52 16 55 5 58 -193z m407 189 l295 0 5 -175 c3 -96 4 -180 2 -187 -3 -10 -74 -12 -326 -10 l-321 3 -1 170 c0 185 6 222 34 209 9 -5 150 -9 312 -10z m699 -1 c156 -1 288 -6 292 -10 4 -4 9 -84 10 -177 1 -134 -1 -170 -12 -177 -22 -14 -616 -11 -625 3 -11 17 -4 339 8 361 7 13 14 16 26 10 9 -4 145 -9 301 -10z m-6703 -6 c3 -3 6 -86 7 -184 l2 -178 -325 0 -325 0 2 177 c1 98 4 181 6 185 6 9 625 9 633 0z m4190 0 c3 -2 6 -84 7 -181 2 -124 -1 -177 -9 -180 -17 -6 -609 -7 -626 -1 -11 5 -13 35 -10 168 1 89 5 171 7 182 4 20 12 20 315 19 171 -1 313 -4 316 -7z m-3500 -432 c39 -30 52 -31 96 -7 30 17 56 18 332 13 l299 -6 -1 -159 c0 -87 -5 -163 -10 -168 -10 -10 -625 -13 -641 -4 -5 3 -6 44 -4 90 10 145 -12 216 -47 151 -10 -18 -11 -52 -7 -129 3 -58 2 -108 -3 -111 -4 -3 -147 -5 -315 -6 -245 -1 -310 2 -320 13 -8 9 -10 38 -5 98 3 47 3 114 -1 150 -4 36 -4 69 1 73 4 5 124 8 266 8 143 -1 273 3 289 8 17 5 32 10 34 10 2 1 19 -10 37 -24z m1333 2 l84 -2 -1 -163 c0 -90 -2 -165 -4 -167 -2 -2 -146 -5 -321 -7 -257 -2 -318 0 -322 10 -6 16 -7 327 -1 333 4 4 388 1 565 -4z m2168 -2 c19 -13 20 -19 11 -53 -6 -21 -8 -86 -5 -155 4 -103 3 -118 -11 -125 -10 -4 -156 -5 -327 -2 l-310 5 4 121 c4 141 -3 187 -27 182 -9 -2 -20 -17 -23 -33 -10 -45 -9 -154 1 -205 6 -33 5 -48 -4 -58 -10 -10 -82 -13 -321 -13 -169 0 -310 3 -314 6 -3 4 -4 64 -3 133 2 72 -1 139 -7 154 -7 20 -7 29 3 37 8 7 217 11 651 11 351 0 640 2 643 5 8 8 16 6 39 -10z m709 3 c5 -7 7 -86 4 -176 l-5 -164 -319 1 c-175 0 -321 3 -324 6 -3 3 -5 78 -5 167 l0 163 314 5 c173 3 317 6 320 8 4 1 10 -4 15 -10z m704 -4 c6 -6 6 -22 0 -44 -12 -43 -12 -112 0 -165 9 -39 8 -41 -38 -83 -78 -71 -133 -81 -124 -22 4 25 -4 39 -52 91 -37 40 -54 65 -49 74 5 7 32 32 61 55 58 46 62 63 15 68 -26 3 -38 -5 -81 -54 -62 -69 -83 -69 -79 3 2 46 1 48 -25 51 -33 4 -30 18 -28 -173 l2 -140 -117 1 c-64 1 -121 6 -127 12 -14 14 -15 322 -1 330 18 11 632 7 643 -4z m702 -163 c0 -90 -3 -165 -6 -168 -10 -10 -627 -6 -638 5 -6 6 -9 44 -8 89 2 43 2 115 1 160 l-3 83 304 2 c167 2 314 1 327 -2 l24 -6 -1 -163z m637 166 l63 -2 0 -158 c0 -88 -4 -163 -8 -167 -13 -13 -613 -15 -626 -2 -14 14 -14 322 0 331 9 5 409 4 571 -2z m-6935 -165 c1 -90 -3 -166 -7 -169 -11 -7 -626 -5 -637 2 -6 4 -7 54 -4 123 4 70 2 132 -4 154 -7 25 -7 39 1 47 8 8 107 10 331 9 l319 -3 1 -163z m2816 158 c13 -8 13 -13 2 -31 -19 -30 -26 -144 -13 -214 9 -47 8 -62 -2 -72 -19 -19 -654 -24 -661 -6 -4 10 -9 260 -6 321 0 15 656 18 680 2z m2490 -210 c0 -5 15 -27 34 -47 18 -21 38 -48 45 -60 12 -23 11 -23 -63 -23 l-75 0 3 63 c2 34 4 65 5 70 2 11 51 8 51 -3z m-412 -367 l-3 -185 -319 1 c-176 1 -321 3 -323 5 -3 3 -6 313 -4 353 1 10 74 13 314 15 171 2 318 1 325 -1 10 -2 12 -45 10 -188z m647 161 l52 -35 -3 -151 c-1 -82 -5 -152 -7 -155 -4 -3 -516 -6 -629 -3 -4 0 -7 67 -7 149 0 82 -3 160 -6 173 -11 44 6 47 256 51 129 1 247 3 263 5 20 1 46 -10 81 -34z m738 26 c16 0 17 -15 17 -185 0 -116 -4 -185 -10 -185 -90 -4 -622 0 -629 4 -5 3 -9 61 -9 128 1 68 -2 141 -6 163 -6 32 -3 44 12 60 17 19 30 20 313 17 161 -1 302 -2 312 -2z m711 -10 c7 -7 10 -350 3 -357 -4 -4 -628 -5 -632 -1 -10 9 -7 360 2 366 16 10 616 3 627 -8z m-6990 -174 c-1 -142 -4 -180 -15 -185 -8 -3 -153 -4 -323 -1 l-310 5 -1 170 c0 94 1 176 3 183 3 10 74 12 325 10 l321 -3 0 -179z m697 172 c4 -43 0 -350 -4 -354 -7 -8 -617 -5 -629 2 -6 4 -9 34 -6 80 3 41 2 115 -3 166 -5 61 -4 97 3 105 15 19 638 19 639 1z m704 2 c7 -11 7 -351 1 -357 -4 -4 -638 -5 -641 -1 -3 3 -8 329 -6 356 1 16 636 18 646 2z m692 -7 c4 -10 7 -93 5 -185 l-3 -168 -304 -2 c-168 -1 -313 -2 -322 -2 -16 -1 -18 15 -21 174 -1 96 0 180 2 187 4 10 73 13 320 13 291 0 316 -1 323 -17z m712 4 c7 -9 8 -31 1 -73 -5 -32 -9 -109 -7 -169 l2 -110 -323 -5 c-177 -3 -327 -3 -332 -2 -11 4 -14 354 -3 365 3 4 151 7 328 7 255 0 325 -3 334 -13z m689 -3 c5 -9 5 -39 -1 -72 -5 -31 -6 -105 -3 -164 4 -66 3 -109 -4 -113 -5 -3 -148 -6 -317 -6 l-308 0 -5 173 c-3 95 -4 179 -2 186 3 9 76 12 318 12 275 0 314 -2 322 -16z m695 -168 c-1 -189 -5 -202 -48 -191 -11 2 -149 5 -307 5 l-287 0 -3 173 c-2 94 1 178 6 185 7 9 79 12 325 10 l316 -3 -2 -179z m-4190 -406 l-1 -175 -322 0 -322 0 0 170 c0 94 1 173 1 178 1 4 146 6 323 5 l322 -3 -1 -175z m706 171 c12 -8 12 -12 2 -25 -10 -11 -12 -54 -10 -168 l4 -153 -320 0 -320 0 0 155 c-1 86 -5 161 -9 169 -5 8 -3 17 5 22 19 12 630 11 648 0z m703 2 c2 -5 2 -86 0 -181 l-3 -172 -325 2 -325 3 0 170 c0 94 0 173 0 178 1 4 147 7 325 7 179 0 326 -3 328 -7z m680 2 c10 -4 13 -41 11 -172 -1 -91 -6 -170 -11 -175 -4 -4 -150 -7 -323 -6 l-314 3 -3 165 c-1 90 0 170 2 177 4 10 72 13 315 13 170 0 315 -2 323 -5z m714 -3 c7 -5 8 -33 1 -95 -7 -58 -7 -113 0 -165 7 -55 7 -79 -1 -84 -6 -5 -157 -7 -336 -5 l-325 2 -3 165 c-1 90 0 170 2 177 4 10 74 13 328 13 178 0 328 -4 334 -8z m695 -3 c17 -9 18 -13 7 -26 -9 -12 -13 -57 -13 -167 l0 -151 -318 0 -318 0 0 170 c0 94 0 173 0 178 1 12 619 9 642 -4z m692 -167 c2 -165 1 -173 -18 -178 -11 -2 -157 -3 -324 -2 l-304 3 2 157 c2 113 -1 158 -10 164 -9 5 -7 11 7 21 15 11 80 13 332 11 l314 -3 1 -173z m707 -2 l0 -180 -326 2 -325 3 0 170 c0 94 0 173 0 178 1 4 147 7 326 7 l325 0 0 -180z m692 0 l0 -175 -304 -3 c-166 -1 -312 0 -323 2 -19 5 -20 13 -20 173 0 100 4 171 10 175 6 5 151 7 324 5 l314 -2 -1 -175z m703 172 c6 -4 8 -69 5 -177 l-5 -170 -320 0 -319 0 -2 170 c0 94 1 173 3 178 5 9 625 9 638 -1z m701 -4 c5 -7 7 -87 4 -178 l-5 -165 -315 0 -315 0 -5 170 c-3 108 -1 173 5 177 6 4 148 8 316 8 234 0 309 -3 315 -12z"
       id="path3007" />
    <path
       d="M5323 6589 c-18 -24 -33 -49 -33 -56 0 -8 19 -31 41 -53 40 -37 43 -39 68 -25 14 8 44 30 66 50 l40 34 -40 40 c-25 25 -53 42 -75 46 -32 6 -37 3 -67 -36z"
       id="path3009" />
    <path
       d="M2185 5639 c-11 -32 10 -44 77 -44 73 0 81 -11 39 -57 -59 -64 -116 -131 -124 -144 -16 -28 5 -34 124 -34 109 0 120 2 117 18 -3 14 -16 18 -76 20 -39 2 -72 6 -72 10 0 12 67 105 109 151 42 46 53 84 25 95 -9 3 -60 6 -114 6 -91 0 -99 -2 -105 -21z"
       id="path3011" />
    <path
       d="M290 8283 c-19 -13 -39 -31 -43 -39 -12 -20 10 -44 39 -44 23 0 24 -1 18 -80 -6 -86 2 -110 37 -110 10 0 20 8 23 18 4 13 1 185 -4 275 0 14 -36 5 -70 -20z"
       id="path3013" />
    <path
       d="M446 8046 c-8 -59 1 -143 15 -152 31 -19 37 163 6 193 -13 13 -15 8 -21 -41z"
       id="path3015" />
    <path
       d="M250 7900 c-47 -37 -50 -41 -50 -60 0 -16 7 -20 30 -20 17 0 30 4 30 8 0 14 51 33 71 27 37 -12 10 -102 -37 -124 -43 -19 -95 -73 -92 -95 3 -20 10 -21 106 -24 l103 -3 -3 28 c-3 25 -7 28 -43 31 -71 5 -72 8 -6 76 77 81 79 101 11 151 -41 30 -86 32 -120 5z"
       id="path3017" />
    <path
       d="M455 7620 c-10 -17 -8 -141 3 -152 27 -27 33 13 23 145 -1 18 -16 23 -26 7z"
       id="path3019" />
    <path
       d="M253 7470 c-62 -38 -31 -90 33 -55 18 10 40 15 48 12 20 -8 21 -46 2 -53 -30 -11 -26 -35 9 -55 41 -25 43 -38 10 -69 l-24 -23 -37 32 c-20 18 -43 31 -52 29 -25 -5 -26 -40 -2 -70 44 -57 154 -42 186 26 16 33 16 36 -6 70 -18 30 -20 41 -12 65 15 42 5 67 -35 91 -43 25 -79 25 -120 0z"
       id="path3021" />
    <path
       d="M304 7073 c-6 -5 -19 -23 -28 -41 -10 -19 -33 -54 -52 -79 -19 -24 -34 -53 -34 -63 0 -23 31 -42 63 -39 43 4 56 -1 59 -23 4 -29 48 -39 48 -12 0 10 10 28 22 41 l21 23 -24 26 c-21 22 -24 36 -24 97 0 64 -2 72 -20 75 -11 1 -25 -1 -31 -5z m16 -127 c0 -26 -31 -41 -49 -23 -8 8 -6 16 6 29 23 25 43 23 43 -6z"
       id="path3023" />
    <path
       d="M454 6849 c-9 -15 -10 -167 -1 -176 4 -4 14 0 22 8 14 15 24 103 12 115 -4 4 -7 20 -7 36 0 28 -13 37 -26 17z"
       id="path3025" />
    <path
       d="M263 6668 c-12 -15 -33 -97 -33 -128 0 -21 3 -22 60 -15 65 8 90 -2 90 -36 0 -23 -26 -49 -51 -49 -11 0 -33 10 -49 22 -24 17 -32 19 -44 9 -33 -28 36 -101 95 -101 32 0 109 85 109 120 0 38 -68 100 -110 100 -39 0 -41 27 -2 35 70 15 87 22 87 35 0 20 -137 27 -152 8z"
       id="path3027" />
    <path
       d="M451 6362 c-6 -12 -10 -43 -7 -69 3 -27 5 -54 5 -60 2 -24 19 -13 30 18 15 43 14 91 -3 114 -13 18 -14 18 -25 -3z"
       id="path3029" />
    <path
       d="M279 6237 c-73 -49 -99 -136 -66 -216 14 -33 71 -81 96 -81 24 0 78 36 97 64 39 60 -17 136 -100 136 -37 0 -47 15 -24 38 15 15 54 16 63 2 7 -11 48 -14 58 -4 11 11 -13 44 -46 64 -40 25 -37 25 -78 -3z m55 -143 c20 -19 21 -68 1 -84 -21 -17 -47 -9 -64 22 -15 25 -14 29 8 52 29 30 34 31 55 10z"
       id="path3031" />
    <path
       d="M445 5929 c-9 -42 3 -121 18 -116 14 4 33 108 24 131 -10 27 -35 18 -42 -15z"
       id="path3033" />
    <path
       d="M215 5816 c-16 -12 -18 -18 -9 -33 9 -14 23 -18 63 -16 48 2 51 1 51 -22 0 -14 -13 -49 -30 -78 -37 -66 -48 -128 -26 -146 20 -17 55 -5 61 22 25 121 42 173 62 197 30 36 30 68 1 74 -72 15 -155 15 -173 2z"
       id="path3035" />
    <path
       d="M226 5409 c-28 -22 -34 -57 -14 -89 10 -16 9 -25 -6 -50 -24 -41 -15 -94 20 -117 14 -9 46 -17 71 -17 40 -1 49 3 74 34 34 40 37 70 9 95 -21 19 -27 60 -10 70 17 11 11 39 -15 68 -32 34 -89 37 -129 6z m95 -40 c15 -29 -12 -59 -38 -43 -24 15 -26 29 -8 48 22 21 32 20 46 -5z m3 -112 c11 -8 17 -23 14 -38 -6 -46 -98 -35 -98 12 0 34 51 50 84 26z"
       id="path3037" />
    <path
       d="M456 5211 c-4 -6 -3 -19 3 -28 6 -13 5 -24 -5 -38 -20 -27 -16 -125 6 -125 14 0 30 53 25 84 -3 17 -7 48 -9 69 -4 41 -11 54 -20 38z"
       id="path3039" />
    <path
       d="M265 5026 c-48 -21 -65 -44 -65 -85 0 -61 54 -102 114 -87 26 6 40 -12 30 -39 -9 -23 -42 -28 -73 -9 -56 33 -83 -7 -34 -52 21 -20 36 -24 67 -22 34 3 45 10 73 46 31 41 33 49 33 121 0 71 -2 79 -27 103 -35 32 -79 41 -118 24z m79 -52 c16 -42 3 -94 -24 -94 -25 0 -61 47 -53 68 15 43 64 59 77 26z"
       id="path3041" />
    <path
       d="M228 4619 c-21 -8 -29 -21 -43 -74 -16 -57 -16 -71 -4 -126 19 -87 26 -94 93 -93 30 1 62 6 70 13 18 15 36 87 36 145 0 114 -61 168 -152 135z m80 -61 c12 -12 17 -134 6 -162 -9 -23 -61 -21 -74 3 -17 32 -12 132 7 153 19 21 44 23 61 6z"
       id="path3043" />
    <path
       d="M30 4589 c-36 -38 -39 -66 -8 -71 22 -3 23 -6 20 -89 -2 -63 0 -89 11 -97 19 -16 60 13 52 38 -3 10 -6 62 -7 117 0 95 -9 133 -28 133 -6 0 -23 -14 -40 -31z"
       id="path3045" />
    <path
       d="M2202 3848 c-9 -9 -12 -439 -12 -1874 0 -1024 3 -1869 6 -1878 6 -15 214 -16 2259 -16 l2253 0 6 23 c11 43 6 3717 -4 3738 -10 19 -56 19 -2253 19 -1731 0 -2246 -3 -2255 -12z m4456 -48 c10 0 12 -370 10 -1832 l-3 -1833 -2210 0 -2210 0 -3 1815 c-1 998 0 1824 2 1835 5 20 12 20 2203 18 1209 -2 2204 -3 2211 -3z"
       id="path3047" />
    <path
       d="M2297 3706 c-11 -11 -13 -42 -9 -148 2 -73 7 -136 11 -140 8 -9 154 -14 168 -5 17 11 3 47 -21 52 -11 3 -39 6 -61 7 l-40 3 0 110 c-1 131 -11 158 -48 121z"
       id="path3049" />
    <path
       d="M3559 3708 c-1 -32 -8 -71 -13 -75 -3 -3 -13 2 -22 11 -25 26 -55 15 -86 -29 -37 -54 -37 -107 -1 -163 23 -35 33 -42 59 -42 21 0 34 6 39 18 6 16 7 16 16 0 6 -10 16 -18 23 -18 10 0 15 33 18 143 5 152 4 167 -18 167 -8 0 -14 -6 -15 -12z m-10 -150 c12 -21 12 -30 2 -57 -11 -24 -19 -31 -42 -31 -54 0 -75 72 -34 114 20 20 55 7 74 -26z"
       id="path3051" />
    <path
       d="M2568 3653 c-22 -6 -68 -85 -68 -117 0 -97 111 -165 167 -103 16 17 21 36 21 91 2 113 -34 152 -120 129z m82 -78 c0 -26 -60 -34 -80 -10 -10 12 -8 16 10 23 30 11 70 3 70 -13z m4 -65 c19 -19 -3 -40 -44 -40 -36 0 -40 3 -40 24 0 13 6 27 13 30 15 6 59 -2 71 -14z"
       id="path3053" />
    <path
       d="M2788 3643 c-56 -64 -60 -137 -12 -197 31 -39 79 -50 90 -21 8 19 24 20 24 1 0 -16 -37 -46 -57 -46 -6 0 -19 7 -27 16 -18 17 -57 15 -64 -4 -6 -18 56 -72 84 -72 26 0 71 25 91 50 16 20 18 266 2 276 -6 3 -15 1 -20 -7 -6 -11 -11 -10 -27 4 -24 22 -65 22 -84 0z m96 -79 c17 -25 18 -28 2 -60 -28 -59 -96 -41 -96 26 0 61 59 82 94 34z"
       id="path3055" />
    <path
       d="M3035 3651 c-33 -14 -50 -58 -50 -128 0 -58 2 -65 30 -88 50 -41 125 -25 125 28 0 20 -16 31 -25 17 -10 -16 -75 -12 -81 5 -12 31 16 46 73 39 44 -5 54 -4 59 10 6 16 -12 60 -41 99 -15 20 -62 30 -90 18z m75 -76 c0 -26 -60 -34 -80 -10 -10 12 -8 16 10 23 30 11 70 3 70 -13z"
       id="path3057" />
    <path
       d="M3250 3651 l-45 -6 -3 -117 -3 -118 30 0 30 0 3 88 3 87 30 0 30 0 5 -85 c5 -79 7 -85 28 -88 21 -3 22 -1 22 90 0 71 -4 99 -17 118 -29 43 -28 42 -113 31z"
       id="path3059" />
    <path
       d="M3678 3653 c-22 -6 -52 -53 -41 -64 5 -5 23 -5 42 1 22 6 40 6 52 -1 24 -13 24 -21 -1 -37 -19 -11 -19 -14 -5 -28 8 -9 15 -24 15 -35 0 -15 -7 -19 -31 -19 -30 0 -31 2 -25 30 4 23 2 30 -10 30 -54 0 -73 -59 -31 -98 25 -24 76 -29 95 -10 9 9 15 9 24 0 7 -7 20 -12 30 -12 17 0 18 7 12 98 -10 138 -36 169 -126 145z"
       id="path3061" />
    <path
       d="M2445 2804 c-8 -9 -22 -29 -30 -45 -21 -39 -40 -37 -62 9 -24 49 -63 58 -63 14 0 -16 7 -35 16 -43 25 -20 46 -68 39 -89 -3 -11 -22 -38 -41 -61 -40 -48 -41 -73 -1 -77 24 -3 29 2 47 42 10 25 26 46 34 46 8 0 26 -20 40 -44 26 -45 60 -63 83 -44 11 8 9 17 -9 47 -12 20 -27 41 -34 46 -15 13 -44 57 -44 67 0 4 16 23 35 42 24 24 35 44 35 65 0 34 -23 47 -45 25z"
       id="path3063" />
    <path
       d="M2907 2803 c-4 -3 -7 -17 -7 -29 0 -25 27 -39 54 -28 9 3 23 1 31 -6 12 -10 13 -32 8 -119 -6 -107 -6 -108 18 -114 44 -12 52 8 46 112 -7 112 0 131 48 131 25 0 35 5 40 20 3 11 3 24 0 30 -7 11 -227 14 -238 3z"
       id="path3065" />
    <path
       d="M3558 2756 c-20 -42 -20 -47 -6 -63 12 -14 15 -31 11 -70 -9 -88 24 -136 80 -117 12 5 38 8 57 9 l35 0 0 72 c0 61 3 75 24 97 34 37 22 60 -27 51 -20 -4 -40 -9 -44 -11 -5 -3 -8 -45 -8 -94 0 -49 -4 -91 -8 -94 -4 -2 -17 3 -29 12 -15 13 -22 32 -26 75 -5 49 -3 58 14 67 23 13 25 33 5 50 -8 6 -16 21 -18 33 -6 41 -36 32 -60 -17z"
       id="path3067" />
    <path
       d="M3373 2735 c-18 -8 -33 -19 -33 -25 0 -23 -31 -21 -61 4 -36 31 -63 33 -105 7 -58 -35 -70 -137 -23 -187 31 -33 103 -34 136 -2 l23 21 25 -23 c21 -19 34 -22 92 -21 37 1 70 5 73 9 3 4 4 43 2 88 -3 65 -8 86 -25 107 -28 33 -63 41 -104 22z m-120 -51 c12 -12 -6 -34 -28 -34 -24 0 -49 22 -38 33 8 9 58 9 66 1z m192 -4 c7 -12 -39 -60 -58 -60 -21 0 -77 -30 -77 -41 0 -6 -8 -8 -18 -5 -10 4 -27 -1 -38 -9 -26 -20 -47 -19 -61 4 -16 26 -8 31 54 31 52 0 54 1 69 35 9 23 21 35 34 35 10 0 22 5 25 10 8 13 62 13 70 0z m-11 -89 c11 -18 -6 -41 -30 -41 -19 0 -24 5 -24 25 0 20 5 25 24 25 14 0 27 -4 30 -9z"
       id="path3069" />
    <path
       d="M3860 2734 c-59 -37 -77 -124 -40 -187 23 -39 64 -53 114 -39 92 25 99 183 10 226 -42 20 -52 20 -84 0z m67 -66 c28 -26 29 -58 4 -89 -16 -21 -22 -22 -45 -11 -22 10 -26 18 -26 51 0 35 19 71 38 71 3 0 16 -10 29 -22z"
       id="path3071" />
    <path
       d="M2643 2624 c-13 -33 11 -49 73 -49 l59 0 3 33 3 32 -66 0 c-52 0 -67 -4 -72 -16z"
       id="path3073" />
    <path
       d="M2449 2350 c-36 -30 -43 -36 -61 -59 -30 -36 -48 -27 -48 25 0 43 -1 45 -26 42 l-27 -3 0 -133 c1 -134 7 -160 37 -149 10 4 16 23 18 64 3 51 6 58 25 61 14 2 26 -4 34 -20 28 -52 84 -118 101 -118 33 0 22 53 -22 109 -22 28 -45 51 -50 51 -27 0 -4 40 45 79 43 35 53 47 44 57 -16 20 -42 17 -70 -6z"
       id="path3075" />
    <path
       d="M2985 2360 c-29 -12 -65 -48 -65 -66 0 -9 15 -31 33 -49 26 -26 45 -35 86 -41 61 -8 86 -26 71 -54 -21 -40 -90 -32 -142 17 -29 28 -48 24 -48 -10 0 -36 26 -64 76 -81 59 -20 113 -7 150 37 48 57 23 99 -85 140 -71 26 -80 36 -55 62 22 21 82 12 102 -16 7 -10 24 -19 38 -19 37 0 30 33 -14 64 -39 27 -104 34 -147 16z"
       id="path3077" />
    <path
       d="M4103 2363 c-20 -7 -15 -23 10 -32 29 -11 47 -3 47 20 0 19 -27 25 -57 12z"
       id="path3079" />
    <path
       d="M3200 2216 c0 -124 2 -145 16 -150 33 -13 45 13 42 90 -2 57 1 77 13 90 13 13 21 14 38 5 18 -10 21 -21 21 -86 0 -54 4 -78 16 -89 27 -27 34 -8 34 87 0 85 -2 94 -26 120 -21 23 -31 27 -60 21 -33 -6 -34 -5 -34 25 0 28 -3 31 -30 31 l-30 0 0 -144z"
       id="path3081" />
    <path
       d="M3458 2298 c-54 -44 -64 -124 -23 -188 28 -44 62 -58 96 -39 46 24 58 50 59 121 0 62 -2 68 -31 92 -33 28 -76 34 -101 14z m69 -57 c35 -29 38 -64 11 -96 -18 -20 -30 -26 -44 -21 -45 14 -55 83 -18 120 19 20 24 20 51 -3z"
       id="path3083" />
    <path
       d="M3678 2303 l-38 -4 0 -98 c0 -54 -3 -118 -6 -143 -5 -34 -2 -48 11 -61 24 -24 35 -12 35 38 0 46 14 65 33 46 23 -23 56 -12 87 31 35 48 40 103 13 146 -32 52 -40 55 -135 45z m91 -74 c9 -17 12 -37 7 -62 -6 -32 -11 -37 -33 -37 -60 0 -82 62 -38 106 29 29 44 28 64 -7z"
       id="path3085" />
    <path
       d="M3910 2301 l-35 -6 2 -69 c2 -37 -2 -98 -7 -134 -10 -71 0 -105 28 -100 11 2 19 16 22 43 5 39 6 40 42 37 29 -3 43 2 62 21 47 47 43 167 -7 202 -22 15 -46 17 -107 6z m110 -102 c0 -45 -17 -69 -48 -69 -38 0 -52 17 -52 61 0 52 30 75 71 53 22 -11 29 -22 29 -45z"
       id="path3087" />
    <path
       d="M4211 2301 c-10 -6 -14 -35 -14 -108 0 -104 4 -123 29 -123 22 0 32 38 27 100 -4 47 -2 58 17 75 16 15 25 17 38 9 13 -9 18 -29 20 -90 3 -84 15 -112 38 -93 10 8 14 37 14 100 0 81 -2 90 -25 114 -26 25 -69 33 -80 15 -4 -7 -12 -7 -25 0 -22 12 -21 12 -39 1z"
       id="path3089" />
    <path
       d="M4450 2285 c-18 -19 -22 -36 -23 -84 0 -70 16 -109 50 -117 35 -9 28 -24 -12 -24 -31 0 -35 -3 -35 -25 0 -30 31 -45 88 -45 42 0 51 5 74 41 12 20 17 55 19 142 1 64 0 120 -4 123 -4 4 -35 8 -70 10 -57 3 -67 1 -87 -21z m100 -54 c36 -68 -20 -141 -72 -94 -24 22 -25 88 0 102 27 16 60 13 72 -8z m0 -160 c0 -11 -26 -22 -34 -14 -12 12 -5 23 14 23 11 0 20 -4 20 -9z"
       id="path3091" />
    <path
       d="M4102 2188 l3 -113 25 0 25 0 3 113 3 112 -31 0 -31 0 3 -112z"
       id="path3093" />
    <path
       d="M2651 2211 c-12 -8 -13 -14 -3 -35 10 -23 18 -26 59 -26 27 0 53 4 59 8 17 12 23 39 11 51 -13 13 -106 15 -126 2z"
       id="path3095" />
    <path
       d="M2296 1917 c-20 -29 -14 -266 6 -278 23 -15 164 -11 177 5 18 21 -7 34 -74 38 l-60 3 -1 105 c-1 58 -2 112 -3 121 -2 27 -29 31 -45 6z"
       id="path3097" />
    <path
       d="M2954 1921 c-43 -26 -81 -78 -89 -121 -9 -47 14 -99 64 -149 23 -22 30 -23 94 -18 52 5 77 2 100 -9 38 -20 56 -5 33 27 -22 31 -20 66 3 79 28 14 28 14 34 -32 3 -23 14 -48 23 -55 20 -15 118 -13 134 3 15 15 15 205 -1 215 -28 17 -42 -12 -35 -76 9 -86 -26 -132 -68 -89 -12 11 -16 36 -16 90 0 58 -3 74 -14 74 -8 0 -18 -4 -21 -10 -12 -19 -40 -10 -57 19 -19 34 -84 71 -125 71 -15 0 -42 -9 -59 -19z m122 -70 c25 -15 34 -29 39 -61 8 -47 -5 -70 -41 -70 -13 0 -28 -9 -34 -20 -15 -28 -47 -25 -81 9 -23 24 -29 38 -29 74 0 77 74 112 146 68z"
       id="path3099" />
    <path
       d="M3777 1933 c-2 -4 -7 -25 -11 -45 -8 -42 -9 -43 -38 -27 -31 17 -72 -5 -91 -50 -22 -50 -21 -83 3 -131 22 -44 38 -50 115 -47 l50 2 3 141 c2 113 0 143 -12 153 -8 7 -16 8 -19 4z m-23 -135 c31 -44 12 -118 -29 -118 -51 0 -73 76 -35 118 26 28 45 28 64 0z"
       id="path3101" />
    <path
       d="M4342 1928 c-8 -8 -12 -57 -12 -150 0 -115 3 -140 15 -144 26 -11 47 16 41 51 -8 39 12 60 49 51 38 -10 103 28 121 69 18 43 3 90 -35 109 -38 19 -164 29 -179 14z m146 -64 c45 -31 18 -74 -47 -74 -47 0 -61 10 -61 41 0 46 62 66 108 33z"
       id="path3103" />
    <path
       d="M4837 1927 c-14 -10 -15 -30 -10 -150 6 -133 7 -138 27 -135 20 3 21 9 23 140 2 144 -5 171 -40 145z"
       id="path3105" />
    <path
       d="M4914 1925 c-4 -9 -2 -27 4 -39 6 -14 7 -28 1 -37 -5 -8 -9 -58 -9 -111 l0 -98 30 0 30 0 0 98 c0 53 -4 104 -10 112 -5 9 -5 19 1 27 6 6 9 22 7 35 -4 28 -45 38 -54 13z"
       id="path3107" />
    <path
       d="M6139 1898 c-4 -180 -6 -219 -13 -225 -4 -4 -15 -2 -24 3 -12 8 -18 28 -20 72 -2 52 0 63 17 74 19 12 19 12 0 36 -10 14 -19 33 -19 43 0 44 -44 32 -60 -16 l-11 -33 -55 5 c-29 3 -54 2 -55 -3 -7 -54 -5 -215 2 -220 5 -3 18 -2 29 1 18 6 20 14 18 78 -2 83 12 120 45 115 20 -3 22 -10 27 -86 4 -67 9 -86 24 -98 21 -15 110 -14 125 2 6 5 7 55 3 117 -4 59 -4 114 0 121 10 18 -2 56 -18 56 -10 0 -14 -13 -15 -42z"
       id="path3109" />
    <path
       d="M6596 1903 c-3 -3 -6 -17 -6 -30 0 -27 0 -27 -50 -12 -30 9 -43 8 -67 -5 -31 -16 -49 -51 -31 -62 5 -3 24 2 43 11 35 19 65 15 65 -9 0 -22 -28 -46 -54 -46 -29 0 -76 -36 -76 -58 0 -9 7 -26 16 -37 13 -17 25 -20 84 -17 65 2 69 1 72 -20 2 -13 8 -22 13 -20 12 2 17 300 5 307 -4 2 -10 2 -14 -2z m-57 -182 c10 -7 11 -13 2 -30 -20 -37 -59 -22 -46 19 7 21 22 25 44 11z"
       id="path3111" />
    <path
       d="M3436 1847 c-14 -14 -26 -33 -26 -42 0 -20 49 -20 56 0 7 18 51 20 57 3 8 -25 -6 -48 -32 -54 -67 -14 -81 -25 -81 -60 0 -50 28 -64 114 -57 l68 6 -6 36 c-3 20 -6 59 -6 87 0 66 -21 93 -77 101 -35 5 -45 2 -67 -20z m82 -144 c-3 -28 -32 -44 -48 -26 -14 14 8 53 30 53 17 0 21 -5 18 -27z"
       id="path3113" />
    <path
       d="M3892 1854 c-20 -14 -22 -23 -22 -115 0 -99 0 -99 25 -99 24 0 25 2 25 75 0 75 2 79 45 110 20 15 20 15 1 30 -25 19 -46 19 -74 -1z"
       id="path3115" />
    <path
       d="M4029 1855 c-28 -15 -43 -41 -33 -56 8 -14 34 -11 50 6 20 19 53 19 60 0 8 -21 -12 -42 -46 -50 -38 -8 -80 -42 -80 -64 0 -10 10 -27 23 -39 21 -20 30 -21 101 -15 l78 6 -6 45 c-3 25 -6 64 -6 87 0 26 -7 51 -18 65 -22 27 -87 36 -123 15z m69 -150 c4 -20 -15 -36 -35 -28 -16 6 -17 25 -1 41 16 16 32 10 36 -13z"
       id="path3117" />
    <path
       d="M4647 1850 c-15 -12 -36 -41 -47 -66 l-20 -44 24 -49 c16 -30 34 -51 48 -55 43 -11 86 -6 109 13 21 17 24 27 24 95 0 63 -3 79 -21 96 -31 32 -83 36 -117 10z m80 -62 c28 -27 29 -48 2 -82 -25 -32 -43 -33 -63 -4 -19 27 -20 61 -4 88 16 26 36 25 65 -2z"
       id="path3119" />
    <path
       d="M5061 1857 c-51 -27 -65 -163 -20 -208 25 -25 92 -26 117 -1 14 14 19 36 20 95 2 70 0 80 -22 102 -28 27 -58 31 -95 12z m66 -52 c7 -19 5 -22 -28 -30 -19 -5 -28 -2 -33 10 -3 9 -4 21 0 26 9 15 54 10 61 -6z m13 -85 c13 -9 12 -12 -4 -25 -11 -8 -30 -15 -42 -15 -22 0 -39 24 -28 41 7 12 55 11 74 -1z"
       id="path3121" />
    <path
       d="M5290 1863 c-32 -12 -50 -37 -50 -68 0 -39 23 -61 73 -70 30 -6 37 -11 37 -31 0 -30 -21 -31 -60 -2 -23 17 -33 19 -42 10 -9 -9 -8 -17 2 -37 16 -31 40 -39 91 -30 30 5 43 14 55 37 14 27 14 32 -1 54 -9 14 -28 30 -43 35 -34 13 -63 39 -56 50 9 15 46 10 59 -8 14 -18 45 -12 45 10 0 37 -67 68 -110 50z"
       id="path3123" />
    <path
       d="M5503 1862 c-28 -2 -46 -9 -50 -20 -5 -9 -8 -78 -8 -152 l0 -135 25 0 c22 0 26 5 30 40 5 40 5 40 55 45 47 5 51 7 70 48 11 23 23 42 28 42 4 0 16 -20 26 -44 21 -47 35 -56 86 -56 54 0 78 27 83 96 8 110 -33 158 -119 139 -24 -5 -35 -16 -49 -51 -11 -24 -24 -44 -29 -44 -5 0 -15 15 -21 34 -17 53 -44 65 -127 58z m79 -71 c24 -21 23 -60 -4 -88 -29 -31 -54 -29 -73 7 -21 40 -19 53 10 84 25 27 32 27 67 -3z m218 -2 c15 -27 12 -70 -7 -91 -21 -23 -34 -23 -61 2 -31 29 -29 73 4 99 28 22 49 19 64 -10z"
       id="path3125" />
    <path
       d="M6351 1861 c-7 -5 -19 -33 -25 -62 -10 -42 -17 -54 -32 -54 -15 0 -21 11 -29 55 -9 49 -13 55 -35 55 -36 0 -36 -25 -1 -100 17 -36 31 -76 31 -90 0 -14 6 -28 14 -31 26 -10 51 14 65 63 8 26 22 59 31 73 26 38 33 69 20 85 -14 17 -20 18 -39 6z"
       id="path3127" />
    <path
       d="M2596 1757 c-10 -7 -17 -22 -14 -33 3 -16 13 -19 70 -22 60 -3 67 -1 73 18 4 12 1 27 -5 35 -16 19 -100 20 -124 2z"
       id="path3129" />
    <path
       d="M2288 1463 c-10 -2 -18 -8 -18 -13 0 -20 33 -31 84 -29 31 1 59 0 62 -4 4 -4 -11 -27 -32 -53 -37 -43 -54 -66 -97 -127 -20 -28 -16 -61 8 -71 8 -3 56 -6 106 -7 96 -2 111 5 101 43 -4 17 -13 19 -66 18 -83 -2 -86 -2 -86 13 0 7 27 42 61 77 34 36 68 80 76 98 22 53 7 62 -96 61 -47 -1 -94 -3 -103 -6z"
       id="path3131" />
    <path
       d="M3014 1460 c-21 -8 -22 -14 -20 -145 1 -109 4 -138 16 -145 8 -6 60 -9 115 -8 99 3 100 3 100 28 0 24 -2 25 -82 28 l-83 3 0 39 c0 44 -3 43 88 40 40 -1 53 2 58 15 11 26 -16 37 -79 31 -54 -5 -58 -4 -67 19 -5 14 -7 32 -4 40 7 17 15 18 97 15 60 -2 90 11 80 36 -4 11 -27 14 -102 13 -53 0 -106 -4 -117 -9z"
       id="path3133" />
    <path
       d="M4053 1464 c-20 -9 -15 -31 8 -37 29 -8 51 2 47 22 -3 16 -33 24 -55 15z"
       id="path3135" />
    <path
       d="M5045 1461 c-19 -8 -21 -17 -20 -146 0 -116 3 -139 16 -148 33 -20 49 -1 49 57 0 80 3 84 60 78 58 -5 89 11 68 35 -8 10 -28 14 -67 11 l-56 -3 -3 38 c-2 25 1 37 10 38 7 0 42 1 78 2 58 2 65 4 65 22 0 18 -7 20 -90 22 -49 1 -99 -2 -110 -6z"
       id="path3137" />
    <path
       d="M6314 1460 c-7 -7 -7 -36 -2 -83 5 -39 6 -96 3 -124 -4 -29 -4 -62 0 -73 7 -22 30 -27 41 -9 10 17 11 272 1 287 -11 15 -29 16 -43 2z"
       id="path3139" />
    <path
       d="M3479 1433 c-20 -53 -21 -79 -5 -92 12 -10 14 -25 9 -71 -5 -54 -4 -60 21 -85 15 -14 34 -25 44 -23 25 5 27 38 3 54 -32 23 -30 99 4 130 26 24 25 54 -1 54 -8 0 -15 6 -15 13 -1 6 -2 19 -3 27 0 8 -11 16 -23 18 -17 3 -26 -4 -34 -25z"
       id="path3141" />
    <path
       d="M3672 1431 c-6 -15 -23 -40 -38 -54 -23 -22 -25 -28 -14 -42 8 -10 17 -12 24 -6 23 19 86 17 86 -3 0 -8 -16 -16 -38 -20 -88 -14 -120 -91 -54 -129 29 -17 37 -18 58 -6 14 7 37 13 52 14 l27 0 -2 90 c-2 88 -3 91 -34 116 -33 26 -33 26 -11 38 29 15 19 31 -18 31 -22 0 -30 -6 -38 -29z m68 -172 c0 -24 -22 -49 -44 -49 -30 0 -51 23 -34 37 28 22 78 30 78 12z"
       id="path3143" />
    <path
       d="M3950 1427 c0 -41 -7 -49 -30 -35 -29 18 -68 1 -95 -42 -29 -46 -31 -79 -9 -122 28 -55 82 -86 99 -58 4 6 19 9 33 8 47 -3 52 6 52 110 0 53 2 113 3 132 2 31 -1 35 -25 38 -26 3 -28 1 -28 -31z m-12 -99 c16 -16 15 -70 -1 -92 -9 -12 -23 -17 -42 -14 -61 7 -58 118 3 118 15 0 33 -5 40 -12z"
       id="path3145" />
    <path
       d="M4608 1428 c-3 -32 -4 -33 -44 -30 -38 3 -44 0 -75 -39 -40 -51 -44 -100 -9 -146 32 -44 66 -60 91 -45 11 7 29 10 40 7 37 -12 46 9 48 117 1 57 3 117 4 133 2 26 -2 30 -25 33 -24 3 -27 -1 -30 -30z m-10 -100 c15 -15 16 -63 2 -89 -13 -24 -65 -26 -74 -3 -10 26 -7 79 6 92 7 7 21 12 33 12 12 0 26 -5 33 -12z"
       id="path3147" />
    <path
       d="M5537 1454 c-4 -4 -7 -15 -7 -24 0 -30 -34 -52 -63 -41 -37 14 -46 -2 -49 -89 -3 -73 -4 -75 -30 -78 -32 -4 -37 8 -40 108 -3 62 -4 65 -28 65 -24 0 -25 -2 -28 -80 -4 -101 0 -116 36 -137 24 -14 41 -16 88 -10 l59 7 3 75 c1 41 4 85 7 97 l5 22 26 -24 c25 -23 26 -29 21 -86 -4 -51 -2 -64 14 -80 10 -10 28 -19 39 -19 27 0 27 45 1 59 -13 8 -20 24 -23 57 -3 41 0 48 24 66 33 23 36 43 9 58 -11 5 -21 20 -23 32 -3 23 -27 35 -41 22z"
       id="path3149" />
    <path
       d="M5837 1454 c-3 -4 -3 -34 0 -69 6 -68 -9 -97 -27 -50 -15 39 -50 65 -85 62 -38 -3 -95 -74 -95 -120 0 -43 31 -91 70 -107 27 -11 36 -11 66 3 33 16 53 42 41 53 -3 3 -20 2 -39 -3 -50 -13 -80 -6 -76 20 3 22 22 30 102 40 l49 7 -7 -38 c-7 -46 16 -86 44 -77 10 3 28 1 41 -5 19 -8 33 -7 60 4 29 12 39 24 51 59 12 39 12 49 -1 90 -20 59 -50 81 -97 73 -34 -7 -34 -6 -34 29 0 32 -3 35 -28 35 -16 0 -31 -3 -35 -6z m-86 -129 c0 -5 -7 -12 -16 -13 -23 -5 -47 6 -40 19 8 13 56 8 56 -6z m237 -17 c11 -23 10 -32 -3 -58 -14 -26 -21 -31 -48 -28 -25 2 -33 9 -40 33 -5 19 -4 41 2 58 9 24 16 28 43 25 24 -2 36 -10 46 -30z"
       id="path3151" />
    <path
       d="M4210 1403 c-49 -18 -76 -80 -65 -150 11 -77 71 -112 140 -81 18 8 30 26 42 64 15 49 15 55 0 87 -10 19 -17 39 -17 45 0 10 -61 43 -77 41 -4 0 -15 -3 -23 -6z m58 -75 c13 -13 16 -66 6 -92 -7 -19 -55 -21 -72 -4 -16 16 -16 95 1 101 22 10 53 7 65 -5z"
       id="path3153" />
    <path
       d="M3297 1375 c-15 -14 -27 -34 -27 -45 0 -20 44 -60 66 -60 23 0 64 -23 64 -36 0 -28 -47 -24 -92 8 -28 20 -46 -4 -26 -34 27 -41 62 -53 109 -38 47 16 63 39 54 80 -8 36 -32 57 -69 62 -16 1 -32 9 -34 17 -4 11 5 13 42 9 57 -7 71 11 35 42 -34 28 -88 26 -122 -5z"
       id="path3155" />
    <path
       d="M4066 1387 c-24 -18 -30 -180 -6 -209 30 -38 40 -14 40 102 0 60 -4 111 -9 114 -4 3 -15 0 -25 -7z"
       id="path3157" />
    <path
       d="M4749 1387 c-39 -30 -59 -105 -43 -164 7 -25 64 -63 95 -63 20 0 68 26 81 45 25 35 -8 61 -38 30 -22 -21 -71 -19 -83 4 -15 26 -5 31 64 31 86 0 95 13 52 76 -30 43 -38 49 -73 51 -21 2 -46 -3 -55 -10z m71 -56 c0 -6 -5 -13 -10 -16 -14 -9 -52 4 -45 16 8 12 55 12 55 0z"
       id="path3159" />
    <path
       d="M6101 1373 c-28 -34 -35 -64 -28 -121 8 -76 71 -111 136 -76 97 52 59 224 -49 224 -30 0 -43 -6 -59 -27z m102 -68 c12 -42 -6 -85 -35 -85 -39 0 -53 16 -53 60 0 45 16 62 55 58 18 -2 27 -11 33 -33z"
       id="path3161" />
    <path
       d="M2760 1311 c-28 -8 -38 -35 -20 -56 16 -19 113 -20 128 -2 14 16 4 57 -13 57 -7 0 -25 2 -41 4 -16 3 -40 1 -54 -3z"
       id="path3163" />
    <path
       d="M2302 1008 c-8 -11 -18 -209 -13 -269 1 -20 31 -33 44 -20 5 5 10 31 11 58 l1 48 62 5 c84 7 109 30 106 102 -2 74 -22 88 -123 88 -50 0 -81 -4 -88 -12z m148 -56 c19 -15 21 -22 11 -40 -11 -21 -62 -37 -97 -30 -21 4 -29 28 -20 64 5 20 12 24 45 24 23 0 48 -8 61 -18z"
       id="path3165" />
    <path
       d="M2986 1005 c-37 -20 -53 -41 -66 -88 -15 -51 -3 -121 25 -151 58 -62 131 -73 185 -26 19 16 38 29 42 30 3 0 20 -14 38 -31 25 -26 36 -30 58 -24 15 4 44 7 65 6 l37 -1 -5 73 c-9 116 -14 136 -37 148 -20 11 -72 8 -116 -6 -19 -6 -24 -3 -33 23 -19 56 -126 81 -193 47z m119 -65 c11 -12 31 -20 52 -20 20 0 33 -5 33 -12 0 -7 4 -19 9 -27 7 -11 13 -10 34 4 31 20 71 16 75 -7 2 -11 -6 -18 -29 -23 -17 -4 -46 -16 -64 -26 -18 -11 -40 -17 -49 -13 -11 4 -29 -2 -46 -15 -95 -70 -201 42 -121 128 34 37 79 41 106 11z m200 -150 c0 -17 -28 -25 -53 -15 -15 6 -15 8 3 21 24 18 50 14 50 -6z"
       id="path3167" />
    <path
       d="M3908 1008 c-9 -7 -18 -24 -20 -38 -3 -23 -7 -25 -43 -22 -62 5 -80 -21 -80 -115 0 -71 1 -76 30 -99 27 -22 36 -24 85 -18 30 4 58 12 63 18 11 17 4 279 -8 283 -6 2 -18 -2 -27 -9z m-34 -114 c21 -8 31 -66 16 -94 -17 -31 -71 -25 -84 11 -12 34 -1 76 22 82 27 7 29 7 46 1z"
       id="path3169" />
    <path
       d="M4351 1006 c-8 -10 -9 -33 -1 -84 5 -39 7 -97 4 -129 -5 -48 -3 -61 10 -72 10 -9 20 -10 26 -5 7 7 14 188 11 282 -1 25 -31 31 -50 8z"
       id="path3171" />
    <path
       d="M3431 975 c-25 -43 -26 -58 -6 -75 11 -9 15 -33 15 -85 0 -58 4 -75 19 -89 25 -22 53 -17 66 12 12 28 16 28 45 -3 13 -14 32 -25 43 -25 23 0 76 30 79 45 0 5 3 21 4 35 2 14 6 37 10 52 10 41 -2 71 -35 91 -38 22 -62 22 -105 -4 -36 -21 -36 -22 -36 -90 0 -74 -11 -87 -43 -51 -24 26 -21 77 5 113 l23 30 -20 36 c-27 49 -39 50 -64 8z m204 -78 c24 -18 11 -37 -26 -37 -30 0 -38 17 -17 38 15 15 20 15 43 -1z m25 -87 c13 -9 12 -12 -4 -25 -37 -28 -86 -14 -72 20 6 17 54 20 76 5z"
       id="path3173" />
    <path
       d="M4045 953 c-33 -8 -35 -15 -40 -115 -3 -73 -1 -100 10 -114 15 -19 15 -19 30 0 10 13 14 39 13 82 -2 53 1 67 20 87 26 27 28 52 6 61 -9 3 -16 5 -17 5 -1 -1 -11 -3 -22 -6z"
       id="path3175" />
    <path
       d="M4167 932 c-35 -38 -12 -68 32 -41 22 14 74 3 68 -14 -2 -6 -25 -18 -50 -25 -79 -22 -100 -84 -45 -125 26 -20 30 -20 61 -5 22 10 39 13 48 7 26 -17 29 -9 29 90 0 92 -2 101 -22 115 -31 22 -101 21 -121 -2z m88 -142 c0 -18 -33 -26 -48 -11 -9 9 -8 14 3 21 21 14 45 8 45 -10z"
       id="path3177" />
    <path
       d="M2635 840 c-11 -36 12 -50 81 -50 l64 0 0 35 0 35 -69 0 c-61 0 -70 -2 -76 -20z"
       id="path3179" />
    <path
       d="M2469 542 c-8 -9 -26 -34 -38 -55 -28 -47 -47 -45 -76 8 -14 24 -33 42 -48 46 -38 10 -42 -16 -10 -59 50 -66 58 -86 63 -157 4 -57 8 -70 23 -73 34 -7 47 17 47 83 0 49 4 66 19 80 26 23 91 132 83 139 -11 12 -47 5 -63 -12z"
       id="path3181" />
    <path
       d="M3025 550 c-3 -5 -15 -10 -25 -10 -10 0 -32 -12 -49 -26 -30 -25 -31 -29 -31 -100 0 -121 38 -164 145 -164 38 0 51 6 85 36 l39 36 7 -29 c9 -35 23 -44 46 -32 15 8 18 24 18 109 0 103 -3 110 -47 102 -20 -4 -22 -9 -20 -51 2 -42 0 -46 -23 -49 -14 -2 -39 -19 -56 -38 -18 -19 -41 -34 -52 -34 -34 0 -92 62 -92 98 0 84 81 131 143 82 45 -35 89 -22 67 20 -21 38 -139 76 -155 50z"
       id="path3183" />
    <path
       d="M3207 553 c-13 -12 -7 -41 9 -47 19 -7 44 10 44 29 0 19 -39 32 -53 18z"
       id="path3185" />
    <path
       d="M3408 485 c-3 -3 -23 -7 -44 -8 l-39 -2 -7 -100 c-5 -77 -3 -103 7 -114 23 -24 35 -2 35 65 0 56 4 68 24 89 46 46 81 1 67 -85 -6 -40 -5 -55 6 -66 27 -27 43 1 43 76 0 84 -15 129 -47 141 -28 10 -37 11 -45 4z"
       id="path3187" />
    <path
       d="M3585 481 c-41 -17 -58 -48 -59 -109 -1 -69 23 -108 72 -118 59 -12 132 37 97 66 -11 9 -22 8 -50 -6 -34 -16 -37 -16 -55 1 -42 38 -22 57 63 59 48 1 52 3 55 27 6 52 -70 102 -123 80z m60 -50 c10 -17 -34 -34 -51 -21 -7 7 -11 16 -8 21 7 12 51 11 59 0z"
       id="path3189" />
    <path
       d="M3948 484 c-4 -3 -45 -6 -91 -5 -58 1 -87 -3 -94 -11 -6 -7 -10 -56 -9 -108 1 -91 2 -95 24 -98 21 -3 22 0 22 72 0 72 13 106 40 106 20 0 32 -45 28 -109 -3 -66 -3 -66 25 -69 l27 -3 0 79 c0 83 13 111 45 98 12 -4 15 -24 15 -91 l0 -85 30 0 30 0 0 89 c0 70 -4 93 -17 109 -19 22 -64 38 -75 26z"
       id="path3191" />
    <path
       d="M4123 475 c-22 -16 -33 -65 -14 -65 5 0 22 8 39 17 16 9 36 14 47 10 17 -7 17 -8 0 -27 -10 -11 -28 -20 -41 -20 -41 0 -72 -49 -60 -95 9 -37 36 -46 113 -37 60 7 68 10 65 27 -2 11 -6 55 -9 97 -3 43 -11 82 -18 88 -23 19 -98 23 -122 5z m90 -129 c7 -19 -27 -49 -50 -44 -27 5 -28 37 -1 47 33 14 45 13 51 -3z"
       id="path3193" />
    <path
       d="M2642 388 c-31 -31 1 -58 70 -58 56 0 88 21 72 47 -14 22 -122 31 -142 11z"
       id="path3195" />
  </g>
  <rect
     style="fill:#ff0000;fill-opacity:1;fill-rule:nonzero;stroke:none"
     id="rect12637"
     width="25.532248"
     height="26.876049"
     x="-451.59238"
     y="-112.08426"
     transform="matrix(-0.73809324,-0.67469873,0.67469873,-0.73809324,0,0)" />
  <rect
     style="fill:#ff0000;fill-opacity:1;fill-rule:nonzero;stroke:none"
     id="rect12637-3"
     width="25.532248"
     height="26.876049"
     x="-442.39017"
     y="105.26341"
     transform="matrix(-0.73809324,-0.67469873,0.67469873,-0.73809324,0,0)" />
  <rect
     style="fill:#ff0000;fill-opacity:1;fill-rule:nonzero;stroke:none"
     id="rect12637-6"
     width="25.532248"
     height="26.876049"
     x="-577.39319"
     y="62.992752"
     transform="matrix(-0.73809324,-0.67469873,0.67469873,-0.73809324,0,0)" />
  <rect
     style="fill:#ff0000;fill-opacity:1;fill-rule:nonzero;stroke:none"
     id="rect12637-7"
     width="25.532248"
     height="26.876049"
     x="-573.53528"
     y="167.79434"
     transform="matrix(-0.73809324,-0.67469873,0.67469873,-0.73809324,0,0)" />
  <rect
     style="fill:#ff0000;fill-opacity:1;fill-rule:nonzero;stroke:none"
     id="rect12637-5"
     width="25.532248"
     height="26.876049"
     x="-677.76495"
     y="264.89233"
     transform="matrix(-0.73809324,-0.67469873,0.67469873,-0.73809324,0,0)" />
  <rect
     style="fill:#ff0000;fill-opacity:1;fill-rule:nonzero;stroke:none"
     id="rect12637-35"
     width="25.532248"
     height="26.876049"
     x="-839.99652"
     y="191.98213"
     transform="matrix(-0.73809324,-0.67469873,0.67469873,-0.73809324,0,0)" />
</svg>
