<?xml version="1.0" standalone="no"?>
<!DOCTYPE svg PUBLIC "-//W3C//DTD SVG 20010904//EN"
 "http://www.w3.org/TR/2001/REC-SVG-20010904/DTD/svg10.dtd">
<svg version="1.0" xmlns="http://www.w3.org/2000/svg"
 width="900.000000pt" height="378.000000pt" viewBox="0 0 900.000000 378.000000"
 preserveAspectRatio="xMidYMid meet">
<metadata>
Created by potrace 1.10, written by Peter Selinger 2001-2011
</metadata>
<g transform="translate(0.000000,378.000000) scale(0.100000,-0.100000)"
fill="#000000" stroke="none">
<path d="M8260 3119 c-41 -21 -79 -39 -85 -39 -5 0 -21 -12 -34 -25 -25 -27
-14 -33 19 -13 17 11 25 10 47 -2 41 -23 45 -69 41 -456 -2 -266 -6 -345 -16
-357 -8 -9 -34 -19 -58 -23 -27 -4 -43 -11 -41 -18 5 -16 329 -15 334 1 3 8
-10 15 -35 19 -67 11 -66 4 -70 507 -3 335 -6 447 -15 446 -7 0 -46 -18 -87
-40z"/>
<path d="M6155 2770 c-7 -11 12 -50 25 -50 18 0 183 -166 220 -221 79 -120
137 -283 161 -454 5 -33 13 -82 18 -110 5 -27 10 -165 10 -305 1 -250 -6 -337
-41 -480 -6 -25 -14 -61 -18 -80 -35 -155 -142 -339 -255 -435 -29 -25 -55
-45 -59 -45 -14 0 -66 -44 -66 -56 0 -24 17 -23 71 3 69 34 187 124 263 199
98 98 211 282 269 439 52 140 69 240 75 428 3 135 1 187 -13 260 -69 357 -225
625 -470 809 -33 24 -67 48 -75 51 -8 4 -33 18 -55 32 -45 27 -51 29 -60 15z"/>
<path d="M4645 2749 c-16 -10 -37 -22 -45 -26 -32 -14 -128 -93 -193 -158
-138 -139 -274 -375 -308 -533 -5 -24 -11 -47 -14 -52 -14 -22 -45 -253 -45
-334 0 -121 38 -336 76 -424 8 -18 14 -40 14 -48 0 -9 6 -28 13 -42 14 -27 39
-83 51 -112 3 -8 15 -28 26 -45 11 -16 23 -37 27 -45 12 -27 126 -174 162
-211 78 -77 258 -199 294 -199 33 0 14 29 -63 93 -140 118 -233 260 -278 427
-47 177 -43 153 -72 417 -26 236 5 604 66 778 8 23 14 47 14 54 0 7 23 59 50
116 59 119 132 212 216 274 86 63 105 92 62 90 -13 0 -36 -9 -53 -20z"/>
<path d="M5663 2739 c-11 -4 -41 -38 -66 -76 -68 -102 -101 -148 -109 -151 -5
-2 -8 -8 -8 -13 0 -6 -21 -39 -47 -74 -27 -36 -68 -94 -93 -131 -25 -36 -71
-102 -102 -145 -32 -44 -58 -82 -58 -85 0 -3 -20 -32 -45 -64 -25 -32 -45 -61
-45 -64 0 -3 -26 -42 -57 -85 -32 -44 -80 -110 -106 -147 l-48 -68 3 -76 3
-75 340 -3 c217 -1 343 -6 350 -13 6 -6 12 -94 15 -217 l5 -207 95 0 95 0 5
215 5 215 102 5 c56 3 105 8 109 13 4 4 7 37 7 74 -1 87 -11 94 -119 92 -45
-1 -87 2 -93 5 -8 5 -11 158 -11 529 0 287 -4 528 -9 536 -10 15 -86 22 -118
10z m-73 -678 c0 -316 -2 -381 -14 -390 -12 -10 -281 -16 -538 -11 -26 0 -2
40 157 265 73 102 140 198 210 300 26 39 67 95 90 125 23 30 44 63 48 73 3 9
16 17 27 17 20 0 20 -5 20 -379z"/>
<path d="M825 2727 c-161 -40 -283 -167 -332 -346 -23 -81 -22 -106 2 -106 14
0 28 17 49 60 37 74 116 155 181 185 42 20 67 23 155 24 93 0 109 -3 145 -24
51 -30 117 -99 142 -147 71 -137 41 -353 -74 -543 -64 -104 -59 -97 -118 -170
-97 -120 -154 -180 -347 -373 -135 -134 -208 -215 -206 -225 3 -16 43 -17 492
-17 l489 0 24 65 c14 36 28 76 33 90 5 14 18 50 29 80 12 30 21 60 21 67 0 22
-29 14 -53 -14 -81 -98 -100 -102 -457 -103 -191 -1 -286 2 -288 9 -3 9 62 84
158 182 38 39 212 228 252 274 42 49 152 194 162 215 4 8 12 24 19 35 157 252
152 508 -15 660 -79 72 -131 100 -231 124 -56 13 -176 12 -232 -2z"/>
<path d="M7528 2582 c-349 -2 -357 -3 -363 -23 -16 -48 -8 -49 376 -49 322 0
359 2 367 16 11 20 5 51 -11 56 -7 2 -173 2 -369 0z"/>
<path d="M2146 1728 c-10 -38 -7 -76 7 -90 11 -11 129 -12 643 -8 l629 5 3 49
c2 32 -1 52 -10 57 -7 5 -295 9 -639 9 l-627 0 -6 -22z"/>
</g>
</svg>
