<?xml version="1.0" standalone="no"?>
<!DOCTYPE svg PUBLIC "-//W3C//DTD SVG 20010904//EN"
 "http://www.w3.org/TR/2001/REC-SVG-20010904/DTD/svg10.dtd">
<svg version="1.0" xmlns="http://www.w3.org/2000/svg"
 width="900.000000pt" height="1551.000000pt" viewBox="0 0 900.000000 1551.000000"
 preserveAspectRatio="xMidYMid meet">
<metadata>
Created by potrace 1.10, written by Peter Selinger 2001-2011
</metadata>
<g transform="translate(0.000000,1551.000000) scale(0.100000,-0.100000)"
fill="#000000" stroke="none">
<path d="M4029 13733 c-8 -10 -23 -36 -33 -58 -10 -22 -22 -47 -27 -55 -4 -8
-18 -35 -29 -60 -12 -25 -26 -52 -31 -60 -5 -8 -12 -22 -15 -30 -8 -19 -42
-90 -53 -110 -12 -21 -53 -102 -62 -120 -3 -8 -17 -35 -30 -60 -12 -25 -26
-52 -30 -60 -3 -8 -17 -35 -30 -60 -12 -25 -26 -52 -30 -60 -3 -8 -17 -35 -30
-60 -12 -25 -27 -54 -32 -65 -6 -11 -14 -27 -19 -35 -4 -8 -11 -22 -14 -30 -9
-22 -44 -93 -54 -110 -5 -8 -18 -35 -30 -60 -11 -25 -25 -52 -30 -60 -5 -8
-18 -35 -30 -60 -11 -25 -25 -52 -29 -60 -10 -18 -51 -98 -62 -120 -4 -8 -18
-37 -30 -63 -24 -47 -24 -48 -5 -63 13 -9 48 -14 105 -15 47 0 113 -5 146 -10
33 -5 96 -11 140 -15 44 -3 85 -10 91 -15 6 -5 37 -13 70 -18 71 -12 138 -29
179 -46 17 -7 54 -20 84 -30 130 -43 334 -165 455 -272 138 -121 266 -280 323
-403 58 -122 74 -164 83 -210 5 -28 15 -61 22 -73 8 -15 12 -78 12 -197 0
-143 -3 -185 -18 -230 -58 -173 -92 -238 -185 -351 -93 -115 -244 -221 -381
-269 -127 -44 -294 -59 -393 -35 -141 34 -214 69 -415 197 -15 10 -34 21 -42
24 -8 4 -22 12 -30 19 -28 22 -105 40 -165 39 -79 -1 -151 -40 -200 -109 -30
-43 -35 -58 -35 -107 0 -68 22 -116 83 -179 104 -108 181 -147 367 -184 67
-14 119 -16 260 -12 201 5 329 27 438 73 18 8 39 14 47 14 7 0 27 7 44 15 17
8 45 22 62 30 17 8 37 15 44 15 8 0 33 12 57 28 69 44 80 50 131 76 27 13 63
36 80 50 18 15 70 57 117 95 47 38 108 95 135 127 60 69 139 173 148 194 4 8
16 29 27 45 34 54 101 194 133 280 65 174 97 483 66 625 -5 25 -12 65 -15 90
-3 25 -12 59 -20 77 -8 17 -14 40 -14 52 0 47 -118 276 -195 381 -56 75 -218
242 -300 309 -136 112 -426 267 -590 315 -33 10 -72 24 -87 32 -14 8 -38 14
-53 14 -14 0 -36 5 -47 11 -11 6 -44 15 -72 20 -211 35 -216 38 -177 105 12
19 21 40 21 45 0 16 191 397 205 409 8 6 218 11 600 12 l588 3 21 40 c12 22
30 60 40 85 10 25 31 72 47 105 15 33 42 92 60 130 17 39 36 78 40 87 25 51
62 48 -689 48 -654 0 -700 -1 -713 -17z"/>
<path d="M895 7573 c-54 -56 -46 -122 24 -182 l24 -21 3351 0 c3226 0 3352 1
3379 18 44 29 56 53 57 108 0 44 -4 54 -33 82 l-33 32 -3366 0 -3367 0 -36
-37z"/>
<path d="M2675 5359 c-86 -7 -106 -10 -175 -29 -25 -6 -67 -17 -95 -24 -72
-17 -196 -82 -284 -148 -94 -71 -246 -236 -274 -298 -4 -8 -18 -33 -30 -55
-52 -92 -87 -167 -87 -188 0 -7 -14 -45 -30 -86 -17 -40 -30 -87 -30 -105 0
-17 -7 -53 -15 -80 -8 -27 -15 -60 -15 -73 0 -21 4 -23 58 -23 63 0 57 -7 108
120 10 25 23 52 28 60 6 8 20 32 30 52 41 80 176 222 271 283 84 55 212 115
244 115 10 0 35 7 56 16 54 22 274 22 347 -1 99 -31 193 -71 216 -92 7 -7 18
-13 24 -13 21 0 162 -138 219 -215 42 -56 58 -85 93 -167 66 -156 91 -371 61
-528 -21 -111 -43 -197 -61 -238 -8 -18 -14 -41 -14 -51 0 -34 -170 -391 -197
-413 -7 -6 -13 -15 -13 -20 0 -6 -12 -27 -27 -47 -16 -20 -37 -52 -47 -71 -25
-45 -136 -193 -153 -203 -7 -4 -13 -13 -13 -20 0 -7 -22 -37 -48 -68 -26 -31
-72 -87 -102 -124 -30 -37 -67 -80 -81 -94 -15 -15 -51 -56 -80 -91 -107 -130
-667 -686 -986 -980 -49 -45 -53 -52 -53 -94 0 -41 3 -48 26 -56 16 -6 449
-10 1165 -10 1126 0 1139 0 1159 20 11 11 20 27 20 36 0 9 6 30 14 47 8 18 28
73 46 122 17 50 38 103 46 118 8 16 14 36 14 46 0 9 6 25 14 36 7 11 16 31 19
45 3 14 15 50 27 80 12 30 24 66 28 80 3 14 11 34 18 45 7 11 15 36 16 55 3
34 2 35 -38 38 -38 3 -43 0 -90 -54 -67 -78 -161 -164 -178 -164 -4 0 -23 -11
-44 -24 -21 -13 -76 -34 -122 -47 -84 -22 -91 -23 -770 -26 -417 -2 -691 0
-699 6 -11 7 40 65 224 255 131 135 243 253 248 263 6 9 42 49 81 89 65 65
138 144 302 323 190 208 405 483 499 636 27 44 54 87 61 95 13 16 86 152 136
255 16 33 36 73 44 88 8 16 14 36 14 46 0 9 5 22 11 28 6 6 15 26 19 44 5 19
21 77 36 129 25 88 27 109 28 296 0 163 -3 209 -16 240 -9 22 -24 66 -34 99
-11 33 -29 78 -41 100 -12 22 -32 60 -45 84 -32 62 -175 220 -250 277 -35 27
-65 52 -68 56 -16 22 -252 138 -281 138 -11 0 -30 5 -42 12 -25 13 -87 29
-132 33 -16 1 -41 5 -55 8 -41 10 -170 12 -255 6z"/>
<path d="M5835 5359 c-77 -7 -177 -34 -246 -66 -24 -11 -51 -23 -59 -27 -8 -3
-28 -15 -45 -26 -16 -11 -39 -24 -50 -30 -41 -22 -62 -36 -77 -50 -8 -8 -32
-28 -53 -45 -99 -78 -240 -234 -293 -324 -18 -31 -46 -74 -61 -96 -15 -22 -38
-62 -50 -90 -13 -27 -40 -87 -62 -132 -22 -45 -42 -96 -45 -115 -4 -18 -10
-38 -15 -43 -4 -6 -17 -42 -29 -80 -52 -170 -77 -275 -86 -355 -4 -36 -10 -69
-14 -75 -19 -24 -41 -518 -31 -685 17 -279 22 -333 31 -350 5 -9 14 -55 20
-102 5 -47 19 -119 30 -159 12 -41 25 -90 29 -109 5 -19 14 -48 20 -65 6 -16
19 -57 30 -90 33 -100 70 -193 90 -225 5 -8 19 -35 31 -60 12 -25 29 -57 38
-71 9 -15 32 -53 51 -85 45 -76 174 -236 242 -299 57 -53 161 -135 172 -135 4
0 26 -14 49 -30 22 -17 49 -30 59 -30 10 0 20 -4 23 -9 8 -12 99 -41 171 -54
123 -22 319 -11 415 23 113 41 174 68 225 101 17 10 37 22 45 26 26 12 72 46
141 103 37 30 78 64 93 74 14 10 26 23 26 29 0 5 27 40 60 77 33 37 60 71 60
75 0 3 11 21 25 39 32 43 58 90 144 263 39 79 71 149 71 156 0 8 12 45 26 83
14 38 28 83 31 99 2 17 8 39 13 50 25 56 70 330 91 550 24 243 14 616 -22 835
-6 36 -15 90 -19 120 -8 54 -19 99 -46 192 -8 26 -14 57 -14 70 0 13 -7 32
-15 42 -8 11 -15 28 -15 38 0 9 -6 32 -14 50 -8 18 -24 58 -36 88 -26 64 -100
215 -137 280 -83 144 -284 373 -413 469 -81 61 -228 138 -282 147 -18 3 -51
12 -73 19 -50 17 -159 23 -250 14z m183 -207 c28 -5 57 -13 64 -20 7 -7 19
-12 29 -12 22 0 140 -110 192 -179 23 -31 56 -85 74 -121 50 -104 123 -322
123 -369 0 -12 5 -32 12 -44 7 -12 15 -47 19 -77 4 -30 10 -66 13 -80 15 -65
36 -252 47 -420 13 -207 7 -886 -11 -1105 -14 -185 -46 -428 -68 -525 -6 -25
-18 -81 -27 -125 -9 -44 -23 -95 -31 -113 -8 -18 -14 -39 -14 -47 0 -19 -54
-134 -97 -205 -61 -103 -158 -187 -288 -250 -67 -33 -75 -35 -181 -34 -88 0
-117 3 -137 17 -15 9 -31 17 -37 17 -23 0 -131 92 -173 148 -60 79 -167 301
-167 347 0 13 -6 36 -14 52 -20 39 -38 100 -47 153 -5 25 -18 88 -29 140 -12
52 -25 129 -30 170 -4 41 -13 109 -19 150 -12 76 -32 436 -33 565 0 147 21
575 33 651 6 43 15 126 19 184 9 133 48 376 72 445 5 17 13 44 18 60 20 73 78
223 101 265 5 8 14 26 19 39 20 46 95 146 152 203 65 64 167 118 226 119 20 0
46 4 57 9 11 5 34 7 50 4 17 -3 54 -8 83 -12z"/>
</g>
</svg>
