<?xml version="1.0" standalone="no"?>
<!DOCTYPE svg PUBLIC "-//W3C//DTD SVG 20010904//EN"
 "http://www.w3.org/TR/2001/REC-SVG-20010904/DTD/svg10.dtd">
<svg version="1.0" xmlns="http://www.w3.org/2000/svg"
 width="870.000000pt" height="651.000000pt" viewBox="0 0 870.000000 651.000000"
 preserveAspectRatio="xMidYMid meet">
<metadata>
Created by potrace 1.10, written by Peter Selinger 2001-2011
</metadata>
<g transform="translate(0.000000,651.000000) scale(0.100000,-0.100000)"
fill="#000000" stroke="none">
<path d="M7545 6268 c-3 -13 -4 -81 -3 -153 3 -122 4 -130 23 -130 19 0 20 7
20 102 0 60 4 104 10 105 6 2 12 -8 13 -21 2 -13 17 -36 34 -51 17 -16 27 -33
24 -38 -4 -6 3 -20 15 -31 12 -11 19 -27 16 -35 -8 -21 19 -39 47 -32 25 6 25
7 28 137 3 136 -2 169 -26 169 -23 0 -27 -28 -20 -126 7 -103 -3 -125 -30 -63
-10 22 -24 43 -32 46 -8 3 -14 12 -14 20 0 8 -9 31 -20 51 -10 20 -21 45 -24
55 -8 26 -54 22 -61 -5z"/>
<path d="M92 6112 c-10 -7 -12 -611 -10 -2988 l3 -2979 3049 -3 c2123 -1 3053
1 3060 8 15 15 18 5940 4 5957 -8 10 -675 12 -3051 12 -1673 0 -3048 -3 -3055
-7z m851 -427 c0 -282 -3 -380 -11 -379 -7 1 -189 2 -404 2 l-393 2 2 372 c1
205 3 376 3 381 0 4 181 6 401 5 l402 -3 0 -380z m869 0 c0 -268 -3 -380 -11
-379 -6 1 -190 2 -408 2 l-398 2 2 372 c2 205 3 376 3 381 0 4 183 6 406 5
l406 -3 0 -380z m868 378 c0 -5 1 -162 1 -350 l1 -341 -33 -34 -34 -33 -377 3
-378 3 0 373 c0 205 3 376 7 379 9 10 813 9 813 0z m872 -370 c2 -208 1 -380
-2 -383 -3 -3 -175 -3 -382 0 l-378 5 -30 25 -30 25 0 352 0 353 410 0 409 0
3 -377z m868 -3 l0 -380 -400 -1 c-220 -1 -405 -2 -411 -3 -9 -1 -13 301 -9
752 0 9 89 12 410 12 l410 0 0 -380z m864 -3 l1 -377 -397 -2 c-219 0 -403 -1
-409 -2 -8 -1 -11 106 -10 374 0 206 1 378 1 383 0 4 183 6 406 5 l406 -3 2
-378z m864 1 l2 -378 -395 -1 c-217 -1 -400 -2 -406 -3 -9 -1 -11 102 -11 379
1 209 1 381 1 383 1 1 182 1 404 0 l402 -3 3 -377z m-5204 -838 l1 -410 -404
2 -404 3 -1 407 c0 225 2 409 6 410 5 2 186 2 404 1 l397 -2 1 -411z m869 0
l2 -410 -408 2 -409 3 -1 407 c-1 225 1 409 5 410 5 2 188 2 409 1 l400 -2 2
-411z m838 381 l31 -31 0 -377 0 -378 -411 -3 -411 -2 0 409 c0 264 4 411 10
413 5 2 177 2 380 1 l371 -2 30 -30z m903 14 c0 -8 -1 -193 -2 -410 l-2 -395
-410 0 -410 0 -2 378 -3 377 35 35 35 35 380 -2 c335 -2 380 -4 379 -18z m864
-394 l2 -411 -410 2 -411 3 0 408 c0 224 1 408 1 410 0 1 183 1 408 0 l407 -2
3 -410z m862 409 c3 0 5 -185 5 -410 l0 -410 -408 2 -408 3 0 405 c0 223 0
407 1 410 0 3 735 4 810 0z m865 -3 c7 -3 8 -134 5 -408 l-5 -404 -405 -3
-405 -2 2 412 c1 227 2 413 3 413 262 0 797 -6 805 -8z m-5200 -1209 l3 -343
-34 -36 -34 -35 -367 3 c-202 2 -369 6 -371 8 -8 8 -7 745 1 747 4 2 185 2
403 1 l396 -1 3 -344z m867 -27 c-1 -204 -1 -374 -1 -378 -1 -5 -171 -7 -378
-6 l-377 3 -29 28 -29 29 -1 346 c-1 191 1 348 6 350 4 1 187 1 408 0 l401 -1
0 -371z m869 0 c0 -204 0 -374 -1 -378 0 -6 -540 -8 -812 -3 -8 0 -11 743 -4
751 2 2 187 3 411 2 l407 -2 -1 -370z m870 2 c-1 -202 -1 -372 -1 -378 0 -7
-141 -9 -407 -8 l-408 2 -5 373 c-3 205 -4 375 -3 378 0 3 186 4 413 3 l411
-1 0 -369z m867 41 l2 -328 -24 -25 c-14 -14 -29 -36 -33 -49 l-9 -23 -377 -2
c-207 -1 -377 1 -377 6 -1 9 -1 746 0 750 0 1 183 1 407 0 l408 -1 3 -328z
m862 326 c6 0 4 -739 -2 -745 -3 -3 -173 -6 -379 -6 -360 -2 -374 -1 -378 17
-2 10 -16 33 -31 51 l-28 32 4 328 c2 180 4 328 4 328 31 0 807 -4 810 -5z
m865 -3 c7 -3 8 -121 5 -373 l-5 -369 -400 -5 c-220 -3 -402 -4 -404 -3 -2 1
-4 733 -2 753 1 6 790 2 806 -3z m-5231 -831 l31 -32 -1 -386 c-1 -212 -4
-390 -7 -395 -4 -7 -26 -7 -59 -1 -29 5 -208 8 -397 6 l-343 -3 0 418 c1 229
1 418 1 420 1 1 168 3 372 3 l371 1 32 -31z m898 -389 c0 -229 -3 -420 -6
-425 -3 -5 -26 -6 -58 0 -29 5 -210 8 -401 6 l-348 -3 0 389 0 389 30 31 30
31 376 -1 376 -1 1 -416z m869 0 c0 -229 -2 -420 -5 -425 -3 -5 -28 -5 -58 0
-29 5 -210 8 -403 6 l-350 -3 -3 420 -2 420 410 -1 411 -1 0 -416z m870 2 c-1
-228 -1 -416 -1 -419 0 -3 -184 -5 -410 -5 l-410 0 -2 415 c-2 228 -2 417 -1
420 0 3 186 5 413 4 l411 -1 0 -414z m856 394 c17 -19 18 -51 15 -419 l-2
-400 -348 4 c-191 2 -373 -1 -405 -6 -32 -5 -60 -5 -63 -1 -3 6 -8 790 -4 839
0 3 178 5 395 4 383 -1 395 -1 412 -21z m875 -399 l0 -419 -354 3 c-194 2
-374 -1 -401 -6 -27 -5 -50 -6 -53 -1 -3 5 -5 189 -6 408 0 293 3 403 12 418
12 18 27 19 407 17 l395 -1 0 -419z m865 413 c3 -3 5 -55 4 -114 -1 -59 -3
-245 -4 -413 l-2 -304 -345 2 c-190 2 -369 -1 -398 -6 -31 -6 -55 -5 -58 0 -4
7 -9 805 -5 838 1 7 801 4 808 -3z m-5203 -1264 l2 -373 -33 -32 -33 -32 -367
2 c-201 1 -368 4 -371 6 -3 3 -6 759 -3 799 1 4 182 6 402 5 l402 -3 1 -372z
m868 -31 l0 -403 -378 0 -378 0 -29 29 -29 29 1 374 c0 206 1 375 1 377 0 1
183 1 406 0 l405 -3 1 -403z m869 6 c0 -219 -1 -401 -1 -405 0 -6 -657 -8
-812 -3 -5 0 -8 182 -8 405 l0 405 411 -2 410 -3 0 -397z m870 -3 c-1 -220 -1
-402 -1 -405 0 -3 -184 -5 -410 -5 l-410 0 -2 400 c-2 220 -2 403 0 408 2 4
188 6 413 5 l410 -3 0 -400z m869 32 l0 -373 -27 -33 -28 -32 -382 -2 c-211
-1 -383 0 -383 3 -1 9 -1 795 0 803 0 4 185 7 410 7 l410 0 0 -373z m864 -34
c1 -263 -2 -403 -9 -403 -5 0 -176 -2 -378 -4 l-368 -4 -33 36 -34 36 4 371
c2 203 4 371 4 373 0 1 183 1 406 0 l407 -3 1 -402z m861 397 c6 -10 7 -791 1
-797 -2 -2 -184 -4 -406 -4 l-402 0 0 400 c1 221 1 403 1 406 2 10 800 5 806
-5z m-5233 -893 l33 -33 0 -342 0 -342 -404 2 -403 3 0 368 c1 202 1 369 1
372 1 3 167 5 371 5 l369 0 33 -33z m900 -342 l0 -370 -407 0 -406 0 -1 340 0
340 31 33 31 32 376 -2 376 -3 0 -370z m869 0 l0 -370 -410 -3 -411 -2 0 375
0 375 411 -2 410 -3 0 -370z m870 0 l0 -370 -411 -3 c-225 -1 -410 1 -410 5 0
21 0 729 0 736 0 4 185 6 411 5 l410 -3 0 -370z m836 343 l33 -32 0 -343 0
-343 -411 2 -410 3 0 368 c0 202 1 369 1 372 0 3 170 5 377 5 l377 0 33 -32z
m896 -346 l2 -372 -409 2 -408 3 0 338 0 338 28 34 29 34 378 -2 379 -2 1
-373z m862 3 l0 -370 -405 -3 -405 -2 2 372 c1 205 2 374 2 376 1 1 182 1 404
0 l402 -3 0 -370z m-5201 -838 l-2 -402 -402 0 -401 0 -1 400 0 400 393 5
c217 3 399 4 404 2 6 -1 10 -144 9 -405z m866 401 c1 -7 1 -191 1 -408 l0
-395 -406 0 -406 0 0 400 0 400 398 5 c219 3 401 6 406 8 4 1 7 -4 7 -10z
m871 -404 l0 -399 -408 0 -408 0 -3 402 -2 403 402 2 c222 2 407 0 411 -3 5
-3 8 -186 8 -405z m1739 1 l0 -405 -410 2 -411 3 0 397 c0 219 2 401 4 405 3
5 188 7 411 5 l406 -2 0 -405z m473 405 l392 0 -1 -402 -2 -403 -407 0 -406 0
0 398 c0 218 0 402 1 408 0 6 7 8 16 5 9 -3 192 -6 407 -6z m868 0 l389 0 -2
-402 -3 -403 -403 0 -404 0 1 400 c0 220 0 404 0 409 1 4 8 5 17 2 9 -3 191
-6 405 -6z m-2210 -400 c-1 -217 -1 -398 -1 -402 0 -5 -184 -8 -410 -8 l-410
0 -2 398 c-2 218 -2 400 0 405 2 4 188 6 413 5 l410 -3 0 -395z"/>
<path d="M2845 5678 c-2 -7 -6 -66 -8 -130 -6 -123 1 -146 38 -132 14 6 16 15
12 46 -4 33 -2 39 16 42 12 3 29 4 38 4 8 -1 30 9 47 22 45 34 45 84 -1 128
-29 28 -40 32 -85 32 -33 0 -54 -5 -57 -12z m113 -79 c4 -35 -18 -52 -52 -39
-18 6 -26 17 -26 33 0 32 9 38 45 35 24 -2 31 -8 33 -29z"/>
<path d="M656 3949 c-14 -17 -26 -42 -26 -55 0 -34 39 -70 91 -84 24 -7 50
-14 57 -16 8 -2 12 -15 10 -31 -3 -24 -8 -28 -38 -31 -29 -3 -39 2 -62 28 -20
24 -31 30 -47 25 -32 -10 -25 -40 16 -74 73 -60 176 -33 189 50 5 31 2 41 -25
68 -18 18 -40 31 -55 31 -37 0 -76 21 -76 41 0 18 19 29 49 29 19 0 61 -40 61
-58 0 -18 27 -15 34 4 11 29 6 51 -19 78 -20 22 -32 26 -79 26 -48 0 -57 -3
-80 -31z"/>
<path d="M4541 3963 c-9 -17 -5 -210 5 -260 2 -13 11 -23 19 -23 11 0 15 13
15 54 0 63 15 82 51 66 22 -10 52 -50 71 -92 8 -19 51 -34 67 -23 18 11 13 30
-19 70 -36 46 -37 49 -5 87 31 37 32 62 3 105 l-23 33 -87 0 c-72 0 -89 -3
-97 -17z m143 -39 c9 -4 16 -18 16 -34 0 -32 -14 -40 -70 -40 -42 0 -57 21
-45 60 5 15 15 20 45 20 21 0 45 -3 54 -6z"/>
<path d="M628 2208 c-22 -13 5 -43 43 -46 19 -2 37 -9 41 -15 4 -7 5 -49 1
-93 -7 -93 -1 -129 24 -138 31 -12 38 12 38 127 l0 112 37 3 c43 4 68 26 49
45 -14 14 -213 18 -233 5z"/>
<path d="M4583 2198 c-88 -64 -82 -213 10 -265 23 -14 53 -18 107 -18 l75 0 0
40 c0 22 6 53 13 70 20 45 6 102 -37 148 -32 34 -45 40 -87 44 -40 4 -55 0
-81 -19z m123 -63 c21 -22 25 -33 22 -78 -3 -48 -5 -52 -30 -55 -14 -2 -32
-10 -38 -18 -42 -50 -102 34 -81 114 17 63 82 82 127 37z"/>
<path d="M7579 5776 c-66 -62 -75 -74 -68 -93 10 -27 35 -30 43 -5 8 22 76
100 77 87 4 -40 -1 -437 -5 -444 -3 -5 -25 -5 -48 0 -53 10 -244 10 -315 0
-47 -7 -53 -5 -53 10 0 10 9 23 20 29 12 6 20 21 20 35 0 34 -42 34 -63 2 -9
-13 -32 -41 -51 -62 -33 -35 -46 -65 -28 -65 9 0 44 -32 95 -89 27 -29 46 -41
60 -39 38 5 29 32 -23 73 -27 21 -46 43 -42 47 5 5 104 7 221 6 l212 -3 0
-230 c0 -126 0 -234 0 -240 -1 -11 -48 40 -54 58 -5 15 -37 1 -37 -17 0 -7 26
-40 57 -72 l57 -59 79 78 c51 50 77 82 73 92 -5 15 -46 22 -46 8 0 -11 -80
-100 -80 -90 -1 4 -1 112 -1 240 l-1 232 208 3 c115 1 215 0 223 -3 11 -4 5
-14 -23 -36 -29 -25 -34 -34 -25 -45 6 -8 17 -14 23 -14 16 0 126 109 126 124
0 6 -23 34 -52 61 -28 28 -57 60 -65 73 -9 12 -25 22 -39 22 -20 0 -24 -5 -24
-30 0 -16 4 -30 9 -30 15 0 73 -59 67 -68 -3 -5 -38 -4 -78 1 -40 5 -135 6
-210 3 -76 -3 -138 -2 -138 2 -1 14 -1 417 0 431 0 18 30 -12 50 -49 l13 -24
19 24 c10 13 15 26 11 30 -4 4 -33 29 -63 57 l-55 51 -76 -72z"/>
<path d="M6768 5374 c-36 -43 -38 -50 -38 -113 0 -66 1 -68 43 -109 39 -38 47
-42 92 -42 45 1 55 5 98 45 46 43 47 44 47 105 0 59 -2 63 -46 110 -46 49 -48
50 -103 49 -54 0 -57 -2 -93 -45z m161 -39 c20 -22 23 -33 19 -78 -3 -37 -11
-60 -26 -75 -28 -28 -81 -29 -116 -1 -23 18 -26 28 -26 77 0 43 5 61 22 79 31
33 94 32 127 -2z"/>
<path d="M8345 5409 c-5 -6 -7 -71 -6 -143 1 -109 5 -133 18 -143 20 -16 179
-18 188 -3 3 6 3 19 0 31 -6 19 -12 20 -76 13 -55 -5 -69 -4 -71 7 0 8 -2 66
-2 129 -1 110 -2 115 -23 118 -11 2 -24 -2 -28 -9z"/>
<path d="M7563 4555 c-33 -32 -32 -100 3 -131 21 -20 36 -24 89 -24 69 0 80
-8 71 -46 -6 -22 -11 -24 -67 -24 -50 0 -64 4 -78 22 -10 12 -23 18 -29 14
-21 -12 -13 -46 16 -71 22 -20 38 -24 87 -24 80 0 115 27 115 92 0 35 -6 49
-29 71 -26 25 -35 27 -87 25 -61 -3 -84 11 -71 45 9 22 135 24 143 1 4 -8 15
-15 25 -15 27 0 25 47 -3 71 -35 29 -155 25 -185 -6z"/>
</g>
</svg>
