<?xml version="1.0" standalone="no"?>
<!DOCTYPE svg PUBLIC "-//W3C//DTD SVG 20010904//EN"
 "http://www.w3.org/TR/2001/REC-SVG-20010904/DTD/svg10.dtd">
<svg version="1.0" xmlns="http://www.w3.org/2000/svg"
 width="531.000000pt" height="282.000000pt" viewBox="0 0 531.000000 282.000000"
 preserveAspectRatio="xMidYMid meet">
<metadata>
Created by potrace 1.10, written by Peter Selinger 2001-2011
</metadata>
<g transform="translate(0.000000,282.000000) scale(0.100000,-0.100000)"
fill="#000000" stroke="none">
<path d="M3403 2277 c-265 -133 -515 -258 -555 -277 -40 -19 -80 -39 -88 -46
-8 -7 -26 -14 -40 -16 l-25 -3 -3 -616 -2 -616 423 -211 c233 -117 429 -212
435 -212 7 0 12 -4 12 -10 0 -5 5 -10 11 -10 15 0 318 -150 325 -161 4 -8 42
7 54 22 3 4 30 18 60 33 54 26 73 36 108 56 9 6 24 13 32 16 8 3 22 10 30 15
8 5 38 20 65 34 52 27 73 38 103 55 9 6 24 13 32 16 8 3 22 10 30 15 8 5 22
12 30 15 8 3 22 10 30 15 8 5 21 11 28 14 32 13 39 17 67 35 17 11 37 23 45
26 8 3 49 23 90 44 103 53 355 182 385 198 l25 13 2 580 c1 318 2 591 2 607 1
20 -4 28 -20 30 -12 2 -147 66 -299 143 -153 76 -284 139 -292 139 -7 0 -13 4
-13 9 0 5 -13 12 -30 16 -16 4 -30 10 -30 15 0 5 -13 11 -30 15 -16 4 -30 10
-30 15 0 5 -13 11 -30 15 -16 4 -30 10 -30 15 0 5 -13 11 -30 15 -16 4 -30 11
-30 16 0 5 -5 9 -12 9 -13 0 -280 132 -288 142 -4 4 -19 10 -35 12 -24 4 -126
-43 -512 -237z m640 118 c82 -41 153 -75 159 -75 5 0 16 -7 24 -15 9 -8 24
-15 35 -15 10 0 19 -4 19 -10 0 -5 12 -13 27 -16 15 -4 34 -13 41 -21 7 -7 22
-13 33 -13 10 0 19 -4 19 -10 0 -5 12 -13 27 -16 15 -4 34 -13 41 -21 7 -7 22
-13 31 -13 10 0 24 -7 31 -15 7 -8 20 -15 30 -15 10 0 23 -7 30 -15 7 -8 20
-15 30 -15 10 0 23 -7 30 -15 7 -8 20 -15 30 -15 10 0 23 -7 30 -15 7 -8 20
-15 30 -15 10 0 23 -7 30 -15 7 -8 20 -15 30 -15 10 0 23 -7 30 -15 7 -8 17
-15 23 -15 9 0 111 -45 157 -69 19 -10 26 -41 10 -41 -16 0 -743 -355 -840
-410 -8 -5 -50 -25 -93 -46 -42 -20 -80 -41 -83 -45 -3 -5 -13 -9 -23 -9 -10
0 -24 -7 -31 -15 -19 -23 -58 -18 -109 13 -25 15 -62 34 -81 44 -19 9 -240
117 -490 241 -250 124 -463 228 -473 231 -28 9 -16 29 34 52 24 12 127 62 229
112 102 49 192 92 200 96 8 3 22 10 30 15 8 5 22 12 30 15 8 3 23 10 33 16 9
5 25 15 35 20 9 6 24 13 32 16 8 3 22 10 30 15 8 5 21 11 28 14 6 3 18 7 25
10 6 3 19 9 27 14 8 5 22 12 30 15 8 3 22 10 30 15 8 5 22 12 30 15 8 3 22 10
30 15 8 5 22 12 30 15 8 3 22 10 30 15 8 5 22 12 30 15 8 3 22 10 30 15 8 5
22 12 30 15 14 6 95 52 95 55 0 1 67 -33 148 -74z m-807 -784 c264 -132 515
-256 559 -277 44 -20 83 -42 87 -48 12 -17 10 -1104 -2 -1111 -9 -6 -97 31
-110 46 -10 11 -333 169 -345 169 -8 0 -15 4 -17 8 -4 11 -86 52 -103 52 -8 0
-15 4 -15 10 0 5 -12 13 -27 16 -15 4 -34 13 -41 21 -7 7 -22 13 -33 13 -10 0
-19 4 -19 10 0 5 -12 13 -27 16 -15 4 -34 13 -41 21 -7 7 -22 13 -33 13 -10 0
-19 4 -19 10 0 5 -12 13 -27 16 -15 4 -34 13 -41 21 -7 7 -22 13 -33 13 -10 0
-19 4 -19 10 0 5 -12 13 -27 16 -15 4 -34 13 -41 21 -7 7 -22 13 -33 13 -10 0
-19 4 -19 10 0 5 -11 12 -25 16 -14 3 -30 14 -35 24 -7 12 -16 979 -10 1103 0
4 4 7 9 7 5 0 224 -108 487 -239z m1769 137 c3 -18 5 -241 3 -495 l-3 -462
-30 -31 c-16 -17 -56 -44 -90 -60 -33 -17 -100 -52 -150 -80 -49 -27 -101 -54
-115 -60 -69 -29 -210 -104 -210 -112 0 -4 -6 -8 -13 -8 -11 0 -152 -68 -222
-107 -86 -48 -170 -82 -200 -81 l-35 1 0 507 c0 570 -8 516 80 559 25 12 54
27 65 33 11 6 27 15 35 19 40 22 100 49 109 49 6 0 11 4 11 9 0 5 12 12 27 16
15 3 30 10 33 13 8 11 254 132 267 132 6 0 18 6 25 13 20 17 77 47 93 47 7 0
18 7 25 15 7 8 23 15 37 15 13 0 26 7 29 15 4 9 19 15 35 15 19 0 29 5 29 15
0 10 10 15 29 15 17 0 33 4 36 10 6 9 56 27 82 29 7 1 15 -14 18 -31z"/>
<path d="M1085 2450 c-75 -9 -162 -29 -208 -48 -16 -7 -36 -12 -45 -12 -9 0
-26 -7 -36 -15 -11 -8 -26 -15 -34 -15 -7 0 -20 -7 -28 -15 -9 -8 -24 -15 -35
-15 -10 0 -19 -4 -19 -9 0 -5 -10 -13 -22 -17 -13 -4 -39 -20 -59 -35 -20 -16
-42 -29 -47 -29 -25 0 -273 -260 -295 -310 -4 -8 -16 -28 -27 -45 -47 -74
-105 -208 -120 -281 -5 -22 -13 -51 -18 -65 -6 -13 -15 -80 -22 -149 -15 -169
7 -360 58 -495 75 -200 148 -314 299 -462 62 -62 118 -113 124 -113 6 0 28
-13 48 -28 20 -15 60 -39 89 -52 28 -14 52 -28 52 -32 0 -5 9 -8 21 -8 11 0
33 -6 47 -14 56 -29 104 -46 126 -46 13 0 43 -7 67 -16 35 -13 84 -17 249 -17
140 0 212 3 227 12 13 6 42 15 65 20 172 36 422 180 552 319 132 141 233 313
279 472 38 134 41 158 41 350 1 194 -1 213 -41 345 -29 98 -96 247 -120 267
-7 6 -13 15 -13 20 0 17 -120 167 -172 216 -69 64 -203 162 -260 190 -26 13
-50 27 -53 33 -4 5 -17 9 -29 9 -13 0 -29 7 -36 15 -7 8 -22 15 -34 15 -11 1
-32 7 -46 15 -14 8 -38 14 -53 15 -15 0 -43 7 -63 15 -42 17 -305 27 -409 15z
m313 -67 c7 -7 35 -13 61 -13 27 0 65 -7 84 -15 20 -8 48 -15 62 -15 16 0 25
-6 25 -15 0 -10 10 -15 28 -15 16 0 37 -7 48 -15 10 -8 27 -15 37 -15 10 0 20
-7 23 -15 4 -8 15 -15 25 -15 10 0 19 -4 19 -9 0 -5 12 -14 28 -19 15 -6 40
-22 56 -36 16 -14 34 -26 40 -26 6 -1 22 -14 36 -30 13 -17 29 -30 35 -30 5 0
19 -14 30 -30 11 -16 23 -30 28 -30 4 0 7 -7 7 -15 0 -8 7 -15 15 -15 8 0 15
-4 15 -10 0 -5 8 -19 17 -29 34 -37 43 -50 43 -61 0 -6 7 -13 15 -16 8 -4 15
-15 15 -25 0 -11 7 -22 15 -25 8 -4 15 -14 15 -24 0 -10 7 -23 15 -30 8 -7 15
-21 15 -31 0 -9 7 -24 15 -33 8 -8 15 -26 15 -39 0 -14 7 -30 15 -37 8 -7 15
-27 15 -44 0 -18 7 -41 15 -52 9 -12 15 -43 15 -84 0 -37 6 -77 15 -94 19 -36
21 -182 3 -188 -8 -3 -14 -33 -16 -86 -3 -54 -9 -85 -18 -93 -8 -6 -14 -26
-14 -44 0 -18 -7 -46 -15 -61 -8 -16 -15 -37 -15 -47 0 -10 -7 -20 -15 -23 -8
-4 -15 -14 -15 -24 0 -20 -27 -76 -47 -98 -7 -7 -13 -18 -13 -23 0 -13 -72
-109 -82 -109 -4 0 -8 -4 -8 -10 0 -22 -116 -140 -137 -140 -7 0 -13 -4 -13
-8 0 -12 -111 -91 -150 -107 -8 -4 -22 -10 -30 -15 -8 -5 -35 -18 -60 -30 -25
-12 -58 -28 -73 -35 -16 -8 -39 -15 -51 -15 -12 0 -30 -6 -41 -14 -11 -7 -49
-16 -85 -20 -35 -3 -69 -11 -74 -16 -14 -14 -269 -13 -283 1 -6 6 -41 14 -77
16 -37 3 -71 12 -77 19 -6 8 -26 14 -44 14 -18 0 -38 7 -45 15 -7 8 -25 15
-40 15 -16 0 -30 7 -34 15 -3 8 -16 15 -30 15 -13 0 -26 7 -30 15 -3 8 -14 15
-24 15 -11 0 -25 7 -32 15 -7 8 -17 15 -22 15 -9 0 -23 10 -59 42 -10 10 -24
18 -30 18 -13 0 -159 145 -159 158 0 5 -7 12 -15 16 -8 3 -15 12 -15 21 0 8
-7 15 -15 15 -8 0 -15 9 -15 20 0 11 -7 23 -15 26 -8 4 -15 15 -15 25 0 10 -7
19 -15 19 -8 0 -15 9 -15 20 0 11 -7 23 -15 26 -9 4 -15 19 -15 35 0 19 -5 29
-15 29 -10 0 -15 10 -15 29 0 16 -7 34 -15 41 -8 7 -15 25 -15 40 0 15 -7 33
-15 40 -10 8 -15 31 -15 70 0 39 -5 62 -15 70 -12 10 -15 43 -15 179 0 97 4
171 10 177 5 5 13 38 16 72 4 34 13 67 20 73 8 6 14 26 14 44 0 20 6 35 15 39
9 3 15 18 15 35 0 16 6 31 15 35 8 3 15 16 15 30 0 13 7 26 15 30 8 3 15 15
15 26 0 11 7 20 15 20 8 0 15 6 15 14 0 7 7 19 15 26 8 7 15 21 15 31 0 11 7
19 15 19 8 0 15 6 15 14 0 15 147 166 161 166 5 0 9 7 9 15 0 8 9 15 20 15 11
0 20 7 20 15 0 8 9 15 20 15 11 0 23 7 26 15 4 8 15 15 25 15 10 0 19 7 19 15
0 9 9 15 25 15 14 0 28 7 31 15 4 8 16 15 29 15 12 0 28 7 35 15 7 8 23 15 35
15 12 0 28 7 35 15 7 8 27 15 45 15 18 0 38 7 45 15 8 10 30 15 64 15 28 0 62
6 76 13 35 18 290 18 308 0z"/>
</g>
</svg>
