<?xml version="1.0" encoding="UTF-8" standalone="no"?>
<svg
   xmlns:dc="http://purl.org/dc/elements/1.1/"
   xmlns:cc="http://creativecommons.org/ns#"
   xmlns:rdf="http://www.w3.org/1999/02/22-rdf-syntax-ns#"
   xmlns:svg="http://www.w3.org/2000/svg"
   xmlns="http://www.w3.org/2000/svg"
   xmlns:sodipodi="http://sodipodi.sourceforge.net/DTD/sodipodi-0.dtd"
   xmlns:inkscape="http://www.inkscape.org/namespaces/inkscape"
   version="1.0"
   width="202.000000pt"
   height="199.000000pt"
   viewBox="0 0 202.000000 199.000000"
   preserveAspectRatio="xMidYMid meet"
   id="svg3029"
   inkscape:version="0.48.4 r9939"
   sodipodi:docname="13.svg">
  <defs
     id="defs3115" />
  <sodipodi:namedview
     pagecolor="#ffffff"
     bordercolor="#666666"
     borderopacity="1"
     objecttolerance="10"
     gridtolerance="10"
     guidetolerance="10"
     inkscape:pageopacity="0"
     inkscape:pageshadow="2"
     inkscape:window-width="1152"
     inkscape:window-height="788"
     id="namedview3113"
     showgrid="false"
     inkscape:zoom="1.3417262"
     inkscape:cx="12.462376"
     inkscape:cy="116.59582"
     inkscape:window-x="0"
     inkscape:window-y="24"
     inkscape:window-maximized="1"
     inkscape:current-layer="svg3029" />
  <metadata
     id="metadata3031">
Created by potrace 1.10, written by Peter Selinger 2001-2011
<rdf:RDF>
  <cc:Work
     rdf:about="">
    <dc:format>image/svg+xml</dc:format>
    <dc:type
       rdf:resource="http://purl.org/dc/dcmitype/StillImage" />
  </cc:Work>
</rdf:RDF>
</metadata>
  <g
     transform="translate(0.000000,199.000000) scale(0.050000,-0.050000)"
     fill="#000000"
     stroke="none"
     id="g3033">
    <path
       d="M1760 3845 c-16 -6 -41 -23 -56 -38 -15 -15 -47 -22 -73 -16 -25 7 -76 -1 -113 -16 -37 -16 -104 -35 -148 -43 -82 -15 -399 -162 -446 -207 -15 -14 -34 -25 -43 -25 -15 0 -165 -150 -308 -310 -370 -413 -548 -1121 -406 -1620 125 -441 196 -589 409 -855 256 -321 730 -617 984 -614 l90 1 -140 46 c-348 116 -818 430 -783 522 7 17 21 30 32 30 12 0 21 14 21 30 0 17 11 30 25 30 48 0 155 -80 155 -115 0 -70 57 -122 149 -136 74 -11 92 -23 108 -70 30 -84 107 -126 207 -113 73 10 93 3 153 -49 58 -51 79 -58 131 -46 150 36 182 26 182 -56 0 -71 3 -75 65 -75 55 0 65 7 65 46 0 84 172 142 249 83 57 -43 118 -35 182 23 44 42 76 53 145 51 107 -2 160 23 184 88 16 41 33 49 99 49 121 0 175 34 205 128 33 105 102 121 177 41 l49 -53 -90 -78 c-106 -92 -417 -252 -467 -240 -10 2 -48 -14 -85 -36 -37 -22 -72 -32 -78 -23 -6 10 -37 4 -70 -12 -33 -16 -70 -23 -83 -15 -14 8 -18 6 -10 -8 17 -27 -124 -8 -162 21 -17 14 -25 12 -25 -5 0 -20 -6 -20 -30 0 -28 23 -39 14 -32 -28 2 -9 -15 -12 -37 -6 -23 5 -41 2 -41 -8 0 -25 435 -23 450 2 7 11 35 20 63 20 28 0 79 12 114 27 35 15 121 47 193 71 366 124 749 524 956 997 l94 215 0 480 0 480 -56 86 c-30 47 -50 94 -44 104 6 9 -1 25 -15 34 -34 22 -67 85 -84 160 -7 34 -26 68 -42 74 -16 6 -29 25 -29 42 0 17 -23 66 -50 110 -28 44 -50 86 -50 95 0 8 -51 60 -113 115 -62 55 -153 142 -203 194 -90 95 -497 316 -580 316 -20 0 -54 13 -75 29 -22 17 -62 30 -90 30 -28 1 -61 11 -73 23 -38 38 -426 50 -426 13 0 -41 -35 -52 -120 -39 l-70 11 90 25 90 24 -120 0 c-66 1 -133 -4 -150 -11z m686 -88 c42 -23 42 -24 4 -37 -23 -8 -50 -3 -65 12 -50 51 -15 65 61 25z m-216 -57 c19 15 30 16 39 1 12 -19 -2 -28 -84 -52 -47 -14 -27 -54 20 -41 140 39 135 39 135 -14 0 -55 -89 -88 -135 -49 -14 11 -31 16 -37 10 -16 -17 66 -94 83 -78 8 7 10 -16 5 -52 -8 -60 -5 -65 47 -65 38 0 57 10 57 31 0 23 -12 28 -40 19 -50 -16 -53 22 -3 48 34 18 116 -38 91 -63 -4 -5 3 -9 17 -9 14 -1 34 -3 45 -6 52 -13 148 3 156 25 4 14 5 5 1 -20 -4 -24 2 -63 13 -85 11 -22 29 -58 40 -80 26 -51 25 -60 -3 -60 -35 0 -97 -62 -97 -95 0 -18 12 -25 29 -18 17 6 35 3 42 -8 18 -29 49 -23 49 11 0 17 -16 31 -35 31 -30 2 -29 4 5 19 62 27 70 23 70 -30 0 -27 -9 -50 -20 -50 -11 0 -20 -13 -20 -30 0 -34 -31 -40 -50 -10 -19 31 -56 24 -43 -9 7 -19 1 -25 -17 -18 -15 6 -30 30 -34 54 -3 24 -19 43 -36 44 -16 0 -40 7 -53 14 -13 8 -28 1 -35 -17 -17 -44 -15 -72 4 -60 9 5 27 2 42 -6 14 -9 -26 -16 -91 -17 -65 0 -129 9 -143 21 -18 14 -33 13 -50 -6 -19 -21 -17 -23 11 -14 39 14 40 11 23 -33 -6 -17 -22 -26 -35 -22 -15 6 -23 -15 -23 -61 0 -46 9 -70 27 -70 20 0 24 -15 14 -55 -12 -48 -11 -51 13 -20 14 19 44 49 66 66 36 29 36 31 3 21 -48 -16 -86 7 -50 30 21 14 22 17 1 18 -15 0 -21 9 -15 19 7 11 25 14 42 8 16 -6 24 -19 18 -29 -6 -10 4 -18 23 -18 19 0 29 6 22 13 -8 7 1 24 19 37 36 26 147 -13 147 -51 0 -11 14 -19 30 -19 17 0 30 -11 30 -23 0 -13 6 -18 14 -10 7 7 34 -6 59 -30 44 -41 46 -42 60 -5 7 21 26 53 42 72 16 18 22 45 14 58 -11 18 -20 12 -32 -19 -18 -48 -101 -59 -145 -19 -29 27 40 76 106 76 19 0 45 11 58 24 13 13 25 18 27 10 1 -8 4 -23 7 -34 3 -11 6 -25 8 -31 2 -14 62 43 62 60 0 6 -12 11 -28 11 -40 0 -56 83 -22 120 17 18 25 58 20 96 -5 38 0 60 11 53 10 -6 19 7 19 30 0 28 -13 41 -40 41 -50 0 -52 49 -4 100 23 25 44 32 63 21 15 -10 39 -13 54 -7 16 6 27 -3 27 -21 0 -20 11 -27 30 -20 17 6 35 -3 42 -21 7 -18 22 -32 33 -32 30 0 114 -103 128 -158 12 -45 14 -46 39 -12 25 34 28 34 40 1 10 -26 -18 -66 -109 -153 -132 -127 -154 -138 -170 -83 -7 24 -9 21 -7 -9 3 -29 -25 -71 -81 -124 -47 -43 -85 -75 -85 -70 0 5 -29 -19 -65 -53 -123 -117 -138 -129 -161 -130 -13 0 -22 -12 -19 -25 3 -13 -13 -24 -35 -24 -46 0 -47 6 -20 99 16 57 13 74 -18 104 -37 34 -38 32 -27 -44 6 -50 1 -90 -16 -110 -22 -27 -22 -35 1 -49 21 -13 4 -38 -71 -103 -54 -48 -125 -116 -157 -152 -94 -103 -112 -88 -112 90 1 229 39 312 98 210 13 -22 21 -25 21 -9 1 35 -49 84 -85 84 -35 0 -45 173 -12 212 13 17 13 29 -1 37 -14 9 -15 26 -2 50 11 20 16 56 11 81 -18 92 -15 658 3 734 10 40 14 42 41 15 22 -22 37 -25 56 -9z m-779 5 c-22 -5 -58 -22 -82 -37 -23 -16 -49 -22 -56 -14 -21 20 69 65 127 63 40 -1 42 -4 11 -12z m516 -10 c8 -19 15 -18 30 4 34 49 50 -64 29 -209 -11 -74 -11 -130 -1 -130 9 0 13 -7 7 -17 -6 -9 -12 -83 -15 -165 -2 -81 -14 -155 -26 -163 -12 -8 -6 -15 15 -15 35 0 35 -2 3 -34 -19 -19 -26 -37 -16 -40 10 -4 16 -99 13 -211 -3 -113 -6 -212 -6 -220 0 -35 -63 -11 -79 30 -20 49 -22 47 -29 -19 -3 -24 1 -40 10 -35 46 29 82 -19 70 -95 -7 -43 -6 -89 1 -101 33 -54 25 -195 -11 -195 -9 0 -25 21 -37 48 -12 26 -49 78 -83 116 -46 53 -55 75 -37 93 16 16 17 23 1 23 -13 0 -27 -11 -32 -25 -15 -40 -105 67 -121 143 -10 52 -5 75 25 100 37 32 37 34 0 80 -27 33 -38 38 -38 16 0 -17 11 -34 25 -39 18 -6 16 -17 -9 -42 -41 -41 -56 -42 -56 -3 0 17 -13 30 -30 30 -16 0 -35 23 -42 50 -11 46 -31 60 -75 52 -30 -6 -73 42 -73 80 0 21 -9 38 -20 38 -11 0 -20 18 -20 40 0 22 -7 39 -15 38 -49 -8 -65 8 -65 64 0 53 -6 61 -40 52 -22 -6 -40 -1 -40 9 0 43 -62 85 -82 55 -12 -20 -17 -21 -18 -3 0 14 0 29 0 35 -1 22 -131 142 -146 135 -61 -32 -70 45 -12 97 77 68 103 58 94 -37 -4 -44 4 -74 19 -80 16 -5 25 11 25 43 0 29 10 52 21 52 42 0 81 -59 75 -114 -6 -52 -1 -56 59 -50 67 7 100 -60 40 -82 -14 -5 -18 -16 -8 -26 9 -10 27 -3 42 17 14 19 31 29 38 21 7 -7 13 1 13 17 0 43 -86 84 -140 67 -31 -10 -41 -7 -31 8 7 12 30 22 50 22 20 0 41 18 47 40 7 29 0 40 -25 40 -41 0 -88 47 -67 67 7 8 -20 9 -60 4 -62 -8 -74 -3 -74 27 0 59 55 95 102 66 33 -21 38 -19 38 17 0 28 12 40 35 38 75 -8 105 2 107 36 3 33 3 33 12 0 5 -19 17 -35 26 -35 9 0 31 -5 48 -12 21 -8 34 4 43 37 10 42 22 48 75 42 44 -5 72 3 89 26 19 27 51 33 140 29 63 -3 108 2 99 10 -8 9 5 27 30 41 58 32 70 33 83 2z m568 -165 c28 -8 45 -4 45 10 0 36 157 3 201 -41 21 -21 30 -42 20 -48 -10 -6 -22 0 -28 14 -6 15 -10 11 -11 -10 -1 -19 -13 -33 -27 -30 -16 3 -24 -15 -21 -50 2 -33 -7 -55 -22 -55 -49 0 -33 180 16 182 23 0 30 6 16 12 -42 16 -124 -12 -124 -44 0 -16 -18 -38 -40 -50 -35 -19 -40 -15 -40 29 0 28 -9 51 -20 51 -11 0 -20 -18 -20 -40 0 -22 -9 -40 -21 -40 -28 0 -58 86 -38 111 9 11 8 34 -2 50 -34 54 -19 61 26 12 25 -27 65 -56 90 -63z m552 -91 c53 -59 56 -101 7 -97 -16 1 -15 5 2 12 32 12 -26 86 -67 86 -14 0 -30 14 -36 30 -20 52 38 33 94 -31z m233 -173 c33 -29 57 -106 33 -106 -21 0 -133 65 -133 77 0 14 42 63 54 63 3 0 24 -16 46 -34z m-2547 -119 c-14 -156 -47 -215 -149 -262 -71 -34 -74 -39 -80 -149 -6 -108 -11 -118 -84 -170 -82 -59 -106 -104 -78 -149 30 -47 19 -130 -22 -167 -43 -39 -53 -100 -20 -120 45 -28 15 -50 -70 -50 -50 0 -90 4 -90 9 0 178 53 369 173 625 48 101 87 189 87 196 0 7 42 69 94 137 215 282 258 300 239 100z m122 -35 c73 -93 338 -382 515 -563 449 -457 554 -585 440 -542 -14 6 -263 20 -553 33 -921 38 -892 35 -906 94 -10 37 -1 64 31 98 38 41 42 61 31 157 -11 87 -7 111 14 111 64 0 131 101 137 206 6 96 10 104 86 143 76 39 81 48 103 171 12 72 24 132 25 135 8 18 45 -2 77 -43z m2520 -51 c-12 -46 35 -121 76 -121 16 0 29 -9 29 -20 0 -11 -16 -20 -35 -20 -30 -1 -31 -3 -5 -20 19 -12 32 -12 37 1 8 24 43 25 43 0 0 -10 -19 -24 -43 -32 -55 -17 -7 -53 53 -39 22 5 28 4 14 -2 -20 -9 -16 -24 18 -60 l45 -48 -44 0 c-30 0 -43 12 -43 40 0 40 -21 52 -47 26 -7 -7 11 -39 42 -71 36 -38 43 -53 20 -44 -20 8 -35 4 -35 -9 0 -30 74 -28 87 3 6 16 10 12 11 -8 1 -19 -9 -37 -23 -42 -56 -19 -90 12 -115 106 -30 109 -43 118 -138 89 -42 -13 -46 -9 -36 30 11 43 10 43 -24 7 -28 -28 -30 -38 -9 -43 33 -8 35 -48 3 -80 -19 -19 -19 -24 0 -24 13 0 24 10 24 21 0 12 11 15 24 6 14 -8 48 -15 75 -16 67 -1 67 -55 1 -73 -27 -8 -37 -15 -21 -16 22 -1 23 -8 6 -25 -24 -24 -94 -8 -78 19 6 9 -13 15 -42 15 -54 -1 -91 -51 -38 -51 57 0 58 -44 2 -92 -51 -44 -66 -51 -102 -46 -7 1 -21 -11 -29 -27 -10 -18 -42 -26 -87 -22 -39 3 -71 -4 -71 -15 0 -12 -16 -11 -42 3 -50 27 -98 12 -98 -30 0 -18 19 -32 45 -34 l45 -2 -45 -9 c-38 -8 -45 -21 -43 -92 0 -46 5 -74 11 -61 5 12 27 18 48 12 30 -7 37 -2 27 23 -7 17 -20 32 -30 32 -10 0 -18 9 -18 20 0 11 22 20 48 20 27 0 53 11 59 25 5 14 5 -9 -1 -50 -9 -58 -4 -77 23 -87 55 -21 -4 -46 -87 -37 -40 4 -56 3 -37 -3 49 -15 44 -48 -8 -48 -63 0 -96 55 -71 120 27 71 3 160 -41 158 -21 -1 -25 -5 -10 -11 24 -10 -13 -67 -44 -67 -48 0 -63 52 -25 85 22 19 35 41 28 48 -7 7 -31 -9 -53 -35 -43 -53 -51 -78 -23 -78 30 0 1 -126 -35 -154 -31 -23 -89 -35 -131 -27 -10 2 -25 -8 -34 -22 -9 -14 -23 -19 -31 -10 -9 8 -3 24 14 34 23 15 21 18 -13 19 -23 0 -63 -18 -88 -40 -89 -77 -154 -45 -80 40 22 25 40 40 40 33 0 -8 24 2 53 21 50 33 53 32 88 -10 58 -71 161 -21 143 69 -3 13 4 30 15 37 31 19 25 43 -9 43 -17 0 -36 -23 -42 -51 -18 -84 -45 -140 -47 -97 0 19 -14 35 -31 35 -43 0 -37 65 10 106 22 18 45 34 51 34 6 0 42 32 80 70 39 39 83 70 98 70 14 0 32 14 39 32 7 18 25 27 42 21 21 -8 30 1 30 29 0 22 8 35 19 29 10 -6 24 7 31 29 7 22 23 40 36 40 13 0 54 27 92 60 37 33 78 60 90 60 12 0 34 18 48 41 14 22 35 34 48 27 12 -8 17 -5 10 6 -14 23 32 74 133 146 39 28 75 66 80 85 5 19 20 35 33 35 15 0 20 -16 15 -39z m111 -20 c22 -37 27 -63 14 -71 -11 -7 -26 2 -32 19 -7 17 -25 31 -40 31 -15 0 -28 18 -28 40 0 59 46 49 86 -19z m-2366 -31 c0 -16 14 -30 30 -30 17 0 30 -13 30 -30 0 -16 22 -43 48 -61 50 -33 81 -86 62 -106 -7 -6 -56 38 -111 98 -95 104 -122 159 -79 159 11 0 20 -13 20 -30z m1397 -88 c20 -12 21 -21 4 -31 -28 -18 -81 1 -81 28 0 25 40 27 77 3z m1230 -369 c18 -54 28 -106 22 -115 -6 -9 -2 -32 8 -52 32 -63 67 -189 56 -200 -6 -6 -24 22 -41 62 -32 78 -78 93 -110 37 -19 -32 -21 -31 -21 8 -1 24 7 47 16 50 26 10 47 177 23 177 -11 0 -19 25 -18 55 2 30 -4 73 -12 95 -14 36 -12 37 15 10 16 -16 44 -74 62 -127z m-2206 7 c10 0 19 -13 19 -30 0 -45 -62 -36 -74 10 -6 22 -19 40 -28 40 -10 0 -18 15 -18 34 0 28 6 27 41 -10 22 -24 49 -44 60 -44z m1965 15 c58 -27 73 -75 23 -75 -50 0 -109 39 -109 71 0 36 16 36 86 4z m62 -180 c9 -19 15 -19 23 -1 7 13 24 19 40 13 23 -9 23 -18 -3 -57 -24 -37 -25 -48 -4 -56 18 -8 18 -11 2 -12 -13 -1 -29 7 -35 17 -7 11 -27 14 -44 7 -27 -10 -28 -5 -9 31 19 35 16 46 -18 67 -22 14 -40 33 -40 42 0 22 74 -20 88 -51z m-75 -26 c7 -18 2 -42 -10 -54 -44 -44 -23 -66 58 -62 55 3 85 -4 92 -24 8 -21 20 -23 49 -8 54 29 94 -68 47 -115 -18 -18 -28 -56 -25 -91 4 -36 -4 -65 -19 -70 -16 -5 -25 10 -25 41 0 27 -6 77 -13 112 l-12 62 -47 -50 c-70 -76 -103 -59 -90 45 7 53 -70 110 -113 84 -36 -23 -37 -30 -10 -82 26 -54 25 -60 -18 -96 -46 -37 -47 -37 -53 0 -5 30 -18 35 -65 26 -46 -9 -59 -5 -59 21 0 40 -27 41 -60 2 -15 -18 -41 -26 -63 -19 -25 8 -37 2 -37 -20 0 -17 14 -31 30 -31 17 0 30 -9 30 -20 0 -11 -13 -20 -30 -20 -16 0 -30 9 -30 20 0 11 -24 20 -53 20 l-52 0 50 40 c28 22 61 40 72 40 24 0 52 78 34 96 -7 7 -18 -8 -24 -33 -17 -62 -72 -47 -81 22 -8 62 33 73 119 34 37 -17 74 -13 171 20 67 22 137 41 153 41 20 0 31 18 31 50 0 55 35 68 53 19z m-813 -157 c0 -5 5 -22 11 -38 8 -21 -3 -29 -40 -29 -48 0 -67 32 -38 62 15 14 67 18 67 5z m1191 -131 c-21 -33 -72 13 -57 52 10 27 15 27 41 0 16 -16 23 -39 16 -52z m-1161 6 c21 -21 26 -39 13 -52 -25 -25 -55 -6 -69 45 -12 48 11 52 56 7z m-90 -19 c0 -42 -44 -83 -80 -74 -36 10 -53 46 -31 68 13 14 111 19 111 6z m1180 -40 c0 -27 5 -28 30 -8 38 31 38 2 1 -47 -16 -20 -38 -31 -50 -24 -27 17 -28 111 -1 111 11 0 20 -15 20 -32z m-3473 -42 c7 -7 -6 -34 -30 -59 -53 -56 -42 -162 23 -227 39 -39 42 -57 30 -162 -14 -118 -14 -119 60 -187 69 -63 73 -73 61 -148 -18 -101 12 -158 100 -195 48 -20 72 -45 80 -83 6 -30 19 -70 29 -88 16 -30 -66 -139 -88 -115 -52 57 -233 351 -252 410 -14 43 -33 88 -42 100 -52 65 -158 538 -158 703 0 64 137 101 187 51z m693 -26 c215 -11 503 -20 640 -20 201 -1 244 -6 218 -26 -41 -31 -304 -268 -409 -367 -44 -42 -206 -194 -359 -337 -153 -143 -299 -282 -325 -308 -57 -60 -76 -47 -82 57 -2 24 -35 58 -83 85 -78 45 -80 48 -80 158 0 105 -5 117 -72 174 -70 60 -71 63 -57 173 13 102 9 119 -43 194 -55 79 -56 82 -22 141 19 32 34 73 34 90 0 26 20 29 125 18 69 -7 301 -22 515 -32z m1427 -40 c156 -10 514 -22 797 -25 562 -7 574 -9 480 -97 -65 -61 -72 -88 -45 -178 11 -39 1 -65 -44 -117 -53 -62 -56 -75 -44 -175 14 -108 13 -109 -49 -130 -72 -25 -105 -74 -89 -132 12 -46 -12 -73 -110 -122 -64 -32 -105 -85 -132 -173 -10 -32 -39 -9 -176 140 -151 164 -377 401 -810 846 -91 93 -165 173 -165 176 0 11 87 8 387 -13z m-455 -68 c-16 -67 -72 -755 -72 -897 0 -102 -5 -115 -40 -115 -49 0 -53 -34 -6 -44 48 -9 39 -194 -10 -232 -30 -23 -30 -28 -4 -43 22 -13 28 -44 23 -119 l-7 -102 -75 12 c-47 8 -81 4 -90 -10 -24 -40 -95 -23 -167 40 -62 55 -80 61 -156 51 -95 -13 -126 6 -179 109 -28 55 -59 70 -168 82 -34 4 -53 23 -63 62 -20 73 -54 113 -117 138 l-51 19 70 62 c69 61 513 472 584 540 20 19 42 35 49 35 7 0 63 52 125 115 62 64 146 144 187 179 41 34 75 69 75 78 0 22 63 88 85 88 11 0 14 -22 7 -48z m1915 13 c70 -116 -202 -909 -331 -962 -9 -3 -16 -16 -16 -27 0 -32 -201 -256 -229 -256 -133 0 -82 212 69 288 77 38 93 57 111 131 15 60 37 94 74 113 65 35 81 83 64 195 -12 82 -9 90 51 133 62 44 63 49 51 151 -12 91 -8 112 28 148 22 22 41 55 41 71 0 30 70 43 87 15z m-1716 -209 c7 -20 20 -36 30 -36 10 0 94 -79 187 -175 92 -96 286 -296 430 -445 258 -266 285 -300 239 -300 -38 0 -97 -63 -97 -103 0 -59 -73 -119 -128 -106 -55 14 -123 -16 -186 -84 -34 -36 -66 -47 -134 -47 -66 0 -104 -13 -148 -50 -69 -58 -101 -62 -155 -21 -55 41 -123 38 -190 -9 -59 -43 -93 -26 -70 35 10 26 70 1260 71 1464 0 56 127 -47 151 -123z"
       id="path3035" />
    <path
       d="M2220 3251 c0 -29 -14 -52 -35 -57 -20 -5 -12 -9 17 -8 83 3 138 114 56 114 -27 0 -38 -14 -38 -49z"
       id="path3037" />
    <path
       d="M2908 3212 c-18 -59 -16 -74 16 -101 35 -29 36 -28 24 19 -10 41 -6 48 20 38 41 -16 40 10 -4 67 l-34 45 -22 -68z"
       id="path3039" />
    <path
       d="M2493 3187 c-23 -24 -14 -42 26 -52 32 -9 61 18 61 57 0 13 -72 9 -87 -5z"
       id="path3041" />
    <path
       d="M2209 3133 c21 -15 32 -35 25 -46 -22 -36 23 -74 94 -80 78 -6 85 4 44 58 -32 43 -55 46 -39 5 7 -19 -1 -30 -21 -30 -18 0 -30 7 -28 15 8 27 -53 105 -83 105 -21 0 -19 -7 8 -27z"
       id="path3043" />
    <path
       d="M3005 3127 c-14 -6 -25 -19 -25 -30 0 -52 -58 -79 -80 -38 -18 34 -27 37 -60 16 -39 -24 -38 -25 9 -70 55 -51 111 -59 111 -17 0 15 15 33 33 40 27 11 29 8 7 -18 -53 -64 -4 -48 68 22 49 48 68 80 56 92 -13 13 -25 5 -33 -22 -17 -54 -51 -55 -37 -2 11 40 -1 46 -49 27z"
       id="path3045" />
    <path
       d="M2412 2808 c-18 -48 -15 -61 18 -61 18 0 30 18 30 46 0 53 -30 63 -48 15z"
       id="path3047" />
    <path
       d="M2151 2723 c-13 -39 20 -117 70 -167 27 -27 31 -22 33 52 1 52 -3 68 -12 45 -20 -54 -89 13 -71 69 6 21 7 38 2 38 -6 0 -16 -17 -22 -37z"
       id="path3049" />
    <path
       d="M2312 2515 c76 -90 97 -94 101 -22 2 29 -3 43 -11 30 -11 -17 -25 -15 -53 6 -59 45 -80 37 -37 -14z"
       id="path3051" />
    <path
       d="M1800 3574 c-51 -25 -84 -134 -41 -134 13 0 17 20 9 50 -11 43 -6 50 38 50 27 0 55 14 61 30 14 36 -1 37 -67 4z"
       id="path3053" />
    <path
       d="M1496 3513 c-11 -54 31 -123 62 -104 11 6 30 -6 42 -28 12 -24 14 -41 2 -41 -10 0 -24 11 -30 25 -10 20 -14 20 -24 0 -19 -40 -202 -32 -226 10 -19 31 -21 30 -21 -10 -1 -41 9 -45 114 -49 114 -3 114 -3 20 -11 -78 -6 -95 -14 -95 -46 0 -33 6 -36 37 -16 57 35 143 6 141 -48 0 -25 -6 -34 -11 -20 -12 28 -107 35 -107 7 0 -26 52 -64 67 -48 7 7 13 -16 13 -51 0 -71 39 -88 42 -18 0 25 5 35 10 22 6 -12 -3 -78 -18 -145 -28 -120 -28 -122 14 -122 31 1 35 5 15 18 -35 22 -8 39 84 50 54 7 73 2 73 -20 0 -15 -8 -28 -18 -28 -9 0 -22 -18 -28 -40 -6 -22 -2 -40 8 -40 10 0 18 -13 18 -29 0 -16 9 -34 20 -41 11 -7 15 1 8 17 -6 16 -2 35 10 42 11 7 15 25 9 42 -8 20 2 29 31 29 23 0 42 9 42 20 0 11 -13 20 -30 20 -19 0 -30 19 -30 50 0 28 8 50 18 50 10 0 23 14 29 30 9 22 -2 30 -38 30 -36 0 -49 -11 -49 -41 0 -35 -10 -40 -64 -34 -58 7 -109 55 -58 55 34 0 26 96 -10 116 -56 31 -30 155 32 148 57 -6 94 -37 71 -59 -9 -8 -20 -4 -25 10 -11 29 -66 34 -66 6 0 -10 9 -24 19 -30 11 -7 14 -28 7 -47 -11 -30 -7 -29 31 4 42 38 43 38 44 0 2 -36 2 -36 17 1 14 35 17 34 30 -17 13 -53 16 -55 50 -24 41 38 34 132 -10 132 -16 0 -28 9 -28 20 0 11 13 20 28 20 16 0 26 14 24 31 -5 30 -31 42 -33 14 -4 -35 -64 -48 -93 -20 -23 23 -25 40 -8 72 12 24 32 62 43 85 16 30 16 38 0 29 -11 -7 -21 -4 -21 8 0 25 -77 -14 -112 -57 -31 -39 -56 5 -40 69 7 27 5 49 -5 49 -10 0 -22 -21 -27 -47z"
       id="path3055" />
    <path
       d="M1361 3402 c-21 -40 -18 -42 73 -39 53 1 74 6 46 11 -27 5 -61 22 -73 39 -21 26 -27 25 -46 -11z"
       id="path3057" />
    <path
       d="M1840 3121 c0 -21 8 -44 18 -50 21 -13 47 45 31 71 -20 32 -49 19 -49 -21z"
       id="path3059" />
    <path
       d="M751 2644 c-4 -4 -3 -22 4 -39 9 -24 3 -28 -22 -18 -18 7 -46 18 -63 25 -17 7 -30 2 -30 -12 0 -13 18 -28 40 -34 46 -12 54 -46 11 -46 -45 0 -58 -39 -17 -54 20 -7 66 -48 103 -90 l67 -78 163 6 c215 8 226 44 67 209 -101 106 -277 177 -323 131z m175 -143 c5 -22 4 -39 -3 -38 -42 5 -46 -7 -12 -34 37 -30 37 -30 -8 -9 -29 15 -42 34 -35 53 7 17 12 39 12 49 0 34 35 18 46 -21z"
       id="path3061" />
    <path
       d="M1133 2624 c-20 -31 23 -76 48 -51 13 13 17 33 10 45 -16 26 -45 29 -58 6z"
       id="path3063" />
    <path
       d="M1424 2327 c9 -51 56 -57 56 -9 0 25 -13 42 -31 42 -19 0 -29 -14 -25 -33z"
       id="path3065" />
    <path
       d="M3084 2610 c12 -27 30 -50 40 -50 45 0 -93 -97 -155 -109 -68 -13 -97 -51 -39 -51 17 0 30 9 30 20 0 11 10 20 21 20 12 0 16 -9 9 -20 -7 -11 7 -20 30 -20 23 0 37 9 30 20 -7 11 -1 21 14 23 92 11 156 36 156 61 0 13 -11 11 -30 -4 -25 -21 -30 -17 -30 28 0 28 -8 52 -19 52 -10 0 -24 18 -31 40 -7 22 -21 40 -31 40 -10 0 -8 -22 5 -50z"
       id="path3067" />
    <path
       d="M827 1809 c-15 -39 3 -57 42 -42 17 7 25 25 19 42 -16 40 -46 40 -61 0z"
       id="path3069" />
    <path
       d="M1589 1818 c-21 -33 26 -71 53 -44 23 23 9 66 -22 66 -10 0 -24 -10 -31 -22z"
       id="path3071" />
    <path
       d="M1427 1709 c-15 -39 3 -57 42 -42 40 15 40 45 0 61 -17 6 -35 -2 -42 -19z"
       id="path3073" />
    <path
       d="M732 1618 c-42 -49 -53 -79 -44 -122 7 -37 3 -56 -13 -56 -42 -1 -81 -34 -66 -58 9 -16 25 -16 53 -1 32 17 51 12 99 -29 87 -73 195 -37 326 107 129 144 100 192 -128 211 l-172 14 -55 -66z m257 -78 c-3 -16 -7 -41 -7 -55 -3 -40 -98 -69 -143 -44 -50 26 -54 89 -4 69 72 -30 105 -34 105 -14 0 12 -20 24 -43 28 -76 11 -60 46 20 46 59 0 77 -7 72 -30z"
       id="path3075" />
    <path
       d="M2344 1807 c9 -51 56 -57 56 -9 0 25 -13 42 -31 42 -19 0 -29 -14 -25 -33z"
       id="path3077" />
    <path
       d="M3375 1668 c-20 -20 7 -68 39 -68 16 0 26 14 22 33 -6 36 -41 56 -61 35z"
       id="path3079" />
    <path
       d="M2995 1637 c-137 -50 105 -369 269 -353 54 5 76 -1 76 -20 0 -44 49 -15 56 33 6 36 13 40 47 21 48 -25 75 -8 41 26 -33 33 -30 56 6 56 17 0 30 14 30 31 0 21 -15 29 -45 25 -31 -4 -46 6 -52 34 -24 127 -260 208 -428 147z m200 -82 c-3 -12 16 -27 41 -33 26 -7 48 -21 50 -32 2 -11 20 -19 39 -18 19 0 35 -11 35 -25 0 -15 -13 -27 -30 -27 -16 0 -30 -9 -30 -19 0 -11 16 -14 35 -7 29 10 31 7 9 -16 -36 -39 -96 3 -87 62 5 36 -1 43 -28 32 -23 -8 -45 1 -64 29 -16 23 -42 37 -57 31 -15 -6 -28 1 -28 16 0 15 24 27 60 28 33 1 57 -8 55 -21z"
       id="path3081" />
    <path
       d="M2700 1591 c0 -35 33 -58 59 -42 27 17 3 71 -31 71 -15 0 -28 -13 -28 -29z"
       id="path3083" />
    <path
       d="M3522 1593 c-24 -29 -10 -53 31 -53 30 0 37 52 9 69 -9 6 -27 -1 -40 -16z"
       id="path3085" />
    <path
       d="M2831 1542 c-13 -22 38 -67 56 -48 7 7 13 25 13 39 0 30 -52 37 -69 9z"
       id="path3087" />
    <path
       d="M3175 1128 c-20 -19 7 -68 37 -68 15 0 28 18 28 40 0 38 -39 54 -65 28z"
       id="path3089" />
    <path
       d="M3354 1087 c-28 -27 -13 -70 21 -63 19 4 35 19 35 35 0 31 -35 49 -56 28z"
       id="path3091" />
    <path
       d="M1704 1295 c7 -49 42 -55 52 -9 3 16 -9 35 -26 41 -25 10 -31 2 -26 -32z"
       id="path3093" />
    <path
       d="M1640 1070 c-28 -16 -75 -39 -105 -51 -30 -13 -55 -29 -55 -36 0 -7 -28 -43 -63 -80 -56 -60 -61 -75 -50 -155 11 -78 8 -88 -27 -88 -22 0 -40 -9 -40 -20 0 -11 22 -20 49 -20 55 0 87 -66 53 -108 -21 -24 -11 -52 18 -52 8 0 24 22 36 50 28 60 64 65 78 10 16 -61 66 -49 67 15 0 40 18 66 65 95 95 60 119 153 82 313 -36 153 -45 163 -108 127z m26 -189 c5 -22 -1 -43 -13 -49 -16 -6 -13 -16 7 -30 24 -16 25 -25 5 -45 -19 -19 -25 -19 -25 -1 0 13 -10 24 -22 24 -13 0 -19 -24 -14 -58 7 -45 2 -55 -21 -47 -19 8 -24 4 -15 -12 22 -36 -60 -28 -98 9 -17 18 -26 38 -20 45 7 6 21 -1 33 -18 15 -22 17 -16 9 25 -10 42 -3 56 28 66 45 14 53 42 15 56 -14 5 -18 16 -9 26 9 9 24 5 33 -10 12 -20 25 -21 54 -5 34 20 34 22 2 22 -19 1 -35 10 -35 21 0 37 75 20 86 -19z"
       id="path3095" />
    <path
       d="M2189 1398 c-21 -33 26 -71 53 -44 23 23 9 66 -22 66 -10 0 -24 -10 -31 -22z"
       id="path3097" />
    <path
       d="M2305 1266 c-40 -15 -29 -66 15 -66 22 0 40 13 40 29 0 35 -21 49 -55 37z"
       id="path3099" />
    <path
       d="M2380 1050 c-62 -75 -23 -389 57 -451 29 -23 58 -61 64 -84 14 -56 59 -70 59 -18 0 57 40 76 54 25 6 -23 24 -42 40 -42 21 0 26 11 16 35 -8 19 -19 47 -25 62 -8 21 0 24 34 13 38 -12 43 -8 33 25 -8 23 -1 49 15 63 42 34 -2 205 -66 258 -138 114 -245 157 -281 114z m213 -239 c-20 -30 -25 -54 -13 -61 11 -7 21 -1 22 14 1 14 8 4 16 -24 8 -28 5 -66 -6 -85 -30 -49 -92 -45 -92 5 0 44 31 54 47 15 8 -20 10 -19 11 1 1 14 -14 31 -33 38 -121 46 -92 104 72 144 4 1 -7 -20 -24 -47z"
       id="path3101" />
    <path
       d="M2174 1007 c-16 -15 22 -67 48 -67 10 0 18 18 18 40 0 38 -39 54 -66 27z"
       id="path3103" />
    <path
       d="M2240 762 c0 -25 13 -42 31 -42 19 0 29 14 25 33 -9 51 -56 57 -56 9z"
       id="path3105" />
    <path
       d="M2100 742 c0 -25 13 -42 31 -42 19 0 29 14 25 33 -9 51 -56 57 -56 9z"
       id="path3107" />
    <path
       d="M2940 742 c0 -25 13 -42 31 -42 19 0 29 14 25 33 -9 51 -56 57 -56 9z"
       id="path3109" />
    <path
       d="M2849 618 c-21 -33 26 -71 53 -44 23 23 9 66 -22 66 -10 0 -24 -10 -31 -22z"
       id="path3111" />
  </g>
  <path
     style="fill:#999999;fill-opacity:1;fill-rule:nonzero;stroke:none"
     d="m 120.58461,16.469147 c -3.90418,0.320382 -7.28785,5.47503 -4.11728,8.234574 -1.38845,3.088174 -7.91989,1.937216 -6.1924,6.785289 0.72612,2.397837 -4.27806,-0.789634 -5.00662,2.009235 -2.98601,2.809219 -3.10196,11.870986 2.86563,9.189785 1.46895,-1.40212 4.19949,-2.898658 2.86563,0.03294 -2.05463,4.142476 2.03117,9.386761 6.15946,9.980303 1.66987,1.773596 -2.22746,4.938409 -1.61398,1.416347 -1.89104,-3.962035 -6.05357,3.702553 -7.60874,-1.284594 -1.47628,-1.253258 -3.27655,-0.850034 -5.23719,-1.317531 -4.321237,0.434922 -3.830893,4.791369 -3.68909,7.839314 -3.967863,5.877441 7.63313,8.366174 8.26751,2.042174 1.24672,-2.092512 6.27336,-0.517209 2.96445,1.515161 -3.02667,2.492597 -1.7238,6.575798 1.25165,8.036944 -1.57878,1.662385 -4.52609,2.691683 -4.4796,5.731264 -0.24917,3.270327 -3.97064,5.073769 -1.15284,8.30045 -1.87847,3.311991 -3.90568,7.448555 -1.91043,11.462526 1.26859,3.433249 4.63281,7.482894 8.46515,5.961834 1.30142,5.76433 5.1057,11.40281 9.65092,15.11867 4.3105,-0.81039 1.47889,-7.76451 2.1097,-10.66703 -0.57573,-4.30406 1.10571,-13.017199 -5.10709,-13.246167 -0.51519,-1.535201 -0.5405,-5.244652 1.15284,-2.042174 1.18088,2.488396 5.40957,2.716161 4.90781,-0.757581 1.01314,-23.445929 1.44179,-46.959296 1.84454,-70.422074 0.61152,-2.92143 -2.2038,-2.697585 -3.62321,-3.030323 -0.62406,-0.877589 -1.77233,-1.03143 -2.76682,-0.889334 z"
     id="path3261"
     inkscape:connector-curvature="0"
     transform="scale(0.8,0.8)" />
  <path
     style="fill:#999999;fill-opacity:1;fill-rule:nonzero;stroke:none"
     d="m 97.626622,57.180879 c -4.317222,0.339715 -2.615389,7.665514 0.823457,3.787904 1.285481,-1.273656 1.385252,-4.074573 -0.823457,-3.787904 z"
     id="path3263"
     inkscape:connector-curvature="0"
     transform="scale(0.8,0.8)" />
  <path
     style="fill:#999999;fill-opacity:1;fill-rule:nonzero;stroke:none"
     d="m 90.149629,48.814552 c -4.124354,1.186579 0.227506,4.154668 1.383409,5.59951 0.664211,3.757815 9.614392,2.377329 6.291214,-1.646914 -1.614155,-2.474631 -4.720211,-4.061728 -7.674623,-3.952596 z"
     id="path3265"
     inkscape:connector-curvature="0"
     transform="scale(0.8,0.8)" />
  <path
     style="fill:#999999;fill-opacity:1;fill-rule:nonzero;stroke:none"
     d="m 155.59802,61.726364 c -5.0485,2.896542 -11.37922,-0.848688 -16.23858,1.646915 -1.14106,1.873032 -4.29973,7.279314 0,6.884103 2.60651,-1.681511 4.42883,3.38264 6.8841,0.362321 2.98557,-3.818306 8.56609,2.857456 11.49547,-0.461136 0.39196,-2.352917 -4.01519,-2.835831 -0.82755,-5.17752 1.16655,-1.313917 1.0172,-3.916544 -1.31344,-3.254683 z"
     id="path3267"
     inkscape:connector-curvature="0"
     transform="scale(0.8,0.8)" />
  <path
     style="fill:#999999;fill-opacity:1;fill-rule:nonzero;stroke:none"
     d="m 133.89168,27.832859 c -3.50202,2.114245 -1.42125,7.917241 -2.25577,11.36359 0.53866,8.066648 -1.19135,17.218902 2.4534,24.605027 2.36759,1.417644 3.51502,-3.157201 6.39003,-1.284593 3.77018,0.345791 2.37176,-3.624883 -0.0988,-4.183163 -0.48707,-2.944532 -1.88374,-5.665302 -3.29383,-8.168697 0.58943,-2.192022 2.91168,-8.787446 5.63245,-6.357091 1.39512,3.895889 -8.36963,5.528511 -3.35864,9.138569 1.7647,2.927678 4.91569,3.371206 7.80531,3.674427 3.47303,3.658632 9.17423,-0.02516 13.17531,2.931508 2.72326,-0.64954 1.1232,-4.934054 4.08435,-6.060646 5.05833,-2.061694 4.18847,-6.124134 1.74573,-9.716797 -1.28622,-2.634924 -0.0689,-7.779785 -4.6443,-7.213486 -6.50501,-0.764994 -12.85698,1.288631 -19.13715,1.119902 -1.85484,-1.601902 -0.59179,-5.488724 -3.3597,-7.048795 -1.32348,-1.419674 -3.0614,-2.95725 -5.13838,-2.799755 z m 24.7696,21.640459 c 4.52154,-1.432575 0.34714,5.242507 -1.91042,2.668002 -2.48848,-1.113899 0.51519,-2.809255 1.91042,-2.668002 z"
     id="path3269"
     inkscape:connector-curvature="0"
     transform="scale(0.8,0.8)" />
  <path
     style="fill:#999999;fill-opacity:1;fill-rule:nonzero;stroke:none"
     d="m 211.52724,57.115003 c -5.42456,3.852152 -11.4175,8.502247 -14.6246,14.361096 -9.67907,5.087511 -18.37689,13.220576 -26.71296,20.553496 -4.78267,4.000719 -11.47008,6.956595 -14.36109,12.549495 2.12537,4.37012 8.58972,0.4741 10.50731,-2.50332 1.81437,-2.01416 -0.69839,3.95585 2.63507,2.86564 3.41833,-2.27769 4.89639,3.84737 7.87225,1.91042 1.50577,-2.07111 -0.71491,-6.32341 3.39264,-5.83008 2.2094,0.41599 4.6482,-2.246001 2.04218,-2.964447 3.6793,-3.478926 11.75178,-3.831846 12.71418,-9.519167 -0.70771,-1.79556 -3.56685,-6.601405 -0.46114,-2.964447 2.7603,2.095696 1.63513,7.793971 6.1924,7.312301 2.6581,1.971658 6.24273,-0.773588 3.55734,-3.491459 -2.09114,-1.081942 -2.62946,-3.348417 0.52701,-2.964446 3.07216,-0.847761 4.73266,3.996431 7.97107,1.383408 0.085,-2.418358 2.82047,-2.971244 3.98553,-5.072497 -0.62628,-3.956903 -6.91601,-3.404346 -9.9803,-2.733879 -2.08273,1.544503 1.83163,-2.432276 0.13175,-3.623212 -1.62636,-1.613353 -1.50053,-3.925634 0.55995,-4.808991 -0.35037,5.49225 5.93844,1.235895 8.49808,3.162076 1.30615,3.144533 7.97205,0.902152 4.51255,-1.877483 -2.38735,-0.909622 0.0325,-4.080048 -2.86563,-4.677237 2.8749,-0.929111 2.27654,-4.304941 -0.75758,-4.24904 -2.96445,-1.279127 -2.40391,-6.286067 -5.33601,-6.818227 z"
     id="path3271"
     inkscape:connector-curvature="0"
     transform="scale(0.8,0.8)" />
  <path
     style="fill:#999999;fill-opacity:1;fill-rule:nonzero;stroke:none"
     d="m 211.26374,57.016188 c -9.17235,6.99721 -16.82498,16.069595 -26.61414,22.332163 -9.22501,8.530279 -20.11915,14.926257 -28.52457,24.242589 -1.10877,4.4122 5.85784,2.77106 7.87226,1.18577 2.32125,-3.06342 2.46036,-0.0158 4.84192,0.49408 3.10136,-0.84296 7.72397,4.79758 8.99216,-0.0988 0.11701,-3.67989 4.85054,-4.07025 5.79714,-7.279359 4.14896,-3.232481 13.26521,-4.735274 10.44144,-11.989539 1.80447,3.718301 6.05877,10.340566 10.80376,6.686474 1.85225,-1.917952 -3.87357,-6.046343 0.39526,-5.006621 4.60277,1.819759 10.89807,-0.299356 10.96845,-5.830078 -1.12284,-4.37588 -7.3031,-0.926737 -9.42035,-2.931508 -0.26594,-1.364756 -0.44986,-5.546774 0.0659,-5.863017 2.32282,3.763304 8.73894,0.291859 11.75898,3.853781 5.0488,-0.162674 0.79953,-6.616721 0.0988,-9.123908 2.78701,-3.732906 -4.18168,-4.622535 -4.38079,-8.168697 -0.63351,-1.119622 -1.50115,-2.753064 -3.0962,-2.50331 z"
     id="path3273"
     inkscape:connector-curvature="0"
     transform="scale(0.8,0.8)" />
  <path
     style="fill:#999999;fill-opacity:1;fill-rule:nonzero;stroke:none"
     d="m 139.95233,89.295716 c -2.19401,0.480406 -1.64553,4.222066 -3.7879,1.152841 -4.06216,-2.364887 -4.58751,4.751148 -4.84193,7.345239 0.16494,5.369664 -2.76508,13.010644 1.8116,17.029094 7.13682,-4.67558 13.48788,-11.34735 19.30184,-17.621983 0.23015,-3.218627 -3.92508,-0.478714 -4.97368,-3.195015 -2.08715,-1.978416 -4.23643,-5.087193 -7.50993,-4.710176 z"
     id="path3275"
     inkscape:connector-curvature="0"
     transform="scale(0.8,0.8)" />
  <path
     style="fill:#999999;fill-opacity:1;fill-rule:nonzero;stroke:none"
     d="m 198.28605,53.162407 c -5.43693,1.180444 -6.76356,8.288433 -12.58243,9.321538 -3.05543,2.428631 -7.64074,-3.380931 -9.51917,0.527012 0.70175,3.033713 -0.53912,5.046207 -3.16207,6.291215 -2.84566,2.339838 -2.89423,8.244485 -6.22534,9.354475 -4.84877,-1.387051 -8.24853,-6.906306 -13.34001,-6.686474 -0.81218,1.298831 0.20271,4.435509 -2.17393,4.743115 -2.31044,-2.05568 3.11349,-6.175189 -1.08696,-7.444055 -3.74826,-0.316135 -6.40393,3.09073 -7.47699,6.060647 -1.33168,2.376701 -7.87106,5.692938 -4.90781,8.761586 4.28491,-1.73475 1.06274,5.877504 5.33601,6.027708 3.85668,0.123348 11.97296,4.702564 10.44143,-2.404496 -0.46936,-2.297523 -0.2157,-8.308014 2.04218,-4.183163 1.04308,3.807435 -1.28781,8.538343 0.79052,11.857786 5.04228,-0.842414 8.0448,-6.921109 12.52712,-9.419299 5.73074,-5.603963 13.34572,-9.669574 16.95265,-17.030152 4.56452,1.78351 7.94013,-4.689267 11.21019,-6.98002 1.21247,-2.590103 7.46535,-5.156685 5.25896,-8.303348 -1.24972,-0.594595 -2.70003,-0.574778 -4.08435,-0.494075 z"
     id="path3277"
     inkscape:connector-curvature="0"
     transform="scale(0.8,0.8)" />
  <path
     style="fill:#999999;fill-opacity:1;fill-rule:nonzero;stroke:none"
     d="m 109.80734,20.225387 c -2.55451,0.257731 -5.35155,-0.300452 -7.73226,0.823458 -1.70671,0.860404 -2.791462,3.003931 -4.981922,2.610359 -2.143218,0.330146 -5.155489,-0.741473 -6.505313,1.515162 -0.702368,1.075816 -0.705351,2.707328 -1.737495,3.499694 -1.403893,-0.105911 -2.979092,-0.463528 -4.150225,-1.194013 -0.261559,-1.218336 -1.9201,-2.741702 -2.849163,-1.235187 -0.215888,0.726017 -0.362392,1.633905 -1.334001,1.613977 -2.236343,0.579443 -5.156373,-0.747834 -6.925276,1.177544 -0.865124,0.746354 -0.455377,2.319762 -0.831692,2.980916 -1.954398,-1.236974 -4.721002,-1.784109 -6.554721,-0.0082 -1.771717,1.36056 -2.452596,4.080539 -1.564568,6.093585 1.535724,1.484772 3.95559,0.607784 5.871251,0.806988 0.747432,0.115389 2.040267,-0.447427 1.852779,0.708173 0.82346,2.319399 3.304292,3.617134 5.615979,3.853781 0.950241,0.417584 0.114134,1.810679 -0.39526,2.371557 -1.274764,1.119451 -3.235595,0.76721 -4.512546,1.935125 0.272958,-3.275006 -1.074425,-7.04481 -4.298448,-8.366327 -1.71444,-0.771683 -3.206622,0.902556 -3.211483,2.536248 -0.194623,0.979843 -0.128276,2.132931 -0.634062,2.964447 -1.018781,-1.679954 -0.305611,-3.831529 -0.568186,-5.69009 0.04351,-1.598564 -0.290202,-4.426444 -2.51978,-4.100818 -3.063692,0.987991 -5.816957,3.370586 -7.081733,6.348856 -0.529731,1.512328 -0.680426,3.995569 1.366939,4.347855 1.072903,0.443239 2.258601,-0.760125 3.162077,0.238803 2.630864,2.102717 5.367975,4.22549 7.229955,7.057029 0.218501,1.158856 -0.26584,3.278889 1.424582,3.367941 0.968494,-0.03366 1.408166,-1.445693 2.495075,-0.922272 1.629246,0.450229 2.345335,2.241946 2.725644,3.713792 1.036559,1.37533 3.067779,0.575427 4.438435,0.609359 0.643802,2.314516 -0.196063,5.577341 2.182162,7.057029 0.84398,0.643973 2.314703,0.04269 2.915039,0.658766 0.256115,1.626509 0.294124,3.568669 1.976298,4.454905 0.99992,0.797304 0.587835,2.437122 1.276359,3.491459 0.843948,2.347383 3.076964,4.236191 5.681856,3.911422 1.359376,-0.207 2.633733,0.660389 2.832693,2.03394 0.555111,2.076348 1.915623,4.078443 4.117287,4.578423 1.172087,0.763241 0.22139,3.114482 1.976294,3.376175 1.83189,-0.09446 3.09374,-1.871351 4.31492,-3.063261 1.28698,-1.473098 -0.27511,-3.073159 -1.36694,-4.010238 0.45445,0.64328 1.95894,0.611946 2.26451,-0.452901 1.06308,-1.745756 0.19005,-3.780708 -0.47761,-5.484226 -0.33936,-0.761647 -1.55148,-0.828446 -1.07049,-1.869248 -0.0396,-1.267155 0.66949,-2.376564 1.82807,-2.857397 1.66223,-1.187012 1.12634,-4.102394 -0.97168,-4.364325 -2.9202,-0.226878 -5.920224,0.33234 -8.712174,1.194014 -1.397688,0.353939 -1.991739,2.136388 -0.864631,3.129138 -0.579943,-0.01329 -1.490094,-0.0748 -1.161074,-0.897569 0.304568,-3.686688 2.105898,-7.331785 1.581038,-11.083736 -0.25113,-0.983701 -1.408958,-0.745296 -2.042175,-0.815223 -0.588544,-1.788386 -0.646623,-3.868223 -2.066878,-5.3113 -0.938427,-1.327956 -2.850788,-2.064899 -3.384409,-3.573805 2.028949,-0.8398 4.160755,0.249894 6.17593,0.559951 1.811105,-0.265032 1.130885,-2.846103 0.271741,-3.829076 -2.282632,-2.979345 -6.770261,-2.877065 -9.766204,-1.111668 -0.674745,0.318225 -0.449924,-1.157896 -0.164692,-1.531631 1.754201,-1.255433 4.364883,-0.261036 6.003004,-1.696322 0.877347,-0.960908 -1.568643,-1.932934 0.238803,-1.572803 2.183303,-0.05553 4.905244,-0.03936 6.28298,-2.042175 0.703045,1.204514 2.756381,2.91552 3.903191,1.301063 0.50711,-1.760008 -0.92141,-3.566275 -2.173931,-4.685472 -0.230526,-0.471673 -1.788188,-0.340632 -1.111667,-0.749347 1.896529,-1.562739 3.767068,-3.663631 6.217098,-4.14199 0.23525,0.622713 0.7847,1.206699 1.50693,1.128137 -0.13336,1.662041 2.2153,1.811373 3.31853,1.317531 0.98556,-0.884101 0.31931,-2.420493 1.12814,-3.458521 0.78557,-2.271658 2.83596,-3.655648 5.00662,-4.421966 1.47351,-0.449642 1.03888,-1.941859 0.82346,-2.997384 0.65585,-1.289356 -0.63773,-2.295241 -1.88562,-1.887859 -1.46579,0.01993 -2.93157,0.03986 -4.39736,0.05978 z m -15.052801,7.896956 c -0.07525,0.903856 -0.215674,1.775028 -0.337617,2.676237 -0.0584,-0.955966 0.03473,-1.952839 0.354086,-2.849163 l -0.01647,0.172926 z m -8.135758,7.271129 c 0.943373,0.70235 1.979011,1.750904 2.840927,2.272742 -1.305927,0.01694 -2.664125,-0.02464 -3.936126,0.148222 -0.350079,-0.533246 0.772098,-1.839989 1.095199,-2.420964 z m -4.15846,3.359706 c 1.147507,1.105319 2.7324,1.333745 4.174929,1.786902 -1.363124,-0.153967 -3.051496,-0.0465 -4.216102,-0.741111 -0.05594,-0.264532 -0.269896,-1.388353 0.04117,-1.045791 z m -2.289212,12.047181 c 1.22175,0.480746 2.716169,1.662678 2.651533,3.005619 -0.78406,-0.232607 -1.818609,0.590118 -2.132754,0.823458 0.924409,-1.197421 0.363641,-2.8179 -0.518779,-3.829077 z m -0.732877,4.981917 c -0.179914,0.264097 -1.287397,0.88384 -0.543482,0.296445 0.146159,-0.07085 1.18073,-0.819447 0.543482,-0.296445 z"
     id="path3279"
     inkscape:connector-curvature="0"
     transform="scale(0.8,0.8)" />
  <path
     style="fill:#999999;fill-opacity:1;fill-rule:nonzero;stroke:none"
     d="m 99.415308,44.006836 c -2.823366,0.265608 -4.27699,3.65617 -4.059645,6.200634 0.158933,1.813136 1.822121,2.837532 2.684471,4.306682 1.289857,1.259913 2.609766,-0.632755 2.923276,-1.803372 0.95318,-1.716668 0.1276,-3.590079 -1.103435,-4.874867 -0.533059,-0.913751 1.175485,-0.834543 1.490455,-0.288211 0.95256,0.921534 2.43774,2.594933 3.80438,1.292829 1.45849,-1.507032 -0.3232,-3.447941 -1.83631,-3.985534 -1.211,-0.57836 -2.55345,-0.923823 -3.903192,-0.848161 z"
     id="path3281"
     inkscape:connector-curvature="0"
     transform="scale(0.8,0.8)" />
  <path
     style="fill:#999999;fill-opacity:1;fill-rule:nonzero;stroke:none"
     d="m 70.915449,58.104426 c -2.064429,0.02511 -1.689957,2.751321 -0.897569,3.952595 2.915449,4.766577 6.975771,8.73905 11.059032,12.508318 0.783872,0.994272 2.727132,1.628976 3.137373,-0.03294 0.398486,-2.617477 -1.883321,-4.747137 -3.67262,-6.324152 C 78.84713,66.797374 77.089178,65.219041 76.572601,62.971059 75.956612,61.396751 73.230596,62.161409 73.272344,60.1427 73.124319,58.903576 72.2611,57.877203 70.915449,58.104426 z"
     id="path3283"
     inkscape:connector-curvature="0"
     transform="scale(0.8,0.8)" />
  <path
     style="fill:#999999;fill-opacity:1;fill-rule:nonzero;stroke:none"
     d="m 92.695896,83.549258 c -1.712709,0.718675 -1.195166,3.51605 0.107049,4.430201 1.732706,0.695405 1.701856,3.003695 3.038558,4.15846 1.227425,1.949619 4.998317,1.29329 4.866637,-1.202248 0.2698,-1.594638 -0.909854,-2.80005 -2.313919,-3.29383 -1.944566,-1.114569 -3.242403,-3.149717 -5.261893,-4.100817 l -0.263459,0.005 -0.172973,0.0033 z"
     id="path3285"
     inkscape:connector-curvature="0"
     transform="scale(0.8,0.8)" />
  <path
     style="fill:#999999;fill-opacity:1;fill-rule:nonzero;stroke:none"
     d="m 112.99412,50.166297 c -1.32033,0.343818 -1.63548,2.211454 -1.25989,3.285595 1.02738,0.900508 2.8581,0.777136 3.94436,0.01647 1.31869,-1.586757 -1.28921,-3.290975 -2.68447,-3.302064 z"
     id="path3287"
     inkscape:connector-curvature="0"
     transform="scale(0.8,0.8)" />
  <path
     style="fill:#999999;fill-opacity:1;fill-rule:nonzero;stroke:none"
     d="m 134.05816,15.037606 c -1.74405,0.812442 -1.44425,3.206896 -1.82361,4.799213 -0.22378,3.016523 -0.68415,6.112139 -0.42609,9.099601 0.97036,1.419586 2.14529,-0.847535 3.43548,-0.138842 0.89616,0.191921 1.08635,-1.07037 1.334,-1.284593 1.99849,1.270659 4.48784,2.036235 6.79352,1.086964 2.90834,-0.779153 4.49267,-4.345538 3.36794,-7.048795 -1.35452,-1.565834 -3.68937,-0.392774 -5.36931,-0.141955 -1.7941,0.296191 -3.75748,1.373383 -5.54973,0.833659 0.27753,-0.782904 1.6771,-0.725767 2.32215,-1.177544 1.57986,-0.709481 3.93244,-0.861654 4.62783,-2.70094 0.3432,-1.960965 -2.31947,-3.008211 -3.66439,-1.696323 -1.12081,1.157075 -2.5632,-0.2105 -3.43381,-0.988148 -0.46014,-0.349772 -0.99097,-0.782521 -1.61398,-0.642297 z"
     id="path3289"
     inkscape:connector-curvature="0"
     transform="scale(0.8,0.8)" />
  <path
     style="fill:#999999;fill-opacity:1;fill-rule:nonzero;stroke:none"
     d="m 149.65444,21.600561 c -1.18356,1.817204 1.50744,3.502801 1.0705,5.410115 -1.11868,2.841199 -0.41194,6.487807 1.98453,8.440438 1.92482,0.96923 3.39509,-1.523309 3.14561,-3.211484 -0.005,-0.518129 0.4712,-1.732998 0.55995,-0.551716 0.47724,1.499218 -0.17499,3.796391 1.45752,4.693707 2.20153,0.248168 3.99578,-1.751605 5.0972,-3.442052 0.37182,-2.214572 2.98795,-3.022662 4.77605,-3.145607 -2.26381,2.726595 -2.31663,6.616988 -1.86925,9.972068 0.2431,1.640749 2.56606,3.319953 3.7632,1.539866 1.13954,-1.660086 0.61869,-3.884159 1.16108,-5.665387 1.10187,-0.261865 2.26938,-0.869073 2.52801,-2.140989 1.02656,1.28359 3.14798,0.16246 2.68447,-1.375174 -1.18774,-3.473063 -5.11408,-4.807551 -8.31692,-5.772436 -2.14822,-0.398485 -4.6923,-1.100547 -6.69471,0.06588 -0.35321,0.833202 -1.1043,1.132179 -1.97629,0.881099 -3.46709,-0.856325 -5.46765,-4.223977 -8.44044,-5.937128 -0.33596,-0.115778 -0.6188,0.166308 -0.93051,0.238803 z"
     id="path3291"
     inkscape:connector-curvature="0"
     transform="scale(0.8,0.8)" />
  <path
     style="fill:#999999;fill-opacity:1;fill-rule:nonzero;stroke:none"
     d="m 145.71008,31.622037 c -1.78436,0.287279 -4.14549,1.770909 -3.86201,3.812608 0.75393,1.908836 3.0599,1.063794 4.50431,0.831692 0.53958,0.636397 -0.0535,1.790113 1.08696,1.992766 1.16269,-0.253801 2.572,0.122759 3.5491,-0.691704 1.21739,-1.498257 0.21868,-3.495245 -1.24342,-4.389028 -1.15869,-0.852582 -2.54973,-1.63538 -4.03494,-1.556334 z"
     id="path3293"
     inkscape:connector-curvature="0"
     transform="scale(0.8,0.8)" />
  <path
     style="fill:#999999;fill-opacity:1;fill-rule:nonzero;stroke:none"
     d="m 177.28967,35.121731 c -2.47743,0.588888 -4.31461,2.882482 -5.25366,5.146608 -0.78003,1.706227 0.15519,3.846978 2.06688,4.174929 0.97473,0.157404 2.77599,0.283328 2.44567,1.737495 0.004,0.616004 0.0978,1.514769 -0.77405,1.408112 -1.65559,0.954345 -0.73943,3.30627 -1.02109,4.850164 0.0919,1.916979 -0.2662,3.829663 -1.51516,5.344239 -1.42506,2.48231 -1.0773,6.480962 1.64692,7.90519 1.31373,0.633462 2.42952,-0.70655 2.23156,-1.976297 -0.0988,-0.800852 0.51463,-1.314821 1.29283,-1.202248 1.54122,-0.691923 0.21674,-2.389177 -0.65053,-3.030323 -0.40917,-0.517443 -1.61738,-1.290681 -0.46113,-1.753965 0.77719,-0.39838 2.04402,-1.716257 2.70094,-0.568185 0.88765,1.555518 2.74118,3.199263 4.60312,2.116285 1.94936,-0.849779 2.09551,-3.198526 2.98915,-4.792522 0.70872,-0.475885 1.58408,-0.682324 2.4292,-0.699938 0.14211,1.408916 -0.66525,3.510675 0.82346,4.389027 1.95622,0.345907 2.66865,-2.181108 3.39264,-3.507928 0.35295,-1.240275 1.21627,0.771376 2.09982,0.148222 0.86617,-0.55508 2.05466,-0.485092 2.75035,-1.235186 0.54772,-1.68514 -0.88549,-3.307345 -1.57,-4.770465 -1.81974,-2.664188 -3.72296,-5.612096 -6.72222,-7.021444 -1.91691,-0.419625 -1.87114,-3.257161 -3.99377,-3.343237 -0.99092,-0.235618 -2.36294,0.29402 -2.33862,-1.128137 -0.32486,-2.048445 -2.71418,-1.393154 -4.18316,-1.539865 -1.04868,-0.0406 -1.90399,-0.831989 -2.98915,-0.650531 z m 6.39003,10.811995 c 0.95717,1.271981 2.14023,2.678482 2.65153,4.084349 -1.0964,-0.339865 -2.94418,-0.688185 -3.17031,0.922272 -0.20607,0.924281 0.46997,2.44233 0.27174,2.857397 -1.33137,-0.886987 -1.91835,-2.5604 -1.20514,-4.035538 0.34858,-1.40291 0.73001,-2.800129 1.18044,-4.166097 l 0.16522,0.205274 0.10652,0.132343 z"
     id="path3295"
     inkscape:connector-curvature="0"
     transform="scale(0.8,0.8)" />
  <path
     style="fill:#999999;fill-opacity:1;fill-rule:nonzero;stroke:none"
     d="m 169.7221,53.278966 c -1.57638,0.366569 -3.6678,0.698301 -4.47961,2.256273 -0.29943,1.4075 1.21657,1.396027 2.08335,1.721026 0.72386,0.382701 0.72286,2.279337 -0.37056,1.663384 -0.98885,-0.996794 -2.23809,-2.055696 -3.7632,-1.498693 -1.05973,0.165161 -2.0325,0.677354 -2.92327,1.202248 -1.22639,-0.49708 -2.10786,1.045484 -1.44105,2.058643 0.53958,1.934208 1.72908,4.503296 4.03494,4.520781 1.46448,-0.342919 0.80994,-2.184269 0.97991,-3.022088 1.44317,0.841654 2.88437,3.110391 4.75959,1.893952 1.10726,-0.674778 0.6533,-2.28626 1.43281,-3.112669 2.48765,-1.335849 2.50422,-4.896482 1.35871,-7.114672 -0.39619,-0.493861 -1.07329,-0.618806 -1.67162,-0.568185 z"
     id="path3297"
     inkscape:connector-curvature="0"
     transform="scale(0.8,0.8)" />
  <path
     style="fill:#999999;fill-opacity:1;fill-rule:nonzero;stroke:none"
     d="m 172.13483,64.370936 c -1.74476,0.761978 -3.18847,2.47706 -5.27836,2.289212 -2.65674,0.302099 -5.59363,1.393469 -7.06527,3.746731 -0.78455,2.221747 1.85439,3.650007 3.64792,4.059645 3.10964,0.848826 6.32235,-1.095296 7.62521,-3.911423 0.34277,-0.512825 1.12445,0.585881 1.70456,0.01647 1.62215,-0.688231 1.56071,-2.598827 1.02109,-3.993768 -0.26867,-0.919585 -0.37692,-2.366534 -1.65515,-2.206866 z"
     id="path3299"
     inkscape:connector-curvature="0"
     transform="scale(0.8,0.8)" />
  <path
     style="fill:#999999;fill-opacity:1;fill-rule:nonzero;stroke:none"
     d="m 138.87538,62.221713 c -1.36189,0.07106 -2.72495,0.973988 -4.04317,0.889334 -0.76866,-0.847434 -2.51622,-0.878842 -2.49508,0.559951 0.0508,2.167941 -0.35779,4.264584 -1.16107,6.26651 -0.50681,1.190371 0.64552,2.014286 0.99638,2.964447 -0.44503,1.63984 -1.63171,3.116223 -1.38024,4.940695 0.17173,3.327882 -0.80872,7.281164 1.69316,9.988587 1.18791,0.817632 2.84602,0.821607 3.7879,2.075112 0.70053,1.068903 2.39559,2.044306 3.27736,0.617593 1.05536,-1.710079 -1.21491,-2.943855 -1.90219,-4.290213 -0.65612,-1.00011 -1.53207,-2.417784 -1.75396,-3.351471 1.76294,0.817492 2.51151,-1.583038 2.79152,-2.873866 0.27045,-1.710506 1.25756,-4.04928 -0.26351,-5.401881 -0.95928,-0.311319 -1.83193,-0.992988 -1.74573,-2.091581 -0.0897,-1.622431 -0.15671,-3.350094 0.27174,-4.916041 1.81444,-0.437896 2.41851,-2.624912 3.16208,-4.117287 0.10748,-0.731563 -0.469,-1.406946 -1.23519,-1.259889 z"
     id="path3301"
     inkscape:connector-curvature="0"
     transform="scale(0.8,0.8)" />
  <path
     style="fill:#999999;fill-opacity:1;fill-rule:nonzero;stroke:none"
     d="m 140.0694,69.146989 c -1.43466,-0.11993 -2.38061,1.930423 -0.94698,2.602125 1.03172,0.262895 -0.89532,0.412047 -0.60112,1.210483 -0.0956,2.908651 4.47483,3.34967 5.70656,1.086963 0.74498,-0.726411 0.46882,-1.889586 -0.26351,-2.404495 -0.20444,-1.684522 -2.4016,-2.573498 -3.89495,-2.495076 z"
     id="path3303"
     inkscape:connector-curvature="0"
     transform="scale(0.8,0.8)" />
  <path
     style="fill:#999999;fill-opacity:1;fill-rule:nonzero;stroke:none"
     d="m 133.84406,14.370605 c -2.19808,0.579158 -2.01101,3.351295 -2.37299,5.127888 -0.28973,3.159799 -0.80261,6.395237 -0.40206,9.554357 0.80719,0.902313 -0.26737,2.028002 -0.0543,3.137044 -0.14496,8.171167 -0.10011,16.356108 0.18608,24.522889 0.0387,1.834626 0.98653,3.708214 1.16108,5.368942 -1.48816,1.520787 -0.73359,3.96201 -1.44929,5.846547 -0.51432,1.570082 -0.95678,3.34359 0.15128,4.799537 -0.0194,1.609649 -1.19182,3.23362 -1.1559,4.974902 0.004,3.45724 -0.53337,7.472026 1.80338,10.350859 0.51315,0.626724 1.49216,1.044389 2.06687,1.334001 -2.96969,1.696146 -2.89859,5.623658 -3.26917,8.607556 -0.25862,4.622123 -1.28741,9.373013 -0.24699,13.955173 0.54967,1.40886 1.36355,3.19748 2.93974,3.60675 2.22346,-0.80865 3.88678,-2.77234 5.79864,-4.14146 4.96343,-4.19836 9.79982,-8.64723 13.82435,-13.760507 1.01779,-1.373669 -0.40267,-3.038104 -1.90218,-3.013854 -1.20154,-0.08426 -2.48516,-0.221145 -3.10444,-1.449285 -0.49834,-0.702139 -2.38715,-2.035766 -0.55171,-1.358705 2.13547,0.323705 4.92321,1.29007 6.68647,-0.436432 1.18114,-2.044261 0.0844,-4.550027 0.39526,-6.785289 0.0163,-0.378619 0.0949,-2.028756 0.36232,-0.905803 0.977,4.10047 -1.2854,8.696237 1.18578,12.450676 2.6526,0.10327 4.91824,-1.915001 6.82646,-3.590274 6.10868,-6.176055 13.5235,-11.026946 19.63122,-17.259667 1.49784,-1.673278 2.95234,-3.428618 3.9526,-5.451288 3.58252,0.755157 6.20977,-2.32519 8.49711,-4.544514 2.69131,-3.003122 5.88511,-5.477378 8.38376,-8.630803 1.18402,-1.636968 0.0309,-4.235085 -2.05864,-4.273744 -0.74282,-0.03747 -1.3637,-0.158573 -1.39988,-1.045791 -1.9397,-4.198331 -4.83926,-8.227583 -8.90157,-10.540254 -1.46293,-1.13641 -2.28535,-3.328202 -4.43844,-3.269126 -0.73435,0.0073 -1.27357,-0.162119 -1.32576,-0.95521 -0.78681,-2.11911 -3.31137,-1.33203 -5.00662,-1.811607 -1.61596,-0.469167 -3.43671,-0.78112 -4.85017,0.39526 -2.40652,1.724481 -4.96623,4.7513 -3.91965,7.905191 0.63037,1.882057 2.76012,2.059088 4.28197,2.668001 0.36393,0.573822 0.062,1.232546 -0.60112,1.408113 -1.52456,1.656211 -0.81151,4.238452 -1.17686,6.282505 -0.0282,1.128716 -0.25476,2.256168 -0.84884,3.228427 0.009,-1.8231 -0.86643,-4.427521 -3.13738,-4.183163 -2.0758,0.298334 -4.98631,1.019487 -5.43482,3.417348 0.51949,1.053646 -0.5354,0.473376 -1.17754,0.675235 0.58151,-2.729396 4.03228,-3.016307 5.15484,-5.410115 1.75798,-3.020002 -0.80397,-6.062625 -1.67161,-8.885105 -0.68848,-2.237756 -0.61116,-5.484976 -3.2856,-6.365325 -3.64525,-0.436676 -7.46429,-0.141831 -11.0508,0.01647 -0.30182,-3.013165 -3.54228,-4.607707 -6.20063,-5.113671 -1.76343,-0.0036 -3.41849,1.071941 -4.45491,2.412731 -0.26091,-1.638557 -1.53904,-2.750976 -2.70917,-3.796139 3.73326,1.307015 8.57734,-1.06255 8.87687,-5.237189 0.35312,-1.873177 -0.64235,-4.342139 -2.87387,-4.174929 -1.10123,-0.03134 -2.17855,0.205923 -3.24442,0.444667 1.57279,-0.635337 2.79117,-2.849463 1.16108,-4.125521 -1.2268,-1.532032 -3.45942,-1.160022 -4.8337,-0.09882 -1.36783,-0.668168 -2.57472,-2.027837 -4.2161,-1.877483 z m 7.7405,29.825626 c 0.89903,0.07645 0.13117,1.349166 -0.26351,1.605742 -0.91615,0.911416 -1.85573,1.799379 -2.77505,2.709175 0.69398,-1.490709 1.30095,-3.766753 3.03856,-4.314917 z m 42.2516,3.392644 c 0.19284,0.500091 1.63955,1.666538 0.38702,1.449285 -1.15449,0.462739 -1.09758,0.175696 -0.60495,-1.007774 0.089,0.07503 0.081,-0.784367 0.21793,-0.441511 z m -24.1026,2.651533 c -0.32141,0.950597 -1.66222,2.264674 -2.59389,1.15284 -0.89929,-0.510925 0.75148,-0.955893 1.21872,-1.004618 0.45731,-0.06186 0.91476,-0.112137 1.37517,-0.148222 z m -19.20303,5.088967 c 2.25385,2.063644 5.70011,1.409901 8.10282,3.260891 2.9797,0.912412 6.37858,0.355886 9.2886,0.946976 0.11794,2.613068 1.63379,5.625228 4.28198,6.422967 1.42036,0.485255 2.32594,-1.270077 2.61036,-2.001001 1.32623,1.363498 4.03488,1.897809 4.99839,-0.164692 0.43295,-1.115649 0.89559,-2.391328 1.8116,-3.129138 -0.21028,0.992776 0.34182,2.24245 0.37056,3.00562 -2.06419,0.811201 -3.87135,2.332273 -6.20063,2.363322 -2.70856,0.638028 -5.99969,1.87874 -6.91705,4.776053 -0.23729,2.532889 2.60787,3.923322 4.65254,4.504312 2.12162,0.612325 4.32061,-0.321193 5.96183,-1.646915 -0.79143,1.39032 -1.35371,3.21584 -2.76682,4.043176 -3.57913,-1.496843 -6.60846,-4.486618 -10.05441,-5.986535 1.55815,-0.30708 2.33382,-2.230734 1.24342,-3.450287 -0.35498,-0.797452 -1.92019,-1.579375 -0.75758,-2.420964 1.31642,-1.211123 2.07263,-4.013869 -0.0329,-4.850164 -2.168,-0.448583 -4.1214,1.262103 -6.33239,0.889334 -2.33273,-0.113735 -5.11651,-0.01798 -7.17231,-0.263507 0.41236,-1.790881 -1.33981,-3.086118 -2.51155,-4.117286 -0.30178,-0.747465 -0.39499,-1.564519 -0.72464,-2.305681 l 0.14822,0.123519 z m 34.09937,11.075501 c 0.7723,0.10116 -0.15709,0.847856 0,0 z m -37.03087,4.669003 c 0.31472,0.613488 0.64049,0.992869 0.21409,1.630446 -0.0942,0.465642 -0.2272,-1.417693 -0.20586,-1.16931 0.0543,0.163907 -0.0715,-0.674834 -0.008,-0.461136 z m 15.20102,0.296445 c 0.56875,0.15833 -0.80815,1.011841 -0.53525,1.704557 0.006,0.843855 -0.11943,1.744544 -0.63406,2.437434 0.0269,-1.463399 0.82733,-2.768535 0.99638,-4.207868 l 0.17293,0.06588 z m -12.79653,4.636065 c 1.55262,-0.29411 -0.18454,1.502795 -0.0165,0.518778 0.01,-0.142001 -0.0529,-0.470622 0.0165,-0.518778 z m -2.20686,8.761586 c 0.54081,0.141643 1.37243,-0.317514 1.46575,0.494075 0.33202,0.856387 0.46813,1.773087 0.72464,2.659767 -0.73347,-1.025843 -1.67386,-2.097835 -2.19039,-3.153842 z"
     id="path3305"
     inkscape:connector-curvature="0"
     transform="scale(0.8,0.8)" />
  <path
     style="fill:#999999;fill-opacity:1;fill-rule:nonzero;stroke:none"
     d="m 149.89324,58.063253 c -0.93955,0.08765 -1.08626,1.155599 -1.13637,1.828075 -1.50374,0.280501 -1.65888,2.57337 -0.0165,2.758583 1.30471,0.409291 3.3964,0.324981 3.42559,-1.473989 0.2836,-1.098468 0.42833,-2.823287 -1.08697,-2.947978 -0.38682,-0.100368 -0.78251,-0.21167 -1.18578,-0.164691 z"
     id="path3307"
     inkscape:connector-curvature="0"
     transform="scale(0.8,0.8)" />
  <path
     style="fill:#999999;fill-opacity:1;fill-rule:nonzero;stroke:none"
     d="m 103.3679,29.818665 c -2.15633,1.133962 -4.302531,2.531326 -5.82184,4.454905 -0.559859,1.202157 0.797401,1.502107 1.432816,2.033939 0.812054,0.861117 1.948054,2.315338 1.473984,3.474991 -1.516912,0.01863 -2.67415,-2.467777 -4.216097,-1.004618 -1.471798,1.542471 -4.202103,0.339753 -5.525399,2.042174 0.103846,1.371065 -1.743836,1.319113 -2.725644,1.605742 -1.675135,0.140392 -4.160681,0.507745 -4.174929,2.659767 0.163406,1.731902 2.256246,1.199797 3.269126,0.609358 2.387827,-0.816637 5.344977,-0.531925 7.015856,1.490458 0.651353,0.850537 2.152136,1.313653 2.626829,0.03294 0.624515,-1.411473 1.950095,-2.60228 3.598508,-2.256274 1.68174,0.169994 4.03896,0.852658 4.46314,2.684471 -0.43399,0.95114 -1.81475,1.872172 -0.88933,3.030323 0.28309,1.025688 0.88302,2.573082 2.2645,2.03394 0.81134,-0.785024 0.81623,-0.274701 1.11167,0.617593 0.42785,1.526706 2.13648,2.740008 3.63694,1.770489 1.39019,-0.294567 1.79601,-1.711482 1.69083,-2.956267 0.11446,-1.048993 1.19058,-2.0806 0.25527,-3.087966 -1.16379,-1.191835 -1.05617,-3.540708 -3.00562,-3.886718 0.0753,-0.733179 1.46909,-0.724329 1.69632,-1.613977 0.87393,-1.051343 0.76789,-3.431724 -0.98814,-3.227953 -1.4091,0.270722 -2.07178,2.026619 -3.68086,1.852779 -1.19667,0.407906 -2.0877,-0.322977 -2.71741,-1.259889 -0.63264,-0.964524 0.0857,-2.315902 0.14822,-3.359706 0.26057,-1.978218 1.76254,-3.459581 2.44567,-5.187782 0.0533,-1.457741 -1.80693,-2.151899 -2.89562,-2.61951 -0.17224,-0.110281 -0.32791,0.01529 -0.48879,0.06679 z"
     id="path3309"
     inkscape:connector-curvature="0"
     transform="scale(0.8,0.8)" />
  <path
     style="fill:#999999;fill-opacity:1;fill-rule:nonzero;stroke:none"
     d="m 120.96519,15.597557 c -2.38591,0.166292 -4.72446,1.606882 -5.79714,3.771435 -4.14734,0.183218 -8.38504,-0.184186 -12.47538,0.568185 -2.27076,0.794989 -3.812343,3.317512 -6.447673,2.972681 -2.313346,-0.04241 -5.391756,-0.233842 -6.513548,2.297446 -0.536683,0.748523 -0.75128,1.936639 -1.399877,2.51978 -1.011612,-0.275088 -2.389897,-0.232193 -3.0962,-1.086964 -0.586025,-1.71596 -3.315671,-2.611663 -4.216102,-0.68347 -0.08522,0.701619 -0.42844,1.209702 -1.235186,1.06226 -1.935127,0.306848 -4.051879,-0.16531 -5.863016,0.584655 -0.880517,0.800375 -1.701936,2.046044 -1.844545,3.104434 -2.392109,-1.060123 -5.59664,-0.819537 -7.139375,1.531631 -0.68474,0.674454 -1.021044,1.922212 -1.416347,2.528014 -1.829462,-1.317949 -3.935807,0.597971 -5.474385,1.531002 -2.706181,1.937859 -5.276889,5.342001 -4.061251,8.828092 0.870647,1.673679 2.953796,1.801898 4.586658,1.391643 2.483036,2.218101 5.312552,4.19305 7.106437,7.048795 0.1245,1.436687 0.249748,3.834768 2.297446,3.705558 1.074043,0.08297 1.855585,-1.615568 2.824459,-0.559951 1.052937,0.769317 1.222029,2.075389 1.72926,3.137372 1.104418,1.131376 2.86581,1.00973 4.323151,1.021088 0.359872,2.522174 0.429651,6.099529 3.285595,7.114671 0.659095,0.361365 2.053387,-0.330532 1.893952,0.889334 0.05298,1.937085 1.598791,3.207961 2.50331,4.710176 0.452541,3.148548 2.68112,6.440457 6.126523,6.612363 1.101033,0.09205 2.684574,0.09636 2.947978,1.473989 0.07666,0.546435 1.299489,2.273005 0.189395,1.334001 -1.760987,-1.069388 -3.329448,1.298137 -2.865632,2.923273 0.145321,2.283243 2.632355,3.269052 3.33217,5.33525 0.960957,2.167493 3.743877,3.666515 5.907023,2.215854 1.23238,-0.685577 1.33218,-2.333754 1.39988,-3.417348 0.44327,-0.03684 1.47657,-1.164337 1.34223,-0.634062 -1.66297,4.835094 0.72862,10.492676 4.92428,13.216486 1.19817,0.67017 2.61712,1.04084 3.98553,0.77405 1.4234,5.14805 4.51916,9.79918 8.30869,13.52117 0.94602,0.99618 2.57696,1.83237 3.71379,0.60113 2.12499,-1.39822 0.97546,-4.12049 1.21591,-6.20846 -0.19481,-4.94574 0.1339,-10.01302 -1.01005,-14.855581 -0.26308,-0.863218 -1.06829,-1.783087 -1.49869,-2.297446 2.03511,0.519292 3.71067,-1.495973 3.42558,-3.425583 1.03725,-23.887336 1.43723,-47.795212 1.91866,-71.698432 -0.74223,-2.307577 -3.55192,-1.98641 -5.22072,-3.195015 -0.53943,-0.23085 -1.12932,-0.299218 -1.71279,-0.263506 z M 86.865818,36.711004 c 0.691032,0.452945 -0.751368,-0.04369 0,0 z m -21.665163,2.643298 c 0.973832,0.03521 0.160941,0.58015 0,1.054025 0.0686,-0.221625 -0.172904,-1.001937 0,-1.054025 z m 6.365325,0.444667 c 0.916755,2.499436 3.450865,3.981947 5.838313,4.496077 -0.447471,1.439171 -2.371126,1.610849 -3.540867,2.182162 -0.01043,-2.511806 -1.08628,-5.073253 -3.046792,-6.678239 0.249782,0 0.499564,0 0.749346,0 z m 30.08913,9.140376 c 0.71289,0.426952 1.42108,0.93193 1.29283,1.786903 -1.2749,0.454994 -0.79776,-1.213009 -1.41635,-1.885717 l 0.12352,0.09881 z m 14.93752,4.627831 c 0.38011,0.436274 -0.63911,1.379698 -0.27998,0.362321 0.1077,-0.108317 0.18527,-0.252566 0.27998,-0.362321 z m -22.134535,3.804373 c 0.846119,-0.08672 1.131203,0.02862 0.370555,0.543482 -0.323746,0.427518 -0.449502,-0.526605 -0.370555,-0.543482 z m 14.830465,3.903188 c 0.59159,-0.112346 1.57672,0.364624 0.63406,0.823457 -2.3311,1.77847 -2.97194,5.402397 -0.99638,7.691092 0.27985,0.674162 1.87556,1.184872 0.58887,1.746341 -1.56691,1.252551 -3.15935,2.913951 -3.40509,4.882491 -0.31571,-0.900968 -1.48884,-1.435335 -0.89757,-2.503311 0.81257,-1.575567 3.14636,-2.743125 2.58565,-4.866633 -0.56618,-2.38288 -3.32628,-2.908981 -5.41011,-2.536248 -2.23329,0.18535 -4.766209,0.651983 -6.661771,1.490457 0.384859,-1.703956 0.65601,-3.519754 1.021087,-5.179546 0.875202,-0.384925 0.980333,0.169911 1.334001,0.889334 2.365293,3.411469 8.621793,2.781786 9.807373,-1.375174 0.16543,-0.65953 0.71624,-1.084292 1.39988,-1.06226 z m 10.50732,31.134923 c 0.50935,0.398672 0.40996,0.665269 -0.0165,0.28821 -0.01,-0.05697 -0.0991,-0.518199 0.0165,-0.28821 z"
     id="path3311"
     inkscape:connector-curvature="0"
     transform="scale(0.8,0.8)" />
  <path
     style="fill:#999999;fill-opacity:1;fill-rule:nonzero;stroke:none"
     d="m 218.80499,97.9922 c -2.48506,0.750061 -1.73088,3.96854 -2.668,5.78067 -2.1571,0.95338 -4.65995,1.11732 -6.90881,1.95159 -4.08272,1.0119 -8.13008,3.03503 -12.37657,2.61036 -2.766,-0.52452 -5.75597,-2.74564 -8.55572,-1.1446 -2.02856,1.70163 -1.28149,4.98259 -0.0329,6.94174 1.58231,2.57956 5.1022,0.90251 5.50893,-1.67161 -0.27765,1.54246 -1.20055,3.0393 -2.82446,3.38441 -2.14281,1.25638 -4.40292,2.5284 -6.06064,4.39726 -0.72625,1.64556 1.54784,1.89236 2.66749,1.87745 1.19458,0.1342 2.89326,-0.008 3.35198,1.39991 1.27361,1.91561 5.28246,0.9943 4.82546,-1.51516 -0.40943,-1.55853 -2.26047,-1.25698 -3.28559,-1.9763 -0.26975,-0.42433 -0.4482,-1.5783 0.40349,-1.23519 2.14352,0.68896 4.34176,-0.26918 5.77244,-1.89395 0.40395,-0.32573 1.64057,-1.49942 1.67985,-0.30468 0.003,1.5593 1.18659,3.0831 2.87387,2.75858 1.53584,0.0658 3.28501,-0.73251 4.71841,-0.11528 0.34847,1.21602 0.55941,3.5247 2.33222,3.162 1.89754,-0.9743 3.60167,-2.60109 4.86479,-4.33954 0.77813,-2.22112 -1.15503,-4.33235 -1.76219,-6.39003 -0.69789,-1.27544 1.00255,-2.30927 2.13275,-2.10805 2.19646,-0.34412 4.17733,1.53279 4.75958,3.51616 0.13391,2.36915 -0.81876,5.50962 1.3093,7.24642 2.12168,1.03081 3.89091,-1.33732 5.32934,-2.52842 0.77751,-0.72118 1.49087,-1.50617 2.29588,-2.19822 0.98139,3.67948 0.86658,7.54455 1.68808,11.25666 0.49725,1.70365 2.89058,1.53498 3.43382,-0.0576 1.2721,-3.15528 -0.18304,-7.12119 2.41273,-9.75797 1.12958,-1.7628 0.91628,-4.16397 0.26351,-6.06888 -0.84257,-1.80811 -3.13745,-2.83322 -4.93251,-1.70456 -0.75305,0.36582 -1.64162,0.45181 -1.92689,-0.48584 -1.57036,-2.18402 -4.60623,-1.39588 -6.90881,-1.72102 -1.08987,-0.21999 -2.56842,0.13324 -3.45029,-0.59289 0.55228,-1.78382 2.46565,-3.19169 1.96807,-5.2866 -0.26589,-1.378326 -1.30867,-3.249351 -2.89857,-3.18678 z"
     id="path3315"
     inkscape:connector-curvature="0"
     transform="scale(0.8,0.8)" />
  <path
     style="fill:#999999;fill-opacity:1;fill-rule:nonzero;stroke:none"
     d="m 174.07478,106.46558 c -0.75746,1.77479 0.24271,3.88321 -0.43643,5.75596 -0.86088,2.84973 -1.48503,6.75841 1.39988,8.69571 1.91747,1.35623 5.43599,1.93053 6.77705,-0.46937 0.52685,-0.57637 -0.75822,-1.78717 0.29645,-1.53163 2.12428,-0.18142 4.77965,0.34988 6.43943,-1.27636 0.96725,-1.41982 -0.76802,-2.40908 -1.84454,-2.91504 -1.35781,-1.63377 -0.26654,-4.02148 -0.32938,-5.92889 0.38123,-1.20529 -0.88423,-2.35865 -2.00101,-1.59751 -1.99278,1.09109 -5.06227,0.17483 -6.35709,2.4292 -0.57942,2.00307 2.00892,2.1031 2.70918,3.49146 0.42206,0.58455 0.19933,0.99866 -0.6423,0.67524 -0.90054,-0.0525 -1.90487,-0.0738 -2.70094,0.32114 -0.18405,-2.31269 -0.17897,-4.68163 0.13183,-6.94675 -0.39727,-1.36445 -2.49237,-0.97788 -3.44213,-0.70316 z"
     id="path3317"
     inkscape:connector-curvature="0"
     transform="scale(0.8,0.8)" />
  <path
     style="fill:#999999;fill-opacity:1;fill-rule:nonzero;stroke:none"
     d="m 155.3823,103.01529 c -3.00793,1.40141 -6.04366,4.1846 -6.13476,7.72403 0.0643,1.74045 1.8528,2.36239 3.16208,2.96445 0.68629,0.84204 0.77489,2.8261 2.35509,2.22333 1.64807,-1.38465 1.72695,-3.88847 2.46962,-5.77849 0.25913,-1.28094 0.98309,-2.44843 1.26887,-3.68303 0.0207,-1.23525 -1.8232,-0.82676 -1.67161,-2.12452 -0.009,-0.77809 -0.62305,-1.48518 -1.44929,-1.32577 z"
     id="path3319"
     inkscape:connector-curvature="0"
     transform="scale(0.8,0.8)" />
  <path
     style="fill:#999999;fill-opacity:1;fill-rule:nonzero;stroke:none"
     d="m 162.20876,104.83513 c -1.15606,0.0202 -1.99773,0.9388 -2.09158,2.01747 -1.57263,1.02886 -2.12995,2.95952 -1.9763,4.77605 0.39033,2.55597 -2.16128,4.72249 -4.61959,4.19964 -2.69428,-0.20337 -3.56381,-3.81674 -6.25004,-3.90319 -2.41361,0.59645 -4.24983,2.63792 -6.71942,2.98091 -2.05449,1.68023 -4.50982,3.79711 -4.56195,6.67001 0.0599,2.21288 2.84283,2.35059 4.34785,1.50693 3.10378,-1.20498 5.33,-4.28281 8.79453,-4.60313 -1.27951,0.78865 -1.33458,3.08644 0.38702,3.29383 1.94806,0.20215 2.72643,-2.61137 4.69371,-2.07511 3.58758,0.21856 7.82399,-0.85168 9.46153,-4.4055 1.01498,-2.31853 1.85353,-4.97038 1.31753,-7.5017 -0.22534,-0.91385 -1.65268,-0.83424 -1.35047,-1.86101 -0.0658,-0.70781 -0.73877,-1.20822 -1.43282,-1.0952 z"
     id="path3321"
     inkscape:connector-curvature="0"
     transform="scale(0.8,0.8)" />
  <path
     style="fill:#999999;fill-opacity:1;fill-rule:nonzero;stroke:none"
     d="m 163.26279,118.38924 c -1.93387,-0.023 -4.91218,0.022 -5.31954,2.47037 -0.3306,2.9263 3.17484,5.03057 5.70656,3.68909 2.15546,-0.91923 3.76597,-3.41546 3.26089,-5.75597 -0.97993,-0.84101 -2.46081,-0.24051 -3.64791,-0.40349 z"
     id="path3323"
     inkscape:connector-curvature="0"
     transform="scale(0.8,0.8)" />
  <path
     style="fill:#999999;fill-opacity:1;fill-rule:nonzero;stroke:none"
     d="m 166.0049,103.00706 c -1.72648,1.11605 -2.19691,4.1486 -0.40349,5.50069 1.8468,1.89854 4.99782,0.81533 6.05241,-1.37517 1.19296,-1.13499 0.2598,-2.61662 -1.20225,-2.67624 -1.1169,-0.24088 -2.43628,0.0312 -3.17854,-1.07873 -0.34897,-0.35965 -0.77865,-0.43616 -1.26813,-0.37055 z"
     id="path3325"
     inkscape:connector-curvature="0"
     transform="scale(0.8,0.8)" />
  <path
     style="fill:#999999;fill-opacity:1;fill-rule:nonzero;stroke:none"
     d="m 168.08001,109.2818 c -2.42302,-0.27716 -4.91475,2.49495 -3.41734,4.73488 1.31947,1.79449 4.06589,1.67471 5.9783,1.07049 1.83575,-0.9599 0.65388,-3.2367 0.16469,-4.67723 -0.48395,-1.06256 -1.68599,-1.21614 -2.72565,-1.12814 z"
     id="path3327"
     inkscape:connector-curvature="0"
     transform="scale(0.8,0.8)" />
  <path
     style="fill:#999999;fill-opacity:1;fill-rule:nonzero;stroke:none"
     d="m 168.73054,115.66359 c -1.97677,0.49068 -1.39798,3.01632 -0.75758,4.36433 0.60998,1.84833 2.69017,4.04035 4.69371,2.61036 1.94497,-0.95504 1.26665,-3.5153 -0.10705,-4.6443 -1.06174,-0.988 -2.23001,-2.41637 -3.82908,-2.33039 z"
     id="path3329"
     inkscape:connector-curvature="0"
     transform="scale(0.8,0.8)" />
  <path
     style="fill:#999999;fill-opacity:1;fill-rule:nonzero;stroke:none"
     d="m 202.22056,92.623258 c -3.07096,0.214993 -5.74682,1.959962 -8.811,2.264507 -1.54182,0.110388 -3.80861,0.546504 -3.73026,2.560953 -0.11531,0.652586 -1.3657,0.398099 -1.79514,0.230568 0.21918,-1.329685 -1.07085,-2.869983 -2.39626,-1.984532 -1.1077,0.526223 -1.06641,1.987039 -2.20686,2.445668 -0.913,0.981844 -2.59975,2.951168 -0.8811,3.903188 1.09247,0.76314 2.88659,0.94533 3.5738,-0.38703 3.0235,-1.03055 6.92617,0.62667 9.37095,-1.93512 0.62993,-0.914605 1.41699,-1.654379 2.61714,-1.468635 2.78454,-0.385499 5.06858,-2.447897 6.87648,-4.411241 0.4038,-1.637828 -1.63723,-1.274809 -2.61775,-1.218326 z"
     id="path3331"
     inkscape:connector-curvature="0"
     transform="scale(0.8,0.8)" />
  <path
     style="fill:#999999;fill-opacity:1;fill-rule:nonzero;stroke:none"
     d="m 204.45213,41.955926 c -1.88187,0.577601 -3.29176,2.446958 -3.90319,4.257275 0.0259,1.708289 2.14652,2.264333 3.27736,3.170311 1.90636,0.944718 3.76536,2.626749 5.99477,2.528014 1.86001,-0.691061 1.04874,-3.136089 0.4776,-4.487843 -1.10302,-2.186125 -2.82858,-4.299029 -5.06426,-5.40188 -0.25069,-0.08453 -0.52157,-0.08381 -0.78228,-0.06588 z"
     id="path3333"
     inkscape:connector-curvature="0"
     transform="scale(0.8,0.8)" />
  <path
     style="fill:#999999;fill-opacity:1;fill-rule:nonzero;stroke:none"
     d="m 187.41479,29.241744 c -1.96413,0.361212 -1.40347,2.927986 -0.38702,4.002003 0.91564,1.628914 3.02662,1.081836 4.2408,2.330385 0.8419,0.643185 1.91327,1.735565 1.78691,2.832693 -1.0954,1.011278 0.14382,2.757785 1.49045,2.173927 1.69729,-0.253062 2.42104,-2.309172 1.41635,-3.65615 -1.46678,-3.14076 -4.16267,-5.661719 -7.13114,-7.378178 -0.44236,-0.200035 -0.92512,-0.355257 -1.41635,-0.30468 z"
     id="path3335"
     inkscape:connector-curvature="0"
     transform="scale(0.8,0.8)" />
  <path
     style="fill:#999999;fill-opacity:1;fill-rule:nonzero;stroke:none"
     d="m 216.29344,54.283083 c -2.49235,0.553753 -2.67915,4.386781 -0.96344,5.88772 0.97441,0.783239 2.46156,0.772165 3.05502,2.025705 0.60752,1.272161 2.35913,2.664669 3.61498,1.35047 1.26798,-1.895979 -0.32848,-4.188286 -1.31753,-5.846547 -1.07407,-1.42974 -2.4028,-3.401008 -4.38903,-3.417348 z"
     id="path3337"
     inkscape:connector-curvature="0"
     transform="scale(0.8,0.8)" />
  <path
     style="fill:#999999;fill-opacity:1;fill-rule:nonzero;stroke:none"
     d="m 217.87448,75.750616 c -1.58903,0.424356 -0.55336,2.322844 -0.26351,3.318533 0.99733,3.031857 1.83107,6.785219 4.88311,8.399266 2.19942,0.714411 5.26511,-0.153895 5.64068,-2.758583 0.68715,-1.303732 -0.88209,-2.935363 -2.05041,-1.762198 -0.79278,1.143728 -2.87072,1.267606 -3.74673,0.75758 1.01067,0.19369 2.82676,0.308184 2.52801,-1.276359 -1.4229,-2.076326 -3.16454,-3.953544 -4.669,-5.9783 -0.60818,-0.576467 -1.49771,-0.843816 -2.32215,-0.699939 z"
     id="path3339"
     inkscape:connector-curvature="0"
     transform="scale(0.8,0.8)" />
  <path
     style="fill:#999999;fill-opacity:1;fill-rule:nonzero;stroke:none"
     d="m 231.7168,80.073767 c -1.54783,0.878235 -0.19524,2.819214 -0.22233,4.174929 0.56241,2.634748 -0.23918,5.887616 1.86924,7.971068 0.2451,2.930101 -0.0463,6.02489 -1.1446,8.753356 -1.03516,1.24354 -1.94751,2.68713 -1.63868,4.39726 -0.22442,1.07587 0.63033,2.77258 1.88571,1.92689 1.09622,-0.75502 1.80134,-3.09654 3.44206,-2.45391 2.72835,1.88146 2.98341,5.77645 5.44305,7.85579 1.24658,0.69588 2.24411,-1.01145 1.58927,-2.18216 -0.69276,-4.27779 -2.48584,-8.26882 -3.91142,-12.318926 -0.14076,-3.141749 -0.49278,-6.293535 -1.57782,-9.276438 -1.15692,-3.065423 -2.1783,-6.547966 -4.77104,-8.732575 -0.28688,-0.165827 -0.64529,-0.204972 -0.96344,-0.115284 z"
     id="path3341"
     inkscape:connector-curvature="0"
     transform="scale(0.8,0.8)" />
  <path
     style="fill:#999999;fill-opacity:1;fill-rule:nonzero;stroke:none"
     d="m 217.00985,85.582697 c -2.1575,0.508417 -1.81873,3.564927 -0.47761,4.800757 2.0127,2.064796 5.28896,3.600543 8.144,2.560952 1.881,-1.010848 0.88472,-3.679647 -0.6423,-4.529015 -2.10734,-1.326528 -4.46327,-2.799129 -7.02409,-2.832694 z"
     id="path3343"
     inkscape:connector-curvature="0"
     transform="scale(0.8,0.8)" />
  <path
     style="fill:#999999;fill-opacity:1;fill-rule:nonzero;stroke:none"
     d="m 220.38603,94.788951 c -1.66943,0.260322 -1.14737,2.345501 -0.0408,2.982534 0.86989,1.10768 2.62717,1.584517 3.12049,2.929885 -0.22451,1.53301 -2.05754,3.12998 -0.93875,4.66077 1.16955,0.89828 2.80847,-0.82863 3.94437,0.38703 0.6697,1.09503 3.19027,1.84688 3.42558,0.0494 0.14534,-0.86259 -1.35227,-1.24622 -0.80699,-1.85278 0.59749,-1.81441 2.84526,-3.61639 1.72103,-5.615983 -1.17467,-1.318079 -3.66228,-1.15177 -4.57019,0.387025 -1.32262,-1.866435 -3.34228,-3.595542 -5.67362,-3.936126 l -0.10705,0 -0.0741,0.0082 z m 8.59689,9.510929 c 0.0201,-0.0156 0.002,-0.0932 0,0 z"
     id="path3345"
     inkscape:connector-curvature="0"
     transform="scale(0.8,0.8)" />
  <path
     style="fill:#999999;fill-opacity:1;fill-rule:nonzero;stroke:none"
     d="m 223.25989,72.168577 c -1.02075,0.349853 -2.82,-0.04672 -2.80799,1.5481 0.0773,1.547571 1.3344,2.700769 1.29283,4.298447 0.14057,2.337044 2.68725,3.002094 4.62783,2.923274 1.8338,0.685595 3.11305,-1.375517 1.3073,-2.426424 -1.1041,-1.44693 -2.95727,-2.626466 -3.44829,-4.416507 0.71682,-0.774983 0.20018,-2.180543 -0.97168,-1.92689 z"
     id="path3347"
     inkscape:connector-curvature="0"
     transform="scale(0.8,0.8)" />
  <path
     style="fill:#999999;fill-opacity:1;fill-rule:nonzero;stroke:none"
     d="m 238.52679,119.35268 c -2.15472,0.79701 -1.98983,3.70843 -1.60574,5.56658 0.13838,1.73022 1.84244,3.71338 3.66438,2.61036 1.96123,-1.07923 3.36217,-3.17079 3.82908,-5.34424 0.093,-1.47999 -1.8212,-1.61632 -2.60212,-0.667 -0.7186,0.74308 -1.12108,0.83634 -1.13638,-0.28821 -0.25562,-0.97343 -0.99634,-2.06863 -2.14922,-1.87749 z"
     id="path3349"
     inkscape:connector-curvature="0"
     transform="scale(0.8,0.8)" />
  <path
     style="fill:#999999;fill-opacity:1;fill-rule:nonzero;stroke:none"
     d="m 241.40066,113.37438 c -1.63558,0.84781 -1.7617,3.33579 -1.01286,4.86664 0.72853,1.69728 3.32287,2.85261 4.55372,0.97991 1.45205,-1.89463 -0.55489,-4.04182 -1.91865,-5.2866 -0.4471,-0.37199 -1.02181,-0.68473 -1.62221,-0.55995 z"
     id="path3351"
     inkscape:connector-curvature="0"
     transform="scale(0.8,0.8)" />
</svg>
