<?xml version="1.0" encoding="UTF-8" standalone="no"?>
<!-- Created with Inkscape (http://www.inkscape.org/) -->

<svg
   xmlns:dc="http://purl.org/dc/elements/1.1/"
   xmlns:cc="http://creativecommons.org/ns#"
   xmlns:rdf="http://www.w3.org/1999/02/22-rdf-syntax-ns#"
   xmlns:svg="http://www.w3.org/2000/svg"
   xmlns="http://www.w3.org/2000/svg"
   xmlns:sodipodi="http://sodipodi.sourceforge.net/DTD/sodipodi-0.dtd"
   xmlns:inkscape="http://www.inkscape.org/namespaces/inkscape"
   id="svg2"
   version="1.1"
   inkscape:version="0.48.4 r9939"
   width="327"
   height="200"
   sodipodi:docname="formasGeomatricas.svg">
  <metadata
     id="metadata8">
    <rdf:RDF>
      <cc:Work
         rdf:about="">
        <dc:format>image/svg+xml</dc:format>
        <dc:type
           rdf:resource="http://purl.org/dc/dcmitype/StillImage" />
        <dc:title />
      </cc:Work>
    </rdf:RDF>
  </metadata>
  <defs
     id="defs6" />
  <sodipodi:namedview
     pagecolor="#ffffff"
     bordercolor="#666666"
     borderopacity="1"
     objecttolerance="10"
     gridtolerance="10"
     guidetolerance="10"
     inkscape:pageopacity="0"
     inkscape:pageshadow="2"
     inkscape:window-width="1600"
     inkscape:window-height="824"
     id="namedview4"
     showgrid="false"
     inkscape:zoom="2"
     inkscape:cx="75.640597"
     inkscape:cy="106.3007"
     inkscape:window-x="0"
     inkscape:window-y="24"
     inkscape:window-maximized="1"
     inkscape:current-layer="svg2" />
  <path
     style="fill:#666666;fill-opacity:0;stroke:none"
     d="m 199.27383,97.270115 c 7.16921,-10.629073 13.72456,-20.316071 14.56746,-21.526661 l 1.53254,-2.201072 44.94323,-0.1959 c 24.71877,-0.107744 45.00947,-0.174602 45.09042,-0.148572 0.17637,0.0567 -21.36777,32.13938 -26.02383,38.75366 l -3.2692,4.64413 -44.93777,0 -44.93776,0 13.03491,-19.325585 z"
     id="path3007"
     inkscape:connector-curvature="0" />
  <path
     style="fill:#666666;fill-opacity:0;stroke:none"
     d="m 139.69665,114.94778 c -4.67566,-3.51464 -14.65029,-11.85526 -16.30663,-13.63534 l -1.4981,-1.610032 3.29583,-3.044172 c 1.81271,-1.674296 6.52824,-5.803542 10.47896,-9.176104 5.36729,-4.581835 7.41231,-5.999062 8.08978,-5.606323 1.63556,0.948163 20.00736,17.026286 20.21325,17.689679 0.28958,0.933022 -19.39424,17.629462 -20.78378,17.629462 -0.2749,0 -1.84509,-1.01123 -3.48931,-2.24717 z"
     id="path3009"
     inkscape:connector-curvature="0" />
  <path
     style="fill:#000000;fill-opacity:0;stroke:none"
     d="m 4.342931,101.01538 0,-94.6803956 158.499779,0 158.49979,0 0,94.6803956 0,94.6804 -158.49979,0 -158.499779,0 0,-94.6804 z m 75.260743,69.13823 c 7.876744,-4.04249 14.570935,-7.81307 16.716267,-9.41565 1.137286,-0.84957 0.618917,-1.46715 -11.354367,-13.52759 -6.900325,-6.95055 -12.717429,-12.63738 -12.926882,-12.63738 -0.304937,0 -9.939989,17.73726 -13.72948,25.27473 -0.849417,1.68953 -0.807718,1.77767 2.396972,5.06661 3.709028,3.80654 9.979591,9.2087 10.689004,9.2087 0.260737,0 3.954555,-1.78624 8.208486,-3.96942 z m 107.508386,-16.70446 0,-18.87616 -18.27692,0 -18.27691,0 0,18.87616 0,18.87616 18.27691,0 18.27692,0 0,-18.87616 z m -32.2629,-41.33143 c 12.89922,-10.48856 14.54621,-11.9936 14.03319,-12.823692 C 168.33726,98.41205 146.33838,80.028425 145.35128,79.63 c -0.39196,-0.1582 -5.97538,4.11689 -12.40763,9.500195 -10.8744,9.10107 -11.64004,9.87193 -10.9119,10.986325 1.83506,2.80852 21.43878,19.4754 22.90712,19.4754 0.39503,0 4.85466,-3.36339 9.91029,-7.4742 z m 102.57176,5.8789 22.56556,-0.39682 14.88507,-22.224605 c 8.1868,-12.22354 15.08088,-22.561686 15.32019,-22.973666 0.34654,-0.596576 -9.13297,-0.749054 -46.56815,-0.749054 l -47.00327,0 -15.653,23.009566 c -8.60914,12.655269 -15.65299,23.171979 -15.65299,23.370479 0,0.48158 43.92301,0.4597 72.10659,-0.0359 l 0,-10e-6 z m -197.203532,-4.18481 6.323722,-0.38692 4.25625,-13.912725 c 2.340937,-7.651992 4.256249,-14.084537 4.256249,-14.294529 0,-0.209999 -8.224611,-0.381814 -18.276912,-0.381814 -10.052302,0 -18.276913,0.114707 -18.276913,0.2549 0,0.460572 4.804638,16.088288 6.968555,22.666148 l 2.11918,6.44186 3.153072,0 c 1.73419,0 5.998748,-0.17412 9.476797,-0.38692 l 0,0 z M 157.38154,58.319318 c 3.06085,-10.070252 11.75323,-40.491146 11.75323,-41.132979 0,-0.473049 -5.83604,-0.664223 -20.27693,-0.664223 l -20.27691,0 -4.86566,16.628994 c -6.39327,21.849826 -7.91313,27.396951 -7.91313,28.881022 0,1.217219 0.22338,1.230941 20.03838,1.230941 l 20.03837,0 1.50265,-4.943755 z m 99.34804,-6.194435 c -1.28805,-3.596714 -4.71214,-12.540326 -7.60909,-19.874693 l -5.26717,-13.335214 -2.15375,-0.577822 c -7.7575,-2.081235 -36.17629,-9.0265087 -38.32629,-9.3665696 -2.38631,-0.377438 -2.58266,-0.3142643 -2.24578,0.7225619 0.20304,0.6248887 3.71077,9.6304307 7.79497,20.0123167 6.38485,16.230062 7.64967,18.988123 9.02269,19.674887 3.10432,1.552736 40.76682,10.744939 40.95139,9.994918 0.0962,-0.390998 -0.87891,-3.653671 -2.16697,-7.250385 l 0,0 z m -175.68354,-20.32207 0,-15.280697 -30.261774,0 -30.261773,0 0,15.280697 0,15.280698 30.261773,0 30.261774,0 0,-15.280698 z"
     id="path3011"
     inkscape:connector-curvature="0" />
  <path
     style="fill:#666666;fill-opacity:0;stroke:none"
     d="m 46.499873,111.95157 c -0.415956,-0.72523 -3.782782,-11.93085 -5.532515,-18.413565 -0.887618,-3.2886 -1.74547,-6.322268 -1.906338,-6.741485 -0.232171,-0.605026 2.997894,-0.762212 15.662981,-0.762212 l 15.95547,0 -0.396002,1.647918 c -0.217802,0.906355 -1.840895,6.717683 -3.606875,12.914064 -1.76598,6.19637 -3.210873,11.38732 -3.210873,11.53542 0,0.46807 -16.69574,0.2908 -16.965848,-0.18014 z"
     id="path3013"
     inkscape:connector-curvature="0" />
  <path
     style="fill:#000000;fill-opacity:0;stroke:none"
     d="m 4.342931,101.01538 0,-94.6803956 158.499779,0 158.49979,0 0,94.6803956 0,94.6804 -158.49979,0 -158.499779,0 0,-94.6804 z m 75.260743,69.13823 c 7.876744,-4.04249 14.570935,-7.81307 16.716267,-9.41565 1.137286,-0.84957 0.618917,-1.46715 -11.354367,-13.52759 -6.900325,-6.95055 -12.717429,-12.63738 -12.926882,-12.63738 -0.304937,0 -9.939989,17.73726 -13.72948,25.27473 -0.849417,1.68953 -0.807718,1.77767 2.396972,5.06661 3.709028,3.80654 9.979591,9.2087 10.689004,9.2087 0.260737,0 3.954555,-1.78624 8.208486,-3.96942 z m 107.508386,-16.70446 0,-18.87616 -18.27692,0 -18.27691,0 0,18.87616 0,18.87616 18.27691,0 18.27692,0 0,-18.87616 z m -32.2629,-41.33143 c 12.89922,-10.48856 14.54621,-11.9936 14.03319,-12.823692 C 168.33726,98.41205 146.33838,80.028425 145.35128,79.63 c -0.39196,-0.1582 -5.97538,4.11689 -12.40763,9.500195 -10.8744,9.10107 -11.64004,9.87193 -10.9119,10.986325 1.83506,2.80852 21.43878,19.4754 22.90712,19.4754 0.39503,0 4.85466,-3.36339 9.91029,-7.4742 z m 102.57176,5.8789 22.56556,-0.39682 14.88507,-22.224605 c 8.1868,-12.22354 15.08088,-22.561686 15.32019,-22.973666 0.34654,-0.596576 -9.13297,-0.749054 -46.56815,-0.749054 l -47.00327,0 -15.653,23.009566 c -8.60914,12.655269 -15.65299,23.171979 -15.65299,23.370479 0,0.48158 43.92301,0.4597 72.10659,-0.0359 l 0,-10e-6 z m -197.203532,-4.18481 6.323722,-0.38692 4.25625,-13.912725 c 2.340937,-7.651992 4.256249,-14.084537 4.256249,-14.294529 0,-0.209999 -8.224611,-0.381814 -18.276912,-0.381814 -10.052302,0 -18.276913,0.114707 -18.276913,0.2549 0,0.460572 4.804638,16.088288 6.968555,22.666148 l 2.11918,6.44186 3.153072,0 c 1.73419,0 5.998748,-0.17412 9.476797,-0.38692 l 0,0 z M 157.38154,58.319318 c 3.06085,-10.070252 11.75323,-40.491146 11.75323,-41.132979 0,-0.473049 -5.83604,-0.664223 -20.27693,-0.664223 l -20.27691,0 -4.86566,16.628994 c -6.39327,21.849826 -7.91313,27.396951 -7.91313,28.881022 0,1.217219 0.22338,1.230941 20.03838,1.230941 l 20.03837,0 1.50265,-4.943755 z m 99.34804,-6.194435 c -1.28805,-3.596714 -4.71214,-12.540326 -7.60909,-19.874693 l -5.26717,-13.335214 -2.15375,-0.577822 c -7.7575,-2.081235 -36.17629,-9.0265087 -38.32629,-9.3665696 -2.38631,-0.377438 -2.58266,-0.3142643 -2.24578,0.7225619 0.20304,0.6248887 3.71077,9.6304307 7.79497,20.0123167 6.38485,16.230062 7.64967,18.988123 9.02269,19.674887 3.10432,1.552736 40.76682,10.744939 40.95139,9.994918 0.0962,-0.390998 -0.87891,-3.653671 -2.16697,-7.250385 l 0,0 z m -175.68354,-20.32207 0,-15.280697 -30.261774,0 -30.261773,0 0,15.280697 0,15.280698 30.261773,0 30.261774,0 0,-15.280698 z"
     id="path3015"
     inkscape:connector-curvature="0" />
  <path
     style="fill:#666666;fill-opacity:0;stroke:none"
     d="m 199.27383,97.270115 c 7.16921,-10.629073 13.72456,-20.316071 14.56746,-21.526661 l 1.53254,-2.201072 44.94323,-0.1959 c 24.71877,-0.107744 45.00947,-0.174602 45.09042,-0.148572 0.17637,0.0567 -21.36777,32.13938 -26.02383,38.75366 l -3.2692,4.64413 -44.93777,0 -44.93776,0 13.03491,-19.325585 z"
     id="path3023"
     inkscape:connector-curvature="0" />
  <path
     style="fill:#666666;fill-opacity:0;stroke:none"
     d="m 139.69665,114.94778 c -4.67566,-3.51464 -14.65029,-11.85526 -16.30663,-13.63534 l -1.4981,-1.610032 3.29583,-3.044172 c 1.81271,-1.674296 6.52824,-5.803542 10.47896,-9.176104 5.36729,-4.581835 7.41231,-5.999062 8.08978,-5.606323 1.63556,0.948163 20.00736,17.026286 20.21325,17.689679 0.28958,0.933022 -19.39424,17.629462 -20.78378,17.629462 -0.2749,0 -1.84509,-1.01123 -3.48931,-2.24717 z"
     id="path3025"
     inkscape:connector-curvature="0" />
  <path
     style="fill:#000000;fill-opacity:0;stroke:none"
     d="m 4.342931,101.01538 0,-94.6803956 158.499779,0 158.49979,0 0,94.6803956 0,94.6804 -158.49979,0 -158.499779,0 0,-94.6804 z m 75.260743,69.13823 c 7.876744,-4.04249 14.570935,-7.81307 16.716267,-9.41565 1.137286,-0.84957 0.618917,-1.46715 -11.354367,-13.52759 -6.900325,-6.95055 -12.717429,-12.63738 -12.926882,-12.63738 -0.304937,0 -9.939989,17.73726 -13.72948,25.27473 -0.849417,1.68953 -0.807718,1.77767 2.396972,5.06661 3.709028,3.80654 9.979591,9.2087 10.689004,9.2087 0.260737,0 3.954555,-1.78624 8.208486,-3.96942 z m 107.508386,-16.70446 0,-18.87616 -18.27692,0 -18.27691,0 0,18.87616 0,18.87616 18.27691,0 18.27692,0 0,-18.87616 z m -32.2629,-41.33143 c 12.89922,-10.48856 14.54621,-11.9936 14.03319,-12.823692 C 168.33726,98.41205 146.33838,80.028425 145.35128,79.63 c -0.39196,-0.1582 -5.97538,4.11689 -12.40763,9.500195 -10.8744,9.10107 -11.64004,9.87193 -10.9119,10.986325 1.83506,2.80852 21.43878,19.4754 22.90712,19.4754 0.39503,0 4.85466,-3.36339 9.91029,-7.4742 z m 102.57176,5.8789 22.56556,-0.39682 14.88507,-22.224605 c 8.1868,-12.22354 15.08088,-22.561686 15.32019,-22.973666 0.34654,-0.596576 -9.13297,-0.749054 -46.56815,-0.749054 l -47.00327,0 -15.653,23.009566 c -8.60914,12.655269 -15.65299,23.171979 -15.65299,23.370479 0,0.48158 43.92301,0.4597 72.10659,-0.0359 l 0,-10e-6 z m -197.203532,-4.18481 6.323722,-0.38692 4.25625,-13.912725 c 2.340937,-7.651992 4.256249,-14.084537 4.256249,-14.294529 0,-0.209999 -8.224611,-0.381814 -18.276912,-0.381814 -10.052302,0 -18.276913,0.114707 -18.276913,0.2549 0,0.460572 4.804638,16.088288 6.968555,22.666148 l 2.11918,6.44186 3.153072,0 c 1.73419,0 5.998748,-0.17412 9.476797,-0.38692 l 0,0 z M 157.38154,58.319318 c 3.06085,-10.070252 11.75323,-40.491146 11.75323,-41.132979 0,-0.473049 -5.83604,-0.664223 -20.27693,-0.664223 l -20.27691,0 -4.86566,16.628994 c -6.39327,21.849826 -7.91313,27.396951 -7.91313,28.881022 0,1.217219 0.22338,1.230941 20.03838,1.230941 l 20.03837,0 1.50265,-4.943755 z m 99.34804,-6.194435 c -1.28805,-3.596714 -4.71214,-12.540326 -7.60909,-19.874693 l -5.26717,-13.335214 -2.15375,-0.577822 c -7.7575,-2.081235 -36.17629,-9.0265087 -38.32629,-9.3665696 -2.38631,-0.377438 -2.58266,-0.3142643 -2.24578,0.7225619 0.20304,0.6248887 3.71077,9.6304307 7.79497,20.0123167 6.38485,16.230062 7.64967,18.988123 9.02269,19.674887 3.10432,1.552736 40.76682,10.744939 40.95139,9.994918 0.0962,-0.390998 -0.87891,-3.653671 -2.16697,-7.250385 l 0,0 z m -175.68354,-20.32207 0,-15.280697 -30.261774,0 -30.261773,0 0,15.280697 0,15.280698 30.261773,0 30.261774,0 0,-15.280698 z"
     id="path3029"
     inkscape:connector-curvature="0" />
  <path
     style="fill:#666666;fill-opacity:0;stroke:none"
     d="m 46.499873,111.95157 c -0.415956,-0.72523 -3.782782,-11.93085 -5.532515,-18.413565 -0.887618,-3.2886 -1.74547,-6.322268 -1.906338,-6.741485 -0.232171,-0.605026 2.997894,-0.762212 15.662981,-0.762212 l 15.95547,0 -0.396002,1.647918 c -0.217802,0.906355 -1.840895,6.717683 -3.606875,12.914064 -1.76598,6.19637 -3.210873,11.38732 -3.210873,11.53542 0,0.46807 -16.69574,0.2908 -16.965848,-0.18014 z"
     id="path3035"
     inkscape:connector-curvature="0" />
  <rect
     style="fill:#000000;fill-opacity:0;stroke:none"
     id="rect3037"
     width="320.59503"
     height="197.15096"
     x="0.99621511"
     y="1.6505554" />
  <path
     style="fill:#666666;fill-opacity:1;stroke:none"
     d="m 42.820222,37.802813 0,-13.482968 28.763666,0 28.763662,0 0,13.482968 0,13.482969 -28.763662,0 -28.763666,0 0,-13.482969 z"
     id="path3809"
     inkscape:connector-curvature="0" />
  <path
     style="fill:#666666;fill-opacity:1;stroke:none"
     d="m 170.09986,68.75803 c 0,-0.66385 4.13357,-15.135307 9.53823,-33.392967 1.30791,-4.418265 2.73052,-8.256781 3.16138,-8.530037 0.43085,-0.273256 8.9457,-0.500958 18.92188,-0.506005 l 18.13852,-0.0092 -0.34982,1.348297 c -0.1924,0.741563 -2.9766,10.247056 -6.1871,21.123317 l -5.83727,19.77502 -4.46089,0.371109 c -8.6396,0.718745 -32.92493,0.586303 -32.92493,-0.179558 z"
     id="path3811"
     inkscape:connector-curvature="0" />
  <path
     style="fill:#666666;fill-opacity:1;stroke:none"
     d="m 292.12993,87.045814 c -1.31834,-0.33053 -9.00363,-2.188423 -17.07843,-4.128652 -8.0748,-1.940228 -15.23843,-3.770746 -15.91917,-4.067817 -0.86519,-0.377563 -2.10755,-2.76854 -4.12776,-7.944087 -4.92962,-12.629083 -11.11371,-28.944071 -11.11371,-29.320403 0,-0.607579 28.42621,6.320975 36.03134,8.782215 3.17248,1.026704 2.95851,0.615033 10.71576,20.617342 2.23841,5.771798 4.63193,11.90989 5.31894,13.640204 l 1.2491,3.146026 -1.33955,-0.06193 c -0.73675,-0.03406 -2.41819,-0.332366 -3.73652,-0.662895 z"
     id="path3813"
     inkscape:connector-curvature="0" />
  <path
     style="fill:#666666;fill-opacity:1;stroke:none"
     d="m 206.77383,148.27011 c 7.16921,-10.62907 13.72456,-20.31607 14.56746,-21.52666 l 1.53254,-2.20107 44.94323,-0.1959 c 24.71877,-0.10774 45.00947,-0.1746 45.09042,-0.14857 0.17637,0.0567 -21.36777,32.13938 -26.02383,38.75366 l -3.2692,4.64413 -44.93777,0 -44.93776,0 13.03491,-19.32559 z"
     id="path3815"
     inkscape:connector-curvature="0" />
  <path
     style="fill:#666666;fill-opacity:1;stroke:none"
     d="m 139.69665,114.94778 c -4.67566,-3.51464 -14.65029,-11.85526 -16.30663,-13.63534 l -1.4981,-1.610032 3.29583,-3.044172 c 1.81271,-1.674296 6.52824,-5.803542 10.47896,-9.176104 5.36729,-4.581835 7.41231,-5.999062 8.08978,-5.606323 1.63556,0.948163 20.00736,17.026286 20.21325,17.689679 0.28958,0.933022 -19.39424,17.629462 -20.78378,17.629462 -0.2749,0 -1.84509,-1.01123 -3.48931,-2.24717 z"
     id="path3817"
     inkscape:connector-curvature="0" />
  <path
     style="fill:#666666;fill-opacity:1;stroke:none"
     d="m 46.499873,111.95157 c -0.415956,-0.72523 -3.782782,-11.93085 -5.532515,-18.413565 -0.887618,-3.2886 -1.74547,-6.322268 -1.906338,-6.741485 -0.232171,-0.605026 2.997894,-0.762212 15.662981,-0.762212 l 15.95547,0 -0.396002,1.647918 c -0.217802,0.906355 -1.840895,6.717683 -3.606875,12.914064 -1.76598,6.19637 -3.210873,11.38732 -3.210873,11.53542 0,0.46807 -16.69574,0.2908 -16.965848,-0.18014 z"
     id="path3819"
     inkscape:connector-curvature="0" />
  <path
     style="fill:#666666;fill-opacity:1;stroke:none"
     d="m 62.993518,166.76007 -5.542098,-5.56524 6.057933,-11.36338 c 3.331863,-6.24986 6.243691,-11.56021 6.47073,-11.80078 0.227038,-0.24057 5.487939,4.64302 11.69089,10.85242 l 11.278093,11.28982 -6.202459,3.27651 c -4.907109,2.59223 -17.741889,8.87589 -18.129579,8.87589 -0.04478,0 -2.575356,-2.50436 -5.62351,-5.56524 z"
     id="path3821"
     inkscape:connector-curvature="0" />
  <path
     style="fill:#666666;fill-opacity:1;stroke:none"
     d="m 135.85596,162.44915 0,-17.07843 16.47918,0 16.47919,0 0,17.07843 0,17.07843 -16.47919,0 -16.47918,0 0,-17.07843 z"
     id="path3823"
     inkscape:connector-curvature="0" />
  <path
     style="fill:#666666;fill-opacity:1;stroke:none"
     d="M 44.271979,106.01832 C 41.245799,96.084386 40.549546,93.717253 39.55159,89.969843 38.96183,87.755241 38.901349,87.442086 38.901349,86.60304 l 0,-0.752993 15.954846,0 15.954846,0 0,0.594346 c 0,0.702687 -0.09212,1.16802 -0.646012,3.263281 -0.92925,3.515159 -1.967662,7.079999 -5.00466,17.180846 -0.970728,3.22858 -1.764961,5.88304 -1.764961,5.8988 0,0.0158 -3.836846,0.0287 -8.526326,0.0287 l -8.526327,0 -2.070776,-6.79766 0,0 z m 17.462738,6.34363 c 0.796335,-0.0432 1.521044,-0.10681 1.610466,-0.14135 0.137178,-0.053 0.219768,-0.27767 0.528552,-1.43782 0.201283,-0.75624 1.425406,-5.13337 2.720275,-9.72694 2.74134,-9.724966 3.457669,-12.306438 3.814119,-13.745138 0.142901,-0.576772 0.278407,-1.110735 0.301127,-1.186585 0.04004,-0.133679 -0.374177,-0.136794 -13.505054,-0.101588 -13.12081,0.03518 -15.470073,0.07433 -17.029461,0.283796 -0.821375,0.110332 -1.123581,0.232119 -1.123581,0.452794 0,0.09221 0.132724,0.607972 0.294943,1.146129 0.162219,0.538157 0.682303,2.377325 1.155743,4.08704 1.435685,5.184638 2.019879,7.24521 2.930632,10.336942 1.029583,3.49512 2.394879,7.91139 2.755698,8.91374 0.236565,0.65717 0.275637,0.71813 0.510829,0.79697 0.886469,0.29716 11.35902,0.52145 15.035712,0.32201 z"
     id="path3845"
     inkscape:connector-curvature="0" />
  <path
     style="fill:#666666;fill-opacity:1;stroke:none"
     d="m 142.87296,117.74362 c -1.54507,-0.80344 -10.45054,-7.85683 -16.30103,-12.91089 -0.88888,-0.76788 -2.39922,-2.09767 -2.612,-2.29975 l -0.11268,-0.10703 0.34399,-6.5e-4 0.34399,-6.5e-4 0.27398,0.24899 c 2.77076,2.51803 9.65755,8.24072 13.6165,11.31484 2.09626,1.62774 3.80182,2.80868 4.52992,3.13652 0.1491,0.0671 0.18908,0.0777 0.26604,0.0703 0.21633,-0.0208 0.8426,-0.39545 1.77698,-1.06308 2.84245,-2.03096 8.96221,-7.07246 13.71705,-11.3002 0.81275,-0.72265 2.49895,-2.2565 2.59218,-2.35797 l 0.0454,-0.0494 0.39467,8e-4 0.39467,8e-4 -0.0773,0.0694 c -0.41266,0.37078 -1.96434,1.73126 -2.67899,2.3489 -6.64136,5.73981 -14.5381,12.07372 -16.084,12.90085 -0.0935,0.0501 -0.18828,0.091 -0.2105,0.091 -0.0222,0 -0.12073,-0.0418 -0.2189,-0.0928 z"
     id="path3849"
     inkscape:connector-curvature="0" />
  <path
     style="fill:#666666;fill-opacity:1;stroke:none"
     d="m 123.34122,101.9629 c -1.0429,-0.95706 -1.87931,-1.79969 -2.0904,-2.105969 l -0.0953,-0.138227 0.11085,-0.143691 c 0.50453,-0.65396 4.89239,-4.537045 10.10605,-8.943461 2.13722,-1.806308 11.62079,-9.783233 11.65724,-9.805266 0.0298,-0.01799 2.22288,1.820499 8.68175,7.277926 3.28761,2.777873 7.64766,6.475179 8.38188,7.107795 2.43234,2.095751 4.46033,4.040181 4.70275,4.50896 0.0395,0.07634 0.0383,0.08526 -0.023,0.177287 -0.15072,0.226236 -1.11085,1.155996 -2.2698,2.198016 l -0.35752,0.32145 -0.38401,0 -0.384,1e-5 0.41049,-0.3871 c 0.58718,-0.55372 1.45467,-1.43364 1.74467,-1.76968 0.28129,-0.32594 0.45342,-0.577641 0.45342,-0.663024 0,-0.08188 -0.18217,-0.28082 -0.85529,-0.934015 -3.06388,-2.973171 -15.00608,-13.408851 -18.45085,-16.123257 -0.62411,-0.491781 -0.91502,-0.694997 -1.02425,-0.715489 -0.13834,-0.02595 -0.42352,0.0052 -0.59504,0.06493 -1.30206,0.453678 -4.19388,2.752934 -11.9268,9.482869 -3.41459,2.971714 -4.94581,4.339738 -7.55575,6.750457 -1.69037,1.561344 -1.70265,1.573424 -1.65519,1.628761 0.32863,0.383208 1.84852,1.975608 2.16368,2.266908 0.22729,0.21009 0.41326,0.38587 0.41326,0.39063 0,0.005 -0.14908,0.009 -0.33129,0.009 l -0.33128,0 -0.49631,-0.45546 0,0 z"
     id="path3851"
     inkscape:connector-curvature="0" />
  <path
     style="fill:#666666;fill-opacity:1;stroke:none"
     d="m 57.732558,162.08142 c -0.394781,-0.40204 -0.715635,-0.73924 -0.713008,-0.74934 0.0026,-0.0101 2.120941,-3.99781 4.707365,-8.86159 2.586425,-4.86378 4.893234,-9.20323 5.126243,-9.64323 l 0.423653,-0.79999 0.210672,-5.6e-4 c 0.115869,-3.1e-4 0.210671,0.003 0.210671,0.007 0,0.004 -0.411393,0.76487 -0.914207,1.69006 -1.249802,2.29964 -2.680327,4.96932 -6.279776,11.71947 l -3.065593,5.74898 0.706,0.7116 c 0.3883,0.39139 0.747677,0.75585 0.798616,0.80992 l 0.09262,0.0983 -0.292735,0 -0.292735,0 -0.717784,-0.73097 0,0 z"
     id="path3853"
     inkscape:connector-curvature="0" />
  <path
     style="fill:#666666;fill-opacity:1;stroke:none"
     d="m 82.781371,165.49497 c 0.977233,-0.4944 2.296036,-1.16809 2.930673,-1.4971 1.72656,-0.89507 7.235665,-3.80917 7.23423,-3.82662 -0.0016,-0.0196 -11.060533,-11.09112 -13.045572,-13.06038 l -1.514829,-1.50279 0.353315,0 0.353314,0 3.671363,3.66568 c 2.01925,2.01612 5.327239,5.31827 7.351088,7.3381 l 3.679725,3.67241 -5.969391,3.05503 -5.969391,3.05502 -0.425656,-2.2e-4 -0.425656,-2.3e-4 1.776787,-0.89891 0,1e-5 z"
     id="path3855"
     inkscape:connector-curvature="0" />
  <path
     style="fill:#666666;fill-opacity:1;stroke:none"
     d="m 68.670822,172.74658 c -0.429048,-0.25957 -1.76025,-1.45746 -3.52855,-3.17518 -0.85714,-0.83262 -2.613526,-2.59959 -4.811768,-4.84076 l -1.864319,-1.90072 0.290531,-0.005 0.290531,-0.005 4.245315,4.24858 c 2.334924,2.33671 4.484708,4.47814 4.777298,4.75872 0.497568,0.47714 0.535558,0.50943 0.587248,0.49909 0.224824,-0.045 2.801711,-1.25086 5.978054,-2.79754 2.032458,-0.98967 2.275377,-1.10902 4.424352,-2.17376 l 1.93375,-0.9581 0.419388,0.005 0.419387,0.005 -1.650897,0.84189 c -5.8061,2.9609 -11.140437,5.57364 -11.375671,5.57178 -0.0071,-6e-5 -0.0677,-0.0332 -0.134649,-0.0737 z"
     id="path3857"
     inkscape:connector-curvature="0" />
  <path
     style="fill:#666666;fill-opacity:1;stroke:none"
     d="m 77.961097,145.19689 c -4.09109,-3.98553 -7.202689,-6.82065 -7.846026,-7.14886 -0.07845,-0.04 -0.111539,-0.0454 -0.139141,-0.0225 -0.0849,0.0705 -0.452206,0.70685 -1.509168,2.61476 l -0.766574,1.38374 -0.207322,0 -0.207322,0 0.145401,-0.27145 c 0.07997,-0.1493 0.712109,-1.33733 1.404753,-2.64007 0.692643,-1.30274 1.271316,-2.38058 1.285939,-2.3952 0.01779,-0.0178 1.500249,1.44642 4.482547,4.4274 l 4.455959,4.45399 -0.344279,-9.8e-4 -0.34428,-9.8e-4 -0.410487,-0.3999 0,0 z"
     id="path3859"
     inkscape:connector-curvature="0" />
  <path
     style="fill:#666666;fill-opacity:1;stroke:none"
     d="m 219.43721,116.71809 0,-0.12153 18.92616,0 18.92615,0 0,0.12153 0,0.12154 -18.92615,0 -18.92616,0 0,-0.12154 z"
     id="path3869"
     inkscape:connector-curvature="0" />
  <path
     style="fill:#666666;fill-opacity:1;stroke:none"
     d="m 284.79561,72.860047 c 0.1033,-0.0093 0.27235,-0.0093 0.37565,0 0.1033,0.0093 0.0188,0.01692 -0.18783,0.01692 -0.2066,0 -0.29113,-0.0076 -0.18782,-0.01692 z"
     id="path3873"
     inkscape:connector-curvature="0" />
</svg>
