<?xml version="1.0" encoding="UTF-8" standalone="no"?>
<svg
   xmlns:dc="http://purl.org/dc/elements/1.1/"
   xmlns:cc="http://creativecommons.org/ns#"
   xmlns:rdf="http://www.w3.org/1999/02/22-rdf-syntax-ns#"
   xmlns:svg="http://www.w3.org/2000/svg"
   xmlns="http://www.w3.org/2000/svg"
   xmlns:sodipodi="http://sodipodi.sourceforge.net/DTD/sodipodi-0.dtd"
   xmlns:inkscape="http://www.inkscape.org/namespaces/inkscape"
   version="1.0"
   width="900.000000pt"
   height="387.000000pt"
   viewBox="0 0 900.000000 387.000000"
   preserveAspectRatio="xMidYMid meet"
   id="svg3997"
   inkscape:version="0.48.4 r9939"
   sodipodi:docname="6.svg">
  <defs
     id="defs4141" />
  <sodipodi:namedview
     pagecolor="#ffffff"
     bordercolor="#666666"
     borderopacity="1"
     objecttolerance="10"
     gridtolerance="10"
     guidetolerance="10"
     inkscape:pageopacity="0"
     inkscape:pageshadow="2"
     inkscape:window-width="1600"
     inkscape:window-height="824"
     id="namedview4139"
     showgrid="false"
     inkscape:zoom="0.816"
     inkscape:cx="492.4177"
     inkscape:cy="321.22628"
     inkscape:window-x="0"
     inkscape:window-y="24"
     inkscape:window-maximized="1"
     inkscape:current-layer="svg3997" />
  <metadata
     id="metadata3999">
Created by potrace 1.10, written by Peter Selinger 2001-2011
<rdf:RDF>
  <cc:Work
     rdf:about="">
    <dc:format>image/svg+xml</dc:format>
    <dc:type
       rdf:resource="http://purl.org/dc/dcmitype/StillImage" />
  </cc:Work>
</rdf:RDF>
</metadata>
  <g
     transform="translate(0.000000,387.000000) scale(0.100000,-0.100000)"
     fill="#000000"
     stroke="none"
     id="g4001">
    <path
       d="M67 3763 c-11 -10 -8 -3691 2 -3697 5 -3 1979 -6 4387 -6 3776 0 4379 2 4386 14 11 19 0 44 -20 50 -15 5 -17 35 -15 328 2 276 5 323 18 330 21 12 19 49 -2 54 -17 5 -18 29 -18 325 0 230 3 319 11 319 32 0 36 41 6 51 -11 4 -14 70 -15 337 -2 308 -1 333 15 338 11 3 18 15 18 29 0 13 -8 30 -18 37 -15 12 -17 38 -17 303 0 160 -4 302 -8 317 -8 22 -6 27 12 30 22 3 22 3 24 426 l2 422 -4381 0 c-2409 0 -4384 -3 -4387 -7z m2884 -67 c2 -2 3 -167 1 -365 l-2 -361 -1411 2 -1411 3 -3 355 c-1 195 -1 358 2 363 4 7 2816 10 2824 3z m5791 -358 l-3 -363 -2870 0 -2871 0 -2 363 -2 362 2876 0 2875 0 -3 -362z m-5790 -415 c2 -5 1 -153 -2 -331 l-5 -322 -1410 0 -1410 -1 -5 321 c-3 176 -3 325 -2 330 4 12 2829 14 2834 3z m5796 -323 l-3 -330 -2873 -3 c-1579 -1 -2872 0 -2872 3 -1 9 -1 645 -1 653 1 4 1295 7 2876 7 l2875 0 -2 -330z m-5798 -730 l0 -340 -1400 -1 c-770 -1 -1406 -2 -1412 -3 -10 -1 -14 74 -16 338 -1 199 2 342 7 345 5 3 642 5 1415 3 l1406 -2 0 -340z m5800 0 l0 -340 -2865 -1 c-1576 -1 -2870 -2 -2876 -3 -8 -1 -11 93 -11 336 0 185 2 341 5 345 3 4 1297 7 2876 5 l2871 -2 0 -340z m-5800 -392 c0 -10 0 -626 0 -635 0 -5 -637 -8 -1415 -8 l-1415 0 0 325 0 325 1415 0 c778 0 1415 -3 1415 -7z m5795 -318 l0 -320 -2874 0 -2873 0 0 320 c1 176 1 321 1 323 1 1 1294 1 2873 0 l2873 -3 0 -320z m-5793 -695 c2 -179 2 -330 0 -335 -3 -7 -489 -10 -1418 -10 l-1414 0 0 334 0 334 1415 1 1414 1 3 -325z m5796 -12 l2 -333 -2877 0 -2878 0 2 332 c1 183 2 334 3 336 0 1 1293 1 2873 0 l2872 -3 3 -332z"
       id="path4003" />
    <path
       d="M237 2713 c-11 -10 -8 -53 3 -53 6 0 10 -5 10 -11 0 -7 10 -33 21 -58 12 -25 25 -55 29 -66 22 -60 31 -75 43 -75 21 0 37 22 37 50 0 14 16 57 35 95 36 73 43 109 23 121 -16 10 -33 -18 -54 -87 -20 -67 -40 -92 -55 -68 -5 8 -9 21 -9 30 0 9 -7 30 -15 45 -8 16 -15 37 -15 46 0 10 -9 22 -19 28 -23 12 -26 12 -34 3z"
       id="path4085" />
    <path
       d="M715 2700 c-23 -26 -9 -44 38 -47 45 -3 65 5 72 27 9 28 -3 44 -21 29 -11 -9 -18 -9 -26 -1 -18 18 -43 14 -63 -8z"
       id="path4087" />
    <path
       d="M466 2589 c-21 -16 -26 -29 -26 -63 0 -74 72 -114 120 -66 29 29 26 42 -7 29 -33 -12 -73 -4 -73 16 0 11 11 15 38 15 25 0 45 7 55 18 15 17 15 20 -9 45 -30 32 -62 34 -98 6z"
       id="path4089" />
    <path
       d="M623 2597 c-6 -6 -9 -41 -8 -77 1 -53 4 -66 18 -68 14 -3 17 5 17 45 0 27 5 54 12 61 13 13 66 16 92 6 22 -8 20 -24 -2 -24 -42 0 -60 -70 -23 -90 26 -13 113 -1 127 18 10 14 15 13 39 -6 35 -28 70 -28 112 1 28 19 33 28 33 64 0 33 -5 46 -26 62 -53 42 -154 13 -154 -44 0 -32 -10 -56 -21 -49 -5 3 -9 22 -9 42 0 61 -10 68 -90 63 -14 -1 -44 1 -66 4 -27 3 -45 0 -51 -8z m347 -37 c12 0 22 -34 14 -54 -10 -25 -66 -21 -83 6 -12 19 -11 24 9 40 13 11 30 16 37 13 8 -3 18 -5 23 -5z m-181 -49 c20 -13 3 -33 -22 -25 -28 8 -30 11 -22 23 8 13 25 14 44 2z"
       id="path4091" />
    <path
       d="M3224 2708 c-4 -6 -8 -65 -9 -130 -1 -125 8 -155 39 -128 11 9 15 37 15 118 0 59 -3 117 -6 130 -6 24 -27 30 -39 10z"
       id="path4093" />
    <path
       d="M3811 2697 c-19 -21 -21 -31 -15 -79 4 -37 3 -58 -5 -62 -20 -12 -12 -60 14 -89 36 -38 73 -36 113 6 36 37 40 62 15 89 -14 16 -15 23 -4 53 13 37 10 46 -22 83 -27 29 -68 28 -96 -1z m77 -59 c-4 -29 -52 -38 -62 -13 -9 25 1 35 35 35 26 0 30 -3 27 -22z m-4 -81 c13 -9 16 -20 11 -40 -6 -21 -13 -27 -36 -27 -22 0 -30 6 -35 25 -6 26 9 55 30 55 7 0 20 -6 30 -13z"
       id="path4095" />
    <path
       d="M3477 2703 c-4 -3 -7 -62 -7 -130 l0 -124 32 3 31 3 -1 115 c0 63 -1 121 -2 128 0 12 -42 17 -53 5z"
       id="path4097" />
    <path
       d="M3681 2678 c-38 -39 -39 -52 -6 -44 30 8 44 -16 25 -39 -12 -14 -16 -13 -36 6 -23 22 -24 22 -44 4 -11 -10 -20 -28 -20 -41 0 -21 5 -23 53 -26 l52 -3 -3 -42 c-3 -38 -1 -43 17 -43 18 0 21 6 21 43 0 24 5 48 11 54 8 8 8 17 0 31 -6 11 -11 46 -11 76 0 66 -12 71 -59 24z"
       id="path4099" />
    <path
       d="M297 1971 c-39 -37 -42 -43 -42 -93 0 -39 5 -60 17 -72 10 -10 18 -21 18 -26 0 -16 72 -50 106 -50 28 0 44 9 80 46 46 46 74 52 74 16 0 -10 11 -29 25 -42 24 -22 28 -23 63 -11 55 20 61 27 54 73 -5 41 -5 41 24 35 22 -4 36 1 59 20 l29 26 -28 22 c-28 22 -29 23 -67 5 -52 -22 -52 -23 -59 -78 -4 -35 -10 -48 -24 -50 -26 -5 -39 12 -38 50 2 44 -12 66 -30 50 -11 -9 -18 -2 -36 31 -31 58 -76 87 -136 87 -41 0 -52 -5 -89 -39z m148 -29 c12 -9 27 -29 34 -43 11 -22 10 -31 -3 -57 -20 -38 -44 -52 -89 -52 -46 0 -87 38 -87 81 0 71 92 116 145 71z"
       id="path4101" />
    <path
       d="M834 1886 c-25 -25 -34 -43 -34 -66 0 -33 -5 -35 -52 -15 -14 5 -18 2 -18 -15 0 -27 17 -60 32 -60 7 0 21 9 33 20 l22 20 25 -20 c25 -19 78 -28 78 -12 0 4 12 15 26 25 24 18 26 18 38 1 22 -29 50 -10 43 29 -7 44 23 87 50 71 13 -8 19 -26 21 -63 3 -53 24 -71 37 -31 6 20 8 19 45 -10 48 -38 76 -38 123 1 52 43 52 84 0 129 -47 39 -89 37 -131 -9 l-27 -30 -20 29 c-11 16 -26 32 -33 35 -21 8 -100 -15 -106 -31 -8 -20 -19 -17 -50 11 -36 34 -62 31 -102 -9z m92 -37 c32 -35 -5 -69 -61 -55 -34 9 -40 37 -13 58 30 23 51 22 74 -3z m344 7 c16 -21 9 -60 -13 -64 -35 -7 -67 7 -67 30 0 39 55 63 80 34z"
       id="path4103" />
    <path
       d="M3224 1998 c-4 -7 -8 -64 -9 -126 0 -94 3 -116 17 -129 15 -13 17 -13 26 4 5 10 8 72 8 138 -1 103 -3 120 -18 123 -9 2 -20 -3 -24 -10z"
       id="path4105" />
    <path
       d="M3452 1988 c-51 -55 -49 -164 4 -228 36 -42 65 -39 104 10 30 37 32 47 32 110 -1 64 -3 72 -32 100 -37 36 -78 39 -108 8z m92 -62 c19 -40 20 -53 5 -94 -12 -35 -43 -50 -64 -32 -19 15 -21 130 -3 148 21 21 45 13 62 -22z"
       id="path4107" />
    <path
       d="M3622 1998 c-16 -16 -16 -38 1 -39 6 -1 26 0 43 1 26 1 33 -3 38 -24 8 -32 -26 -101 -69 -138 -25 -23 -28 -30 -19 -45 16 -26 123 -31 141 -7 17 23 -1 44 -38 44 -40 0 -43 14 -10 51 65 70 45 161 -35 167 -22 2 -45 -3 -52 -10z"
       id="path4109" />
    <path
       d="M3838 1973 c-62 -66 -74 -138 -33 -203 20 -31 31 -40 53 -40 34 0 92 52 92 83 0 27 -45 66 -87 75 l-35 7 47 44 c28 25 44 48 41 57 -9 25 -41 15 -78 -23z m56 -150 c9 -23 -2 -33 -35 -33 -36 0 -51 27 -25 45 20 15 52 9 60 -12z"
       id="path4111" />
    <path
       d="M262 1148 l3 -133 25 0 25 0 3 133 3 132 -31 0 -31 0 3 -132z"
       id="path4113" />
    <path
       d="M383 1174 c-33 -14 -33 -15 -33 -83 0 -68 10 -95 26 -69 5 7 8 30 9 52 0 46 24 68 53 50 12 -9 16 -22 14 -51 -2 -27 2 -44 13 -53 22 -18 33 -3 37 50 2 25 7 44 12 43 5 -1 17 -24 26 -50 9 -26 23 -49 32 -51 17 -3 48 48 48 80 0 31 33 17 42 -18 15 -61 81 -91 117 -55 22 22 51 28 51 11 0 -5 7 -10 15 -10 11 0 15 11 15 39 0 45 20 71 55 71 22 0 24 -4 27 -57 2 -45 7 -59 20 -61 14 -3 17 6 20 55 3 54 5 58 28 58 23 0 25 -4 28 -50 4 -63 14 -73 43 -44 14 14 26 19 34 13 72 -54 89 -54 143 -5 43 40 43 74 -4 117 -47 45 -80 45 -124 -1 -40 -41 -46 -43 -54 -12 -10 39 -40 50 -96 33 -45 -14 -50 -13 -59 2 -8 14 -13 15 -30 5 -12 -7 -27 -13 -36 -13 -8 0 -21 -12 -28 -26 l-14 -27 -29 37 c-16 20 -36 36 -44 36 -8 0 -29 -14 -47 -32 -18 -18 -33 -27 -33 -22 0 6 -6 18 -14 29 -12 17 -15 14 -41 -33 -30 -56 -40 -58 -50 -13 -9 40 -30 57 -50 41 -13 -11 -20 -9 -38 9 -27 24 -39 25 -84 5z m851 -66 c8 -13 6 -22 -8 -37 -24 -26 -41 -26 -71 -2 -22 17 -23 20 -9 40 19 26 71 26 88 -1z m-404 -21 c0 -12 -64 -37 -94 -37 -17 0 -41 28 -32 38 8 7 107 20 119 14 4 -2 7 -9 7 -15z"
       id="path4115" />
    <path
       d="M3460 1283 c-19 -8 -39 -34 -40 -50 0 -16 42 -17 58 -1 9 9 16 7 32 -7 11 -10 20 -22 20 -27 0 -24 -42 -96 -69 -121 -43 -38 -41 -64 5 -73 42 -8 112 0 126 14 18 18 -2 32 -43 32 -47 0 -50 15 -14 58 71 84 17 210 -75 175z"
       id="path4117" />
    <path
       d="M3625 1276 c-27 -20 -6 -44 34 -38 22 3 32 -1 40 -16 10 -18 7 -23 -16 -34 -38 -18 -41 -45 -8 -58 14 -5 28 -17 32 -26 9 -24 -29 -53 -61 -47 -34 7 -48 -24 -21 -43 30 -22 61 -16 95 18 28 27 31 36 25 67 -9 50 -9 82 -1 107 5 15 0 30 -19 52 -29 35 -68 42 -100 18z"
       id="path4119" />
    <path
       d="M3218 1268 c-3 -10 -2 -196 1 -245 1 -20 39 -15 44 5 3 9 4 69 3 132 -1 109 -2 115 -22 118 -12 2 -23 -3 -26 -10z"
       id="path4121" />
    <path
       d="M3874 1260 c-52 -52 -59 -76 -20 -66 28 7 44 -10 27 -27 -8 -8 -19 -8 -41 0 -25 9 -34 8 -51 -6 -20 -16 -20 -18 -4 -34 9 -9 27 -17 40 -17 45 0 55 -10 55 -56 0 -37 3 -44 19 -44 27 0 37 80 25 208 -6 67 -17 76 -50 42z"
       id="path4123" />
    <path
       d="M278 563 c-12 -14 -16 -44 -17 -130 0 -63 4 -115 9 -118 6 -4 20 -3 31 0 22 7 22 15 4 87 -6 23 -3 26 37 31 110 15 103 147 -7 147 -27 0 -47 -6 -57 -17z m100 -59 c2 -15 -3 -23 -17 -27 -32 -8 -61 3 -61 23 0 36 73 39 78 4z"
       id="path4125" />
    <path
       d="M548 569 c-24 -14 -23 -36 3 -50 29 -15 59 12 43 38 -14 22 -25 25 -46 12z"
       id="path4127" />
    <path
       d="M479 472 c-42 -4 -49 -16 -49 -100 0 -39 4 -54 16 -59 21 -8 34 15 27 48 -7 37 12 69 42 69 24 0 25 -3 25 -55 l0 -56 38 2 c20 1 44 0 52 -2 12 -3 16 9 20 51 5 52 7 55 34 58 l29 4 -5 -51 c-4 -35 -1 -54 8 -62 22 -18 37 0 31 38 -7 42 10 73 40 73 25 0 36 -27 31 -76 -3 -27 0 -29 42 -36 25 -4 69 -4 98 -1 51 5 64 17 42 39 -12 12 -17 81 -7 91 4 3 7 0 7 -9 0 -8 9 -23 20 -33 11 -10 20 -24 20 -32 0 -20 30 -63 45 -63 11 0 33 42 49 93 8 24 26 12 26 -17 0 -36 43 -76 83 -76 31 0 57 14 57 31 0 5 -20 9 -45 11 -60 4 -58 22 2 28 53 6 65 24 43 66 -19 34 -66 41 -101 15 -26 -20 -29 -20 -38 -3 -14 24 -41 5 -56 -39 -7 -19 -16 -34 -21 -34 -5 1 -20 20 -32 43 -18 32 -28 41 -42 37 -9 -3 -30 -1 -46 5 -34 13 -74 5 -74 -14 0 -8 12 -18 28 -24 l27 -9 -32 -16 c-41 -22 -53 -21 -53 2 0 23 -44 71 -65 71 -9 0 -26 -5 -37 -11 -15 -8 -26 -8 -42 0 -14 8 -35 9 -61 3 -38 -8 -40 -10 -41 -48 -2 -68 -4 -78 -10 -71 -3 3 -9 30 -13 59 -6 51 -7 53 -41 58 -19 3 -51 4 -71 2z m773 -54 c-9 -9 -15 -9 -24 0 -9 9 -7 12 12 12 19 0 21 -3 12 -12z m-297 -47 c3 -5 1 -12 -5 -16 -13 -8 -50 3 -50 16 0 12 47 12 55 0z"
       id="path4129" />
    <path
       d="M1373 472 c-31 -3 -31 -3 -35 -68 -3 -75 6 -102 28 -83 9 7 12 20 8 36 -11 40 13 71 60 78 23 4 52 2 66 -3 l25 -10 -31 -12 c-41 -14 -60 -50 -45 -79 11 -19 19 -21 74 -19 l62 3 -3 30 c-8 81 -20 124 -36 126 -23 4 -142 4 -173 1z m148 -107 c-1 -15 -24 -12 -29 3 -3 9 2 13 12 10 10 -1 17 -7 17 -13z"
       id="path4131" />
    <path
       d="M3457 574 c-20 -11 -27 -22 -25 -37 3 -19 9 -22 48 -22 34 0 45 -4 48 -17 5 -28 -40 -108 -76 -136 -26 -20 -30 -27 -21 -39 18 -21 153 -14 157 8 2 12 -7 18 -38 22 -50 6 -58 13 -39 30 23 18 46 58 53 93 9 42 -7 80 -43 99 -35 18 -29 18 -64 -1z"
       id="path4133" />
    <path
       d="M3223 568 c-13 -18 -9 -236 5 -250 6 -6 17 -8 25 -5 12 5 15 29 15 124 0 108 -7 143 -28 143 -4 0 -12 -6 -17 -12z"
       id="path4135" />
    <path
       d="M3647 569 c-50 -29 -65 -159 -24 -220 18 -26 31 -35 58 -37 31 -3 40 2 62 32 20 25 27 46 27 79 0 53 9 65 30 37 9 -12 28 -22 43 -24 44 -4 43 -14 -2 -60 -43 -44 -47 -66 -12 -66 27 0 84 69 104 127 19 52 19 53 -3 88 -39 63 -91 73 -133 25 -15 -16 -31 -30 -35 -30 -5 0 -18 14 -30 30 -23 31 -53 38 -85 19z m70 -65 c34 -53 11 -148 -36 -142 -31 4 -44 44 -35 108 9 65 40 80 71 34z m171 2 c5 -26 -11 -38 -42 -30 -25 6 -35 32 -19 48 14 14 58 1 61 -18z"
       id="path4137" />
  </g>
  <text
     xml:space="preserve"
     style="font-size:30.82561493px;font-style:normal;font-variant:normal;font-weight:bold;font-stretch:normal;text-align:start;line-height:125%;letter-spacing:0px;word-spacing:0px;text-anchor:start;fill:#000000;fill-opacity:1;stroke:none;font-family:Arial;-inkscape-font-specification:Arial Bold"
     x="25.808451"
     y="61.939312"
     id="text4863"
     sodipodi:linespacing="125%"><tspan
       sodipodi:role="line"
       id="tspan4865"
       x="25.808451"
       y="61.939312">Estações do ano</tspan></text>
  <text
     xml:space="preserve"
     style="font-size:28.4255352px;font-style:normal;font-variant:normal;font-weight:bold;font-stretch:normal;text-align:start;line-height:125%;letter-spacing:0px;word-spacing:0px;text-anchor:start;fill:#000000;fill-opacity:1;stroke:none;font-family:Arial;-inkscape-font-specification:Arial Bold"
     x="328.5769"
     y="61.479774"
     id="text4867"
     sodipodi:linespacing="125%"><tspan
       sodipodi:role="line"
       id="tspan4869"
       x="328.5769"
       y="61.479774">Total de visitantes (aproximadamente)</tspan></text>
</svg>
