<?xml version="1.0" encoding="UTF-8" standalone="no"?>
<svg
   xmlns:dc="http://purl.org/dc/elements/1.1/"
   xmlns:cc="http://creativecommons.org/ns#"
   xmlns:rdf="http://www.w3.org/1999/02/22-rdf-syntax-ns#"
   xmlns:svg="http://www.w3.org/2000/svg"
   xmlns="http://www.w3.org/2000/svg"
   xmlns:sodipodi="http://sodipodi.sourceforge.net/DTD/sodipodi-0.dtd"
   xmlns:inkscape="http://www.inkscape.org/namespaces/inkscape"
   version="1.0"
   width="900.000000pt"
   height="333.000000pt"
   viewBox="0 0 900.000000 333.000000"
   preserveAspectRatio="xMidYMid meet"
   id="svg2"
   inkscape:version="0.48.4 r9939"
   sodipodi:docname="3.svg">
  <defs
     id="defs182" />
  <sodipodi:namedview
     pagecolor="#ffffff"
     bordercolor="#666666"
     borderopacity="1"
     objecttolerance="10"
     gridtolerance="10"
     guidetolerance="10"
     inkscape:pageopacity="0"
     inkscape:pageshadow="2"
     inkscape:window-width="1152"
     inkscape:window-height="788"
     id="namedview180"
     showgrid="false"
     inkscape:zoom="0.20400001"
     inkscape:cx="1082.9906"
     inkscape:cy="-188.22442"
     inkscape:window-x="0"
     inkscape:window-y="24"
     inkscape:window-maximized="1"
     inkscape:current-layer="svg2" />
  <metadata
     id="metadata4">
Created by potrace 1.10, written by Peter Selinger 2001-2011
<rdf:RDF>
  <cc:Work
     rdf:about="">
    <dc:format>image/svg+xml</dc:format>
    <dc:type
       rdf:resource="http://purl.org/dc/dcmitype/StillImage" />
    <dc:title></dc:title>
  </cc:Work>
</rdf:RDF>
</metadata>
  <g
     transform="translate(0.000000,333.000000) scale(0.100000,-0.100000)"
     fill="#000000"
     stroke="none"
     id="g6">
    <path
       d="M130 3263 c-8 -2 -24 -16 -34 -30 -16 -22 -17 -30 -8 -58 15 -40 16 -537 2 -825 -5 -113 -12 -437 -14 -720 -6 -601 -15 -1066 -24 -1305 -7 -169 -7 -170 -29 -167 -18 3 -23 -2 -23 -21 0 -30 23 -50 80 -70 40 -14 274 -17 2195 -23 1183 -3 2384 -9 2670 -13 286 -3 1281 -5 2210 -4 1776 2 1778 2 1766 44 -17 60 -20 296 -19 1419 1 701 1 1303 0 1337 -2 34 2 81 7 104 6 28 6 49 0 61 -13 24 9 96 33 109 13 7 18 21 18 53 l0 42 -47 2 c-88 3 -14 3 -1622 7 -746 2 -1599 3 -1896 2 -297 0 -585 0 -640 1 -55 0 -293 3 -530 5 -236 2 -599 6 -805 10 -1027 18 -2941 27 -3102 13 -101 -8 -108 -8 -133 13 -15 11 -30 20 -34 20 -3 -1 -13 -3 -21 -6z m3925 -138 c155 -6 2124 -15 3552 -16 737 -1 1205 -5 1209 -10 3 -5 6 -71 7 -147 3 -288 -16 -2847 -20 -2856 -3 -4 -24 -5 -47 -1 -22 3 -448 5 -946 4 -1317 -3 -2491 -1 -3525 6 -500 3 -1169 7 -1485 9 -316 1 -915 6 -1330 11 -415 4 -885 8 -1045 9 l-290 1 4 335 c3 378 5 469 20 1045 10 416 26 1475 22 1552 -2 41 -1 42 36 52 21 5 47 12 58 15 23 6 3613 -2 3780 -9z"
       id="path8" />
    <path
       d="m 4000,3042 c 0,-17 28,-21 125,-21 63,0 99,-4 120,-15 17,-9 43,-16 59,-16 16,0 37,-6 45,-13 9,-7 36,-21 61,-31 107,-43 138,-62 192,-124 40,-45 44,-74 18,-124 -60,-114 -193,-213 -332,-245 -385.7981,-145.8767 -260.4722,-39.4631 -314,-82 -3,-3 -64,-8 -136,-13 -73,-4 -139,-10 -147,-13 -22,-9 -322,-29 -431,-30 -52,0 -140,4 -195,8 -113,9 -143,1 -112,-30 16,-16 43,-18 245,-22 129,-2 262,1 307,8 44,5 125,15 180,21 55,6 129,15 165,21 116,20 105,30 103,-101 -1,-63 -4,-252 -7,-420 -3,-168 -10,-366 -17,-441 -10,-107 -10,-143 0,-170 17,-47 31,-440 19,-563 -5,-55 -6,-106 -3,-114 6,-17 101,-13 325,12 69,8 172,20 230,26 58,6 134,15 170,20 36,5 115,14 175,20 239,24 374,40 470,55 55,9 150,20 210,25 61,5 128,13 150,17 22,4 306,8 632,8 460,0 595,3 604,13 36,35 3,37 -553,39 -298,1 -545,6 -550,11 -4,4 -4,33 2,63 5,29 12,243 15,474 6,486 15,679 32,696 9,9 22,8 55,-6 30,-12 78,-18 161,-21 113,-3 119,-4 138,-29 16,-19 30,-25 59,-25 25,0 40,-5 44,-16 4,-10 16,-14 38,-12 30,3 33,6 33,38 0,32 2,35 25,31 68,-10 881,-11 1025,-1 360,25 622,60 677,91 10,5 25,9 33,9 9,0 41,9 72,20 93,33 87,44 78,-157 -13,-267 -13,-273 -18,-633 -5,-364 -15,-537 -29,-546 -5,-3 -27,-3 -48,1 -31,5 -41,12 -46,30 -11,42 -65,65 -222,94 -23,4 -53,18 -66,30 -36,34 -91,58 -112,50 -10,-4 -26,-8 -34,-8 -10,1 -11,2 -2,6 18,7 16,73 -2,73 -29,0 -67,44 -73,85 -8,59 -43,91 -106,98 -39,5 -56,13 -72,33 -12,15 -28,25 -36,22 -8,-3 -23,2 -34,12 -11,10 -47,32 -79,49 -67,35 -119,40 -163,14 -28,-16 -31,-15 -60,7 -48,35 -48,54 0,75 33,15 46,16 72,6 40,-14 61,-14 105,2 66,23 115,64 145,119 14,26 14,29 -6,45 -60,50 -60,51 14,78 67,25 65,51 -10,104 -32,22 -63,44 -69,48 -96,70 -211,87 -564,80 -282,-6 -345,-14 -391,-53 -8,-8 -21,-14 -27,-14 -11,0 -109,-43 -164,-71 -10,-5 -23,-9 -30,-9 -7,0 -25,-6 -39,-14 -14,-7 -38,-16 -53,-20 -19,-5 -26,-12 -24,-24 5,-26 55,-27 111,-1 l 50,24 33,-39 c 18,-21 31,-42 29,-46 -2,-4 -28,-11 -57,-15 -29,-4 -73,-10 -98,-14 -32,-4 -46,-11 -48,-24 -5,-25 13,-44 50,-51 17,-3 45,-17 62,-30 17,-12 48,-31 70,-41 32,-16 43,-16 72,-6 45,16 70,-1 109,-76 25,-48 39,-62 79,-82 49,-24 51,-25 166,-13 75,8 134,19 165,33 35,15 58,19 86,15 39,-6 55,8 24,20 -19,8 -19,33 0,40 30,12 123,-71 103,-91 -2,-3 -21,1 -42,7 -32,10 -39,10 -47,-4 -5,-9 -29,-28 -53,-42 -25,-14 -54,-39 -66,-56 l -21,-30 -192,-2 -192,-3 -3,-34 c -2,-18 2,-39 8,-45 6,-6 41,-12 78,-13 37,-2 123,-6 192,-9 121,-6 233,7 246,27 3,5 18,16 34,24 27,14 30,14 40,-5 20,-37 -1,-75 -73,-134 -38,-31 -78,-62 -89,-70 -19,-14 -19,-15 -1,-66 14,-42 25,-56 50,-66 39,-17 51,-39 44,-79 -5,-23 -16,-35 -49,-50 -32,-15 -42,-25 -40,-40 3,-17 10,-20 42,-18 22,2 46,9 55,17 9,7 33,19 54,26 29,9 42,21 55,48 24,55 42,72 73,72 30,0 59,-31 59,-62 0,-10 -19,-28 -45,-44 -47,-27 -55,-43 -31,-63 11,-9 28,-6 80,18 39,17 66,36 66,45 0,22 41,85 78,119 24,23 32,39 32,65 0,19 12,59 26,89 21,46 24,59 15,86 -6,18 -12,55 -13,82 l -3,50 40,-2 c 51,-4 106,-47 118,-94 5,-19 13,-38 18,-43 19,-20 8,-47 -37,-92 -46,-46 -47,-46 -41,-100 l 6,-54 -75,0 c -66,0 -74,-2 -74,-19 0,-27 23,-32 137,-31 54,0 255,0 446,-1 229,-1 353,3 359,9 7,7 12,150 14,399 4,357 13,603 34,873 6,84 5,108 -6,121 -16,18 -9,29 18,29 24,0 118,58 143,89 46,56 57,149 24,213 -21,41 -129,158 -146,158 -4,0 -8,60 -8,133 l 0,132 -552,1 c -303,1 -556,5 -562,9 -11,6 -612,7 -766,0 -392,-17 -739,-29 -780,-28 -258,8 -549,24 -587,33 -33,7 -56,6 -75,-1 -20,-8 -70,-8 -178,1 -82,7 -161,11 -175,9 -26,-4 -39,-34 -22,-51 5,-5 159,-13 343,-19 184,-5 393,-14 464,-21 72,-6 159,-11 195,-11 89,0 341,20 420,33 46,8 258,10 715,7 743,-6 847,-7 1225,-8 287,-1 297,-2 284,-44 -3,-11 -8,-41 -11,-68 -6,-51 -20,-68 -37,-46 -10,13 -70,45 -126,67 -14,5 -59,17 -100,26 -41,10 -100,24 -132,33 -34,9 -69,13 -90,9 -18,-4 -50,-10 -70,-13 -5.7877,-16.3691 34.7032,-4.5055 52,-3 46.2173,-16.7719 93.6372,-37.719 140,-47 36,-8 82,-18 102,-22 21,-5 44,-13 51,-20 8,-6 41,-20 75,-30 85,-27 155,-75 234,-159 71,-76 85,-109 75,-182 -3,-21 -13,-47 -23,-58 -24,-25 -121,-92 -133,-92 -5,0 -14,-6 -20,-14 -6,-7 -37,-16 -69,-19 -31,-4 -86,-13 -122,-22 -248,-60 -435,-81 -915,-104 -201,-10 -696,-8 -837,3 -67,5 -68,5 -68,-20 0,-31 -25,-42 -49,-20 -10,9 -26,16 -36,16 -10,0 -27,7 -37,17 -20,18 -105,29 -323,41 -71,4 -137,12 -145,17 -8,6 -71,15 -140,21 -69,7 -145,19 -170,29 -24,9 -67,19 -95,22 -42,5 -94,29 -115,53 -3,3 -30,17 -60,32 -58,29 -124,85 -153,130 -36,57 -12,130 65,197 25,23 49,41 52,41 4,0 24,11 46,25 21,14 56,29 77,34 21,6 63,17 93,25 30,8 75,21 100,27 25,7 59,18 77,25 17,8 42,14 56,14 33,0 57,10 57,22 0,19 -114,2 -325,-46 -241,-55 -398,-204 -366,-347 8,-35 22,-56 74,-104 57,-53 106,-82 232,-140 17,-8 48,-17 70,-21 22,-4 48,-11 57,-16 37,-19 282,-61 363,-62 l 50,-1 -1,-45 c -7,-558 -28,-1197 -38,-1207 -4,-4 -49,-11 -99,-15 -154,-11 -310,-29 -342,-38 -32,-10 -161,-25 -345,-40 -63,-5 -140,-14 -170,-20 -30,-6 -102,-15 -160,-20 -210,-19 -301,-29 -358,-39 -51,-9 -194,-25 -232,-26 -12,0 -14,40 -15,270 -1,194 -5,281 -14,309 -11,30 -12,75 -6,190 5,83 10,248 11,366 1,118 4,316 7,440 l 4,225 64,7 c 234,24 453,116 520,218 12,19 33,46 46,60 34,38 52,99 40,135 -24,70 -155,194 -206,195 -18,0 -74,17 -119,36 -18,8 -52,14 -75,14 -24,0 -47,4 -52,9 -15,14 -235,26 -235,13 z M 7211,1820 c 170,-86 209,-123 154,-148 -14,-6 -25,-16 -25,-22 0,-5 -12,-10 -27,-10 -27,0 -73,37 -73,58 0,6 -9,13 -20,17 -11,4 -23,20 -28,38 l -8,32 -122,3 c -125,3 -203,-10 -324,-53 -78,-28 -57,-47 25,-24 68,18 353,53 374,45 14,-6 14,-8 -1,-24 -36,-40 -1,-85 59,-75 30,5 33,3 28,-15 -7,-28 -21,-32 -74,-21 -24,5 -127,16 -228,24 l -184,16 -47,-25 c -53,-29 -114,-34 -145,-12 -31,21 -85,27 -148,16 -67,-11 -84,-4 -110,42 -17,29 -15,48 4,48 5,0 27,11 49,25 22,14 41,25 43,25 3,0 2,-11 -1,-25 -4,-23 -2,-25 36,-25 24,0 45,6 53,16 11,14 10,18 -10,34 -32,24 -22,35 46,49 73,14 132,16 424,14 222,-1 239,-2 280,-23 z m -654,-245 c 9,-25 -65,-84 -105,-85 -32,0 -33,1 -27,31 7,30 7,30 -32,27 -33,-3 -38,-6 -41,-30 -4,-36 -37,-45 -87,-24 -90,38 -79,59 38,75 171,24 246,25 254,6 z m 235,-22 c -2,-27 2,-34 23,-39 33,-8 53,10 47,42 l -5,25 74,-3 c 69,-3 74,-5 77,-26 7,-46 -22,-62 -114,-62 -60,0 -87,4 -98,15 -8,8 -19,15 -24,15 -17,0 -62,41 -62,56 0,12 10,14 43,12 41,-3 42,-4 39,-35 z m 557,11 c 2,-2 0,-15 -3,-29 -7,-29 -87,-85 -122,-85 -12,0 -33,9 -47,20 -32,25 -52,25 -70,0 -24,-35 -86,-71 -105,-61 -9,5 -47,12 -83,15 -74,8 -96,-4 -85,-49 11,-43 -54,-64 -202,-66 -82,-1 -117,10 -96,30 5,6 52,13 104,17 92,6 126,17 114,35 -8,14 -124,10 -178,-6 -27,-8 -52,-15 -56,-15 -14,0 -80,72 -75,81 10,15 71,10 85,-6 9,-11 32,-15 81,-15 62,0 69,2 69,20 0,18 -6,20 -57,18 -52,-3 -58,-1 -61,18 -4,25 49,74 79,74 10,0 43,-22 74,-50 l 54,-49 128,5 c 124,5 129,6 148,31 45,59 65,72 123,76 56,4 173,-2 181,-9 z m -64,-293 c 46,-26 50,-31 47,-62 -3,-40 13,-52 49,-33 34,17 79,18 79,2 0,-20 -58,-48 -99,-48 -33,0 -48,9 -105,61 -60,56 -77,84 -59,102 12,13 38,6 88,-22 z m -115,-57 c 37,-54 120,-114 159,-114 31,0 32,-2 30,-34 -2,-22 3,-42 14,-54 9,-10 17,-28 17,-39 0,-34 -27,-35 -63,-3 -26,23 -30,31 -19,41 6,7 12,16 12,20 0,10 -117,31 -159,28 -48,-4 -57,3 -66,48 -4,21 -15,49 -26,64 -19,27 -25,60 -12,72 3,4 25,7 47,7 36,0 44,-5 66,-36 z m -172,14 c 5,-7 13,-23 17,-36 5,-19 2,-25 -14,-29 -12,-3 -21,-9 -21,-14 0,-5 -7,-9 -15,-9 -8,0 -15,7 -15,16 0,9 -8,23 -17,30 -17,13 -16,15 7,34 29,23 44,25 58,8 z m -97,-88 c 41,-23 11,-52 -35,-34 -12,5 -13,10 -5,25 11,22 14,23 40,9 z m 669,-10 c 0,-18 -2,-19 -20,-8 -11,7 -20,16 -20,20 0,5 9,8 20,8 13,0 20,-7 20,-20 z m -734,-11 c 3,-6 1,-16 -4,-21 -13,-13 -45,8 -36,23 7,12 31,11 40,-2 z m 404,-117 c 0,-21 72,-82 97,-82 23,0 25,-3 19,-27 -4,-16 -11,-45 -15,-66 -5,-21 -11,-41 -15,-44 -4,-4 -39,-6 -78,-6 -86,1 -98,12 -90,78 5,49 -8,75 -38,75 -23,0 -29,-16 -22,-57 7,-50 -5,-83 -31,-84 l -22,0 23,-9 c 12,-5 22,-12 22,-16 0,-12 -51,-74 -61,-74 -12,0 -12,46 1,71 9,17 7,19 -18,19 -36,0 -57,17 -70,57 -10,30 -9,34 20,55 16,13 51,44 76,71 l 46,47 78,0 c 43,0 78,-4 78,-8 z m 430,-34 c 0,-5 -4,-8 -10,-8 -5,0 -10,10 -10,23 0,18 2,19 10,7 5,-8 10,-18 10,-22 z m 132,-86 c 17,-17 -5,-31 -52,-33 -33,0 -34,-1 -12,-11 30,-15 23,-32 -16,-36 -23,-2 -32,1 -32,12 0,8 -5,18 -11,21 -16,10 -59,-4 -59,-19 0,-25 30,-39 88,-42 46,-2 65,2 101,23 34,20 48,23 65,15 11,-6 35,-10 51,-10 59,2 144,-14 156,-28 28,-34 -3,-39 -244,-36 -221,2 -233,4 -249,23 -27,32 -21,75 18,119 17,20 177,21 196,2 z M 7276,714 c -5,-13 -10,-14 -18,-6 -6,6 -8,18 -4,28 5,13 10,14 18,6 6,-6 8,-18 4,-28 z"
       id="path14"
       inkscape:connector-curvature="0"
       sodipodi:nodetypes="sscsccccccccccsccsccscccccsscccssccsccscccsccscscssccccccccccsccssscccccccccccccscsccccccssccccccccccccccccccccccsccccccccccccccccsscccscscscccccsscssccscccsccsscccccccccsccscccccccccccccccccccscccccscscccccccsccsccsccssccccsccccscccsccccccsccccccccscsccsssscccccccsccccccccssscscccccccccccccccccccssssccccscccccccccssccssccscccccccccssccccsccsccsccccscccsssscccccccscssscsccsssccccsccccsscsccccssssscsscccscsccccccccscscsc" />
    <path
       d="M6523 1783 c-33 -4 -47 -23 -18 -23 8 0 19 -10 26 -21 9 -17 17 -20 45 -16 32 5 46 -5 24 -18 -5 -3 -10 -13 -10 -21 0 -15 46 -20 67 -6 16 10 28 88 15 95 -14 9 -112 16 -149 10z"
       id="path16" />
    <path
       d="M2780 3015 c-8 -2 -49 -9 -90 -15 -41 -7 -93 -21 -115 -31 -22 -10 -62 -23 -90 -30 -27 -7 -66 -22 -85 -33 -19 -12 -51 -29 -70 -39 -45 -23 -123 -95 -137 -127 -23 -50 -23 -90 -3 -136 23 -50 117 -148 152 -160 13 -4 39 -17 58 -29 20 -12 51 -26 70 -30 19 -3 49 -11 65 -15 17 -5 42 -12 58 -15 24 -5 27 -10 27 -45 0 -32 -5 -43 -30 -62 -18 -13 -30 -31 -30 -45 0 -29 25 -40 48 -21 16 15 189 88 206 88 4 0 21 9 37 21 24 17 27 24 18 35 -14 17 -41 11 -127 -28 -35 -15 -68 -28 -73 -28 -14 0 -10 34 7 58 15 21 15 25 -2 43 -9 10 -29 19 -43 19 -14 0 -38 6 -53 14 -15 8 -41 17 -59 21 -19 4 -40 11 -49 16 -8 5 -37 18 -64 29 -26 12 -75 47 -107 79 l-59 57 0 60 c0 74 12 92 93 140 34 21 65 42 68 46 3 5 35 19 70 32 35 13 77 28 92 35 16 6 35 11 42 11 14 0 60 18 124 49 19 9 42 16 50 17 65 4 67 5 46 14 -21 9 -22 9 -45 5z"
       id="path20" />
    <path
       d="M1680 2319 c-19 -4 -69 -13 -110 -20 -197 -31 -240 -39 -305 -54 -38 -9 -92 -20 -120 -24 -54 -9 -148 -40 -180 -58 -18 -10 -20 -22 -20 -100 0 -64 5 -100 18 -128 19 -42 67 -80 114 -90 85 -19 105 -43 54 -65 -34 -13 -48 -39 -29 -52 19 -11 140 2 159 18 16 15 39 19 39 8 0 -4 -7 -12 -17 -19 -9 -7 -13 -17 -9 -23 11 -18 137 -15 181 4 51 21 67 13 63 -33 -3 -32 -7 -38 -28 -41 -14 -1 -58 -10 -99 -19 -74 -18 -76 -19 -179 -120 -57 -57 -108 -103 -113 -103 -13 0 -11 -34 3 -48 7 -7 19 -12 27 -12 8 0 56 -20 106 -43 49 -24 114 -55 143 -68 49 -22 57 -32 54 -70 -1 -9 16 -30 37 -47 26 -21 41 -42 45 -65 3 -18 31 -76 62 -128 79 -133 124 -217 124 -232 0 -8 -16 -36 -35 -63 -19 -27 -35 -58 -35 -69 0 -11 40 -79 89 -151 l90 -131 -15 -42 c-17 -49 -10 -91 16 -91 9 0 39 23 66 51 46 47 51 50 89 44 21 -3 44 -10 50 -14 16 -13 114 -34 130 -27 28 10 15 34 -34 65 -54 33 -78 65 -63 84 29 37 46 126 45 221 -2 65 2 110 11 130 33 76 50 136 57 201 4 39 14 105 22 147 11 58 12 89 4 128 -12 60 -41 87 -176 159 l-83 45 7 35 c4 20 9 39 11 43 10 15 37 8 73 -21 83 -65 101 -69 377 -65 150 2 265 -1 289 -7 72 -19 90 -17 90 10 0 21 -9 29 -54 46 -41 17 -57 29 -67 53 -10 24 -19 32 -38 32 -14 0 -28 -5 -32 -11 -12 -20 -97 -50 -124 -44 -14 4 -79 13 -145 21 -172 19 -176 20 -208 64 -40 57 -104 104 -172 128 -52 18 -71 20 -140 13 -89 -9 -115 -5 -115 15 0 10 15 14 55 14 30 0 55 4 55 9 0 13 -26 21 -68 21 -20 0 -59 7 -86 15 -27 8 -62 15 -79 15 -31 0 -83 21 -134 56 -17 12 -56 24 -85 28 -62 9 -118 40 -118 66 0 32 18 32 86 0 71 -33 109 -34 82 -2 -33 39 -41 77 -24 126 31 90 46 99 122 72 22 -7 73 -17 114 -21 77 -8 76 -23 -2 -24 -49 -1 -180 -29 -192 -41 -7 -7 -6 -14 2 -22 9 -9 26 -7 74 6 35 10 101 20 148 23 56 4 88 10 93 19 6 11 37 14 125 14 64 0 134 4 155 9 32 8 47 5 85 -14 26 -12 62 -26 79 -30 18 -3 35 -11 38 -16 7 -11 65 -12 65 -1 0 4 -7 16 -15 26 -8 11 -15 32 -15 46 0 61 -138 147 -335 209 -38 13 -78 27 -87 32 -21 11 -88 10 -138 -2z m185 -79 c16 -16 33 -30 39 -30 17 0 96 -42 96 -51 0 -14 -68 -11 -98 5 -15 7 -47 17 -72 20 -25 4 -66 12 -93 18 -39 10 -50 9 -62 -3 -26 -26 -2 -39 86 -45 46 -3 101 -13 121 -21 26 -11 53 -14 88 -10 44 5 50 4 50 -12 0 -10 -9 -21 -20 -24 -28 -7 -201 10 -345 33 -169 28 -197 35 -221 50 -18 11 -25 10 -48 -5 -42 -28 -76 -89 -84 -153 -6 -42 -12 -56 -22 -54 -56 14 -79 13 -104 -4 -22 -14 -26 -22 -21 -43 4 -14 13 -30 21 -34 8 -4 14 -12 14 -17 0 -16 -36 -12 -50 5 -7 8 -20 15 -28 15 -9 0 -33 12 -54 26 -44 31 -56 71 -48 172 5 64 6 67 30 64 14 -1 45 4 70 12 26 8 71 20 100 25 30 5 82 17 115 26 33 8 107 22 165 30 58 8 123 19 145 24 22 5 76 9 121 10 77 1 81 0 109 -29z m263 -89 c48 -36 58 -49 44 -63 -8 -8 -18 -6 -34 4 -32 22 -88 73 -88 81 0 16 40 5 78 -22z m-883 -321 c3 -5 28 -10 54 -10 31 0 53 -5 61 -15 7 -8 18 -15 25 -15 18 0 48 -37 40 -49 -12 -21 -62 -12 -79 14 -18 27 -61 34 -97 14 -12 -6 -27 -8 -36 -5 -13 5 -13 9 -2 22 10 12 10 20 1 35 -10 16 -9 19 7 19 11 0 23 -4 26 -10z m374 -134 c26 -27 25 -59 -2 -64 -26 -5 -47 16 -47 48 0 46 16 51 49 16z m281 -66 c0 -11 -13 -29 -30 -42 -16 -12 -30 -26 -30 -30 0 -5 16 -18 35 -29 35 -21 48 -60 24 -75 -16 -9 -38 -66 -32 -81 7 -17 79 -66 154 -104 33 -16 59 -33 59 -38 0 -9 -118 -26 -300 -42 -114 -10 -125 -9 -137 7 -7 10 -13 23 -13 30 0 13 51 54 68 54 5 0 12 10 15 22 5 17 -6 33 -46 73 -85 86 -169 149 -220 166 -36 12 -44 19 -35 27 24 19 93 32 175 32 46 0 102 5 125 11 35 8 150 33 181 38 4 0 7 -8 7 -19z m96 -65 c3 -14 13 -25 21 -25 7 0 24 -11 36 -24 12 -13 45 -37 73 -55 43 -26 62 -31 115 -32 35 0 73 -4 84 -8 16 -7 14 -9 -14 -14 -19 -4 -66 -7 -107 -7 -66 0 -76 3 -104 29 -17 15 -52 38 -77 51 -34 17 -44 27 -40 41 4 14 0 19 -15 19 -10 0 -28 5 -40 11 -20 11 -20 11 2 34 27 29 56 20 66 -20z m-586 -41 c21 -21 0 -36 -58 -42 -55 -5 -70 6 -50 37 20 32 76 35 108 5z m109 -87 c25 -23 63 -56 84 -73 49 -40 47 -69 -4 -96 -35 -18 -37 -18 -85 3 -27 12 -62 31 -79 43 -38 27 -64 42 -93 56 -29 13 -25 30 14 51 16 8 45 25 64 37 19 12 39 22 44 22 5 0 30 -19 55 -43z m-213 21 c4 -7 -2 -18 -14 -26 -41 -27 -25 -58 62 -116 32 -21 35 -26 17 -26 -29 0 -200 82 -201 96 0 11 44 54 76 72 25 15 51 15 60 0z m1309 -38 c7 -12 -39 -24 -61 -16 -8 3 -12 10 -9 16 8 13 62 13 70 0z m-1033 -225 c10 -23 9 -28 -13 -43 -32 -23 -43 -21 -47 6 -2 13 -10 26 -18 29 -31 12 -14 33 26 33 34 0 42 -4 52 -25z m542 -21 c20 -19 20 -48 1 -127 -8 -34 -19 -93 -25 -132 -13 -81 -45 -199 -64 -235 -9 -17 -12 -54 -8 -121 4 -81 1 -107 -18 -165 -13 -38 -27 -73 -32 -79 -13 -15 -9 -23 14 -27 31 -4 35 -28 5 -28 -35 0 -67 57 -67 118 0 26 -6 67 -14 92 -14 48 -6 173 14 211 13 24 13 155 -1 203 -19 67 -16 149 6 189 15 28 17 39 8 48 -9 9 -20 5 -44 -14 -30 -23 -34 -24 -65 -11 -32 13 -64 10 -64 -6 0 -5 18 -19 40 -31 22 -13 41 -27 42 -33 0 -6 2 -33 4 -61 1 -27 7 -88 13 -133 8 -62 8 -95 -1 -125 -17 -63 -21 -206 -8 -248 7 -19 13 -64 14 -100 0 -35 5 -67 9 -70 10 -8 -10 -59 -23 -59 -7 0 -9 13 -5 34 5 25 2 39 -10 53 -9 10 -40 54 -68 98 -28 44 -57 86 -64 93 -23 24 -15 76 17 112 17 18 30 38 30 44 0 39 -83 217 -130 279 -22 29 -40 58 -40 65 0 7 -7 27 -16 43 -14 28 -14 33 1 55 14 22 21 24 106 24 50 0 99 5 110 10 11 6 65 14 122 17 56 3 118 12 137 19 47 17 56 17 74 -2z"
       id="path124" />
    <path
       d="M1945 2007 c-50 -37 -64 -59 -65 -104 0 -30 -6 -46 -20 -56 -13 -9 -18 -20 -14 -31 4 -10 1 -16 -8 -16 -8 0 -22 -6 -32 -13 -16 -12 -17 -16 -5 -36 12 -18 22 -21 59 -19 38 3 46 7 48 25 2 15 -5 26 -25 37 l-28 15 32 7 c44 9 53 22 55 85 2 55 21 87 62 102 9 4 16 11 16 17 0 18 -44 10 -75 -13z"
       id="path164" />
    <path
       d="M2135 1987 c-11 -6 -41 -12 -66 -13 -47 -1 -109 -35 -109 -61 0 -23 40 -36 92 -29 99 13 98 -35 -1 -94 -86 -52 -107 -70 -116 -97 -10 -35 15 -29 92 21 149 98 155 104 152 146 -2 29 2 45 19 63 25 26 29 47 8 47 -7 0 -19 7 -26 15 -15 18 -19 18 -45 2z m9 -43 c7 -19 -2 -37 -15 -29 -12 8 -12 45 0 45 5 0 12 -7 15 -16z"
       id="path166" />
    <path
       d="M1595 1970 c-189 -14 -217 -61 -60 -101 60 -15 76 -15 184 3 85 14 104 25 78 47 -20 16 -107 61 -115 59 -4 -1 -43 -4 -87 -8z m35 -50 c0 -15 -7 -20 -29 -20 -40 0 -84 18 -76 30 3 5 28 10 56 10 42 0 49 -3 49 -20z"
       id="path168" />
    <path
       d="M4188 1621 c-40 -8 -78 -36 -78 -57 0 -7 11 -26 25 -43 23 -27 25 -35 18 -83 -9 -69 -7 -79 25 -105 34 -29 71 -29 106 -2 24 19 26 26 26 96 0 60 4 80 20 100 11 14 20 29 20 34 0 15 -51 59 -68 59 -9 0 -26 2 -37 4 -11 2 -37 1 -57 -3z m77 -71 c0 -22 -5 -25 -37 -28 -29 -3 -38 1 -43 17 -10 31 3 42 43 39 32 -3 37 -6 37 -28z m-17 -112 c-3 -47 -6 -53 -27 -56 -23 -4 -24 -2 -18 43 8 55 13 65 33 65 12 0 14 -11 12 -52z"
       id="path170" />
    <path
       d="M7945 640 c-8 -13 3 -29 68 -97 35 -36 48 -56 43 -69 -6 -15 -9 -15 -30 5 -13 13 -32 21 -43 19 -14 -3 -17 -11 -15 -42 4 -36 3 -37 -18 -26 -28 15 -50 6 -50 -20 0 -11 -5 -20 -11 -20 -6 0 -8 9 -4 20 10 31 -21 36 -71 11 -26 -12 -48 -31 -54 -46 -9 -24 -30 -35 -30 -16 0 5 -30 41 -67 80 -51 54 -72 71 -85 66 -26 -10 -22 -31 16 -72 43 -49 52 -76 30 -97 -15 -15 -18 -15 -33 -1 -24 21 -48 19 -61 -6 -9 -16 -8 -24 3 -37 14 -17 30 -52 23 -52 -5 0 -47 23 -66 35 -8 6 -35 17 -59 25 -24 8 -48 22 -52 30 -4 8 -16 36 -28 61 -23 55 -65 78 -101 59 -21 -11 -77 -69 -93 -95 -13 -23 4 -45 34 -45 16 0 30 3 30 8 1 4 3 18 4 30 3 30 37 65 56 57 14 -5 49 -59 49 -76 0 -5 -9 -4 -20 3 -10 7 -22 9 -25 6 -9 -9 13 -48 28 -48 7 0 23 -16 36 -35 13 -19 29 -35 36 -35 6 0 22 -11 35 -25 23 -25 60 -34 60 -15 0 5 -13 19 -30 32 -32 23 -40 48 -16 48 8 0 35 -13 59 -30 53 -35 87 -39 87 -10 0 13 12 25 34 34 36 15 56 41 56 75 0 43 25 29 117 -68 52 -56 101 -101 108 -101 30 0 18 28 -42 100 -58 70 -72 97 -57 113 4 3 21 -5 39 -18 40 -31 56 -31 85 0 13 14 33 25 45 25 11 0 26 5 32 11 14 14 52 36 76 45 9 3 17 10 17 15 0 13 27 11 50 -3 14 -9 25 -10 36 -3 25 16 18 28 -26 45 -22 9 -49 27 -58 41 -63 95 -127 142 -147 109z"
       id="path172" />
    <path
       d="M8225 602 c-27 -19 -42 -57 -32 -79 12 -27 71 -33 81 -8 4 11 20 15 56 15 44 0 52 3 62 25 16 35 -3 56 -32 37 -17 -10 -26 -10 -50 3 -31 16 -69 19 -85 7z"
       id="path174" />
    <path
       d="M8426 446 c-18 -19 -57 -42 -91 -55 -69 -26 -75 -32 -75 -83 0 -35 2 -38 29 -38 42 0 139 54 164 92 30 43 45 45 54 7 10 -39 22 -44 48 -25 17 13 18 18 8 35 -7 12 -13 29 -13 40 0 23 -45 61 -73 61 -11 0 -34 -15 -51 -34z m-76 -111 c0 -8 -9 -15 -20 -15 -11 0 -20 7 -20 15 0 8 9 15 20 15 11 0 20 -7 20 -15z"
       id="path176" />
    <path
       d="M8127 332 c-40 -24 -31 -47 18 -47 31 0 39 -4 36 -15 -15 -58 -14 -70 11 -70 25 0 68 37 68 58 0 7 -7 12 -16 12 -11 0 -13 6 -9 20 3 10 1 28 -5 40 -13 25 -62 26 -103 2z"
       id="path178" />
  </g>
  <text
     xml:space="preserve"
     style="font-size:16.57477379px;font-style:normal;font-variant:normal;font-weight:bold;font-stretch:normal;text-align:start;line-height:125%;letter-spacing:0px;word-spacing:0px;text-anchor:start;fill:#000000;fill-opacity:1;stroke:none;font-family:Comic Sans MS;-inkscape-font-specification:Sans Bold"
     x="343.12344"
     y="63.159569"
     id="text3159"
     sodipodi:linespacing="125%"><tspan
       sodipodi:role="line"
       x="346.7168"
       y="63.159569"
       id="tspan3165"
       style="text-align:center;text-anchor:middle">MEU FILHO, O QUE </tspan><tspan
       sodipodi:role="line"
       x="343.12344"
       y="83.878029"
       id="tspan3179"
       style="text-align:center;text-anchor:middle">FOI ISSO??????</tspan></text>
  <text
     xml:space="preserve"
     style="font-size:17.50555611px;font-style:normal;font-variant:normal;font-weight:bold;font-stretch:normal;text-align:start;line-height:125%;letter-spacing:0px;word-spacing:0px;text-anchor:start;fill:#000000;fill-opacity:1;stroke:none;font-family:Comic Sans MS;-inkscape-font-specification:Sans Bold"
     x="680.70007"
     y="75.882462"
     id="text3167"
     sodipodi:linespacing="125%"><tspan
       sodipodi:role="line"
       id="tspan3169"
       x="680.70007"
       y="75.882462"
       style="text-align:center;text-anchor:middle">ESTOU PASSANDO</tspan><tspan
       sodipodi:role="line"
       x="684.49524"
       y="97.764404"
       id="tspan3173"
       style="text-align:center;text-anchor:middle">POR UM PROCESSO DE  </tspan><tspan
       sodipodi:role="line"
       x="680.70007"
       y="119.64635"
       style="text-align:center;text-anchor:middle"
       id="tspan3183">ADAPTAÇÃO ESCOLAR</tspan></text>
</svg>
