<?xml version="1.0" standalone="no"?>
<!DOCTYPE svg PUBLIC "-//W3C//DTD SVG 20010904//EN"
 "http://www.w3.org/TR/2001/REC-SVG-20010904/DTD/svg10.dtd">
<svg version="1.0" xmlns="http://www.w3.org/2000/svg"
 width="372.000000pt" height="393.000000pt" viewBox="0 0 372.000000 393.000000"
 preserveAspectRatio="xMidYMid meet">
<metadata>
Created by potrace 1.10, written by Peter Selinger 2001-2011
</metadata>
<g transform="translate(0.000000,393.000000) scale(0.100000,-0.100000)"
fill="#000000" stroke="none">
<path d="M1274 3735 c-3 -8 -11 -15 -18 -15 -12 0 -84 -69 -116 -111 -11 -15
-33 -29 -49 -32 -16 -4 -35 -14 -43 -23 -7 -9 -26 -28 -41 -43 -16 -14 -63
-61 -105 -103 -42 -43 -82 -78 -89 -78 -6 0 -20 -14 -30 -31 -10 -17 -33 -39
-50 -51 -18 -11 -33 -23 -33 -27 0 -8 -111 -120 -376 -379 -89 -86 -169 -169
-178 -183 -15 -23 -16 -131 -14 -1245 l3 -1219 1244 -3 c878 -1 1248 1 1255 9
8 7 4 16 -13 30 l-24 19 34 33 c61 59 214 229 219 243 3 7 38 47 78 88 39 41
72 78 72 83 0 5 14 17 30 26 17 10 30 23 30 28 0 5 5 15 10 22 6 7 24 27 40
46 16 19 32 42 35 51 3 9 17 23 31 30 13 8 34 29 45 47 11 18 29 39 40 47 11
7 40 40 65 72 25 33 67 82 93 109 64 69 151 175 151 185 0 4 17 6 39 3 30 -4
39 -2 44 12 10 25 -9 54 -33 48 -20 -5 -20 -1 -22 1116 -2 616 -1 1126 0 1131
2 6 14 10 27 10 25 0 41 36 24 56 -7 9 -287 12 -1189 13 -1057 2 -1181 0
-1186 -14z m2273 -42 c3 -7 -12 -19 -34 -28 -22 -9 -45 -28 -55 -45 -10 -17
-31 -38 -48 -48 -16 -9 -32 -24 -35 -32 -3 -8 -23 -33 -45 -55 -21 -22 -39
-45 -40 -51 0 -7 -11 -19 -25 -28 -32 -21 -195 -184 -195 -195 0 -4 -21 -29
-47 -54 -27 -26 -57 -57 -69 -69 -11 -13 -28 -30 -37 -38 -21 -20 -96 -101
-111 -120 -6 -8 -20 -20 -30 -26 -11 -6 -24 -19 -30 -29 -6 -10 -44 -51 -83
-91 -40 -40 -73 -76 -73 -79 0 -4 -6 -13 -14 -21 -13 -12 -184 -15 -1190 -17
-647 -1 -1176 1 -1176 4 0 3 8 13 18 21 114 102 167 153 225 216 21 23 42 42
47 42 5 0 22 13 37 30 15 16 35 37 43 45 28 30 386 380 447 438 34 31 68 57
77 57 15 0 46 29 122 112 12 13 33 33 48 45 l28 23 1066 3 c587 1 1091 2 1121
2 34 0 56 -5 58 -12z m4 -45 c2 -7 3 -518 1 -1135 l-2 -1123 -53 -57 c-28 -31
-69 -73 -89 -93 -21 -20 -38 -40 -38 -45 0 -9 -90 -115 -123 -145 -30 -27
-128 -138 -167 -190 -14 -18 -38 -47 -55 -65 -16 -17 -46 -51 -66 -76 -20 -24
-64 -73 -98 -109 -33 -35 -61 -70 -61 -77 0 -7 -10 -18 -22 -24 -27 -14 -57
-49 -58 -66 0 -7 -11 -20 -25 -29 -13 -9 -40 -38 -60 -65 -19 -27 -38 -49 -42
-49 -5 0 -7 523 -5 1162 l2 1163 43 57 c23 32 48 57 54 58 7 0 21 12 30 27 10
15 72 82 138 149 175 176 265 273 265 283 0 5 19 25 43 45 23 19 51 49 62 65
11 17 25 31 32 31 7 0 31 23 55 52 24 28 66 75 93 103 66 68 119 134 123 151
4 17 19 18 23 2z m-1011 -2210 c3 -651 4 -1186 2 -1190 -2 -5 -535 -8 -1185
-8 l-1182 0 2 1192 c2 656 3 1193 3 1193 0 0 530 -1 1177 -2 l1178 -3 5 -1182z"/>
<path d="M2432 3543 c-15 -16 -57 -46 -92 -67 -36 -22 -69 -45 -75 -51 -5 -6
-30 -20 -55 -30 -25 -11 -48 -23 -51 -28 -7 -9 -41 -30 -76 -46 -11 -5 -24
-15 -28 -20 -3 -6 -13 -11 -21 -11 -11 0 -14 16 -14 69 0 73 -6 101 -22 101
-5 0 -37 -28 -71 -62 -86 -86 -174 -168 -180 -168 -9 0 -137 -132 -137 -141 0
-5 -7 -9 -15 -9 -9 0 -35 -20 -59 -45 -25 -25 -48 -45 -53 -45 -4 0 -23 -14
-42 -30 -18 -17 -38 -30 -42 -30 -15 0 -10 -30 6 -37 16 -6 115 36 115 49 0 7
58 38 72 38 5 0 30 17 57 38 27 21 64 45 82 52 19 7 51 29 72 47 20 18 47 33
58 33 21 0 21 -3 14 -91 -5 -66 -3 -94 5 -99 7 -5 87 68 211 191 110 110 204
199 209 199 4 0 39 31 77 69 38 38 79 72 90 75 25 8 40 55 21 67 -20 13 -25
11 -56 -18z m-466 -314 c3 -6 -1 -18 -9 -27 -13 -12 -19 -13 -31 -3 -8 7 -12
19 -9 27 6 17 39 19 49 3z"/>
<path d="M3413 2411 c-43 -47 -123 -153 -123 -161 0 -3 -13 -14 -30 -23 -32
-19 -41 -47 -15 -47 8 0 15 7 15 15 0 8 7 15 15 15 24 0 17 -25 -15 -53 -16
-15 -30 -32 -30 -38 0 -20 -71 -109 -87 -109 -22 0 -8 45 28 91 l29 37 -23 26
c-24 25 -49 82 -61 139 -4 15 -13 27 -21 27 -22 0 -28 -42 -21 -128 4 -42 9
-116 13 -164 6 -90 18 -112 46 -83 8 7 30 17 50 20 34 7 37 5 43 -21 4 -16 18
-44 32 -61 21 -29 22 -34 8 -39 -9 -3 -27 1 -41 10 -13 9 -33 16 -43 16 -33 0
-85 27 -119 60 -35 34 -40 49 -22 67 13 13 8 89 -6 86 -5 -1 -13 -21 -17 -44
-4 -24 -12 -47 -18 -53 -5 -5 -10 -23 -10 -39 0 -25 -25 -55 -147 -179 -141
-141 -174 -187 -128 -180 10 2 30 12 43 23 14 10 34 19 46 19 12 0 41 9 64 20
22 11 46 20 52 20 14 0 13 -26 -4 -58 -8 -15 -19 -50 -24 -77 -20 -96 -33
-140 -49 -171 -18 -34 -12 -64 11 -64 15 0 37 39 51 89 4 14 18 36 31 50 26
28 31 60 12 80 -11 11 -9 13 9 8 22 -5 23 -3 17 48 -4 34 -3 55 5 59 6 4 11
17 11 28 0 11 14 43 30 70 17 26 30 55 30 64 0 27 -33 11 -60 -28 -25 -38 -89
-78 -122 -78 -10 0 -21 -7 -24 -15 -6 -16 -34 -21 -34 -6 0 4 16 23 36 42 20
19 43 42 52 52 9 9 22 17 28 17 6 0 29 18 50 41 44 46 89 73 106 63 7 -4 9
-33 6 -80 -3 -41 -4 -74 -4 -74 1 0 26 9 56 21 30 11 83 27 117 35 34 9 66 21
72 27 11 15 -34 123 -67 162 -29 33 -28 45 8 85 17 18 30 40 30 47 0 12 26 61
40 73 15 13 40 61 40 75 0 9 15 35 33 58 42 55 57 82 57 107 0 29 -21 23 -57
-19z"/>
<path d="M3060 1706 c0 -14 5 -26 10 -26 6 0 10 9 10 19 0 11 -4 23 -10 26 -6
4 -10 -5 -10 -19z"/>
<path d="M3013 1646 c-23 -24 -31 -66 -13 -66 6 0 15 10 20 23 5 12 17 32 26
45 23 31 -3 30 -33 -2z"/>
<path d="M1031 1773 c-14 -13 -38 -35 -52 -48 -32 -29 -43 -88 -33 -167 6 -47
15 -62 72 -128 36 -41 72 -74 80 -72 40 9 107 -114 105 -193 0 -27 -2 -61 -4
-75 -6 -41 37 -38 84 5 21 19 42 35 47 35 19 0 91 43 108 65 10 12 34 30 55
40 21 9 47 30 58 46 11 16 26 29 33 29 16 0 42 29 98 111 71 102 78 121 78
197 l0 70 -52 53 -53 53 -91 4 c-88 4 -91 4 -122 -24 -17 -16 -36 -42 -42 -58
l-11 -29 -41 39 c-23 21 -49 47 -60 57 -16 15 -35 17 -125 15 -96 -2 -108 -4
-132 -25z m265 -119 c64 -30 92 -30 154 1 102 52 190 22 190 -63 0 -38 -12
-61 -72 -143 -32 -43 -184 -168 -214 -175 -34 -9 -68 11 -97 55 -13 20 -60 73
-105 118 -71 71 -81 86 -87 128 -7 42 -5 49 20 75 15 16 37 31 49 33 38 9 110
-4 162 -29z"/>
</g>
</svg>
