<?xml version="1.0" standalone="no"?>
<!DOCTYPE svg PUBLIC "-//W3C//DTD SVG 20010904//EN"
 "http://www.w3.org/TR/2001/REC-SVG-20010904/DTD/svg10.dtd">
<svg version="1.0" xmlns="http://www.w3.org/2000/svg"
 width="900.000000pt" height="2325.000000pt" viewBox="0 0 900.000000 2325.000000"
 preserveAspectRatio="xMidYMid meet">
<metadata>
Created by potrace 1.10, written by Peter Selinger 2001-2011
</metadata>
<g transform="translate(0.000000,2325.000000) scale(0.100000,-0.100000)"
fill="#000000" stroke="none">
<path d="M4035 20739 c-44 -5 -116 -12 -160 -17 -172 -18 -404 -96 -540 -182
-69 -43 -80 -49 -95 -56 -8 -4 -45 -33 -82 -66 -36 -32 -70 -58 -75 -58 -11 0
-141 -131 -156 -157 -7 -11 -34 -48 -62 -82 -89 -110 -216 -360 -270 -531 -20
-63 -41 -119 -46 -124 -5 -6 -9 -25 -9 -44 0 -18 -5 -42 -10 -52 -6 -11 -13
-47 -16 -82 -4 -35 -11 -68 -16 -74 -4 -7 -9 -43 -11 -80 l-2 -69 70 0 70 0
17 35 c31 62 78 171 78 180 0 5 12 28 28 52 41 64 50 80 67 115 9 17 25 39 36
49 10 9 19 21 19 26 0 13 39 57 140 157 109 108 146 141 154 141 4 0 48 27 98
60 51 33 98 60 104 60 7 0 25 6 41 14 65 31 100 45 133 52 19 3 40 10 45 14 6
4 33 11 60 15 28 4 55 10 60 15 15 12 218 18 325 9 88 -6 173 -23 245 -47 17
-6 55 -18 85 -28 30 -10 70 -28 90 -42 19 -13 44 -28 55 -33 81 -37 251 -187
332 -292 27 -34 56 -70 65 -79 23 -23 124 -234 133 -278 4 -19 11 -41 15 -50
18 -36 34 -121 38 -195 2 -44 8 -84 13 -89 12 -14 12 -333 -1 -341 -5 -3 -10
-42 -10 -85 0 -43 -4 -81 -9 -84 -5 -4 -12 -29 -16 -58 -4 -29 -11 -59 -15
-68 -5 -8 -18 -49 -30 -90 -12 -41 -28 -89 -36 -107 -8 -17 -14 -38 -14 -47 0
-9 -4 -24 -9 -34 -19 -34 -51 -109 -51 -117 0 -28 -159 -337 -210 -407 -17
-23 -30 -45 -30 -50 0 -11 -42 -72 -52 -76 -5 -2 -8 -8 -8 -13 0 -6 -19 -40
-43 -77 -24 -37 -47 -74 -51 -82 -13 -27 -31 -55 -53 -80 -11 -14 -44 -54 -72
-90 -28 -36 -57 -72 -66 -81 -8 -9 -15 -20 -15 -26 0 -5 -9 -18 -19 -27 -11
-10 -52 -61 -93 -114 -40 -53 -85 -108 -100 -122 -16 -13 -28 -28 -28 -33 0
-5 -55 -69 -122 -142 -68 -73 -168 -183 -223 -245 -117 -131 -1071 -1079
-1096 -1089 -9 -3 -89 -76 -178 -162 l-162 -156 3 -79 3 -79 1760 0 1760 0 21
60 c12 33 38 107 58 165 20 58 43 117 51 132 8 14 15 38 15 51 0 14 4 28 9 31
5 3 20 41 34 83 14 43 36 103 47 133 12 30 26 70 32 89 5 19 21 58 34 87 13
29 24 60 24 69 0 9 5 25 11 36 18 34 69 183 69 202 0 16 -9 17 -81 15 l-82 -3
-65 -95 c-35 -52 -74 -101 -86 -109 -11 -9 -43 -36 -71 -61 -27 -25 -68 -55
-90 -65 -22 -11 -59 -32 -82 -47 -23 -16 -55 -28 -72 -28 -16 0 -32 -4 -36 -9
-3 -5 -31 -15 -63 -21 -31 -6 -64 -14 -72 -18 -8 -3 -80 -12 -160 -20 -181
-18 -1977 -29 -1994 -12 -7 7 32 53 118 143 385 400 439 457 691 733 187 205
400 435 494 535 39 41 71 79 71 83 0 4 22 31 50 59 27 29 82 90 122 137 40 46
80 91 88 100 8 9 26 31 40 49 14 18 40 52 58 74 36 46 48 62 92 122 16 22 36
47 45 56 8 9 15 19 15 24 0 7 40 58 75 96 8 9 15 19 15 23 0 6 132 212 199
311 15 22 52 90 82 150 29 61 65 128 78 150 36 58 61 107 61 121 0 7 7 26 15
43 8 17 22 45 30 62 8 17 15 37 15 44 0 7 7 26 15 42 8 15 22 55 31 88 8 33
21 71 26 85 16 38 38 145 52 250 7 52 16 102 20 111 12 26 0 306 -17 399 -21
114 -33 160 -69 255 -35 95 -117 262 -135 277 -7 6 -13 15 -13 20 0 6 -13 27
-30 48 -16 21 -30 41 -30 45 0 11 -46 61 -175 190 -130 129 -169 165 -179 165
-4 0 -24 13 -44 29 -65 51 -251 147 -377 193 -93 35 -112 41 -155 48 -25 4
-58 12 -73 19 -16 6 -49 11 -73 11 -25 0 -53 4 -62 9 -25 13 -304 20 -397 10z"/>
<path d="M1431 11420 c-19 -5 -53 -27 -79 -53 l-45 -46 0 -74 c1 -67 4 -80 29
-112 15 -20 44 -45 65 -56 38 -19 89 -19 2803 -19 l2765 0 41 21 c23 12 54 40
68 62 22 34 27 51 26 104 0 41 -6 69 -16 80 -8 10 -18 26 -21 36 -4 9 -17 21
-31 27 -13 5 -26 15 -28 22 -4 11 -496 13 -2774 15 -1523 0 -2784 -3 -2803 -7z"/>
<path d="M4115 8040 c-11 -5 -58 -9 -105 -10 -47 0 -103 -5 -125 -11 -22 -6
-62 -15 -90 -19 -70 -12 -135 -29 -168 -46 -16 -8 -37 -14 -48 -14 -10 0 -45
-13 -76 -29 -32 -15 -74 -35 -93 -45 -51 -23 -94 -49 -134 -80 -19 -14 -38
-26 -41 -26 -10 0 -88 -62 -98 -77 -4 -7 -13 -13 -20 -13 -14 0 -277 -261
-277 -275 0 -6 -11 -20 -24 -33 -23 -21 -126 -167 -126 -178 0 -3 -24 -42 -54
-87 -69 -108 -186 -349 -186 -386 0 -10 -7 -26 -15 -37 -8 -10 -15 -33 -15
-49 0 -17 -6 -39 -14 -50 -7 -11 -16 -42 -20 -69 -4 -27 -11 -56 -16 -65 -15
-30 -31 -147 -41 -301 -5 -85 -14 -171 -20 -191 -6 -20 -8 -58 -5 -85 4 -27
11 -114 16 -194 6 -80 15 -155 20 -168 5 -12 13 -48 17 -79 3 -31 12 -68 20
-82 7 -15 13 -35 13 -47 0 -12 12 -52 26 -90 14 -38 29 -80 33 -95 18 -55 99
-209 156 -293 33 -48 67 -98 75 -111 21 -30 223 -232 268 -267 64 -49 167
-115 223 -142 30 -15 61 -31 69 -35 77 -42 205 -87 285 -101 28 -5 77 -14 110
-21 72 -13 443 -5 459 11 5 5 25 10 42 10 18 0 45 5 61 11 26 10 88 26 186 48
21 5 44 14 50 20 6 6 19 11 28 11 9 0 22 7 29 15 7 8 21 15 30 15 10 0 31 6
47 14 99 48 159 76 167 76 5 0 42 20 82 45 39 25 75 45 79 45 4 0 27 14 52 30
24 17 48 30 52 30 5 0 14 7 21 15 7 8 24 15 37 15 22 0 24 -3 18 -22 -4 -13
-9 -36 -12 -53 -3 -16 -12 -39 -19 -50 -8 -11 -14 -33 -14 -50 -1 -16 -7 -41
-15 -55 -8 -14 -14 -36 -15 -50 0 -14 -7 -38 -15 -54 -8 -15 -15 -36 -15 -45
0 -10 -7 -26 -15 -37 -8 -10 -15 -27 -15 -36 0 -9 -7 -31 -16 -50 -38 -75 -44
-90 -44 -103 0 -7 -6 -26 -14 -42 -8 -15 -51 -102 -96 -193 -45 -91 -96 -188
-113 -217 -78 -128 -112 -180 -137 -213 -15 -19 -30 -42 -33 -50 -8 -17 -51
-76 -161 -220 -103 -134 -87 -115 -231 -267 -133 -142 -197 -203 -211 -203 -5
0 -22 -14 -39 -31 -41 -42 -123 -104 -225 -171 -106 -69 -154 -94 -335 -174
-62 -27 -282 -96 -335 -105 -30 -5 -64 -12 -75 -14 -56 -15 -155 -27 -330 -40
-49 -4 -95 -11 -101 -16 -16 -13 -10 -129 7 -140 17 -11 403 -10 519 1 47 4
123 15 170 24 47 8 108 20 137 25 89 17 304 81 390 118 17 7 36 13 42 13 12 0
111 44 206 92 138 70 205 108 289 164 49 32 98 64 109 71 11 6 22 15 26 20 12
16 90 73 100 73 5 0 14 6 18 12 11 18 90 78 102 78 5 0 14 6 18 13 4 6 28 28
53 46 121 93 341 308 473 462 54 62 107 124 118 135 10 12 19 25 19 29 0 3 18
27 40 53 23 26 46 56 53 68 7 11 47 73 90 137 43 64 81 125 84 135 4 9 21 37
38 62 44 66 137 244 197 380 11 25 31 68 44 95 13 28 24 56 24 64 0 13 20 65
46 114 8 16 14 39 14 51 0 12 7 31 15 42 8 10 15 30 15 44 0 14 6 34 14 45 7
11 16 36 19 55 3 19 13 64 22 100 41 161 65 285 65 332 0 21 5 46 10 56 43 74
43 891 1 1052 -9 34 -24 108 -40 200 -7 44 -11 58 -45 165 -9 28 -16 58 -16
67 0 10 -7 34 -16 55 -19 43 -24 55 -55 133 -38 97 -50 125 -59 140 -5 8 -27
49 -48 90 -21 41 -49 93 -62 115 -14 23 -29 48 -35 57 -172 285 -472 586 -705
710 -117 62 -124 66 -170 83 -25 9 -60 23 -78 31 -18 8 -43 14 -55 14 -12 1
-33 7 -47 15 -14 8 -41 14 -60 15 -20 0 -41 5 -46 10 -6 6 -63 13 -128 17 -64
3 -119 10 -122 15 -7 10 -103 9 -129 -2z m75 -298 c97 -13 139 -23 146 -33 3
-5 14 -9 24 -9 47 0 216 -108 304 -194 58 -56 174 -200 189 -236 4 -8 21 -37
37 -65 16 -27 35 -61 41 -75 6 -14 26 -56 45 -95 44 -93 144 -399 144 -441 0
-11 4 -24 9 -29 5 -6 14 -39 21 -75 20 -114 36 -195 43 -210 25 -62 50 -711
27 -734 -5 -5 -10 -53 -11 -105 0 -53 -5 -130 -10 -171 -5 -41 -16 -131 -23
-200 -7 -69 -16 -135 -20 -147 -7 -19 -88 -85 -171 -138 -39 -25 -222 -115
-234 -115 -5 0 -22 -6 -38 -14 -57 -28 -104 -46 -123 -46 -11 0 -34 -6 -52
-14 -66 -27 -115 -40 -193 -48 -155 -17 -227 -20 -238 -9 -6 6 -36 11 -67 11
-34 0 -64 6 -76 15 -10 8 -27 15 -37 15 -28 0 -104 37 -182 89 -236 155 -477
540 -559 896 -9 39 -23 95 -31 125 -8 30 -17 80 -20 110 -3 30 -10 69 -16 85
-8 25 -30 358 -30 460 0 80 22 354 31 385 6 19 15 55 20 80 24 115 40 178 54
215 91 237 143 322 293 473 61 61 117 112 123 112 7 0 29 14 50 30 21 17 46
30 57 30 10 0 23 4 28 9 28 27 164 62 237 61 25 -1 49 4 53 10 5 7 22 10 44 7
20 -3 70 -10 111 -15z"/>
</g>
</svg>
