<?xml version="1.0" encoding="UTF-8" standalone="no"?>
<svg
   xmlns:dc="http://purl.org/dc/elements/1.1/"
   xmlns:cc="http://creativecommons.org/ns#"
   xmlns:rdf="http://www.w3.org/1999/02/22-rdf-syntax-ns#"
   xmlns:svg="http://www.w3.org/2000/svg"
   xmlns="http://www.w3.org/2000/svg"
   xmlns:sodipodi="http://sodipodi.sourceforge.net/DTD/sodipodi-0.dtd"
   xmlns:inkscape="http://www.inkscape.org/namespaces/inkscape"
   version="1.0"
   width="900.000000pt"
   height="627.000000pt"
   viewBox="0 0 900.000000 627.000000"
   preserveAspectRatio="xMidYMid meet"
   id="svg2989"
   inkscape:version="0.48.4 r9939"
   sodipodi:docname="2.svg">
  <defs
     id="defs3045" />
  <sodipodi:namedview
     pagecolor="#ffffff"
     bordercolor="#666666"
     borderopacity="1"
     objecttolerance="10"
     gridtolerance="10"
     guidetolerance="10"
     inkscape:pageopacity="0"
     inkscape:pageshadow="2"
     inkscape:window-width="1600"
     inkscape:window-height="824"
     id="namedview3043"
     showgrid="false"
     inkscape:zoom="0.42584294"
     inkscape:cx="1236.5597"
     inkscape:cy="169.46695"
     inkscape:window-x="0"
     inkscape:window-y="24"
     inkscape:window-maximized="1"
     inkscape:current-layer="svg2989" />
  <metadata
     id="metadata2991">
Created by potrace 1.10, written by Peter Selinger 2001-2011
<rdf:RDF>
  <cc:Work
     rdf:about="">
    <dc:format>image/svg+xml</dc:format>
    <dc:type
       rdf:resource="http://purl.org/dc/dcmitype/StillImage" />
  </cc:Work>
</rdf:RDF>
</metadata>
  <path
     style="fill:#999999;fill-opacity:1;stroke:none"
     d="m 445.46355,545.88982 c 0,22.30869 0,44.61739 0,66.92608 13.97992,4.15873 31.29575,-1.03979 46.59875,-0.4403 10.26846,-2.18325 23.5385,1.16031 32.36229,-4.25626 3.87836,-18.91144 -1.23456,-40.04999 6.09086,-57.89987 4.01078,-7.81829 -10.86755,-5.42442 -15.26384,-6.09086 -22.59909,-0.44469 -45.2047,-0.12257 -67.80669,-0.22016 l -1.66049,1.66049 -0.32088,0.32088 z m 38.82007,16.07107 c 7.39685,-1.36095 12.14733,3.55478 10.27374,11.08096 0.56376,9.29038 2.92905,25.7915 -10.86082,24.80374 -4.84567,-0.81867 -9.42507,-7.20661 -7.92545,-10.93419 4.11695,4.49715 12.25981,3.36473 10.27374,-3.96273 1.75486,-7.18069 -1.96621,-13.53411 -9.0996,-13.06233 -4.86254,-5.30228 2.79936,-8.25436 7.33839,-7.92545 z"
     id="path9665"
     inkscape:connector-curvature="0"
     transform="scale(0.8,0.8)" />
  <path
     style="fill:#999999;fill-opacity:1;stroke:none"
     d="m 530.00176,545.88982 c 1.156,21.43848 -2.26257,44.77181 1.66049,65.06415 25.67293,0.74709 51.92105,0.10554 77.81424,0.32087 4.85675,-15.60543 -0.1123,-34.76549 3.44904,-51.66224 0.44908,-4.96402 1.36157,-9.68129 6.75131,-8.51253 3.97635,-9.04256 -12.88526,-5.64162 -17.68551,-6.8247 -23.32929,-0.64006 -46.67288,-0.26049 -70.0082,-0.36692 l -1.66049,1.66049 -0.32088,0.32088 z"
     id="path9667"
     inkscape:connector-curvature="0"
     transform="scale(0.8,0.8)" />
  <path
     style="fill:#999999;fill-opacity:1;stroke:none"
     d="m 639.93079,544.05522 c -7.13808,0.68299 -20.57557,-1.87182 -21.57486,7.55854 -5.22294,17.52636 -0.18141,37.65578 -1.01541,55.97646 5.60841,8.43144 22.02304,1.81431 31.83664,4.63861 15.91504,0.14399 32.54002,3.3108 48.06643,2.64182 2.29507,-22.65438 0.51231,-46.05916 1.10076,-68.98083 -14.99989,-4.72288 -33.66845,-0.58881 -50.0478,-1.98137 -2.78859,0.0489 -5.57717,0.0978 -8.36576,0.14677 z"
     id="path9669"
     inkscape:connector-curvature="0"
     transform="scale(0.8,0.8)" />
  <path
     style="fill:#999999;fill-opacity:1;stroke:none"
     d="m 445.46355,614.79727 c 1.11832,23.5333 -2.22449,48.91446 1.66049,71.30177 82.81383,0.74871 166.20359,0.10697 249.23894,0.32088 4.71129,-15.127 0.61168,-33.90358 1.98137,-50.41472 0.55504,-10.97191 2.9628,-28.1739 -13.35587,-20.54748 -22.14962,2.82361 -46.06009,-1.05573 -67.14992,2.8764 -1.74568,18.09404 -0.85915,42.82974 -3.81227,57.88544 -4.28444,-19.4335 0.4603,-41.33097 -4.91672,-59.51431 -25.02684,1.46864 -51.13152,-2.99667 -75.58538,2.56843 -6.25478,10.17986 -2.02591,24.53454 -3.52243,36.17825 -0.11611,3.59 0.21197,24.81711 -1.54106,16.07106 -3.16457,-17.11383 -0.64235,-35.72369 -4.76995,-52.24931 -21.93196,-5.89981 -45.89959,-0.64257 -68.346,-5.36466 -3.34308,0.24689 -7.66247,-3.03348 -9.8812,0.88825 z"
     id="path9679"
     inkscape:connector-curvature="0"
     transform="scale(0.8,0.8)" />
  <path
     style="fill:#999999;fill-opacity:1;stroke:none"
     d="m 485.92311,564.76233 c -2.60671,0.13812 -5.34207,1.08829 -7.11855,3.08481 -0.78172,0.84463 -1.41532,2.16312 -0.67288,3.22574 0.7047,1.11155 2.20109,0.97889 3.18617,1.71622 1.49636,0.84165 2.30322,2.44532 2.90586,3.97609 0.93497,1.44319 2.96754,1.13348 4.33932,0.47025 2.82048,-1.43467 3.96231,-5.0217 3.12638,-7.96515 -0.42052,-1.81314 -1.47625,-3.71978 -3.40854,-4.21932 -0.76186,-0.23334 -1.5635,-0.30974 -2.35776,-0.28864 z"
     id="path9681"
     inkscape:connector-curvature="0"
     transform="scale(0.8,0.8)" />
  <path
     style="fill:#999999;fill-opacity:1;stroke:none"
     d="m 485.92635,580.88397 c -1.28151,0.15967 -2.05151,1.55114 -1.71562,2.7437 0.13319,0.87577 0.30365,1.87174 -0.0681,2.71451 -0.48598,0.91813 -1.56578,1.32408 -2.56207,1.19625 -1.09026,-0.0136 -2.50016,-0.0579 -3.08448,1.07573 -0.69548,1.13292 0.0197,2.35274 0.84994,3.17973 1.53812,1.52242 3.78364,2.02699 5.87657,2.23777 1.85451,0.1511 3.944,-0.23747 5.15659,-1.78373 1.55511,-1.9377 1.52052,-4.63559 1.1578,-6.9695 -0.26566,-1.87377 -1.61971,-3.55084 -3.47015,-4.04744 -0.69117,-0.20403 -1.4109,-0.43398 -2.14048,-0.34702 z"
     id="path9683"
     inkscape:connector-curvature="0"
     transform="scale(0.8,0.8)" />
  <path
     style="fill:#b3b3b3;fill-opacity:1;stroke:none"
     d="m 706.12304,86.800367 c 0,22.308693 0,44.617393 0,66.926083 14.44175,4.68785 32.53559,0.65748 48.3598,1.9419 11.56142,-1.339 25.18209,2.02174 35.66472,-2.96927 -6.42926,-19.93794 -3.50076,-43.38077 -5.57717,-64.577804 -16.17558,-4.740715 -35.82934,-1.345626 -53.34785,-2.891893 -7.87192,1.100826 -18.71076,-2.882446 -25.0995,1.570984 z"
     id="path9657"
     inkscape:connector-curvature="0"
     transform="scale(0.8,0.8)" />
  <path
     style="fill:#b3b3b3;fill-opacity:1;stroke:none"
     d="m 706.12304,15.030948 c 0,22.431 0,44.862003 0,67.293003 14.51385,4.43401 32.57082,-0.159512 48.42895,0.739963 9.37101,-2.065647 22.96764,2.821033 29.87163,-3.52855 1.01177,-21.021018 1.30559,-42.07478 1.98136,-63.110123 -14.74579,-5.015509 -33.30819,-1.260375 -49.5327,-2.877752 -9.75623,1.283889 -22.46222,-3.238389 -30.74924,1.483459 z m 36.61854,12.842176 c 12.1206,-0.626071 11.90061,14.971367 5.79733,21.795008 -5.27873,5.885259 2.91469,8.556321 2.05475,13.796166 -3.5078,2.156753 -14.17485,3.046135 -16.07107,-1.687829 1.13446,-9.295871 17.27132,-16.436532 11.52127,-26.051272 -3.79711,-4.246929 -8.86151,1.75716 -10.71405,2.2749 -5.0998,-4.728532 3.00193,-10.070692 7.41177,-10.126973 z"
     id="path9659"
     inkscape:connector-curvature="0"
     transform="scale(0.8,0.8)" />
  <path
     style="fill:#b3b3b3;fill-opacity:1;stroke:none"
     d="m 788.31296,15.177716 c -0.10874,22.000728 1.91309,43.943406 3.08213,65.898709 15.57771,4.099051 34.06667,1.266237 50.78163,3.669193 8.48878,-1.150003 21.17574,5.834114 27.15203,-0.07338 -0.30267,-23.514449 2.4815,-48.786145 -1.22019,-71.155007 -25.67292,-0.747094 -51.92104,-0.105547 -77.81423,-0.320877 l -1.66049,1.660488 -0.32088,0.320877 z"
     id="path9661"
     inkscape:connector-curvature="0"
     transform="scale(0.8,0.8)" />
  <path
     style="fill:#b3b3b3;fill-opacity:1;stroke:none"
     d="m 831.53606,86.433447 c -12.88808,1.577957 -28.2759,-1.567803 -39.84744,3.889345 -3.84676,20.764768 -2.58466,42.272388 -3.96273,63.330278 13.98898,4.89422 31.8765,0.61334 47.33259,2.05474 11.21552,-0.54204 32.83312,4.07961 34.19688,-12.54864 0.14663,-18.80692 2.34734,-39.5365 -1.17671,-57.181608 -11.89096,-0.570874 -24.41361,0.423176 -36.54259,0.455885 z"
     id="path9663"
     inkscape:connector-curvature="0"
     transform="scale(0.8,0.8)" />
  <path
     style="fill:#b3b3b3;fill-opacity:1;stroke:none"
     d="m 746.25572,51.010434 c -0.90264,0.231119 -1.46725,1.033519 -2.11963,1.636321 -1.11966,1.158071 -2.2463,2.556296 -2.27969,4.24349 -0.0572,1.402929 0.95778,2.668837 2.22642,3.173412 1.47006,0.626803 3.10657,0.675558 4.68145,0.640935 0.86063,0.05038 1.79126,-0.359451 2.1324,-1.192838 0.37974,-0.752069 0.13657,-1.648424 -0.35601,-2.288709 -0.61563,-1.005708 -1.39346,-1.949453 -1.7261,-3.095954 -0.14482,-0.726666 0.0503,-1.53217 -0.39421,-2.183245 -0.41498,-0.737511 -1.34509,-1.118939 -2.16463,-0.933412 z"
     id="path9685"
     inkscape:connector-curvature="0"
     transform="scale(0.8,0.8)" />
  <path
     style="fill:#b3b3b3;fill-opacity:1;stroke:none"
     d="m 98.042876,90.707626 c 1.097186,22.245604 -2.20089,46.311784 1.660488,67.412434 26.455026,0.74869 53.485976,0.10696 80.162516,0.32087 4.68945,-14.41613 0.52,-32.36109 3.00874,-48.13981 1.13401,-11.054483 7.77758,-27.093192 -10.71404,-21.574859 -24.04545,0 -48.09089,0 -72.13634,0 l -1.660487,1.660488 -0.320877,0.320877 z"
     id="path9617"
     inkscape:connector-curvature="0"
     transform="scale(0.8,0.8)" />
  <path
     style="fill:#b3b3b3;fill-opacity:1;stroke:none"
     d="m 271.10349,165.7614 c 4.04864,21.496 2.5944,43.49577 2.93536,65.23826 16.39444,5.32983 36.42144,2.52954 54.2286,4.08636 10.06068,-1.63588 32.17807,7.22094 27.22748,-10.91106 -1.154,-19.87379 2.27372,-41.64539 -1.66048,-60.36758 -26.6517,-0.74633 -53.87839,-0.10449 -80.7496,-0.32088 l -1.5423,1.7708 -0.43906,0.5041 z m 47.33259,16.58476 c 4.26455,8.87095 3.00697,22.80966 1.17414,32.7292 -4.95829,-6.57743 3.25096,-24.37529 -8.36576,-26.19804 1.53738,-2.72707 4.24986,-5.37397 7.19162,-6.53116 z"
     id="path9637"
     inkscape:connector-curvature="0"
     transform="scale(0.8,0.8)" />
  <path
     style="fill:#b3b3b3;fill-opacity:1;stroke:none"
     d="m 206.68519,86.895536 c -7.64808,0.283142 -15.44251,-0.484499 -23.00585,0.733839 -3.39081,1.748354 0.24663,5.619475 0.0183,8.384106 2.55592,20.128969 1.08984,40.675309 1.9279,60.865119 1.84986,2.93175 6.42528,0.81519 9.40991,1.45613 24.22279,0 48.44558,0 72.66837,0 3.71207,-1.35257 1.41877,-6.52474 2.19237,-9.57417 0.39198,-15.87312 0.81987,-31.74635 1.49517,-47.61021 2.12567,17.1321 1.52036,34.52452 0.47699,51.73563 -0.52827,3.71321 3.00504,6.11691 6.40274,5.63221 24.36102,0.32626 48.75186,0.57057 73.10334,-0.0752 4.5535,0.87639 5.01346,-3.56744 4.51103,-6.93291 -0.009,-20.75934 0.50818,-41.62672 0.33015,-62.319455 -1.79839,-2.961296 -6.41095,-0.936798 -9.38427,-1.632424 -46.7085,-0.791956 -93.43234,-0.62536 -140.1462,-0.662705 z"
     id="path9619"
     inkscape:connector-curvature="0"
     transform="scale(0.8,0.8)" />
  <path
     style="fill:#b3b3b3;fill-opacity:1;stroke:none"
     d="m 357.32391,87.831181 c -1.3606,4.107928 0.45424,8.7347 0.0884,13.080479 0.57931,18.62212 -0.03,37.35759 0.51239,55.91439 1.87315,2.84778 6.45575,1.22489 9.45275,1.8076 23.4987,0.15778 47.01178,0.39097 70.50357,-0.0971 4.59879,0.42279 3.90747,-4.50432 3.86732,-7.57615 0.22785,-19.87248 0.86703,-39.76322 0.82925,-59.62512 -1.45028,-4.383477 -7.24773,-2.709703 -10.73199,-3.241163 -24.37142,-0.583615 -48.75147,-0.562802 -73.12742,-0.813295 -0.46477,0.183459 -0.92953,0.366919 -1.3943,0.550379 z"
     id="path9621"
     inkscape:connector-curvature="0"
     transform="scale(0.8,0.8)" />
  <path
     style="fill:#b3b3b3;fill-opacity:1;stroke:none"
     d="m 512.31625,88.414812 c -22.24621,0.920732 -45.35031,-1.256337 -67.14623,2.421667 -2.83234,21.401201 0.95424,43.752921 1.02737,65.458411 14.83024,4.32553 33.02837,0.0832 49.16575,1.0834 10.5668,-2.76795 34.98674,7.204 30.58951,-11.79516 1.2116,-15.11287 -1.04389,-34.96611 2.80159,-47.848568 3.62994,19.787028 -1.81009,41.805288 3.22889,60.321538 25.83112,0 51.66224,0 77.49336,0 4.72518,-14.63202 0.58722,-32.93526 1.98136,-48.94704 5.2282,-18.808827 -6.01223,-24.53745 -23.11592,-20.767632 -25.34187,0.02726 -50.68406,-0.06689 -76.02568,0.07338 z"
     id="path9623"
     inkscape:connector-curvature="0"
     transform="scale(0.8,0.8)" />
  <path
     style="fill:#b3b3b3;fill-opacity:1;stroke:none"
     d="m 528.53409,88.19466 c -27.14777,0.94064 -55.11465,-1.10981 -81.82301,2.495051 -7.57241,15.536169 -2.0188,35.057699 -1.8453,51.873029 -0.84497,8.90794 3.84844,18.92558 14.46732,16.2272 21.35332,-0.69284 43.53411,1.10821 64.43103,-2.71521 6.623,-14.84055 1.40652,-32.79822 4.5498,-48.6535 2.92111,16.23524 -0.53911,34.23105 3.6692,49.60749 25.42795,2.51891 51.31528,0.77739 76.90629,1.02738 4.97076,-15.25936 2.29156,-34.14974 3.52242,-50.85502 0.50617,-7.625541 -0.37404,-19.569172 -11.08096,-18.125814 -24.21947,-1.640423 -48.54121,-0.734954 -72.79679,-0.880606 z"
     id="path9625"
     inkscape:connector-curvature="0"
     transform="scale(0.8,0.8)" />
  <path
     style="fill:#b3b3b3;fill-opacity:1;stroke:none"
     d="m 97.917572,162.45913 c 0,24.21668 0,48.43335 0,72.65003 14.338578,4.05192 32.036308,-1.17025 47.675468,-0.59512 10.74152,-3.90072 34.44319,5.5578 36.1289,-8.4311 -1.10773,-20.52895 2.21317,-42.8923 -1.66048,-62.27556 -26.42134,-0.57212 -53.44595,-0.0324 -79.94237,-3.32961 l -1.745468,1.57091 -0.45605,0.41045 z"
     id="path9627"
     inkscape:connector-curvature="0"
     transform="scale(0.8,0.8)" />
  <path
     style="fill:#b3b3b3;fill-opacity:1;stroke:none"
     d="m 98.798178,234.37532 c -2.096906,22.75391 -0.254044,46.51244 -0.880606,69.64128 15.274828,4.70871 34.198158,0.60918 50.855018,1.98137 10.57456,-3.36159 36.02413,7.47513 36.17061,-6.92371 -4.12302,-18.86372 -1.19871,-39.39113 -4.8357,-57.50732 -26.58078,-6.17797 -55.33565,0.89561 -81.309322,-7.19162 z"
     id="path9629"
     inkscape:connector-curvature="0"
     transform="scale(0.8,0.8)" />
  <path
     style="fill:#b3b3b3;fill-opacity:1;stroke:none"
     d="m 187.15235,240.61295 c 1.2388,21.30873 -2.99389,42.75555 -2.12813,63.84396 7.48476,6.85323 21.11568,1.62484 30.74736,3.56985 17.2973,-0.84999 36.39516,2.43412 52.51598,-1.341 -0.34875,-22.08662 2.30813,-46.57013 -1.33961,-67.7333 -25.67292,-0.7471 -51.92105,-0.10555 -77.81424,-0.32088 l -1.66048,1.66049 -0.32088,0.32088 z"
     id="path9631"
     inkscape:connector-curvature="0"
     transform="scale(0.8,0.8)" />
  <path
     style="fill:#b3b3b3;fill-opacity:1;stroke:none"
     d="m 187.15235,165.46787 c 1.09719,22.2456 -2.20089,46.31179 1.66049,67.41243 25.67292,0.74709 51.92104,0.10554 77.81423,0.32088 4.72518,-14.63202 0.58723,-32.93527 1.98137,-48.94704 5.2282,-18.80883 -6.01224,-24.53745 -23.11592,-20.76764 -19.10082,1.13037 -40.07644,-2.26546 -58.01929,1.66049 l -0.32088,0.32088 z"
     id="path9633"
     inkscape:connector-curvature="0"
     transform="scale(0.8,0.8)" />
  <path
     style="fill:#b3b3b3;fill-opacity:1;stroke:none"
     d="m 274.03885,240.61295 c 1.09718,22.2456 -2.2009,46.31178 1.66048,67.41243 25.67293,0.74709 51.92105,0.10554 77.81424,0.32087 4.54458,-14.3924 0.99503,-32.28334 1.41976,-48.06329 -1.06197,-9.41481 1.04865,-26.48492 -13.74825,-21.65138 -22.04424,1.1109 -45.92761,-2.21827 -66.82536,1.66049 l -0.32087,0.32088 z"
     id="path9635"
     inkscape:connector-curvature="0"
     transform="scale(0.8,0.8)" />
  <path
     style="fill:#b3b3b3;fill-opacity:1;stroke:none"
     d="m 358.57706,165.46787 c 1.11781,22.27551 -2.23863,46.19837 1.68783,67.43977 25.78538,4.56936 52.03878,1.13369 77.93366,-0.4403 4.37645,-17.0663 0.54083,-37.35066 1.8346,-55.62497 5.80989,-20.50654 -18.41385,-11.55841 -30.16077,-13.35587 -16.6654,1.31934 -36.09077,-2.67775 -51.29532,1.98137 z"
     id="path9639"
     inkscape:connector-curvature="0"
     transform="scale(0.8,0.8)" />
  <path
     style="fill:#b3b3b3;fill-opacity:1;stroke:none"
     d="m 445.46355,165.46787 c 0,22.70007 0,45.40015 0,68.10022 14.56439,4.57603 32.53386,0.81237 48.43335,1.02738 10.11434,-2.9064 28.4405,3.34365 33.02274,-6.45778 -1.11603,-21.21043 2.22194,-44.26576 -1.66049,-64.33031 -25.67292,-0.74709 -51.92104,-0.10555 -77.81423,-0.32088 l -1.66049,1.66049 -0.32088,0.32088 z"
     id="path9641"
     inkscape:connector-curvature="0"
     transform="scale(0.8,0.8)" />
  <path
     style="fill:#b3b3b3;fill-opacity:1;stroke:none"
     d="m 580.85678,161.94544 c -16.62383,1.89349 -35.02577,-0.34834 -50.53414,3.20155 -0.74679,22.49309 -0.10524,45.56124 -0.32088,68.27434 15.1531,4.92943 34.05906,1.26639 50.63247,2.95235 9.30815,-1.49425 21.34948,3.68702 29.28256,-0.82422 2.7255,-24.2516 1.05859,-48.79632 1.54106,-73.16371 -7.81709,-4.5596 -21.31167,0.52762 -30.60107,-0.44031 z"
     id="path9643"
     inkscape:connector-curvature="0"
     transform="scale(0.8,0.8)" />
  <path
     style="fill:#b3b3b3;fill-opacity:1;stroke:none"
     d="m 601.84457,237.1639 c -22.77166,3.38758 -47.39257,-1.08563 -69.1276,3.22889 -1.8347,22.24416 -5.48754,46.30049 -2.25932,67.58911 26.03034,0.84932 52.7312,0.12058 79.01884,0.36435 4.71128,-15.12699 0.61169,-33.90358 1.98136,-50.41471 -2.02478,-7.80778 6.16834,-28.43287 -9.61328,-20.76764 z"
     id="path9645"
     inkscape:connector-curvature="0"
     transform="scale(0.8,0.8)" />
  <path
     style="fill:#b3b3b3;fill-opacity:1;stroke:none"
     d="m 445.46355,240.61295 c 1.27575,20.917 -1.97196,42.0436 -1.54106,62.7432 8.55361,8.3185 23.58603,2.60433 34.41703,4.69657 17.41245,-0.71657 35.91192,1.58449 52.68962,-2.64182 1.51355,-5.13118 -6.10308,-6.6427 -3.64818,-12.98049 -2.4729,-17.56778 3.49142,-38.69521 -6.99248,-53.79883 -24.31452,0 -48.62904,0 -72.94356,0 l -1.66049,1.66049 -0.32088,0.32088 z"
     id="path9647"
     inkscape:connector-curvature="0"
     transform="scale(0.8,0.8)" />
  <path
     style="fill:#b3b3b3;fill-opacity:1;stroke:none"
     d="m 358.57706,240.61295 c 1.09718,22.2456 -2.20089,46.31178 1.66048,67.41243 23.15331,1.59775 47.83435,-1.77308 70.69601,2.449 7.29224,7.17976 9.04123,-8.24339 8.58591,-12.98894 -0.12048,-19.29219 2.5729,-40.39927 -1.1468,-58.53298 -25.67293,-0.7471 -51.92105,-0.10555 -77.81424,-0.32088 l -1.66049,1.66049 -0.32087,0.32088 z"
     id="path9649"
     inkscape:connector-curvature="0"
     transform="scale(0.8,0.8)" />
  <path
     style="fill:#b3b3b3;fill-opacity:1;stroke:none"
     d="m 187.15235,313.40974 c 1.06142,23.77627 -2.12354,49.21658 1.59544,71.95143 27.78579,2.42997 56.65585,2.01117 84.33706,-1.06262 1.28746,-6.11938 -3.32721,-14.51817 -2.54266,-21.99683 -2.4574,-16.65766 0.66921,-35.63127 -4.64895,-50.87335 -25.58651,0 -51.17302,0 -76.75953,0 l -1.66048,1.66049 -0.32088,0.32088 z"
     id="path9651"
     inkscape:connector-curvature="0"
     transform="scale(0.8,0.8)" />
  <path
     style="fill:#b3b3b3;fill-opacity:1;stroke:none"
     d="m 316.0878,311.79529 c -13.04774,1.6789 -28.45462,-1.67904 -40.28774,3.37566 -2.75417,22.64341 -2.60697,45.60842 -3.81596,68.39376 15.11597,5.32018 34.09418,2.30238 50.70727,3.9569 10.34054,-2.66806 34.84424,8.57933 32.80356,-8.35993 0,-22.06408 0,-44.12816 0,-66.19224 -11.03475,-4.6003 -26.9151,-0.012 -39.40713,-1.17415 z"
     id="path9653"
     inkscape:connector-curvature="0"
     transform="scale(0.8,0.8)" />
  <path
     style="fill:#b3b3b3;fill-opacity:1;stroke:none"
     d="m 409.72561,310.76792 c -16.69872,1.39223 -35.40017,-1.69729 -50.86944,2.57212 -0.65085,23.23224 -0.093,46.95181 -0.27911,70.37144 15.28072,4.95734 34.29613,1.33514 51.00059,3.08349 8.15708,-2.16576 20.42359,5.05699 26.56615,-1.83596 2.67008,-23.79866 2.42945,-48.64187 -0.58707,-72.42988 -6.68719,-4.3002 -18.13424,-0.55953 -25.83112,-1.76121 z"
     id="path9655"
     inkscape:connector-curvature="0"
     transform="scale(0.8,0.8)" />
  <g
     transform="translate(0.000000,627.000000) scale(0.100000,-0.100000)"
     fill="#000000"
     stroke="none"
     id="g2993">
    <path
       d="M55 6218 c-3 -7 -4 -1383 -3 -3058 l3 -3045 3477 0 3477 -1 5 21 c7 28 5 4276 -3 5278 l-6 808 -710 -1 c-390 -1 -714 0 -720 1 -5 1 -1249 4 -2763 6 -2206 2 -2754 1 -2757 -9z m5530 -621 l0 -588 -315 -1 -315 0 -3 275 c-2 230 0 278 12 290 13 13 11 18 -13 41 -24 23 -32 25 -54 17 -39 -15 -1324 -12 -1335 3 -5 6 -5 53 0 106 5 52 7 171 6 263 l-3 168 314 0 c214 0 317 -4 327 -11 9 -9 10 -18 3 -36 -13 -35 -12 -384 2 -423 12 -34 24 -40 33 -14 4 9 6 119 6 246 -1 126 0 231 2 233 8 7 631 5 639 -3 4 -4 4 -39 -1 -78 -18 -135 -6 -383 18 -407 27 -27 32 18 31 250 -1 128 1 236 4 238 3 3 126 5 273 5 148 -1 283 3 299 8 17 5 39 9 50 8 20 -2 20 -9 20 -590z m-4844 325 c-1 -170 1 -242 9 -247 30 -18 35 17 37 253 1 203 3 237 17 242 8 3 158 3 332 0 l316 -5 2 -240 c1 -236 6 -279 30 -255 7 7 11 87 12 253 l1 242 314 5 c173 3 320 3 327 1 9 -2 12 -60 12 -245 0 -243 6 -291 30 -246 13 24 20 309 10 425 l-5 60 320 5 c188 3 323 1 327 -4 3 -5 4 -86 1 -180 -3 -94 -1 -211 4 -259 6 -62 6 -91 -2 -97 -7 -6 -143 -8 -331 -5 -175 2 -326 4 -334 4 -26 -1 -674 -1 -695 0 -11 0 -166 -1 -345 -3 -180 -2 -336 1 -349 6 -52 19 -53 8 -52 -323 l2 -304 -308 3 c-169 2 -312 7 -317 12 -9 9 -10 525 -1 541 4 5 122 9 283 9 274 0 327 6 283 29 -14 8 -107 12 -292 12 -211 0 -271 2 -275 13 -3 9 -9 336 -9 538 0 6 622 12 634 7 10 -5 13 -53 12 -247z m2698 245 l84 -2 -2 -225 c0 -124 3 -242 8 -262 6 -27 5 -40 -4 -48 -8 -7 -121 -9 -331 -8 l-319 3 2 267 c1 147 4 271 6 275 5 7 322 7 556 0z m2849 -20 c7 -8 8 -26 2 -52 -5 -22 -10 -140 -10 -262 l0 -223 -269 0 c-264 0 -346 -8 -311 -30 8 -6 141 -10 298 -10 l282 0 1 -227 c1 -228 5 -275 24 -274 6 1 12 94 15 248 l5 248 287 5 c157 3 290 8 294 13 4 4 4 10 0 15 -4 4 -135 7 -292 7 -209 0 -285 3 -288 12 -4 9 -9 475 -7 531 1 9 71 12 316 12 l315 0 0 -565 c0 -440 -3 -565 -13 -565 -27 -1 -633 1 -952 3 l-340 2 2 25 c1 14 2 267 3 563 l0 537 314 0 c243 0 316 -3 324 -13z m-3453 -591 c7 -3 8 -34 3 -97 -5 -52 -7 -173 -6 -269 l3 -175 -316 -3 c-248 -2 -319 1 -327 11 -7 9 -8 36 0 92 18 142 -3 437 -30 411 -4 -4 -9 -121 -12 -259 l-5 -252 -324 0 -325 0 0 240 c-1 157 -5 246 -12 259 -23 38 -29 -11 -31 -252 0 -134 -3 -245 -5 -247 -2 -2 -150 -5 -328 -6 l-325 -2 -3 273 c-1 159 2 276 7 279 10 7 2019 3 2036 -3z m2053 4 c8 0 6 -540 -2 -548 -9 -8 -620 -1 -630 8 -4 4 -8 111 -7 237 1 228 -4 272 -31 245 -10 -10 -13 -69 -13 -248 0 -227 -1 -235 -20 -240 -11 -2 -155 -3 -320 -2 l-300 3 -2 250 c-1 138 -3 259 -5 270 -3 20 4 20 647 25 358 3 656 4 663 3 8 -2 17 -3 20 -3z m-1358 -20 c-3 -8 -6 -127 -7 -265 -1 -137 -2 -253 -3 -258 0 -4 -145 -6 -322 -5 l-323 3 3 210 c1 116 -1 236 -6 268 -5 31 -6 59 -4 62 3 3 154 4 336 3 289 -3 330 -5 326 -18z m-2803 -1160 c-2 -579 -2 -585 -22 -581 -11 2 -148 6 -305 8 -157 2 -289 8 -293 12 -11 11 -10 512 1 523 5 5 131 10 280 11 206 2 274 5 284 15 27 27 -19 32 -287 32 -148 0 -274 4 -280 8 -6 4 -10 109 -10 279 0 230 2 273 14 275 8 2 151 3 318 3 l303 1 -3 -586z m723 581 c3 -1 4 -126 3 -278 l-2 -278 -300 -5 c-165 -3 -303 -8 -307 -13 -4 -4 -2 -13 5 -20 9 -9 87 -13 298 -14 158 -1 290 -6 295 -11 5 -5 10 -110 11 -233 2 -221 7 -263 31 -239 7 7 11 84 12 241 1 126 4 232 6 235 7 7 626 6 638 -1 16 -10 13 -524 -2 -530 -7 -2 -154 -5 -326 -7 -270 -3 -313 -1 -317 12 -4 13 -51 15 -355 12 l-349 -3 0 568 -1 569 328 -2 c180 -2 329 -3 332 -3z m696 -4 c5 -3 7 -122 4 -279 l-5 -273 -324 0 -323 0 0 275 c0 151 1 277 1 280 1 7 636 4 647 -3z m687 -273 c-1 -153 -2 -281 -2 -284 -2 -9 -625 1 -636 10 -8 7 -9 30 -2 82 9 72 2 402 -9 445 -4 15 -1 22 12 25 10 1 157 3 328 2 l310 0 -1 -280z m688 0 l0 -279 -317 -5 c-174 -3 -318 -2 -320 2 -4 6 -8 536 -5 558 1 3 145 5 322 4 l321 0 -1 -280z m695 273 c4 -4 2 -19 -5 -34 -9 -19 -12 -96 -10 -272 l2 -246 -314 -5 c-173 -3 -316 -4 -318 -2 -5 3 -10 552 -5 562 3 8 643 5 650 -3z m674 -277 c-1 -157 -2 -294 -2 -305 0 -11 1 -141 2 -290 l3 -270 -669 0 c-663 0 -669 0 -666 20 2 11 5 131 6 266 2 135 6 252 10 258 6 9 11 9 21 1 9 -8 103 -11 300 -9 192 1 290 -2 297 -9 7 -7 10 -80 9 -212 -2 -191 6 -270 29 -270 17 0 20 39 20 255 0 136 4 226 10 230 5 3 133 7 284 8 209 2 278 5 288 15 27 27 -19 32 -299 32 l-282 0 -3 278 c-2 152 0 279 4 282 3 3 149 5 323 5 l317 0 -2 -285z m712 267 c6 -12 6 -28 -2 -50 -6 -20 -10 -114 -10 -252 0 -121 1 -226 0 -232 0 -10 -63 -13 -277 -14 -153 0 -286 -4 -296 -8 -18 -7 -18 -8 -1 -21 14 -12 68 -15 287 -17 210 -1 272 -4 281 -15 8 -9 10 -92 8 -270 l-3 -258 -272 0 c-150 0 -286 -4 -303 -9 -67 -19 -63 -53 -63 587 l-1 577 321 0 c297 -1 321 -2 331 -18z m687 -1 c9 -11 9 -25 1 -55 -6 -24 -10 -128 -10 -253 0 -117 1 -219 0 -226 0 -10 -68 -12 -322 -10 l-323 3 3 180 c2 99 -1 218 -7 264 -8 62 -8 88 0 98 17 20 641 19 658 -1z m684 -266 l-2 -275 -318 -5 c-175 -3 -320 -4 -323 -2 -6 4 -17 531 -11 550 2 10 73 12 330 10 l326 -3 -2 -275z m-4139 -595 c0 -147 -1 -270 -4 -273 -3 -4 -147 -5 -320 -2 l-315 5 0 263 c0 145 4 266 8 269 4 2 137 4 295 4 169 -1 293 3 302 9 9 5 19 5 24 0 5 -5 9 -129 10 -275z m682 263 c2 -3 5 -124 6 -271 3 -230 1 -268 -12 -272 -13 -4 -15 -46 -12 -315 l3 -310 -313 2 -312 3 2 290 1 290 292 5 c205 3 293 8 296 16 7 21 -46 25 -314 24 -145 -1 -267 0 -270 3 -4 4 -6 435 -3 532 0 9 626 12 636 3z m2762 -267 l2 -271 -322 2 -322 3 1 261 c0 144 2 265 6 270 3 5 142 8 319 7 l313 -1 3 -271z m692 264 c1 -18 1 -499 1 -517 -1 -16 -26 -18 -318 -20 -204 -2 -321 1 -325 7 -9 11 -11 506 -3 527 4 10 68 13 325 13 206 0 320 -4 320 -10z m-6228 -584 c9 -14 17 -17 28 -11 9 5 160 10 336 11 l319 1 2 -312 c1 -285 3 -313 19 -331 12 -13 25 -18 39 -14 15 4 364 6 683 4 9 -1 163 0 340 1 178 1 327 -2 332 -6 4 -5 3 -45 -2 -89 -5 -44 -7 -160 -6 -258 l3 -179 -317 0 c-175 1 -322 3 -326 6 -4 2 -4 47 1 98 16 168 -4 420 -31 393 -4 -4 -9 -117 -12 -252 l-5 -245 -317 1 c-175 0 -321 0 -325 1 -5 0 -8 108 -8 239 0 175 -3 243 -12 252 -27 27 -34 -41 -31 -268 3 -193 1 -223 -12 -223 -15 -1 -627 -1 -645 0 -6 0 -10 98 -10 272 0 171 4 276 10 280 6 4 135 8 287 8 267 0 308 3 308 20 0 24 -81 31 -325 29 -165 -1 -260 2 -267 9 -6 6 -10 95 -9 244 2 185 -1 237 -12 252 -32 44 -37 10 -37 -244 0 -159 -4 -251 -10 -255 -16 -10 -612 -7 -622 3 -7 7 -13 287 -13 564 0 1 135 5 300 8 165 3 308 7 317 8 10 1 23 -7 30 -17z m1396 4 c9 -3 12 -65 12 -262 0 -254 7 -317 29 -260 15 39 24 315 14 420 -7 64 -6 91 3 98 7 6 133 8 324 7 l312 -3 2 -292 3 -293 -322 0 c-236 0 -324 3 -333 12 -9 9 -15 9 -24 0 -9 -9 -97 -12 -335 -12 -301 0 -323 1 -323 18 -3 81 2 567 4 571 5 7 614 3 634 -4z m3437 0 c19 -4 20 -11 18 -286 -2 -155 -5 -284 -7 -286 -2 -2 -147 -4 -322 -4 l-319 0 -5 250 c-3 137 -9 253 -13 258 -5 4 -15 -1 -23 -11 -16 -22 -18 -77 -14 -322 1 -109 -1 -164 -9 -168 -6 -4 -148 -8 -316 -9 -246 -2 -306 1 -310 11 -3 8 -5 116 -5 242 0 221 -3 260 -20 260 -23 0 -31 -80 -29 -280 1 -140 -2 -215 -9 -222 -7 -7 -94 -10 -262 -9 -243 2 -320 -5 -320 -30 0 -5 1 -10 3 -11 1 -1 134 -5 296 -8 l295 -5 -3 -245 c-1 -152 1 -255 8 -272 6 -16 7 -30 1 -33 -5 -3 -152 -6 -326 -6 l-317 -1 -4 568 c-2 313 -1 579 2 592 5 20 10 23 31 18 13 -4 308 -6 655 -6 423 0 637 -4 651 -11 16 -8 24 -6 41 13 l22 23 295 -3 c162 -1 304 -4 315 -7z m707 -2 c2 -5 1 -135 -2 -291 l-5 -283 -318 -2 c-174 -1 -317 1 -318 6 -1 9 -1 565 0 572 1 8 640 6 643 -2z m689 -278 c0 -154 0 -284 -1 -290 0 -7 -105 -9 -301 -7 -211 2 -305 0 -314 -8 -29 -24 -35 25 -35 303 0 150 3 277 7 280 4 4 150 6 326 5 l319 -3 -1 -280z m-83 -348 l84 -2 0 -278 1 -278 -324 0 -324 0 -3 263 c-1 145 0 272 2 283 5 19 12 20 243 17 131 -1 276 -3 321 -5z m-6146 -273 c2 -152 -1 -278 -5 -281 -6 -4 -484 -6 -632 -3 -11 0 -10 533 0 551 4 5 134 9 320 9 l314 0 3 -276z m4140 86 c-2 -102 1 -225 7 -275 5 -49 8 -91 6 -93 -5 -5 -636 -4 -641 1 -7 7 -5 538 2 549 3 4 146 7 317 6 l312 -3 -3 -185z m710 -87 c2 -153 2 -279 1 -281 -2 -5 -642 -4 -650 1 -4 3 -7 129 -5 281 l3 276 324 0 324 0 3 -277z m690 0 c2 -153 2 -279 1 -281 0 -2 -146 -4 -324 -4 l-322 0 1 276 c0 152 1 278 1 281 1 3 145 5 321 5 l319 0 3 -277z m-2762 247 c3 0 4 -120 3 -266 l-3 -266 -320 0 -321 0 -1 264 c0 145 0 265 1 268 1 4 599 4 641 0z m-2777 -581 c1 -2 1 -126 -1 -276 l-3 -272 -307 -3 c-169 -2 -313 0 -320 3 -11 5 -14 61 -15 277 -1 150 1 273 5 274 12 4 639 1 641 -3z m702 2 c10 -1 12 -538 2 -547 -6 -6 -648 -6 -654 0 -3 2 -4 119 -4 259 2 189 -1 257 -10 263 -9 5 -8 10 3 18 10 8 116 10 334 9 175 -1 324 -2 329 -2z m702 -4 c4 -3 7 -127 5 -275 -2 -202 -6 -271 -15 -274 -7 -1 -154 -2 -327 0 l-315 3 2 277 c1 152 2 277 2 277 284 0 642 -4 648 -8z m686 -271 l1 -277 -310 0 c-170 0 -314 1 -320 1 -8 0 -11 71 -10 233 1 127 -2 251 -7 274 -6 35 -4 42 10 45 9 2 156 3 326 2 l310 0 0 -278z m688 43 c0 -129 3 -251 8 -272 6 -25 5 -39 -2 -44 -15 -9 -647 -10 -647 0 -1 9 -1 546 0 550 0 1 145 2 321 1 l322 -1 -2 -234z m696 228 c2 -3 -1 -15 -7 -27 -17 -31 -10 -444 8 -462 27 -27 32 16 30 255 -2 130 -1 237 2 238 24 3 641 1 645 -2 2 -2 -1 -40 -7 -84 -11 -91 -3 -361 13 -402 10 -27 11 -28 25 -8 13 17 15 60 12 258 -2 130 -1 237 2 238 9 0 634 1 645 0 6 -1 10 -89 10 -243 0 -246 5 -292 28 -269 9 9 12 80 13 263 l1 251 322 0 323 0 -1 -273 c0 -150 -2 -275 -4 -277 -3 -3 -610 -5 -657 -2 -8 0 -476 0 -1039 0 -563 -1 -1025 0 -1026 1 -1 2 2 57 7 123 5 66 7 186 3 268 -3 81 -4 151 -1 155 5 8 644 7 653 -1z m2755 -268 c-1 -151 -1 -276 -2 -279 0 -3 -145 -4 -322 -3 l-323 2 -3 268 c-1 147 0 273 2 278 2 6 119 10 326 9 l323 -1 -1 -274z m-3475 -923 c2 -588 2 -609 21 -622 17 -11 18 -19 11 -56 -5 -24 -8 -142 -8 -263 l1 -220 -322 0 -321 0 -1 273 c0 151 2 276 5 278 3 3 124 5 271 4 268 -1 320 3 313 24 -3 8 -92 13 -296 16 l-293 5 1 270 c0 149 1 275 1 280 0 6 98 10 272 10 275 0 323 4 299 28 -9 9 -85 12 -292 12 -179 0 -279 4 -279 10 0 6 -1 132 -1 280 l-1 270 291 1 c161 1 295 4 298 8 26 25 28 -25 30 -608z m2512 601 l273 -2 -1 -275 c-1 -151 -4 -277 -7 -279 -3 -3 -107 -4 -233 -2 -248 3 -341 -4 -341 -24 0 -21 80 -27 334 -24 l241 3 5 -275 c3 -150 3 -277 0 -281 -3 -4 -144 -8 -315 -9 l-310 -2 -2 578 c-2 393 1 582 8 591 6 7 23 11 42 8 18 -3 155 -6 306 -7z m-5273 -6 c5 -3 7 -126 4 -280 l-5 -273 -309 0 c-170 1 -313 5 -317 9 -12 12 -16 542 -4 547 18 6 622 4 631 -3z m704 4 c13 -4 15 -42 12 -277 -2 -150 -5 -274 -7 -276 -4 -5 -646 -4 -651 0 -9 9 -8 548 1 552 15 5 628 6 645 1z m705 -278 l0 -279 -319 0 c-175 1 -320 3 -323 6 -4 4 -7 528 -4 550 1 2 146 3 324 2 l322 -1 0 -278z m688 6 c-1 -150 -2 -276 -2 -280 -1 -9 -616 -7 -631 2 -6 4 -8 75 -4 198 3 106 2 226 -4 267 -6 47 -6 77 0 81 5 4 152 6 326 5 l315 -1 0 -272z m4139 2 c-1 -148 -1 -274 -2 -280 0 -6 -113 -9 -323 -8 l-322 1 -3 268 c-1 148 -1 273 2 279 2 7 111 10 326 10 l323 0 -1 -270z m-2757 245 c17 -1 332 0 700 1 l670 2 2 -561 c3 -551 2 -561 -17 -567 -11 -3 -24 -4 -29 0 -13 8 -1905 7 -1937 -1 -17 -5 -29 -2 -35 7 -8 13 -13 1112 -5 1120 4 3 557 2 651 -1z m-3479 -582 c6 -7 5 -538 -1 -548 -6 -10 -600 -15 -627 -5 -10 4 -13 57 -11 271 1 150 6 271 12 278 7 8 96 10 316 9 169 -1 309 -3 311 -5z m710 -1 c2 -2 5 -126 7 -275 2 -219 -1 -273 -11 -277 -18 -7 -626 -7 -644 0 -10 4 -13 57 -11 271 1 150 6 271 12 278 7 8 98 10 326 9 175 -1 319 -4 321 -6z m700 -12 c2 -11 3 -137 2 -280 l-3 -260 -324 0 -324 0 1 272 c0 150 2 276 5 280 3 4 147 8 321 8 309 0 317 -1 322 -20z m685 15 c0 -3 1 -129 2 -280 l1 -275 -313 -3 c-193 -1 -318 1 -325 7 -9 8 -10 32 -3 93 5 46 6 164 3 263 -4 110 -2 185 3 190 10 10 630 15 632 5z m4140 -7 c0 -7 0 -133 1 -280 l0 -268 -323 0 -324 0 -3 270 c-1 148 -1 274 2 280 6 16 646 14 647 -2z m-979 -591 l287 -3 3 -270 c2 -149 0 -275 -3 -280 -3 -5 -138 -8 -323 -7 l-318 3 -2 240 c-1 236 -6 279 -30 255 -7 -7 -12 -87 -13 -246 -2 -130 -5 -240 -8 -245 -4 -5 -142 -9 -325 -9 l-319 0 -3 239 c-2 132 -7 243 -11 248 -33 32 -56 -172 -40 -361 6 -78 5 -110 -3 -117 -7 -5 -135 -8 -320 -7 l-309 3 -5 240 c-3 132 -7 241 -8 243 -1 1 -6 2 -12 2 -23 0 -32 -81 -28 -277 2 -157 0 -204 -10 -208 -19 -7 -611 -7 -622 0 -7 4 -8 58 -5 153 4 81 2 197 -3 257 -5 61 -6 113 -2 118 8 9 2020 10 2044 1 11 -4 25 3 42 21 18 20 29 25 42 18 9 -4 146 -9 304 -11z m-3161 1 c5 -48 2 -556 -3 -560 -15 -8 -622 -2 -633 7 -8 6 -8 35 -2 97 4 48 7 169 5 268 l-3 180 310 5 c171 3 313 6 318 8 4 1 7 -1 8 -5z m4137 -8 c3 -2 4 -127 4 -277 l-1 -273 -316 -5 c-193 -3 -320 -1 -326 4 -9 10 -13 523 -4 548 4 10 65 12 322 10 175 -2 319 -5 321 -7z m-6230 -277 l2 -278 -309 0 c-170 0 -315 2 -323 5 -10 4 -13 57 -11 267 1 144 5 268 7 275 5 11 65 13 318 11 l313 -3 3 -277z m712 272 c1 -5 1 -130 1 -277 l0 -268 -313 -3 c-172 -1 -322 0 -333 2 -19 5 -20 13 -18 267 1 145 5 269 7 276 4 10 70 13 331 13 210 0 325 -4 325 -10z m695 -270 l0 -275 -323 0 -324 0 0 270 c0 149 1 273 1 278 1 4 146 6 324 5 l322 -3 0 -275z"
       id="path2995" />
    <path
       d="M5006 5597 c-17 -13 -17 -14 -2 -20 9 -4 129 -7 267 -8 240 -1 289 4 265 28 -4 5 -121 9 -259 11 -202 2 -256 0 -271 -11z"
       id="path2997" />
    <path
       d="M5931 6053 c-46 -6 -73 -34 -69 -69 4 -35 29 -39 43 -6 7 16 18 22 42 22 30 0 33 -3 33 -29 0 -40 -27 -88 -77 -138 -24 -22 -43 -50 -43 -61 0 -18 8 -21 68 -24 83 -5 92 -2 92 28 0 21 -5 24 -35 24 -42 0 -46 17 -10 48 14 12 25 27 25 33 0 6 7 17 15 25 8 9 15 33 15 56 0 34 -6 46 -32 70 -17 15 -32 27 -32 26 -1 0 -16 -3 -35 -5z"
       id="path2999" />
    <path
       d="M2528 4813 c-9 -10 -24 -24 -32 -31 -26 -21 -20 -43 9 -36 l24 6 3 -104 c3 -95 4 -103 23 -103 19 0 20 7 20 140 0 116 -3 140 -15 143 -8 1 -23 -5 -32 -15z"
       id="path3001" />
    <path
       d="M4210 1835 c-7 -22 -11 -107 -9 -240 1 -113 0 -208 -3 -211 -3 -3 -131 -6 -284 -7 -182 -1 -285 -6 -298 -13 -18 -11 -18 -11 0 -20 11 -5 144 -10 298 -11 153 -1 281 -4 284 -7 3 -3 4 -95 3 -205 -2 -189 7 -281 28 -281 18 0 21 38 21 261 0 146 4 229 10 229 99 4 612 0 620 -5 7 -4 9 -54 5 -148 -8 -222 10 -365 42 -334 4 5 10 116 13 248 l5 240 287 2 c199 1 291 6 298 13 9 9 8 14 -2 20 -7 5 -141 10 -298 11 l-285 1 -5 240 c-3 132 -9 244 -13 249 -32 31 -54 -158 -42 -360 6 -81 4 -116 -4 -121 -6 -4 -150 -7 -319 -8 l-307 0 -5 243 c-3 134 -7 245 -8 247 -9 10 -22 -4 -32 -33z"
       id="path3003" />
    <path
       d="M3812 1765 c-15 -15 -22 -32 -20 -47 4 -29 38 -37 45 -10 6 24 62 39 75 20 19 -31 3 -68 -27 -65 -15 2 -21 -5 -23 -25 -3 -23 1 -27 25 -30 21 -2 29 -9 31 -28 4 -39 -11 -53 -47 -45 -21 4 -31 13 -31 25 0 19 -25 34 -41 24 -18 -11 -8 -46 20 -75 37 -37 79 -38 119 -4 l30 25 -2 109 c-1 92 -4 112 -20 130 -27 30 -102 28 -134 -4z"
       id="path3005" />
    <path
       d="m 7166.4961,1427.4696 c -19,-11 -24,-54 -8,-64 14,-9 13,-128 -1,-142 -19,-19 -2,-43 28,-43 47,0 58,13 43,49 -8,21 -11,55 -7,98 8,98 -9,129 -55,102 z"
       id="path3007"
       inkscape:connector-curvature="0" />
    <path
       d="m 7351.4961,1272.4696 c -10,-26 17,-35 94,-32 77,4 89,8 80,33 -9,23 -165,22 -174,-1 z"
       id="path3011"
       inkscape:connector-curvature="0" />
    <path
       d="m 7142.4961,1040.4696 c -16,-11 -32,-45.00004 -27,-59.00004 7,-18 33,-16 33,3 0,11 8,14 28,12 23,-3 27,-8 30,-39 3,-32 -2,-40 -43,-73 -33,-27 -45,-44 -43,-60 3,-18 10,-21 53,-22 80,-1 132,49 65,63 -33,6 -39,17 -15,27 8,3 15,13 15,23 0,10 7,27 15,37 21,27 19,39 -10,70.00004 -24,26 -75,35 -101,18 z"
       id="path3013"
       inkscape:connector-curvature="0" />
    <path
       d="m 7359.4961,919.46956 c -8,-5 -11,-16 -8,-25 5,-13 21,-16 76,-16 77,0 101,6 101,25 0,7 -7,16 -16,19 -24,9 -137,7 -153,-3 z"
       id="path3025"
       inkscape:connector-curvature="0" />
    <path
       d="m 7139.4961,667.46956 c -24,-26 -22,-45 5,-42 10,1 27,-3 38,-9 19,-10 18,-11 -9,-26 -28,-14 -28,-15 -9,-28 37,-26 44,-35 44,-59 0,-31 -38,-45 -56,-20 -16,21 -44,13 -44,-13 0,-47 61,-56 109,-16 47,39 53,56 36,97 -8,20 -12,49 -9,64 6,33 -15,57 -57,68 -20,5 -32,1 -48,-16 z"
       id="path3031"
       inkscape:connector-curvature="0" />
    <path
       d="m 7355.4961,552.46956 c -4,-4 -7,-18 -7,-31 0,-23 1,-24 88,-21 85,3 87,3 87,28 0,24 -2,25 -80,28 -45,1 -84,0 -88,-4 z"
       id="path3041"
       inkscape:connector-curvature="0" />
  </g>
  <text
     xml:space="preserve"
     style="font-size:33.0080719px;font-style:normal;font-variant:normal;font-weight:bold;font-stretch:normal;text-align:center;line-height:125%;letter-spacing:0px;word-spacing:0px;text-anchor:middle;fill:#000000;fill-opacity:1;stroke:none;font-family:Arial;-inkscape-font-specification:Arial Bold"
     x="796.4408"
     y="508.26999"
     id="text9687"
     sodipodi:linespacing="125%"><tspan
       sodipodi:role="line"
       x="796.4408"
       y="508.26999"
       id="tspan9691">Casa</tspan></text>
  <text
     xml:space="preserve"
     style="font-size:33.0080719px;font-style:normal;font-variant:normal;font-weight:bold;font-stretch:normal;text-align:center;line-height:125%;letter-spacing:0px;word-spacing:0px;text-anchor:middle;fill:#000000;fill-opacity:1;stroke:none;font-family:Arial;-inkscape-font-specification:Arial Bold"
     x="827.26135"
     y="548.93933"
     id="text9695"
     sodipodi:linespacing="125%"><tspan
       sodipodi:role="line"
       id="tspan9697"
       x="827.26135"
       y="548.93933">Garagem</tspan></text>
  <text
     xml:space="preserve"
     style="font-size:33.0080719px;font-style:normal;font-variant:normal;font-weight:bold;font-stretch:normal;text-align:center;line-height:125%;letter-spacing:0px;word-spacing:0px;text-anchor:middle;fill:#000000;fill-opacity:1;stroke:none;font-family:Arial;-inkscape-font-specification:Arial Bold"
     x="813.61951"
     y="586.71289"
     id="text9699"
     sodipodi:linespacing="125%"><tspan
       sodipodi:role="line"
       id="tspan9701"
       x="813.61951"
       y="586.71289">Piscina</tspan></text>
</svg>
