<?xml version="1.0" encoding="UTF-8" standalone="no"?>
<svg
   xmlns:dc="http://purl.org/dc/elements/1.1/"
   xmlns:cc="http://creativecommons.org/ns#"
   xmlns:rdf="http://www.w3.org/1999/02/22-rdf-syntax-ns#"
   xmlns:svg="http://www.w3.org/2000/svg"
   xmlns="http://www.w3.org/2000/svg"
   xmlns:sodipodi="http://sodipodi.sourceforge.net/DTD/sodipodi-0.dtd"
   xmlns:inkscape="http://www.inkscape.org/namespaces/inkscape"
   version="1.0"
   width="438.000000pt"
   height="348.000000pt"
   viewBox="0 0 438.000000 348.000000"
   preserveAspectRatio="xMidYMid meet"
   id="svg2"
   inkscape:version="0.48.4 r9939"
   sodipodi:docname="10.svg">
  <defs
     id="defs12" />
  <sodipodi:namedview
     pagecolor="#ffffff"
     bordercolor="#666666"
     borderopacity="1"
     objecttolerance="10"
     gridtolerance="10"
     guidetolerance="10"
     inkscape:pageopacity="0"
     inkscape:pageshadow="2"
     inkscape:window-width="1600"
     inkscape:window-height="824"
     id="namedview10"
     showgrid="false"
     inkscape:zoom="1.534503"
     inkscape:cx="242.36641"
     inkscape:cy="307.98342"
     inkscape:window-x="0"
     inkscape:window-y="24"
     inkscape:window-maximized="1"
     inkscape:current-layer="svg2" />
  <metadata
     id="metadata4">
Created by potrace 1.10, written by Peter Selinger 2001-2011
<rdf:RDF>
  <cc:Work
     rdf:about="">
    <dc:format>image/svg+xml</dc:format>
    <dc:type
       rdf:resource="http://purl.org/dc/dcmitype/StillImage" />
  </cc:Work>
</rdf:RDF>
</metadata>
  <g
     transform="translate(0.000000,348.000000) scale(0.100000,-0.100000)"
     fill="#000000"
     stroke="none"
     id="g6">
    <path
       d="m 144,3351 c -2,-2 -4,-726 -4,-1608 l 0,-1603 1990,2 1990,3 0,1600 0,1600 -1986,5 c -1092,3 -1988,3 -1990,1 z m 558,-68 c 2,-5 2,-132 0,-284 l -3,-277 -172,5 c -95,3 -202,1 -238,-4 -36,-5 -71,-7 -77,-5 -9,3 -12,80 -12,288 l 0,284 249,0 c 138,0 251,-3 253,-7 z m 570,0 c 2,-5 2,-132 0,-283 l -3,-275 -259,0 -259,0 -3,275 c -2,151 -2,278 0,283 2,4 120,7 262,7 142,0 260,-3 262,-7 z m 550,-5 c 2,-6 0,-37 -4,-67 -5,-31 -7,-152 -6,-270 l 2,-213 -246,-2 -247,-1 -3,275 c -2,151 -2,278 0,283 6,13 500,9 504,-5 z m 560,5 c 2,-5 2,-132 0,-283 l -3,-275 -262,2 -261,2 2,213 c 1,117 -1,238 -6,269 -4,30 -6,61 -4,67 4,14 528,18 534,5 z m 550,-5 c 2,-6 0,-37 -4,-67 -5,-31 -7,-152 -6,-270 l 2,-213 -246,-2 -247,-1 -3,275 c -2,151 -2,278 0,283 6,13 500,9 504,-5 z m 560,5 c 2,-5 2,-132 0,-283 l -3,-275 -262,2 -261,2 2,213 c 1,117 -1,238 -6,269 -4,30 -6,61 -4,67 4,14 528,18 534,5 z m 554,-2 c 5,-6 7,-117 4,-282 l -5,-273 -252,0 -252,-1 -3,275 c -2,151 -2,278 0,283 5,11 496,9 508,-2 z m -3519,-598 172,5 3,-247 3,-246 -0.19492,29.2182 c 3.43221,-28.7457 1.41314,-118.0233 -0.58686,-130.0233 0,0 -60.21822,3.8051 -279.21822,3.8051 l -220,0 -3,293 c -1,195 1,295 8,299 6,4 41,2 78,-3 37,-5 144,-7 239,-4 z m 743,-204 c 0,-113 3,-227 6,-253 l 4.3933,-124.2012 -252.1464,5.2134 -280.82007,-5.2134 L 744,2226 c 3,26 6,140 6,253 l 0,206 260,0 260,0 z m 545,-25 c 1,-126 6.6067,-360.5153 8.6067,-371.5153 4,-20 8.4268,0.8537 -244.5732,-2.1463 L 1314.8201,2101.7988 1314,2226 c 3,26 6,140 6,253 l 0,206 246,-1 246,-2 z m 567,-46 c 1,-153 2,-285 2,-293 1,-14 -31,-16 -237,-18 l -237,-2 -46.9207,-0.4604 c -23.9989,-0.2354 24.5274,40.9665 -4.4726,51.9665 -13,5 -2.9665,-50.561 3.0335,-37.561 5,9 -6.6402,220.0549 -4.6402,346.0549 1,127 2,230 2,230 1,0 118,0 261,0 l 260,0 z m 541,-16 2,-291 -245,-3 c -135,-2 -247,-1 -250,2 -3,3 -4,136 -2,295 l 3,290 245,-1 245,-2 z m 569,3 c 2,-159 1,-292 -2,-295 -3,-3 -122,-4 -265,-2 l -260,3 2,292 c 1,161 3,292 3,292 0,0 117,0 260,0 l 259,0 z m 558,1 c 3,-158 1,-290 -3,-293 -5,-3 -122,-5 -260,-5 -222,1 -252,3 -251,16 0,9 1,141 2,294 l 2,277 253,-1 252,0 z m -3347,-634 -3,-293 -247,-1 -248,0 -3,283 c -1,156 -1,288 2,294 2,6 94,10 252,10 l 249,0 z m 1680,9 2,-312.2805 -206.3598,-18.2469 -290.7743,2.6067 c 0,92.6666 -10.4269,195.7601 -10.4269,288.4268 0,153 9.8201,317.4939 11.8201,319.4939 2,2 156.7409,3 274.7409,2 l 217,-2 z m 317,279 225,0 0,-227 c 0,-126 2,-250 5,-278 l -0.2134,-107.3476 -244.5732,-3 -252.3933,3.2135 L 2427,1772 c 2,156 3,285 3,287 0,2 10,1 23,-3 12,-3 123,-6 247,-6 z m 793,-278 0.1568,-335.4534 -255.2543,3.8432 -274.7661,-19.4031 L 2960,1545 c 3,28 5,152 5,277 l 0,228 250,3 c 137,1 256,2 263,2 10,0 13,-61 15,-283 z m 553,275 c 6,-6 6,-568 0,-574 -3,-3 -104,-5 -226,-5 l -220,1 -66.0212,4.1949 L 3539,1530 l 0,260 c 0,143 0,261 1,263 0,4 501,-1 506,-6 z m -2774,-290 -1,-288 -261,0 -261,0 0,278 c 0,153 0,297.0335 0,304.0335 1,10 67.42683,4.1799 272.4268,2.1799 l 259.3933,-0.3933 z m 564.7073,283.6067 -16.7073,4.6403 0,-299.247 0,-281 -250,2 -251,2 0,283 c 0,156 0,286 0,291 1,12 488.7073,10.6067 517.7073,-2.3933 z M 704,1406 c 0,-9 -1,-141 -2,-295 l -2,-279 -173,5 c -94,3 -202,1 -238,-4 -36,-5 -71,-7 -77,-5 -9,3 -12,82 -12,296 0,161 2,295 4,297 2,2 116,3 253,2 218,-2 248,-4 247,-17 z m 570,0 c 0,-9 -1,-141 -2,-293 l -2,-278 -260,0 -259,0 -3,290 c -2,160 -2,292 -1,295 0,3 120,4 265,3 232,-1 263,-3 262,-17 z m 547,2 c 4,-8 3,-46 -2,-84 -6,-38 -9,-163 -7,-277 l 2,-209 -246,-1 -247,-2 -3,290 c -2,160 -2,292 -1,295 0,3 112,4 248,4 205,-1 249,-4 256,-16 z m 2226,9 c 5,-3 6,-135 3,-293 l -5,-288 -252,0 -252,-1 -3,260 c -2,199 -9.2161,323.8263 0.7839,331.8263 6,6 -22.5863,-14.7627 -10.1186,-11.0805 L 3560,1425 l 240,-2 c 132,-1 243,-4 247,-6 z m -1661,-93 c -3,-26 -6,-146 -6,-268 l 0,-221 -261,2 -260,2 -2,265 -2,310.2373 296.6483,-7.3729 233.9788,11.0593 z m 545,87.3559 c -2,-11 -5,-196.3559 -6,-330.3559 l -3,-243 -246,-2 -246,-1 0,221 c 0,122 -3,242 -6,268 l 0.3729,92.0805 286.6483,-5.6864 c 253,-3 223.9788,20.9618 219.9788,0.9618 z M 3496,1324 c -3,-26 -6,-146 -6,-268 l 0,-221 -262,2 -262,2 2,198 c 1,109 -2,225 -7,258 -5,33 -1.4703,118.2966 1.5297,123.2966 2,4 136.8874,12.6653 284.2161,-9.589 l 248.8813,11.0593 z M 527,793 l 172,5 3,-292 c 2,-160 2,-294 0,-298 -2,-5 -115,-8 -253,-8 l -249,0 0,299 c 0,220 3,300 12,303 6,2 41,0 77,-5 36,-5 143,-7 238,-4 z m 745,-270 c 1,-150 2,-283 2,-295 l 1,-23 -265,0 -265,0 1,23 c 0,12 1,145 2,295 l 2,272 260,0 260,0 z m 540,40 c -1,-125 1,-253 6,-284 4,-30 6,-61 4,-67 -4,-14 -498,-18 -504,-4 -2,4 -2,138 0,297 l 3,290 247,-2 246,-1 z m 570,-58 c 2,-159 2,-293 0,-297 -6,-14 -530,-10 -534,4 -2,6 0,37 4,67 5,31 8,157 7,281 0,124 -1,227 0,230 1,3 118,5 260,5 l 260,0 z m 540,59 c -1,-126 1,-254 6,-285 4,-30 6,-61 4,-67 -4,-14 -498,-18 -504,-4 -2,4 -2,138 0,297 l 3,290 247,-1 246,-2 z m 570,-59 c 2,-159 2,-293 0,-297 -6,-14 -530,-10 -534,4 -2,6 0,37 4,67 5,31 8,157 7,281 0,124 -1,227 0,230 1,3 118,5 260,5 l 260,0 z m 558,1 c 3,-175 1,-291 -4,-297 -12,-11 -503,-13 -508,-1 -2,4 -2,138 0,297 l 3,290 252,-1 252,0 z"
       id="path8"
       inkscape:connector-curvature="0"
       sodipodi:nodetypes="ssccccccsccccssscsccccccccscccccccccccccccccccccccccccccccccccccccccccccccccccscccscscccccscccscccccsccccccccsccccscccccsccccccsccccscccccccccccccccccsccccccsscccscscccccscscccccsccscssccccscsccccsccccccccccsccccccssssccccccccccccccccccccccccccccsccccscccccccccccccscccccsccccscsccccccscsssccccccccccccccccccccccccccssccccccccccccccccsscccccccccc" />
  </g>
  <path
     style="fill:none;stroke:#ff0000;stroke-width:5.6;stroke-linecap:butt;stroke-linejoin:miter;stroke-miterlimit:4;stroke-opacity:1;stroke-dasharray:none"
     d="m 72.9249,139.7204 112.85888,0 0,65.31233 166.70657,0"
     id="path2989"
     inkscape:connector-curvature="0" />
</svg>
