<?xml version="1.0" encoding="UTF-8" standalone="no"?>
<svg
   xmlns:dc="http://purl.org/dc/elements/1.1/"
   xmlns:cc="http://creativecommons.org/ns#"
   xmlns:rdf="http://www.w3.org/1999/02/22-rdf-syntax-ns#"
   xmlns:svg="http://www.w3.org/2000/svg"
   xmlns="http://www.w3.org/2000/svg"
   xmlns:sodipodi="http://sodipodi.sourceforge.net/DTD/sodipodi-0.dtd"
   xmlns:inkscape="http://www.inkscape.org/namespaces/inkscape"
   version="1.0"
   width="486.16721"
   height="360.37393"
   viewBox="0 0 388.93376 288.29915"
   preserveAspectRatio="xMidYMid meet"
   id="svg3241"
   inkscape:version="0.48.4 r9939"
   sodipodi:docname="9a.svg">
  <defs
     id="defs3323" />
  <sodipodi:namedview
     pagecolor="#ffffff"
     bordercolor="#666666"
     borderopacity="1"
     objecttolerance="10"
     gridtolerance="10"
     guidetolerance="10"
     inkscape:pageopacity="0"
     inkscape:pageshadow="2"
     inkscape:window-width="1600"
     inkscape:window-height="824"
     id="namedview3321"
     showgrid="false"
     inkscape:zoom="0.816"
     inkscape:cx="-54.864411"
     inkscape:cy="166.57812"
     inkscape:window-x="0"
     inkscape:window-y="24"
     inkscape:window-maximized="1"
     inkscape:current-layer="g3245"
     fit-margin-top="0"
     fit-margin-left="0"
     fit-margin-right="0"
     fit-margin-bottom="0" />
  <metadata
     id="metadata3243">
Created by potrace 1.10, written by Peter Selinger 2001-2011
<rdf:RDF>
  <cc:Work
     rdf:about="">
    <dc:format>image/svg+xml</dc:format>
    <dc:type
       rdf:resource="http://purl.org/dc/dcmitype/StillImage" />
    <dc:title></dc:title>
  </cc:Work>
</rdf:RDF>
</metadata>
  <g
     transform="matrix(0.1,0,0,-0.1,-505.06623,293.32414)"
     id="g3245"
     style="fill:#000000;stroke:none">
    <path
       d="m 5060,2925 c -5,-6 -5,-17 0,-25 6,-8 10,-36 10,-62 0,-37 4,-48 16,-48 12,0 15,10 13,47 -4,55 6,61 91,62 77,1 82,-4 78,-80 l -3,-64 -102,2 c -102,1 -103,1 -103,-23 l 0,-23 95,6 c 61,4 99,2 107,-5 9,-7 12,-29 8,-74 l -5,-63 -100,0 -100,0 0,-95 c -1,-147 7,-270 17,-270 18,0 32,49 20,75 -10,21 -9,26 8,35 11,6 51,10 88,8 l 67,-3 0,-70 0,-70 -64,-3 c -35,-2 -78,2 -95,8 -39,14 -60,-8 -45,-47 5,-13 9,-45 9,-69 0,-60 24,-54 28,7 2,24 7,48 12,53 11,11 133,16 149,6 8,-4 11,-30 9,-71 l -3,-64 -80,1 c -44,1 -89,3 -100,5 -19,4 -20,-1 -17,-86 2,-50 -1,-102 -7,-117 -20,-52 -8,-59 84,-52 45,4 93,4 106,1 22,-6 24,-11 22,-69 l -1,-63 -102,-1 c -102,-1 -128,-9 -117,-38 5,-12 26,-15 109,-15 57,0 110,0 118,0 8,0 46,3 83,5 39,3 73,1 80,-4 8,-7 10,-32 7,-79 l -5,-68 -65,2 c -36,1 -68,2 -72,3 -4,0 -8,25 -10,55 -4,72 -22,75 -28,5 l -5,-55 -68,-3 c -86,-4 -100,4 -101,58 -1,24 -6,45 -12,47 -7,2 -13,-25 -17,-79 -7,-111 -4,-375 5,-383 16,-16 29,10 27,52 -4,57 9,65 98,61 l 68,-3 0,-70 0,-70 -75,0 c -41,0 -85,4 -97,8 -28,10 -49,-21 -30,-47 10,-14 17,-15 43,-6 17,6 60,10 95,8 l 64,-3 0,-70 0,-70 -57,-3 c -32,-2 -75,2 -95,7 -30,9 -41,8 -53,-4 -19,-20 -1,-51 26,-47 68,11 165,13 176,4 9,-7 12,-30 8,-74 l -5,-63 -68,-3 c -88,-4 -100,4 -101,63 -1,50 -19,72 -29,35 -3,-11 -2,-34 3,-50 4,-16 5,-31 2,-35 -4,-4 -8,-95 -9,-203 -1,-109 -2,-204 -2,-212 -1,-8 1,-46 4,-84 2,-38 0,-77 -6,-88 -15,-28 7,-51 40,-42 43,11 144,12 169,1 16,-8 26,-7 34,1 15,15 130,16 145,1 7,-7 22,-7 49,-1 22,6 106,9 189,6 83,-2 158,-4 168,-3 21,1 147,1 182,-1 14,0 57,0 95,0 39,0 78,0 88,-1 9,0 51,2 92,4 41,2 85,-1 97,-6 15,-7 27,-6 35,0 15,11 124,10 151,-1 10,-5 23,-4 30,3 16,13 126,11 149,-3 11,-7 20,-6 30,1 8,7 41,10 88,7 41,-2 80,-4 85,-5 6,0 39,2 75,5 36,3 80,1 98,-5 25,-8 37,-8 45,0 6,6 39,11 74,11 48,0 64,-4 72,-17 9,-17 10,-17 28,0 27,23 129,24 155,0 17,-15 19,-15 31,1 11,15 23,17 83,12 88,-8 106,-8 177,0 37,4 69,1 88,-6 23,-10 33,-10 42,-1 14,14 129,15 144,0 8,-8 21,-8 48,1 23,8 58,10 94,6 31,-4 66,-7 79,-6 34,2 140,2 160,0 9,-1 46,1 82,4 36,3 80,1 98,-5 25,-8 37,-8 45,0 14,14 134,15 142,1 8,-14 75,-2 94,16 13,11 12,14 -5,19 -43,14 -46,20 -46,80 0,60 3,66 45,79 22,7 13,26 -13,26 -10,0 -22,5 -26,11 -5,9 -8,78 -5,129 1,6 12,10 26,10 33,0 35,37 3,42 -21,3 -23,9 -26,81 -3,77 -3,77 23,77 36,0 35,37 -1,42 -26,3 -27,5 -28,71 -2,67 -2,68 29,75 37,10 36,24 -2,35 -27,8 -28,11 -28,73 0,62 1,65 28,72 37,10 38,24 1,34 -30,8 -30,8 -28,70 2,35 3,66 4,71 0,4 12,7 26,7 33,0 30,33 -4,38 -21,3 -22,8 -22,78 0,71 1,75 26,84 30,12 27,34 -4,38 -12,2 -22,6 -22,10 0,4 -2,35 -4,70 -4,58 -3,62 18,62 31,0 50,16 43,34 -4,10 -18,16 -36,16 l -30,0 1,65 c 1,64 2,65 32,73 37,10 41,36 6,41 -33,4 -36,11 -35,78 0,52 3,58 25,63 18,4 26,14 28,32 3,23 -1,27 -25,30 -19,2 -28,8 -27,21 0,9 1,40 2,67 2,42 5,50 21,50 20,0 47,25 34,33 -4,2 -20,7 -34,10 -24,6 -25,9 -23,69 2,35 3,66 4,71 0,4 11,7 25,7 16,0 25,6 25,15 0,9 -11,20 -25,25 -23,9 -25,14 -25,80 0,67 1,71 26,80 30,12 27,34 -4,38 -12,2 -22,6 -22,10 -7,143 -9,132 24,140 38,10 36,24 -5,35 -22,6 -29,12 -25,23 3,9 6,37 6,64 0,46 2,49 30,55 17,4 30,13 30,21 0,8 -3,14 -7,14 -5,0 -876,1 -1936,3 -1318,1 -1931,-1 -1937,-8 z m 385,-100 0,-70 -64,-3 c -35,-2 -69,2 -74,7 -10,10 -10,117 0,134 2,4 35,7 71,5 l 67,-3 0,-70 z m 179,69 c 12,-5 16,-20 16,-60 0,-41 4,-54 15,-54 18,0 29,41 21,77 -5,17 -3,29 6,34 16,11 129,11 143,1 6,-4 10,-34 10,-67 0,-33 -4,-63 -10,-67 -15,-11 -120,-9 -151,2 -19,8 -30,8 -38,0 -10,-10 -114,-14 -138,-5 -11,4 -14,22 -12,65 1,33 5,64 9,70 7,11 103,14 129,4 z m 391,-69 0,-70 -64,-3 c -35,-2 -69,2 -74,7 -10,10 -10,117 0,134 2,4 35,7 71,5 l 67,-3 0,-70 z m 230,66 c 11,1 52,3 90,3 l 70,1 0,-70 0,-70 -175,0 -175,0 -3,59 c -5,90 -5,90 91,82 45,-4 91,-6 102,-5 z m 340,-66 0,-70 -70,0 -70,0 -3,59 c -4,86 -3,87 75,84 l 68,-3 0,-70 z m 180,0 0,-70 -70,0 -70,0 -3,59 c -4,86 -3,87 75,84 l 68,-3 0,-70 z m 179,69 c 12,-5 15,-15 10,-44 -3,-20 -1,-46 5,-58 17,-32 -7,-43 -86,-40 l -68,3 -3,59 c -4,83 -2,86 67,86 33,0 66,-3 75,-6 z m 200,0 c 12,-5 16,-21 16,-69 0,-72 -3,-75 -83,-75 -74,0 -100,9 -90,29 4,9 7,36 7,61 0,25 5,48 10,52 13,9 118,10 140,2 z m 191,-69 0,-70 -64,-3 c -35,-2 -69,2 -74,7 -10,10 -10,117 0,134 2,4 35,7 71,5 l 67,-3 0,-70 z m 180,0 0,-70 -70,0 -70,0 -2,60 c -2,88 -3,86 74,83 l 68,-3 0,-70 z m 185,7 c 3,-34 4,-67 2,-72 -4,-12 -139,-14 -145,-2 -2,4 -2,38 1,75 l 4,68 67,-3 66,-3 5,-63 z m 195,57 c 4,-5 8,-38 8,-72 l 2,-62 -75,0 -75,0 0,65 c -1,36 1,68 3,73 5,11 130,8 137,-4 z m 190,-64 0,-70 -70,0 -70,0 -3,59 c -4,86 -3,87 75,84 l 68,-3 0,-70 z m 193,66 c 8,-5 14,-32 16,-69 3,-69 0,-72 -91,-72 -78,0 -80,2 -75,73 3,34 10,65 16,69 15,10 118,10 134,-1 z m 167,1 c 6,-4 10,-34 10,-67 0,-33 -4,-63 -10,-67 -12,-9 -87,-10 -107,-3 -11,4 -14,22 -12,65 1,33 5,64 9,70 7,11 95,14 110,2 z m 190,2 c 17,-4 20,-13 20,-67 0,-34 -4,-65 -10,-69 -14,-11 -133,-10 -153,1 -24,13 -18,128 6,134 25,7 114,8 137,1 z m 200,-69 0,-70 -64,-3 c -35,-2 -69,2 -74,7 -10,10 -10,117 0,134 2,4 35,7 71,5 l 67,-3 0,-70 z M 5448,2646 c 2,-38 -1,-72 -5,-76 -4,-4 -38,-5 -75,-2 l -66,4 -4,67 c -2,37 1,69 7,74 5,4 39,6 75,5 l 65,-3 3,-69 z m 372,68 c 12,-3 15,-19 15,-71 l -1,-68 -59,-3 c -33,-2 -70,0 -82,3 -21,5 -23,10 -17,39 7,42 -2,76 -22,76 -10,0 -14,-14 -14,-55 0,-66 -8,-72 -91,-65 l -62,5 -2,65 c 0,36 0,68 2,72 3,7 308,9 333,2 z m 198,-63 c 2,-35 -1,-68 -7,-74 -9,-9 -128,-14 -136,-5 -7,7 -8,125 -1,137 5,8 30,11 74,9 l 67,-3 3,-64 z m 387,-6 0,-70 -175,0 -175,0 -3,59 c -2,32 -1,65 2,72 4,10 45,12 178,11 l 173,-2 0,-70 z m 183,7 c 2,-35 -1,-69 -7,-75 -8,-11 -127,-15 -136,-5 -7,7 -8,125 -1,137 5,8 30,11 74,9 l 67,-3 3,-63 z m 177,-12 0,-75 -65,0 c -36,0 -68,5 -72,10 -10,13 -10,129 -1,139 4,4 37,6 73,4 l 65,-3 0,-75 z m 191,70 c 7,-7 20,-7 41,0 17,6 59,10 94,8 l 64,-3 0,-70 0,-70 -80,0 -80,0 3,35 c 4,47 -5,80 -23,80 -19,0 -28,-34 -21,-75 4,-20 2,-36 -4,-40 -15,-9 -124,-10 -139,-1 -12,8 -16,128 -4,139 10,11 138,8 149,-3 z m 377,-70 c -1,-41 -2,-86 -1,-100 2,-40 1,-153 -1,-180 -1,-14 2,-56 7,-95 5,-38 7,-73 5,-77 -2,-4 -292,-6 -646,-5 l -642,2 0,70 0,70 175,0 175,0 3,-45 c 1,-25 5,-52 8,-60 9,-23 22,16 23,68 1,23 4,42 9,42 4,1 36,2 72,3 l 65,2 5,-55 c 6,-71 24,-71 30,0 l 5,55 70,0 70,0 5,-55 c 6,-66 24,-73 28,-10 2,24 7,49 12,55 9,11 120,12 138,1 7,-4 12,-23 12,-42 0,-24 4,-34 13,-31 6,2 11,18 11,35 -2,39 25,49 111,42 l 60,-5 3,-35 c 6,-77 23,-78 32,-2 5,43 7,47 30,45 38,-3 90,7 90,17 0,5 -26,10 -57,12 l -58,3 -3,74 c -2,43 2,79 8,85 5,5 27,9 48,8 20,-1 44,2 52,8 23,16 -6,30 -57,28 -24,-1 -44,0 -47,3 -10,10 -11,139 -1,143 5,3 39,4 75,3 l 65,-2 -2,-75 z m 180,0 c 0,-41 -2,-79 -2,-85 -1,-5 1,-39 5,-75 3,-36 2,-81 -4,-101 -5,-20 -6,-42 -2,-50 5,-8 10,-43 12,-79 l 3,-65 -80,0 -80,0 3,65 c 2,36 7,71 12,79 4,8 3,30 -2,50 -6,19 -7,62 -4,96 7,68 7,68 0,153 -8,91 -6,93 73,90 l 68,-3 -2,-75 z m 190,73 c 2,-5 1,-39 -2,-77 l -6,-70 -67,-2 c -38,-1 -68,1 -69,4 -3,27 -4,138 -1,145 2,4 34,7 72,7 38,0 71,-3 73,-7 z m 202,-66 c 0,-38 -3,-71 -8,-74 -17,-10 -127,-10 -135,1 -7,9 -10,130 -3,144 0,2 33,2 73,0 l 72,-3 1,-68 z m 180,-7 0,-75 -65,0 c -36,0 -68,5 -72,10 -10,13 -10,129 -1,139 4,4 37,6 73,4 l 65,-3 0,-75 z m 208,70 c 3,-3 2,-34 -2,-70 l -6,-65 -77,-3 c -43,-2 -78,1 -78,5 -1,4 -2,36 -4,70 -1,37 2,65 8,67 14,7 153,3 159,-4 z m 152,2 c 6,-4 10,-36 10,-72 l 0,-65 -53,-5 c -29,-3 -58,-3 -64,1 -14,9 -17,137 -3,143 17,7 99,6 110,-2 z m 200,0 c 6,-4 10,-36 10,-72 l 0,-65 -85,0 -85,0 -5,63 c -4,50 -2,66 10,73 18,10 141,12 155,1 z m 190,-72 0,-75 -65,2 c -36,1 -68,2 -72,3 -11,0 -14,134 -3,143 5,4 39,6 75,5 l 65,-3 0,-75 z m -1176,-108 36,3 3,-78 c 2,-44 -1,-84 -7,-90 -6,-8 -32,-11 -70,-9 l -61,4 -2,61 c -3,118 2,130 38,117 15,-6 43,-9 63,-8 z m -2217,-7 c 4,-5 8,-39 8,-75 0,-36 -4,-69 -8,-75 -4,-5 -36,-10 -72,-10 l -65,0 -3,74 c -2,40 1,78 7,84 12,15 123,16 133,2 z m 188,-11 c 13,-32 13,-114 0,-134 -6,-10 -27,-15 -57,-16 -83,-3 -83,-3 -83,86 l 0,79 58,4 c 31,2 60,4 65,5 4,1 12,-10 17,-24 z m 196,1 c 12,-16 9,-124 -5,-138 -15,-15 -119,-16 -132,-1 -6,8 -12,38 -14,69 -3,75 13,91 86,87 30,-2 59,-10 65,-17 z m 185,3 c 14,-21 11,-134 -3,-144 -7,-5 -40,-9 -73,-9 l -60,0 -3,65 c -5,103 -3,105 69,103 39,-1 65,-6 70,-15 z m 573,-3 c 8,-29 7,-128 -2,-141 -9,-14 -124,-13 -134,1 -11,15 -10,139 2,151 5,5 36,9 69,9 52,0 61,-3 65,-20 z m 180,0 c 8,-29 7,-128 -2,-141 -4,-5 -34,-10 -67,-10 -33,0 -63,5 -67,10 -9,13 -10,112 -2,141 4,17 13,20 69,20 56,0 65,-3 69,-20 z m 182,0 c 13,-18 13,-130 0,-143 -12,-11 -131,-10 -138,2 -11,16 -10,124 1,144 13,24 119,22 137,-3 z m 950,12 c 8,-7 6,-146 -2,-158 -7,-12 -121,-11 -129,0 -11,19 -16,117 -7,142 10,24 14,26 71,24 34,-1 64,-4 67,-8 z m 186,-2 c 4,-5 8,-39 8,-75 0,-36 -4,-70 -8,-76 -10,-14 -125,-14 -134,0 -9,13 -10,112 -2,141 5,18 13,21 67,20 34,0 65,-4 69,-10 z m 196,-7 c 20,-16 16,-122 -5,-140 -19,-16 -107,-19 -131,-4 -19,12 -16,143 4,154 19,11 114,3 132,-10 z m 165,2 c 11,-10 15,-109 6,-136 -6,-18 -15,-21 -61,-20 l -53,1 -3,65 c -5,102 -1,109 55,103 27,-3 52,-9 56,-13 z m 389,5 c 4,-5 8,-39 8,-75 0,-36 -4,-70 -8,-76 -4,-6 -36,-10 -72,-9 l -65,1 -3,64 c -5,103 -3,106 70,105 35,0 66,-4 70,-10 z m -3567,-18 c 4,-13 5,-48 3,-78 l -3,-54 -72,-3 c -83,-3 -90,3 -94,81 -4,66 10,77 92,77 63,0 69,-2 74,-23 z m 947,1 21,-21 18,21 c 14,19 28,22 83,22 76,0 80,-5 74,-101 l -3,-54 -69,-3 c -53,-2 -72,1 -87,14 -18,16 -20,16 -38,0 -25,-23 -138,-26 -152,-5 -10,16 -12,109 -3,133 5,12 21,16 70,16 52,0 68,-4 86,-22 z m 936,10 c 14,-14 16,-116 3,-137 -13,-20 -127,-23 -142,-4 -16,19 -21,123 -7,140 14,17 130,17 146,1 z m 1500,-5 c 9,-21 8,-131 -2,-140 -12,-12 -150,-3 -158,10 -12,19 -9,122 4,135 7,7 40,12 80,12 54,0 69,-3 76,-17 z m -3203,-254 0,-74 -70,0 -70,0 -3,72 -3,72 63,3 c 35,2 68,3 73,3 6,-1 10,-34 10,-76 z m 570,-4 0,-70 -64,-3 c -35,-2 -69,2 -74,7 -12,12 -9,133 3,141 4,3 37,3 72,0 l 63,-5 0,-70 z m 1682,73 c 7,-6 10,-20 7,-32 -3,-12 0,-34 6,-50 9,-23 13,-26 25,-16 8,7 15,29 15,50 0,51 13,59 89,51 l 65,-6 1,-68 c 2,-82 -3,-86 -98,-76 -34,3 -101,4 -149,1 -107,-6 -118,1 -108,60 5,23 6,48 3,55 -10,27 17,42 75,42 32,-1 63,-6 69,-11 z m 388,-68 0,-75 -70,0 -70,0 -3,54 c -5,94 -3,97 75,96 l 68,-1 0,-74 z m 750,-1 0,-74 -70,0 -70,0 -3,69 c -2,38 1,72 7,75 5,3 38,6 73,5 l 63,0 0,-75 z m -3197,9 c 2,-42 7,-58 17,-58 20,0 28,40 16,73 -14,37 11,49 96,45 l 67,-3 1,-65 c 1,-36 -3,-68 -9,-72 -16,-11 -121,-10 -152,2 -18,7 -30,7 -39,0 -8,-6 -43,-10 -81,-8 l -69,3 2,70 c 1,39 2,71 2,73 1,2 34,2 74,0 l 72,-3 3,-57 z m 2647,52 c 4,-6 8,-37 9,-70 3,-67 0,-70 -91,-70 -78,0 -80,2 -76,68 3,31 6,63 8,70 5,15 141,17 150,2 z m 169,-65 0,-70 -64,0 -65,0 0,65 c -1,36 1,69 3,73 2,4 31,7 65,5 l 62,-3 -1,-70 z m 201,5 c 0,-36 -4,-68 -10,-72 -12,-9 -121,-10 -151,-2 -18,5 -20,11 -17,62 7,87 2,83 95,80 l 83,-3 0,-65 z M 6404,2091 c -1,-42 -6,-67 -17,-79 -10,-11 -17,-35 -17,-60 0,-22 -4,-44 -10,-47 -5,-3 -10,-23 -10,-43 0,-42 -7,-55 -35,-69 -14,-7 -28,-7 -45,0 -14,6 -68,11 -120,11 l -95,1 0,70 0,70 59,3 c 32,2 70,-1 85,-6 29,-10 122,15 128,35 7,20 -38,27 -159,24 l -118,-2 0,70 c 0,81 1,81 95,74 81,-5 99,-5 175,5 36,5 70,8 75,7 6,-1 10,-30 9,-64 z m 1490,56 c 14,-10 16,-25 14,-77 -3,-60 -5,-66 -32,-79 -28,-13 -29,-14 -10,-27 41,-28 44,-35 44,-95 0,-39 -4,-61 -12,-64 -7,-2 -42,-6 -78,-7 l -65,-3 3,40 c 2,22 12,60 23,84 10,24 19,61 19,82 0,21 4,40 9,43 5,3 12,26 15,51 9,57 36,77 70,52 z m -2449,-77 0,-75 -70,3 c -38,2 -72,6 -74,8 -6,5 -1,126 5,135 2,4 35,7 72,6 l 67,-2 0,-75 z m 179,74 c 12,-5 16,-20 16,-61 0,-68 23,-70 28,-2 4,55 21,69 85,69 77,0 86,-9 84,-83 l -2,-62 -85,2 c -105,1 -90,1 -185,0 l -80,-2 0,60 c 0,33 4,66 9,73 9,12 101,17 130,6 z m 394,-72 3,-73 -78,3 -78,3 4,65 c 1,36 5,68 7,72 2,4 35,6 72,5 l 67,-2 3,-73 z m 2067,-1 0,-74 -70,-1 -70,-1 -3,64 c -4,92 -4,92 75,89 l 68,-3 0,-74 z m 181,73 c 19,-5 22,-15 26,-67 3,-39 1,-65 -6,-70 -6,-4 -45,-6 -86,-5 l -75,3 4,65 c 1,36 8,68 15,72 13,9 92,10 122,2 z m 181,-6 c 6,-7 10,-40 9,-73 l -1,-60 -65,0 -64,0 -2,60 c 0,33 3,66 9,73 5,6 31,12 57,12 26,0 52,-6 57,-12 z m 199,-1 c 7,-4 11,-33 10,-69 l -1,-63 -80,-3 c -44,-1 -85,1 -90,5 -6,5 -9,35 -7,70 3,54 6,62 25,66 34,6 131,2 143,-6 z m 189,-67 0,-74 -68,1 c -38,1 -71,4 -75,7 -6,7 -3,126 4,138 3,4 35,7 72,5 l 67,-2 0,-75 z m -1055,35 c 0,-11 -7,-29 -15,-39 -8,-11 -15,-37 -15,-57 0,-21 -4,-40 -9,-44 -6,-3 -13,-26 -17,-52 -4,-25 -13,-58 -20,-72 -8,-14 -14,-46 -14,-72 0,-25 -5,-50 -11,-56 -11,-11 -16,-30 -42,-155 -7,-31 -18,-63 -24,-70 -7,-6 -13,-26 -13,-44 0,-17 -7,-48 -15,-67 -8,-20 -15,-49 -15,-64 0,-15 -7,-37 -15,-47 -8,-11 -15,-40 -15,-65 0,-25 -7,-55 -15,-65 -8,-11 -15,-37 -15,-57 0,-21 -4,-40 -9,-43 -4,-3 -11,-27 -15,-53 -4,-27 -13,-57 -21,-67 -8,-11 -15,-32 -15,-48 l 0,-28 -655,0 -654,0 6,33 c 3,17 9,39 13,47 5,8 11,38 15,65 4,28 14,59 21,70 8,11 14,38 14,60 1,22 7,51 15,65 8,14 14,36 15,50 0,15 4,30 10,36 5,5 13,39 16,74 4,36 12,72 19,80 7,8 15,31 18,50 12,71 32,155 42,170 5,8 12,38 16,65 4,28 12,65 18,83 6,17 16,47 22,65 7,17 14,52 17,77 2,25 11,54 18,65 8,11 14,38 14,62 0,30 5,46 19,55 15,10 149,13 665,13 639,0 646,0 646,-20 z m 300,-160 c 5,-3 10,-38 10,-76 l 0,-70 -72,3 -73,3 -3,54 c -5,92 -2,96 67,94 33,0 65,-4 71,-8 z m 760,-75 c 0,-38 -4,-70 -10,-72 -5,-1 -39,-1 -75,0 l -66,4 3,71 3,72 60,5 c 33,3 66,1 73,-4 7,-5 12,-33 12,-76 z m -3582,71 c 9,-5 12,-27 10,-72 l -3,-64 -71,-3 c -85,-3 -107,10 -97,58 3,17 0,36 -6,44 -10,12 -7,18 16,30 30,16 129,21 151,7 z m 190,-68 3,-73 -76,0 -75,0 0,68 c 0,38 3,72 7,76 4,4 37,6 73,4 l 65,-3 3,-72 z m 184,64 c 10,-10 12,-31 8,-73 l -5,-59 -72,-3 c -62,-2 -72,0 -76,15 -7,27 -3,106 6,121 11,17 122,16 139,-1 z m 192,0 c 14,-10 17,-25 14,-72 l -3,-60 -74,-3 c -44,-2 -78,1 -85,8 -6,6 -11,35 -11,65 0,44 4,56 20,64 29,14 118,13 139,-2 z m 194,-64 3,-73 -75,0 -74,0 -4,61 c -4,85 0,90 80,87 l 67,-3 3,-72 z m 2261,68 c 13,-8 17,-22 16,-63 0,-29 -4,-59 -8,-65 -9,-14 -156,-19 -158,-5 -1,4 -2,33 -3,65 -2,44 2,60 13,67 21,12 118,13 140,1 z m 170,-5 c 7,-9 11,-38 9,-73 l -3,-58 -62,-3 c -52,-2 -62,0 -66,15 -7,27 -3,106 6,121 11,17 101,16 116,-2 z m 195,1 c 14,-10 17,-25 14,-72 l -3,-60 -79,-3 c -44,-2 -84,2 -89,7 -5,5 -10,35 -11,66 -1,49 2,59 19,66 32,12 129,10 149,-4 z M 6313,1725 c -1,-22 -8,-56 -17,-76 l -15,-36 -112,3 c -61,2 -113,4 -114,6 -8,7 -8,116 0,128 6,10 30,12 99,8 50,-3 100,-2 111,3 38,15 50,6 48,-36 z m 1585,30 c 8,-3 12,-26 12,-69 0,-61 -2,-66 -25,-72 -18,-4 -150,-1 -183,5 -7,2 11,46 24,59 8,7 14,28 14,47 0,18 6,35 13,38 13,4 123,-2 145,-8 z m -2452,-5 c 5,-5 7,-37 4,-72 l -5,-63 -69,2 c -37,1 -71,4 -74,7 -10,11 -8,121 3,128 15,11 129,10 141,-2 z m 384,0 c 12,-7 19,-115 8,-125 -4,-4 -276,-9 -335,-6 -21,1 -23,6 -23,64 0,35 3,66 6,69 9,9 329,7 344,-2 z m 186,-1 c 8,-13 9,-117 1,-125 -4,-5 -108,-8 -142,-5 -14,1 -13,124 0,133 16,12 133,9 141,-3 z m 2070,1 c 5,-5 7,-37 4,-72 l -5,-62 -70,-1 -70,0 -3,59 c -2,32 -1,65 2,72 6,16 126,20 142,4 z m 201,1 c 18,-5 35,-6 38,-1 6,10 305,11 325,0 12,-6 14,-22 12,-69 l -4,-62 -106,1 c -59,0 -132,0 -162,0 -30,0 -64,1 -75,1 -11,1 -49,0 -85,-1 -116,-4 -108,-9 -107,63 1,34 6,65 12,69 14,11 114,10 152,-1 z m 548,-66 0,-69 -68,-1 c -38,0 -71,4 -75,9 -10,17 -8,121 3,129 5,4 39,6 75,5 l 65,-3 0,-70 z M 5843,1570 c 2,-3 1,-34 -2,-70 l -6,-65 -74,-3 c -41,-2 -79,2 -84,7 -6,6 -11,29 -11,52 -1,64 -26,64 -26,0 0,-62 -9,-68 -91,-61 l -63,5 -2,65 c -1,38 3,68 9,72 12,7 344,5 350,-2 z m 172,2 c 11,-8 8,-142 -3,-142 -4,-1 -36,-2 -72,-2 l -65,-2 -6,70 c -4,46 -3,71 5,76 6,4 38,8 71,8 33,0 65,-4 70,-8 z m 258,1 c 4,-3 4,-10 -1,-16 -5,-7 -12,-32 -16,-57 -4,-24 -14,-52 -23,-62 -8,-9 -17,-39 -18,-65 -3,-62 -19,-129 -34,-147 -7,-8 -14,-39 -16,-69 -2,-30 -12,-73 -23,-96 -11,-22 -18,-49 -15,-60 3,-10 0,-22 -6,-25 -6,-4 -11,-25 -11,-47 0,-47 -32,-88 -55,-69 -10,8 -13,31 -12,78 3,67 3,67 37,78 l 34,11 -32,8 -33,7 3,71 c 3,72 3,72 36,83 35,11 33,24 -4,24 -27,0 -34,17 -34,85 0,71 7,85 40,85 16,0 41,5 57,11 l 28,12 -34,9 c -19,5 -42,7 -52,5 -10,-3 -22,0 -27,7 -14,17 -20,135 -8,140 15,6 209,5 219,-1 z m 1623,-1 c 17,-11 12,-132 -6,-142 -18,-10 -126,-7 -136,3 -4,3 -8,19 -9,34 -3,48 -5,53 -15,53 -5,0 -10,-18 -10,-39 0,-22 -4,-42 -9,-46 -6,-3 -8,-40 -4,-89 4,-64 2,-90 -10,-114 -11,-24 -12,-34 -3,-41 7,-6 11,-37 11,-78 l -1,-68 -54,-5 c -71,-6 -71,-24 0,-30 l 55,-5 -1,-70 0,-70 -79,0 -80,0 1,45 c 3,103 13,193 23,203 6,6 11,22 11,35 0,13 5,33 12,45 7,12 13,29 14,37 12,89 16,110 24,115 5,3 12,31 16,63 3,31 10,62 14,67 5,6 10,28 12,50 3,39 4,40 48,46 67,9 163,10 176,1 z m 189,0 c 7,-4 9,-34 5,-77 l -5,-70 -65,0 c -36,0 -68,5 -72,10 -10,13 -10,129 -1,138 9,9 125,9 138,-1 z m 230,-1 c 59,5 280,7 313,3 39,-5 42,-7 36,-27 -4,-12 -8,-42 -8,-67 l -1,-45 -79,-3 c -46,-2 -84,2 -90,8 -5,5 -9,30 -7,55 1,25 -2,45 -7,45 -14,0 -24,-45 -16,-74 3,-13 1,-27 -5,-31 -19,-11 -112,-12 -119,-1 -4,6 -7,32 -7,58 0,25 -4,50 -8,54 -14,14 -28,-19 -25,-58 1,-21 -2,-42 -7,-47 -12,-12 -141,-18 -151,-8 -4,3 -8,35 -9,71 -3,77 -3,77 105,70 41,-2 80,-4 85,-3 z m 520,-71 0,-75 -70,1 -70,1 -6,69 c -4,46 -3,72 5,77 6,4 40,6 76,5 l 65,-3 0,-75 z M 5446,1375 c 3,-11 4,-50 2,-85 l -3,-65 -70,0 -70,0 -3,73 c -2,41 1,79 7,85 5,7 37,12 71,13 53,0 61,-2 66,-21 z m 194,-67 c 0,-75 -11,-88 -73,-88 -29,0 -57,4 -64,8 -14,9 -20,139 -7,152 5,5 32,10 59,12 66,4 85,-15 85,-84 z m 376,58 c 3,-12 4,-49 2,-81 l -3,-60 -70,0 -70,0 -3,73 c -2,41 1,79 7,85 6,8 32,11 70,9 53,-3 62,-7 67,-26 z m 1881,20 c 8,-7 5,-144 -3,-158 -3,-4 -34,-8 -68,-8 -72,0 -76,4 -76,93 0,75 9,84 79,82 34,-1 64,-5 68,-9 z m 189,-11 c 3,-11 4,-50 2,-85 l -3,-65 -64,-3 c -76,-4 -81,1 -81,78 0,93 2,95 76,95 57,0 66,-3 70,-20 z m 362,-4 c 5,-9 6,-45 3,-81 l -6,-65 -55,0 -55,0 -3,73 c -2,41 1,79 7,86 14,17 100,8 109,-13 z m 388,-5 c 3,-17 4,-56 2,-86 l -3,-55 -70,0 -70,0 -3,73 c -2,41 1,79 7,85 5,7 37,12 70,13 60,0 61,0 67,-30 z m -3572,8 c 11,-29 6,-131 -6,-141 -18,-14 -125,-10 -140,5 -18,18 -18,113 0,135 21,24 137,25 146,1 z m 564,-1 c 13,-25 5,-135 -11,-145 -22,-14 -114,-9 -127,7 -16,19 -20,114 -6,138 8,13 24,17 73,17 49,0 64,-4 71,-17 z m 2450,5 c 7,-7 12,-38 12,-69 0,-73 -15,-89 -80,-89 -78,0 -80,2 -80,84 0,40 3,76 7,79 11,12 128,8 141,-5 z m 369,0 c 11,-19 3,-142 -9,-150 -19,-11 -140,0 -149,14 -5,7 -9,39 -9,70 0,44 4,59 18,67 25,15 139,14 149,-1 z m -3199,-262 -3,-71 -63,-3 c -35,-2 -69,1 -75,7 -8,6 -11,33 -9,75 l 4,65 61,3 c 90,4 88,6 85,-76 z m 2447,69 c 6,-1 10,-32 10,-71 l -1,-69 -74,0 -75,0 -3,63 c -4,83 4,92 76,85 31,-2 62,-6 67,-8 z m 190,-66 0,-74 -70,0 -70,0 -3,63 c -2,35 1,69 7,75 5,7 36,12 73,11 l 63,0 0,-75 z m 750,0 0,-74 -63,-3 c -35,-2 -69,1 -75,7 -8,6 -11,33 -9,75 l 4,65 61,4 c 34,1 67,2 72,2 6,-1 10,-34 10,-76 z m -3200,-4 0,-70 -75,0 -75,0 2,70 c 1,39 2,71 2,73 1,2 34,2 74,0 l 72,-3 0,-70 z m 200,5 c 0,-36 -4,-68 -10,-72 -15,-11 -123,-10 -145,2 -16,8 -17,15 -9,45 6,20 7,45 3,57 -9,30 11,38 91,36 l 70,-3 0,-65 z m 183,-2 -3,-73 -70,0 -70,0 -3,73 -3,72 76,0 76,0 -3,-72 z m 2267,62 c 4,-6 8,-38 8,-70 2,-51 -1,-60 -18,-64 -26,-7 -119,-8 -137,-1 -12,5 -14,40 -8,138 0,11 148,8 155,-3 z m 170,-63 c 1,-77 -4,-81 -86,-75 l -44,3 2,70 c 1,39 2,71 2,73 1,2 29,2 63,0 l 62,-3 1,-68 z m 200,3 c 0,-36 -4,-68 -10,-72 -14,-11 -137,-9 -154,1 -11,7 -14,26 -12,68 1,31 5,61 8,66 2,4 41,6 86,5 l 82,-3 0,-65 z m -3210,-185 0,-70 -64,-3 c -35,-2 -68,1 -74,7 -11,11 -13,113 -2,130 4,8 31,11 73,9 l 67,-3 0,-70 z m 191,63 c 4,-7 6,-34 5,-61 -2,-37 1,-48 11,-45 9,3 13,22 13,56 -1,58 4,62 92,62 80,0 83,-3 83,-76 0,-60 -2,-64 -25,-70 -14,-3 -54,-3 -88,0 -72,8 -76,8 -145,0 -92,-10 -98,-6 -96,73 1,37 2,69 3,71 4,9 141,0 147,-10 z m 385,-58 c 5,-44 3,-67 -5,-72 -18,-12 -134,-9 -142,3 -9,15 -8,114 1,128 4,8 31,11 73,9 l 67,-3 6,-65 z m 1883,-5 0,-70 -74,0 -75,0 -3,59 c -5,87 -4,87 80,84 l 73,-3 -1,-70 z m 181,0 0,-70 -70,0 -70,0 -3,59 c -4,86 -3,87 75,84 l 68,-3 0,-70 z m 190,69 c 17,-4 20,-13 20,-69 0,-56 -3,-65 -20,-69 -29,-8 -128,-7 -140,2 -14,9 -13,125 0,134 12,9 111,10 140,2 z m 170,-2 c 6,-4 10,-34 10,-67 0,-33 -4,-63 -10,-67 -5,-4 -30,-8 -55,-8 -25,0 -49,4 -55,8 -8,5 -12,96 -6,135 1,9 103,9 116,-1 z m 200,0 c 6,-4 10,-34 10,-67 0,-33 -4,-63 -10,-67 -12,-9 -120,-10 -150,-2 -17,4 -20,13 -18,66 1,38 6,64 15,69 16,11 139,12 153,1 z m 190,-67 0,-70 -64,-3 c -35,-2 -69,2 -74,7 -10,10 -10,117 0,134 2,4 35,7 71,5 l 67,-3 0,-70 z M 7520,875 c 0,-8 -4,-15 -10,-15 -5,0 -10,7 -10,15 0,8 5,15 10,15 6,0 10,-7 10,-15 z M 6346,795 c 137,-2 255,-3 262,-3 20,0 161,0 175,0 6,0 134,0 282,1 l 270,2 3,-50 c 1,-27 -1,-55 -5,-61 -5,-7 -33,-9 -76,-6 -65,4 -67,5 -76,36 -9,31 -10,30 -26,-19 -5,-18 -134,-21 -167,-4 -14,8 -23,8 -31,0 -16,-16 -147,-14 -151,2 -3,6 -7,25 -11,41 -5,23 -8,27 -16,15 -5,-7 -9,-26 -9,-41 l 0,-28 -75,0 -75,0 0,28 c 0,37 -15,60 -24,37 -3,-9 -6,-28 -6,-41 0,-23 -2,-24 -75,-24 l -75,0 -7,31 c -4,21 -8,26 -14,18 -4,-7 -6,-16 -3,-20 13,-21 -33,-27 -191,-26 l -170,2 -6,65 c -8,77 5,105 31,70 17,-22 23,-23 266,-25 z m 1174,-33 c 0,-37 -4,-71 -8,-77 -4,-5 -35,-10 -70,-10 -71,-1 -76,6 -70,81 l 3,39 49,3 c 36,2 54,9 64,23 22,31 32,12 32,-59 z m -2072,-9 3,-73 -75,0 -74,0 -4,68 c -2,37 1,70 7,75 5,4 39,6 75,5 l 65,-3 3,-72 z m 374,71 c 13,-4 16,-17 14,-72 l -1,-67 -82,0 c -45,0 -84,3 -88,6 -3,4 0,18 6,33 9,20 9,32 1,51 -19,41 -31,29 -34,-32 l -3,-58 -75,0 -75,0 0,65 c -1,36 1,68 2,72 4,7 308,9 335,2 z m 201,-1 c 3,-5 2,-37 -2,-73 l -6,-65 -72,-3 -71,-3 -4,66 c -1,36 1,70 7,76 11,11 142,12 148,2 z m 1680,-65 c -1,-37 -4,-71 -6,-75 -6,-9 -119,-9 -133,0 -5,3 -11,37 -12,77 l -2,71 78,-3 77,-3 -2,-67 z m 202,-3 0,-70 -64,-5 c -36,-3 -69,-1 -77,5 -14,11 -22,114 -10,134 5,8 31,11 79,9 l 72,-3 0,-70 z m 183,-3 3,-73 -73,3 -73,3 -3,59 c -4,86 -3,87 75,84 l 68,-3 3,-73 z m 188,72 c 18,-5 20,-12 18,-66 -1,-33 -7,-65 -12,-70 -5,-5 -42,-8 -82,-6 l -73,3 -1,67 c -1,39 3,70 9,72 15,7 117,7 141,0 z m 169,-2 c 6,-4 10,-36 10,-72 l 0,-65 -65,0 -65,0 0,65 c 0,36 5,68 10,72 6,4 30,8 55,8 25,0 50,-4 55,-8 z m 200,0 c 6,-4 10,-36 10,-72 l 0,-65 -79,-3 c -44,-2 -83,1 -88,6 -6,6 -10,37 -11,70 -2,54 0,62 18,65 36,7 140,7 150,-1 z m 193,-60 c 2,-35 -1,-69 -7,-75 -6,-8 -33,-11 -74,-9 l -65,4 -4,66 c -2,37 1,70 7,75 5,4 39,6 75,5 l 65,-3 3,-63 z M 7514,627 c 9,-34 7,-113 -3,-141 -9,-23 -12,-24 -40,-13 -22,8 -36,8 -56,-1 -23,-11 -26,-10 -35,14 -12,32 -13,130 -1,152 7,14 21,16 69,14 52,-3 61,-7 66,-25 z m -2072,8 c 4,-5 8,-39 8,-75 0,-36 -4,-70 -8,-75 -4,-7 -32,-9 -72,-5 l -65,5 -3,68 c -2,38 1,74 7,80 12,15 123,16 133,2 z m 188,-4 c 15,-30 13,-126 -4,-140 -9,-7 -38,-11 -73,-9 l -58,3 -5,61 c -8,92 -7,93 58,97 31,2 60,4 64,5 4,1 12,-7 18,-17 z m 201,-4 c 11,-138 7,-147 -75,-147 -55,0 -64,3 -74,23 -17,36 -13,115 8,130 22,15 140,10 141,-6 z m 179,8 c 11,-7 14,-124 2,-142 -8,-13 -112,-20 -130,-9 -11,7 -18,147 -8,157 7,6 124,2 136,-6 z m 197,-7 c 22,-21 23,-21 43,-3 16,14 35,19 80,18 32,-1 63,-4 69,-8 12,-7 15,-112 5,-139 -9,-22 -139,-23 -148,-1 -3,8 -14,15 -24,15 -11,0 -25,-7 -32,-15 -9,-10 -32,-15 -76,-15 -74,0 -77,6 -72,101 l 3,54 60,6 c 33,3 62,6 64,7 3,1 15,-8 28,-20 z m 375,7 c 11,-14 10,-123 -1,-143 -8,-14 -20,-16 -73,-12 l -63,5 -3,69 c -2,38 -1,74 1,80 6,15 129,15 139,1 z m 180,0 c 9,-11 11,-126 3,-147 -7,-18 -124,-15 -136,4 -10,14 -12,118 -4,140 6,16 126,19 137,3 z m 188,-5 c 11,-17 6,-128 -6,-140 -16,-16 -124,-15 -135,1 -9,15 -12,118 -4,141 7,19 133,17 145,-2 z m 199,5 c 15,-9 14,-128 -1,-143 -7,-7 -39,-12 -75,-12 -73,0 -83,10 -83,86 0,67 15,80 89,78 33,-1 65,-5 70,-9 z m 185,-8 c 7,-28 7,-106 0,-133 -5,-18 -12,-20 -64,-18 -33,1 -64,5 -70,9 -9,6 -15,147 -6,156 3,2 34,5 69,6 59,2 66,0 71,-20 z m 361,-67 0,-84 -67,-2 -68,-2 0,89 0,88 68,-2 67,-3 0,-84 z m 202,77 c 3,-4 6,-38 6,-77 0,-39 -3,-73 -6,-77 -4,-3 -34,-7 -68,-8 -71,-2 -79,7 -79,85 0,78 8,87 79,85 34,-1 64,-5 68,-8 z m 191,-57 c 5,-103 4,-105 -72,-105 -74,0 -76,2 -76,92 0,79 1,80 78,78 l 67,-1 3,-64 z m 190,55 c 18,-6 16,-129 -2,-144 -9,-7 -40,-11 -78,-9 l -63,3 -3,70 c -4,84 5,94 80,88 29,-3 59,-6 66,-8 z m 170,-1 c 9,-7 7,-128 -3,-139 -13,-17 -91,-23 -106,-8 -12,12 -16,134 -5,151 5,8 105,5 114,-4 z m 384,1 c 9,-12 11,-127 3,-147 -4,-11 -22,-14 -65,-12 -33,1 -64,5 -70,9 -9,6 -15,147 -6,156 9,9 131,3 138,-6 z M 5264,624 c 3,-9 6,-37 6,-64 0,-76 -4,-80 -73,-80 -79,0 -97,15 -97,85 0,28 5,56 12,63 7,7 40,12 79,12 52,0 68,-4 73,-16 z m 3383,-1 c 10,-22 9,-115 -1,-131 -9,-15 -120,-16 -147,-2 -15,9 -19,22 -19,68 0,32 5,63 12,70 7,7 40,12 80,12 54,0 69,-3 75,-17 z m -3202,-254 0,-74 -70,0 -70,0 -3,72 -3,72 63,3 c 35,2 68,3 73,3 6,-1 10,-34 10,-76 z m 1143,-8 -3,-66 -70,0 -70,0 -3,72 -3,72 63,3 c 35,2 69,-1 76,-6 9,-6 12,-30 10,-75 z m 173,72 c 6,-6 9,-39 7,-74 l -3,-64 -70,0 -70,0 -3,63 c -2,35 1,69 7,75 11,14 118,14 132,0 z m 194,-68 -1,-70 -74,0 -75,0 -3,63 c -2,35 1,69 7,75 6,8 32,10 78,7 l 68,-5 0,-70 z m 380,62 c 4,-13 5,-48 3,-78 l -3,-54 -70,0 -70,0 -3,72 -3,72 58,4 c 32,2 64,4 70,5 7,1 15,-8 18,-21 z m 177,8 c 11,-15 10,-129 -2,-141 -5,-5 -37,-7 -72,-4 l -63,5 -3,54 c -5,93 -2,97 70,96 35,0 66,-4 70,-10 z m 184,3 c 5,-6 8,-79 5,-136 -1,-10 -20,-12 -73,-10 l -73,3 2,70 c 1,39 2,73 2,76 1,8 129,5 137,-3 z m 199,-3 c 6,-1 10,-32 10,-71 l -1,-69 -74,0 -75,0 -2,65 c -1,35 3,70 8,76 9,11 97,10 134,-1 z m 190,-66 0,-74 -70,0 -70,0 -3,54 c -5,94 -3,97 75,95 l 68,-1 0,-74 z m 750,0 0,-74 -70,0 -70,0 -3,72 -3,72 63,3 c 35,2 68,3 73,3 6,-1 10,-34 10,-76 z m -3570,-4 0,-70 -67,-3 c -37,-2 -77,2 -88,8 -17,9 -18,14 -8,36 9,19 9,33 1,55 -15,40 4,49 92,46 l 70,-2 0,-70 z m 370,0 0,-70 -75,0 -75,0 2,70 c 1,39 2,71 2,73 1,2 34,2 74,0 l 72,-3 0,-70 z m 200,5 c 0,-36 -4,-68 -10,-72 -15,-11 -124,-9 -145,2 -17,9 -18,14 -8,36 9,19 9,33 1,55 -15,40 4,49 92,46 l 70,-2 0,-65 z m 180,-5 0,-70 -70,0 -70,0 -3,73 -3,73 73,-3 73,-3 0,-70 z m 390,0 0,-70 -175,0 -175,0 -3,59 c -2,32 -1,65 2,72 4,10 45,12 178,11 l 173,-2 0,-70 z m 750,0 0,-70 -67,-3 c -37,-2 -77,2 -88,8 -17,9 -18,14 -8,36 9,18 9,33 1,54 -16,43 0,51 87,48 l 75,-3 0,-70 z m 1131,64 c 13,-21 7,-121 -7,-130 -20,-12 -137,-11 -144,2 -6,8 -10,101 -6,132 2,12 149,8 157,-4 z m 168,-64 0,-70 -64,0 -65,0 0,65 c -1,36 1,69 3,73 2,4 31,7 65,5 l 62,-3 -1,-70 z m 201,5 c 0,-36 -4,-68 -10,-72 -14,-11 -137,-9 -154,1 -11,7 -14,26 -12,68 1,31 5,61 8,66 2,4 41,6 86,5 l 82,-3 0,-65 z m -1317,-189 -3,-66 -70,0 -70,0 0,70 0,70 60,5 c 33,3 66,1 73,-4 9,-6 12,-30 10,-75 z m 173,72 c 6,-6 9,-39 7,-74 l -3,-64 -70,0 -70,0 -3,63 c -2,35 1,69 7,75 11,14 118,14 132,0 z m -2246,-68 0,-70 -68,-3 c -91,-4 -99,2 -99,73 0,38 4,60 13,66 8,5 46,8 84,7 l 70,-3 0,-70 z m 180,0 0,-70 -70,0 -70,0 -3,59 c -4,86 -3,87 75,84 l 68,-3 0,-70 z m 190,0 0,-70 -64,-3 c -35,-2 -69,2 -74,7 -13,13 -15,130 -2,135 6,3 39,4 75,3 l 65,-2 0,-70 z m 190,67 c 6,-4 10,-34 10,-67 0,-33 -4,-63 -10,-67 -15,-11 -124,-9 -145,2 -16,9 -18,15 -9,37 6,17 6,36 0,55 -8,22 -7,30 7,38 20,11 132,13 147,2 z m 190,-67 0,-70 -70,0 -70,0 -3,59 c -4,86 -3,87 75,84 l 68,-3 0,-70 z m 390,0 0,-70 -175,0 -175,0 -3,59 c -2,32 -1,65 2,72 4,10 45,12 178,11 l 173,-2 0,-70 z m 180,0 0,-70 -70,0 -70,0 -3,59 c -4,86 -3,87 75,84 l 68,-3 0,-70 z m 180,0 0,-70 -70,0 -70,0 -3,59 c -4,86 -3,87 75,84 l 68,-3 0,-70 z m 190,0 0,-70 -75,0 -75,0 -3,59 c -5,87 -4,87 80,84 l 72,-3 1,-70 z m 200,0 0,-70 -67,-3 c -37,-2 -76,2 -87,8 -17,9 -18,14 -9,41 7,22 7,37 0,54 -16,35 8,45 93,42 l 70,-2 0,-70 z m 547,65 c 2,-5 1,-39 0,-75 l -4,-65 -69,0 c -38,0 -69,3 -69,8 -1,4 -2,35 -4,70 -1,34 0,64 2,67 10,9 140,5 144,-5 z m 202,-65 0,-70 -74,0 -74,0 -3,60 c -4,87 -4,86 79,83 l 73,-3 -1,-70 z m 181,0 0,-70 -70,0 -70,0 -3,59 c -4,86 -3,87 75,84 l 68,-3 0,-70 z m 194,66 c 9,-6 14,-28 14,-66 0,-38 -5,-60 -14,-66 -20,-13 -137,-11 -145,2 -3,6 -6,35 -6,64 0,29 3,58 6,64 8,13 125,15 145,2 z m 166,1 c 6,-4 10,-35 10,-70 1,-71 -5,-76 -86,-70 l -44,3 0,65 c -1,36 1,68 3,73 4,9 104,9 117,-1 z m 200,0 c 6,-4 10,-34 10,-67 0,-33 -4,-63 -10,-67 -12,-9 -127,-10 -149,-2 -24,9 -23,131 2,137 29,8 136,7 147,-1 z m 190,-67 0,-70 -70,0 -70,0 -3,59 c -4,86 -3,87 75,84 l 68,-3 0,-70 z"
       id="path3247"
       inkscape:connector-curvature="0" />
    <path
       d="m 6214,2855 c -8,-19 3,-65 15,-65 12,0 25,56 16,70 -9,15 -25,12 -31,-5 z"
       id="path3249"
       inkscape:connector-curvature="0" />
    <path
       d="m 6214,2654 c -8,-30 10,-54 27,-37 11,11 2,63 -12,63 -5,0 -12,-12 -15,-26 z"
       id="path3251"
       inkscape:connector-curvature="0" />
    <path
       d="m 6215,2280 c -8,-13 3,-50 15,-50 12,0 20,28 14,45 -7,17 -20,20 -29,5 z"
       id="path3253"
       inkscape:connector-curvature="0" />
    <path
       d="m 7418,2563 c -24,-6 -23,-20 3,-28 24,-8 69,1 69,14 0,8 -37,22 -50,20 -3,-1 -13,-3 -22,-6 z"
       id="path3255"
       inkscape:connector-curvature="0" />
    <path
       d="m 7400,2351 c 0,-5 10,-11 23,-13 32,-5 68,3 61,13 -7,12 -84,12 -84,0 z"
       id="path3257"
       inkscape:connector-curvature="0" />
    <path
       d="m 6214,2466 c -8,-22 3,-49 19,-43 6,2 12,14 12,27 0,27 -22,39 -31,16 z"
       id="path3259"
       inkscape:connector-curvature="0" />
    <path
       d="m 5640,1691 c 0,-17 4,-33 10,-36 11,-7 25,39 15,54 -12,21 -25,11 -25,-18 z"
       id="path3261"
       inkscape:connector-curvature="0" />
    <path
       d="m 8295,1711 c -7,-23 4,-71 16,-71 5,0 9,20 9,45 0,46 -14,60 -25,26 z"
       id="path3263"
       inkscape:connector-curvature="0" />
    <path
       d="m 8460,1690 c 0,-25 4,-39 10,-35 6,3 10,19 10,35 0,16 -4,32 -10,35 -6,4 -10,-10 -10,-35 z"
       id="path3265"
       inkscape:connector-curvature="0" />
    <path
       d="m 6220,560 c 0,-16 5,-30 10,-30 6,0 10,14 10,30 0,17 -4,30 -10,30 -5,0 -10,-13 -10,-30 z"
       id="path3267"
       inkscape:connector-curvature="0" />
    <path
       d="m 6215,381 c -6,-20 3,-51 15,-51 13,0 21,35 14,54 -8,21 -21,20 -29,-3 z"
       id="path3269"
       inkscape:connector-curvature="0" />
    <path
       d="m 6215,210 c -8,-12 5,-60 16,-60 11,0 23,46 14,59 -8,14 -22,14 -30,1 z"
       id="path3271"
       inkscape:connector-curvature="0" />
    <path
       d="m 5083,2645 c 0,-22 2,-30 4,-17 2,12 2,30 0,40 -3,9 -5,-1 -4,-23 z"
       id="path3311"
       inkscape:connector-curvature="0" />
    <path
       d="m 5070,1685 c 0,-19 4,-35 10,-35 12,0 24,45 15,59 -13,22 -25,10 -25,-24 z"
       id="path3313"
       inkscape:connector-curvature="0" />
    <path
       d="m 5070,935 c 0,-33 4,-45 13,-42 7,2 12,20 12,42 0,22 -5,40 -12,43 -9,2 -13,-10 -13,-43 z"
       id="path3317"
       inkscape:connector-curvature="0" />
    <path
       style="fill:#ffff00;fill-opacity:1;stroke:#000000;stroke-width:1.22549021;stroke-miterlimit:4;stroke-opacity:1;stroke-dasharray:none"
       d="m 768.92364,270.09713 c 0.45493,-1.85356 2.14941,-8.0576 3.76549,-13.78677 1.61609,-5.72916 3.47912,-13.38338 4.14007,-17.00937 0.66095,-3.62599 1.64038,-7.48629 2.1765,-8.57843 0.53612,-1.09215 1.93617,-6.39749 3.11122,-11.78965 1.17504,-5.39215 3.19889,-13.38848 4.49743,-17.7696 1.29855,-4.38113 4.60938,-17.06496 7.35741,-28.18628 2.74803,-11.12132 6.38648,-25.45956 8.08545,-31.86274 1.69896,-6.40319 3.68856,-14.58969 4.42132,-18.19223 1.04512,-5.1382 1.96626,-6.79111 4.27341,-7.66829 1.69381,-0.64398 36.28926,-0.98447 81.57549,-0.80286 69.08837,0.27705 78.59991,0.53849 78.35053,2.15357 -0.63988,4.14383 -3.99813,17.18366 -6.94343,26.96079 -1.72589,5.72916 -3.14954,11.92205 -3.16368,13.76196 -0.0141,1.83992 -0.8321,5.42447 -1.81767,7.96569 -0.98559,2.54121 -2.64274,8.48068 -3.68256,13.19882 -1.03982,4.71813 -2.64828,10.50858 -3.57434,12.86764 -0.92607,2.35907 -2.64161,8.70098 -3.81231,14.09314 -1.17069,5.39216 -2.89188,11.8831 -3.82486,14.42431 -0.93298,2.54121 -1.69632,5.88967 -1.69632,7.44101 0,1.55134 -0.75697,5.2626 -1.68215,8.24725 -0.92517,2.98466 -2.66187,9.56268 -3.85934,14.61782 -1.19746,5.05515 -2.92212,10.68033 -3.83256,12.50042 -0.91045,1.82009 -1.65537,4.99104 -1.65537,7.04657 l 0,3.73733 -81.51844,0 -81.51845,0 0.82716,-3.3701 0,0 z"
       id="path3475"
       inkscape:connector-curvature="0"
       transform="matrix(8,0,0,-8,0,3030)" />
  </g>
</svg>
