<?xml version="1.0" standalone="no"?>
<!DOCTYPE svg PUBLIC "-//W3C//DTD SVG 20010904//EN"
 "http://www.w3.org/TR/2001/REC-SVG-20010904/DTD/svg10.dtd">
<svg version="1.0" xmlns="http://www.w3.org/2000/svg"
 width="900.000000pt" height="2325.000000pt" viewBox="0 0 900.000000 2325.000000"
 preserveAspectRatio="xMidYMid meet">
<metadata>
Created by potrace 1.10, written by Peter Selinger 2001-2011
</metadata>
<g transform="translate(0.000000,2325.000000) scale(0.100000,-0.100000)"
fill="#000000" stroke="none">
<path d="M4035 20739 c-44 -5 -116 -12 -160 -17 -172 -18 -404 -96 -540 -182
-69 -43 -80 -49 -95 -56 -8 -4 -45 -33 -82 -66 -36 -32 -70 -58 -75 -58 -11 0
-141 -131 -156 -157 -7 -11 -34 -48 -62 -82 -89 -110 -216 -360 -270 -531 -20
-63 -41 -119 -46 -124 -5 -6 -9 -25 -9 -44 0 -18 -5 -42 -10 -52 -6 -11 -13
-47 -16 -82 -4 -35 -11 -68 -16 -74 -4 -7 -9 -43 -11 -80 l-2 -69 70 0 70 0
17 35 c31 62 78 171 78 180 0 5 12 28 28 52 41 64 50 80 67 115 9 17 25 39 36
49 10 9 19 21 19 26 0 13 39 57 140 157 109 108 146 141 154 141 4 0 48 27 98
60 51 33 98 60 104 60 7 0 25 6 41 14 65 31 100 45 133 52 19 3 40 10 45 14 6
4 33 11 60 15 28 4 55 10 60 15 15 12 218 18 325 9 88 -6 173 -23 245 -47 17
-6 55 -18 85 -28 30 -10 70 -28 90 -42 19 -13 44 -28 55 -33 81 -37 251 -187
332 -292 27 -34 56 -70 65 -79 23 -23 124 -234 133 -278 4 -19 11 -41 15 -50
18 -36 34 -121 38 -195 2 -44 8 -84 13 -89 12 -14 12 -333 -1 -341 -5 -3 -10
-42 -10 -85 0 -43 -4 -81 -9 -84 -5 -4 -12 -29 -16 -58 -4 -29 -11 -59 -15
-68 -5 -8 -18 -49 -30 -90 -12 -41 -28 -89 -36 -107 -8 -17 -14 -38 -14 -47 0
-9 -4 -24 -9 -34 -19 -34 -51 -109 -51 -117 0 -28 -159 -337 -210 -407 -17
-23 -30 -45 -30 -50 0 -11 -42 -72 -52 -76 -5 -2 -8 -8 -8 -13 0 -6 -19 -40
-43 -77 -24 -37 -47 -74 -51 -82 -13 -27 -31 -55 -53 -80 -11 -14 -44 -54 -72
-90 -28 -36 -57 -72 -66 -81 -8 -9 -15 -20 -15 -26 0 -5 -9 -18 -19 -27 -11
-10 -52 -61 -93 -114 -40 -53 -85 -108 -100 -122 -16 -13 -28 -28 -28 -33 0
-5 -55 -69 -122 -142 -68 -73 -168 -183 -223 -245 -117 -131 -1071 -1079
-1096 -1089 -9 -3 -89 -76 -178 -162 l-162 -156 3 -79 3 -79 1760 0 1760 0 21
60 c12 33 38 107 58 165 20 58 43 117 51 132 8 14 15 38 15 51 0 14 4 28 9 31
5 3 20 41 34 83 14 43 36 103 47 133 12 30 26 70 32 89 5 19 21 58 34 87 13
29 24 60 24 69 0 9 5 25 11 36 18 34 69 183 69 202 0 16 -9 17 -81 15 l-82 -3
-65 -95 c-35 -52 -74 -101 -86 -109 -11 -9 -43 -36 -71 -61 -27 -25 -68 -55
-90 -65 -22 -11 -59 -32 -82 -47 -23 -16 -55 -28 -72 -28 -16 0 -32 -4 -36 -9
-3 -5 -31 -15 -63 -21 -31 -6 -64 -14 -72 -18 -8 -3 -80 -12 -160 -20 -181
-18 -1977 -29 -1994 -12 -7 7 32 53 118 143 385 400 439 457 691 733 187 205
400 435 494 535 39 41 71 79 71 83 0 4 22 31 50 59 27 29 82 90 122 137 40 46
80 91 88 100 8 9 26 31 40 49 14 18 40 52 58 74 36 46 48 62 92 122 16 22 36
47 45 56 8 9 15 19 15 24 0 7 40 58 75 96 8 9 15 19 15 23 0 6 132 212 199
311 15 22 52 90 82 150 29 61 65 128 78 150 36 58 61 107 61 121 0 7 7 26 15
43 8 17 22 45 30 62 8 17 15 37 15 44 0 7 7 26 15 42 8 15 22 55 31 88 8 33
21 71 26 85 16 38 38 145 52 250 7 52 16 102 20 111 12 26 0 306 -17 399 -21
114 -33 160 -69 255 -35 95 -117 262 -135 277 -7 6 -13 15 -13 20 0 6 -13 27
-30 48 -16 21 -30 41 -30 45 0 11 -46 61 -175 190 -130 129 -169 165 -179 165
-4 0 -24 13 -44 29 -65 51 -251 147 -377 193 -93 35 -112 41 -155 48 -25 4
-58 12 -73 19 -16 6 -49 11 -73 11 -25 0 -53 4 -62 9 -25 13 -304 20 -397 10z"/>
<path d="M1431 11420 c-19 -5 -53 -27 -79 -53 l-45 -46 0 -74 c1 -67 4 -80 29
-112 15 -20 44 -45 65 -56 38 -19 89 -19 2803 -19 l2765 0 41 21 c23 12 54 40
68 62 22 34 27 51 26 104 0 41 -6 69 -16 80 -8 10 -18 26 -21 36 -4 9 -17 21
-31 27 -13 5 -26 15 -28 22 -4 11 -496 13 -2774 15 -1523 0 -2784 -3 -2803 -7z"/>
<path d="M4160 8040 c-8 -5 -55 -10 -105 -10 -121 -2 -337 -29 -380 -49 -11
-5 -35 -12 -53 -15 -67 -12 -274 -102 -348 -153 -19 -12 -37 -23 -41 -23 -3 0
-22 -13 -43 -30 -21 -16 -43 -30 -49 -30 -23 0 -291 -283 -349 -369 -80 -118
-162 -290 -162 -340 0 -15 -4 -31 -9 -36 -12 -14 -30 -111 -42 -237 -12 -120
-1 -301 26 -428 8 -41 18 -88 22 -105 3 -16 9 -35 14 -41 5 -6 18 -38 29 -70
27 -78 98 -219 122 -240 10 -10 18 -21 18 -26 0 -19 96 -139 202 -253 41 -44
82 -92 92 -107 10 -16 23 -28 29 -28 6 0 68 -55 137 -123 69 -67 147 -140 174
-162 128 -104 192 -160 220 -193 18 -21 18 -22 0 -29 -18 -6 -92 -60 -104 -74
-4 -5 -93 -74 -155 -121 -75 -56 -344 -302 -370 -339 -5 -8 -52 -59 -102 -114
-51 -55 -93 -104 -93 -109 0 -5 -7 -16 -15 -25 -33 -36 -72 -87 -77 -102 -3
-8 -23 -42 -44 -75 -42 -65 -74 -124 -74 -136 0 -5 -13 -36 -29 -71 -16 -34
-37 -91 -46 -127 -9 -36 -22 -76 -27 -90 -6 -14 -12 -63 -15 -110 -2 -47 -9
-95 -15 -107 -8 -17 -8 -29 0 -45 6 -13 13 -66 16 -118 4 -63 14 -119 31 -165
13 -38 25 -82 25 -96 0 -14 7 -34 15 -45 8 -10 15 -27 15 -37 0 -9 12 -36 27
-60 15 -23 36 -60 47 -82 25 -52 76 -137 90 -150 21 -19 76 -93 76 -102 0 -5
8 -16 18 -24 9 -9 40 -42 67 -74 28 -32 73 -75 100 -96 28 -21 75 -59 105 -83
30 -25 60 -45 66 -46 6 0 30 -14 52 -30 23 -17 48 -30 56 -30 7 0 19 -7 26
-15 7 -8 17 -15 23 -15 5 0 35 -12 66 -27 31 -14 70 -30 86 -34 17 -4 64 -19
105 -33 97 -32 197 -54 285 -62 39 -3 79 -10 90 -15 43 -21 601 5 645 30 9 5
40 12 69 16 29 4 65 13 79 21 15 8 37 14 49 14 12 0 25 5 28 10 3 6 15 10 27
10 11 0 34 7 51 15 18 8 57 24 87 35 30 12 62 27 70 34 8 7 35 23 60 35 57 28
76 40 121 74 20 15 40 27 44 27 8 0 37 25 161 135 169 149 335 411 400 630 45
148 47 169 51 405 4 244 3 258 -43 400 -8 25 -14 54 -14 66 0 11 -7 29 -15 40
-8 10 -15 26 -15 35 0 9 -13 41 -30 72 -16 31 -30 62 -30 69 0 7 -20 44 -45
81 -25 38 -45 71 -45 74 0 3 -13 22 -29 42 -15 20 -30 41 -32 48 -4 13 -66 91
-134 171 -89 103 -541 522 -564 522 -5 0 -14 6 -18 13 -4 6 -35 33 -68 59 -33
26 -73 58 -90 72 -16 13 -50 40 -75 60 -25 19 -55 45 -68 58 l-23 22 23 18
c13 10 88 62 168 115 426 287 703 544 843 783 48 82 127 247 127 266 0 11 7
31 15 47 8 15 17 55 21 90 4 34 11 67 16 74 20 25 -12 360 -38 400 -8 12 -14
29 -14 37 0 15 -17 58 -52 131 -23 49 -29 58 -97 165 -80 124 -303 342 -426
417 -65 39 -281 140 -315 146 -14 3 -38 10 -55 15 -47 16 -115 33 -170 42 -27
4 -59 11 -70 14 -11 4 -83 11 -160 16 -77 5 -160 12 -185 15 -25 3 -52 1 -60
-5z m219 -269 c57 -6 108 -15 115 -20 6 -5 34 -12 61 -16 62 -9 196 -71 253
-116 23 -19 56 -45 73 -58 60 -47 155 -169 195 -253 39 -79 57 -132 84 -243
17 -71 25 -395 10 -470 -6 -33 -16 -87 -21 -120 -6 -33 -15 -64 -20 -69 -5 -6
-9 -20 -9 -33 0 -20 -31 -96 -77 -189 -23 -47 -102 -165 -153 -229 -140 -176
-479 -515 -514 -515 -16 0 -134 95 -222 180 -23 22 -45 40 -49 40 -4 0 -27 17
-50 38 -43 38 -84 72 -170 142 -27 23 -69 59 -92 81 -23 21 -45 39 -50 39 -13
0 -243 234 -243 247 0 7 -6 16 -14 20 -13 8 -106 137 -106 148 0 3 -13 24 -30
47 -16 22 -30 47 -30 54 0 7 -7 26 -15 43 -8 17 -22 45 -30 62 -8 17 -15 38
-15 48 0 9 -5 22 -12 29 -6 6 -18 51 -25 99 -23 152 -26 190 -14 197 6 4 11
26 11 49 2 117 59 254 163 392 72 95 83 107 167 171 36 27 68 53 71 57 11 14
79 47 98 47 11 0 22 4 25 9 9 14 90 51 113 51 11 0 38 7 59 16 21 9 81 18 133
21 53 3 103 10 111 14 8 5 38 7 65 5 28 -3 97 -10 154 -15z m-411 -3046 c37
-31 141 -117 232 -192 91 -75 193 -161 227 -192 33 -31 107 -96 162 -146 113
-100 386 -385 471 -491 83 -103 180 -259 180 -289 0 -7 11 -37 24 -68 14 -30
30 -86 35 -124 13 -82 14 -287 2 -363 -14 -89 -54 -213 -77 -240 -7 -8 -23
-36 -36 -61 -25 -50 -158 -205 -198 -232 -14 -9 -47 -34 -74 -56 -48 -38 -65
-48 -136 -79 -19 -8 -47 -21 -62 -29 -14 -7 -37 -13 -50 -13 -14 0 -28 -3 -32
-7 -12 -12 -104 -34 -191 -44 -93 -12 -384 -4 -399 11 -5 5 -18 10 -27 10 -46
0 -186 52 -247 92 -24 15 -46 28 -49 28 -20 0 -147 98 -204 157 -75 79 -188
245 -214 318 -11 28 -24 59 -31 70 -17 29 -48 143 -74 275 -5 25 -9 83 -9 130
-1 48 -6 91 -12 97 -7 7 -9 33 -5 69 3 33 10 118 15 189 6 72 15 140 20 152 6
12 13 46 17 75 4 29 13 62 20 73 8 11 14 34 14 51 0 17 7 37 15 44 8 7 15 21
15 30 0 10 6 31 14 47 8 15 33 66 55 113 65 133 159 284 189 303 6 4 12 13 12
19 0 6 24 36 53 67 29 31 58 63 63 71 16 27 199 189 212 190 8 0 44 -25 80
-55z"/>
</g>
</svg>
