<?xml version="1.0" encoding="UTF-8" standalone="no"?>
<svg
   xmlns:dc="http://purl.org/dc/elements/1.1/"
   xmlns:cc="http://creativecommons.org/ns#"
   xmlns:rdf="http://www.w3.org/1999/02/22-rdf-syntax-ns#"
   xmlns:svg="http://www.w3.org/2000/svg"
   xmlns="http://www.w3.org/2000/svg"
   xmlns:sodipodi="http://sodipodi.sourceforge.net/DTD/sodipodi-0.dtd"
   xmlns:inkscape="http://www.inkscape.org/namespaces/inkscape"
   version="1.0"
   width="789.000000pt"
   height="900.000000pt"
   viewBox="0 0 789.000000 900.000000"
   preserveAspectRatio="xMidYMid meet"
   id="svg3101"
   inkscape:version="0.48.4 r9939"
   sodipodi:docname="6.svg">
  <defs
     id="defs3121" />
  <sodipodi:namedview
     pagecolor="#ffffff"
     bordercolor="#666666"
     borderopacity="1"
     objecttolerance="10"
     gridtolerance="10"
     guidetolerance="10"
     inkscape:pageopacity="0"
     inkscape:pageshadow="2"
     inkscape:window-width="1600"
     inkscape:window-height="824"
     id="namedview3119"
     showgrid="false"
     inkscape:zoom="0.29667058"
     inkscape:cx="1155.6987"
     inkscape:cy="443.31164"
     inkscape:window-x="0"
     inkscape:window-y="24"
     inkscape:window-maximized="1"
     inkscape:current-layer="svg3101" />
  <metadata
     id="metadata3103">
Created by potrace 1.10, written by Peter Selinger 2001-2011
<rdf:RDF>
  <cc:Work
     rdf:about="">
    <dc:format>image/svg+xml</dc:format>
    <dc:type
       rdf:resource="http://purl.org/dc/dcmitype/StillImage" />
  </cc:Work>
</rdf:RDF>
</metadata>
  <g
     transform="translate(0.000000,900.000000) scale(0.100000,-0.100000)"
     fill="#000000"
     stroke="none"
     id="g3105">
    <path
       d="M3576 8925 c-25 -13 -247 -15 -1750 -17 l-1721 -3 -2 -2110 c-1 -1160 0 -2120 3 -2133 l4 -22 3813 2 3812 3 3 23 c4 29 -14 52 -42 52 l-21 0 2 377 c2 208 3 381 3 386 0 4 11 7 24 7 16 0 27 7 31 21 8 24 3 32 -28 35 -12 1 -24 3 -27 3 -3 1 -5 179 -5 396 l0 394 30 3 c22 2 30 8 30 23 0 15 -8 21 -30 23 l-30 3 2 397 2 397 26 3 c47 6 42 56 -6 64 -19 3 -20 12 -20 378 -1 368 0 375 19 378 49 8 54 58 7 64 l-27 3 -1 392 -2 392 30 3 c22 2 30 8 30 23 0 20 -8 20 -1577 23 -1041 1 -1578 5 -1578 12 0 6 -13 10 -30 10 -16 0 -30 -4 -30 -10 0 -6 -138 -10 -394 -10 -330 0 -398 2 -422 15 -37 19 -91 19 -128 0z m-2631 -88 c-14 -39 -18 -605 -5 -685 6 -41 9 -76 7 -79 -4 -3 -667 -6 -797 -3 -8 0 -6 784 2 790 3 3 185 4 403 2 l397 -2 -7 -23z m823 23 c8 0 10 -790 2 -790 -8 -1 -764 -1 -775 0 -6 0 -10 129 -10 367 0 203 -2 379 -5 393 l-5 25 380 5 c209 3 386 4 393 3 8 -2 17 -3 20 -3z m847 2 c6 -4 9 -146 7 -399 l-2 -393 -398 0 -397 0 0 395 0 395 385 3 c212 1 387 3 390 4 3 2 10 -1 15 -5z m829 -4 c0 -2 -1 -180 -4 -396 l-5 -393 -384 0 -383 0 0 398 c1 219 1 398 2 398 229 0 773 -5 774 -7z m844 -4 c10 -3 10 -9 2 -24 -8 -15 -11 -135 -9 -388 l2 -367 -391 -3 -391 -2 3 322 c1 178 0 354 -4 391 -5 55 -3 70 9 77 15 8 752 3 779 -6z m237 -5 c12 -12 52 -12 57 0 2 6 112 11 268 12 l265 2 0 -397 -1 -397 -383 0 c-211 1 -385 2 -387 4 -9 8 -8 787 1 790 19 7 170 -5 180 -14z m1418 11 c9 0 11 -99 10 -392 l-2 -393 -393 -3 -393 -2 0 395 0 395 370 2 c204 2 376 2 383 1 8 -2 19 -3 25 -3z m842 -4 c6 -2 9 -140 7 -395 l-2 -391 -391 2 -391 3 -1 392 c-2 331 0 393 12 395 21 4 754 -2 766 -6z m478 4 l377 0 0 -395 0 -395 -390 -1 c-214 -1 -395 -2 -401 -3 -8 -1 -11 108 -11 399 1 220 1 402 1 404 1 2 11 1 24 -3 12 -3 192 -6 400 -6z m-6343 -850 c13 -8 15 -51 12 -302 -1 -161 1 -327 6 -368 5 -41 6 -80 1 -85 -5 -7 -144 -9 -396 -8 l-388 2 -3 380 -2 381 372 3 c205 1 375 3 378 4 3 2 12 -2 20 -7z m835 0 c8 -12 12 -760 5 -760 -3 -1 -178 -2 -388 -3 l-384 -2 0 380 0 380 373 5 c206 3 377 6 381 8 4 1 10 -3 13 -8z m865 -377 l0 -388 -398 1 -397 1 -3 374 c-1 206 0 380 3 386 3 10 92 13 400 13 l395 0 0 -387z m822 5 c2 -243 -1 -386 -7 -394 -7 -9 -23 -10 -60 -4 -64 11 -584 11 -650 0 -27 -4 -51 -6 -53 -5 -3 2 -5 744 -3 778 1 4 174 7 386 7 l385 0 2 -382z m839 32 c-2 -235 1 -354 9 -374 21 -57 22 -57 -393 -57 -207 0 -381 2 -387 6 -11 7 -14 757 -3 768 3 4 180 6 391 5 l385 -3 -2 -345z m834 -43 l0 -388 -385 0 c-304 0 -385 3 -389 13 -3 7 -5 183 -3 391 l2 377 388 -2 387 -3 0 -388z m830 384 c6 -11 8 -761 2 -768 -4 -3 -685 -6 -772 -3 -7 0 -9 133 -8 383 0 210 1 385 2 390 1 11 769 9 776 -2z m845 -381 c0 -214 -3 -390 -7 -390 -106 -3 -766 0 -770 3 -3 4 -7 729 -3 772 0 3 176 5 390 5 l390 0 0 -390z m845 1 l0 -384 -345 2 c-190 1 -367 -2 -395 -8 -27 -5 -52 -8 -53 -6 -3 3 -5 747 -3 778 1 4 180 6 399 5 l397 -3 0 -384z m-6699 -449 c9 -5 9 -32 2 -102 -10 -99 -5 -629 7 -666 5 -17 2 -22 -17 -25 -13 -2 -193 -2 -401 1 l-377 5 0 388 c0 213 0 392 0 397 0 12 768 14 786 2z m827 -377 c1 -209 6 -388 11 -398 8 -16 -13 -17 -395 -15 -354 3 -403 5 -399 18 3 8 6 184 7 390 1 206 2 378 2 383 1 4 175 6 387 5 l386 -3 1 -380z m860 -18 c1 -218 0 -397 -3 -397 -3 0 -183 -1 -400 -1 l-395 -1 -3 401 -2 401 400 -2 401 -3 2 -398z m820 0 c1 -218 -1 -397 -5 -397 -5 0 -179 -1 -389 -1 l-381 0 1 398 c0 219 0 399 1 401 0 1 174 1 386 0 l385 -3 2 -398z m832 393 c7 0 9 -136 8 -392 l-2 -393 -388 -3 -388 -2 0 392 c0 216 3 395 7 398 4 4 676 4 763 0z m843 -394 l2 -396 -390 0 -390 0 0 393 c0 217 2 396 4 398 2 2 177 3 388 2 l383 -1 3 -396z m825 394 c4 0 7 -178 7 -395 l0 -395 -395 0 -395 0 0 394 c0 254 4 396 10 398 7 2 710 1 773 -2z m491 0 l351 0 0 -395 0 -395 -388 2 -388 3 -2 393 c-1 254 2 394 8 397 6 2 23 2 39 0 16 -3 187 -5 380 -5z m1204 -392 l2 -397 -397 -3 c-219 -2 -401 -2 -405 0 -5 2 -8 183 -8 403 l0 399 403 -2 402 -3 3 -397z m-6692 -451 c1 -1 -2 -45 -8 -97 -5 -52 -8 -229 -6 -392 4 -266 3 -298 -11 -298 -110 -2 -766 1 -768 3 -1 2 -3 178 -3 393 l-1 389 368 6 c332 4 422 4 429 -4z m830 0 c2 -2 -1 -20 -7 -40 -6 -23 -9 -172 -7 -392 3 -300 1 -355 -11 -357 -8 -2 -183 -2 -390 0 l-376 2 3 340 c2 187 -1 363 -6 391 -8 45 -7 51 9 57 17 7 779 6 785 -1z m844 3 c3 0 4 -179 3 -397 l-2 -398 -398 0 -398 0 -3 390 c-1 214 -1 394 2 400 2 6 141 9 397 8 217 -2 396 -3 399 -3z m820 0 c3 0 4 -179 3 -397 l-2 -398 -386 0 -386 0 0 395 c0 217 0 397 1 400 0 3 680 4 770 0z m849 1 c11 -7 11 -15 2 -42 -8 -24 -11 -139 -10 -394 l1 -360 -388 0 -389 0 -1 370 c0 204 -3 382 -7 397 -5 17 -3 28 6 31 22 9 772 7 786 -2z m826 -396 l0 -400 -387 -3 c-214 -1 -388 1 -388 5 0 77 -1 790 0 796 0 4 174 6 388 5 l387 -3 0 -400z m838 2 c2 -390 2 -398 -18 -403 -11 -2 -189 -3 -395 -2 l-375 3 3 320 c2 176 -1 354 -6 395 -6 53 -6 77 2 82 6 4 186 7 399 5 l388 -2 2 -398z m839 396 c2 -5 2 -187 0 -406 l-3 -397 -391 2 -390 3 1 360 c1 219 -2 374 -9 394 -7 26 -7 37 3 43 15 10 785 11 789 1z m836 -3 c10 0 12 -83 10 -397 l-3 -398 -399 0 -398 0 0 398 c1 218 1 398 1 400 1 1 175 1 388 -1 214 -1 394 -2 401 -2z m-6689 -854 c8 -9 8 -28 1 -66 -14 -72 -13 -548 1 -628 9 -53 9 -66 -2 -73 -8 -5 -189 -8 -403 -6 l-389 2 1 385 c0 212 1 388 1 393 1 4 176 7 390 7 315 0 391 -3 400 -14z m833 -331 c-1 -187 2 -356 7 -376 17 -72 35 -69 -398 -69 -319 0 -391 2 -400 14 -9 10 -9 26 -1 62 8 32 11 166 10 374 -1 179 -2 328 -1 333 1 4 177 6 393 5 l391 -3 -1 -340z m850 -40 c2 -209 1 -386 -1 -393 -2 -10 -87 -12 -399 -10 l-395 3 1 385 c1 212 2 387 2 390 0 3 178 5 395 5 l394 0 3 -380z m818 -2 c3 -208 3 -384 1 -391 -2 -10 -85 -12 -389 -10 l-385 3 1 385 c1 212 2 387 2 390 0 3 172 4 382 3 l383 -1 5 -379z m837 373 c3 -3 5 -157 4 -343 -1 -233 2 -348 10 -371 22 -63 30 -62 -396 -62 -411 0 -416 1 -400 50 4 12 7 180 7 373 0 193 1 354 3 357 4 7 765 3 772 -4z m837 -383 l1 -388 -387 -3 c-307 -2 -388 0 -389 10 -2 53 3 763 6 767 2 3 175 5 386 4 l383 -2 0 -388z m831 385 c7 -7 7 -756 1 -767 -5 -8 -125 -11 -391 -11 -332 0 -385 2 -392 15 -5 8 -5 55 0 103 5 48 7 214 5 369 -3 155 -1 286 3 290 8 8 767 8 774 1z m845 -375 c3 -208 3 -384 1 -390 -2 -10 -89 -13 -392 -13 -431 0 -417 -2 -398 64 5 17 9 183 8 368 0 185 1 340 4 345 3 4 178 7 389 6 l383 -1 5 -379z m842 372 c4 -5 8 -172 8 -369 0 -197 2 -361 4 -364 3 -2 1 -13 -5 -23 -9 -18 -27 -19 -406 -17 l-396 3 1 385 c1 212 1 387 2 390 0 10 785 5 792 -5z"
       id="path3107" />
    <path
       d="M4780 6154 c-64 -27 -106 -124 -60 -139 25 -8 50 10 50 35 0 24 32 50 62 50 31 0 78 -42 78 -70 0 -22 -15 -38 -85 -89 -45 -33 -116 -124 -128 -166 -13 -40 3 -45 144 -48 l134 -2 0 35 0 35 -97 -4 c-117 -4 -124 5 -50 65 26 21 64 54 84 74 20 19 44 41 52 48 48 39 -13 154 -94 178 -54 16 -47 16 -90 -2z"
       id="path3109" />
    <path
       d="M1340 5261 c-17 -23 -45 -49 -61 -58 -23 -14 -29 -24 -29 -50 0 -39 14 -42 46 -8 13 14 28 25 34 25 6 0 10 -51 10 -145 l0 -145 29 0 c16 0 31 6 33 13 3 6 4 100 3 207 -3 220 -8 233 -65 161z"
       id="path3111" />
    <path
       d="M170 4340 c-5 -3 -8 -963 -7 -2133 l2 -2127 3785 0 3785 0 2 2130 c2 1693 0 2130 -10 2131 -66 4 -7551 3 -7557 -1z m5000 -440 c0 -212 1 -392 0 -400 0 -13 -48 -15 -382 -12 -282 2 -386 6 -394 15 -9 9 -9 29 -3 72 5 33 8 206 7 385 l-3 325 285 -2 c157 -2 328 1 380 5 52 4 98 5 102 2 4 -3 8 -179 8 -390z m-4182 376 c7 -4 11 -15 8 -23 -8 -21 -9 -661 -1 -704 5 -25 2 -39 -8 -47 -11 -9 -111 -12 -397 -10 l-383 3 1 390 c0 215 1 392 1 395 1 9 765 5 779 -4z m835 -384 c1 -216 0 -392 -3 -392 -3 0 -178 -1 -389 -1 l-384 -1 1 394 c1 216 1 393 1 393 1 0 175 0 387 -1 l386 -1 1 -391z m832 -1 l0 -393 -385 1 -385 0 -3 383 c-1 211 -1 387 2 393 2 6 139 10 387 9 l384 -1 0 -392z m840 0 l0 -392 -384 0 c-211 0 -385 2 -388 4 -5 6 -5 766 1 775 2 4 177 7 388 6 l383 -1 0 -392z m830 389 c7 -11 9 -770 2 -776 -7 -7 -767 -7 -774 0 -6 6 -5 764 1 774 6 11 764 13 771 2z m1667 -310 c-2 -182 1 -344 7 -385 8 -53 7 -73 -2 -82 -9 -9 -114 -13 -395 -15 l-382 -3 0 402 0 403 388 -3 387 -2 -3 -315z m846 311 c10 -6 13 -93 15 -395 2 -380 2 -387 -18 -392 -11 -2 -190 -3 -399 -2 l-379 3 1 388 c1 213 4 391 7 397 7 11 755 13 773 1z m852 -1 c1 -10 1 -765 1 -775 -1 -10 -788 -11 -798 -2 -5 6 -4 767 1 776 5 7 796 8 796 1z m-6718 -845 c11 -4 12 -73 10 -366 -2 -263 0 -365 9 -375 9 -11 7 -15 -9 -21 -12 -5 -191 -7 -399 -5 l-378 2 2 378 3 377 367 5 c203 3 371 6 375 8 3 1 12 0 20 -3z m855 -3 c8 -5 9 -20 3 -52 -12 -60 -12 -614 0 -665 5 -22 8 -41 6 -42 -3 -3 -744 -6 -791 -3 -7 0 -9 133 -8 382 2 211 3 384 3 386 0 6 776 1 787 -6z m835 -373 c2 -209 0 -383 -5 -386 -9 -5 -768 -6 -774 0 -2 3 -5 594 -3 757 0 6 137 10 390 10 l390 0 2 -381z m836 -4 l-3 -386 -382 0 c-211 0 -386 1 -390 1 -6 0 -8 716 -3 768 0 1 176 2 390 2 l390 0 -2 -385z m842 2 c3 -209 1 -381 -3 -384 -6 -4 -546 -6 -782 -3 -7 0 -9 133 -8 382 1 211 2 384 3 386 0 1 177 1 393 0 l392 -3 5 -378z m830 373 c0 -3 0 -175 1 -384 l0 -379 -383 2 c-211 0 -385 1 -388 1 -8 0 -6 754 2 760 3 3 178 5 387 5 210 0 381 -2 381 -5z m836 -2 c2 -2 -2 -37 -8 -78 -15 -111 -6 -633 11 -654 8 -9 12 -19 9 -21 -3 -3 -184 -6 -404 -6 -292 -1 -399 1 -398 10 1 6 2 179 2 384 l2 372 391 -2 c215 -1 393 -4 395 -5z m842 -3 c11 -4 11 -9 0 -27 -19 -34 -19 -627 0 -681 8 -21 12 -40 10 -42 -5 -6 -808 -8 -814 -3 -2 3 1 31 7 64 7 38 10 174 7 377 -1 174 0 318 4 320 14 4 773 -3 786 -8z m844 -375 l0 -385 -402 0 -401 0 0 385 c0 212 1 386 1 388 0 1 181 1 401 0 l401 -3 0 -385z m-5862 -470 c-3 -19 -5 -181 -5 -360 0 -179 2 -341 5 -360 l5 -35 -388 -5 c-214 -3 -393 -2 -398 1 -6 3 -11 165 -12 402 -2 335 0 397 12 399 8 2 188 1 400 -2 l386 -5 -5 -35z m825 -360 l0 -401 -384 0 c-211 1 -386 3 -388 5 -9 8 -2 790 6 796 5 3 179 4 388 3 l378 -2 0 -401z m843 0 l2 -400 -390 2 -391 3 -2 398 c-1 218 1 398 5 400 5 1 180 1 390 0 l383 -2 3 -401z m830 401 c16 -8 17 -41 12 -403 l-5 -393 -393 0 -393 0 -2 397 -2 398 375 3 c206 1 379 3 383 5 5 1 16 -2 25 -7z m846 -13 c0 -10 -1 -190 -2 -400 l-2 -383 -382 2 -383 2 -2 83 c-2 46 -4 224 -5 395 l-3 313 365 3 c201 1 376 3 390 2 17 0 25 -5 24 -17z m835 7 c10 -4 10 -9 3 -18 -8 -9 -12 -140 -14 -391 l-3 -377 -387 -2 -388 -2 -2 393 c-2 215 -2 395 -1 400 3 8 769 5 792 -3z m-5026 -392 l-2 -398 -386 -3 c-255 -1 -385 1 -385 8 0 5 0 183 0 395 0 212 0 387 0 390 0 3 174 5 388 5 l387 0 -2 -397z m5872 2 c0 -257 -4 -395 -10 -395 -37 -1 -772 -1 -780 -1 -7 1 -9 117 -7 333 2 183 -1 359 -6 390 -5 32 -7 60 -4 63 3 3 186 5 406 5 l401 0 0 -395z m833 0 l-3 -395 -395 -1 -395 0 -5 391 c-3 216 -3 394 -1 396 2 2 184 4 403 4 l398 0 -2 -395z m-2518 -855 c0 -222 -2 -406 -5 -409 -2 -4 -39 -3 -82 1 -43 5 -215 7 -383 6 l-305 -3 3 335 c2 185 -1 360 -7 390 -7 42 -6 58 4 68 10 11 80 14 356 13 189 -1 358 3 374 8 17 4 34 5 38 1 5 -4 8 -189 7 -410z m-2040 394 l365 -2 0 -397 0 -398 -388 -1 -387 -1 0 401 c0 220 3 404 7 408 4 3 14 3 22 -1 9 -4 180 -9 381 -9z m2865 -1 c12 -7 12 -21 4 -78 -6 -41 -9 -206 -7 -394 l3 -324 -370 -1 c-203 -1 -377 -3 -385 -6 -13 -4 -15 46 -18 405 l-2 410 380 -2 c210 -2 387 -6 395 -10z m779 4 l78 -2 -1 -394 c0 -216 -2 -396 -5 -398 -7 -7 -775 -7 -782 0 -10 10 -7 789 4 796 9 5 509 4 706 -2z m914 -1 c3 -4 6 -750 2 -796 0 -3 -179 -4 -397 -4 l-398 2 -5 388 c-3 214 -2 396 2 404 5 13 58 15 399 13 215 -2 394 -5 397 -7z m-6703 -7 c10 -15 5 -773 -4 -782 -5 -5 -127 -7 -272 -5 -145 1 -317 2 -381 1 l-118 -2 0 395 0 394 353 3 c193 1 366 3 384 5 17 1 35 -3 38 -9z m3341 -2 c3 -3 7 -696 4 -782 0 -10 -766 -12 -776 -2 -6 6 -7 775 0 785 4 8 764 7 772 -1z m-2504 -391 c-1 -214 -4 -392 -9 -396 -4 -5 -32 -4 -62 0 -29 5 -199 8 -377 6 -178 -2 -324 -1 -324 3 -1 19 -1 767 -1 774 1 4 175 6 387 5 l386 -3 0 -389z m835 4 c2 -212 -1 -390 -5 -396 -5 -8 -29 -10 -82 -5 -81 8 -595 5 -646 -4 -23 -4 -33 -1 -38 11 -3 8 -6 189 -6 400 l0 384 388 -2 387 -3 2 -385z m-1667 -530 c-3 -41 -5 -199 -5 -351 1 -248 2 -278 19 -303 9 -15 15 -31 11 -34 -4 -4 -187 -7 -408 -7 l-401 0 1 385 c1 212 2 386 2 388 1 1 178 1 394 0 l392 -3 -5 -75z m840 35 c-3 -22 -5 -184 -5 -361 0 -264 3 -324 14 -338 13 -15 13 -19 0 -27 -8 -5 -183 -8 -409 -6 l-395 2 5 50 c3 28 5 202 5 388 l0 337 395 -2 395 -3 -5 -40z m832 -325 c1 -203 2 -378 2 -387 1 -17 -24 -18 -392 -18 l-393 0 0 385 c1 212 1 386 1 388 0 1 176 2 390 2 l390 0 2 -370z m838 -16 c3 -208 4 -382 2 -386 -4 -11 -774 -10 -789 0 -10 6 -10 17 -3 43 6 20 10 172 10 374 -1 187 -1 342 0 345 0 3 174 5 387 4 l388 -1 5 -379z m834 15 c1 -200 4 -373 7 -384 4 -20 -1 -20 -401 -20 l-405 0 5 35 c3 19 5 190 5 380 0 190 3 347 7 350 3 3 180 5 393 4 l386 0 3 -365z m836 356 c0 -5 0 -179 1 -385 l1 -375 -389 -2 c-213 -2 -394 1 -402 6 -11 7 -11 12 0 32 17 30 26 573 11 664 -5 33 -6 62 -2 65 16 10 780 5 780 -5z m835 4 c2 -3 0 -32 -5 -65 -11 -69 -12 -524 -1 -602 9 -60 24 -83 43 -63 10 9 13 99 14 373 l2 362 393 -1 c217 -1 396 -2 399 -2 3 -1 4 -142 2 -313 -4 -328 1 -422 21 -415 9 3 12 98 12 365 0 199 2 362 5 363 3 0 184 1 403 1 l399 2 0 -385 1 -384 -1236 -2 c-680 -2 -1237 1 -1239 5 -2 4 -2 178 0 387 l3 380 389 -1 c214 0 392 -2 395 -5z"
       id="path3113" />
    <path
       d="M5669 1563 c-8 -10 -22 -34 -32 -54 -10 -20 -42 -61 -70 -90 -77 -80 -100 -116 -93 -144 6 -23 10 -24 99 -27 l92 -3 -3 -41 c-2 -27 2 -45 12 -53 27 -23 45 -6 48 46 3 41 6 48 28 53 18 4 26 14 28 32 3 23 -1 27 -25 30 l-28 3 -3 133 c-2 120 -4 132 -21 132 -10 0 -24 -8 -32 -17z m6 -190 l0 -58 -49 -3 c-61 -4 -74 7 -50 43 16 24 80 75 94 75 4 0 6 -26 5 -57z"
       id="path3115" />
    <path
       d="M1388 720 c-22 -13 -58 -73 -58 -96 0 -11 5 -26 10 -34 8 -12 16 -8 46 28 41 48 80 56 114 22 39 -39 23 -77 -35 -82 -35 -3 -40 -6 -43 -30 -3 -26 -1 -28 37 -28 75 0 106 -68 55 -123 -22 -23 -33 -28 -67 -25 -37 3 -43 7 -62 46 -27 57 -50 53 -50 -8 0 -44 1 -46 49 -69 42 -21 54 -23 85 -14 119 36 140 54 141 120 0 30 -7 50 -25 71 -25 30 -33 62 -15 62 19 0 11 81 -11 112 -35 49 -125 74 -171 48z"
       id="path3117" />
  </g>
  <path
     style="fill:#c2c1c1;fill-opacity:1;stroke:none"
     d="m 164.32824,226.38347 c -13.3736,0.86669 -27.87059,-0.28815 -40.50158,2.47538 -0.31217,31.47409 -1.45455,62.96475 -0.84268,94.43345 9.89672,3.4691 22.16575,0.92608 32.81195,2.02097 21.75091,0.191 43.50384,0.0352 65.25557,0.0857 1.69103,-20.3279 -1.27079,-42.35949 -0.98404,-63.35864 -0.95441,-11.25726 1.08868,-23.56282 -1.17534,-34.18221 -18.16537,-1.27875 -36.35327,-1.93157 -54.56388,-1.47469 z"
     id="path7461"
     inkscape:connector-curvature="0"
     transform="scale(0.8,0.8)" />
  <path
     style="fill:#c2c1c1;fill-opacity:1;stroke:none"
     d="m 93.546711,122.88024 c -24.426458,1.01475 -49.965714,0.46637 -73.664261,3.50073 0.667136,30.94183 -1.309081,62.97858 0.968286,93.25344 30.783051,-0.98366 62.389204,2.09134 92.732054,-2.38347 7.33048,-11.217 1.57529,-27.3635 3.57522,-40.14665 -1.32416,-17.20761 2.04342,-36.28491 -3.2028,-52.58541 -6.26992,-2.5157 -13.76509,-1.43187 -20.408499,-1.63864 z"
     id="path7463"
     inkscape:connector-curvature="0"
     transform="scale(0.8,0.8)" />
  <path
     style="fill:#c2c1c1;fill-opacity:1;stroke:none"
     d="m 196.78095,123.17817 c -23.86092,2.24068 -48.79052,0.41224 -72.02562,2.53245 0.66351,31.16678 -1.30693,63.42459 0.96829,93.92379 31.16679,-0.66351 63.42459,1.30693 93.92379,-0.96829 -0.72153,-32.18764 1.41097,-65.61983 -1.04277,-97.0521 -7.27456,0.52138 -14.54912,1.04277 -21.82369,1.56415 z"
     id="path7465"
     inkscape:connector-curvature="0"
     transform="scale(0.8,0.8)" />
  <path
     style="fill:#c2c1c1;fill-opacity:1;stroke:none"
     d="m 19.88245,228.20002 c 0.599262,31.8853 -1.195373,64.70657 0.893803,96.00934 31.924446,2.18917 65.046401,3.25794 96.381757,1.71312 -0.66212,-32.75635 1.30541,-66.60194 -0.96829,-98.69074 -31.956651,0.6432 -65.024209,-1.28757 -96.30727,0.96828 z"
     id="path7467"
     inkscape:connector-curvature="0"
     transform="scale(0.8,0.8)" />
  <path
     style="fill:#c2c1c1;fill-opacity:1;stroke:none"
     d="m 20.432804,381.01817 0,-47.19039 47.190389,0 47.190387,0 0,47.19039 0,47.19039 -47.190387,0 -47.190389,0 0,-47.19039 z"
     id="path7469"
     inkscape:connector-curvature="0"
     transform="scale(0.8,0.8)" />
  <path
     style="fill:#c2c1c1;fill-opacity:1;stroke:none"
     d="m 124.92581,381.01817 0,-47.19039 47.19039,0 47.19039,0 0,47.19039 0,47.19039 -47.19039,0 -47.19039,0 0,-47.19039 z"
     id="path7471"
     inkscape:connector-curvature="0"
     transform="scale(0.8,0.8)" />
  <path
     style="fill:#c2c1c1;fill-opacity:1;stroke:none"
     d="m 438.42878,299.27768 c 0.0132,-13.44084 0.99094,-34.67651 2.1728,-47.19039 l 2.14883,-22.75251 45.0176,0 45.01759,0 0,47.19039 0,47.19039 -47.19039,0 -47.19039,0 0.024,-24.43788 -10e-6,0 z"
     id="path7473"
     inkscape:connector-curvature="0"
     transform="scale(0.8,0.8)" />
  <path
     style="fill:#c2c1c1;fill-opacity:1;stroke:none"
     d="m 542.89783,281.85696 c 0,-23.02222 0.9207,-44.2579 2.046,-47.19038 1.72476,-4.49466 9.13409,-5.3318 47.19039,-5.3318 l 45.14438,0 0,47.19039 0,47.19039 -47.19039,0 -47.19038,0 0,-41.8586 z"
     id="path7475"
     inkscape:connector-curvature="0"
     transform="scale(0.8,0.8)" />
  <path
     style="fill:#c2c1c1;fill-opacity:1;stroke:none"
     d="m 647.39083,276.52517 0,-47.19039 47.19039,0 47.19039,0 0,47.19039 0,47.19039 -47.19039,0 -47.19039,0 0,-47.19039 z"
     id="path7477"
     inkscape:connector-curvature="0"
     transform="scale(0.8,0.8)" />
  <path
     style="fill:#c2c1c1;fill-opacity:1;stroke:none"
     d="m 751.88383,276.52517 0,-47.19039 47.19039,0 47.19039,0 0,47.19039 0,47.19039 -47.19039,0 -47.19039,0 0,-47.19039 z"
     id="path7479"
     inkscape:connector-curvature="0"
     transform="scale(0.8,0.8)" />
  <path
     style="fill:#c2c1c1;fill-opacity:1;stroke:none"
     d="m 27.174289,743.37294 0,-45.50501 47.190389,0 47.190392,0 0,45.50501 0,45.50502 -47.190392,0 -47.190389,0 0,-45.50502 z"
     id="path7481"
     inkscape:connector-curvature="0"
     transform="scale(0.8,0.8)" />
  <path
     style="fill:#c2c1c1;fill-opacity:1;stroke:none"
     d="m 39.814571,894.28623 -12.640282,-1.32222 0,-46.98691 0,-46.98691 47.190389,0 47.190392,0 0,48.87576 0,48.87576 -34.55011,-0.56663 c -19.002558,-0.31165 -40.238233,-1.16163 -47.190389,-1.88885 z"
     id="path7483"
     inkscape:connector-curvature="0"
     transform="scale(0.8,0.8)" />
  <path
     style="fill:#c2c1c1;fill-opacity:1;stroke:none"
     d="m 27.174289,954.04432 0,-47.19039 47.190389,0 47.190392,0 0,47.19039 0,47.19038 -47.190392,0 -47.190389,0 0,-47.19038 z"
     id="path7485"
     inkscape:connector-curvature="0"
     transform="scale(0.8,0.8)" />
  <path
     style="fill:#c2c1c1;fill-opacity:1;stroke:none"
     d="m 131.66729,954.04432 0,-47.19039 47.19039,0 47.19039,0 0,47.19039 0,47.19038 -47.19039,0 -47.19039,0 0,-47.19038 z"
     id="path7487"
     inkscape:connector-curvature="0"
     transform="scale(0.8,0.8)" />
  <path
     style="fill:#c2c1c1;fill-opacity:1;stroke:none"
     d="m 236.1603,954.04432 0,-47.19039 47.19039,0 47.19039,0 0,47.19039 0,47.19038 -47.19039,0 -47.19039,0 0,-47.19038 z"
     id="path7489"
     inkscape:connector-curvature="0"
     transform="scale(0.8,0.8)" />
  <path
     style="fill:#c2c1c1;fill-opacity:1;stroke:none"
     d="m 587.56016,894.22754 -34.55011,-1.09241 -0.024,-24.31996 c -0.0132,-13.37598 -0.99094,-34.55859 -2.1728,-47.07247 l -2.14883,-22.75251 47.67781,0 47.67782,0 0,48.87576 0,48.87576 -10.95491,-0.71088 c -6.02521,-0.39099 -26.50246,-1.20247 -45.50502,-1.80329 z"
     id="path7491"
     inkscape:connector-curvature="0"
     transform="scale(0.8,0.8)" />
  <path
     style="fill:#c2c1c1;fill-opacity:1;stroke:none"
     d="m 654.13231,848.34613 0,-49.35594 47.19039,0 47.19039,0 0,47.19039 0,47.19039 -26.47148,0 c -14.55931,0 -35.79499,0.97449 -47.19039,2.16555 l -20.71891,2.16556 0,-49.35595 z"
     id="path7493"
     inkscape:connector-curvature="0"
     transform="scale(0.8,0.8)" />
  <path
     style="fill:#c2c1c1;fill-opacity:1;stroke:none"
     d="m 758.62532,846.18058 0,-47.19039 48.87576,0 48.87576,0 0,26.47148 c 0,14.55931 -0.9745,35.79499 -2.16556,47.19039 l -2.16555,20.71891 -46.71021,0 -46.7102,0 0,-47.19039 z"
     id="path7495"
     inkscape:connector-curvature="0"
     transform="scale(0.8,0.8)" />
  <path
     style="fill:#c2c1c1;fill-opacity:1;stroke:none"
     d="m 553.01005,743.37294 0,-45.50501 45.50502,0 45.50502,0 0,45.50501 0,45.50502 -45.50502,0 -45.50502,0 0,-45.50502 z"
     id="path7497"
     inkscape:connector-curvature="0"
     transform="scale(0.8,0.8)" />
  <path
     style="fill:#c2c1c1;fill-opacity:1;stroke:none"
     d="m 654.13231,743.37294 0,-45.50501 47.19039,0 47.19039,0 0,45.50501 0,45.50502 -47.19039,0 -47.19039,0 0,-45.50502 z"
     id="path7499"
     inkscape:connector-curvature="0"
     transform="scale(0.8,0.8)" />
  <path
     style="fill:#c2c1c1;fill-opacity:1;stroke:none"
     d="m 758.62532,743.37294 0,-45.50501 47.19039,0 47.19039,0 0,45.50501 0,45.50502 -47.19039,0 -47.19039,0 0,-45.50502 z"
     id="path7501"
     inkscape:connector-curvature="0"
     transform="scale(0.8,0.8)" />
  <path
     style="fill:#c2c1c1;fill-opacity:1;stroke:none"
     d="m 863.11832,846.18058 0,-47.19039 48.87576,0 48.87576,0 0,26.47148 c 0,14.55931 -0.9745,35.79499 -2.16555,47.19039 l -2.16556,20.71891 -46.7102,0 -46.71021,0 0,-47.19039 z"
     id="path7503"
     inkscape:connector-curvature="0"
     transform="scale(0.8,0.8)" />
</svg>
