<?xml version="1.0" standalone="no"?>
<!DOCTYPE svg PUBLIC "-//W3C//DTD SVG 20010904//EN"
 "http://www.w3.org/TR/2001/REC-SVG-20010904/DTD/svg10.dtd">
<svg version="1.0" xmlns="http://www.w3.org/2000/svg"
 width="900.000000pt" height="156.000000pt" viewBox="0 0 900.000000 156.000000"
 preserveAspectRatio="xMidYMid meet">
<metadata>
Created by potrace 1.10, written by Peter Selinger 2001-2011
</metadata>
<g transform="translate(0.000000,156.000000) scale(0.100000,-0.100000)"
fill="#000000" stroke="none">
<path d="M7706 1332 c-2 -4 -6 -63 -7 -132 -2 -102 0 -125 13 -133 29 -19 48
-1 48 47 0 25 3 47 8 49 14 9 52 -12 52 -29 0 -29 40 -74 65 -74 33 0 41 18
18 43 -10 12 -25 35 -33 50 -12 25 -12 30 0 37 10 6 15 26 15 59 0 68 -27 90
-112 91 -34 0 -64 -4 -67 -8z m110 -57 c22 -34 7 -80 -27 -80 -21 0 -24 5 -27
38 -3 36 10 67 29 67 5 0 16 -11 25 -25z"/>
<path d="M319 1298 c-2 -7 -4 -67 -4 -133 l0 -120 28 -3 c19 -2 27 1 27 12 0
25 22 30 39 8 16 -20 17 -20 38 -3 17 14 23 31 25 75 4 80 23 65 23 -19 l1
-70 29 0 30 0 -4 125 c-2 69 -5 128 -8 133 -2 4 -20 7 -39 7 -29 0 -34 -3 -34
-24 0 -13 -7 -29 -15 -36 -10 -8 -15 -30 -15 -60 0 -44 -3 -50 -29 -63 -29
-15 -30 -14 -40 14 -9 27 -8 31 14 39 27 10 33 45 16 78 -5 9 -12 25 -15 35
-6 20 -62 24 -67 5z"/>
<path d="M1811 1251 c-10 -6 -14 -38 -15 -122 -2 -122 4 -149 33 -149 26 0 32
23 25 95 -7 67 8 97 25 52 6 -14 15 -28 20 -32 6 -3 11 -13 11 -22 0 -26 33
-93 46 -93 26 0 37 30 30 88 -3 31 -2 83 3 115 7 50 5 59 -10 67 -10 6 -25 7
-35 3 -14 -5 -16 -15 -11 -59 3 -30 2 -56 -2 -58 -10 -6 -51 48 -51 67 0 12
-40 57 -51 57 -2 0 -10 -4 -18 -9z"/>
<path d="M3375 1229 c-34 -30 -35 -33 -35 -108 0 -74 1 -77 35 -109 53 -48 96
-45 146 11 34 38 38 47 39 98 0 51 -3 59 -38 97 -50 54 -94 57 -147 11z m99
-34 c24 -36 22 -127 -4 -150 -18 -17 -21 -17 -45 -1 -22 15 -25 23 -25 76 0
47 4 64 20 80 26 26 34 25 54 -5z"/>
<path d="M4762 1252 c-9 -7 -12 -41 -10 -138 3 -124 4 -129 25 -132 29 -4 46
28 38 72 -8 38 9 50 51 40 65 -16 102 93 48 142 -20 20 -36 24 -82 24 -31 0
-63 -4 -70 -8z m113 -77 c0 -38 -2 -40 -30 -40 -26 0 -30 4 -33 28 -5 44 4 59
35 55 25 -3 28 -7 28 -43z"/>
<path d="M6268 1222 c-36 -36 -38 -42 -38 -101 0 -58 2 -64 39 -102 35 -37 42
-40 85 -38 26 2 52 -3 58 -9 16 -16 25 -15 32 4 4 9 0 25 -9 34 -14 15 -14 18
0 30 11 9 15 32 15 82 0 66 -2 72 -34 104 -49 49 -97 48 -148 -4z m102 -24
c28 -31 29 -113 0 -128 -11 -6 -20 -17 -20 -25 0 -19 -10 -18 -34 0 -13 10
-21 31 -24 67 -3 43 0 58 18 81 26 33 33 33 60 5z"/>
<path d="M435 840 c-4 -11 -6 -33 -5 -48 1 -15 2 -32 1 -38 -1 -7 -59 -9 -178
-6 -100 2 -184 -1 -192 -6 -17 -12 -6 -49 17 -56 9 -3 91 -1 182 3 91 4 167 6
169 5 2 -2 4 -27 5 -56 1 -46 4 -53 21 -53 16 0 20 7 21 40 1 22 2 47 3 55 1
13 85 15 703 13 387 -2 706 -3 710 -3 4 0 8 -24 10 -52 3 -45 6 -53 23 -53 17
0 20 7 21 45 0 25 1 50 2 55 1 7 247 10 712 10 l711 0 6 -23 c3 -12 2 -33 -1
-46 -7 -30 12 -47 41 -35 18 7 21 13 16 47 -3 22 -1 42 5 46 6 3 324 7 706 9
613 2 696 0 697 -13 1 -8 2 -33 3 -55 1 -33 5 -40 21 -40 17 0 20 8 23 55 l3
55 707 -2 707 -3 5 -52 c4 -45 8 -53 25 -53 16 0 20 7 21 40 1 22 2 47 3 55 1
13 87 15 708 15 461 0 711 -3 715 -10 4 -5 8 -22 8 -37 0 -32 9 -39 39 -31 17
4 21 11 17 27 -11 46 -11 46 390 49 208 1 387 6 398 11 16 8 18 6 12 -21 -9
-41 9 -47 78 -22 31 10 73 19 95 19 44 0 93 31 76 49 -6 6 -38 15 -70 20 -33
5 -88 16 -122 24 -62 14 -63 14 -63 -7 l0 -21 -392 2 c-216 2 -397 3 -401 3
-5 0 -5 19 -2 43 5 33 3 46 -9 56 -28 23 -45 6 -48 -49 l-3 -51 -715 0 -715 0
2 43 c3 50 -8 74 -31 65 -12 -5 -16 -20 -16 -59 l0 -53 -710 0 -710 0 0 53 c0
39 -4 54 -16 59 -22 8 -35 -15 -33 -57 1 -19 1 -39 0 -45 -1 -7 -241 -9 -703
-8 l-703 2 -3 43 c-7 86 -49 96 -54 13 l-3 -56 -715 0 -715 0 -1 43 c-1 65 -3
70 -21 66 -14 -2 -19 -16 -23 -56 l-5 -53 -708 -2 c-465 -1 -707 1 -708 8 0 6
-1 30 -2 55 -2 33 -6 46 -19 48 -10 2 -19 -5 -23 -18z"/>
<path d="M7611 427 c-6 -6 -11 -19 -11 -29 0 -14 8 -18 40 -18 33 0 40 -3 40
-20 0 -11 -9 -28 -20 -37 -11 -10 -20 -28 -20 -40 0 -12 -7 -38 -17 -57 -13
-29 -14 -38 -3 -51 25 -30 85 -7 64 26 -3 5 2 19 10 31 9 12 16 32 16 44 0 23
29 86 43 92 4 2 7 15 7 28 0 20 -5 24 -32 24 -18 0 -50 4 -70 9 -24 6 -40 5
-47 -2z"/>
<path d="M7813 420 c-16 -6 -23 -18 -23 -35 0 -27 10 -31 39 -13 23 14 51 4
51 -19 0 -9 -12 -29 -26 -44 -15 -15 -32 -36 -38 -47 -6 -11 -19 -31 -30 -46
-30 -43 -16 -56 62 -56 46 0 73 5 81 13 15 19 4 27 -41 27 -46 0 -47 10 -8 50
17 17 30 38 30 48 0 9 9 23 20 30 26 16 25 31 -4 63 -25 29 -79 43 -113 29z"/>
<path d="M8007 422 c-36 -4 -43 -22 -49 -123 -7 -116 5 -139 78 -139 66 0 84
27 84 131 -1 114 -24 141 -113 131z m48 -132 c0 -79 -1 -85 -21 -88 -20 -3
-22 3 -29 67 -8 85 -1 113 28 109 21 -3 22 -8 22 -88z"/>
<path d="M178 350 l-41 -39 0 -82 c0 -77 2 -84 27 -106 34 -29 65 -29 100 -2
22 17 26 29 26 69 0 53 -16 74 -58 75 -20 0 -28 6 -30 23 -6 44 3 53 38 36 25
-13 34 -13 46 -3 13 10 12 15 -7 35 -36 38 -57 37 -101 -6z m62 -166 c0 -40
-18 -54 -37 -29 -16 23 -17 57 -1 73 18 18 38 -5 38 -44z"/>
<path d="M330 382 c-6 -2 -10 -13 -10 -24 0 -18 5 -20 40 -15 47 6 50 -3 20
-65 -11 -22 -17 -45 -14 -49 3 -5 -2 -19 -10 -31 -19 -27 -21 -85 -3 -91 26
-8 47 5 47 31 0 26 16 83 31 114 5 10 9 24 9 32 0 7 7 19 16 26 8 8 14 25 12
39 -3 24 -7 26 -66 31 -34 3 -67 4 -72 2z"/>
<path d="M516 361 c-13 -15 -19 -44 -23 -116 -5 -89 -4 -97 16 -116 35 -33 81
-35 114 -5 26 24 27 29 27 121 0 82 -3 98 -20 115 -27 27 -90 27 -114 1z m69
-122 c0 -77 -3 -94 -15 -94 -11 0 -17 18 -23 70 -9 74 3 130 26 122 8 -2 12
-32 12 -98z"/>
</g>
</svg>
