<?xml version="1.0" standalone="no"?>
<!DOCTYPE svg PUBLIC "-//W3C//DTD SVG 20010904//EN"
 "http://www.w3.org/TR/2001/REC-SVG-20010904/DTD/svg10.dtd">
<svg version="1.0" xmlns="http://www.w3.org/2000/svg"
 width="900.000000pt" height="450.000000pt" viewBox="0 0 900.000000 450.000000"
 preserveAspectRatio="xMidYMid meet">
<metadata>
Created by potrace 1.10, written by Peter Selinger 2001-2011
</metadata>
<g transform="translate(0.000000,450.000000) scale(0.100000,-0.100000)"
fill="#000000" stroke="none">
<path d="M5000 4374 c-14 -2 -74 -11 -135 -20 -193 -27 -407 -99 -560 -187
-97 -56 -130 -78 -197 -129 -43 -32 -85 -58 -95 -58 -10 0 -29 13 -43 28 -58
66 -237 177 -356 223 -371 143 -735 142 -1114 -2 -129 -50 -312 -170 -410
-271 -42 -43 -81 -78 -89 -78 -7 0 -25 9 -39 20 -114 87 -238 165 -327 205
-111 50 -126 55 -146 55 -11 0 -30 5 -42 11 -49 27 -212 49 -357 49 -215 0
-397 -40 -586 -129 -260 -123 -429 -321 -470 -552 -9 -52 -21 -98 -25 -103 -5
-6 -9 -23 -9 -38 0 -21 5 -28 19 -28 33 0 61 47 61 100 0 52 28 151 62 218 27
54 130 175 189 223 134 109 342 196 554 230 92 14 311 14 410 -1 159 -24 372
-105 469 -179 28 -21 62 -44 76 -51 14 -7 36 -22 50 -32 14 -11 42 -32 64 -49
21 -16 44 -29 50 -29 7 0 41 27 77 61 240 228 363 296 669 373 396 99 861 -5
1180 -265 30 -25 62 -48 71 -51 21 -8 80 22 139 71 25 20 72 53 105 73 64 38
297 148 315 148 6 0 42 11 80 24 178 62 452 93 673 76 166 -13 326 -39 352
-56 11 -8 29 -14 41 -14 26 0 186 -58 269 -97 166 -78 253 -154 247 -213 -5
-46 14 -35 23 13 16 95 16 96 -55 146 -182 127 -402 215 -653 261 -108 20
-470 36 -537 24z"/>
<path d="M6817 4322 c-10 -10 -17 -30 -17 -43 0 -14 -7 -35 -16 -47 -11 -16
-14 -34 -10 -56 5 -23 2 -37 -9 -46 -10 -8 -15 -30 -15 -61 0 -26 -4 -51 -10
-54 -5 -3 -10 -25 -10 -49 0 -46 -20 -83 -38 -72 -7 4 -12 18 -12 31 0 13 -4
26 -9 29 -4 3 -11 19 -14 36 -6 25 -11 30 -36 30 -16 0 -31 -6 -34 -14 -3 -8
-18 -16 -34 -18 -38 -4 -43 -33 -6 -43 19 -4 31 -2 39 9 6 9 14 16 18 16 17 0
36 -31 36 -59 0 -22 11 -41 42 -70 22 -22 45 -38 50 -35 4 3 8 20 8 38 0 19 7
39 15 46 10 8 15 30 15 62 0 34 4 50 15 54 11 5 15 21 15 60 0 39 4 56 15 60
10 4 15 20 15 46 0 24 9 55 21 75 l22 35 98 -4 c54 -1 101 0 105 4 3 4 4 19 0
33 l-6 25 -119 0 c-102 0 -120 -3 -134 -18z"/>
<path d="M6381 4173 c-17 -15 -31 -35 -31 -44 0 -9 -7 -22 -15 -29 -24 -20 1
-40 51 -40 58 0 84 -23 84 -72 0 -51 -31 -82 -72 -74 -37 7 -68 -8 -68 -34 0
-18 7 -20 58 -20 52 0 61 3 88 33 24 25 32 44 36 84 5 49 3 54 -31 86 -20 19
-44 37 -54 41 -11 3 -17 13 -15 23 3 14 12 17 44 15 48 -4 75 18 54 43 -22 26
-93 19 -129 -12z"/>
<path d="M6925 4193 c-19 -4 -85 -90 -85 -111 0 -13 25 -22 63 -22 52 -1 71
-22 68 -77 -3 -56 -22 -75 -67 -68 -22 4 -38 0 -55 -14 -31 -25 -17 -41 43
-48 40 -5 47 -2 86 34 39 37 42 43 42 93 0 47 -4 57 -33 85 -19 18 -43 36 -55
39 -46 15 -13 47 44 43 36 -2 39 0 39 23 0 22 -5 25 -35 26 -19 1 -44 0 -55
-3z"/>
<path d="M7144 4122 c-16 -10 -13 -284 3 -289 16 -6 22 20 25 116 4 117 2 116
216 108 105 -4 189 -12 227 -22 33 -9 103 -21 155 -26 130 -12 385 -95 552
-180 164 -84 328 -207 376 -283 15 -23 43 -62 62 -86 40 -50 64 -98 75 -150 4
-19 10 -39 12 -43 7 -12 43 50 43 74 0 25 -37 102 -81 167 -50 73 -206 224
-290 281 -119 79 -314 170 -449 210 -41 12 -82 26 -90 30 -16 8 -118 31 -250
56 -176 32 -556 57 -586 37z"/>
<path d="M4617 3966 c-16 -17 -41 -26 -97 -36 -83 -13 -206 -38 -350 -70 -83
-19 -202 -44 -455 -95 -38 -8 -101 -21 -140 -30 -78 -18 -261 -57 -375 -81
-41 -9 -104 -22 -140 -30 -36 -8 -98 -21 -138 -28 -40 -7 -78 -18 -85 -25 -6
-6 -25 -11 -41 -11 -31 0 -128 -18 -241 -44 -82 -19 -152 -34 -200 -42 -22 -4
-49 -11 -60 -17 -11 -6 -45 -14 -75 -19 -30 -4 -93 -17 -140 -28 -99 -24 -191
-43 -275 -58 -33 -6 -91 -18 -130 -27 -38 -9 -107 -22 -152 -30 -45 -8 -91
-19 -102 -24 -11 -6 -32 -11 -48 -11 -15 0 -48 -6 -73 -14 -25 -8 -90 -22
-145 -31 -55 -10 -125 -23 -155 -31 -141 -33 -301 -64 -336 -64 -33 0 -57 -24
-50 -48 8 -23 30 -28 68 -13 13 5 62 14 109 20 81 10 119 8 119 -8 0 -16 -71
-43 -142 -53 -69 -10 -85 -9 -134 8 -83 28 -89 21 -87 -106 2 -116 6 -123 69
-114 59 8 66 -5 85 -180 37 -335 50 -443 59 -486 6 -25 12 -83 14 -130 5 -115
23 -268 67 -582 5 -37 9 -93 9 -125 0 -32 7 -85 14 -118 8 -33 18 -99 22 -148
5 -71 4 -87 -7 -87 -33 -1 -41 -16 -29 -56 6 -22 18 -47 25 -57 12 -17 18 -17
48 -6 27 9 45 9 82 0 39 -10 50 -9 64 2 43 38 102 23 111 -28 6 -36 39 -45 75
-21 13 9 42 16 64 16 32 0 43 -5 52 -22 17 -32 28 -38 74 -39 141 -3 274 -24
297 -47 6 -6 27 -12 45 -12 19 0 51 -9 73 -20 22 -11 50 -20 64 -20 13 0 46
-10 73 -21 27 -13 76 -24 113 -26 36 -2 79 -8 95 -13 17 -5 54 -12 83 -16 43
-5 52 -4 52 9 0 19 -30 30 -62 22 -13 -3 -37 1 -53 9 -17 9 -41 16 -55 16 -40
0 -122 25 -160 48 -20 13 -52 22 -73 22 -21 0 -48 5 -59 11 -12 6 -67 18 -122
25 -55 8 -105 19 -110 24 -6 6 -22 10 -38 10 -30 0 -117 21 -163 40 -16 7 -68
13 -116 14 -82 2 -87 4 -133 39 -27 20 -59 37 -71 37 -41 0 -59 33 -52 97 2
32 1 85 -5 118 -5 33 -15 107 -23 165 -7 58 -18 137 -23 175 -6 39 -11 111
-11 160 0 54 -6 107 -15 133 -8 23 -13 48 -10 56 3 7 -2 64 -12 127 -9 63 -20
157 -23 209 -4 52 -10 102 -14 111 -5 8 -3 28 3 43 7 18 7 33 0 46 -12 23 -31
210 -33 330 l-2 85 43 -2 c24 -1 50 -7 58 -13 7 -7 35 -11 61 -9 113 6 143 1
175 -31 35 -35 37 -35 76 -13 29 17 33 17 79 0 26 -9 69 -17 94 -17 30 0 55
-7 71 -19 15 -12 46 -21 88 -24 151 -13 213 -24 226 -42 7 -10 19 -15 27 -12
8 3 71 -3 141 -12 99 -14 130 -22 140 -37 12 -15 29 -19 93 -20 95 -2 221 -20
238 -34 19 -16 67 5 63 28 -2 11 -17 19 -48 25 -25 4 -76 14 -115 22 -38 7
-100 17 -137 20 -37 4 -91 13 -120 22 -29 8 -96 21 -149 28 -53 8 -115 19
-138 25 -23 6 -51 8 -61 5 -11 -4 -32 1 -47 9 -16 9 -57 20 -93 25 -152 23
-192 32 -220 46 -18 9 -56 15 -99 15 -38 0 -72 4 -76 9 -3 6 -27 13 -53 16
-26 3 -65 11 -87 17 -22 6 -71 12 -110 13 -67 1 -106 8 -237 41 -32 8 -75 14
-97 14 -22 0 -46 7 -55 15 -18 18 -31 79 -21 95 8 13 215 7 237 -6 7 -5 33
-11 58 -15 25 -4 77 -17 115 -28 39 -11 104 -25 145 -31 41 -6 113 -17 160
-25 47 -7 118 -14 159 -15 43 0 85 -7 102 -15 15 -8 45 -15 67 -15 58 0 236
-27 332 -51 47 -12 101 -21 120 -21 19 1 40 -4 47 -9 6 -6 50 -12 97 -14 84
-3 163 -14 286 -40 67 -14 162 -28 215 -31 17 0 62 -7 100 -13 39 -7 111 -19
160 -26 50 -8 110 -19 135 -24 25 -6 68 -10 95 -11 28 0 66 -5 85 -10 33 -10
129 -29 320 -64 47 -9 96 -16 110 -16 14 0 35 -7 46 -15 12 -8 23 -13 25 -10
5 5 161 -10 304 -29 61 -8 178 -22 260 -31 83 -9 173 -21 200 -27 28 -6 61
-12 75 -13 14 -1 36 -7 48 -14 34 -18 74 -6 70 21 -3 24 -31 35 -90 37 -20 1
-39 5 -43 10 -3 6 -7 54 -9 109 -2 54 -8 108 -15 119 -14 27 -14 116 -1 163 6
22 6 38 0 44 -16 16 -12 129 5 152 18 24 18 54 1 76 -9 13 -12 47 -10 119 6
177 34 213 93 117 12 -21 26 -38 31 -38 17 0 17 -51 -1 -74 -11 -13 -19 -29
-19 -34 0 -5 -6 -12 -14 -15 -7 -3 -16 -15 -19 -26 -7 -30 17 -27 31 4 6 14
16 25 22 25 5 0 10 6 10 13 0 8 11 19 24 26 19 11 27 10 45 -1 40 -24 36 -50
-18 -122 -28 -37 -51 -71 -51 -75 0 -4 -11 -13 -25 -19 -19 -9 -25 -19 -25
-42 0 -25 4 -30 24 -30 27 0 66 -42 66 -70 0 -10 -16 -37 -35 -60 -32 -39 -43
-60 -30 -60 14 0 55 34 55 45 0 14 32 45 48 45 21 0 72 -52 72 -74 0 -12 -13
-35 -29 -50 -32 -30 -68 -102 -57 -113 8 -8 70 59 92 100 8 15 22 27 32 27 22
0 112 -83 112 -104 0 -9 8 -16 19 -16 11 0 27 -3 35 -6 14 -5 16 0 10 35 -4
26 -3 41 4 41 6 0 37 32 68 70 l58 70 33 -32 c28 -27 33 -37 27 -61 -5 -26 -4
-28 14 -18 29 16 52 14 76 -6 18 -16 18 -15 -2 11 -32 42 -29 87 7 109 28 16
49 52 38 64 -11 10 -47 -19 -53 -43 -10 -39 -39 -49 -74 -24 -39 27 -38 44 5
105 19 28 41 58 47 68 7 9 24 17 39 17 29 0 52 -21 68 -63 6 -16 18 -27 29
-27 25 0 62 -41 62 -69 0 -13 -11 -36 -25 -53 -14 -16 -25 -34 -25 -39 0 -15
40 10 47 29 8 20 33 41 49 42 7 0 22 -11 35 -25 26 -28 78 -59 85 -52 3 3 -15
26 -40 53 -25 27 -46 53 -46 59 0 6 11 26 24 44 13 18 30 46 36 62 7 16 18 29
25 29 21 0 115 -90 115 -110 0 -13 11 -20 38 -25 20 -4 43 -12 51 -18 7 -6 4
4 -8 23 -11 19 -21 43 -21 53 0 11 -8 17 -21 17 -32 0 -109 84 -109 120 0 17
4 30 9 30 5 0 24 22 42 50 44 64 69 66 122 10 21 -22 42 -52 47 -65 5 -14 16
-25 24 -25 18 0 93 -76 101 -101 3 -9 19 -19 35 -21 29 -4 30 -3 30 33 0 21 7
42 16 50 8 7 24 30 35 50 23 47 51 64 78 49 28 -14 51 -50 51 -77 0 -19 5 -23
33 -23 19 0 36 2 38 4 3 3 3 23 1 46 -4 39 -6 41 -32 35 -24 -5 -32 -1 -55 29
-31 41 -30 45 23 127 26 40 44 58 59 58 25 1 73 -51 73 -80 0 -12 7 -19 18
-19 43 0 103 -96 72 -115 -5 -3 -10 -10 -10 -16 0 -5 5 -9 10 -9 6 0 10 7 10
16 0 13 8 15 39 12 l40 -3 -6 43 c-3 24 -2 47 3 50 18 13 84 99 84 109 0 6 10
14 23 17 18 5 30 -3 65 -41 24 -27 46 -60 49 -75 6 -29 11 -32 37 -22 10 4 16
18 16 38 0 25 -6 34 -30 45 -47 20 -89 60 -105 97 -18 43 -55 48 -55 9 0 -28
-19 -62 -62 -113 -15 -18 -28 -39 -28 -47 0 -7 -10 -17 -22 -21 -31 -10 -91
59 -84 96 3 14 3 19 0 13 -16 -38 -100 22 -106 76 -2 19 -10 27 -29 31 -30 6
-77 44 -102 83 -23 35 -46 35 -53 -2 -3 -16 -24 -50 -45 -76 -21 -26 -39 -51
-39 -56 0 -5 -11 -9 -25 -9 -37 0 -94 66 -95 109 0 31 -2 33 -26 27 -22 -6
-33 0 -70 38 -54 56 -74 59 -74 11 0 -30 3 -35 23 -35 51 0 88 -80 51 -110 -8
-8 -27 -33 -41 -57 -28 -49 -56 -56 -91 -23 -33 31 -28 72 13 113 32 32 46 67
27 67 -13 0 -47 -41 -60 -72 -14 -34 -52 -38 -82 -8 -28 28 -25 40 15 91 39
50 48 87 16 69 -11 -5 -29 -26 -41 -45 -14 -23 -29 -35 -43 -35 -28 1 -92 60
-101 94 -5 20 -13 26 -34 26 -15 0 -33 5 -40 12 -9 9 -9 4 -2 -23 13 -45 15
-38 -26 -84 -20 -22 -42 -52 -50 -67 -10 -19 -22 -28 -39 -28 -41 0 -86 86
-54 105 20 13 69 88 63 97 -8 12 -61 -38 -80 -74 -18 -34 -43 -36 -72 -5 -26
28 -28 64 -5 89 25 27 9 33 -25 8 -37 -27 -66 -20 -87 21 -19 35 -65 42 -65 9
0 -11 -16 -37 -35 -57 -19 -20 -38 -45 -41 -55 -8 -26 -47 -22 -83 8 -47 40
-55 59 -37 96 19 37 20 49 3 27 -25 -33 -56 -33 -102 0 -24 17 -46 31 -50 31
-4 0 9 -23 29 -50 20 -28 36 -54 36 -60 0 -5 -13 -24 -29 -42 -33 -38 -65 -97
-57 -105 3 -3 32 22 65 57 l59 62 46 -42 c51 -47 56 -68 26 -95 -11 -10 -36
-42 -56 -72 -19 -29 -40 -53 -47 -53 -11 0 -23 9 -94 71 -13 10 -23 25 -23 32
0 8 -10 13 -22 13 -22 -1 -23 3 -26 93 -1 52 2 108 8 125 7 20 7 33 0 40 -15
15 -12 73 5 106 12 23 23 30 44 30 16 0 31 -5 33 -11 2 -6 36 -13 81 -14 44
-2 91 -11 112 -21 25 -11 61 -17 118 -16 45 0 91 -5 102 -11 11 -6 37 -9 58
-8 24 2 50 -5 72 -18 29 -17 38 -18 65 -8 27 10 36 9 68 -10 26 -15 36 -28 35
-42 -2 -16 3 -21 20 -21 18 0 23 5 23 23 -1 19 5 22 42 25 28 2 53 -3 69 -13
15 -10 37 -15 55 -13 47 7 137 -11 167 -33 27 -20 29 -20 64 -3 34 16 39 16
79 1 24 -10 61 -17 81 -17 21 0 54 -7 73 -15 20 -8 45 -15 57 -14 59 0 422
-47 477 -63 19 -5 73 -11 120 -12 47 -2 112 -9 145 -16 33 -7 81 -13 107 -14
25 0 50 -4 54 -8 4 -5 37 -8 74 -8 40 0 88 -8 123 -20 32 -11 72 -20 90 -20
18 1 104 -7 193 -18 154 -19 208 -19 219 -2 3 5 -9 11 -27 15 -18 3 -49 12
-68 20 -19 7 -56 19 -82 25 -50 13 -66 40 -24 40 33 0 51 23 31 40 -12 10 -19
10 -27 2 -7 -7 -20 -12 -30 -12 -12 0 -18 -8 -18 -24 0 -13 -5 -26 -11 -28
-19 -6 -196 10 -215 20 -38 19 -90 31 -115 25 -15 -3 -30 0 -34 7 -5 8 -10 8
-21 -1 -11 -9 -20 -9 -38 1 -13 6 -33 9 -44 6 -11 -4 -46 0 -76 9 -31 9 -65
13 -76 10 -12 -4 -38 -4 -60 0 -35 6 -39 10 -42 38 -4 44 -37 48 -73 10 -25
-27 -26 -28 -41 -9 -15 21 -54 28 -159 28 -65 -1 -168 22 -173 38 -5 13 -62
13 -62 0 0 -5 -11 -10 -25 -10 -16 0 -25 6 -25 15 0 18 -33 20 -59 3 -11 -7
-26 -8 -37 -3 -11 5 -55 7 -100 6 -63 -2 -83 0 -93 13 -10 12 -32 16 -87 16
-51 0 -77 4 -88 15 -9 9 -34 15 -68 15 -29 1 -89 7 -133 15 -44 8 -97 15 -118
15 -21 0 -48 6 -60 12 -12 7 -56 16 -97 19 -101 10 -242 28 -315 40 -33 6
-113 15 -178 19 -138 10 -154 18 -131 63 13 25 14 37 5 68 -14 47 -36 56 -64
25z m-15 -151 c-2 -48 -20 -105 -33 -105 -4 0 -12 13 -18 29 -27 63 -9 135 32
129 20 -3 22 -8 19 -53z m-178 39 c24 -9 9 -24 -24 -24 -31 0 -48 15 -28 23
19 8 34 8 52 1z m58 -539 c-3 -438 -3 -584 2 -808 1 -72 -1 -78 -20 -83 -12
-3 -36 1 -52 10 -17 9 -41 16 -54 16 -13 0 -45 8 -73 17 -27 9 -104 20 -170
24 -244 16 -378 36 -421 64 -11 7 -32 11 -46 8 -38 -7 -198 15 -216 29 -8 7
-34 13 -56 14 -23 1 -68 9 -101 18 -38 10 -75 14 -101 10 -26 -4 -51 -1 -65 7
-13 7 -62 14 -109 15 -47 1 -110 9 -140 18 -52 15 -194 37 -325 52 -33 3 -70
12 -82 20 -12 8 -47 14 -77 14 -65 0 -188 17 -231 32 -69 24 -257 48 -365 48
-25 -1 -65 6 -89 15 -24 8 -67 15 -96 15 -35 0 -57 5 -65 15 -8 10 -31 15 -68
15 -75 0 -216 19 -276 37 -27 8 -54 12 -61 9 -15 -5 -253 19 -261 27 -12 12
18 47 39 47 13 0 32 7 43 15 10 8 40 15 66 15 26 0 66 7 88 16 27 11 58 15 92
12 41 -4 61 -1 96 18 24 13 60 26 80 29 37 6 162 34 262 60 30 8 71 14 90 13
19 0 55 6 80 15 111 40 167 50 210 39 38 -9 42 -9 50 12 12 32 94 50 127 29
21 -14 26 -14 51 3 15 10 47 19 70 19 24 1 47 7 50 12 20 30 186 69 227 53 18
-7 37 -5 68 6 23 8 51 18 62 20 11 3 29 10 40 15 40 18 180 49 219 49 23 0 70
9 106 21 111 35 173 48 228 49 39 0 61 6 83 23 24 17 45 22 98 23 40 1 80 8
98 18 17 8 64 18 105 22 46 4 83 13 99 24 33 23 142 44 190 36 39 -6 94 8 120
31 19 16 93 31 196 40 53 4 77 11 90 25 12 14 28 18 57 16 l41 -3 -3 -480z
m-894 348 c-10 -2 -26 -2 -35 0 -10 3 -2 5 17 5 19 0 27 -2 18 -5z m996 -9 c3
-9 6 -27 6 -41 0 -39 -25 -22 -28 20 -3 37 11 50 22 21z m-1131 -21 c-13 -2
-33 -2 -45 0 -13 2 -3 4 22 4 25 0 35 -2 23 -4z m-108 -23 c-3 -5 -25 -10 -48
-10 -31 0 -38 3 -27 10 20 13 83 13 75 0z m-95 -30 c0 -12 -26 -18 -100 -24
-64 -5 -155 -24 -187 -38 -12 -6 -41 -12 -65 -13 -23 -1 -51 -6 -60 -10 -18
-7 -38 0 -38 14 0 5 26 11 58 14 32 4 74 13 95 22 20 8 54 15 75 15 21 0 42 4
48 9 18 18 174 28 174 11z m1910 -57 c0 -15 -14 -41 -35 -64 -19 -22 -35 -44
-35 -49 0 -16 -42 -12 -62 7 -10 9 -18 23 -18 32 0 17 63 110 82 122 22 14 68
-19 68 -48z m-2397 -30 c4 -3 -10 -14 -31 -23 -41 -18 -172 -34 -172 -21 0 8
22 15 120 42 34 9 75 10 83 2z m2487 -48 c13 -25 9 -37 -45 -112 -35 -49 -47
-52 -80 -18 -35 34 -31 55 20 119 42 50 48 54 69 45 13 -6 29 -21 36 -34z
m369 -7 c44 -52 45 -67 11 -103 -16 -17 -30 -34 -30 -38 0 -14 -44 -67 -55
-67 -18 0 -92 72 -99 96 -4 14 2 28 19 44 14 13 37 44 51 68 22 38 29 43 51
37 14 -3 37 -20 52 -37z m-601 -94 c2 -22 -6 -39 -32 -67 -19 -21 -38 -47 -41
-56 -3 -10 -17 -23 -31 -29 -22 -10 -28 -9 -49 13 -27 26 -33 63 -11 71 7 3
31 29 52 59 22 30 46 56 54 58 25 7 55 -19 58 -49z m1351 17 c38 -48 39 -71 2
-113 -15 -18 -33 -43 -40 -55 -18 -35 -54 -29 -90 14 -38 45 -39 72 -6 103 14
13 25 27 25 32 0 5 8 20 18 33 25 36 55 31 91 -14z m-1022 -3 c31 -29 29 -50
-12 -104 -19 -25 -35 -50 -35 -55 0 -5 -11 -9 -24 -9 -25 0 -76 50 -76 75 0 7
18 36 40 64 45 57 70 64 107 29z m385 -25 c29 -26 21 -61 -29 -129 -51 -67
-77 -79 -105 -46 -30 35 -28 50 12 94 22 24 43 52 46 63 12 38 46 46 76 18z
m359 -25 c58 -63 60 -81 11 -131 -22 -23 -45 -52 -51 -65 -10 -19 -15 -21 -33
-11 -41 22 -88 81 -88 110 0 15 4 29 9 31 5 2 27 27 50 56 23 28 46 52 52 52
5 0 28 -19 50 -42z m-994 -20 c34 -32 29 -62 -17 -108 -23 -23 -45 -52 -50
-65 -13 -34 -52 -33 -79 1 -28 36 -27 48 13 91 18 21 41 53 50 71 20 38 49 42
83 10z m358 -49 c25 -23 45 -50 45 -61 0 -28 -68 -118 -89 -118 -9 0 -39 22
-65 49 l-49 49 53 61 c29 34 55 61 57 61 2 0 24 -19 48 -41z m377 -16 c34 -32
35 -57 5 -86 -12 -12 -35 -41 -50 -64 -15 -24 -35 -43 -44 -43 -16 0 -73 53
-73 68 0 8 67 103 95 135 21 23 34 22 67 -10z m-630 -40 c15 -15 28 -35 28
-46 0 -24 -86 -140 -110 -149 -21 -8 -63 21 -81 54 -9 17 -6 25 18 52 17 17
40 47 53 66 40 59 52 62 92 23z m1020 -20 c21 -20 38 -45 38 -55 0 -21 -91
-148 -106 -148 -15 0 -94 86 -94 103 0 7 11 23 24 36 13 12 32 40 42 61 24 51
47 51 96 3z m-640 -40 c25 -22 23 -38 -12 -95 -16 -26 -30 -53 -30 -58 0 -16
-52 -11 -72 7 -27 25 -23 70 12 110 17 18 30 38 30 43 0 16 52 11 72 -7z
m-642 -43 c24 -24 26 -63 5 -80 -9 -7 -28 -35 -43 -62 -31 -55 -61 -69 -101
-47 -35 20 -38 55 -8 88 13 14 33 40 43 56 42 70 68 81 104 45z m388 -23 c23
-23 42 -51 42 -60 0 -23 -98 -147 -116 -147 -21 0 -104 79 -104 99 0 14 17 37
95 134 22 26 37 21 83 -26z m357 -39 c34 -40 28 -66 -27 -124 -43 -45 -56 -47
-95 -11 -39 35 -29 66 50 148 24 27 41 24 72 -13z m-635 -48 c28 -28 25 -56
-14 -103 -43 -54 -61 -87 -46 -87 11 0 52 42 98 99 l19 25 52 -45 c52 -45 68
-88 38 -106 -8 -4 -31 -32 -52 -60 -22 -29 -47 -53 -57 -53 -26 0 -108 82
-108 108 0 17 -6 22 -28 22 -32 0 -55 21 -71 62 -9 24 -6 33 32 79 23 28 46
58 52 65 15 20 62 17 85 -6z m-461 -404 c14 -17 17 -144 3 -158 -8 -8 -19 -7
-41 2 -33 13 -39 28 -19 48 9 9 13 53 14 140 0 70 5 156 10 192 8 64 9 63 16
-73 4 -76 11 -144 17 -151z m-3748 188 c8 -10 14 -57 15 -145 2 -71 7 -137 12
-147 5 -9 12 -83 15 -165 4 -81 11 -156 17 -166 5 -11 10 -36 10 -57 0 -20 7
-84 16 -143 9 -58 20 -146 24 -196 20 -198 31 -314 40 -390 6 -44 15 -123 21
-175 5 -52 17 -135 26 -183 14 -78 14 -91 1 -104 -13 -13 -19 -13 -51 1 -45
18 -55 52 -68 225 -14 194 -27 331 -39 391 -12 61 -20 145 -49 510 -11 135
-25 277 -31 315 -6 39 -15 126 -20 194 -5 68 -13 128 -19 134 -6 6 -11 35 -11
64 l0 53 39 0 c23 0 44 -6 52 -16z"/>
<path d="M4154 3662 c3 -5 24 -15 48 -22 24 -7 47 -17 52 -21 18 -15 -63 -109
-94 -109 -9 0 -30 7 -46 15 -16 8 -53 20 -82 28 -28 7 -58 22 -66 32 -12 16
-19 18 -52 10 -27 -7 -40 -16 -42 -30 -2 -11 -27 -44 -55 -72 -55 -57 -78 -64
-127 -38 -16 8 -53 20 -82 26 -29 6 -65 18 -79 27 -39 22 -68 9 -119 -52 -57
-70 -83 -85 -108 -63 -20 18 -112 24 -112 8 0 -10 10 -14 61 -25 39 -8 44 -33
14 -72 -14 -18 -25 -38 -25 -44 0 -6 -12 -15 -26 -20 -21 -8 -39 -5 -88 14
-73 28 -123 39 -131 27 -8 -14 59 -51 94 -51 18 0 40 -9 52 -21 l20 -20 -24
-32 c-13 -17 -36 -40 -49 -50 -27 -20 -56 -16 -135 19 -17 8 -42 14 -55 14
-14 0 -34 11 -46 23 l-22 24 42 51 c23 29 49 52 59 52 20 0 29 11 45 58 14 39
10 40 -40 2 -22 -17 -45 -30 -52 -30 -7 0 -16 -10 -19 -22 -11 -36 -55 -88
-81 -98 -17 -7 -36 -5 -62 4 -20 8 -57 17 -82 20 -33 3 -52 12 -70 33 -23 26
-29 28 -63 20 -31 -8 -39 -15 -44 -38 -8 -41 -68 -92 -102 -86 -68 13 -163 46
-175 62 -11 15 -17 16 -49 6 -21 -7 -37 -19 -37 -27 0 -8 -21 -37 -46 -64 -49
-52 -89 -65 -113 -36 -7 8 -28 17 -49 20 -20 3 -54 8 -76 12 -27 5 -37 3 -32
-5 4 -6 18 -11 31 -11 13 0 26 -4 30 -9 3 -5 27 -17 54 -26 27 -9 51 -21 54
-28 8 -21 -10 -51 -52 -90 -23 -21 -41 -45 -41 -53 0 -20 38 -17 44 4 4 9 26
38 50 65 49 52 71 57 141 33 22 -8 52 -17 67 -20 37 -8 45 -41 19 -77 -25 -34
-26 -39 -6 -39 9 0 20 11 27 24 9 22 26 32 81 50 10 3 17 15 17 30 0 14 17 43
42 71 41 46 42 46 89 40 27 -4 65 -15 86 -26 20 -10 44 -19 53 -19 19 0 40
-19 40 -37 0 -18 -67 -91 -91 -98 -10 -4 -31 0 -46 8 -64 33 -126 47 -141 33
-12 -13 33 -45 71 -51 69 -11 77 -15 77 -41 0 -28 -2 -28 41 -10 19 7 50 12
69 9 28 -3 32 -2 18 7 -31 19 -22 62 20 103 43 42 64 45 107 17 17 -11 38 -20
49 -20 10 0 40 -8 67 -17 39 -14 49 -22 49 -41 0 -14 -9 -27 -25 -34 -14 -6
-25 -15 -25 -20 0 -17 -41 -48 -65 -48 -23 0 -24 -2 -13 -26 9 -19 17 -24 32
-20 12 3 31 6 44 6 17 0 22 6 22 25 0 47 32 94 73 107 29 9 40 9 49 0 7 -7 21
-12 32 -12 11 0 50 -10 88 -22 62 -20 68 -24 68 -49 0 -14 -9 -38 -20 -51 -32
-42 -10 -40 38 2 52 47 74 49 138 15 26 -14 60 -25 75 -25 22 0 30 -6 35 -25
3 -14 4 -32 0 -40 -7 -19 -4 -19 37 5 l35 21 78 -27 c44 -14 88 -34 99 -44 14
-12 31 -16 58 -13 32 5 38 9 35 27 -2 15 11 36 37 62 50 51 69 58 105 39 16
-9 53 -21 82 -29 44 -11 53 -17 56 -37 2 -16 -6 -33 -23 -49 -60 -57 -8 -42
58 16 44 40 48 40 103 13 58 -28 67 -40 53 -73 -18 -40 -4 -42 37 -7 24 22 44
31 61 29 23 -3 25 0 27 45 1 26 -1 47 -4 47 -3 0 -16 -9 -30 -20 -27 -21 -65
-26 -75 -10 -3 6 -24 10 -45 10 -31 0 -43 5 -56 26 -16 24 -16 26 4 40 12 8
37 31 55 51 34 35 35 35 65 21 21 -11 41 -13 64 -8 21 5 25 8 12 9 -24 1 -54
30 -54 52 0 8 20 40 45 71 25 32 45 62 45 67 0 6 -19 15 -42 21 -74 19 -132
43 -152 61 -18 17 -18 19 24 68 43 51 76 69 105 58 20 -8 28 9 14 31 -9 14 -8
25 6 51 24 47 12 49 -35 7 -42 -38 -67 -44 -103 -24 -12 6 -44 17 -72 23 -65
15 -69 37 -19 94 44 49 62 51 169 19 49 -15 77 -28 80 -39 8 -23 35 -13 35 11
0 12 -12 22 -36 30 -20 7 -48 18 -62 26 -15 8 -37 14 -49 14 -16 0 -25 8 -29
27 -6 22 -1 32 29 60 25 22 47 33 67 33 34 0 37 6 14 32 -14 14 -14 20 -4 33
16 19 1 19 -24 0 -25 -19 -95 -19 -120 0 -21 16 -61 21 -52 7z m-144 -140 c19
-9 50 -19 69 -22 56 -9 60 -31 15 -84 -49 -58 -70 -64 -143 -37 -32 11 -69 21
-83 21 -60 0 -54 44 16 108 50 46 54 47 126 14z m-411 -75 c56 -18 106 -38
112 -44 14 -14 -65 -113 -91 -113 -11 0 -45 11 -76 25 -31 14 -69 25 -84 25
-45 0 -60 10 -60 40 0 31 57 100 82 100 9 0 61 -15 117 -33z m251 -77 c22 -11
50 -20 62 -20 33 0 68 -27 68 -53 0 -24 -63 -84 -98 -93 -14 -4 -29 0 -41 10
-10 9 -26 16 -37 16 -10 0 -32 7 -48 15 -15 8 -35 15 -42 15 -29 0 -26 30 6
67 26 30 67 59 88 63 1 0 20 -9 42 -20z m-408 -64 c12 -9 33 -16 46 -16 38 0
92 -27 92 -47 0 -10 -17 -37 -39 -61 -48 -52 -74 -54 -156 -12 -32 17 -73 30
-91 30 -52 0 -51 32 1 84 24 24 49 46 57 48 17 6 62 -7 90 -26z m687 -21 c16
-8 47 -17 70 -21 23 -4 41 -12 41 -19 0 -22 -72 -105 -97 -111 -41 -11 -176
35 -181 61 -5 20 43 84 72 95 32 13 64 12 95 -5z m-1550 -68 c23 -20 97 -47
126 -47 19 0 25 -5 25 -22 0 -27 -64 -101 -83 -96 -6 2 -54 17 -104 33 -87 28
-93 31 -93 57 0 35 53 88 87 88 15 0 34 -6 42 -13z m1171 -12 c35 -14 72 -25
82 -25 35 0 19 -36 -49 -107 -25 -26 -59 -29 -100 -9 -15 8 -48 20 -72 28 -67
22 -71 37 -26 92 45 55 69 58 165 21z m-1500 -49 c14 -7 39 -19 55 -27 17 -8
30 -20 30 -26 0 -7 -17 -33 -38 -58 -43 -51 -58 -54 -132 -26 -94 35 -105 41
-105 52 0 21 31 64 63 87 34 24 75 24 127 -2z m1033 7 c18 -10 59 -25 92 -33
52 -14 60 -19 63 -41 2 -19 -7 -35 -38 -62 -22 -21 -45 -37 -51 -37 -16 0
-193 62 -206 73 -20 15 -15 54 10 78 44 42 82 48 130 22z m705 -32 c26 -11 59
-22 73 -25 41 -9 43 -33 7 -76 -51 -58 -65 -63 -128 -47 -75 20 -130 44 -130
57 0 19 92 110 112 110 11 0 40 -9 66 -19z m-1149 -5 c6 -7 26 -16 44 -20 102
-19 132 -33 141 -63 8 -30 9 -30 37 -16 27 13 35 12 97 -11 37 -14 77 -26 89
-26 11 0 31 -8 44 -19 21 -17 22 -21 9 -50 -26 -63 -87 -78 -169 -41 -24 11
-51 20 -60 20 -31 0 -61 30 -61 61 0 34 -19 38 -45 9 -23 -26 -23 -26 -119 9
-45 17 -93 33 -108 36 -39 8 -37 42 6 88 36 39 74 48 95 23z m743 -61 c18 -8
52 -19 76 -25 53 -14 60 -30 31 -72 -43 -62 -83 -74 -147 -46 -26 11 -63 24
-82 27 -52 9 -52 41 -2 91 44 44 71 49 124 25z m670 -22 c81 -26 88 -30 88
-54 0 -19 -12 -38 -41 -64 -38 -34 -44 -36 -86 -30 -24 3 -66 13 -94 21 -41
13 -49 19 -49 39 0 14 8 34 18 44 9 10 27 31 39 45 12 14 25 26 30 26 4 0 47
-12 95 -27z m-416 -68 c16 -8 38 -15 49 -15 26 0 65 -27 65 -45 0 -8 -18 -33
-40 -56 -44 -47 -42 -46 -155 -5 -40 14 -71 32 -73 41 -2 8 14 33 34 55 42 44
72 50 120 25z m-389 -55 c14 -11 38 -20 53 -20 15 0 38 -8 50 -18 27 -21 22
-44 -15 -84 -30 -33 -76 -36 -140 -12 -22 9 -52 18 -68 21 -18 4 -29 13 -33
30 -5 19 2 32 35 63 47 45 79 51 118 20z m686 -32 c74 -30 75 -32 49 -82 -30
-56 -60 -70 -115 -56 -74 20 -126 42 -132 57 -5 14 35 78 59 95 21 15 88 8
139 -14z m-410 -58 c14 -12 40 -20 61 -20 33 0 36 -3 36 -27 -1 -17 -14 -43
-35 -67 -40 -45 -66 -48 -135 -17 -25 11 -53 21 -63 21 -15 0 -47 46 -36 53 2
1 23 19 47 40 48 42 86 48 125 17z"/>
<path d="M2805 3330 c28 -12 45 -12 45 0 0 6 -15 10 -32 9 -28 0 -30 -2 -13
-9z"/>
<path d="M1630 3070 c-12 -12 -19 -24 -16 -28 4 -3 16 4 28 16 12 12 19 24 16
28 -4 3 -16 -4 -28 -16z"/>
<path d="M1375 3030 c3 -5 17 -10 30 -10 13 0 27 -4 30 -10 3 -5 16 -10 28
-10 18 1 16 4 -13 20 -37 20 -85 27 -75 10z"/>
<path d="M1575 3011 c-3 -5 -19 -12 -35 -16 -31 -7 -38 -23 -20 -41 8 -8 21
-7 45 0 29 9 35 16 35 38 0 27 -13 37 -25 19z"/>
<path d="M2660 2830 c0 -14 46 -31 65 -24 12 5 13 9 4 20 -13 16 -69 19 -69 4z"/>
<path d="M3810 2621 c0 -11 78 -26 87 -17 7 7 -42 26 -68 26 -10 0 -19 -4 -19
-9z"/>
<path d="M3985 2581 c-6 -11 9 -23 19 -14 9 9 7 23 -3 23 -6 0 -12 -4 -16 -9z"/>
<path d="M4747 3965 c-10 -9 -17 -23 -17 -30 0 -19 51 -45 88 -45 16 0 32 -3
36 -7 3 -4 29 -6 57 -4 28 1 90 -4 138 -13 47 -9 138 -21 201 -27 63 -6 201
-22 306 -35 105 -13 220 -26 255 -29 100 -8 236 -25 334 -42 50 -8 135 -19
190 -23 56 -4 120 -13 144 -20 24 -6 53 -9 65 -6 11 2 41 0 66 -5 48 -11 243
-44 349 -59 35 -5 72 -17 82 -26 10 -9 23 -13 29 -9 6 4 19 0 29 -9 15 -13 23
-14 50 -5 29 10 58 10 181 -5 19 -2 96 -9 170 -15 142 -13 187 -26 182 -53 -2
-15 16 -17 175 -17 313 -1 368 -4 368 -21 0 -14 -36 -27 -170 -65 -33 -9 -75
-24 -94 -32 -24 -11 -52 -14 -91 -10 -64 5 -71 3 -87 -34 -6 -15 -22 -29 -35
-31 -70 -16 -270 -71 -313 -88 -27 -10 -77 -26 -110 -35 -33 -9 -76 -23 -95
-32 -53 -23 -111 -41 -159 -48 -24 -4 -66 -19 -94 -33 -28 -13 -71 -27 -96
-30 -25 -3 -55 -11 -66 -18 -11 -8 -29 -14 -42 -14 -12 0 -25 -4 -28 -10 -9
-15 -162 -60 -204 -60 -23 0 -48 -8 -64 -20 -26 -21 -121 -53 -192 -65 -22 -4
-53 -15 -70 -25 -16 -9 -57 -25 -90 -34 -68 -19 -115 -35 -230 -77 -43 -16
-97 -31 -118 -33 -21 -3 -45 -11 -54 -17 -27 -23 -200 -76 -232 -71 -21 3 -38
-1 -50 -12 -10 -9 -56 -32 -102 -52 -64 -27 -93 -34 -120 -30 -27 4 -40 1 -50
-10 -17 -21 -82 -49 -134 -58 -22 -4 -60 -13 -85 -21 -25 -8 -57 -17 -71 -20
-18 -3 -32 -17 -44 -42 -17 -36 -17 -40 5 -127 l23 -90 -23 -18 c-14 -11 -30
-16 -39 -12 -32 14 -125 33 -133 28 -17 -11 -113 19 -148 45 -33 24 -40 26
-131 22 -74 -2 -104 1 -127 13 -17 9 -45 16 -62 16 -17 0 -47 7 -67 15 -19 8
-58 15 -85 15 -28 0 -64 7 -81 14 -18 8 -61 17 -97 20 -70 5 -177 21 -250 37
-112 25 -190 40 -245 49 -33 5 -87 14 -120 21 -33 6 -80 15 -105 20 -25 4 -74
13 -110 19 -36 5 -78 15 -94 20 -16 6 -43 10 -60 10 -17 1 -49 7 -71 15 -22 8
-79 18 -127 21 -76 5 -88 4 -88 -10 0 -26 55 -46 142 -51 59 -3 86 -9 94 -20
8 -11 20 -13 43 -9 22 5 37 2 49 -9 13 -12 44 -18 111 -21 51 -2 95 -7 98 -10
4 -3 21 -6 40 -6 19 0 36 -6 39 -14 4 -9 25 -13 78 -12 60 1 78 -3 95 -18 17
-15 34 -19 77 -17 38 1 64 -3 81 -15 18 -11 37 -14 63 -10 24 4 43 1 56 -9 10
-8 36 -15 56 -15 20 0 49 -5 65 -11 15 -6 48 -13 73 -14 64 -3 151 -16 178
-26 13 -5 56 -9 96 -9 51 0 77 -4 85 -14 7 -8 35 -17 64 -20 83 -8 131 -18
145 -29 13 -10 7 -132 -8 -152 -4 -5 -11 -32 -15 -60 -4 -28 -16 -60 -27 -72
l-21 -22 22 -45 c35 -76 27 -126 -30 -174 -16 -13 -29 -33 -29 -44 0 -18 4
-20 42 -14 l41 7 -6 -103 c-9 -127 -14 -147 -42 -158 -21 -8 -22 -13 -18 -77
3 -37 9 -72 14 -77 17 -19 9 -47 -16 -56 -14 -5 -25 -13 -25 -17 0 -5 -23 -23
-51 -41 -27 -19 -55 -45 -60 -60 -6 -15 -16 -30 -22 -34 -22 -14 -56 -8 -67
12 -10 18 -21 20 -104 20 -105 0 -132 -13 -96 -45 16 -14 33 -17 101 -13 l82
3 31 -42 c42 -57 66 -57 66 -1 0 38 5 47 58 96 65 61 100 87 108 79 3 -3 0
-58 -7 -123 -6 -66 -11 -130 -10 -144 1 -14 -5 -70 -14 -125 -8 -55 -19 -170
-25 -255 -6 -85 -14 -180 -18 -210 -7 -53 -8 -55 -37 -54 -33 2 -158 27 -250
50 -33 9 -87 19 -120 23 -33 4 -94 22 -135 39 -41 18 -92 32 -112 32 -20 0
-39 4 -42 9 -3 5 -32 12 -63 15 -32 4 -73 12 -90 17 -18 6 -42 7 -53 4 -21 -7
-21 -7 1 -26 12 -10 33 -19 46 -19 13 0 34 -5 46 -12 12 -6 49 -14 82 -17 51
-5 60 -9 60 -26 0 -21 1 -21 -200 -54 -27 -5 -76 -14 -109 -20 -39 -7 -65 -7
-77 0 -13 6 -25 6 -38 -1 -34 -18 -133 -12 -161 10 -13 10 -29 15 -35 11 -15
-12 -198 -20 -217 -10 -11 6 -19 6 -23 -1 -10 -15 -73 -12 -111 6 -34 16 -36
16 -59 -6 -20 -19 -31 -22 -67 -17 -24 3 -58 14 -77 23 -23 12 -47 15 -80 11
-30 -4 -55 -1 -71 8 -14 8 -37 14 -52 15 -17 0 -33 8 -40 20 -9 13 -24 20 -45
20 -17 0 -35 5 -38 10 -3 6 -17 10 -30 10 -15 0 -37 14 -57 35 -25 28 -37 35
-57 30 -14 -3 -39 2 -55 10 -15 8 -35 15 -42 15 -8 0 -17 6 -20 14 -3 8 -24
27 -46 42 -22 16 -44 38 -49 51 -6 15 -17 23 -33 23 -14 0 -28 5 -31 10 -4 6
-21 16 -38 24 -18 7 -54 34 -81 60 -26 25 -54 46 -61 46 -7 0 -18 7 -25 15
-17 21 -41 19 -106 -10 -34 -15 -65 -23 -79 -19 -17 4 -26 0 -35 -16 -10 -18
-17 -21 -45 -16 -33 7 -62 -3 -93 -31 -17 -16 -27 -16 -54 -2 -18 10 -25 8
-39 -10 -20 -24 -86 -29 -118 -9 -17 10 -23 8 -38 -11 -15 -19 -24 -22 -44
-16 -13 5 -65 8 -116 8 -68 -1 -95 2 -104 13 -8 10 -32 13 -84 12 -58 -1 -81
3 -109 20 -20 12 -42 19 -50 16 -7 -3 -20 1 -27 9 -8 8 -30 17 -49 21 -58 11
-67 20 -53 57 16 42 10 50 -30 38 -17 -5 -62 -9 -98 -9 -53 0 -69 4 -84 20
-24 27 -35 25 -35 -5 0 -51 76 -107 242 -178 376 -160 853 -137 1187 57 31 18
43 13 85 -38 80 -98 270 -231 441 -309 132 -61 193 -83 342 -124 l98 -27 410
-4 c344 -3 428 -1 525 13 127 19 212 38 278 62 36 13 50 14 76 5 18 -7 91 -26
162 -44 126 -31 135 -31 413 -35 264 -3 286 -2 315 15 27 16 35 17 50 6 14 -9
80 -13 269 -13 139 -1 298 -4 354 -7 75 -5 126 -2 195 10 278 49 541 118 703
183 33 13 69 27 80 32 76 30 230 114 283 154 35 26 68 47 74 47 6 0 35 -16 65
-36 77 -51 187 -98 303 -130 141 -39 209 -47 435 -51 219 -5 237 -4 364 21
177 36 241 57 381 127 229 114 352 272 353 452 0 61 -5 82 -32 136 -34 69 -33
96 2 105 40 10 140 80 220 156 118 111 190 219 236 357 24 72 26 117 8 153
-25 48 -26 72 -6 116 27 60 24 89 -20 198 -46 116 -74 159 -168 256 -40 41
-73 81 -73 89 0 7 26 41 58 75 102 110 192 262 192 327 0 69 -51 64 -65 -7 -3
-19 -16 -54 -29 -77 -26 -50 -170 -241 -194 -259 -9 -7 -23 -21 -31 -30 -20
-27 1 -68 60 -117 64 -54 134 -147 181 -239 31 -61 38 -84 38 -133 0 -60 -15
-79 -26 -35 -5 21 -17 26 -82 41 -43 10 -113 35 -158 57 -92 46 -127 46 -122
1 2 -14 10 -29 18 -33 8 -4 26 -12 39 -19 25 -13 98 -29 171 -38 40 -4 52 -12
102 -66 l58 -62 0 -77 c0 -66 -5 -89 -32 -150 -18 -40 -41 -82 -53 -94 -11
-12 -31 -40 -45 -64 -28 -48 -144 -170 -161 -170 -7 0 -29 -15 -49 -33 -21
-17 -59 -47 -84 -65 -70 -50 -81 -72 -66 -130 7 -26 19 -54 27 -64 11 -13 13
-38 8 -118 -5 -99 -7 -104 -45 -158 -45 -62 -72 -84 -97 -80 -12 2 -18 -3 -18
-15 0 -25 -49 -79 -92 -102 -21 -10 -46 -26 -56 -34 -9 -8 -37 -14 -62 -14
-25 0 -46 -6 -49 -12 -5 -13 -91 -45 -169 -64 -61 -14 -190 -14 -204 0 -13 13
-33 4 -33 -15 0 -14 -101 -26 -214 -26 -68 0 -82 6 -82 35 0 11 -3 32 -7 48
-7 26 -6 27 29 27 31 0 45 8 95 60 57 58 63 70 60 97 -2 16 11 17 26 2 15 -15
33 -2 33 24 0 20 48 77 66 77 13 0 211 208 262 275 26 35 77 94 112 131 78 82
110 123 110 142 0 23 -62 4 -92 -29 -15 -16 -31 -29 -37 -29 -5 0 -42 -39 -82
-87 -40 -49 -105 -120 -144 -159 -40 -40 -75 -83 -78 -96 -4 -16 -20 -31 -47
-43 -28 -12 -48 -32 -67 -64 -29 -50 -40 -64 -106 -131 -24 -25 -47 -53 -51
-64 -5 -15 -9 -16 -22 -5 -13 11 -18 10 -32 -8 -10 -11 -25 -23 -34 -26 -10
-4 -18 -15 -18 -25 0 -11 -26 -35 -71 -65 -89 -59 -132 -62 -209 -17 -28 17
-56 27 -62 24 -5 -3 -34 6 -64 21 -31 16 -63 25 -74 22 -20 -5 -75 16 -85 34
-4 5 -19 9 -35 9 -15 0 -30 7 -34 15 -10 27 -67 16 -131 -26 -79 -51 -101 -61
-157 -66 -41 -5 -50 -10 -67 -39 -14 -24 -28 -34 -45 -34 -13 0 -44 -11 -67
-25 -49 -27 -81 -33 -73 -12 8 22 -18 35 -58 30 -42 -6 -53 -31 -18 -40 27 -7
25 -30 -2 -39 -13 -4 -35 -16 -50 -27 -16 -12 -35 -17 -47 -14 -12 3 -45 -2
-74 -10 -28 -8 -74 -21 -101 -29 -26 -8 -63 -14 -81 -14 -18 0 -38 -6 -44 -14
-6 -7 -32 -16 -59 -19 -26 -4 -94 -14 -151 -22 -58 -9 -113 -14 -124 -11 -11
3 -27 -2 -35 -11 -14 -13 -17 -13 -31 6 -15 19 -24 20 -141 16 -82 -4 -135 -1
-153 6 -22 9 -34 9 -60 -4 -108 -51 -130 -54 -120 -18 5 19 15 28 111 95 48
33 58 36 96 31 37 -6 50 -3 87 21 57 36 335 174 350 174 7 0 30 8 53 19 68 31
114 42 177 45 47 1 65 6 75 21 17 23 18 42 2 47 -23 8 -144 -26 -190 -52 -10
-6 -36 -10 -57 -10 -46 0 -90 -17 -109 -42 -7 -10 -19 -18 -27 -18 -7 0 -42
-14 -76 -31 -35 -17 -80 -38 -99 -47 -19 -9 -42 -23 -51 -30 -10 -7 -40 -15
-68 -17 -58 -5 -186 -64 -249 -114 -44 -34 -63 -38 -82 -16 -7 8 -19 15 -26
15 -13 0 -91 -50 -127 -81 -18 -16 -52 -15 -63 2 -12 20 -54 9 -66 -16 -8 -18
-18 -25 -32 -23 -20 3 -21 8 -18 143 1 77 7 174 13 215 6 41 12 127 15 190 2
63 9 135 14 160 6 25 14 115 20 200 5 85 14 194 20 242 13 118 21 233 20 293
-1 28 4 138 11 245 11 184 13 196 36 219 16 17 20 28 13 35 -5 5 -10 22 -10
36 0 25 2 26 63 25 l62 0 0 -70 c0 -38 -5 -108 -12 -155 -7 -47 -12 -148 -12
-225 1 -77 -4 -164 -10 -194 -6 -29 -11 -106 -11 -170 0 -78 -4 -121 -12 -129
-8 -8 -15 -74 -19 -195 -4 -100 -12 -240 -18 -312 -6 -71 -13 -159 -15 -195
-2 -36 -9 -98 -15 -139 -15 -91 -9 -124 22 -119 21 3 22 10 28 103 4 55 12
172 18 260 20 313 33 577 27 590 -3 8 4 24 14 37 l19 23 11 -32 c12 -33 30
-40 64 -27 41 16 5 64 -47 64 -20 0 -26 6 -31 35 -11 55 0 75 38 75 37 0 64
-30 96 -104 15 -36 23 -43 38 -39 29 7 62 41 62 62 0 21 -78 84 -137 110 -12
6 -24 20 -28 33 -4 13 -13 30 -20 38 -21 25 -27 77 -14 117 18 52 28 63 55 63
21 0 24 -4 24 -41 0 -33 3 -40 15 -35 22 8 65 -11 65 -28 0 -28 21 -27 30 1 6
16 19 34 30 41 17 11 21 10 27 -5 3 -10 17 -43 30 -73 14 -30 27 -71 30 -90 8
-48 39 -80 79 -80 36 0 54 -17 33 -31 -8 -5 -31 -9 -51 -9 -45 0 -49 -16 -16
-60 16 -23 19 -33 10 -42 -8 -8 -18 -7 -37 6 -31 20 -59 14 -51 -11 19 -70 18
-83 -8 -94 -33 -15 -33 -37 -2 -45 33 -8 46 2 46 35 0 41 37 71 88 71 l42 0
-7 45 c-5 43 -4 47 36 85 l42 41 102 -8 c92 -7 102 -10 105 -28 2 -12 -12 -38
-33 -62 -19 -23 -35 -44 -35 -47 0 -4 14 -15 31 -25 46 -28 79 -12 79 39 0 21
-7 43 -15 50 -12 10 -11 15 11 33 18 16 25 33 26 65 1 23 -2 45 -5 49 -4 3 -7
-8 -7 -25 0 -34 -24 -48 -65 -38 -17 4 -24 14 -27 43 -4 26 0 41 9 46 24 14
103 128 103 148 0 22 -15 25 -27 5 -4 -7 -22 -20 -39 -29 -28 -14 -64 -68 -64
-95 0 -6 -14 -12 -32 -14 -32 -3 -47 -20 -63 -72 -5 -17 -7 -17 -23 -4 -10 9
-38 16 -70 16 -62 1 -122 18 -122 36 0 18 122 134 145 138 14 2 20 11 20 32 0
26 -4 29 -40 32 -34 3 -42 0 -50 -18 -6 -12 -27 -35 -48 -52 -60 -48 -86 -16
-62 75 6 22 1 29 -44 60 -28 19 -53 42 -56 51 -6 18 -58 34 -75 23 -13 -8 -13
-41 0 -64 5 -10 23 -21 40 -24 16 -4 30 -11 30 -17 0 -19 -30 -23 -48 -7 -10
9 -27 14 -39 11 -14 -4 -27 2 -42 23 -17 20 -30 27 -50 25 -16 -2 -33 4 -41
13 -18 21 -14 114 6 136 11 13 15 43 16 130 0 63 5 122 10 132 11 22 41 22
108 -3 71 -26 84 -25 124 5 18 14 80 39 137 56 57 16 118 38 136 47 44 22 87
8 91 -31 3 -21 8 -27 19 -23 9 4 24 -1 34 -10 14 -13 26 -14 56 -7 33 8 38 13
41 41 3 31 2 32 -32 32 -19 0 -37 -4 -41 -10 -3 -6 -15 -5 -30 2 -19 8 -22 14
-14 24 6 7 17 10 25 7 8 -3 30 9 49 26 41 35 44 36 71 16 20 -15 56 -20 67 -8
4 3 0 14 -9 24 -14 16 -14 18 8 30 13 7 47 16 77 20 34 5 58 14 64 24 6 11 19
15 41 14 18 -2 42 4 56 14 13 9 35 17 48 17 13 0 42 11 65 24 23 13 62 26 87
29 25 3 59 13 75 21 17 9 34 16 38 16 5 0 20 9 34 20 17 13 41 20 69 20 24 0
63 8 86 19 61 26 167 62 209 70 19 4 50 15 69 24 18 9 44 17 57 17 13 0 37 10
53 21 23 18 36 20 73 15 27 -4 48 -3 51 3 4 5 39 27 79 47 50 25 84 36 110 35
25 0 54 8 81 24 26 15 50 22 63 19 14 -4 36 2 56 15 38 23 82 28 93 9 5 -8 10
-5 15 9 5 13 21 24 41 28 18 4 49 18 68 31 39 27 58 29 94 13 22 -10 29 -8 61
19 37 33 48 37 128 46 27 3 58 13 70 21 12 8 29 15 38 15 9 0 22 6 28 14 7 8
31 16 54 19 67 8 101 18 122 37 31 27 80 49 117 52 l33 3 -3 -105 c-2 -58 -8
-143 -14 -190 -5 -47 -10 -110 -12 -140 -7 -122 -27 -377 -32 -405 -3 -16 -9
-90 -15 -162 -23 -333 -28 -392 -38 -453 -6 -36 -11 -106 -11 -157 0 -82 -2
-93 -20 -103 -24 -13 -26 -30 -4 -30 13 0 15 -7 9 -40 -8 -48 8 -59 56 -40 26
11 31 10 43 -5 16 -22 46 -14 46 13 0 44 43 83 130 118 96 39 107 40 131 18
22 -19 54 -14 92 17 46 36 30 85 -17 54 -14 -10 -34 -14 -45 -10 -10 3 -44 -3
-75 -13 -30 -10 -60 -15 -67 -12 -8 5 -9 40 -4 121 4 63 8 141 10 174 1 33 6
96 9 140 4 44 9 161 11 260 2 99 9 236 14 305 6 69 15 179 21 245 5 66 13 192
16 280 6 168 16 205 53 205 25 0 35 14 56 80 10 30 24 73 31 95 8 23 14 50 14
62 0 26 -33 47 -60 38 -10 -3 -21 -1 -25 5 -3 5 -21 10 -38 10 -18 0 -42 7
-54 15 -29 20 -97 32 -278 50 -82 8 -197 19 -255 25 -58 5 -132 14 -165 20
-33 6 -100 15 -150 20 -49 5 -137 16 -195 25 -58 8 -127 15 -153 15 -27 0 -58
5 -69 11 -12 7 -60 15 -107 20 -47 5 -129 13 -181 18 -52 5 -138 19 -190 30
-52 11 -156 25 -230 31 -74 6 -146 12 -160 14 -14 2 -61 7 -105 11 -44 4 -111
13 -148 21 -38 8 -87 14 -110 14 -23 0 -59 5 -79 11 -21 5 -75 14 -120 19
-421 46 -508 56 -573 71 -22 5 -87 16 -145 24 -58 8 -117 17 -131 21 -17 4
-31 0 -42 -11z m3690 -567 c-10 -64 -34 -111 -73 -140 -20 -15 -47 -28 -58
-28 -23 0 -79 -17 -121 -36 -17 -8 -45 -14 -62 -12 -17 1 -47 -6 -67 -15 -93
-44 -172 -77 -211 -87 -31 -8 -84 -27 -120 -41 -11 -5 -60 -20 -110 -34 -163
-48 -349 -106 -385 -119 -19 -8 -64 -22 -100 -31 -36 -9 -81 -23 -100 -30 -19
-8 -51 -18 -70 -24 -60 -17 -92 -28 -195 -65 -55 -20 -106 -36 -113 -36 -8 0
-28 -6 -45 -14 -18 -8 -45 -17 -62 -19 -16 -3 -50 -12 -75 -20 -25 -9 -88 -29
-140 -46 -135 -43 -192 -63 -213 -73 -10 -5 -37 -13 -60 -18 -23 -4 -80 -23
-127 -40 -47 -18 -110 -40 -140 -50 -60 -20 -141 -49 -295 -105 -119 -43 -175
-62 -315 -105 -155 -48 -223 -71 -240 -80 -9 -5 -22 -5 -29 -1 -29 19 -35 157
-7 180 6 5 47 19 91 31 44 12 107 31 140 42 33 11 92 29 130 40 39 11 88 28
110 38 70 31 116 48 270 95 83 26 215 70 295 97 80 27 161 54 180 59 19 6 44
14 55 18 22 8 77 26 280 89 155 49 642 205 845 272 80 27 177 56 215 66 39 9
75 21 81 26 7 5 38 15 69 24 32 8 74 22 94 30 20 9 50 22 67 29 17 7 66 23
109 35 43 12 86 26 94 31 27 15 232 72 306 85 109 19 108 19 102 -18z m-129
-271 c3 -12 -6 -19 -28 -24 -31 -6 -49 -27 -35 -41 3 -4 13 1 20 11 12 17 14
17 35 -5 16 -17 20 -31 16 -53 -13 -64 -27 -213 -27 -273 0 -37 -5 -73 -13
-85 -9 -15 -14 -66 -15 -166 -1 -80 -6 -152 -10 -160 -5 -9 -9 -117 -9 -241
-1 -124 -8 -305 -15 -403 -8 -98 -13 -187 -10 -197 8 -29 -12 -54 -61 -78 -25
-13 -48 -27 -51 -33 -13 -20 -45 -8 -61 23 -15 29 -15 38 -1 107 9 42 19 128
22 191 3 63 13 162 21 219 9 57 14 121 11 142 -3 20 2 70 10 111 8 40 18 136
23 213 16 253 28 394 36 406 4 7 9 60 10 118 2 59 7 131 11 161 8 54 9 55 46
61 20 3 40 9 44 13 11 10 28 1 31 -17z"/>
<path d="M8190 2379 c0 -11 5 -17 10 -14 6 3 10 13 10 21 0 8 -4 14 -10 14 -5
0 -10 -9 -10 -21z"/>
<path d="M1570 3575 c-16 -19 -25 -91 -12 -98 5 -4 17 2 26 12 13 15 15 24 7
38 -6 12 -6 25 0 34 18 29 2 42 -21 14z"/>
<path d="M6832 3578 c5 -15 58 -24 58 -10 0 11 -24 22 -47 22 -8 0 -13 -6 -11
-12z"/>
<path d="M570 3486 c0 -29 17 -43 33 -27 8 8 9 16 1 28 -17 27 -34 27 -34 -1z"/>
<path d="M7440 3490 c0 -5 9 -10 21 -10 11 0 17 5 14 10 -3 6 -13 10 -21 10
-8 0 -14 -4 -14 -10z"/>
<path d="M561 3403 c-5 -10 -21 -18 -37 -18 -16 0 -32 -9 -42 -23 l-15 -24 39
7 c81 13 84 14 84 40 0 31 -16 41 -29 18z"/>
<path d="M6612 3336 c-23 -30 -29 -56 -12 -56 15 0 42 47 38 67 -3 14 -7 13
-26 -11z"/>
<path d="M7050 3346 c0 -10 9 -16 21 -16 24 0 21 23 -4 28 -10 2 -17 -3 -17
-12z"/>
<path d="M343 3290 c-29 -12 -30 -36 -2 -50 26 -14 49 3 49 36 0 25 -11 28
-47 14z"/>
<path d="M7144 3264 c3 -8 6 -22 6 -30 0 -8 10 -14 25 -14 14 0 25 4 25 8 0
14 -24 39 -44 46 -14 5 -17 2 -12 -10z"/>
<path d="M8825 3220 c-4 -6 -4 -27 0 -46 3 -20 8 -79 10 -131 2 -53 9 -101 15
-107 8 -8 10 31 8 138 -2 102 -7 151 -15 153 -6 2 -14 -1 -18 -7z"/>
<path d="M6465 3117 c-10 -15 -16 -30 -13 -32 8 -9 40 33 36 47 -3 8 -11 2
-23 -15z"/>
<path d="M5945 2959 c-9 -17 -14 -33 -11 -37 8 -8 56 39 56 55 0 25 -29 13
-45 -18z"/>
<path d="M7926 2844 c-19 -19 -12 -34 15 -34 12 0 19 7 19 19 0 27 -15 34 -34
15z"/>
<path d="M7780 2835 c0 -8 5 -15 10 -15 21 0 50 -41 50 -70 0 -24 6 -32 33
-44 37 -16 72 -51 82 -83 5 -17 14 -23 36 -23 27 0 29 3 29 35 0 27 -4 35 -18
35 -11 0 -35 12 -55 28 -27 20 -38 37 -43 65 -6 32 -10 38 -26 34 -12 -4 -31
5 -52 24 -38 33 -46 35 -46 14z"/>
<path d="M7559 2806 c31 -49 27 -74 -13 -91 -34 -14 -46 -31 -46 -64 0 -13 9
-17 34 -17 32 0 34 3 40 38 4 22 13 41 22 45 29 11 68 -11 79 -43 13 -41 32
-62 58 -66 14 -2 24 -13 29 -35 5 -18 12 -33 17 -33 14 0 41 47 41 71 0 24
-36 58 -63 59 -9 0 -23 11 -29 25 -7 16 -19 25 -35 25 -14 0 -26 7 -29 18 -11
34 -21 47 -60 74 -55 38 -71 36 -45 -6z"/>
<path d="M7385 2778 c-4 -13 -19 -32 -32 -44 -33 -26 -25 -55 19 -74 18 -7 36
-15 41 -18 4 -2 -2 12 -14 32 -25 42 -18 76 15 76 30 0 37 9 25 31 -14 26 -46
24 -54 -3z"/>
<path d="M7200 2716 c0 -9 7 -16 16 -16 17 0 14 22 -4 28 -7 2 -12 -3 -12 -12z"/>
<path d="M7006 2681 c-9 -17 -31 -35 -55 -44 -34 -14 -40 -21 -43 -49 -3 -29
-7 -33 -34 -36 -29 -3 -31 -5 -25 -35 5 -25 12 -33 33 -35 24 -3 27 1 30 30 2
28 7 34 31 36 20 3 27 9 27 25 0 39 27 67 65 67 32 0 38 -6 76 -64 23 -35 50
-66 60 -69 10 -3 23 -17 29 -31 5 -14 16 -26 23 -26 16 0 57 -41 57 -57 0 -17
47 -51 80 -58 28 -6 30 -10 30 -51 0 -38 4 -45 30 -59 43 -22 64 -20 56 8 -3
12 -6 40 -6 62 l0 41 -39 -4 c-33 -3 -42 0 -56 22 -31 47 -5 113 53 130 17 6
21 12 16 32 -5 21 -2 25 24 30 26 5 30 10 29 40 -1 30 -4 34 -28 34 -25 0 -28
-4 -31 -37 -2 -30 -8 -38 -27 -43 -17 -4 -27 -15 -33 -36 -17 -67 -71 -80
-105 -26 -14 23 -53 62 -110 112 -7 6 -13 20 -13 31 0 15 -5 19 -19 14 -13 -4
-26 3 -43 23 -14 16 -34 35 -46 41 -19 10 -23 8 -36 -18z"/>
<path d="M7250 2668 c0 -21 15 -38 45 -54 35 -18 35 -18 35 10 0 27 -33 56
-62 56 -10 0 -18 -6 -18 -12z"/>
<path d="M5442 2629 c2 -7 10 -15 17 -17 8 -3 12 1 9 9 -2 7 -10 15 -17 17 -8
3 -12 -1 -9 -9z"/>
<path d="M5260 2609 c-17 -31 -7 -33 20 -4 19 20 20 25 7 25 -9 0 -21 -9 -27
-21z"/>
<path d="M7610 2571 c0 -20 -9 -37 -30 -54 -19 -16 -30 -35 -30 -51 0 -18 -6
-25 -22 -28 -17 -2 -23 -10 -23 -28 0 -20 5 -25 25 -25 18 0 26 6 28 23 2 14
10 22 22 22 13 0 22 10 28 33 5 20 20 40 40 52 38 24 39 35 9 63 -32 30 -47
28 -47 -7z"/>
<path d="M1020 2580 c0 -5 9 -10 21 -10 11 0 17 5 14 10 -3 6 -13 10 -21 10
-8 0 -14 -4 -14 -10z"/>
<path d="M6687 2581 c-10 -3 -28 -25 -40 -46 -13 -23 -31 -41 -43 -43 -18 -3
-20 -10 -21 -67 0 -57 2 -65 18 -65 13 0 19 7 19 23 0 13 5 28 12 35 6 6 12
26 12 43 1 26 8 35 39 51 30 16 37 26 37 49 0 30 -3 32 -33 20z"/>
<path d="M1370 2567 c0 -17 73 -40 100 -32 22 7 26 24 8 30 -7 2 -34 6 -60 10
-38 5 -48 3 -48 -8z"/>
<path d="M7895 2548 c-36 -21 -63 -53 -67 -78 -2 -14 -13 -29 -25 -35 -13 -5
-25 -15 -27 -22 -7 -17 33 -53 57 -53 15 0 18 5 13 25 -5 19 -1 28 19 41 14 9
25 22 25 30 0 7 9 18 19 23 13 7 19 21 19 46 0 38 -3 40 -33 23z"/>
<path d="M1504 2542 c-6 -4 -16 -23 -22 -42 -12 -34 -12 -34 6 -14 9 12 27 27
40 33 12 7 20 16 17 22 -7 11 -26 12 -41 1z"/>
<path d="M1071 2512 c-13 -23 -1 -62 20 -62 41 0 69 19 69 47 0 27 -3 28 -41
28 -24 0 -44 -5 -48 -13z"/>
<path d="M4794 2519 c-3 -6 -17 -8 -31 -4 -22 5 -24 3 -21 -26 3 -28 7 -32 36
-35 31 -4 32 -3 32 36 0 41 -4 48 -16 29z"/>
<path d="M7040 2471 c0 -34 12 -45 40 -36 25 8 25 20 0 45 -28 28 -40 25 -40
-9z"/>
<path d="M7710 2481 c0 -12 6 -21 16 -21 9 0 14 7 12 17 -5 25 -28 28 -28 4z"/>
<path d="M1645 2480 c-7 -11 2 -30 13 -30 4 0 14 5 22 10 13 9 13 11 0 20 -19
12 -27 12 -35 0z"/>
<path d="M1737 2473 c-2 -5 -2 -25 0 -45 l5 -37 33 25 c41 31 38 64 -6 64 -15
0 -30 -3 -32 -7z"/>
<path d="M1190 2463 c0 -14 19 -38 25 -32 8 8 -5 39 -16 39 -5 0 -9 -3 -9 -7z"/>
<path d="M6270 2450 c0 -18 93 -125 109 -125 31 0 21 32 -21 65 -24 19 -49 42
-56 52 -14 20 -32 24 -32 8z"/>
<path d="M6785 2421 c-8 -38 -51 -74 -78 -65 -17 5 -18 2 -12 -28 11 -56 16
-68 27 -68 19 0 48 42 48 70 0 27 36 70 59 70 22 0 8 45 -16 48 -17 2 -23 -3
-28 -27z"/>
<path d="M1895 2403 c9 -51 9 -51 58 -46 42 5 45 4 55 -26 6 -17 16 -31 22
-31 14 0 70 55 70 68 0 5 9 17 20 27 28 25 26 48 -2 39 -29 -8 -56 -21 -88
-39 -29 -17 -53 -12 -97 21 -42 32 -46 30 -38 -13z"/>
<path d="M1033 2413 c-7 -3 -13 -12 -13 -21 0 -15 2 -15 17 1 18 18 16 27 -4
20z"/>
<path d="M6983 2412 c-6 -4 -9 -19 -6 -35 4 -20 11 -27 29 -27 21 0 24 5 24
35 0 35 -18 46 -47 27z"/>
<path d="M8005 2410 c-8 -13 4 -32 16 -25 12 8 12 35 0 35 -6 0 -13 -4 -16
-10z"/>
<path d="M1387 2393 c-9 -2 -24 -18 -32 -34 -9 -16 -21 -29 -28 -29 -6 0 -18
-4 -26 -9 -12 -8 -12 -12 -2 -25 21 -24 50 -20 57 9 13 52 100 67 161 29 12
-8 30 -14 40 -14 15 0 15 2 -3 15 -10 8 -25 15 -32 15 -7 0 -28 11 -46 25 -32
24 -51 28 -89 18z"/>
<path d="M2474 2385 c-18 -14 -18 -14 3 -15 23 0 39 15 25 24 -5 3 -18 -1 -28
-9z"/>
<path d="M7640 2379 c0 -11 7 -22 15 -25 8 -4 15 -17 15 -29 0 -29 10 -36 38
-28 31 8 27 30 -8 48 -16 9 -30 22 -30 29 0 8 -7 16 -15 20 -10 4 -15 -1 -15
-15z"/>
<path d="M7142 2378 c5 -15 28 -18 29 -3 0 6 -7 12 -17 13 -10 3 -15 -1 -12
-10z"/>
<path d="M2350 2354 c0 -13 47 -43 68 -44 33 0 27 26 -9 39 -35 12 -59 14 -59
5z"/>
<path d="M6096 2335 c-17 -13 -41 -27 -55 -30 -14 -4 -32 -11 -38 -17 -16 -13
-17 -94 -2 -103 16 -10 47 23 51 54 2 19 9 27 28 29 30 4 59 38 60 70 0 28 -8
27 -44 -3z"/>
<path d="M7955 2339 c-4 -11 -18 -24 -31 -29 -13 -5 -24 -16 -24 -24 0 -8 -3
-21 -6 -30 -5 -12 0 -13 23 -7 19 5 29 15 31 30 2 13 12 26 23 28 12 3 19 14
19 29 0 30 -26 32 -35 3z"/>
<path d="M170 2340 c0 -5 9 -10 20 -10 11 0 20 5 20 10 0 6 -9 10 -20 10 -11
0 -20 -4 -20 -10z"/>
<path d="M1830 2335 c-11 -13 -9 -15 13 -15 14 0 27 7 31 15 3 10 -1 15 -13
15 -10 0 -24 -7 -31 -15z"/>
<path d="M7615 2330 c-8 -13 4 -32 16 -25 12 8 12 35 0 35 -6 0 -13 -4 -16
-10z"/>
<path d="M1600 2321 c0 -6 5 -13 11 -17 6 -3 8 -17 5 -30 -5 -19 -2 -24 13
-24 23 0 51 25 51 46 0 8 -12 19 -26 24 -32 13 -54 13 -54 1z"/>
<path d="M6404 2305 c-8 -21 4 -35 32 -35 19 0 24 5 24 25 0 20 -5 25 -25 25
-14 0 -28 -7 -31 -15z"/>
<path d="M6920 2304 c0 -17 22 -14 28 4 2 7 -3 12 -12 12 -9 0 -16 -7 -16 -16z"/>
<path d="M6159 2294 c-8 -9 -26 -28 -40 -43 -21 -21 -25 -33 -21 -59 2 -18 -1
-39 -8 -47 -16 -19 -5 -34 20 -28 16 4 23 -2 31 -26 16 -46 40 -39 66 20 21
48 24 50 53 44 34 -8 40 8 15 41 -8 10 -15 33 -15 49 0 37 -9 50 -35 51 -11 1
-27 4 -36 8 -11 5 -22 1 -30 -10z m26 -125 c-19 -36 -45 -39 -45 -4 0 17 7 28
23 34 32 13 39 4 22 -30z"/>
<path d="M6660 2295 c0 -8 5 -15 10 -15 6 0 10 7 10 15 0 8 -4 15 -10 15 -5 0
-10 -7 -10 -15z"/>
<path d="M7032 2294 c-12 -8 -22 -21 -22 -29 0 -18 -31 -35 -62 -35 -31 0 -68
-27 -68 -49 0 -10 10 -25 22 -33 17 -11 21 -23 20 -56 -2 -47 6 -52 33 -22 10
11 23 20 29 20 6 0 24 12 39 26 29 27 29 47 1 89 -20 28 -17 35 12 35 35 0 84
-36 84 -62 0 -29 56 -114 91 -139 25 -17 38 -20 78 -14 54 7 55 6 65 -46 5
-31 3 -37 -14 -42 -28 -7 -36 -34 -16 -56 25 -28 21 -75 -9 -91 -14 -7 -30
-28 -37 -47 -7 -19 -19 -33 -29 -33 -22 0 -35 -18 -43 -60 -5 -28 -5 -31 4
-17 6 9 17 17 24 17 7 0 28 15 47 33 73 69 77 72 97 55 28 -25 100 -48 147
-48 34 0 48 -5 60 -22 12 -16 19 -19 22 -10 3 7 12 18 20 25 57 46 113 102
113 114 0 11 -10 13 -47 8 -67 -9 -73 -12 -73 -34 0 -12 -11 -28 -25 -37 -21
-14 -30 -15 -56 -4 -17 7 -54 14 -83 15 -29 1 -57 5 -64 9 -17 10 -15 51 3 66
8 7 15 26 15 42 0 16 6 39 14 51 12 18 13 30 2 72 -11 40 -18 51 -37 53 -13 2
-36 15 -52 28 -20 17 -41 24 -69 24 -40 0 -40 0 -33 33 11 51 10 96 -3 109 -7
7 -29 12 -51 13 -28 1 -45 8 -62 27 -31 34 -59 42 -87 22z"/>
<path d="M2190 2285 c0 -12 13 -15 55 -15 42 0 55 3 55 15 0 12 -13 15 -55 15
-42 0 -55 -3 -55 -15z"/>
<path d="M1155 2278 c-11 -6 -22 -13 -25 -15 -8 -7 24 -23 48 -23 18 0 23 5
20 22 -4 26 -16 31 -43 16z"/>
<path d="M1700 2272 c0 -5 11 -19 25 -32 21 -20 25 -21 31 -6 10 26 -3 46 -31
46 -14 0 -25 -4 -25 -8z"/>
<path d="M2342 2270 c-21 -9 -39 -36 -30 -45 9 -10 75 30 71 43 -5 14 -10 14
-41 2z"/>
<path d="M2720 2265 c0 -8 5 -15 10 -15 6 0 10 7 10 15 0 8 -4 15 -10 15 -5 0
-10 -7 -10 -15z"/>
<path d="M1030 2257 c0 -8 11 -17 25 -20 20 -3 25 -1 23 12 -4 21 -48 28 -48
8z"/>
<path d="M6470 2258 c0 -7 5 -20 10 -28 9 -13 11 -13 19 0 6 9 6 19 -1 27 -13
17 -28 17 -28 1z"/>
<path d="M7740 2256 c0 -9 7 -16 16 -16 9 0 14 5 12 12 -6 18 -28 21 -28 4z"/>
<path d="M2096 2252 c-3 -6 -1 -14 5 -17 15 -10 25 3 12 16 -7 7 -13 7 -17 1z"/>
<path d="M3000 2235 c0 -21 27 -30 45 -15 19 16 10 30 -21 30 -15 0 -24 -6
-24 -15z"/>
<path d="M1258 2232 c-16 -2 -28 -10 -28 -18 0 -11 7 -13 28 -8 31 7 48 20 35
26 -4 2 -20 2 -35 0z"/>
<path d="M1552 2232 c-13 -4 -23 -10 -23 -14 1 -5 1 -12 1 -18 0 -16 32 -11
46 8 24 31 19 36 -24 24z"/>
<path d="M5822 2228 c6 -18 28 -21 28 -4 0 9 -7 16 -16 16 -9 0 -14 -5 -12
-12z"/>
<path d="M2426 2208 c9 -30 9 -31 33 -23 28 9 26 19 -4 33 -35 16 -37 15 -29
-10z"/>
<path d="M7537 2213 c-4 -3 -7 -15 -7 -25 0 -12 7 -18 24 -18 22 0 36 16 36
41 0 10 -43 12 -53 2z"/>
<path d="M7841 2201 l-24 -19 21 -11 c29 -15 29 -15 34 19 5 35 2 36 -31 11z"/>
<path d="M2650 2180 c-19 -17 -42 -30 -52 -30 -22 0 -41 -35 -33 -60 3 -10 0
-28 -6 -39 -10 -15 -10 -23 0 -35 18 -22 28 -20 47 9 12 19 14 28 5 39 -16 19
-3 46 23 46 11 0 34 7 50 15 15 8 37 15 47 15 25 0 25 32 1 53 -26 23 -42 21
-82 -13z"/>
<path d="M2880 2200 c0 -14 26 -23 41 -15 8 6 7 10 -2 16 -19 12 -39 11 -39
-1z"/>
<path d="M5532 2170 c-6 -22 -12 -60 -12 -84 0 -63 -39 -132 -102 -180 -29
-21 -60 -48 -70 -60 -19 -23 -24 -71 -8 -81 11 -7 150 127 150 145 0 6 11 16
25 22 14 6 28 22 31 35 7 27 13 29 29 6 11 -14 13 -13 19 10 6 27 -21 98 -44
112 -15 9 -12 44 5 62 17 16 17 44 0 50 -6 2 -16 -15 -23 -37z"/>
<path d="M1400 2191 c0 -5 -11 -11 -25 -13 -46 -6 -26 -21 30 -23 46 -1 55 1
55 16 0 17 -19 29 -46 29 -8 0 -14 -4 -14 -9z"/>
<path d="M6536 2173 c9 -37 11 -38 29 -23 19 16 19 36 -1 44 -28 11 -34 6 -28
-21z"/>
<path d="M7611 2177 c-14 -18 -4 -27 30 -27 22 0 29 -6 34 -30 7 -33 29 -39
55 -15 14 13 20 12 54 -3 34 -15 37 -20 32 -47 -3 -16 -9 -54 -12 -83 -5 -35
-13 -57 -26 -66 -18 -13 -18 -15 11 -43 16 -16 31 -40 33 -52 1 -12 8 -22 13
-22 16 0 17 35 1 65 -14 27 -13 31 15 69 39 54 40 114 3 163 -15 19 -33 34
-40 34 -8 0 -14 10 -14 25 0 33 -29 48 -61 31 -19 -9 -29 -9 -49 1 -33 17 -65
16 -79 0z"/>
<path d="M1942 2168 c-18 -23 -31 -65 -25 -86 5 -19 6 -19 35 -4 28 16 31 16
41 -2 7 -11 23 -30 36 -43 27 -26 44 -53 62 -95 14 -37 32 -36 24 0 -4 20 0
36 15 54 11 14 20 32 20 40 -1 21 -36 58 -57 58 -29 0 -47 16 -59 52 -9 28
-16 33 -46 36 -20 2 -39 -3 -46 -10z"/>
<path d="M2763 2118 c-43 -33 -51 -43 -43 -58 5 -10 16 -20 25 -24 8 -3 15
-15 15 -27 0 -20 3 -21 48 -14 57 8 56 8 43 33 -6 12 -11 46 -11 76 0 39 -4
56 -12 55 -7 0 -37 -18 -65 -41z"/>
<path d="M3615 2151 c-11 -5 -32 -23 -48 -40 -19 -21 -36 -31 -57 -31 -19 0
-33 -7 -40 -20 -14 -26 -3 -43 22 -37 36 10 47 -1 35 -33 -9 -24 -7 -37 12
-75 l23 -47 52 7 c28 4 53 9 55 11 7 6 -42 39 -53 36 -14 -5 -36 19 -36 39 0
14 7 19 26 19 14 0 34 5 45 10 27 15 77 -13 85 -48 12 -55 12 -56 37 -39 12 8
20 21 18 29 -2 7 -3 18 -2 23 1 6 4 36 7 68 5 45 3 57 -8 57 -8 0 -19 -5 -24
-10 -18 -18 -64 6 -76 40 -5 17 -18 35 -28 40 -21 11 -19 11 -45 1z m40 -67
c14 -6 13 -9 -6 -30 -23 -24 -69 -33 -69 -13 0 38 34 58 75 43z"/>
<path d="M3242 2130 c-17 -14 -22 -25 -17 -40 8 -27 19 -25 39 5 11 17 26 25
46 25 20 0 30 5 30 15 0 23 -69 19 -98 -5z"/>
<path d="M1160 2120 c0 -23 22 -35 46 -26 15 6 15 8 -1 26 -23 26 -45 26 -45
0z"/>
<path d="M1470 2116 c0 -26 14 -35 25 -16 4 6 16 8 27 4 16 -5 19 -2 16 13 -2
12 -14 19 -36 21 -29 3 -32 1 -32 -22z"/>
<path d="M2220 2125 c-15 -18 -16 -17 29 -38 44 -22 58 -21 39 1 -8 9 -18 25
-21 35 -8 21 -30 22 -47 2z"/>
<path d="M3847 2133 c-10 -9 -9 -23 1 -23 5 0 17 7 28 15 19 14 19 14 -2 15
-11 0 -24 -3 -27 -7z"/>
<path d="M6604 2119 c-8 -13 32 -56 42 -46 9 9 -12 57 -25 57 -5 0 -13 -5 -17
-11z"/>
<path d="M7579 2114 c-20 -25 -68 -46 -90 -39 -19 6 -49 -9 -49 -25 0 -11 100
-20 118 -10 9 5 29 11 45 15 22 4 27 11 27 34 0 17 -6 31 -16 35 -21 8 -20 8
-35 -10z"/>
<path d="M1812 2077 c-12 -13 -22 -30 -21 -38 1 -22 64 -70 84 -63 25 10 39
53 22 73 -8 9 -17 24 -20 34 -9 24 -39 21 -65 -6z"/>
<path d="M5950 2086 c0 -19 27 -46 46 -46 20 0 18 24 -4 43 -23 21 -42 22 -42
3z"/>
<path d="M6270 2086 c0 -9 7 -16 16 -16 17 0 14 22 -4 28 -7 2 -12 -3 -12 -12z"/>
<path d="M1656 2081 c-3 -5 8 -11 26 -15 34 -7 44 -3 33 13 -8 13 -52 15 -59
2z"/>
<path d="M5224 2072 c-11 -9 -28 -37 -38 -62 -33 -83 -41 -95 -68 -98 -18 -2
-31 -13 -41 -35 -18 -36 -13 -54 9 -32 19 19 43 19 69 0 19 -15 19 -16 -6 -41
-30 -29 -101 -49 -127 -35 -9 5 -48 12 -87 16 -38 4 -81 14 -95 24 -14 9 -36
16 -50 16 -19 0 -26 6 -28 25 -5 38 -22 49 -22 15 0 -17 -7 -43 -15 -59 -20
-38 -19 -44 8 -48 16 -2 22 -9 21 -25 -1 -28 -1 -28 32 2 31 28 74 32 116 11
24 -13 33 -13 67 1 37 15 41 14 68 -4 15 -11 38 -24 51 -27 12 -4 27 -16 33
-27 13 -25 33 -20 34 9 0 12 5 21 10 19 6 -1 10 -10 9 -19 0 -10 9 -19 23 -23
26 -6 32 -45 9 -64 -16 -14 -28 -51 -16 -51 5 0 12 5 16 11 3 6 17 8 30 5 12
-3 35 -1 49 6 21 9 31 9 46 0 10 -7 21 -12 23 -12 6 0 -2 129 -9 140 -4 6 -18
10 -33 10 -15 1 -38 7 -52 15 -14 8 -34 14 -45 15 -34 0 -48 21 -28 42 12 13
13 21 4 31 -8 11 -8 23 4 50 8 20 15 52 15 71 0 21 12 56 30 86 17 28 30 53
30 55 0 11 -26 3 -46 -13z m73 -408 c7 -20 -11 -38 -32 -30 -13 4 -14 10 -5
26 13 24 28 26 37 4z"/>
<path d="M6338 2083 c-10 -2 -18 -14 -18 -26 0 -27 -10 -42 -32 -50 -19 -7
-25 -52 -8 -62 6 -3 10 -19 10 -35 0 -19 7 -33 21 -40 20 -11 49 -66 49 -93 0
-17 -82 -50 -122 -50 -15 0 -29 -6 -32 -14 -3 -7 -19 -13 -35 -13 -32 0 -47
-24 -36 -59 9 -28 -10 -34 -50 -15 -31 14 -41 15 -80 3 -48 -14 -57 -32 -25
-49 15 -8 29 -8 53 1 28 10 37 8 70 -11 47 -28 47 -51 2 -101 -55 -61 -47
-102 14 -67 l37 21 27 -26 c14 -15 34 -27 45 -27 10 0 27 -7 38 -15 46 -34
136 -7 214 65 24 22 49 40 57 40 7 0 13 7 13 15 0 14 -3 14 -27 1 -20 -10 -33
-11 -50 -3 -20 9 -28 6 -51 -15 -15 -13 -41 -34 -58 -46 -27 -19 -33 -20 -57
-7 -15 8 -51 15 -80 17 l-52 3 0 65 0 65 50 3 c28 2 91 -2 142 -8 71 -9 101
-9 133 1 40 12 42 12 65 -17 14 -16 24 -41 25 -56 0 -14 3 -34 6 -42 11 -30
34 3 34 49 0 52 20 73 53 57 12 -6 87 -16 166 -22 79 -6 151 -15 161 -20 20
-11 189 -14 214 -4 22 9 20 34 -3 34 -30 0 -91 29 -91 43 0 7 5 18 11 24 8 8
6 18 -6 37 -21 32 -29 33 -43 1 -6 -14 -18 -25 -27 -25 -20 0 -19 -7 5 -37 11
-14 20 -29 20 -33 0 -18 -33 -18 -82 -1 -55 20 -216 41 -304 41 l-51 0 -6 58
c-4 32 -4 75 0 95 5 30 2 38 -13 43 -55 17 -67 25 -56 36 14 14 16 78 4 78
-16 0 -62 -56 -62 -76 0 -32 27 -63 50 -57 18 5 20 0 20 -36 0 -23 5 -50 11
-60 19 -29 3 -68 -31 -80 -28 -9 -32 -8 -40 15 -6 14 -10 34 -10 45 0 28 -38
25 -49 -5 -13 -31 -67 -43 -93 -19 -17 15 -24 15 -61 4 -70 -21 -89 -19 -106
12 -15 27 -15 29 9 47 16 12 50 21 98 26 68 6 77 10 128 53 l55 46 -27 24
c-21 17 -35 22 -60 18 -49 -8 -73 2 -80 32 -3 14 -10 36 -15 49 -5 13 -6 34
-3 48 5 18 13 24 34 24 16 0 32 5 35 10 7 12 -13 81 -23 79 -4 -1 -15 -3 -24
-6z"/>
<path d="M6506 2068 c-20 -28 -20 -48 -1 -48 19 0 19 -9 0 -34 -8 -11 -15 -28
-15 -39 0 -17 5 -18 43 -12 52 9 51 8 36 33 -11 18 -10 24 4 40 25 27 21 57
-8 70 -36 16 -42 15 -59 -10z"/>
<path d="M5401 2061 c-16 -12 -22 -24 -18 -35 16 -42 70 -23 65 22 -4 33 -17
36 -47 13z"/>
<path d="M7026 2061 c-21 -23 -7 -36 30 -27 17 5 24 12 22 24 -5 24 -31 26
-52 3z"/>
<path d="M1080 2035 c0 -16 9 -19 34 -9 25 9 19 24 -9 24 -16 0 -25 -6 -25
-15z"/>
<path d="M4161 2031 c-6 -10 -8 -21 -4 -24 3 -3 3 -18 -1 -32 -5 -19 -13 -25
-35 -25 -46 0 -134 -35 -168 -68 -38 -35 -42 -57 -12 -65 15 -4 20 -12 17 -29
-2 -16 3 -24 16 -26 29 -6 47 24 34 53 -6 13 -8 30 -5 38 7 20 91 47 144 47
24 0 43 3 44 8 6 71 3 132 -8 136 -7 3 -17 -3 -22 -13z"/>
<path d="M6089 2027 c-5 -12 -23 -30 -40 -39 -17 -10 -29 -25 -29 -37 0 -43
-92 -57 -98 -15 -2 12 4 28 12 37 22 21 6 30 -17 10 -11 -10 -35 -18 -56 -18
-29 0 -37 -4 -39 -21 -2 -14 6 -27 22 -38 19 -12 26 -25 26 -47 0 -22 9 -40
31 -60 18 -17 40 -44 49 -62 15 -29 23 -33 71 -37 30 -3 59 -8 65 -12 6 -4 20
-1 30 7 16 13 17 16 4 25 -8 5 -32 10 -53 10 -65 0 -137 90 -94 117 6 4 31 8
54 8 45 0 64 18 26 23 -13 2 -23 7 -23 12 0 5 -3 15 -6 24 -4 9 -1 16 6 16 7
0 37 16 67 36 37 24 53 41 49 51 -3 8 -6 19 -6 24 0 19 -41 8 -51 -14z"/>
<path d="M6842 2030 c-12 -11 -22 -30 -22 -40 0 -16 7 -20 36 -20 47 0 71 -28
66 -80 -3 -28 -10 -40 -27 -48 -29 -13 -40 -45 -25 -72 19 -35 44 -21 50 28 4
31 11 47 26 55 31 18 84 64 84 75 0 23 -40 45 -73 39 -45 -7 -56 2 -54 43 2
28 -2 36 -18 38 -11 1 -30 -7 -43 -18z"/>
<path d="M2672 2018 c-5 -7 -12 -24 -14 -38 -3 -23 0 -25 32 -22 45 5 47 8 28
40 -20 32 -31 37 -46 20z"/>
<path d="M4288 2012 c-35 -21 -37 -52 -4 -52 13 0 26 -7 30 -15 6 -17 42 -20
51 -5 8 13 -26 90 -39 89 -6 0 -23 -8 -38 -17z"/>
<path d="M1284 1969 c3 -17 6 -38 6 -46 0 -10 8 -8 30 8 28 21 31 21 48 6 25
-23 32 -21 32 7 0 31 -16 42 -36 25 -12 -10 -20 -8 -44 9 -39 29 -44 28 -36
-9z"/>
<path d="M6158 1989 c-10 -5 -18 -17 -18 -25 0 -8 -7 -17 -15 -20 -16 -7 -30
-41 -26 -64 1 -8 14 -27 28 -42 25 -26 27 -26 55 -12 52 27 66 114 25 152 -27
25 -26 25 -49 11z"/>
<path d="M7682 1970 c-27 -35 -38 -38 -45 -9 -4 16 -11 19 -27 14 -12 -4 -27
-1 -36 6 -12 10 -18 9 -32 -5 -14 -13 -14 -20 -4 -36 6 -11 12 -27 12 -35 0
-19 19 -20 26 -1 9 24 47 27 70 5 17 -16 29 -18 63 -13 41 7 41 7 39 48 -4 64
-31 74 -66 26z"/>
<path d="M1910 1943 c0 -30 7 -60 20 -80 18 -30 21 -31 49 -22 39 14 53 32 49
65 -4 38 -19 39 -43 4 -23 -35 -40 -38 -48 -9 -8 29 2 49 29 60 37 13 28 29
-16 29 l-40 0 0 -47z"/>
<path d="M2942 1959 c-16 -29 -20 -30 -62 -25 l-45 6 24 -21 24 -20 -21 -20
c-12 -11 -22 -29 -22 -39 0 -38 -48 -17 -80 35 -26 43 -51 45 -88 8 -15 -16
-40 -35 -57 -43 -22 -11 -30 -23 -31 -43 -1 -15 -8 -35 -17 -45 -15 -17 -47
-87 -47 -103 0 -4 21 -2 48 6 52 16 90 51 72 69 -12 12 -13 36 -1 36 5 0 11
-9 14 -20 3 -14 14 -20 31 -20 23 0 25 -2 16 -20 -9 -16 -3 -27 35 -70 25 -28
45 -57 45 -64 0 -18 20 -25 45 -16 19 7 19 7 -2 19 -12 6 -34 27 -48 45 -25
34 -26 36 -10 66 19 38 14 60 -15 60 -12 0 -19 4 -16 9 3 4 17 6 31 3 16 -3
33 2 45 13 29 26 56 11 70 -41 7 -25 28 -65 48 -90 30 -40 33 -49 23 -70 -6
-14 -11 -43 -11 -64 0 -35 -3 -40 -27 -45 -16 -4 -37 -8 -48 -11 -11 -3 -67
-11 -125 -18 -87 -11 -111 -11 -138 0 -29 12 -34 11 -50 -6 -21 -23 -125 -31
-144 -12 -7 7 -27 12 -46 12 -28 0 -32 -3 -27 -19 5 -17 -1 -22 -34 -31 -22
-6 -43 -15 -46 -20 -3 -6 -15 -10 -26 -10 -11 0 -45 -9 -77 -21 -31 -12 -77
-25 -101 -30 -25 -5 -48 -15 -53 -21 -5 -9 -10 -10 -17 -3 -8 8 -4 22 9 45 12
19 26 47 33 63 6 15 15 27 19 27 4 0 8 12 7 28 l0 27 -12 -25 c-6 -14 -30 -43
-54 -65 -24 -22 -43 -45 -43 -51 0 -35 -99 -80 -154 -70 -27 5 -37 1 -61 -24
l-29 -30 41 0 c23 0 53 4 67 10 19 7 27 6 33 -5 7 -11 20 -12 63 -5 62 10 167
43 222 71 20 11 50 19 66 19 16 0 35 6 41 14 16 19 62 29 74 17 20 -20 46 -11
86 29 35 36 45 40 88 40 104 -1 283 -39 283 -61 0 -16 41 -10 66 10 13 10 41
22 61 26 44 7 105 47 128 81 14 22 22 24 100 24 66 0 85 -3 85 -14 0 -8 -12
-17 -27 -21 -14 -3 -35 -13 -46 -20 -20 -14 -19 -15 9 -25 30 -11 68 -27 94
-40 9 -4 39 -5 68 -2 45 4 52 7 52 26 0 21 -39 66 -58 66 -5 0 -17 11 -26 25
-16 24 -15 25 2 25 11 0 30 8 43 19 13 10 47 20 77 23 57 6 68 11 57 28 -7 11
-23 11 -116 -6 -23 -3 -39 -2 -43 5 -13 20 -46 13 -46 -9 0 -26 -25 -36 -45
-20 -11 9 -22 10 -38 3 -51 -24 -92 28 -45 59 16 11 20 20 14 41 -7 30 -22 34
-46 12 -9 -8 -30 -18 -48 -21 -29 -6 -33 -3 -66 49 -20 31 -36 60 -36 66 0 5
-11 18 -25 29 -19 15 -25 29 -25 60 0 39 2 41 32 44 33 3 34 4 55 78 4 13 6
12 17 -2 15 -21 32 -23 42 -7 6 10 -41 58 -59 59 -4 0 -16 -14 -25 -31z m-207
-149 c4 -6 -5 -10 -19 -10 -14 0 -26 5 -26 10 0 6 9 10 19 10 11 0 23 -4 26
-10z m550 -410 c34 -13 23 -30 -19 -30 -39 0 -50 8 -35 27 14 16 20 16 54 3z"/>
<path d="M3080 1953 c0 -45 19 -87 41 -91 9 -1 27 6 40 18 22 18 22 21 7 30
-9 6 -26 26 -38 45 -29 47 -50 46 -50 -2z"/>
<path d="M2539 1968 c0 -2 -1 -21 -2 -42 -2 -41 8 -52 32 -37 12 8 12 14 1 40
-11 27 -28 49 -31 39z"/>
<path d="M3826 1937 c-15 -11 -17 -17 -7 -35 9 -18 21 -22 56 -22 51 0 58 7
42 41 -15 28 -62 37 -91 16z"/>
<path d="M1782 1915 c-12 -14 -22 -31 -22 -38 0 -7 -9 -18 -20 -25 -15 -9 -20
-23 -20 -57 0 -25 -5 -45 -11 -45 -5 0 -7 -4 -4 -10 11 -18 43 -11 71 15 23
21 26 31 22 68 -3 28 0 50 8 62 15 21 19 55 6 55 -5 0 -18 -11 -30 -25z"/>
<path d="M3460 1920 c0 -5 6 -10 14 -10 8 0 18 5 21 10 3 6 -3 10 -14 10 -12
0 -21 -4 -21 -10z"/>
<path d="M7052 1908 c-5 -7 -13 -23 -17 -36 -3 -12 -17 -34 -31 -49 -13 -14
-24 -32 -24 -38 0 -7 -7 -15 -15 -19 -21 -8 -14 -151 9 -174 23 -23 28 -10 10
27 -16 33 -14 100 5 130 8 12 13 12 36 -3 26 -17 28 -17 49 3 12 11 27 41 34
66 10 38 10 50 -3 75 -16 32 -36 38 -53 18z"/>
<path d="M3391 1873 c-17 -14 -22 -25 -17 -38 5 -15 14 -17 50 -12 24 4 47 2
53 -4 7 -7 17 -1 32 20 25 34 22 38 -45 46 -40 6 -54 3 -73 -12z"/>
<path d="M4923 1874 c-11 -28 12 -39 57 -25 48 14 51 26 9 35 -47 9 -59 7 -66
-10z"/>
<path d="M5688 1879 c-23 -13 -24 -52 -2 -47 9 2 22 11 28 20 14 23 -3 40 -26
27z"/>
<path d="M1637 1874 c-14 -14 -6 -24 19 -24 16 0 24 5 22 13 -5 14 -31 21 -41
11z"/>
<path d="M5757 1873 c-4 -3 -7 -14 -7 -24 0 -10 -6 -22 -14 -26 -7 -4 -16 -26
-19 -49 -6 -36 -4 -43 22 -62 24 -17 36 -20 77 -14 52 8 62 25 19 30 -15 2
-29 10 -32 18 -3 8 -14 14 -24 14 -10 0 -19 7 -19 15 0 10 10 15 33 15 56 0
61 12 23 53 -35 37 -47 43 -59 30z"/>
<path d="M2137 1864 c-3 -4 -21 -9 -39 -13 -23 -5 -34 -13 -38 -31 -4 -17 -28
-39 -78 -69 -61 -37 -74 -50 -84 -82 -10 -34 -9 -42 7 -59 10 -11 26 -20 36
-20 24 0 33 -17 35 -64 2 -25 9 -45 20 -53 38 -28 44 -6 28 100 -5 39 -12 51
-35 63 -16 8 -29 19 -29 24 0 6 29 25 65 42 36 18 68 40 71 50 3 10 18 26 32
36 34 21 42 32 42 60 0 20 -19 30 -33 16z"/>
<path d="M5465 1829 c-67 -51 -66 -63 8 -94 41 -17 69 -9 87 25 19 36 12 68
-20 85 -16 8 -30 15 -32 14 -2 0 -21 -14 -43 -30z"/>
<path d="M2467 1832 c-10 -10 -17 -24 -17 -31 0 -7 -11 -31 -24 -54 -34 -58
-52 -133 -37 -151 11 -13 15 -87 9 -145 -3 -24 -1 -25 52 -22 30 1 59 7 65 12
5 5 18 9 30 9 11 0 27 5 35 10 24 15 -3 33 -57 40 -63 7 -75 28 -45 80 30 53
29 61 -10 49 -18 -5 -34 -9 -35 -9 -2 0 -3 11 -3 25 0 39 26 93 65 136 19 22
35 46 35 54 0 21 -43 19 -63 -3z"/>
<path d="M4256 1841 c-4 -5 -2 -12 4 -16 18 -11 11 -24 -16 -31 -16 -4 -30
-17 -35 -34 -9 -24 -17 -28 -62 -34 -29 -3 -71 -6 -94 -6 -23 0 -45 -5 -48
-11 -4 -6 -21 -9 -39 -8 -22 2 -39 -4 -54 -19 -36 -36 -68 -44 -102 -27 -25
13 -29 13 -34 0 -7 -19 -85 -21 -90 -2 -32 117 -29 111 -78 124 -26 6 -52 14
-57 17 -6 4 -17 -1 -26 -11 -54 -62 -65 -78 -65 -94 0 -14 7 -19 30 -19 23 0
31 -5 36 -25 9 -37 -2 -58 -26 -50 -14 4 -22 1 -27 -10 -6 -18 8 -31 45 -41
25 -7 56 22 73 69 6 15 17 27 24 27 18 0 32 -23 17 -28 -7 -2 -12 -8 -12 -13
0 -15 58 -10 92 7 40 21 119 13 155 -16 35 -28 58 -25 104 10 27 22 53 33 90
37 38 4 61 14 86 36 22 19 48 31 76 34 23 3 52 13 64 23 19 15 21 23 15 66 -5
34 -12 50 -24 52 -9 2 -19 -1 -22 -7z m-676 -121 c0 -20 -25 -38 -37 -26 -5 5
24 46 34 46 1 0 3 -9 3 -20z"/>
<path d="M3076 1831 c-3 -4 -10 -19 -15 -33 -9 -24 -8 -25 32 -24 36 1 42 -2
51 -26 8 -21 6 -31 -7 -46 -23 -25 -21 -34 6 -30 17 2 22 10 23 33 0 17 4 40
8 53 13 39 -78 107 -98 73z"/>
<path d="M7480 1824 c-14 -7 -25 -18 -24 -24 3 -26 5 -30 19 -30 9 0 15 9 15
23 0 13 5 28 12 35 15 15 10 14 -22 -4z"/>
<path d="M2365 1820 c-17 -7 -15 -9 13 -9 17 -1 32 4 32 9 0 12 -17 12 -45 0z"/>
<path d="M1228 1793 c-18 -22 -30 -27 -56 -25 -38 4 -62 -12 -62 -39 0 -26 18
-33 43 -17 23 14 107 42 111 36 1 -2 7 -15 14 -30 16 -39 29 -35 34 10 4 30 0
42 -21 65 -14 15 -29 27 -33 27 -3 0 -17 -12 -30 -27z"/>
<path d="M7183 1795 c-3 -9 -2 -19 1 -23 8 -8 38 10 44 26 6 18 -38 14 -45 -3z"/>
<path d="M1837 1794 c-9 -10 12 -34 30 -34 19 0 12 34 -8 38 -8 1 -18 0 -22
-4z"/>
<path d="M1350 1760 c19 -13 30 -13 30 0 0 6 -10 10 -22 10 -19 0 -20 -2 -8
-10z"/>
<path d="M7777 1758 c-9 -7 -24 -35 -33 -63 -9 -27 -29 -66 -45 -86 -23 -30
-27 -42 -22 -72 4 -30 2 -37 -10 -37 -9 0 -18 4 -21 8 -7 12 -256 13 -278 1
-10 -5 -18 -18 -18 -29 0 -18 7 -19 123 -17 67 2 130 -1 140 -5 9 -4 25 -12
35 -17 10 -5 32 -12 50 -16 28 -6 32 -4 32 14 0 25 9 30 43 24 29 -6 36 -27
12 -37 -10 -3 -15 -19 -15 -42 l0 -37 25 23 c14 13 25 31 25 40 0 9 9 25 20
35 20 18 22 18 49 2 35 -21 71 -22 71 -3 0 23 -64 37 -169 38 -88 1 -106 11
-90 55 6 18 19 35 30 38 10 4 22 18 25 33 4 15 19 48 35 75 42 70 35 111 -14
75z"/>
<path d="M3285 1750 c-3 -6 1 -13 10 -16 19 -8 30 0 20 15 -8 14 -22 14 -30 1z"/>
<path d="M3885 1750 c-4 -7 -3 -16 3 -22 14 -14 47 -6 47 12 0 18 -40 26 -50
10z"/>
<path d="M1505 1724 c-11 -8 -29 -13 -41 -10 -14 4 -28 -2 -39 -14 -10 -11
-36 -23 -57 -26 -70 -12 -38 -39 55 -46 42 -3 57 -1 57 8 0 7 19 18 43 24 52
13 117 41 117 50 0 9 -63 30 -91 30 -13 0 -33 -7 -44 -16z"/>
<path d="M1214 1694 c3 -9 6 -18 6 -20 0 -2 5 -4 10 -4 6 0 10 9 10 20 0 12
-7 20 -16 20 -11 0 -14 -5 -10 -16z"/>
<path d="M5409 1700 c-15 -9 -15 -13 3 -50 26 -53 58 -56 58 -6 0 19 -7 42
-16 50 -18 18 -23 19 -45 6z"/>
<path d="M5599 1679 c-27 -27 -10 -50 35 -46 25 2 32 -2 34 -20 4 -27 27 -36
54 -22 27 14 44 6 63 -31 20 -39 12 -52 -22 -39 -35 13 -53 -4 -30 -29 9 -10
17 -27 17 -38 0 -30 12 -41 51 -48 28 -5 42 -2 63 15 34 27 64 81 47 87 -7 2
-24 15 -39 28 -26 23 -26 25 -8 39 10 8 24 16 30 18 21 8 -1 17 -80 33 -43 9
-83 21 -89 28 -12 15 -73 46 -92 46 -7 0 -22 -9 -34 -21z"/>
<path d="M2068 1669 c-21 -11 -38 -24 -38 -30 0 -15 56 -69 72 -69 37 0 53 74
22 104 -8 9 -16 16 -17 16 -1 -1 -19 -10 -39 -21z"/>
<path d="M1105 1649 c-4 -12 -2 -26 4 -32 18 -18 13 -37 -9 -37 -13 0 -24 10
-30 25 -5 14 -14 25 -20 25 -16 0 -12 -47 5 -54 9 -3 15 -18 15 -40 0 -19 5
-38 10 -41 6 -4 8 -21 4 -42 -7 -39 4 -53 44 -53 23 0 48 -42 37 -61 -13 -20
80 -139 108 -139 12 0 35 -14 50 -30 l29 -30 -24 -20 c-12 -11 -32 -20 -43
-20 -11 0 -49 -15 -85 -33 -47 -23 -65 -38 -65 -52 0 -31 32 -29 70 4 20 17
48 33 63 36 15 4 44 13 66 20 35 13 41 13 80 -8 22 -12 43 -23 46 -25 2 -2 5
-32 6 -69 1 -43 6 -68 15 -74 33 -21 38 -4 13 43 -10 19 -12 34 -6 40 6 6 6
20 -1 38 -14 37 0 54 63 75 51 17 68 38 49 61 -19 23 -51 16 -85 -17 -40 -39
-62 -35 -123 21 -24 22 -51 42 -60 45 -10 3 -41 36 -71 74 -44 57 -54 77 -55
110 -1 53 -18 71 -44 47 -15 -14 -24 -15 -40 -7 -20 11 -20 11 4 48 14 19 25
45 25 57 0 12 7 31 15 43 16 23 12 47 -13 76 -20 23 -39 22 -47 -4z"/>
<path d="M1674 1664 c-8 -3 -10 -19 -7 -43 3 -21 0 -48 -7 -60 -6 -13 -10 -25
-7 -27 3 -3 33 -8 68 -12 62 -7 64 -8 67 -37 7 -80 21 -93 74 -70 29 12 35 11
50 -2 16 -14 18 -14 24 1 8 20 -14 91 -31 106 -9 7 -17 3 -29 -15 -31 -47 -61
-28 -61 40 l0 40 -38 -3 c-43 -4 -59 18 -33 47 26 29 19 41 -21 40 -21 0 -43
-3 -49 -5z"/>
<path d="M4271 1653 c-26 -9 -46 -23 -48 -34 -7 -24 -48 -35 -68 -19 -8 7 -22
10 -30 6 -14 -5 -14 -9 0 -36 8 -16 27 -33 40 -36 21 -5 25 -12 25 -44 0 -22
5 -42 10 -45 17 -10 23 22 11 58 -15 44 1 81 41 98 35 14 78 47 78 60 0 12 -5
11 -59 -8z"/>
<path d="M7437 1639 c-8 -28 -1 -40 19 -32 17 6 15 44 -2 50 -6 2 -14 -6 -17
-18z"/>
<path d="M7330 1634 c0 -16 23 -44 35 -44 18 0 18 5 5 31 -10 17 -40 27 -40
13z"/>
<path d="M7254 1615 c-7 -18 3 -35 21 -35 21 0 28 19 15 35 -16 19 -29 19 -36
0z"/>
<path d="M1347 1583 c-2 -5 -7 -20 -11 -34 -3 -16 -20 -35 -41 -48 -19 -11
-35 -25 -35 -31 0 -50 102 -130 139 -110 26 13 68 13 77 -2 4 -6 10 -25 13
-42 5 -24 13 -32 34 -34 35 -4 46 21 21 49 -17 19 -17 21 2 57 26 48 13 102
-23 102 -21 0 -22 -2 -11 -20 18 -29 -3 -40 -72 -38 -30 1 -65 -2 -78 -6 -29
-10 -52 8 -52 40 0 27 20 39 83 49 43 7 54 23 37 54 -8 15 -21 21 -45 21 -18
0 -36 -3 -38 -7z"/>
<path d="M4039 1544 c-10 -12 -23 -14 -51 -10 -36 6 -38 5 -29 -12 17 -32 42
-46 77 -43 29 2 34 -1 34 -18 0 -32 17 -25 25 9 5 22 1 38 -15 60 -25 35 -24
35 -41 14z"/>
<path d="M3777 1538 c-5 -18 3 -48 14 -48 5 0 9 -20 9 -45 0 -42 3 -48 35 -66
19 -12 35 -25 35 -30 0 -5 18 -18 39 -29 28 -14 43 -30 50 -53 7 -19 23 -45
37 -58 l26 -24 29 33 29 32 28 -20 c24 -18 31 -19 60 -8 38 14 39 22 11 67
-19 31 -19 34 -3 52 15 17 15 18 -10 25 -15 3 -32 1 -41 -6 -21 -17 -79 4
-104 38 l-19 27 -7 -28 c-10 -40 -51 -54 -79 -29 -12 11 -29 22 -38 25 -20 7
-24 32 -7 43 7 4 -1 17 -21 36 -30 27 -31 30 -16 47 9 10 16 21 16 24 0 13
-68 7 -73 -5z"/>
<path d="M2152 1494 c9 -9 21 -13 27 -9 16 10 3 25 -22 25 -20 0 -20 -1 -5
-16z"/>
<path d="M3595 1478 c-20 -15 -30 -18 -33 -10 -4 14 -22 16 -22 3 0 -4 11 -20
25 -33 l25 -26 -25 -16 c-13 -9 -37 -16 -53 -16 -35 0 -55 -20 -45 -46 7 -20
42 -53 56 -54 4 0 21 -10 38 -22 30 -23 31 -23 45 -4 8 11 14 26 14 33 0 16
24 17 51 3 24 -13 49 -1 25 12 -9 5 -16 20 -16 33 0 17 -9 29 -29 39 -42 22
-47 45 -15 71 18 15 25 27 21 38 -9 23 -29 21 -62 -5z"/>
<path d="M3705 1470 c-12 -20 6 -51 28 -48 31 4 31 52 0 56 -11 2 -24 -2 -28
-8z"/>
<path d="M3890 1465 c0 -8 4 -15 9 -15 5 0 11 7 15 15 3 9 0 15 -9 15 -8 0
-15 -7 -15 -15z"/>
<path d="M4263 1454 c-20 -15 -35 -37 -39 -59 -5 -29 -2 -37 32 -69 21 -20 42
-36 46 -36 13 0 9 26 -9 57 -15 27 -15 32 0 63 18 35 22 70 10 70 -5 0 -22
-12 -40 -26z"/>
<path d="M5663 1454 c-8 -22 4 -44 26 -44 19 0 35 25 26 40 -10 15 -46 19 -52
4z"/>
<path d="M7276 1445 c-6 -18 2 -45 15 -45 12 0 27 33 22 48 -6 17 -30 15 -37
-3z"/>
<path d="M1737 1423 c-4 -6 -23 -14 -42 -17 -73 -14 -99 -73 -42 -94 43 -15
47 -15 47 2 0 8 16 27 35 42 39 30 40 33 22 59 -9 11 -16 14 -20 8z"/>
<path d="M5460 1395 c-12 -14 -11 -18 1 -26 8 -5 24 -9 37 -9 19 0 23 5 20 23
-4 27 -39 35 -58 12z"/>
<path d="M5752 1384 c-13 -24 1 -55 18 -38 7 7 7 19 2 34 -9 24 -9 24 -20 4z"/>
<path d="M7200 1381 c0 -28 38 -38 55 -14 22 27 18 33 -20 33 -28 0 -35 -4
-35 -19z"/>
<path d="M7447 1394 c-12 -12 25 -54 48 -54 26 0 42 39 22 52 -14 9 -61 10
-70 2z"/>
<path d="M6002 1378 c-7 -7 -12 -20 -12 -29 0 -9 -16 -30 -37 -46 -25 -21 -34
-35 -30 -46 9 -23 20 -21 57 10 27 23 33 24 41 11 20 -36 47 -61 57 -54 20 12
14 38 -15 69 l-28 29 24 19 c19 16 21 22 11 34 -15 18 -51 20 -68 3z"/>
<path d="M7064 1323 c-27 -31 -51 -63 -53 -71 -5 -25 29 -42 86 -42 44 0 58 5
85 28 l31 29 -27 7 c-24 6 -26 10 -20 41 5 30 3 35 -23 49 l-30 15 -49 -56z"/>
<path d="M5595 1360 c-9 -14 17 -50 37 -50 24 0 31 16 18 40 -11 21 -44 27
-55 10z"/>
<path d="M6948 1352 c-33 -20 -36 -38 -8 -47 30 -9 55 2 68 31 7 14 12 27 12
29 0 11 -47 3 -72 -13z"/>
<path d="M3740 1350 c19 -13 30 -13 30 0 0 6 -10 10 -22 10 -19 0 -20 -2 -8
-10z"/>
<path d="M7359 1350 c-9 -5 -22 -23 -29 -40 -12 -29 -11 -33 14 -59 14 -15 26
-32 26 -38 0 -19 -42 -23 -72 -7 -29 15 -30 14 -73 -25 -24 -22 -40 -42 -37
-45 10 -10 38 -6 71 10 22 11 66 17 138 19 90 3 112 7 155 29 27 14 54 24 59
21 4 -3 25 1 45 10 45 19 81 19 114 0 14 -8 30 -14 35 -15 6 0 38 34 72 75
l63 75 -30 0 c-20 0 -43 -12 -70 -36 -30 -28 -50 -37 -86 -40 -58 -6 -114 11
-114 35 0 21 -19 41 -40 41 -15 0 -42 -49 -44 -80 -2 -29 -22 -45 -71 -59 -27
-7 -57 -15 -66 -18 -26 -7 -31 26 -9 54 22 28 19 55 -8 86 -17 19 -21 20 -43
7z"/>
<path d="M3377 1333 c-12 -11 -7 -41 9 -57 21 -21 74 -21 74 -1 0 34 -64 78
-83 58z"/>
<path d="M6228 1315 c-9 -20 -9 -28 1 -38 10 -9 15 -8 27 7 8 11 14 28 14 38
0 27 -29 22 -42 -7z"/>
<path d="M5517 1323 c-9 -8 -9 -48 0 -56 11 -12 33 14 33 39 0 23 -19 32 -33
17z"/>
<path d="M6486 1301 c-21 -22 -27 -37 -25 -64 4 -43 -16 -70 -47 -63 -33 9
-38 -10 -14 -49 18 -29 27 -35 57 -35 38 0 38 2 18 75 -4 14 4 31 25 54 36 39
52 74 44 96 -9 23 -27 18 -58 -14z"/>
<path d="M3257 1306 c-3 -7 -21 -16 -41 -20 -19 -4 -38 -11 -42 -17 -8 -14
121 -143 135 -135 18 11 13 33 -16 77 -23 35 -25 42 -13 63 12 23 7 46 -10 46
-4 0 -10 -6 -13 -14z"/>
<path d="M2500 1301 l-45 -6 -3 -47 c-3 -42 -1 -47 20 -50 23 -3 88 27 88 42
0 4 -11 11 -25 14 -14 4 -25 11 -25 16 0 15 43 12 68 -6 24 -16 73 -16 79 1 8
25 -86 46 -157 36z"/>
<path d="M5810 1300 c0 -6 -12 -15 -26 -21 -25 -9 -26 -10 -10 -28 10 -11 34
-21 54 -24 20 -3 46 -7 57 -9 31 -5 30 29 -2 62 -27 29 -73 41 -73 20z"/>
<path d="M2746 1284 c-10 -25 -7 -34 17 -57 13 -12 29 -44 37 -70 12 -44 11
-49 -6 -63 -64 -50 -160 -44 -234 14 -17 13 -45 21 -80 23 -53 3 -57 1 -51
-30 2 -12 143 -80 203 -98 51 -15 69 -10 91 25 4 6 19 12 32 12 24 0 50 19 57
42 7 20 36 1 63 -42 19 -31 32 -40 53 -40 32 0 45 -8 60 -36 14 -26 51 -38 59
-19 7 20 -30 63 -88 103 -28 18 -53 41 -56 50 -3 9 -12 24 -19 32 -7 8 -14 38
-16 65 -3 48 -4 50 -35 53 -20 2 -37 12 -47 28 -19 28 -31 31 -40 8z"/>
<path d="M3836 1265 c-26 -61 -93 -132 -134 -142 -46 -11 -53 -43 -20 -92 13
-19 32 -50 44 -70 21 -38 60 -53 75 -29 16 24 10 38 -33 80 l-42 41 30 24 c53
43 70 63 98 117 28 53 32 96 9 103 -7 3 -19 -12 -27 -32z"/>
<path d="M6120 1282 c0 -12 9 -22 22 -25 28 -8 35 -1 22 21 -16 25 -44 28 -44
4z"/>
<path d="M2322 1278 c-16 -16 -15 -31 5 -73 14 -28 22 -35 46 -35 28 0 29 2
24 34 -6 40 -34 86 -51 86 -7 0 -17 -5 -24 -12z"/>
<path d="M5597 1245 c-9 -20 -17 -40 -17 -45 0 -18 50 -10 70 10 17 17 18 24
8 45 -16 35 -41 31 -61 -10z"/>
<path d="M3086 1248 c-17 -52 -16 -90 4 -128 20 -39 22 -40 68 -37 l47 2 3
-53 c3 -59 -15 -77 -47 -48 -38 34 -87 7 -75 -41 5 -20 -28 -63 -48 -63 -4 0
-8 -4 -8 -10 0 -19 33 -10 67 20 26 23 43 30 77 30 58 0 67 21 59 134 -6 92
-7 95 -41 118 -13 9 -31 31 -40 49 -18 35 -58 52 -66 27z"/>
<path d="M4215 1218 c8 -27 74 -90 86 -82 12 7 -62 104 -79 104 -9 0 -11 -7
-7 -22z"/>
<path d="M3607 1214 c-14 -14 14 -84 33 -84 16 0 19 45 4 67 -15 23 -26 28
-37 17z"/>
<path d="M5673 1203 c-24 -5 -42 -58 -25 -75 13 -13 -12 -82 -31 -86 -8 -2
-18 2 -22 7 -13 21 -25 10 -25 -21 0 -18 -7 -46 -15 -62 -8 -15 -15 -36 -15
-46 0 -26 -96 -128 -136 -145 -26 -11 -34 -21 -40 -49 -4 -22 -18 -46 -35 -60
-25 -21 -35 -23 -93 -19 -61 5 -66 4 -90 -22 -25 -27 -26 -29 -10 -54 41 -63
73 -76 98 -39 9 12 29 29 44 38 35 18 110 102 137 153 15 28 26 37 45 37 34 0
95 60 111 108 6 20 15 39 19 42 4 3 11 23 16 45 8 33 16 42 41 50 32 11 83 72
83 100 0 8 -9 19 -21 26 -15 8 -18 14 -10 22 12 12 15 58 4 56 -5 -1 -18 -4
-30 -6z"/>
<path d="M5275 1190 c-4 -6 -3 -16 3 -22 6 -6 12 -6 17 2 4 6 3 16 -3 22 -6 6
-12 6 -17 -2z"/>
<path d="M6164 1182 c-24 -16 -23 -42 1 -58 21 -14 31 -15 68 -4 23 6 54 14
70 17 15 3 27 9 27 13 0 4 -10 5 -23 3 -14 -3 -29 3 -41 16 -19 21 -79 29
-102 13z"/>
<path d="M3950 1170 c0 -13 48 -36 56 -27 4 3 4 13 1 22 -7 17 -57 21 -57 5z"/>
<path d="M7060 1125 c-102 -24 -294 -83 -317 -98 -21 -13 -15 -25 18 -43 38
-19 68 -13 124 25 23 15 55 31 70 35 16 4 52 18 80 31 27 12 63 26 78 29 16 4
27 12 25 18 -6 17 -17 18 -78 3z"/>
<path d="M1781 1111 c-8 -5 -20 -7 -28 -4 -9 4 -13 -6 -13 -36 0 -23 5 -41 10
-41 6 0 10 7 10 16 0 11 8 14 33 12 26 -2 33 -8 35 -29 2 -15 12 -35 24 -45
20 -19 21 -18 35 4 10 14 25 22 44 22 34 0 38 19 10 44 -12 11 -21 14 -26 7
-11 -18 -32 -12 -38 10 -3 11 -15 23 -26 26 -12 3 -21 9 -21 14 0 12 -31 11
-49 0z"/>
<path d="M2366 1113 c-11 -11 -6 -40 9 -53 8 -7 15 -19 15 -27 0 -8 11 -28 25
-45 14 -16 25 -40 25 -53 0 -31 44 -75 75 -75 40 0 41 21 4 54 -31 29 -49 57
-77 129 -7 17 -19 27 -32 27 -13 0 -20 7 -20 19 0 21 -13 34 -24 24z"/>
<path d="M4753 1107 c-28 -12 -34 -41 -27 -119 7 -69 23 -103 53 -113 12 -3
25 -23 33 -47 11 -31 25 -48 54 -65 59 -35 65 -37 83 -26 25 16 25 40 0 48
-30 10 -129 104 -129 122 0 8 -16 21 -35 29 -30 12 -35 19 -35 49 0 18 4 36 9
39 14 9 29 59 22 77 -5 13 -11 14 -28 6z"/>
<path d="M5440 1068 c0 -33 -49 -58 -115 -58 -34 0 -57 5 -65 15 -22 27 -80
16 -80 -15 0 -11 10 -20 25 -24 32 -8 51 -42 34 -62 -20 -24 -65 -17 -104 17
-19 17 -50 35 -68 39 -17 4 -39 9 -47 11 -10 3 -16 -5 -18 -21 -2 -18 9 -37
37 -68 39 -42 41 -43 65 -27 22 15 27 15 55 1 16 -9 38 -16 48 -16 31 0 83 38
83 60 0 26 32 38 86 33 28 -4 44 0 53 11 8 9 20 16 27 16 8 0 22 16 31 36 20
40 10 67 -26 72 -16 3 -21 -2 -21 -20z"/>
<path d="M6560 1056 c-6 -19 -10 -43 -8 -53 2 -13 -4 -19 -25 -21 -16 -2 -34
-14 -43 -28 -9 -13 -32 -34 -53 -46 -20 -12 -42 -30 -49 -40 -7 -10 -23 -18
-34 -18 -26 0 -148 -58 -148 -71 0 -19 -31 -8 -42 16 -6 14 -16 25 -22 25 -21
0 -141 -69 -166 -94 -31 -33 -44 -33 -70 4 -26 37 -43 38 -67 5 -10 -14 -33
-42 -51 -63 -35 -40 -48 -73 -38 -98 11 -29 41 -10 56 36 8 25 19 51 23 58 14
21 35 13 46 -18 5 -16 16 -30 24 -30 8 0 37 21 63 46 46 44 101 84 115 84 4 0
10 -11 13 -25 8 -31 43 -33 79 -5 14 11 28 20 31 20 4 0 24 11 46 25 22 14 46
25 53 25 7 0 28 11 47 25 18 14 49 28 67 31 18 3 36 10 38 14 3 5 31 20 62 35
32 14 64 32 73 39 8 8 34 20 58 27 56 16 69 33 41 52 -12 9 -27 13 -35 10 -8
-3 -18 5 -23 20 -6 14 -19 31 -30 36 -17 10 -21 7 -31 -23z"/>
<path d="M5936 1071 c-10 -15 5 -40 27 -47 26 -8 52 22 36 43 -13 15 -55 18
-63 4z"/>
<path d="M4850 1058 c0 -7 -12 -24 -27 -40 -19 -20 -23 -29 -12 -32 8 -2 21
-6 31 -9 26 -9 51 27 43 62 -6 29 -35 45 -35 19z"/>
<path d="M4085 1039 c-9 -13 -7 -15 33 -22 40 -8 41 -2 3 18 -20 10 -32 12
-36 4z"/>
<path d="M6084 1025 c-11 -16 -24 -25 -37 -23 -27 4 -45 -25 -28 -46 18 -22
31 -20 31 4 0 11 7 20 15 20 18 0 20 -21 3 -38 -9 -9 -7 -13 6 -18 11 -4 26 2
42 17 41 38 47 55 28 84 -21 32 -39 32 -60 0z"/>
<path d="M6255 1020 c-18 -20 -18 -21 12 -58 42 -51 74 -54 103 -7 27 44 22
61 -22 68 -18 3 -42 8 -53 12 -14 4 -27 0 -40 -15z"/>
<path d="M1566 1015 c-8 -8 -22 -15 -30 -15 -25 0 -19 -29 9 -42 18 -8 25 -19
25 -40 0 -15 5 -28 11 -28 6 0 44 16 84 35 96 47 91 63 -30 94 -51 14 -51 14
-69 -4z"/>
<path d="M5864 1022 c-23 -15 -25 -49 -5 -73 16 -20 23 -22 38 -13 10 6 19 18
21 26 4 21 -40 70 -54 60z"/>
<path d="M2704 964 c-10 -41 27 -57 50 -22 7 12 6 21 -3 32 -20 24 -40 19 -47
-10z"/>
<path d="M2918 969 c-23 -13 -25 -79 -3 -79 21 0 48 45 40 70 -7 22 -12 24
-37 9z"/>
<path d="M1300 955 c-23 -28 -7 -48 60 -71 39 -15 68 -20 74 -14 5 5 -1 11
-18 16 -14 3 -26 13 -26 23 -1 24 -35 61 -58 61 -11 0 -25 -7 -32 -15z"/>
<path d="M2821 954 c-31 -14 -32 -17 -19 -31 20 -19 58 -2 58 27 0 11 -1 20
-2 19 -2 0 -18 -7 -37 -15z"/>
<path d="M5942 928 c-27 -27 0 -58 52 -58 31 0 32 9 5 44 -22 28 -39 32 -57
14z"/>
<path d="M6167 922 c-27 -30 -20 -42 23 -42 47 0 64 23 34 45 -25 19 -38 18
-57 -3z"/>
<path d="M3826 894 c-4 -10 -13 -13 -26 -9 -24 8 -29 -20 -5 -29 9 -3 15 -18
15 -37 0 -22 5 -32 20 -36 11 -3 20 -14 20 -24 0 -27 -30 -37 -45 -16 -16 22
-21 21 -47 -2 -27 -26 -17 -56 15 -46 12 4 43 10 69 12 26 3 52 11 59 19 6 8
24 14 40 14 33 0 45 15 29 35 -8 10 -32 15 -72 15 -66 0 -80 14 -54 52 20 28
21 68 2 68 -8 0 -17 -7 -20 -16z"/>
<path d="M2064 836 c-9 -22 2 -46 21 -46 12 0 15 8 13 27 -3 30 -25 42 -34 19z"/>
<path d="M2581 837 c-21 -21 -10 -42 39 -76 l50 -33 72 19 c74 20 96 38 84 68
-5 15 -15 16 -79 11 -52 -5 -84 -3 -114 7 -30 10 -45 11 -52 4z"/>
<path d="M3745 839 c-4 -5 -19 -9 -33 -8 -50 4 -62 -1 -62 -21 0 -11 5 -20 10
-20 6 0 15 -12 20 -26 13 -32 44 -29 48 6 2 14 9 30 16 35 16 13 28 45 16 45
-5 0 -12 -5 -15 -11z"/>
<path d="M633 795 c-54 -26 -73 -41 -73 -55 0 -24 8 -25 30 -5 9 8 50 26 91
39 43 14 74 30 74 38 0 25 -51 18 -122 -17z"/>
<path d="M2945 793 c4 -21 18 -53 31 -70 22 -29 30 -33 74 -32 65 2 79 18 57
64 -19 39 -48 51 -107 41 -36 -6 -40 -4 -40 14 0 11 -5 20 -11 20 -8 0 -9 -12
-4 -37z"/>
<path d="M4275 780 c-3 -5 -21 -10 -38 -10 -22 0 -36 -7 -45 -21 -13 -20 -14
-20 -32 -4 -16 15 -22 15 -35 5 -22 -18 -19 -33 14 -64 37 -36 73 -30 101 17
11 17 30 34 42 37 27 7 39 50 14 50 -8 0 -18 -4 -21 -10z"/>
<path d="M2420 763 c-85 -20 -101 -34 -65 -59 15 -11 38 -29 52 -42 28 -26 43
-21 43 13 0 18 12 32 40 51 22 15 40 33 40 40 0 17 -26 17 -110 -3z"/>
<path d="M3544 754 c-45 -22 -71 -53 -78 -97 -6 -33 -4 -38 18 -47 19 -7 40
-4 80 10 105 36 113 47 74 103 -36 52 -45 55 -94 31z"/>
<path d="M5200 736 c0 -7 7 -19 15 -26 13 -11 15 -8 15 14 0 16 -5 26 -15 26
-8 0 -15 -6 -15 -14z"/>
<path d="M470 720 c0 -11 7 -20 15 -20 8 0 15 9 15 20 0 11 -7 20 -15 20 -8 0
-15 -9 -15 -20z"/>
<path d="M2840 720 c-19 -11 -42 -19 -51 -20 -9 0 -24 -9 -33 -19 -14 -15 -15
-24 -7 -39 20 -37 70 -37 145 1 34 16 37 21 25 31 -9 6 -19 23 -23 39 -8 32
-10 32 -56 7z"/>
<path d="M5034 723 c-3 -10 -9 -28 -14 -40 -5 -11 -6 -24 -3 -27 12 -12 41 -6
47 9 4 12 18 15 58 13 71 -4 70 17 -2 43 -67 23 -79 24 -86 2z"/>
<path d="M2545 709 c-9 -28 9 -46 30 -29 8 7 15 21 15 31 0 26 -37 25 -45 -2z"/>
<path d="M2247 703 c-25 -24 26 -97 64 -91 35 5 35 33 -1 68 -30 29 -50 37
-63 23z"/>
<path d="M3994 689 c-16 -10 -36 -19 -45 -19 -9 0 -30 -7 -45 -15 -16 -8 -36
-15 -45 -15 -20 0 -30 -22 -20 -39 6 -9 18 -10 47 -3 21 6 69 13 106 16 37 4
75 9 83 12 32 13 9 61 -36 77 -9 3 -29 -3 -45 -14z"/>
<path d="M320 675 c0 -28 29 -35 49 -11 10 12 8 17 -8 25 -31 17 -41 13 -41
-14z"/>
<path d="M4923 655 c-27 -19 -46 -81 -33 -105 13 -25 87 -47 110 -32 15 9 19
7 24 -12 10 -41 96 -45 96 -5 0 23 -32 41 -68 37 -24 -3 -27 0 -24 25 4 33
-10 35 -30 5 -9 -14 -20 -19 -31 -15 -22 8 -22 45 -1 69 14 14 14 20 4 33 -16
19 -20 19 -47 0z"/>
<path d="M2580 632 c-25 -10 -45 -24 -45 -32 0 -31 111 -38 155 -10 13 8 12
12 -5 29 -30 28 -55 32 -105 13z"/>
<path d="M2950 595 c-7 -9 -10 -18 -7 -21 10 -11 37 5 37 21 0 19 -14 19 -30
0z"/>
<path d="M3737 603 c-12 -11 -8 -23 8 -23 8 0 15 7 15 15 0 16 -12 20 -23 8z"/>
<path d="M4770 590 c0 -11 5 -20 10 -20 6 0 10 9 10 20 0 11 -4 20 -10 20 -5
0 -10 -9 -10 -20z"/>
<path d="M5412 588 c2 -15 10 -23 23 -23 30 0 27 39 -3 43 -20 3 -23 0 -20
-20z"/>
<path d="M2391 550 c-9 -5 -8 -10 3 -19 18 -15 136 -52 147 -45 4 2 18 0 31
-5 13 -5 41 -14 63 -20 22 -5 50 -13 63 -16 16 -5 22 -14 22 -36 0 -34 15 -38
30 -8 9 16 19 19 48 17 32 -3 37 -7 40 -30 5 -45 20 -50 126 -37 l96 12 31
-29 c29 -28 34 -29 132 -31 56 -1 92 1 79 4 -13 2 -26 11 -29 19 -14 36 -63
47 -217 48 -123 1 -150 4 -154 16 -10 30 -70 75 -118 89 -27 8 -85 15 -130 15
-62 1 -84 5 -98 19 -11 11 -33 17 -61 17 -24 0 -46 4 -49 9 -8 13 -42 20 -55
11z"/>
<path d="M5297 509 c-10 -11 -16 -24 -12 -27 8 -9 38 24 34 37 -3 7 -12 3 -22
-10z"/>
<path d="M3333 479 c-46 -21 -55 -42 -24 -59 15 -8 28 -4 61 17 40 27 50 56
20 60 -8 1 -34 -7 -57 -18z"/>
</g>
</svg>
