<?xml version="1.0" standalone="no"?>
<!DOCTYPE svg PUBLIC "-//W3C//DTD SVG 20010904//EN"
 "http://www.w3.org/TR/2001/REC-SVG-20010904/DTD/svg10.dtd">
<svg version="1.0" xmlns="http://www.w3.org/2000/svg"
 width="900.000000pt" height="144.000000pt" viewBox="0 0 900.000000 144.000000"
 preserveAspectRatio="xMidYMid meet">
<metadata>
Created by potrace 1.10, written by Peter Selinger 2001-2011
</metadata>
<g transform="translate(0.000000,144.000000) scale(0.100000,-0.100000)"
fill="#000000" stroke="none">
<path d="M2803 1345 c-20 -15 -21 -594 -1 -607 7 -5 65 -8 128 -6 l115 3 0
-89 0 -89 -303 0 c-167 1 -307 5 -312 9 -4 5 -4 43 1 84 9 80 -2 109 -36 96
-14 -5 -16 -20 -13 -97 l3 -91 -310 0 -310 0 0 93 c0 87 -1 94 -20 94 -19 0
-20 -7 -20 -94 l0 -93 -295 0 -295 0 0 93 c0 87 -1 94 -20 94 -19 0 -20 -7
-20 -94 l0 -93 -310 0 -310 0 0 93 c0 87 -1 94 -20 94 -19 0 -20 -7 -20 -95
l0 -95 -217 4 -218 3 0 -46 0 -46 4378 0 4377 1 5 -33 c3 -18 10 -33 15 -33
19 0 184 88 189 101 4 12 -165 104 -191 104 -7 0 -13 -15 -15 -32 l-3 -33 -80
3 c-44 2 -148 4 -232 5 -86 1 -156 6 -162 12 -6 6 -6 38 -1 85 9 80 -1 109
-35 96 -14 -5 -16 -20 -13 -97 l3 -91 -295 0 -295 0 0 93 c0 87 -1 94 -20 94
-19 0 -20 -7 -20 -94 l0 -93 -310 0 -310 0 0 93 c0 87 -1 94 -20 94 -19 0 -20
-7 -20 -94 l0 -94 -295 1 -295 0 0 94 c0 86 -1 93 -20 93 -19 0 -20 -7 -20
-94 l0 -94 -310 1 -310 0 3 91 c3 77 1 92 -13 97 -33 13 -44 -16 -35 -96 4
-41 4 -79 -1 -84 -5 -5 -142 -9 -311 -8 l-303 0 0 90 c0 50 -3 93 -7 97 -3 4
-16 4 -27 0 -24 -7 -27 -45 -11 -125 5 -25 5 -49 0 -54 -8 -8 -587 -12 -595
-4 -2 2 0 39 4 82 8 88 -1 113 -37 102 -19 -7 -22 -15 -22 -67 0 -33 5 -70 11
-81 7 -13 7 -24 1 -30 -13 -13 -611 -13 -624 0 -6 6 -6 17 1 30 6 11 11 48 11
81 0 52 -3 60 -22 67 -36 11 -45 -14 -37 -102 4 -43 6 -80 4 -82 -7 -7 -586
-4 -593 2 -7 7 -3 158 4 165 2 2 66 5 141 5 l138 1 0 308 0 309 -279 1 c-177
1 -284 -2 -293 -8z m512 -301 c0 -193 -3 -249 -12 -248 -7 1 -112 2 -233 3
l-220 1 2 243 3 242 220 5 c121 3 225 5 230 4 6 0 10 -91 10 -250z"/>
<path d="M3007 1133 c-9 -8 -9 -236 -1 -257 3 -9 14 -16 24 -16 29 0 41 24 34
68 -5 34 -3 41 14 46 11 4 32 4 47 0 60 -15 99 79 59 141 -15 23 -22 25 -93
25 -43 0 -81 -3 -84 -7z m128 -78 c0 -39 -1 -40 -35 -40 -31 0 -35 3 -38 28
-5 46 4 59 40 55 31 -3 33 -5 33 -43z"/>
<path d="M4933 377 c-21 -17 -23 -25 -23 -121 0 -94 2 -104 23 -124 30 -28 85
-29 121 -1 25 20 26 25 26 118 0 119 -10 137 -76 143 -35 2 -53 -1 -71 -15z
m75 -29 c19 -19 16 -172 -4 -189 -25 -21 -34 5 -34 102 0 98 8 117 38 87z"/>
<path d="M5593 361 c-30 -25 -31 -61 -1 -61 12 0 30 7 40 16 14 14 20 14 33 4
23 -19 18 -43 -15 -75 -16 -16 -30 -36 -30 -46 0 -9 -6 -19 -14 -22 -8 -3 -22
-17 -31 -31 -13 -19 -14 -29 -5 -45 9 -19 20 -21 89 -21 64 0 80 3 85 16 11
29 -13 46 -56 39 -50 -9 -51 13 -3 52 19 15 35 35 35 44 0 9 7 22 15 29 31 25
9 83 -42 109 -32 16 -75 13 -100 -8z"/>
</g>
</svg>
