<?xml version="1.0" encoding="UTF-8" standalone="no"?>
<svg
   xmlns:dc="http://purl.org/dc/elements/1.1/"
   xmlns:cc="http://creativecommons.org/ns#"
   xmlns:rdf="http://www.w3.org/1999/02/22-rdf-syntax-ns#"
   xmlns:svg="http://www.w3.org/2000/svg"
   xmlns="http://www.w3.org/2000/svg"
   xmlns:sodipodi="http://sodipodi.sourceforge.net/DTD/sodipodi-0.dtd"
   xmlns:inkscape="http://www.inkscape.org/namespaces/inkscape"
   version="1.0"
   width="786.000000pt"
   height="372.000000pt"
   viewBox="0 0 786.000000 372.000000"
   preserveAspectRatio="xMidYMid meet"
   id="svg3419"
   inkscape:version="0.48.4 r9939"
   sodipodi:docname="18a.svg">
  <defs
     id="defs3445" />
  <sodipodi:namedview
     pagecolor="#ffffff"
     bordercolor="#666666"
     borderopacity="1"
     objecttolerance="10"
     gridtolerance="10"
     guidetolerance="10"
     inkscape:pageopacity="0"
     inkscape:pageshadow="2"
     inkscape:window-width="640"
     inkscape:window-height="480"
     id="namedview3443"
     showgrid="false"
     inkscape:zoom="0.46717557"
     inkscape:cx="491.25"
     inkscape:cy="232.5"
     inkscape:window-x="0"
     inkscape:window-y="24"
     inkscape:window-maximized="0"
     inkscape:current-layer="g3423" />
  <metadata
     id="metadata3421">
Created by potrace 1.10, written by Peter Selinger 2001-2011
<rdf:RDF>
  <cc:Work
     rdf:about="">
    <dc:format>image/svg+xml</dc:format>
    <dc:type
       rdf:resource="http://purl.org/dc/dcmitype/StillImage" />
  </cc:Work>
</rdf:RDF>
</metadata>
  <g
     transform="translate(0.000000,372.000000) scale(0.100000,-0.100000)"
     fill="#000000"
     stroke="none"
     id="g3423">
    <path
       d="M922 3558 c-17 -17 -17 -3399 0 -3416 17 -17 6819 -17 6836 0 9 9 12 401 12 1704 0 931 -3 1699 -6 1708 -6 15 -316 16 -3418 16 -2640 0 -3415 -3 -3424 -12z m6795 -41 c4 -5 4 -3329 0 -3334 -5 -4 -6749 -4 -6754 0 -5 5 -4 3327 1 3335 4 7 6746 5 6753 -1z"
       id="path3431" />
    <path
       d="M1402 3078 c-19 -19 -17 -941 2 -957 10 -8 345 -10 1252 -9 l1239 3 3 465 c1 256 0 475 -3 488 l-5 22 -1238 0 c-950 0 -1241 -3 -1250 -12z m2445 -41 c5 -5 5 -869 0 -874 -5 -4 -2399 -4 -2404 0 -5 6 -4 867 1 875 4 7 2396 5 2403 -1z"
       id="path3433" />
    <path
       d="M4755 3068 c-3 -13 -4 -232 -3 -488 l3 -465 1239 -3 c907 -1 1242 1 1252 9 19 16 21 938 2 957 -9 9 -300 12 -1250 12 l-1238 0 -5 -22z m2452 -31 c5 -5 5 -869 0 -874 -5 -4 -2399 -4 -2404 0 -5 6 -4 867 1 875 4 7 2396 5 2403 -1z"
       id="path3435" />
    <path
       d="M1402 1458 c-17 -17 -17 -939 0 -956 9 -9 300 -12 1250 -12 l1238 0 5 22 c3 13 4 232 3 488 l-3 465 -1240 3 c-957 1 -1244 -1 -1253 -10z m2445 -41 c5 -5 5 -869 0 -874 -5 -4 -2399 -4 -2404 0 -5 6 -4 867 1 875 4 7 2396 5 2403 -1z"
       id="path3437" />
    <path
       d="M5310 1293 c-14 -26 -31 -54 -37 -61 -7 -7 -13 -20 -13 -28 0 -8 -4 -14 -10 -14 -5 0 -12 -11 -16 -25 -3 -14 -9 -25 -13 -25 -3 0 -18 -21 -31 -47 -14 -26 -31 -54 -37 -61 -7 -7 -13 -18 -13 -24 0 -5 -13 -30 -30 -55 -16 -24 -30 -51 -30 -59 0 -7 -3 -14 -8 -14 -4 0 -19 -21 -32 -47 -14 -26 -30 -53 -36 -60 -7 -7 -22 -32 -33 -55 -12 -24 -26 -50 -31 -58 -61 -99 -90 -154 -90 -170 0 -20 8 -20 495 -20 l495 0 0 23 c0 12 -10 33 -22 47 -13 14 -33 45 -46 70 -13 25 -32 59 -43 75 -10 17 -24 42 -30 58 -6 15 -15 27 -20 27 -5 0 -9 5 -9 11 0 6 -19 44 -43 83 -24 39 -46 78 -50 86 -4 8 -16 29 -27 45 -11 17 -25 42 -31 58 -6 15 -15 27 -19 27 -4 0 -11 11 -14 25 -4 14 -11 25 -16 25 -6 0 -10 6 -10 14 0 8 -6 21 -12 28 -14 15 -54 85 -77 136 -8 17 -20 32 -26 32 -6 0 -22 -21 -35 -47z m86 -128 c28 -55 45 -85 74 -130 11 -16 25 -41 30 -55 6 -13 14 -27 18 -30 4 -3 16 -23 27 -45 11 -22 31 -56 43 -75 13 -19 28 -44 33 -55 5 -11 18 -33 29 -50 11 -16 25 -42 31 -57 6 -16 14 -28 19 -28 4 0 10 -8 14 -17 3 -10 14 -31 25 -48 11 -16 20 -34 20 -40 1 -13 -832 -10 -837 3 -1 5 4 15 13 22 8 7 15 19 15 26 0 8 4 14 9 14 5 0 14 12 20 28 6 15 20 41 31 57 11 17 24 39 30 50 6 11 19 34 30 50 10 17 29 50 42 75 13 25 28 50 34 57 7 7 22 32 33 55 24 48 33 63 74 126 15 24 27 49 27 56 0 8 7 19 15 26 8 7 15 17 15 22 0 5 8 20 17 34 l16 26 14 -24 c7 -12 24 -45 39 -73z"
       id="path3439" />
    <path
       d="M6781 1286 c-12 -18 -21 -38 -21 -45 0 -6 -4 -11 -10 -11 -5 0 -12 -11 -16 -25 -3 -14 -10 -25 -14 -25 -4 0 -13 -12 -19 -27 -6 -16 -20 -41 -31 -58 -11 -16 -24 -40 -29 -52 -5 -11 -15 -24 -20 -28 -6 -3 -11 -15 -11 -26 0 -10 -3 -19 -8 -19 -4 0 -19 -21 -32 -47 -14 -26 -30 -53 -36 -60 -7 -7 -22 -32 -34 -55 -12 -24 -35 -65 -51 -93 -16 -27 -35 -61 -42 -75 -6 -14 -14 -27 -17 -30 -3 -3 -16 -25 -29 -50 -13 -24 -30 -49 -39 -56 -9 -6 -13 -18 -9 -28 6 -15 51 -16 502 -16 449 0 496 2 502 16 4 10 -2 23 -14 33 -11 9 -29 35 -39 58 -10 24 -21 43 -26 43 -4 0 -8 6 -8 14 0 8 -6 21 -12 28 -7 7 -24 35 -38 61 -13 26 -28 47 -32 47 -5 0 -8 7 -8 14 0 8 -12 34 -27 58 -41 63 -50 78 -74 126 -11 23 -26 48 -33 55 -6 7 -22 34 -36 60 -27 53 -32 62 -73 125 -15 23 -37 60 -48 82 -26 49 -41 50 -68 6z m65 -88 c13 -24 28 -55 35 -70 6 -16 15 -28 19 -28 4 0 11 -11 14 -25 4 -14 11 -25 16 -25 6 0 10 -7 10 -14 0 -8 12 -34 28 -58 40 -63 49 -78 73 -126 11 -23 26 -48 33 -55 6 -7 17 -23 23 -37 12 -24 30 -55 97 -167 16 -26 34 -51 39 -54 5 -4 8 -12 6 -18 -3 -8 -122 -11 -428 -12 -233 0 -426 3 -429 6 -3 3 4 15 16 28 12 13 22 29 22 35 0 7 4 12 10 12 5 0 12 11 16 25 3 14 9 25 13 25 4 0 20 24 35 53 15 28 36 66 47 82 10 17 23 40 28 52 5 11 15 24 20 28 6 3 11 15 11 26 0 10 3 19 8 19 4 0 19 21 32 48 14 26 28 49 31 52 8 6 57 93 91 160 32 64 50 91 56 86 2 -3 15 -25 28 -48z"
       id="path3441" />
  </g>
</svg>
