<?xml version="1.0" standalone="no"?>
<!DOCTYPE svg PUBLIC "-//W3C//DTD SVG 20010904//EN"
 "http://www.w3.org/TR/2001/REC-SVG-20010904/DTD/svg10.dtd">
<svg version="1.0" xmlns="http://www.w3.org/2000/svg"
 width="900.000000pt" height="363.000000pt" viewBox="0 0 900.000000 363.000000"
 preserveAspectRatio="xMidYMid meet">
<metadata>
Created by potrace 1.10, written by Peter Selinger 2001-2011
</metadata>
<g transform="translate(0.000000,363.000000) scale(0.100000,-0.100000)"
fill="#000000" stroke="none">
<path d="M68 3559 c-17 -9 -18 -104 -18 -1758 0 -1386 3 -1751 13 -1764 11
-17 267 -17 4437 -17 2433 0 4428 4 4432 8 4 4 7 802 6 1773 l-3 1764 -4425 2
c-2993 2 -4431 -1 -4442 -8z m8822 -1769 l0 -1730 -4386 0 c-2413 -1 -4388 1
-4390 3 -9 9 -4 3451 5 3456 5 3 1981 5 4390 4 l4381 -3 0 -1730z"/>
<path d="M6040 3239 c-7 -13 -14 -67 -15 -122 -2 -85 -5 -101 -21 -110 -11 -7
-106 -10 -251 -9 -204 1 -235 -1 -249 -16 -14 -14 -40 -16 -183 -14 -159 3
-201 -3 -187 -26 8 -14 320 -14 373 0 21 5 146 10 278 11 l240 1 0 -83 1 -83
-37 -31 c-67 -58 -93 -78 -142 -110 -39 -25 -47 -35 -45 -56 3 -26 3 -26 100
-26 59 0 101 -4 108 -11 12 -12 16 -376 4 -395 -6 -11 -62 -3 -79 12 -6 4 -70
11 -141 15 -99 5 -133 4 -139 -5 -13 -22 13 -35 73 -38 31 -1 80 -5 107 -8 28
-3 80 -8 118 -11 l67 -6 0 -47 c0 -71 -7 -77 -77 -62 -32 8 -102 15 -156 18
-104 5 -127 -2 -127 -38 0 -18 12 -19 224 -19 124 0 227 3 229 8 9 15 -13 52
-32 52 -15 0 -20 10 -25 53 -7 55 0 91 15 81 5 -3 9 -25 9 -50 0 -48 4 -52 31
-28 25 22 64 2 49 -26 -20 -38 26 -100 75 -100 11 0 31 7 43 16 20 14 29 14
95 -1 96 -21 302 -18 302 5 0 12 -22 15 -127 18 -116 2 -130 5 -151 25 -29 27
-23 69 17 122 36 47 63 47 58 0 -2 -19 -10 -40 -18 -46 -8 -6 -14 -17 -14 -24
0 -7 -7 -15 -15 -19 -8 -3 -15 -10 -15 -16 0 -13 27 -13 32 1 6 19 82 22 116
5 23 -12 65 -17 149 -20 115 -3 118 -3 121 -26 2 -13 10 -30 18 -37 8 -8 14
-21 14 -28 0 -16 59 -35 106 -35 17 0 43 9 57 20 14 11 34 20 45 20 20 0 52
29 52 48 0 7 -9 12 -20 12 -12 0 -20 7 -20 18 0 24 24 90 38 104 7 7 12 20 12
30 0 10 7 18 15 18 22 0 21 -117 -2 -142 -15 -17 -15 -19 3 -34 13 -11 15 -17
7 -20 -7 -3 -13 -13 -13 -21 0 -8 6 -13 13 -10 24 9 393 -12 442 -26 32 -9 86
-12 153 -10 56 2 102 1 102 -3 0 -4 -7 -15 -16 -25 -14 -16 -14 -19 10 -34 29
-19 95 -13 97 8 3 25 -3 42 -17 50 -22 13 -17 37 9 37 12 0 28 4 35 9 11 7 10
10 -3 15 -9 3 -25 6 -36 6 -31 0 -22 23 26 70 37 36 45 51 45 80 0 33 -14 70
-23 60 -3 -3 -14 -25 -27 -49 -28 -57 -43 -43 -34 34 6 51 9 56 20 40 8 -10
17 -15 21 -11 4 4 9 62 10 130 4 120 3 124 -18 129 -34 9 -39 1 -39 -69 0 -51
-6 -75 -27 -115 -17 -31 -24 -53 -17 -57 12 -9 12 -102 0 -122 -6 -8 -10 -26
-10 -40 -1 -39 -40 -35 -44 5 -2 17 -8 35 -13 41 -5 6 -4 15 3 22 6 6 7 18 3
29 -5 10 -7 207 -6 438 3 401 4 421 22 435 16 13 39 14 142 7 67 -5 187 -5
267 -2 80 4 187 8 239 10 94 3 118 12 108 38 -5 12 -59 14 -369 10 -200 -3
-367 -9 -372 -14 -26 -24 -36 -8 -36 60 0 58 -3 71 -17 75 -10 3 -139 5 -287
5 -197 -1 -271 2 -276 11 -5 9 -107 12 -391 14 -211 1 -390 5 -397 9 -7 5 -95
11 -196 14 l-184 6 -12 -24z m620 -42 c248 -2 456 -10 585 -21 127 -11 241
-15 313 -12 62 4 131 3 152 0 l40 -7 0 -198 c0 -153 -3 -199 -12 -199 -7 0
-65 5 -128 10 -63 5 -319 12 -568 14 -249 3 -457 8 -462 11 -8 5 -233 14 -440
19 l-55 1 -3 175 c-1 96 0 186 3 198 6 24 8 24 98 19 51 -3 265 -7 477 -10z
m-410 -437 c14 -5 223 -12 465 -15 589 -9 997 -26 1003 -42 2 -7 -3 -13 -12
-13 -9 0 -34 -12 -55 -27 -21 -16 -49 -35 -61 -43 -12 -8 -36 -27 -54 -42 -29
-26 -37 -28 -126 -28 -53 0 -100 4 -105 9 -6 6 -145 13 -310 16 -165 3 -356 8
-425 11 -69 2 -246 6 -395 9 -148 3 -276 7 -283 10 -12 5 159 157 187 166 20
7 143 -1 171 -11z m1504 -443 l1 -367 -65 0 c-37 0 -71 5 -78 12 -6 6 -45 12
-87 13 -41 1 -78 5 -81 8 -14 14 -21 81 -12 114 5 19 8 118 6 219 l-3 184 37
0 c20 0 43 6 50 13 7 6 31 24 53 38 39 25 112 86 144 121 9 9 20 15 25 14 6
-1 10 -148 10 -369z m-1311 226 c6 -4 138 -9 292 -11 155 -2 284 -7 290 -13 5
-5 73 -9 151 -9 78 0 148 -2 156 -5 10 -4 13 -47 11 -208 -3 -207 0 -247 17
-247 6 0 10 38 10 90 0 50 4 90 9 90 9 0 22 -179 14 -208 -4 -18 -14 -19 -101
-18 l-97 1 -3 105 c-3 123 1 146 28 155 28 9 25 33 -5 41 -14 3 -25 14 -25 23
0 9 -8 26 -18 38 -14 18 -31 23 -102 29 l-85 6 -42 -45 c-23 -25 -51 -48 -62
-52 -19 -6 -21 -14 -21 -100 0 -110 4 -125 32 -117 13 3 24 -1 30 -12 6 -11
23 -16 58 -16 52 0 61 -8 34 -31 -9 -7 -20 -24 -25 -37 -13 -34 -47 -25 -84
24 -23 31 -37 40 -60 41 -86 1 -256 17 -261 25 -3 4 -20 8 -37 8 -46 0 -54 9
-58 60 -3 58 9 90 59 145 6 7 12 18 12 24 0 18 -55 13 -74 -6 -24 -26 -56 -65
-73 -90 -23 -34 -33 -19 -33 48 0 55 3 63 32 90 38 34 48 36 55 9 9 -33 28
-17 31 25 4 45 -15 65 -60 65 -24 0 -28 -4 -28 -28 0 -42 -38 -73 -93 -75 -95
-4 -72 37 51 92 28 12 16 26 -24 29 -40 3 -45 0 -109 -64 l-67 -67 3 -101 c2
-56 0 -107 -4 -113 -13 -21 -43 -15 -54 10 -10 22 -9 389 1 405 6 10 313 5
329 -5z m671 -192 c11 -18 -42 -61 -76 -61 -25 0 -29 -3 -20 -12 24 -24 12
-34 -42 -36 -30 -1 -60 -3 -67 -4 -8 -2 -14 4 -14 12 0 10 13 16 40 18 50 4
64 17 35 32 l-22 12 23 24 c19 20 32 24 80 24 32 0 60 -4 63 -9z m-783 -22
c11 -5 17 -13 15 -18 -7 -10 -146 -13 -146 -3 0 30 88 44 131 21z m829 -48 c0
-18 -12 -40 -36 -65 l-36 -37 -23 23 -24 23 22 5 c13 4 25 17 30 36 8 28 42
55 60 47 4 -3 7 -17 7 -32z m-827 -35 c4 -6 6 -25 5 -42 -1 -18 4 -39 11 -48
11 -13 9 -21 -10 -48 -44 -64 -65 -80 -101 -76 -32 3 -33 4 -39 58 -3 30 -2
63 3 73 9 17 11 17 27 3 19 -17 76 -22 86 -6 3 5 -12 14 -34 20 -47 12 -55 22
-47 55 9 34 78 42 99 11z m695 -62 c28 -19 28 -37 -2 -68 -15 -17 -34 -26 -54
-26 -37 0 -52 22 -52 74 0 36 0 36 43 36 23 0 53 -7 65 -16z m795 -195 c6 -23
27 -17 27 7 0 21 24 12 28 -10 6 -27 -17 -46 -54 -46 -40 0 -47 10 -34 44 12
31 26 33 33 5z"/>
<path d="M6444 3156 c-3 -7 -4 -40 -2 -72 3 -51 6 -59 23 -59 12 0 21 9 25 25
4 19 14 26 39 30 39 6 54 33 38 68 -9 19 -18 22 -64 22 -36 0 -55 -4 -59 -14z
m86 -31 c0 -16 -35 -21 -44 -6 -8 12 4 21 26 21 10 0 18 -7 18 -15z"/>
<path d="M6641 3144 c-12 -15 -21 -38 -21 -52 0 -30 47 -102 66 -102 22 0 84
71 84 97 0 12 -3 23 -7 23 -5 0 -16 14 -25 30 -23 40 -68 41 -97 4z m89 -63
c0 -9 -9 -22 -21 -29 -41 -26 -67 31 -32 71 17 18 18 18 35 -3 10 -12 18 -30
18 -39z"/>
<path d="M6812 3154 c-33 -23 -29 -63 8 -77 29 -11 49 -42 35 -55 -3 -3 -15
-1 -25 6 -27 17 -41 15 -33 -4 4 -10 -6 -25 -26 -42 -27 -23 -32 -34 -33 -74
0 -37 5 -53 23 -73 27 -28 57 -33 65 -10 4 8 12 15 20 15 8 0 15 8 16 18 5 61
2 89 -9 103 -12 14 -10 20 17 42 39 33 38 56 -5 90 -20 16 -32 33 -29 39 5 7
11 5 19 -5 14 -19 45 -23 45 -6 0 13 -40 48 -55 49 -6 0 -21 -7 -33 -16z m14
-205 c10 -16 7 -70 -4 -81 -19 -19 -42 4 -42 41 0 21 3 41 7 44 10 11 31 8 39
-4z"/>
<path d="M6960 3136 c0 -14 5 -28 10 -31 6 -3 10 -31 10 -61 0 -52 2 -55 23
-52 20 3 22 8 21 55 -1 44 2 53 18 59 13 4 18 13 16 27 -3 19 -11 22 -50 25
-45 3 -48 2 -48 -22z"/>
<path d="M7104 3115 c-19 -29 -11 -123 12 -132 9 -3 11 -14 7 -34 -3 -15 -2
-53 2 -84 12 -99 45 -55 45 62 0 32 6 48 29 70 56 57 29 143 -46 143 -24 0
-37 -7 -49 -25z m71 -21 c9 -9 15 -28 13 -43 -2 -20 -8 -26 -28 -26 -27 0 -36
20 -26 61 7 28 18 30 41 8z"/>
<path d="M6214 2980 c-30 -45 -28 -86 6 -120 38 -38 94 -17 102 39 4 31 -24
50 -46 31 -15 -12 -15 -14 0 -31 20 -23 13 -33 -15 -24 -22 7 -37 45 -27 70 3
10 19 15 45 15 49 0 58 12 29 39 -34 33 -64 27 -94 -19z"/>
<path d="M6401 2964 c-12 -19 -21 -40 -21 -45 0 -6 -7 -23 -15 -39 -17 -32
-11 -36 29 -20 19 7 33 5 55 -8 42 -24 60 -6 37 39 -9 18 -16 45 -16 60 0 18
-7 32 -19 39 -27 14 -27 14 -50 -26z m30 -47 c-1 -12 -15 -9 -19 4 -3 6 1 10
8 8 6 -3 11 -8 11 -12z"/>
<path d="M6579 2993 c-41 -10 -23 -88 21 -95 29 -4 21 -23 -10 -23 -29 -1 -40
-32 -16 -41 30 -12 87 6 95 29 11 30 -14 67 -45 67 -15 0 -24 6 -24 16 0 9 8
14 18 13 31 -3 42 1 42 15 0 20 -42 30 -81 19z"/>
<path d="M7270 2950 c-6 -11 -10 -44 -8 -73 2 -39 7 -53 20 -55 12 -2 19 5 24
22 8 34 32 33 36 -1 2 -22 8 -28 28 -28 24 0 25 3 28 73 2 59 0 72 -13 72 -9
0 -15 -9 -15 -24 0 -31 -10 -56 -21 -56 -5 0 -9 7 -9 15 0 26 -29 75 -45 75
-8 0 -19 -9 -25 -20z"/>
<path d="M7508 2948 c-17 -27 -43 -116 -36 -124 3 -2 18 0 33 6 22 8 33 7 52
-6 38 -24 46 -6 29 61 -23 86 -49 108 -78 63z m37 -68 c-5 -8 -11 -8 -17 -2
-6 6 -7 16 -3 22 5 8 11 8 17 2 6 -6 7 -16 3 -22z"/>
<path d="M6926 2944 c-13 -33 -6 -101 12 -117 15 -13 52 -21 90 -18 26 2 7 36
-23 41 -27 5 -30 9 -27 37 5 55 -36 100 -52 57z"/>
<path d="M5468 2905 c-2 -3 -97 -5 -211 -6 -114 0 -209 -5 -212 -10 -3 -5 -1
-18 5 -30 10 -17 18 -19 48 -14 81 13 135 17 311 18 146 2 185 5 189 16 2 7
-2 17 -9 22 -15 9 -112 12 -121 4z"/>
<path d="M8640 2603 c-46 -2 -89 -8 -96 -14 -7 -5 -74 -11 -149 -13 -126 -2
-139 -4 -155 -23 -14 -18 -16 -50 -16 -267 l1 -246 -27 -11 c-16 -6 -28 -15
-28 -20 0 -5 -9 -9 -19 -9 -17 0 -19 7 -17 52 2 29 -1 64 -5 78 -5 14 -11 51
-14 82 -5 46 -10 58 -27 64 -29 9 -40 -13 -34 -71 3 -34 -1 -57 -10 -70 -8
-10 -14 -28 -14 -40 0 -12 -5 -26 -12 -33 -8 -8 -8 -15 1 -26 20 -24 -4 -108
-36 -129 -20 -13 -15 -37 9 -46 30 -11 55 -3 73 22 8 12 15 17 15 12 0 -12 56
-45 64 -38 3 3 -2 11 -11 18 -19 14 -9 37 15 33 24 -4 86 44 70 54 -20 12 -38
9 -38 -7 0 -11 -11 -15 -37 -15 -52 0 -73 14 -45 29 11 6 32 11 46 11 14 0 26
5 26 10 0 6 18 10 40 10 54 0 175 18 230 35 25 7 64 16 87 20 24 4 45 10 48
15 3 5 36 12 73 15 37 4 72 11 77 15 6 4 25 11 43 15 31 6 43 27 22 40 -6 4
-8 16 -4 28 8 26 12 394 4 407 -8 14 -52 17 -150 13z m-7 -60 c13 -8 7 -43 -7
-43 -19 0 -56 -47 -56 -71 0 -12 -5 -16 -15 -13 -16 6 -21 77 -9 122 6 20 11
22 43 16 20 -4 39 -9 44 -11z m114 1 c3 -8 0 -26 -7 -38 -8 -16 -9 -30 -2 -42
5 -11 10 -83 11 -161 l2 -143 -33 -13 c-52 -22 -50 -27 -33 121 4 34 11 62 16
62 18 0 20 42 3 55 -16 11 -16 17 -6 39 10 22 9 31 -3 50 -23 34 -10 86 22 86
13 0 26 -7 30 -16z m-393 -10 c26 -10 20 -114 -7 -114 -6 0 -19 -7 -29 -17
-22 -20 -27 -138 -5 -130 6 2 12 22 13 44 1 47 9 63 31 63 13 0 14 -19 8 -152
-4 -99 -11 -155 -18 -160 -7 -4 -27 -8 -45 -8 l-33 0 2 203 c1 111 4 219 6
240 5 33 9 37 33 37 16 0 35 -3 44 -6z m153 -194 c3 -199 5 -220 23 -220 6 0
10 34 10 89 0 120 7 153 31 146 23 -8 36 19 20 39 -8 10 -9 16 -1 21 5 3 10
16 10 29 0 14 9 27 23 33 l23 11 -3 -137 c-2 -75 -7 -156 -11 -181 -7 -44 -8
-45 -47 -48 -22 -2 -44 -7 -50 -12 -5 -4 -26 -11 -45 -15 -19 -4 -42 -12 -51
-18 -39 -24 -70 33 -34 63 8 7 15 23 15 35 0 12 7 28 15 35 8 7 15 9 15 5 0
-4 6 -2 14 5 20 15 20 110 1 110 -9 0 -14 -13 -13 -39 0 -22 -3 -44 -7 -50
-18 -30 -25 13 -25 150 l0 150 43 -3 42 -3 2 -195z m-419 -255 c-2 -21 -8 -40
-14 -42 -16 -5 -24 46 -13 76 14 35 31 13 27 -34z"/>
<path d="M8570 2185 c0 -16 6 -25 15 -25 9 0 15 9 15 25 0 16 -6 25 -15 25 -9
0 -15 -9 -15 -25z"/>
<path d="M3247 2202 c-9 -21 -17 -46 -17 -54 0 -9 -7 -21 -15 -28 -8 -7 -15
-18 -14 -24 3 -19 -13 -76 -22 -82 -5 -3 -9 -14 -9 -25 0 -40 56 -14 73 34 11
31 62 22 93 -18 33 -44 85 -49 65 -6 -30 62 -41 91 -47 126 -4 22 -12 47 -19
55 -7 8 -15 24 -17 35 -2 13 -12 21 -28 23 -21 2 -29 -4 -43 -36z m68 -98 c0
-5 -12 -10 -27 -12 -22 -3 -28 1 -28 16 0 10 3 22 7 25 8 8 48 -16 48 -29z"/>
<path d="M5399 2198 c-6 -63 -3 -216 4 -225 6 -9 36 -13 86 -13 67 0 79 3 99
24 25 27 29 68 7 86 -17 14 -20 46 -5 55 15 10 11 38 -9 63 -17 19 -28 22
-100 22 -58 0 -81 -4 -82 -12z m136 -68 c0 -22 -5 -25 -38 -28 -39 -3 -55 13
-43 44 4 11 17 14 43 12 33 -3 38 -6 38 -28z m13 -82 c22 -22 12 -36 -30 -40
-56 -6 -68 -1 -68 28 0 22 4 24 43 24 24 0 48 -5 55 -12z"/>
<path d="M8242 1923 c5 -25 28 -28 28 -4 0 12 -6 21 -16 21 -9 0 -14 -7 -12
-17z"/>
<path d="M3023 1895 c-12 -8 -34 -28 -50 -44 l-28 -28 -350 4 c-193 2 -366 8
-385 13 -19 5 -237 12 -485 15 -247 3 -544 8 -660 11 -180 5 -264 6 -412 5
-16 0 -116 3 -223 7 -107 4 -203 5 -212 3 -12 -2 -18 -13 -18 -31 0 -19 6 -30
18 -33 9 -2 170 -5 357 -6 187 -2 344 -7 349 -12 13 -11 446 -11 506 1 26 5
50 5 56 -1 6 -5 269 -12 585 -15 316 -4 580 -10 588 -14 8 -4 25 -3 37 2 27
12 113 -9 121 -29 3 -8 25 -13 59 -13 53 0 54 0 54 -29 0 -17 5 -33 10 -36 18
-11 11 -25 -13 -25 -13 0 -32 -7 -43 -15 -11 -8 -41 -15 -70 -15 -48 0 -52 2
-64 30 -12 30 -47 47 -74 37 -30 -12 -27 -127 4 -127 5 0 33 -22 62 -50 40
-38 57 -48 73 -43 57 19 105 -13 105 -70 0 -18 5 -38 10 -43 10 -10 179 -9
208 1 6 2 12 13 12 24 0 25 19 31 92 31 55 0 65 -4 104 -35 40 -33 48 -36 111
-36 70 -1 177 8 202 17 28 9 -3 19 -77 24 -48 3 -77 10 -80 18 -3 9 25 12 116
12 112 0 121 1 127 20 4 13 -1 30 -14 46 -16 20 -19 35 -15 68 7 46 7 46 -67
106 -75 61 -111 99 -104 109 4 7 73 8 203 4 360 -12 733 -21 1052 -27 173 -3
316 -5 318 -6 1 0 2 -6 2 -14 0 -25 -66 -66 -107 -66 -21 0 -46 -7 -57 -15
-10 -8 -30 -12 -45 -9 -41 8 -66 -17 -66 -66 0 -35 6 -47 33 -71 17 -16 32
-31 32 -35 0 -3 16 -21 36 -40 29 -27 45 -34 76 -34 49 0 78 -15 78 -40 0 -11
10 -22 23 -26 12 -4 28 -15 35 -25 14 -20 47 -25 57 -9 3 6 16 10 29 10 12 0
26 4 32 9 5 5 25 11 44 13 43 4 49 31 8 36 -17 2 -28 9 -28 18 0 14 19 15 143
9 158 -7 187 -17 152 -55 -10 -11 -16 -23 -13 -26 4 -3 32 -12 65 -21 32 -8
66 -22 75 -30 16 -14 21 -13 54 17 32 27 43 31 75 27 26 -3 42 0 50 9 13 16 3
22 -51 26 -28 2 -36 8 -38 26 -3 20 1 22 42 22 25 0 57 -5 71 -12 31 -14 43
-5 21 17 -9 9 -16 28 -16 42 0 34 -59 120 -119 174 -76 68 -98 86 -115 92 -10
4 -13 13 -9 23 5 14 16 15 72 10 36 -3 419 -8 851 -12 526 -3 794 -9 813 -16
20 -8 31 -8 39 0 7 7 17 8 27 2 25 -13 559 -16 572 -3 6 6 8 20 4 32 -6 20
-13 21 -188 23 -100 0 -222 2 -272 4 -49 1 -198 3 -330 4 -132 0 -377 5 -545
11 -168 5 -489 11 -714 14 -328 4 -413 8 -425 19 -11 9 -58 16 -143 21 -135 7
-168 3 -168 -21 0 -13 19 -15 113 -15 184 2 177 5 341 -167 22 -24 60 -60 84
-79 48 -40 56 -73 18 -73 -14 0 -41 15 -63 35 -29 26 -47 35 -73 35 -39 -1
-87 -37 -107 -82 -13 -29 -44 -42 -84 -36 -22 3 -24 8 -27 78 l-3 76 96 -4
c115 -5 127 1 95 52 -12 20 -26 36 -31 36 -5 0 -9 5 -9 10 0 6 -8 19 -17 29
-10 11 -24 27 -31 36 -10 11 -27 15 -60 13 l-47 -3 4 -82 c2 -68 0 -83 -12
-83 -15 0 -27 -47 -27 -112 0 -33 -3 -38 -24 -38 -13 0 -37 -3 -53 -6 -34 -7
-63 15 -63 48 0 29 -40 68 -71 68 -55 0 -63 39 -19 90 16 19 29 42 30 51 0 9
7 19 15 23 17 6 20 51 5 61 -5 3 -10 17 -10 31 0 18 -5 24 -23 24 -12 0 -32
-7 -44 -15 -17 -12 -42 -14 -115 -10 -244 12 -357 15 -818 21 -272 3 -499 9
-505 12 -5 4 -67 5 -136 3 l-125 -3 -40 41 -39 42 -85 -3 c-71 -3 -85 -6 -88
-20 -3 -16 6 -18 77 -18 l81 0 83 -86 c192 -199 197 -205 197 -239 0 -46 -25
-65 -78 -58 -32 4 -49 14 -67 37 -54 67 -67 76 -116 76 -40 0 -49 -4 -74 -34
-16 -19 -33 -33 -37 -30 -4 3 -8 58 -8 123 0 146 -4 151 -106 151 -40 0 -75
-5 -82 -12 -9 -9 -13 -7 -17 8 -4 10 -13 31 -21 46 -23 42 -18 50 24 44 40 -7
69 5 58 23 -10 16 -98 13 -123 -4z m8 -85 c23 -13 25 -43 4 -60 -8 -7 -15 -18
-15 -25 0 -7 -11 -20 -24 -28 -22 -15 -24 -14 -44 13 l-21 28 32 41 c35 44 39
46 68 31z m207 -62 c16 -21 22 -52 13 -67 -9 -14 -113 -22 -132 -10 -16 9 0
77 20 82 35 10 89 6 99 -5z m2000 -36 c2 -15 -7 -34 -27 -54 -17 -18 -31 -36
-31 -41 0 -4 -12 -7 -27 -5 -22 2 -29 9 -31 29 -2 20 7 35 38 63 45 41 73 44
78 8z m-2158 -1 c0 -10 -7 -24 -15 -31 -8 -7 -15 -19 -15 -28 0 -12 13 -14 75
-10 53 4 78 1 85 -7 8 -10 3 -16 -20 -24 -25 -8 -31 -15 -28 -33 2 -18 10 -24
36 -26 30 -3 32 -1 32 27 0 21 5 31 15 31 12 0 15 -16 15 -85 l0 -85 -74 0
-74 0 5 43 c4 36 1 46 -23 72 -24 26 -35 30 -76 29 -43 0 -53 -5 -89 -42 -41
-44 -73 -53 -83 -26 -11 28 -6 64 8 64 7 0 19 7 26 14 6 8 32 16 58 18 43 3
48 6 67 43 35 69 75 98 75 56z m2505 -47 c19 -20 35 -44 35 -55 0 -16 -7 -19
-49 -19 -53 0 -61 8 -61 59 0 26 16 51 32 51 5 0 24 -16 43 -36z m-464 -77
c16 -21 15 -24 -2 -45 -15 -19 -28 -23 -83 -24 -63 -1 -66 -2 -66 -25 0 -21
-4 -24 -27 -21 -22 2 -28 8 -28 28 0 18 6 26 23 28 24 4 28 12 12 28 -6 6 -5
17 4 30 11 16 27 20 83 21 60 2 70 0 84 -20z m-2363 -9 c19 -19 14 -28 -13
-28 -24 0 -34 18 -18 33 9 10 17 9 31 -5z m306 -44 c22 -21 22 -107 0 -125 -9
-7 -32 -13 -51 -13 -42 0 -72 33 -73 81 0 57 85 97 124 57z m408 -20 c40 -37
30 -92 -22 -119 -35 -18 -72 -6 -106 34 -21 25 -21 26 -3 60 32 61 81 70 131
25z m1623 -56 c-7 -34 -31 -61 -50 -55 -5 2 -11 22 -13 45 l-3 42 36 0 c36 0
36 -1 30 -32z m152 10 c33 -30 31 -80 -3 -107 -58 -46 -124 -10 -124 65 0 49
15 63 69 64 22 0 43 -8 58 -22z m508 -4 c21 -14 25 -24 25 -65 0 -47 -2 -50
-36 -66 -34 -17 -37 -17 -72 2 -26 14 -39 29 -43 50 -14 74 61 121 126 79z"/>
<path d="M3343 1778 c-20 -10 -23 -19 -23 -74 0 -77 3 -79 123 -87 84 -5 87
-4 87 17 0 12 -12 33 -28 46 -15 14 -35 38 -45 53 -15 23 -74 60 -89 56 -2 0
-13 -5 -25 -11z m80 -48 c15 0 37 -46 37 -76 0 -20 -4 -22 -37 -18 -58 8 -61
10 -68 45 -6 26 -3 35 11 46 10 7 25 11 32 8 8 -3 19 -5 25 -5z"/>
<path d="M2737 1723 c-16 -16 -4 -24 30 -21 48 4 57 28 11 28 -19 0 -38 -3
-41 -7z"/>
<path d="M5297 1696 c-15 -19 -27 -42 -27 -52 0 -10 -7 -25 -16 -35 -14 -16
-14 -18 6 -29 27 -14 93 -4 87 13 -2 7 -13 13 -25 15 -25 4 -31 39 -7 48 8 3
17 15 20 25 5 16 14 19 43 17 32 -3 37 -7 43 -36 5 -26 3 -36 -12 -45 -23 -14
-25 -33 -3 -41 36 -14 42 -7 42 52 1 31 2 66 4 77 3 18 -3 20 -63 23 -65 3
-66 2 -92 -32z"/>
<path d="M5960 1620 c0 -5 7 -10 15 -10 8 0 15 5 15 10 0 6 -7 10 -15 10 -8 0
-15 -4 -15 -10z"/>
<path d="M1783 1599 c-6 -6 -37 -13 -69 -16 -59 -5 -117 -29 -117 -48 -1 -11
16 -17 130 -43 73 -16 85 -17 109 -4 22 12 53 13 136 9 100 -5 109 -4 119 14
10 19 4 58 -9 60 -42 7 -136 5 -171 -2 -40 -9 -46 -8 -71 16 -29 28 -40 31
-57 14z"/>
<path d="M5334 1545 c-8 -20 2 -44 21 -52 24 -9 65 14 65 36 0 30 -76 44 -86
16z"/>
<path d="M1670 1210 c-20 -17 -38 -24 -60 -22 -3 0 -226 4 -495 8 -270 3 -582
11 -694 15 -144 7 -208 6 -215 -2 -14 -14 21 -41 44 -34 10 3 28 0 41 -7 19
-10 130 -14 444 -16 230 -2 426 -7 434 -11 9 -4 100 -8 204 -7 172 1 187 0
187 -16 0 -10 -4 -18 -9 -18 -14 0 -112 -68 -155 -107 -38 -36 -38 -36 -32
-93 l7 -58 -36 -21 c-23 -13 -35 -27 -33 -37 4 -23 83 -45 134 -38 36 5 43 3
57 -20 26 -39 21 -45 -38 -48 -53 -3 -72 -16 -43 -29 46 -23 72 -28 145 -32
60 -3 83 0 87 9 3 7 17 14 33 16 25 3 28 7 28 40 0 20 3 39 6 43 4 3 48 7 99
9 69 2 93 -1 97 -11 3 -7 12 -13 20 -13 9 0 13 -8 11 -22 -2 -19 -8 -22 -30
-20 -37 4 -37 -19 -1 -53 29 -26 57 -32 68 -15 3 6 30 10 58 11 70 0 133 12
129 24 -1 6 -16 15 -32 20 l-30 10 31 38 c24 29 37 37 64 37 24 0 43 9 67 31
18 17 51 42 72 56 61 39 89 73 74 91 -16 19 -36 53 -44 75 -3 9 -11 17 -18 17
-6 0 -24 7 -40 15 -16 9 -56 18 -89 22 -35 4 -71 15 -90 27 -18 12 -40 25 -51
29 -15 6 -16 10 -6 23 8 8 20 12 29 9 9 -4 336 -9 726 -11 391 -3 748 -7 795
-9 325 -18 514 -22 955 -24 275 -1 502 -5 505 -10 3 -5 422 -12 945 -16 517
-4 961 -10 988 -15 26 -4 50 -3 53 1 7 13 108 11 120 -1 7 -7 161 -12 420 -16
225 -2 416 -7 424 -9 22 -7 42 10 38 31 -3 18 -17 19 -213 23 -116 2 -304 7
-420 12 -115 5 -374 11 -575 13 -201 3 -471 7 -600 11 -329 8 -689 9 -697 1
-3 -3 -11 -1 -18 4 -7 6 -293 12 -741 16 -401 4 -734 10 -739 15 -6 4 -326 11
-710 15 -681 6 -930 10 -930 14 0 1 -88 2 -195 4 -144 1 -202 5 -220 15 -15 9
-65 15 -130 17 -58 2 -123 6 -146 9 -32 4 -45 1 -64 -15z m194 -35 c11 -8 35
-15 53 -15 41 0 45 -26 6 -41 -16 -6 -35 -14 -43 -18 -19 -8 -246 -5 -261 4
-14 9 16 42 55 60 57 26 162 31 190 10z m198 -102 c4 -15 -3 -30 -19 -45 -23
-21 -26 -22 -37 -6 -7 10 -25 22 -39 27 -15 6 -27 17 -27 26 0 17 30 50 51 57
19 7 66 -32 71 -59z m-482 -13 c0 -16 -7 -20 -30 -20 -20 0 -30 -5 -30 -15 0
-9 9 -15 24 -15 13 0 26 7 30 15 3 8 13 15 21 15 12 0 15 -8 13 -27 -3 -24 -8
-29 -38 -31 -24 -3 -38 2 -48 15 -13 17 -14 17 -28 -2 -29 -39 -15 -50 66 -49
l75 1 3 56 c3 56 21 85 43 72 8 -5 9 -25 5 -61 -4 -35 -2 -55 6 -60 6 -4 64
-9 130 -12 l118 -4 0 30 c0 17 -6 32 -15 36 -8 3 -15 12 -15 20 0 8 -6 16 -12
19 -21 7 -4 17 20 10 12 -3 22 -12 22 -19 0 -8 7 -17 15 -20 8 -3 23 -21 35
-41 15 -25 25 -33 39 -28 10 3 24 -1 31 -10 8 -9 29 -15 56 -15 46 0 64 -17
64 -61 0 -12 6 -27 14 -33 10 -8 12 -18 5 -33 -14 -36 -45 -28 -74 18 -54 84
-140 86 -198 3 l-31 -44 -74 0 c-40 0 -81 4 -91 10 -20 10 -73 104 -65 113 3
3 1 8 -5 11 -5 4 -15 -3 -21 -14 -8 -15 -21 -20 -50 -20 -27 0 -45 -7 -59 -21
-15 -16 -33 -21 -73 -23 l-53 -1 1 54 c2 63 14 89 54 116 17 11 30 26 30 33 0
6 5 12 10 12 6 0 19 9 30 20 11 11 27 20 35 20 8 0 15 -9 15 -20z m303 -40
c10 -12 15 -25 12 -30 -8 -13 -162 -13 -170 0 -3 6 -3 19 0 30 6 17 15 20 73
20 56 0 71 -4 85 -20z m322 -7 c57 -6 68 -13 59 -36 -9 -24 -71 -52 -87 -40
-6 6 -32 13 -57 16 -26 3 -50 13 -57 24 -12 15 -10 20 9 36 16 12 32 16 53 12
17 -4 53 -9 80 -12z m103 -84 c17 -27 7 -56 -28 -74 -23 -12 -30 -12 -39 -2
-12 16 -4 55 17 80 20 23 34 22 50 -4z m-645 -118 c6 -6 12 -30 12 -52 0 -31
-6 -46 -24 -60 -28 -23 -74 -25 -91 -4 -7 8 -19 15 -26 15 -24 0 -17 70 9 98
18 20 29 23 65 19 24 -3 49 -10 55 -16z m426 -10 c25 -35 25 -39 5 -80 -17
-34 -55 -55 -84 -46 -39 12 -67 49 -65 83 2 18 5 35 7 36 61 47 107 49 137 7z"/>
<path d="M1718 893 c-46 -12 3 -60 49 -48 18 4 23 11 21 28 -3 22 -32 31 -70
20z"/>
<path d="M3191 892 c-20 -14 -48 -17 -140 -17 l-116 0 -3 -27 c-5 -43 27 -53
135 -41 80 9 91 9 125 -10 31 -17 42 -18 63 -9 14 7 39 12 55 12 16 0 32 5 35
10 3 6 19 10 34 10 31 0 60 25 45 39 -5 5 -27 11 -49 15 -85 12 -115 19 -121
27 -8 14 -36 10 -63 -9z"/>
<path d="M1794 646 c-6 -14 2 -28 38 -64 9 -9 19 -28 23 -42 l6 -25 -100 6
c-56 4 -192 8 -303 9 -112 1 -439 4 -727 7 -550 5 -554 5 -531 -37 8 -15 56
-17 462 -19 249 -1 462 -4 473 -7 11 -2 189 -6 395 -8 206 -2 383 -7 393 -11
9 -4 17 -14 17 -22 0 -8 12 -34 28 -57 15 -22 33 -53 41 -68 8 -16 18 -28 22
-28 5 0 16 -14 25 -31 l16 -31 80 4 c61 4 81 2 85 -9 8 -20 89 -17 97 3 15 39
9 42 -116 49 -116 7 -148 16 -148 43 0 8 -17 31 -52 71 -44 50 -58 75 -45 82
7 5 85 4 173 -1 176 -10 919 -27 1634 -36 256 -4 483 -8 505 -9 22 -1 447 -5
945 -9 498 -5 910 -12 915 -16 6 -4 359 -11 785 -14 426 -4 845 -11 930 -15
94 -5 160 -4 168 2 16 12 16 46 0 52 -7 3 -173 7 -368 9 -195 3 -641 9 -990
14 -349 6 -818 13 -1043 16 -224 3 -418 8 -430 11 -20 5 -617 12 -1215 14
-139 0 -260 4 -270 9 -15 9 -816 20 -1517 23 -259 1 -271 2 -292 22 -13 11
-23 29 -23 39 0 10 -4 18 -9 18 -5 0 -12 8 -16 18 -3 9 -17 25 -30 35 -22 16
-26 16 -31 3z"/>
<path d="M2462 321 c-37 -24 -52 -55 -52 -111 0 -54 15 -89 44 -100 13 -5 27
-14 31 -19 16 -27 115 -1 128 34 15 38 -27 62 -53 30 -18 -22 -77 -19 -90 4
-17 32 -12 85 10 109 24 26 66 21 88 -9 10 -15 17 -16 37 -7 31 14 31 20 0 54
-34 36 -98 43 -143 15z"/>
</g>
</svg>
