<?xml version="1.0" standalone="no"?>
<!DOCTYPE svg PUBLIC "-//W3C//DTD SVG 20010904//EN"
 "http://www.w3.org/TR/2001/REC-SVG-20010904/DTD/svg10.dtd">
<svg version="1.0" xmlns="http://www.w3.org/2000/svg"
 width="567.000000pt" height="423.000000pt" viewBox="0 0 567.000000 423.000000"
 preserveAspectRatio="xMidYMid meet">
<metadata>
Created by potrace 1.10, written by Peter Selinger 2001-2011
</metadata>
<g transform="translate(0.000000,423.000000) scale(0.100000,-0.100000)"
fill="#000000" stroke="none">
<path d="M2749 4137 c-7 -12 -15 -24 -19 -27 -3 -3 -17 -23 -30 -45 -25 -41
-27 -43 -60 -84 -11 -13 -20 -28 -20 -33 0 -8 -5 -15 -35 -51 -6 -7 -22 -30
-35 -52 -13 -22 -27 -42 -30 -45 -3 -3 -37 -52 -75 -110 -39 -58 -72 -107 -75
-110 -6 -5 -117 -168 -135 -198 -13 -21 -21 -32 -45 -61 -11 -13 -20 -28 -20
-33 0 -5 -6 -16 -12 -23 -24 -26 -34 -40 -58 -80 -13 -22 -27 -42 -30 -45 -3
-3 -37 -52 -75 -110 -39 -58 -72 -107 -75 -110 -6 -5 -117 -168 -135 -198 -13
-21 -21 -32 -45 -61 -11 -13 -20 -28 -20 -33 0 -8 -5 -15 -35 -51 -6 -7 -22
-30 -35 -52 -13 -22 -27 -42 -30 -45 -3 -3 -37 -52 -75 -110 -39 -58 -72 -107
-75 -110 -3 -3 -23 -32 -45 -65 -22 -33 -42 -62 -45 -65 -11 -11 -50 -70 -50
-75 0 -3 -5 -11 -10 -18 -39 -46 -50 -61 -50 -69 0 -5 -6 -16 -12 -23 -24 -26
-34 -40 -58 -80 -13 -22 -27 -42 -30 -45 -3 -3 -37 -52 -75 -110 -39 -58 -72
-107 -75 -110 -3 -3 -23 -32 -45 -65 -22 -33 -42 -62 -46 -65 -3 -3 -16 -23
-29 -45 -13 -22 -29 -45 -35 -52 -30 -36 -35 -43 -35 -51 0 -5 -9 -20 -20 -33
-33 -41 -35 -43 -60 -84 -13 -22 -27 -42 -30 -45 -3 -3 -37 -52 -75 -110 -39
-58 -72 -107 -76 -110 -3 -3 -15 -22 -28 -42 -12 -21 -36 -47 -52 -59 -16 -11
-29 -29 -29 -40 0 -18 -22 -59 -45 -85 -5 -6 -17 -22 -25 -34 -8 -12 -23 -33
-33 -45 -9 -13 -17 -28 -17 -33 0 -6 -3 -12 -7 -14 -8 -3 -51 -62 -83 -113 -8
-13 -57 -85 -109 -161 -84 -125 -92 -139 -76 -150 13 -10 80 -11 283 -8 147 3
301 6 342 7 41 0 1134 0 2428 -1 1295 -1 2358 0 2363 3 13 9 11 31 -3 47 -7 7
-31 40 -53 73 -22 33 -42 62 -45 65 -4 3 -17 23 -30 45 -13 22 -29 45 -35 52
-30 36 -35 43 -35 51 0 8 -11 23 -50 69 -5 7 -10 15 -10 18 0 5 -39 64 -50 75
-3 3 -36 52 -75 110 -38 58 -72 107 -75 110 -3 3 -23 32 -45 65 -22 33 -42 62
-45 65 -4 3 -17 23 -30 45 -13 22 -27 42 -30 45 -3 3 -17 23 -30 45 -13 22
-29 45 -35 52 -29 35 -35 43 -35 48 0 5 -39 64 -50 75 -3 3 -36 52 -75 110
-38 58 -72 107 -75 110 -3 3 -23 32 -45 65 -22 33 -43 62 -47 63 -5 2 -8 8 -8
13 0 9 -37 67 -51 79 -3 3 -16 23 -29 45 -13 22 -29 45 -35 52 -23 28 -32 40
-55 78 -13 22 -26 42 -29 45 -4 3 -37 52 -76 110 -38 58 -72 107 -75 110 -3 3
-23 32 -45 65 -22 33 -42 62 -45 65 -4 3 -17 23 -30 45 -13 22 -27 42 -30 45
-3 3 -17 23 -30 45 -13 22 -29 45 -35 52 -29 35 -35 43 -35 48 0 5 -39 64 -50
75 -3 3 -36 52 -75 110 -38 58 -72 107 -75 110 -3 3 -23 32 -45 65 -22 33 -42
62 -45 65 -4 3 -17 23 -30 45 -13 22 -27 42 -30 45 -3 3 -17 23 -30 45 -13 22
-29 45 -35 52 -29 35 -35 43 -35 48 0 5 -39 64 -50 75 -3 3 -36 52 -75 110
-38 58 -72 107 -75 110 -3 3 -23 32 -45 65 -22 33 -43 62 -47 63 -5 2 -8 8 -8
13 0 9 -37 67 -51 79 -3 3 -16 23 -29 45 -13 22 -29 45 -35 52 -29 35 -35 43
-35 48 0 5 -39 64 -50 75 -3 3 -31 43 -62 90 -32 47 -66 91 -77 97 -18 11 -22
10 -32 -10z m43 -64 c10 -9 18 -22 18 -30 0 -7 5 -13 10 -13 6 0 10 -7 10 -16
0 -8 14 -29 30 -46 17 -16 30 -35 30 -43 0 -7 14 -27 30 -45 17 -18 30 -41 30
-51 0 -11 7 -22 15 -25 8 -4 15 -12 15 -19 0 -7 6 -15 13 -18 7 -2 22 -23 32
-46 11 -22 26 -41 32 -41 7 0 15 -11 19 -25 3 -14 10 -25 15 -25 5 0 9 -9 9
-20 0 -11 6 -20 13 -20 7 0 21 -17 32 -37 11 -21 26 -46 35 -55 33 -37 40 -48
40 -62 0 -9 9 -20 20 -26 11 -6 20 -17 20 -25 0 -8 5 -15 10 -15 6 0 10 -7 10
-16 0 -8 14 -29 30 -46 17 -16 30 -35 30 -43 0 -7 14 -27 30 -45 17 -18 30
-41 30 -51 0 -11 7 -22 15 -25 8 -4 15 -12 15 -19 0 -7 6 -15 13 -18 7 -2 22
-23 32 -46 11 -22 26 -41 32 -41 7 0 15 -11 19 -25 3 -14 10 -25 15 -25 5 0 9
-9 9 -20 0 -11 6 -20 13 -20 7 0 21 -17 32 -37 11 -21 26 -46 35 -55 33 -37
40 -48 40 -62 0 -9 9 -20 20 -26 11 -6 20 -17 20 -25 0 -8 5 -15 10 -15 6 0
10 -7 10 -16 0 -8 14 -29 30 -46 17 -16 30 -35 30 -43 0 -7 14 -27 30 -45 17
-18 30 -41 30 -51 0 -11 7 -22 15 -25 8 -4 15 -12 15 -19 0 -7 6 -15 13 -18 7
-2 22 -23 32 -46 11 -22 26 -41 32 -41 7 0 15 -11 19 -25 3 -14 10 -25 15 -25
5 0 9 -9 9 -20 0 -11 6 -20 13 -20 7 0 21 -17 32 -37 11 -21 26 -46 35 -55 33
-37 40 -48 40 -62 0 -9 9 -20 20 -26 11 -6 20 -17 20 -25 0 -8 5 -15 10 -15 6
0 10 -7 10 -16 0 -8 14 -29 30 -46 17 -16 30 -35 30 -43 0 -7 14 -27 30 -45
17 -18 30 -41 30 -51 0 -11 7 -22 15 -25 8 -4 15 -12 15 -19 0 -7 6 -15 13
-18 7 -2 22 -23 32 -46 11 -22 26 -41 32 -41 7 0 15 -11 19 -25 3 -14 10 -25
15 -25 5 0 9 -9 9 -20 0 -11 6 -20 13 -20 7 0 21 -17 32 -37 11 -21 26 -46 35
-55 33 -37 40 -48 40 -62 0 -9 9 -20 20 -26 11 -6 20 -17 20 -25 0 -8 5 -15
10 -15 6 0 10 -9 10 -20 0 -10 9 -24 20 -30 11 -6 20 -17 20 -25 0 -8 5 -15
10 -15 6 0 10 -6 10 -14 0 -8 14 -28 30 -46 17 -18 30 -41 30 -51 0 -11 7 -22
15 -25 8 -4 15 -12 15 -19 0 -7 6 -15 13 -18 7 -2 22 -23 32 -46 11 -22 26
-41 32 -41 7 0 15 -11 19 -25 3 -14 10 -25 15 -25 5 0 9 -9 9 -20 0 -11 6 -20
13 -20 7 0 21 -17 32 -37 11 -21 26 -46 35 -55 33 -37 40 -48 40 -62 0 -9 9
-20 20 -26 11 -6 20 -17 20 -25 0 -8 5 -15 10 -15 6 0 10 -7 10 -16 0 -8 14
-29 30 -46 17 -16 30 -35 30 -43 0 -7 14 -27 30 -45 17 -18 30 -41 30 -51 0
-11 7 -22 15 -25 8 -4 15 -12 15 -19 0 -7 6 -15 13 -18 7 -2 22 -23 32 -46 11
-22 26 -41 32 -41 7 0 15 -11 19 -25 3 -14 10 -25 15 -25 5 0 9 -6 9 -13 0 -7
8 -20 18 -29 30 -29 42 -47 42 -63 0 -13 -239 -15 -2350 -15 -1292 0 -2353 -1
-2357 -2 -5 -2 -9 23 -11 55 -2 39 -8 60 -18 64 -11 4 -14 25 -14 89 0 66 -3
86 -15 90 -10 4 -15 20 -15 45 0 26 -5 42 -15 45 -8 4 -15 17 -15 30 0 14 -7
27 -15 30 -8 4 -15 17 -15 30 0 14 -7 27 -15 30 -8 4 -15 15 -15 26 0 12 -8
27 -17 35 -13 10 -15 16 -5 19 6 3 12 12 12 19 0 8 9 17 20 20 11 3 20 15 20
26 0 10 5 19 10 19 6 0 10 7 10 15 0 8 9 19 20 25 11 6 20 17 20 26 0 14 7 25
40 62 9 9 24 34 35 55 11 20 25 37 32 37 7 0 13 7 13 15 0 15 7 25 40 63 8 10
24 35 35 56 11 21 26 40 32 43 7 3 13 11 13 18 0 7 7 15 15 19 8 3 15 14 15
25 0 10 14 33 30 51 17 18 30 38 30 46 0 8 5 14 10 14 6 0 10 7 10 15 0 8 9
19 20 25 11 6 20 20 20 30 0 11 5 20 10 20 6 0 10 7 10 15 0 8 9 19 20 25 11
6 20 17 20 26 0 14 7 25 40 62 9 9 24 34 35 55 11 20 25 37 32 37 7 0 13 9 13
20 0 11 5 20 10 20 6 0 10 6 10 14 0 8 8 21 18 28 9 7 26 30 37 52 11 21 26
40 33 43 6 3 12 11 12 18 0 7 7 15 15 19 8 3 15 14 15 25 0 10 14 33 30 51 17
18 30 38 30 46 0 8 5 14 10 14 6 0 10 7 10 15 0 8 9 19 20 25 11 6 20 20 20
30 0 11 5 20 10 20 6 0 10 7 10 15 0 8 9 19 20 25 11 6 20 17 20 26 0 14 7 25
40 62 9 9 24 34 35 55 11 20 25 37 32 37 7 0 13 9 13 20 0 11 5 20 10 20 6 0
10 6 10 14 0 8 8 21 18 28 9 7 26 30 37 52 11 21 26 40 33 43 6 3 12 11 12 18
0 7 7 15 15 19 8 3 15 14 15 25 0 10 14 33 30 51 17 18 30 38 30 46 0 8 5 14
10 14 6 0 10 7 10 15 0 8 9 19 20 25 11 6 20 20 20 30 0 11 5 20 10 20 6 0 10
7 10 15 0 8 9 19 20 25 11 6 20 20 20 30 0 11 4 20 9 20 5 0 13 9 16 20 3 11
13 20 21 20 8 0 14 6 14 14 0 22 34 76 48 76 6 0 12 9 12 20 0 11 5 20 10 20
6 0 10 6 10 14 0 8 8 21 18 28 9 7 26 30 37 52 11 21 26 40 33 43 6 3 12 11
12 18 0 7 7 15 15 19 8 3 15 14 15 25 0 10 14 33 30 51 17 18 30 38 30 46 0 8
5 14 10 14 6 0 10 7 10 15 0 8 9 19 20 25 11 6 20 20 20 30 0 11 5 20 10 20 6
0 10 7 10 15 0 8 9 19 20 25 11 6 20 20 20 30 0 11 4 20 9 20 5 0 13 9 16 20
3 11 13 20 21 20 8 0 14 6 14 14 0 22 34 76 48 76 6 0 12 9 12 20 0 11 4 20
10 20 5 0 12 11 16 25 3 14 11 25 18 25 6 0 20 19 31 41 10 23 25 44 32 46 7
3 13 11 13 18 0 7 7 15 15 19 8 3 15 14 15 25 0 10 14 33 30 51 17 18 30 38
30 46 0 18 9 18 32 -3z m-2274 -3369 c9 -6 12 -16 7 -23 -4 -8 2 -21 14 -32
12 -11 19 -25 15 -30 -3 -6 3 -19 15 -30 15 -14 19 -27 15 -48 -5 -22 -2 -32
13 -40 18 -9 19 -18 15 -89 -4 -74 -3 -81 17 -92 19 -10 22 -18 19 -61 l-3
-50 -258 -2 c-142 -2 -260 0 -262 3 -2 4 6 17 18 31 26 29 60 76 135 189 31
47 59 87 62 90 14 13 50 70 50 79 0 5 4 11 8 13 9 4 65 94 76 123 7 20 7 20
18 0 7 -11 18 -25 26 -31z"/>
<path d="M985 802 c-3 -3 -5 -16 -5 -29 0 -13 -7 -26 -15 -29 -10 -4 -15 -20
-15 -45 0 -26 -5 -42 -15 -45 -10 -4 -15 -19 -15 -43 0 -25 -7 -42 -21 -54
-41 -35 -6 -119 38 -91 13 8 17 22 14 52 l-3 42 77 0 77 0 -3 -42 c-3 -30 1
-44 14 -52 44 -28 79 56 38 91 -14 12 -21 29 -21 54 0 24 -5 39 -15 43 -10 3
-15 19 -15 45 0 24 -5 41 -14 44 -8 3 -16 18 -18 34 -3 24 -7 27 -40 29 -21 0
-40 -1 -43 -4z m55 -102 c0 -27 5 -43 15 -46 8 -4 15 -12 15 -20 0 -10 -13
-14 -45 -14 -32 0 -45 4 -45 14 0 8 7 16 15 20 10 3 15 19 15 46 0 29 4 40 15
40 11 0 15 -11 15 -40z"/>
</g>
</svg>
