<?xml version="1.0" encoding="UTF-8" standalone="no"?>
<svg
   xmlns:dc="http://purl.org/dc/elements/1.1/"
   xmlns:cc="http://creativecommons.org/ns#"
   xmlns:rdf="http://www.w3.org/1999/02/22-rdf-syntax-ns#"
   xmlns:svg="http://www.w3.org/2000/svg"
   xmlns="http://www.w3.org/2000/svg"
   xmlns:sodipodi="http://sodipodi.sourceforge.net/DTD/sodipodi-0.dtd"
   xmlns:inkscape="http://www.inkscape.org/namespaces/inkscape"
   version="1.0"
   width="351.84851"
   height="251.69492"
   viewBox="0 0 281.47881 201.35593"
   preserveAspectRatio="xMidYMid meet"
   id="svg2"
   inkscape:version="0.48.4 r9939"
   sodipodi:docname="susto1.svg">
  <metadata
     id="metadata256">
    <rdf:RDF>
      <cc:Work
         rdf:about="">
        <dc:format>image/svg+xml</dc:format>
        <dc:type
           rdf:resource="http://purl.org/dc/dcmitype/StillImage" />
        <dc:title />
      </cc:Work>
    </rdf:RDF>
  </metadata>
  <defs
     id="defs254" />
  <sodipodi:namedview
     pagecolor="#ffffff"
     bordercolor="#666666"
     borderopacity="1"
     objecttolerance="10"
     gridtolerance="10"
     guidetolerance="10"
     inkscape:pageopacity="0"
     inkscape:pageshadow="2"
     inkscape:window-width="1600"
     inkscape:window-height="824"
     id="namedview252"
     showgrid="false"
     fit-margin-top="0"
     fit-margin-left="0"
     fit-margin-right="0"
     fit-margin-bottom="0"
     inkscape:zoom="1.9070707"
     inkscape:cx="109.92519"
     inkscape:cy="101.30648"
     inkscape:window-x="0"
     inkscape:window-y="24"
     inkscape:window-maximized="1"
     inkscape:current-layer="svg2" />
  <rect
     style="fill:#ffffff;fill-opacity:1;stroke:none"
     id="rect3261"
     width="281.47882"
     height="201.35593"
     x="0"
     y="-1.7097435e-14" />
  <g
     transform="matrix(0.1,0,0,-0.1,1.2584745,199.25847)"
     id="g4"
     style="fill:#000000;stroke:none">
    <path
       d="M 30,986 30,42 93,38 c 34,-2 648,-5 1365,-6 l 1302,-4 0,951 0,951 -1365,0 -1365,0 0,-944 z m 2575,909 c 22,-2 61,-4 88,-4 l 47,-1 0,-304 0,-304 -36,-41 c -54,-59 -118,-77 -232,-64 -48,6 -97,14 -109,18 -18,6 -23,3 -23,-9 0,-18 -34,-56 -50,-56 -5,0 -10,-17 -10,-38 0,-52 -29,-65 -88,-39 -44,19 -62,16 -62,-10 0,-12 -10,-14 -57,-9 -32,3 -93,7 -135,9 -76,2 -78,1 -113,-33 -20,-19 -33,-27 -30,-17 16,40 -23,11 -60,-47 -17,-26 -17,-26 14,-26 17,0 31,-4 31,-8 0,-5 -30,-40 -68,-78 -37,-38 -77,-82 -89,-99 l -22,-30 -1,263 c 0,168 4,262 10,262 6,0 10,-4 10,-10 0,-15 49,-43 88,-49 30,-5 37,-11 44,-38 5,-20 22,-42 43,-56 32,-22 33,-25 18,-40 -9,-9 -13,-20 -9,-24 4,-5 19,5 33,22 l 26,29 -34,14 c -36,15 -51,33 -59,71 -4,19 -15,26 -51,36 -56,14 -101,48 -124,95 -14,30 -18,32 -26,17 -16,-27 -75,-47 -146,-48 -46,-1 -68,2 -74,12 -6,9 -9,0 -9,-28 0,-23 -3,-49 -7,-59 -4,-12 -3,-15 5,-10 7,4 12,20 12,36 l 0,28 84,3 c 62,3 89,9 103,22 11,9 23,17 26,17 4,0 7,-83 7,-185 0,-102 -2,-185 -4,-185 -2,0 -39,35 -81,78 -43,42 -72,67 -66,56 6,-12 36,-47 67,-78 75,-76 63,-82 -15,-7 -33,32 -61,56 -61,53 0,-3 16,-25 36,-49 20,-24 34,-46 31,-49 -3,-3 -19,13 -37,35 -18,21 -44,43 -59,47 -29,8 -26,8 -65,-2 -25,-6 -28,-5 -22,14 4,11 2,23 -4,27 -8,5 -8,11 1,21 8,10 8,22 1,44 -7,18 -7,32 -1,35 14,9 11,35 -6,41 -8,3 -28,-4 -45,-16 -17,-12 -37,-19 -46,-16 -8,3 -23,-3 -34,-14 -11,-11 -20,-16 -20,-11 0,21 -33,41 -67,41 -26,0 -36,5 -40,20 -3,11 -11,20 -19,20 -21,0 -26,-17 -7,-24 15,-6 15,-8 3,-17 -13,-8 -12,-11 4,-24 10,-7 15,-19 11,-25 -9,-15 13,-40 29,-34 8,3 16,-4 18,-14 4,-15 13,-19 36,-17 17,1 37,7 44,12 7,6 22,12 33,14 10,2 22,15 26,29 l 7,25 1,-27 c 1,-18 6,-26 14,-23 8,4 13,-9 14,-40 1,-26 7,-52 13,-60 10,-12 5,-17 -22,-28 -18,-8 -35,-10 -38,-6 -3,4 -21,9 -40,11 -30,3 -35,7 -41,36 -9,46 -22,54 -17,12 2,-28 -1,-35 -17,-38 -35,-7 -37,-19 -11,-74 32,-68 36,-147 8,-165 C 1050,693 981,467 946,268 940,234 936,231 897,225 824,213 667,171 613,149 574,133 558,120 545,94 536,75 523,60 516,60 c -16,0 -26,141 -26,352 0,131 -1,140 -20,145 -13,4 -20,14 -20,29 0,16 -8,27 -22,33 -112,43 -108,39 -108,96 l 0,52 -97,16 c -54,9 -115,22 -135,27 l -38,11 0,224 c 0,124 4,225 9,225 5,0 14,-7 21,-15 7,-8 20,-15 29,-14 13,0 13,2 -3,12 -58,36 -56,21 -56,345 0,164 3,302 8,307 6,7 2453,-3 2547,-10 z m 135,-1250 0,-585 -21,0 c -20,0 -21,4 -15,67 4,36 7,115 7,175 0,71 4,108 11,108 6,0 3,9 -7,20 -17,18 -17,20 -2,14 23,-9 21,9 -3,31 -13,12 -18,25 -14,37 3,12 -2,28 -12,41 -10,12 -12,16 -4,10 8,-7 18,-13 23,-13 6,0 -11,23 -37,50 -27,29 -44,55 -40,62 5,8 2,9 -10,5 -11,-5 -31,6 -62,35 -24,22 -42,43 -39,46 3,3 24,-13 47,-36 23,-23 44,-39 47,-37 8,9 -53,67 -86,81 -40,17 -51,18 -35,2 20,-20 13,-32 -8,-13 -24,22 -27,11 -4,-13 15,-15 15,-16 -2,-23 -11,-4 -36,-8 -58,-8 -37,-1 -38,0 -31,27 4,15 10,51 14,80 l 8,52 -104,0 c -85,0 -103,-3 -103,-15 0,-18 -12,-19 -27,-4 -19,19 -81,15 -98,-7 -8,-10 -13,-23 -11,-29 2,-5 -1,-18 -6,-28 -7,-13 -1,-29 21,-63 17,-25 31,-47 31,-48 0,-2 -10,-6 -23,-10 -29,-7 -113,-89 -134,-130 -8,-17 -21,-38 -28,-46 -6,-8 -20,-60 -29,-115 -9,-55 -21,-116 -26,-135 -5,-19 -12,-51 -15,-70 -3,-19 -8,-50 -12,-67 l -5,-33 -119,0 -119,0 0,290 0,290 48,49 c 101,103 207,223 215,243 9,26 -8,40 -41,34 -22,-3 -21,-1 10,31 31,32 36,34 78,28 47,-6 139,-14 177,-15 19,0 24,-10 38,-75 14,-61 21,-75 36,-75 15,0 17,5 13,29 -4,16 -1,32 5,35 6,4 8,18 5,30 -5,22 -3,23 47,20 29,-1 63,-8 77,-15 20,-11 25,-11 32,1 5,8 18,26 29,39 12,13 22,39 23,58 0,18 1,39 2,46 1,6 -7,11 -16,11 -14,-1 -18,6 -18,28 0,26 3,29 23,25 12,-3 56,-9 98,-12 102,-9 180,7 217,45 15,16 30,29 35,30 4,0 7,-263 7,-585 z m -1560,465 c 0,-5 -4,-10 -10,-10 -5,0 -10,5 -10,10 0,6 5,10 10,10 6,0 10,-4 10,-10 z m 1151,-6 c 11,-14 10,-15 -11,-12 -13,1 -25,9 -28,16 -5,17 23,15 39,-4 z m -1,-67 c 0,-2 -9,-12 -20,-22 -19,-18 -20,-17 -20,3 0,15 6,22 20,22 11,0 20,-2 20,-3 z m -949,-84 c 6,-16 8,-52 5,-82 -10,-88 -49,-134 -84,-99 -8,8 -12,9 -12,1 0,-6 7,-18 15,-27 13,-13 39,-144 37,-189 0,-10 -12,-31 -25,-47 -24,-29 -25,-29 -31,-7 -3,12 -6,38 -6,58 0,21 -7,42 -16,50 -12,10 -15,27 -12,73 3,59 2,61 -22,63 -25,3 -25,3 -2,-7 12,-5 22,-13 22,-17 -1,-15 -83,-60 -100,-56 -24,7 -46,102 -34,150 10,41 34,57 34,23 0,-24 42,-70 65,-70 18,0 20,42 4,89 -10,28 -8,33 12,51 32,26 39,25 39,-6 0,-14 4,-23 10,-19 5,3 7,12 3,20 -3,8 0,15 6,15 6,0 11,8 11,18 0,47 64,59 81,15 z m 94,-81 c -2,-2 -10,0 -17,4 -7,5 -17,9 -23,10 -5,0 -16,2 -22,2 -7,1 -13,7 -13,14 0,9 3,9 12,0 22,-22 32,-12 10,11 -12,13 -22,30 -22,38 0,8 18,-6 39,-31 22,-25 38,-47 36,-48 z m 368,60 c -2,-10 -59,-74 -125,-142 -66,-69 -109,-110 -94,-92 14,19 26,37 26,42 0,4 36,45 80,91 87,92 97,113 50,105 -16,-2 -30,0 -30,5 0,5 22,9 49,9 42,0 48,-3 44,-18 z m -714,-24 c 6,-16 4,-28 -7,-41 -15,-17 -17,-16 -34,15 -23,44 -22,48 7,48 17,0 28,-7 34,-22 z m 70,-33 c 25,-67 26,-88 5,-83 -17,3 -67,115 -58,129 13,22 34,4 53,-46 z m 361,-19 c 0,6 -5,15 -12,22 -9,9 -8,12 5,12 12,0 17,-8 17,-31 l 0,-30 -30,21 c -16,12 -30,26 -30,32 0,7 11,1 25,-12 14,-13 25,-19 25,-14 z m -18,-34 28,-16 0,-263 c 0,-169 -4,-263 -10,-263 -5,0 -10,6 -10,14 0,7 -7,19 -15,26 -8,7 -15,19 -15,27 0,13 3,13 15,3 9,-8 15,-9 15,-2 0,6 -5,14 -10,17 -6,4 -8,11 -4,16 3,6 -4,21 -17,35 -12,13 -17,24 -11,24 6,0 16,-8 21,-17 9,-15 12,-16 20,-4 5,8 6,21 1,30 -4,9 -13,27 -19,41 -6,14 -19,36 -28,49 -17,24 -17,24 5,12 31,-17 27,-6 -10,29 -39,35 -59,40 -32,8 l 19,-23 -22,19 c -13,10 -20,24 -16,30 4,6 -1,5 -10,-3 -9,-7 -17,-10 -17,-5 0,5 -7,18 -15,28 -12,16 -17,17 -30,6 -21,-18 -31,-4 -39,53 -4,37 -3,47 9,47 16,0 45,49 45,78 0,33 17,40 73,30 29,-6 64,-17 79,-26 z m 842,-25 c -9,-57 -12,-62 -34,-42 -26,23 -27,82 -2,87 27,7 41,-10 36,-45 z m -231,9 c 28,-25 36,-29 32,-15 -4,13 -2,19 8,19 9,0 16,-16 21,-46 7,-56 20,-74 51,-74 18,0 25,7 30,30 9,39 16,42 44,21 23,-17 42,-79 43,-139 0,-33 -5,-35 -59,-26 -39,7 -49,13 -51,32 -4,26 -17,29 -27,5 -4,-12 1,-25 17,-38 31,-27 52,-75 38,-89 -5,-5 -10,-33 -10,-62 0,-29 -3,-60 -6,-69 -7,-18 -63,-50 -72,-40 -4,4 -8,63 -8,133 -3,180 -3,182 -14,182 -5,0 -10,-7 -10,-15 0,-8 -4,-15 -10,-15 -5,0 -10,6 -10,13 0,7 -21,41 -46,75 -40,54 -45,66 -39,94 7,33 22,58 34,58 4,0 24,-15 44,-34 z m 137,5 c 0,-48 -12,-92 -27,-98 -20,-8 -25,1 -33,54 -10,61 -4,73 31,73 25,0 29,-4 29,-29 z M 183,776 c 15,-4 27,-10 27,-15 0,-8 -148,-30 -155,-22 -3,2 -5,19 -5,36 l 0,32 53,-13 c 28,-7 64,-15 80,-18 z m 2358,-83 24,-26 -32,19 c -18,10 -33,22 -33,26 0,15 17,8 41,-19 z M 1118,680 c 16,-43 55,-50 90,-15 l 27,27 3,-46 c 2,-25 7,-46 13,-46 5,0 9,-13 9,-30 0,-29 -9,-40 -80,-99 -18,-15 -22,-23 -13,-29 9,-6 4,-18 -19,-47 -32,-38 -53,-71 -84,-132 -21,-39 -57,-57 -86,-42 -17,9 -19,17 -14,52 15,96 59,275 88,357 31,86 49,100 66,50 z m 1407,-25 c 37,-15 97,-71 113,-105 41,-90 58,-226 47,-384 l -7,-106 -93,0 c -61,0 -96,4 -101,12 -4,6 -8,33 -9,59 -1,26 -8,56 -16,65 -9,11 -9,15 -1,10 6,-4 12,-3 12,3 0,5 -8,14 -17,20 -10,5 -15,13 -11,17 4,4 15,1 24,-7 16,-13 16,-12 4,11 -7,14 -28,44 -47,68 -19,23 -30,42 -24,42 6,0 15,-9 21,-19 5,-11 16,-25 23,-33 7,-7 20,-24 29,-37 17,-24 17,-24 14,23 -1,26 1,49 6,52 9,6 -12,48 -42,83 -23,27 -40,21 -19,-6 11,-15 11,-16 -1,-5 -27,24 -31,12 -9,-24 31,-50 2,-40 -31,10 -20,32 -29,37 -51,32 l -27,-5 2,63 1,62 40,0 40,-1 -2,63 -3,64 53,-7 c 28,-4 66,-13 82,-20 z M 388,623 c 12,-3 22,-9 22,-13 0,-9 -93,-28 -170,-34 -30,-3 -85,-8 -122,-12 -106,-11 -81,10 30,24 166,22 172,24 172,39 0,11 6,13 23,8 12,-3 32,-9 45,-12 z m 1750,-11 c 2,-11 12,-24 23,-27 22,-7 22,-9 19,-135 -2,-105 -14,-130 -59,-130 -14,0 -39,-9 -55,-20 l -30,-19 28,-10 c 15,-6 32,-11 38,-11 5,0 -12,-23 -38,-50 -27,-28 -52,-57 -57,-65 -4,-8 -17,-15 -28,-15 -12,0 -28,-14 -40,-35 -16,-27 -27,-35 -50,-35 -32,0 -32,2 -9,85 5,17 11,55 15,85 17,154 40,228 95,310 45,67 67,87 100,93 37,6 45,3 48,-21 z M 430,543 c 1,-38 3,-44 11,-30 5,9 17,17 24,17 13,0 15,-36 15,-235 0,-150 -4,-235 -10,-235 -5,0 -10,24 -10,53 -1,52 -3,90 -20,282 -7,79 -8,60 -4,-90 3,-105 2,-203 -1,-218 -7,-27 -7,-28 -91,-26 -69,2 -84,5 -84,18 -1,14 -2,13 -11,-1 -6,-11 -22,-18 -41,-18 -29,0 -30,2 -25,33 l 6,32 -15,-33 C 159,57 159,57 136,66 c -11,4 -14,15 -11,37 l 5,32 -10,-32 C 108,67 70,55 70,88 c 0,14 -2,15 -10,2 -13,-20 -13,53 -1,98 6,18 6,30 1,27 -4,-3 -9,69 -9,160 l -1,164 33,5 c 17,3 82,10 142,16 61,5 124,14 140,19 59,18 65,15 65,-36 z m 1025,-43 c 15,-24 29,-67 35,-107 6,-38 14,-86 19,-109 5,-26 3,-58 -5,-90 -18,-70 -3,-153 21,-114 7,12 25,4 25,-11 0,-5 -44,-9 -100,-9 -55,0 -100,2 -100,4 0,2 6,16 14,31 8,15 17,50 21,76 4,28 11,46 17,43 6,-4 7,7 3,28 -4,20 0,51 9,78 14,40 14,43 0,25 -8,-11 -17,-31 -20,-45 -11,-51 -18,-54 -23,-10 -4,33 -8,40 -13,27 -12,-27 -10,-61 4,-75 17,-17 2,-27 -17,-12 -9,7 -18,10 -22,7 -3,-4 6,-12 21,-18 31,-15 34,-43 9,-111 l -17,-48 -108,0 c -113,0 -131,8 -80,37 20,12 34,35 55,92 15,42 34,87 42,101 8,14 24,42 35,63 16,29 25,37 38,31 9,-4 29,-9 44,-11 25,-5 27,-3 33,53 6,54 22,114 31,114 2,0 15,-18 29,-40 z m 50,10 c 10,-11 14,-20 9,-20 -5,0 -15,9 -22,20 -7,11 -11,20 -9,20 2,0 12,-9 22,-20 z m 9,-49 c -5,-6 -34,20 -34,30 0,5 8,1 18,-8 10,-10 17,-20 16,-22 z m -294,-37 c 0,-3 -8,-18 -18,-32 -10,-15 -24,-52 -31,-82 -8,-30 -23,-67 -35,-82 -12,-15 -32,-43 -46,-64 -14,-20 -41,-52 -60,-70 L 995,60 853,60 c -79,0 -143,4 -143,9 0,4 -11,25 -25,44 -23,34 -23,37 -6,46 9,6 49,15 87,22 38,6 76,15 85,20 32,16 116,13 134,-4 15,-15 15,-17 1,-17 -9,0 -16,-6 -16,-14 0,-7 -12,-16 -27,-19 -30,-7 -91,-52 -83,-61 3,-3 19,6 34,19 30,26 38,29 69,26 9,-1 17,4 17,13 0,9 4,16 9,16 20,0 58,47 95,115 22,39 51,82 65,97 14,14 32,33 39,42 13,16 32,22 32,10 z m 1246,-41 c 21,-28 16,-39 -6,-15 -11,12 -20,24 -20,27 0,11 13,4 26,-12 z m -67,-89 c 12,-15 21,-40 21,-57 0,-17 7,-38 16,-48 8,-9 19,-42 23,-73 l 8,-56 -78,0 -79,0 11,27 c 6,16 18,36 27,46 15,16 15,17 0,12 -9,-4 -24,-23 -34,-43 -9,-20 -19,-31 -22,-24 -2,7 3,24 12,37 9,14 12,25 7,25 -14,0 -31,-34 -31,-59 0,-20 -6,-21 -100,-21 -55,0 -100,4 -100,8 0,5 14,18 30,30 22,16 30,31 30,52 0,17 5,30 10,30 6,0 10,6 10,13 0,7 6,22 14,32 13,18 15,17 50,-19 30,-32 38,-37 51,-26 8,7 15,19 15,26 0,17 68,114 80,114 5,0 18,-12 29,-26 z m -829,-41 c 0,-7 -7,-13 -15,-13 -8,0 -15,-5 -15,-10 0,-6 7,-13 15,-16 21,-8 19,-33 -2,-30 -14,2 -18,14 -20,54 -2,49 -1,51 17,39 11,-6 20,-17 20,-24 z m 521,-76 c -17,-29 -40,-62 -51,-72 -11,-10 -20,-24 -20,-32 0,-8 -12,-13 -35,-13 -38,0 -40,2 -25,31 6,11 21,19 35,19 14,0 25,5 25,11 0,12 93,120 98,114 2,-2 -10,-28 -27,-58 z M 1569,92 c 1,-18 -14,-7 -41,31 l -23,32 32,-25 c 18,-14 32,-31 32,-38 z m -900,12 c 12,-15 21,-31 21,-35 0,-5 -31,-9 -70,-9 -62,0 -70,2 -70,19 0,24 37,50 72,50 17,1 34,-8 47,-25 z"
       id="path6"
       inkscape:connector-curvature="0" />
    <path
       d="m 850,1819 c 0,-5 5,-7 10,-4 6,3 10,8 10,11 0,2 -4,4 -10,4 -5,0 -10,-5 -10,-11 z"
       id="path8"
       inkscape:connector-curvature="0" />
    <path
       d="m 121,1781 c -13,-24 8,-55 35,-49 23,4 32,38 10,38 -10,0 -13,-6 -9,-16 4,-12 2,-15 -8,-12 -24,8 -17,43 8,42 12,0 20,3 17,8 -9,15 -43,8 -53,-11 z"
       id="path10"
       inkscape:connector-curvature="0" />
    <path
       d="m 191,1763 c 0,-26 3,-32 8,-20 6,17 8,17 20,3 15,-18 41,-22 41,-6 0,14 28,12 33,-2 2,-7 7,-10 10,-7 9,7 -15,69 -26,69 -4,0 -13,-14 -19,-31 -11,-32 -23,-30 -23,4 0,15 -7,23 -22,25 -21,3 -23,-1 -22,-35 z m 29,17 c 0,-5 -4,-10 -10,-10 -5,0 -10,5 -10,10 0,6 5,10 10,10 6,0 10,-4 10,-10 z"
       id="path12"
       inkscape:connector-curvature="0" />
    <path
       d="m 310,1796 c 0,-14 24,-66 30,-66 10,0 32,61 25,68 -2,3 -9,-6 -14,-19 l -10,-24 -7,23 c -5,18 -24,32 -24,18 z"
       id="path14"
       inkscape:connector-curvature="0" />
    <path
       d="m 380,1765 c 0,-35 1,-35 43,-35 41,0 42,0 42,35 0,35 -1,35 -42,35 -42,0 -43,0 -43,-35 z m 60,0 c 0,-20 -5,-25 -25,-25 -31,0 -33,19 -2,21 l 22,2 -22,4 c -31,6 -29,23 2,23 20,0 25,-5 25,-25 z"
       id="path16"
       inkscape:connector-curvature="0" />
    <path
       d="m 510,1765 c 0,-32 2,-35 28,-34 23,2 24,2 5,6 -13,2 -23,8 -23,13 0,5 10,11 23,13 l 22,4 -22,2 c -13,0 -23,5 -23,10 0,5 10,12 23,14 19,4 18,4 -5,6 -26,1 -28,-2 -28,-34 z"
       id="path18"
       inkscape:connector-curvature="0" />
    <path
       d="m 570,1785 c 0,-9 7,-18 15,-21 20,-8 19,-21 -2,-28 -11,-3 -8,-4 6,-3 31,3 40,27 12,34 -31,8 -25,23 9,23 27,0 30,-3 30,-30 0,-16 5,-30 10,-30 6,0 10,14 10,30 0,17 5,30 10,30 6,0 10,-13 10,-30 0,-27 3,-30 33,-29 23,1 26,3 10,6 -27,5 -30,20 -5,26 16,4 16,5 0,6 -26,2 -22,19 5,24 12,2 -17,5 -65,6 -73,1 -88,-2 -88,-14 z"
       id="path20"
       inkscape:connector-curvature="0" />
    <path
       d="m 783,1765 c 13,-43 25,-44 38,-5 6,17 16,30 21,30 6,0 8,-13 6,-30 -3,-17 0,-30 6,-30 6,0 11,16 11,35 0,29 -4,35 -22,35 -14,0 -24,-8 -29,-22 l -7,-23 -10,23 c -16,35 -26,26 -14,-13 z"
       id="path22"
       inkscape:connector-curvature="0" />
    <path
       d="m 880,1764 c 0,-31 3,-35 21,-32 48,7 51,68 4,68 -22,0 -25,-4 -25,-36 z m 43,14 c 6,-19 -3,-38 -19,-38 -8,0 -14,10 -14,25 0,26 25,35 33,13 z"
       id="path24"
       inkscape:connector-curvature="0" />
    <path
       d="m 950,1765 c 0,-32 3,-35 28,-34 16,1 20,3 10,6 -24,6 -23,23 1,23 10,0 22,-7 25,-16 3,-9 15,-14 28,-12 18,2 23,9 23,33 0,24 -5,31 -23,33 -13,2 -25,-3 -28,-12 -3,-9 -15,-16 -25,-16 -24,0 -25,17 -1,23 10,3 6,5 -10,6 -25,1 -28,-2 -28,-34 z m 107,9 c 8,-21 -13,-42 -28,-27 -13,13 -5,43 11,43 6,0 13,-7 17,-16 z"
       id="path26"
       inkscape:connector-curvature="0" />
    <path
       d="m 1121,1769 c -14,-41 -14,-44 4,-29 12,10 18,10 30,0 18,-15 20,-1 3,35 -15,33 -24,32 -37,-6 z"
       id="path28"
       inkscape:connector-curvature="0" />
    <path
       d="m 1181,1763 c 1,-33 2,-35 8,-13 l 7,25 12,-22 c 18,-32 32,-29 32,7 0,43 30,41 31,-2 l 2,-33 4,30 c 3,16 10,33 16,37 7,4 -7,8 -30,8 -34,0 -43,-4 -43,-17 -1,-17 -1,-17 -11,0 -17,28 -29,19 -28,-20 z"
       id="path30"
       inkscape:connector-curvature="0" />
    <path
       d="m 1310,1764 0,-35 52,3 c 54,3 78,25 39,35 -28,7 -27,20 2,26 19,4 18,4 -5,6 -31,1 -40,-25 -13,-35 27,-11 16,-24 -20,-24 -36,0 -48,15 -17,23 16,4 16,5 0,6 -10,0 -18,5 -18,10 0,5 8,12 18,14 10,3 6,5 -10,6 -26,1 -28,-2 -28,-35 z"
       id="path32"
       inkscape:connector-curvature="0" />
    <path
       d="m 1791,1763 c 1,-27 3,-31 6,-14 4,18 7,21 13,10 5,-7 12,-11 15,-7 7,7 -16,48 -27,48 -5,0 -7,-17 -7,-37 z"
       id="path34"
       inkscape:connector-curvature="0" />
    <path
       d="m 1837,1792 c -8,-11 4,-62 14,-62 5,0 9,16 9,35 0,32 -12,46 -23,27 z"
       id="path36"
       inkscape:connector-curvature="0" />
    <path
       d="m 1870,1764 0,-35 52,3 c 54,3 78,25 39,35 -28,7 -27,20 2,26 19,4 18,4 -5,6 -31,1 -40,-25 -13,-35 27,-11 16,-24 -20,-24 -36,0 -48,15 -17,23 16,4 16,5 0,6 -10,0 -18,5 -18,10 0,5 8,12 18,14 10,3 6,5 -10,6 -26,1 -28,-2 -28,-35 z"
       id="path38"
       inkscape:connector-curvature="0" />
    <path
       d="m 1991,1763 c 1,-27 3,-31 6,-14 4,18 7,21 13,10 5,-7 12,-11 15,-7 7,7 -16,48 -27,48 -5,0 -7,-17 -7,-37 z"
       id="path40"
       inkscape:connector-curvature="0" />
    <path
       d="m 2037,1792 c -8,-11 4,-62 14,-62 5,0 9,8 9,17 0,15 1,15 13,-1 21,-28 52,-17 52,19 0,36 -31,47 -52,19 -12,-16 -13,-16 -13,-1 0,17 -15,23 -23,9 z m 80,-18 c 8,-21 -13,-42 -28,-27 -13,13 -5,43 11,43 6,0 13,-7 17,-16 z"
       id="path42"
       inkscape:connector-curvature="0" />
    <path
       d="m 2170,1765 c 0,-38 20,-50 21,-12 l 0,22 11,-22 c 16,-34 28,-28 27,15 -1,32 -2,34 -8,12 l -7,-25 -8,23 c -12,36 -36,27 -36,-13 z"
       id="path44"
       inkscape:connector-curvature="0" />
    <path
       d="m 2240,1764 0,-35 57,3 c 58,3 85,24 44,35 -31,8 -26,23 8,23 26,0 30,-4 34,-32 l 4,-33 1,33 c 3,43 32,45 32,2 0,-26 3,-30 28,-29 16,1 20,3 10,6 -10,2 -18,8 -18,13 0,5 8,11 18,13 16,4 16,5 0,6 -10,0 -18,5 -18,10 0,5 8,12 18,14 9,3 -36,5 -100,5 l -118,0 0,-34 z m 64,11 c 3,-8 12,-15 21,-15 8,0 15,-4 15,-10 0,-5 -18,-10 -40,-10 -38,0 -58,19 -22,21 16,1 16,2 0,6 -24,6 -23,23 1,23 10,0 21,-7 25,-15 z"
       id="path46"
       inkscape:connector-curvature="0" />
    <path
       d="m 2565,1700 c -3,-5 1,-10 9,-10 9,0 16,5 16,10 0,6 -4,10 -9,10 -6,0 -13,-4 -16,-10 z"
       id="path48"
       inkscape:connector-curvature="0" />
    <path
       d="m 120,1644 c 0,-31 3,-35 21,-32 48,7 51,68 4,68 -22,0 -25,-4 -25,-36 z m 43,14 c 6,-19 -3,-38 -19,-38 -8,0 -14,10 -14,25 0,26 25,35 33,13 z"
       id="path50"
       inkscape:connector-curvature="0" />
    <path
       d="m 190,1645 c 0,-32 2,-35 28,-34 23,2 24,2 5,6 -13,2 -23,8 -23,13 0,5 10,11 23,13 l 22,4 -22,2 c -13,0 -23,5 -23,10 0,5 10,12 23,14 19,4 18,4 -5,6 -26,1 -28,-2 -28,-34 z"
       id="path52"
       inkscape:connector-curvature="0" />
    <path
       d="m 281,1643 c 1,-27 3,-31 6,-14 4,18 7,21 13,10 5,-7 12,-11 15,-7 7,7 -16,48 -27,48 -5,0 -7,-17 -7,-37 z"
       id="path54"
       inkscape:connector-curvature="0" />
    <path
       d="m 327,1672 c -8,-11 4,-62 14,-62 5,0 9,16 9,35 0,32 -12,46 -23,27 z"
       id="path56"
       inkscape:connector-curvature="0" />
    <path
       d="m 367,1673 c -4,-3 -7,-17 -7,-30 0,-28 26,-41 51,-24 12,7 19,7 19,1 0,-18 20,-11 20,8 1,16 1,16 14,0 18,-25 21,-23 20,14 -1,28 -5,33 -27,36 -17,2 -27,-1 -27,-9 0,-10 -3,-10 -12,-1 -13,13 -41,16 -51,5 z m 40,-19 c 8,-21 -13,-42 -28,-27 -13,13 -5,43 11,43 6,0 13,-7 17,-16 z m 63,6 c 0,-5 -4,-10 -10,-10 -5,0 -10,5 -10,10 0,6 5,10 10,10 6,0 10,-4 10,-10 z"
       id="path58"
       inkscape:connector-curvature="0" />
    <path
       d="m 501,1643 c 0,-26 3,-32 8,-20 6,17 8,17 20,3 9,-11 30,-16 62,-16 40,0 49,3 49,18 1,16 1,16 14,0 18,-25 21,-23 20,14 -1,33 -1,33 -57,36 l -57,3 0,-32 c 0,-18 -3,-29 -7,-25 -5,4 -8,18 -8,29 0,15 -7,23 -22,25 -21,3 -23,-1 -22,-35 z m 29,17 c 0,-5 -4,-10 -10,-10 -5,0 -10,5 -10,10 0,6 5,10 10,10 6,0 10,-4 10,-10 z m 90,-15 c 0,-18 -5,-25 -20,-25 -25,0 -27,20 -2,21 16,1 16,2 0,6 -24,6 -23,23 2,23 15,0 20,-7 20,-25 z m 40,15 c 0,-5 -4,-10 -10,-10 -5,0 -10,5 -10,10 0,6 5,10 10,10 6,0 10,-4 10,-10 z"
       id="path60"
       inkscape:connector-curvature="0" />
    <path
       d="m 720,1645 c 0,-40 3,-42 32,-16 24,23 18,51 -12,51 -16,0 -20,-6 -20,-35 z m 35,16 c 3,-5 1,-12 -5,-16 -5,-3 -10,1 -10,9 0,18 6,21 15,7 z"
       id="path62"
       inkscape:connector-curvature="0" />
    <path
       d="m 783,1645 c -6,-20 -7,-35 -2,-35 5,0 9,5 9,10 0,6 7,10 15,10 8,0 15,-4 15,-10 0,-5 9,-10 20,-10 12,0 20,7 20,18 1,16 1,16 11,0 11,-19 49,-25 49,-8 0,6 7,10 15,10 8,0 15,-4 15,-10 0,-5 4,-10 10,-10 11,0 -14,63 -28,68 -6,2 -13,-11 -17,-28 -8,-37 -31,-34 -27,4 2,22 -1,26 -23,26 -21,0 -25,-5 -26,-32 l -1,-33 -14,33 c -18,41 -28,41 -41,-3 z m 97,21 c 0,-3 -4,-8 -10,-11 -5,-3 -10,-1 -10,4 0,6 5,11 10,11 6,0 10,-2 10,-4 z"
       id="path64"
       inkscape:connector-curvature="0" />
    <path
       d="m 1000,1645 c 0,-19 5,-35 10,-35 6,0 10,6 10,13 0,8 7,14 15,14 8,0 15,-6 15,-14 0,-7 5,-13 10,-13 6,0 10,16 10,35 0,37 -13,46 -28,19 -8,-15 -10,-15 -15,0 -11,28 -27,17 -27,-19 z"
       id="path66"
       inkscape:connector-curvature="0" />
    <path
       d="m 1084,1666 c -11,-28 1,-51 25,-51 32,0 49,28 32,49 -17,20 -50,21 -57,2 z m 43,-12 c 8,-21 -13,-42 -28,-27 -13,13 -5,43 11,43 6,0 13,-7 17,-16 z"
       id="path68"
       inkscape:connector-curvature="0" />
    <path
       d="m 1160,1665 c 0,-9 7,-18 15,-21 20,-8 19,-21 -2,-28 -11,-3 -8,-4 6,-3 31,3 40,27 12,34 -31,8 -25,23 9,23 27,0 30,-3 30,-30 0,-16 5,-30 10,-30 6,0 10,13 10,29 0,16 6,32 13,34 6,3 -14,6 -45,6 -46,1 -58,-2 -58,-14 z"
       id="path70"
       inkscape:connector-curvature="0" />
    <path
       d="m 1281,1643 c 0,-26 3,-32 8,-20 6,17 8,17 20,3 15,-18 41,-22 41,-6 0,6 7,10 15,10 8,0 15,-4 15,-10 0,-18 40,-11 40,8 1,16 1,16 14,0 18,-25 21,-23 20,14 -1,28 -5,33 -27,36 -23,3 -27,0 -28,-25 l -1,-28 -11,28 c -14,35 -26,34 -39,-4 -11,-32 -23,-30 -23,4 0,15 -7,23 -22,25 -21,3 -23,-1 -22,-35 z m 29,17 c 0,-5 -4,-10 -10,-10 -5,0 -10,5 -10,10 0,6 5,10 10,10 6,0 10,-4 10,-10 z m 130,0 c 0,-5 -4,-10 -10,-10 -5,0 -10,5 -10,10 0,6 5,10 10,10 6,0 10,-4 10,-10 z"
       id="path72"
       inkscape:connector-curvature="0" />
    <path
       d="m 1791,1643 c 1,-27 3,-31 6,-14 4,18 7,21 13,10 5,-7 12,-11 15,-7 7,7 -16,48 -27,48 -5,0 -7,-17 -7,-37 z"
       id="path74"
       inkscape:connector-curvature="0" />
    <path
       d="m 1837,1672 c -8,-11 4,-62 14,-62 5,0 9,16 9,35 0,32 -12,46 -23,27 z"
       id="path76"
       inkscape:connector-curvature="0" />
    <path
       d="m 1877,1673 c -4,-3 -7,-17 -7,-30 0,-28 26,-41 51,-24 12,7 19,7 19,1 0,-5 5,-10 10,-10 6,0 10,10 10,23 0,18 2,19 10,7 9,-13 11,-13 19,-1 7,11 10,9 14,-10 3,-17 5,-13 6,14 1,36 -11,50 -23,25 -5,-10 -7,-10 -12,0 -7,15 -34,16 -34,0 0,-9 -3,-9 -12,0 -13,13 -41,16 -51,5 z m 40,-19 c 8,-21 -13,-42 -28,-27 -13,13 -5,43 11,43 6,0 13,-7 17,-16 z"
       id="path78"
       inkscape:connector-curvature="0" />
    <path
       d="m 2020,1645 c 0,-34 1,-35 40,-35 35,0 40,3 41,23 l 0,22 11,-22 c 16,-34 28,-28 27,15 -1,32 -2,34 -8,12 l -7,-25 -8,23 c -6,18 -15,22 -52,22 -44,0 -44,0 -44,-35 z m 60,0 c 0,-18 -5,-25 -20,-25 -25,0 -27,20 -2,21 16,1 16,2 0,6 -24,6 -23,23 2,23 15,0 20,-7 20,-25 z"
       id="path80"
       inkscape:connector-curvature="0" />
    <path
       d="m 2158,1673 c 6,-2 12,-18 12,-34 0,-16 5,-29 10,-29 6,0 10,13 10,29 0,16 6,32 13,34 6,3 -4,5 -23,5 -19,0 -29,-2 -22,-5 z"
       id="path82"
       inkscape:connector-curvature="0" />
    <path
       d="m 2220,1665 c -18,-22 -1,-50 31,-50 20,0 24,5 24,30 0,23 -5,31 -21,33 -11,2 -27,-4 -34,-13 z m 40,-20 c 0,-16 -6,-25 -15,-25 -9,0 -15,9 -15,25 0,16 6,25 15,25 9,0 15,-9 15,-25 z"
       id="path84"
       inkscape:connector-curvature="0" />
    <path
       d="m 2350,1676 c 0,-14 24,-66 30,-66 10,0 32,61 25,68 -2,3 -9,-6 -14,-19 l -10,-24 -7,23 c -5,18 -24,32 -24,18 z"
       id="path86"
       inkscape:connector-curvature="0" />
    <path
       d="m 2419,1664 c -9,-11 -10,-20 -2,-32 14,-24 44,-27 59,-8 10,14 13,14 17,2 4,-10 21,-14 59,-13 29,0 43,2 31,4 -13,3 -23,8 -23,13 0,5 10,11 23,13 l 22,4 -22,2 c -13,0 -23,5 -23,10 0,5 10,11 23,14 12,2 -2,4 -31,4 -37,1 -55,-3 -61,-14 -7,-13 -9,-13 -14,1 -8,21 -41,21 -58,0 z m 41,-19 c 0,-16 -6,-25 -15,-25 -9,0 -15,9 -15,25 0,16 6,25 15,25 9,0 15,-9 15,-25 z m 74,19 c 21,-8 20,-30 -1,-38 -21,-8 -38,8 -30,28 7,18 9,18 31,10 z"
       id="path88"
       inkscape:connector-curvature="0" />
    <path
       d="m 2615,1670 c -8,-14 3,-30 21,-30 23,0 16,-20 -8,-21 -19,-1 -20,-2 -4,-6 28,-7 45,15 24,31 -10,7 -18,16 -18,19 0,3 8,8 18,10 13,4 12,5 -5,6 -12,0 -25,-3 -28,-9 z"
       id="path90"
       inkscape:connector-curvature="0" />
    <path
       d="m 2290,1615 c 0,-8 2,-15 4,-15 2,0 6,7 10,15 3,8 1,15 -4,15 -6,0 -10,-7 -10,-15 z"
       id="path92"
       inkscape:connector-curvature="0" />
    <path
       d="m 120,1531 c -9,-18 -7,-25 16,-46 15,-14 30,-25 33,-25 4,0 7,19 6,43 0,35 -3,42 -22,45 -14,2 -26,-4 -33,-17 z m 47,-7 c 8,-21 -13,-42 -28,-27 -13,13 -5,43 11,43 6,0 13,-7 17,-16 z"
       id="path94"
       inkscape:connector-curvature="0" />
    <path
       d="m 192,1518 c 2,-28 7,-33 28,-33 21,0 26,5 28,33 2,18 -1,32 -7,32 -6,0 -11,-13 -11,-30 0,-16 -4,-30 -10,-30 -5,0 -10,14 -10,30 0,17 -5,30 -11,30 -6,0 -9,-14 -7,-32 z"
       id="path96"
       inkscape:connector-curvature="0" />
    <path
       d="m 260,1515 c 0,-32 3,-35 28,-34 16,1 20,3 10,6 -10,2 -18,8 -18,13 0,5 8,11 18,13 16,4 16,5 0,6 -10,0 -18,5 -18,10 0,5 8,12 18,14 10,3 6,5 -10,6 -25,1 -28,-2 -28,-34 z"
       id="path98"
       inkscape:connector-curvature="0" />
    <path
       d="m 350,1515 c 0,-19 5,-35 10,-35 6,0 10,8 10,18 1,16 1,16 11,0 16,-29 29,-21 29,17 0,19 -4,35 -10,35 -5,0 -10,-8 -10,-17 -1,-17 -1,-17 -11,0 -16,28 -29,20 -29,-18 z"
       id="path100"
       inkscape:connector-curvature="0" />
    <path
       d="m 422,1518 c 2,-28 7,-33 28,-33 21,0 26,5 28,33 2,18 -1,32 -7,32 -6,0 -11,-13 -11,-30 0,-16 -4,-30 -10,-30 -5,0 -10,14 -10,30 0,17 -5,30 -11,30 -6,0 -9,-14 -7,-32 z"
       id="path102"
       inkscape:connector-curvature="0" />
    <path
       d="m 490,1515 c 0,-19 5,-35 10,-35 6,0 10,8 10,18 1,16 1,16 11,0 16,-29 29,-21 29,17 0,19 -4,35 -10,35 -5,0 -10,-8 -10,-17 -1,-17 -1,-17 -11,0 -16,28 -29,20 -29,-18 z"
       id="path104"
       inkscape:connector-curvature="0" />
    <path
       d="m 564,1536 c -3,-8 -4,-23 -2,-33 4,-22 53,-30 74,-12 11,9 17,9 29,-1 18,-15 20,-1 3,35 -14,32 -26,32 -34,0 -7,-27 -40,-43 -56,-27 -17,17 -1,45 22,39 11,-3 18,-1 14,4 -8,14 -44,10 -50,-5 z"
       id="path106"
       inkscape:connector-curvature="0" />
    <path
       d="m 722,1543 c 10,-2 18,-17 21,-36 l 4,-32 1,33 c 3,43 32,45 32,2 0,-26 3,-30 28,-29 23,2 24,2 5,6 -13,2 -23,8 -23,13 0,5 10,11 23,13 l 22,4 -22,2 c -13,0 -23,5 -23,10 0,5 10,12 23,14 12,2 -7,4 -43,4 -36,1 -57,-1 -48,-4 z"
       id="path108"
       inkscape:connector-curvature="0" />
    <path
       d="m 841,1513 c 1,-27 3,-31 6,-14 4,18 7,21 13,10 5,-7 12,-11 15,-7 7,7 -16,48 -27,48 -5,0 -7,-17 -7,-37 z"
       id="path110"
       inkscape:connector-curvature="0" />
    <path
       d="m 887,1542 c -8,-11 4,-62 14,-62 5,0 9,16 9,35 0,32 -12,46 -23,27 z"
       id="path112"
       inkscape:connector-curvature="0" />
    <path
       d="m 920,1515 c 0,-21 5,-35 13,-35 7,0 12,14 12,35 0,21 -5,35 -12,35 -8,0 -13,-14 -13,-35 z"
       id="path114"
       inkscape:connector-curvature="0" />
    <path
       d="m 999,1523 c -5,-14 -8,-31 -5,-37 3,-7 5,-6 5,2 1,6 7,12 15,12 8,0 16,-6 19,-12 2,-7 7,-10 10,-7 8,7 -15,69 -25,69 -5,0 -13,-12 -19,-27 z"
       id="path116"
       inkscape:connector-curvature="0" />
    <path
       d="m 1080,1515 c 0,-19 5,-35 10,-35 6,0 10,10 10,23 0,18 2,19 10,7 9,-13 11,-13 19,-1 7,11 10,9 14,-10 3,-17 5,-13 6,14 1,36 -11,50 -23,25 -5,-10 -7,-10 -12,0 -12,26 -34,12 -34,-23 z"
       id="path118"
       inkscape:connector-curvature="0" />
    <path
       d="m 1171,1532 c -13,-25 8,-56 35,-50 29,5 27,62 -3,66 -13,2 -26,-4 -32,-16 z m 46,-8 c 8,-21 -13,-42 -28,-27 -13,13 -5,43 11,43 6,0 13,-7 17,-16 z"
       id="path120"
       inkscape:connector-curvature="0" />
    <path
       d="m 1240,1515 c 0,-19 5,-35 10,-35 6,0 10,8 10,18 1,16 1,16 11,0 5,-10 15,-18 21,-18 7,0 7,4 0,13 -6,7 -9,23 -5,35 4,19 1,22 -21,22 -23,0 -26,-4 -26,-35 z m 40,21 c 0,-3 -4,-8 -10,-11 -5,-3 -10,-1 -10,4 0,6 5,11 10,11 6,0 10,-2 10,-4 z"
       id="path122"
       inkscape:connector-curvature="0" />
    <path
       d="m 1308,1543 c 6,-2 12,-18 12,-34 0,-16 5,-29 10,-29 6,0 10,13 10,29 0,16 6,32 13,34 6,3 -4,5 -23,5 -19,0 -29,-2 -22,-5 z"
       id="path124"
       inkscape:connector-curvature="0" />
    <path
       d="m 1370,1515 c 0,-32 2,-35 28,-34 23,2 24,2 5,6 -13,2 -23,8 -23,13 0,5 10,11 23,13 l 22,4 -22,2 c -13,0 -23,5 -23,10 0,5 10,12 23,14 19,4 18,4 -5,6 -26,1 -28,-2 -28,-34 z"
       id="path126"
       inkscape:connector-curvature="0" />
    <path
       d="m 1790,1513 c 0,-21 4,-33 8,-27 13,21 49,26 56,9 3,-10 15,-15 28,-13 18,2 23,9 23,33 0,35 -31,48 -51,21 -10,-15 -12,-15 -18,-1 -3,8 -15,15 -26,15 -17,0 -20,-6 -20,-37 z m 30,12 c 0,-8 -4,-15 -10,-15 -5,0 -10,7 -10,15 0,8 5,15 10,15 6,0 10,-7 10,-15 z m 77,-1 c 8,-21 -13,-42 -28,-27 -13,13 -5,43 11,43 6,0 13,-7 17,-16 z"
       id="path128"
       inkscape:connector-curvature="0" />
    <path
       d="m 1920,1515 c 0,-34 2,-36 28,-33 23,3 27,8 27,33 0,25 -4,30 -27,33 -26,3 -28,1 -28,-33 z m 45,0 c 0,-10 -6,-20 -12,-22 -8,-3 -13,5 -13,22 0,17 5,25 13,23 6,-3 12,-13 12,-23 z"
       id="path130"
       inkscape:connector-curvature="0" />
    <path
       d="m 1990,1515 c 0,-32 3,-35 28,-34 16,1 20,3 10,6 -10,2 -18,8 -18,13 0,5 8,11 18,13 16,4 16,5 0,6 -10,0 -18,5 -18,10 0,5 8,12 18,14 10,3 6,5 -10,6 -25,1 -28,-2 -28,-34 z"
       id="path132"
       inkscape:connector-curvature="0" />
    <path
       d="m 2050,1515 c 0,-19 5,-35 10,-35 6,0 10,6 10,13 0,8 7,14 15,14 8,0 15,-6 15,-14 0,-7 5,-13 10,-13 6,0 10,16 10,35 0,37 -13,46 -28,19 -8,-15 -10,-15 -15,0 -11,28 -27,17 -27,-19 z"
       id="path134"
       inkscape:connector-curvature="0" />
    <path
       d="m 2165,1540 c -8,-14 3,-30 21,-30 23,0 16,-18 -8,-23 -13,-2 4,-4 37,-4 33,0 52,2 43,4 -10,3 -18,8 -18,13 0,5 8,11 18,13 16,4 16,5 0,6 -10,0 -18,5 -18,10 0,5 8,12 18,14 10,3 6,5 -10,6 -21,1 -28,-4 -28,-18 0,-14 -5,-18 -20,-14 -25,7 -26,20 -2,26 13,4 12,5 -5,6 -12,0 -25,-3 -28,-9 z"
       id="path136"
       inkscape:connector-curvature="0" />
    <path
       d="m 2280,1515 c 0,-19 5,-35 10,-35 6,0 10,8 10,18 1,16 1,16 11,0 15,-27 29,-21 29,12 0,42 27,40 33,-2 l 4,-33 1,33 c 2,25 6,32 23,32 18,0 21,-5 17,-30 -3,-17 0,-30 6,-30 6,0 11,16 11,35 l 0,35 -57,0 c -48,0 -58,-3 -58,-17 -1,-17 -1,-17 -11,0 -16,28 -29,20 -29,-18 z"
       id="path138"
       inkscape:connector-curvature="0" />
    <path
       d="m 2450,1515 c 0,-19 5,-35 10,-35 6,0 10,8 10,18 1,16 1,16 11,0 5,-10 15,-18 21,-18 7,0 7,4 0,13 -6,7 -9,23 -5,35 4,19 1,22 -21,22 -23,0 -26,-4 -26,-35 z m 40,21 c 0,-3 -4,-8 -10,-11 -5,-3 -10,-1 -10,4 0,6 5,11 10,11 6,0 10,-2 10,-4 z"
       id="path140"
       inkscape:connector-curvature="0" />
    <path
       d="m 185,1410 c -8,-14 3,-30 21,-30 23,0 16,-20 -8,-21 -19,-1 -20,-2 -4,-6 28,-7 45,15 24,31 -10,7 -18,16 -18,19 0,3 8,8 18,10 13,4 12,5 -5,6 -12,0 -25,-3 -28,-9 z"
       id="path142"
       inkscape:connector-curvature="0" />
    <path
       d="m 240,1385 c 0,-32 3,-35 28,-34 16,1 20,3 10,6 -10,2 -18,8 -18,13 0,5 8,11 18,13 16,4 16,5 0,6 -10,0 -18,5 -18,10 0,5 8,12 18,14 10,3 6,5 -10,6 -25,1 -28,-2 -28,-34 z"
       id="path144"
       inkscape:connector-curvature="0" />
    <path
       d="m 301,1383 c 1,-27 3,-31 6,-14 4,18 7,21 13,10 5,-7 12,-11 15,-7 7,7 -16,48 -27,48 -5,0 -7,-17 -7,-37 z"
       id="path146"
       inkscape:connector-curvature="0" />
    <path
       d="m 347,1412 c -8,-11 4,-62 14,-62 5,0 9,16 9,35 0,32 -12,46 -23,27 z"
       id="path148"
       inkscape:connector-curvature="0" />
    <path
       d="m 380,1385 c 0,-40 3,-42 32,-16 24,23 18,51 -12,51 -16,0 -20,-6 -20,-35 z m 35,16 c 3,-5 1,-12 -5,-16 -5,-3 -10,1 -10,9 0,18 6,21 15,7 z"
       id="path150"
       inkscape:connector-curvature="0" />
    <path
       d="m 441,1383 c 0,-26 3,-32 8,-20 6,17 8,17 20,3 9,-10 28,-16 55,-15 23,1 31,4 19,6 -27,5 -30,20 -5,26 16,4 16,5 0,6 -26,2 -22,19 5,24 16,3 13,5 -10,6 -31,1 -33,-1 -33,-31 0,-17 -3,-28 -7,-24 -5,4 -8,18 -8,29 0,15 -7,23 -22,25 -21,3 -23,-1 -22,-35 z m 29,17 c 0,-5 -4,-10 -10,-10 -5,0 -10,5 -10,10 0,6 5,10 10,10 6,0 10,-4 10,-10 z"
       id="path152"
       inkscape:connector-curvature="0" />
    <path
       d="m 601,1389 c -14,-41 -14,-44 4,-29 12,10 18,10 30,0 18,-15 20,-1 3,35 -15,33 -24,32 -37,-6 z"
       id="path154"
       inkscape:connector-curvature="0" />
    <path
       d="m 661,1402 c -12,-23 4,-52 29,-52 11,0 20,4 20,9 0,5 -8,8 -17,7 -12,-1 -18,6 -18,19 0,13 6,20 18,19 9,-1 17,2 17,7 0,16 -39,9 -49,-9 z"
       id="path156"
       inkscape:connector-curvature="0" />
    <path
       d="m 720,1385 c 0,-19 5,-35 10,-35 6,0 10,8 10,18 1,16 1,16 11,0 14,-25 130,-26 150,-2 23,29 -1,49 -65,52 l -56,3 0,-31 c 0,-18 -4,-29 -10,-25 -6,3 -7,17 -4,31 5,21 3,24 -20,24 -23,0 -26,-4 -26,-35 z m 40,21 c 0,-3 -4,-8 -10,-11 -5,-3 -10,-1 -10,4 0,6 5,11 10,11 6,0 10,-2 10,-4 z m 80,-21 c 0,-18 -5,-25 -20,-25 -25,0 -27,20 -2,21 16,1 16,2 0,6 -24,6 -23,23 2,23 15,0 20,-7 20,-25 z m 45,0 c 0,-10 -6,-20 -12,-22 -8,-3 -13,5 -13,22 0,17 5,25 13,23 6,-3 12,-13 12,-23 z"
       id="path158"
       inkscape:connector-curvature="0" />
    <path
       d="m 915,1385 c 0,-25 4,-35 16,-35 12,0 14,7 11,30 -3,23 0,30 12,30 11,0 16,-9 16,-30 0,-16 5,-30 10,-30 6,0 10,14 10,30 0,17 5,30 10,30 6,0 10,-13 10,-30 0,-29 1,-30 48,-30 l 47,0 0,35 0,35 -95,0 -95,0 0,-35 z m 165,0 c 0,-20 -5,-25 -25,-25 -28,0 -35,19 -7,21 16,1 16,2 0,6 -27,7 -22,23 7,23 20,0 25,-5 25,-25 z"
       id="path160"
       inkscape:connector-curvature="0" />
    <path
       d="m 1140,1385 c 0,-38 20,-50 21,-12 l 0,22 11,-22 c 16,-34 28,-28 27,15 -1,32 -2,34 -8,12 l -7,-25 -8,23 c -12,36 -36,27 -36,-13 z"
       id="path162"
       inkscape:connector-curvature="0" />
    <path
       d="m 1221,1389 c -14,-41 -14,-44 4,-29 12,10 18,10 30,0 18,-15 20,-1 3,35 -15,33 -24,32 -37,-6 z"
       id="path164"
       inkscape:connector-curvature="0" />
    <path
       d="m 1791,1383 c 1,-27 3,-31 6,-14 4,18 7,21 13,10 5,-7 12,-11 15,-7 7,7 -16,48 -27,48 -5,0 -7,-17 -7,-37 z"
       id="path166"
       inkscape:connector-curvature="0" />
    <path
       d="m 1837,1412 c -8,-11 4,-62 14,-62 5,0 9,16 9,35 0,32 -12,46 -23,27 z"
       id="path168"
       inkscape:connector-curvature="0" />
    <path
       d="m 1875,1385 c 0,-19 5,-35 10,-35 6,0 10,16 10,35 0,19 -4,35 -10,35 -5,0 -10,-16 -10,-35 z"
       id="path170"
       inkscape:connector-curvature="0" />
    <path
       d="m 1911,1383 c 1,-33 2,-35 8,-13 l 7,25 12,-22 c 18,-33 32,-28 32,12 0,19 -4,35 -10,35 -5,0 -10,-8 -10,-17 -1,-17 -1,-17 -11,0 -17,28 -29,19 -28,-20 z"
       id="path172"
       inkscape:connector-curvature="0" />
    <path
       d="m 1982,1385 c 0,-22 2,-32 5,-22 5,21 33,23 33,2 0,-8 5,-15 10,-15 6,0 10,16 10,35 0,19 -4,35 -10,35 -5,0 -10,-7 -10,-15 0,-21 -28,-19 -33,3 -3,9 -5,-1 -5,-23 z"
       id="path174"
       inkscape:connector-curvature="0" />
    <path
       d="m 2059,1393 c -5,-14 -8,-31 -5,-37 3,-7 5,-6 5,2 1,6 7,12 15,12 8,0 16,-6 19,-12 2,-7 7,-10 10,-7 8,7 -15,69 -25,69 -5,0 -13,-12 -19,-27 z"
       id="path176"
       inkscape:connector-curvature="0" />
    <path
       d="m 2140,1385 c 0,-19 5,-35 10,-35 6,0 10,5 10,10 0,6 6,10 14,10 8,0 17,6 19,13 3,6 6,2 6,-10 1,-27 21,-31 21,-5 1,16 1,16 14,0 18,-25 21,-23 20,14 -1,33 -1,33 -57,35 l -57,3 0,-35 z m 40,10 c 0,-8 -4,-15 -10,-15 -5,0 -10,7 -10,15 0,8 5,15 10,15 6,0 10,-7 10,-15 z m 60,5 c 0,-5 -4,-10 -10,-10 -5,0 -10,5 -10,10 0,6 5,10 10,10 6,0 10,-4 10,-10 z"
       id="path178"
       inkscape:connector-curvature="0" />
    <path
       d="m 2270,1385 c 0,-32 2,-35 28,-34 23,2 24,2 5,6 -13,2 -23,8 -23,13 0,5 10,11 23,13 l 22,4 -22,2 c -13,0 -23,5 -23,10 0,5 10,12 23,14 19,4 18,4 -5,6 -26,1 -28,-2 -28,-34 z"
       id="path180"
       inkscape:connector-curvature="0" />
    <path
       d="m 2330,1405 c 0,-9 7,-18 15,-21 20,-8 19,-22 -2,-27 -10,-2 12,-4 50,-5 63,-2 67,0 68,21 l 0,22 11,-22 c 16,-34 28,-28 27,15 -1,32 -2,34 -8,12 l -7,-25 -8,23 c -7,20 -14,22 -77,22 -55,0 -69,-3 -69,-15 z m 50,-9 c 0,-9 -7,-12 -20,-9 -11,3 -20,9 -20,14 0,5 9,9 20,9 11,0 20,-6 20,-14 z m 60,-11 c 0,-18 -5,-25 -20,-25 -25,0 -27,20 -2,21 16,1 16,2 0,6 -24,6 -23,23 2,23 15,0 20,-7 20,-25 z"
       id="path182"
       inkscape:connector-curvature="0" />
    <path
       d="m 2522,1408 c -18,-18 -15,-35 10,-52 13,-10 17,-16 9,-16 -8,0 -12,-2 -9,-5 6,-6 58,18 58,28 0,4 7,7 15,7 8,0 15,-4 15,-10 0,-5 10,-9 23,-9 15,1 17,3 5,6 -9,2 -21,17 -27,34 -10,30 -31,40 -31,15 0,-8 -7,-22 -16,-30 -24,-24 -44,-20 -44,10 0,21 4,25 20,21 11,-3 20,-1 20,4 0,13 -34,11 -48,-3 z"
       id="path184"
       inkscape:connector-curvature="0" />
    <path
       d="m 2640,1395 c 0,-14 5,-25 10,-25 6,0 10,11 10,25 0,14 -4,25 -10,25 -5,0 -10,-11 -10,-25 z"
       id="path186"
       inkscape:connector-curvature="0" />
    <path
       d="m 253,1265 c 13,-43 25,-44 38,-5 6,17 16,30 21,30 6,0 8,-13 6,-30 -3,-17 0,-30 6,-30 6,0 11,16 11,35 0,29 -4,35 -22,35 -14,0 -24,-8 -29,-22 l -7,-23 -10,23 c -16,35 -26,26 -14,-13 z"
       id="path188"
       inkscape:connector-curvature="0" />
    <path
       d="m 350,1264 c 0,-31 3,-35 21,-32 48,7 51,68 4,68 -22,0 -25,-4 -25,-36 z m 43,14 c 6,-19 -3,-38 -19,-38 -8,0 -14,10 -14,25 0,26 25,35 33,13 z"
       id="path190"
       inkscape:connector-curvature="0" />
    <path
       d="m 429,1273 c -5,-14 -8,-31 -5,-37 3,-7 5,-6 5,2 1,6 7,12 15,12 8,0 16,-6 19,-12 2,-7 7,-10 10,-7 8,7 -15,69 -25,69 -5,0 -13,-12 -19,-27 z"
       id="path192"
       inkscape:connector-curvature="0" />
    <path
       d="m 510,1265 c 0,-33 2,-35 33,-34 23,1 26,3 10,6 -27,5 -30,20 -5,26 16,4 16,5 0,6 -31,2 -19,21 12,21 27,0 30,-3 30,-30 0,-16 5,-30 10,-30 6,0 10,14 10,30 0,17 5,30 10,30 6,0 10,-13 10,-30 0,-28 2,-30 40,-30 31,0 40,4 40,18 1,16 1,16 14,0 18,-25 21,-23 20,14 l -1,33 -116,3 -117,3 0,-36 z m 180,0 c 0,-18 -5,-25 -20,-25 -25,0 -27,20 -2,21 16,1 16,2 0,6 -24,6 -23,23 2,23 15,0 20,-7 20,-25 z m 40,15 c 0,-5 -4,-10 -10,-10 -5,0 -10,5 -10,10 0,6 5,10 10,10 6,0 10,-4 10,-10 z"
       id="path194"
       inkscape:connector-curvature="0" />
    <path
       d="m 761,1263 c 1,-33 2,-35 8,-13 l 7,25 12,-22 c 13,-23 52,-32 52,-13 0,6 7,10 15,10 8,0 15,-4 15,-10 0,-5 4,-10 10,-10 11,0 -14,63 -27,67 -6,2 -15,-11 -20,-29 l -11,-33 -1,33 c -1,33 -21,46 -21,15 -1,-17 -1,-17 -11,0 -17,28 -29,19 -28,-20 z"
       id="path196"
       inkscape:connector-curvature="0" />
    <path
       d="m 173,1233 c 9,-2 17,-12 17,-22 0,-36 44,-83 90,-98 25,-8 51,-16 58,-19 10,-3 9,-10 -6,-31 -30,-42 -37,-73 -17,-73 9,0 14,-4 11,-9 -4,-5 -1,-11 5,-13 9,-3 9,-10 0,-27 -7,-12 -11,-24 -9,-27 2,-2 15,19 29,46 13,27 27,50 32,50 4,0 7,7 7,16 0,11 -5,14 -16,10 -12,-5 -14,-1 -9,17 5,17 4,18 -4,7 -5,-8 -14,-11 -18,-6 -4,4 1,14 12,22 20,15 20,15 1,30 -11,8 -28,14 -38,14 -46,0 -89,29 -109,75 -13,29 -26,45 -37,44 -16,-1 -15,-2 1,-6 z m 162,-202 c -5,-16 -2,-18 16,-14 20,5 20,4 9,-18 -16,-30 -25,-39 -17,-16 4,11 1,17 -8,17 -15,0 -21,31 -8,43 11,12 15,8 8,-12 z"
       id="path198"
       inkscape:connector-curvature="0" />
    <path
       d="m 396,1111 c -4,-6 9,-14 31,-20 52,-13 573,-14 573,-1 0,6 -84,9 -227,9 -236,-1 -313,3 -349,15 -13,5 -25,3 -28,-3 z"
       id="path200"
       inkscape:connector-curvature="0" />
    <path
       d="m 1470,1094 c 0,-6 11,-21 25,-34 30,-29 24,-41 -7,-14 -21,17 -21,16 1,-9 14,-15 30,-27 38,-27 16,0 16,5 3,31 -8,14 -7,19 1,19 8,0 8,4 -1,15 -7,9 -19,14 -25,11 -7,-2 -18,1 -24,7 -7,7 -11,7 -11,1 z m 50,-24 c 0,-5 -4,-10 -10,-10 -5,0 -10,5 -10,10 0,6 5,10 10,10 6,0 10,-4 10,-10 z"
       id="path202"
       inkscape:connector-curvature="0" />
    <path
       d="m 1471,1018 c 25,-37 79,-86 79,-72 0,3 -23,30 -52,58 -47,46 -50,48 -27,14 z"
       id="path204"
       inkscape:connector-curvature="0" />
    <path
       d="m 301,939 c -7,-12 -10,-23 -8,-26 3,-3 11,5 17,17 15,28 8,35 -9,9 z"
       id="path206"
       inkscape:connector-curvature="0" />
    <path
       d="m 266,875 c -3,-8 -1,-15 4,-15 6,0 10,7 10,15 0,8 -2,15 -4,15 -2,0 -6,-7 -10,-15 z"
       id="path208"
       inkscape:connector-curvature="0" />
    <path
       d="m 295,880 c -3,-5 -1,-10 4,-10 6,0 11,5 11,10 0,6 -2,10 -4,10 -3,0 -8,-4 -11,-10 z"
       id="path210"
       inkscape:connector-curvature="0" />
    <path
       d="m 2230,920 c 0,-13 11,-13 30,0 12,8 11,10 -7,10 -13,0 -23,-4 -23,-10 z"
       id="path212"
       inkscape:connector-curvature="0" />
    <path
       d="m 2310,920 c 0,-5 11,-10 25,-10 14,0 25,5 25,10 0,6 -11,10 -25,10 -14,0 -25,-4 -25,-10 z"
       id="path214"
       inkscape:connector-curvature="0" />
    <path
       d="m 2560,817 c 0,-14 50,-75 67,-81 11,-4 9,1 -5,16 -12,13 -30,34 -41,48 -11,14 -20,21 -21,17 z"
       id="path216"
       inkscape:connector-curvature="0" />
    <path
       d="m 2630,791 c 0,-5 7,-12 16,-15 14,-5 15,-4 4,9 -14,17 -20,19 -20,6 z"
       id="path218"
       inkscape:connector-curvature="0" />
    <path
       d="m 2550,773 c 0,-12 70,-78 91,-85 12,-4 12,-7 0,-21 -9,-11 -10,-17 -2,-17 6,0 11,-6 11,-12 0,-7 13,-22 28,-33 l 27,-19 -27,33 c -16,18 -28,38 -28,44 1,7 12,-1 26,-18 22,-26 25,-27 19,-7 -4,13 -2,22 5,22 21,0 -30,44 -56,47 -13,2 -40,20 -59,40 -19,21 -35,32 -35,26 z m 131,-100 c 13,-16 12,-17 -3,-4 -17,13 -22,21 -14,21 2,0 10,-8 17,-17 z"
       id="path220"
       inkscape:connector-curvature="0" />
    <path
       d="m 2435,720 c 3,-5 11,-10 16,-10 6,0 7,5 4,10 -3,6 -11,10 -16,10 -6,0 -7,-4 -4,-10 z"
       id="path222"
       inkscape:connector-curvature="0" />
    <path
       d="m 2700,501 c 0,-5 5,-13 10,-16 6,-3 10,-2 10,4 0,5 -4,13 -10,16 -5,3 -10,2 -10,-4 z"
       id="path224"
       inkscape:connector-curvature="0" />
    <path
       d="m 1320,934 c -17,-43 -9,-80 15,-76 19,2 19,2 3,-11 -17,-13 -25,-37 -13,-37 3,0 14,8 25,17 31,27 24,50 -12,44 -5,0 -8,15 -8,35 0,29 3,35 16,30 10,-4 14,-1 12,6 -8,23 -28,19 -38,-8 z"
       id="path226"
       inkscape:connector-curvature="0" />
    <path
       d="m 1480,722 c 0,-5 9,-17 20,-27 11,-10 20,-15 20,-12 0,4 -9,16 -20,27 -11,11 -20,16 -20,12 z"
       id="path228"
       inkscape:connector-curvature="0" />
    <path
       d="m 1460,704 c 0,-6 6,-16 13,-23 10,-11 9,-13 -3,-9 -8,3 -20,0 -27,-7 -9,-10 -2,-22 33,-55 25,-23 48,-39 51,-36 4,3 -2,13 -13,22 -16,13 -16,15 -2,10 21,-6 13,20 -8,28 -10,4 -13,13 -10,24 4,12 -1,26 -14,37 -11,10 -20,14 -20,9 z m 20,-64 c 10,-19 10,-20 -9,-8 -22,13 -28,28 -11,28 5,0 14,-9 20,-20 z"
       id="path230"
       inkscape:connector-curvature="0" />
    <path
       d="m 1500,650 c 0,-5 5,-10 10,-10 6,0 10,5 10,10 0,6 -4,10 -10,10 -5,0 -10,-4 -10,-10 z"
       id="path232"
       inkscape:connector-curvature="0" />
    <path
       d="m 2090,795 c 0,-8 6,-12 14,-9 9,4 21,-6 31,-26 15,-30 15,-33 -2,-45 -17,-13 -17,-15 9,-39 23,-22 27,-23 30,-8 2,9 -5,22 -17,29 -17,11 -18,12 -2,13 23,0 22,14 -5,61 -22,39 -58,54 -58,24 z"
       id="path234"
       inkscape:connector-curvature="0" />
    <path
       d="m 2460,498 c 0,-9 -5,-18 -12,-20 -7,-3 -5,-13 7,-31 21,-32 32,-29 15,4 -11,19 -10,21 4,16 14,-6 15,-3 5,16 -16,30 -19,33 -19,15 z"
       id="path236"
       inkscape:connector-curvature="0" />
    <path
       d="m 90,339 c 0,-5 5,-7 10,-4 6,3 10,8 10,11 0,2 -4,4 -10,4 -5,0 -10,-5 -10,-11 z"
       id="path238"
       inkscape:connector-curvature="0" />
    <path
       d="m 96,274 c -3,-9 -6,-23 -6,-32 0,-13 2,-14 9,-4 4,8 12,13 17,12 5,0 9,5 10,12 1,10 0,10 -3,0 -3,-7 -8,-10 -13,-7 -5,3 -7,12 -3,20 3,8 3,15 0,15 -3,0 -8,-7 -11,-16 z"
       id="path240"
       inkscape:connector-curvature="0" />
    <path
       d="m 136,235 c -3,-8 -1,-15 4,-15 6,0 10,7 10,15 0,8 -2,15 -4,15 -2,0 -6,-7 -10,-15 z"
       id="path242"
       inkscape:connector-curvature="0" />
    <path
       d="m 103,223 c -15,-5 -18,-33 -4,-33 5,0 11,9 14,20 3,11 4,20 4,19 -1,0 -8,-3 -14,-6 z"
       id="path244"
       inkscape:connector-curvature="0" />
    <path
       d="m 126,183 c -6,-14 -5,-15 5,-6 7,7 10,15 7,18 -3,3 -9,-2 -12,-12 z"
       id="path246"
       inkscape:connector-curvature="0" />
    <path
       d="m 207,151 c -4,-17 -3,-21 5,-13 5,5 8,16 6,23 -3,8 -7,3 -11,-10 z"
       id="path248"
       inkscape:connector-curvature="0" />
    <path
       d="m 2250,85 c 0,-8 2,-15 4,-15 2,0 6,7 10,15 3,8 1,15 -4,15 -6,0 -10,-7 -10,-15 z"
       id="path250"
       inkscape:connector-curvature="0" />
  </g>
  <rect
     style="fill:#ffffff;fill-opacity:1;stroke:none"
     id="rect3245"
     width="145.93965"
     height="50.722927"
     x="7.7842312"
     y="13.867661" />
  <rect
     style="fill:#ffffff;fill-opacity:1;stroke:none"
     id="rect3247"
     width="94.326836"
     height="9.4920101"
     x="20.53912"
     y="67.260216" />
  <text
     xml:space="preserve"
     style="font-size:9.96920013px;font-style:normal;font-weight:normal;line-height:125%;letter-spacing:0px;word-spacing:0px;fill:#000000;fill-opacity:1;stroke:none;font-family:Sans"
     x="11.930104"
     y="23.96801"
     id="text3233"
     sodipodi:linespacing="125%"><tspan
       sodipodi:role="line"
       id="tspan3235"
       x="11.930104"
       y="23.96801"
       style="font-style:normal;font-variant:normal;font-weight:bold;font-stretch:normal;font-family:Comic Sans MS;-inkscape-font-specification:Comic Sans MS">GRAVEI ESTE VÍDEO ANTES</tspan><tspan
       sodipodi:role="line"
       x="11.930104"
       y="36.429512"
       id="tspan3237"
       style="font-style:normal;font-variant:normal;font-weight:bold;font-stretch:normal;font-family:Comic Sans MS;-inkscape-font-specification:Comic Sans MS">DE MORRER PARA MOSTRAR</tspan><tspan
       sodipodi:role="line"
       x="11.930104"
       y="48.89101"
       id="tspan3239"
       style="font-style:normal;font-variant:normal;font-weight:bold;font-stretch:normal;font-family:Comic Sans MS;-inkscape-font-specification:Comic Sans MS">QUE NUNCA TEMI A MORTE</tspan><tspan
       sodipodi:role="line"
       x="11.930104"
       y="61.352509"
       id="tspan3241"
       style="font-style:normal;font-variant:normal;font-weight:bold;font-stretch:normal;font-family:Comic Sans MS;-inkscape-font-specification:Comic Sans MS">SEMPRE ACREDITEI NA</tspan><tspan
       sodipodi:role="line"
       x="11.930104"
       y="73.814011"
       id="tspan3243"
       style="font-style:normal;font-variant:normal;font-weight:bold;font-stretch:normal;font-family:Comic Sans MS;-inkscape-font-specification:Comic Sans MS">     VIDA ETERNA</tspan></text>
  <rect
     style="fill:#ffffff;fill-opacity:1;stroke:none"
     id="rect3259"
     width="95.809975"
     height="54.579052"
     x="173.30115"
     y="14.460912" />
  <text
     xml:space="preserve"
     style="font-size:9.76134872px;font-style:normal;font-weight:normal;line-height:125%;letter-spacing:0px;word-spacing:0px;fill:#000000;fill-opacity:1;stroke:none;font-family:Sans"
     x="173.26768"
     y="30.708981"
     id="text3249"
     sodipodi:linespacing="125%"><tspan
       sodipodi:role="line"
       id="tspan3251"
       x="173.26768"
       y="30.708981"
       style="font-style:normal;font-variant:normal;font-weight:bold;font-stretch:normal;font-family:Comic Sans MS;-inkscape-font-specification:Comic Sans MS Bold">MESMO NESTE</tspan><tspan
       sodipodi:role="line"
       x="173.26768"
       y="42.910667"
       id="tspan3253"
       style="font-style:normal;font-variant:normal;font-weight:bold;font-stretch:normal;font-family:Comic Sans MS;-inkscape-font-specification:Comic Sans MS Bold">MOMENTO, VOCÊS</tspan><tspan
       sodipodi:role="line"
       x="173.26768"
       y="55.112354"
       id="tspan3255"
       style="font-style:normal;font-variant:normal;font-weight:bold;font-stretch:normal;font-family:Comic Sans MS;-inkscape-font-specification:Comic Sans MS Bold">PODEM SENTIR</tspan><tspan
       sodipodi:role="line"
       x="173.26768"
       y="67.314041"
       id="tspan3257"
       style="font-style:normal;font-variant:normal;font-weight:bold;font-stretch:normal;font-family:Comic Sans MS;-inkscape-font-specification:Comic Sans MS Bold">MINHA PRESENÇA!</tspan></text>
</svg>
