<?xml version="1.0" standalone="no"?>
<!DOCTYPE svg PUBLIC "-//W3C//DTD SVG 20010904//EN"
 "http://www.w3.org/TR/2001/REC-SVG-20010904/DTD/svg10.dtd">
<svg version="1.0" xmlns="http://www.w3.org/2000/svg"
 width="900.000000pt" height="777.000000pt" viewBox="0 0 900.000000 777.000000"
 preserveAspectRatio="xMidYMid meet">
<metadata>
Created by potrace 1.10, written by Peter Selinger 2001-2011
</metadata>
<g transform="translate(0.000000,777.000000) scale(0.100000,-0.100000)"
fill="#000000" stroke="none">
<path d="M220 7751 c0 -32 11 -51 29 -51 24 0 41 20 41 47 0 20 -5 23 -35 23
-28 0 -35 -4 -35 -19z"/>
<path d="M1330 7761 c0 -28 21 -61 40 -61 13 0 24 10 30 26 16 40 13 44 -30
44 -22 0 -40 -4 -40 -9z"/>
<path d="M2450 7747 c0 -42 50 -66 64 -31 15 39 7 54 -29 54 -30 0 -35 -3 -35
-23z"/>
<path d="M3570 7754 c0 -43 41 -72 54 -38 14 37 7 54 -24 54 -21 0 -30 -5 -30
-16z"/>
<path d="M4692 7738 c2 -25 8 -33 23 -33 15 0 21 8 23 33 3 29 1 32 -23 32
-24 0 -26 -3 -23 -32z"/>
<path d="M5802 7738 c2 -25 8 -33 23 -33 15 0 21 8 23 33 3 29 1 32 -23 32
-24 0 -26 -3 -23 -32z"/>
<path d="M6942 7738 c2 -25 8 -33 23 -33 15 0 21 8 23 33 3 29 1 32 -23 32
-24 0 -26 -3 -23 -32z"/>
<path d="M8052 7738 c2 -25 8 -33 23 -33 15 0 21 8 23 33 3 29 1 32 -23 32
-24 0 -26 -3 -23 -32z"/>
<path d="M224 7636 c-3 -8 -4 -25 -2 -38 2 -18 9 -23 33 -23 26 0 30 4 33 29
2 16 -2 32 -10 37 -20 13 -48 11 -54 -5z"/>
<path d="M1335 7630 c-11 -35 3 -60 35 -60 20 0 31 6 35 20 11 35 -3 60 -35
60 -20 0 -31 -6 -35 -20z"/>
<path d="M2462 7641 c-8 -4 -12 -21 -10 -37 3 -25 7 -29 33 -29 28 0 30 3 30
35 0 27 -4 36 -20 38 -11 1 -26 -2 -33 -7z"/>
<path d="M3574 7636 c-3 -8 -4 -25 -2 -38 2 -17 9 -23 28 -23 22 0 25 4 25 35
0 29 -4 36 -23 38 -13 2 -24 -3 -28 -12z"/>
<path d="M4697 7644 c-13 -13 -7 -72 7 -77 21 -8 38 17 34 50 -3 27 -26 42
-41 27z"/>
<path d="M5807 7644 c-13 -13 -7 -72 7 -77 21 -8 38 17 34 50 -3 27 -26 42
-41 27z"/>
<path d="M6947 7644 c-13 -13 -7 -72 7 -77 21 -8 38 17 34 50 -3 27 -26 42
-41 27z"/>
<path d="M8057 7644 c-12 -12 -8 -61 7 -73 19 -16 38 10 34 46 -3 27 -26 42
-41 27z"/>
<path d="M226 7504 c-19 -49 3 -88 42 -73 40 15 25 89 -19 89 -9 0 -20 -7 -23
-16z"/>
<path d="M1339 7494 c-14 -40 -3 -64 31 -64 34 0 45 24 31 64 -7 16 -18 26
-31 26 -13 0 -24 -10 -31 -26z"/>
<path d="M2468 7509 c-25 -14 -23 -65 3 -79 37 -20 62 24 43 74 -7 18 -21 20
-46 5z"/>
<path d="M3580 7501 c-22 -42 -1 -89 34 -75 16 6 22 48 10 78 -8 22 -31 20
-44 -3z"/>
<path d="M4694 7507 c-3 -8 -4 -30 -2 -49 2 -25 8 -33 23 -33 17 0 20 7 20 45
0 35 -4 45 -18 48 -9 2 -20 -3 -23 -11z"/>
<path d="M5804 7507 c-3 -8 -4 -30 -2 -49 2 -25 8 -33 23 -33 17 0 20 7 20 45
0 35 -4 45 -18 48 -9 2 -20 -3 -23 -11z"/>
<path d="M6944 7507 c-3 -8 -4 -30 -2 -49 2 -25 8 -33 23 -33 17 0 20 7 20 45
0 35 -4 45 -18 48 -9 2 -20 -3 -23 -11z"/>
<path d="M8054 7507 c-3 -8 -4 -30 -2 -49 2 -25 8 -33 23 -33 17 0 20 7 20 45
0 35 -4 45 -18 48 -9 2 -20 -3 -23 -11z"/>
<path d="M232 7368 c-16 -16 -15 -50 1 -72 11 -15 17 -17 35 -7 29 15 30 66 3
81 -24 13 -24 13 -39 -2z"/>
<path d="M2468 7369 c-26 -15 -23 -65 4 -80 18 -10 24 -8 35 7 16 22 17 56 1
72 -14 14 -18 14 -40 1z"/>
<path d="M3582 7368 c-15 -15 -16 -43 -2 -69 23 -43 57 -6 48 52 -3 27 -27 36
-46 17z"/>
<path d="M4697 7374 c-14 -15 -7 -84 9 -91 22 -8 35 15 32 57 -3 33 -24 51
-41 34z"/>
<path d="M5804 7367 c-3 -8 -4 -30 -2 -49 2 -25 8 -33 23 -33 17 0 20 7 20 45
0 35 -4 45 -18 48 -9 2 -20 -3 -23 -11z"/>
<path d="M6947 7374 c-14 -15 -7 -84 9 -91 22 -8 35 15 32 57 -3 33 -24 51
-41 34z"/>
<path d="M8054 7367 c-3 -8 -4 -30 -2 -49 2 -25 8 -33 23 -33 17 0 20 7 20 45
0 35 -4 45 -18 48 -9 2 -20 -3 -23 -11z"/>
<path d="M1336 7354 c-15 -38 15 -81 48 -68 16 6 31 58 21 74 -10 16 -62 12
-69 -6z"/>
<path d="M4701 7226 c-19 -23 -10 -61 14 -61 14 0 21 8 23 26 4 33 -20 56 -37
35z"/>
<path d="M5811 7226 c-19 -23 -10 -61 14 -61 14 0 21 8 23 26 4 33 -20 56 -37
35z"/>
<path d="M6944 7226 c-3 -8 -4 -27 -2 -43 2 -20 8 -28 23 -28 22 0 30 24 21
61 -7 26 -33 33 -42 10z"/>
<path d="M8054 7216 c-9 -37 -1 -61 21 -61 17 0 20 7 20 40 0 30 -4 41 -17 43
-12 2 -19 -5 -24 -22z"/>
<path d="M224 7216 c-10 -26 5 -66 24 -66 30 0 44 16 40 46 -2 23 -9 30 -31
32 -18 2 -29 -2 -33 -12z"/>
<path d="M1335 7210 c-8 -26 11 -60 34 -60 27 0 44 26 37 55 -5 20 -13 25 -36
25 -20 0 -31 -6 -35 -20z"/>
<path d="M2457 7224 c-4 -4 -7 -20 -7 -35 0 -22 6 -30 26 -35 31 -8 45 9 42
46 -2 18 -10 26 -28 28 -14 2 -29 0 -33 -4z"/>
<path d="M3582 7198 c3 -36 31 -50 42 -22 10 26 -3 54 -25 54 -17 0 -20 -6
-17 -32z"/>
<path d="M3550 7113 c-21 -27 -21 -27 -20 -1127 l2 -1101 -1081 -3 c-955 -2
-1082 0 -1087 13 -8 21 -40 19 -64 -5 -24 -24 -25 -33 -5 -50 13 -11 15 -147
15 -1117 0 -1074 1 -1106 19 -1129 l19 -25 1083 -2 1082 -2 -2 -1077 c-1 -995
0 -1079 16 -1112 l17 -36 1148 0 c1124 0 1148 0 1158 19 7 13 10 381 10 1120
0 713 3 1102 10 1106 5 3 246 6 535 5 391 0 531 -4 545 -12 15 -10 22 -10 32
0 9 9 136 12 537 12 471 0 526 -2 543 -16 16 -16 18 -15 23 2 3 11 15 37 26
59 18 38 19 65 19 557 l0 517 38 3 c49 4 51 31 2 38 l-35 5 -3 532 -2 532 37
3 c33 3 38 6 38 28 0 19 -6 26 -24 28 -13 2 -27 -1 -31 -7 -5 -8 -317 -11
-1135 -11 -620 0 -1130 1 -1132 3 -2 2 -3 500 -3 1106 0 750 -3 1108 -10 1122
-11 19 -29 19 -1127 19 -613 0 -1121 4 -1127 8 -28 22 -46 20 -66 -5z m2231
-1169 c0 -808 -4 -1075 -13 -1100 -11 -31 -10 -36 12 -59 l24 -25 1114 1 1115
1 -2 -504 c-1 -467 -2 -504 -18 -516 -17 -13 -17 -14 0 -26 16 -13 17 -48 18
-521 l2 -507 -1094 0 -1094 1 0 38 c-1 71 -38 82 -41 12 -1 -17 -11 -39 -22
-50 l-21 -19 1 -1116 0 -1116 -1073 0 -1074 1 -2 1092 c-2 1008 -4 1093 -19
1110 -16 18 -57 19 -1106 19 l-1088 0 0 1065 0 1065 1108 2 1107 3 4 35 c2 19
5 516 7 1103 2 588 6 1071 8 1075 2 4 486 6 1076 5 l1072 -2 -1 -1067z"/>
<path d="M4697 6944 c-12 -12 -8 -61 7 -73 19 -16 38 10 34 46 -3 27 -26 42
-41 27z"/>
<path d="M4694 6807 c-3 -9 -4 -28 -2 -44 2 -20 8 -28 23 -28 17 0 20 7 20 40
0 30 -4 41 -18 43 -9 2 -20 -3 -23 -11z"/>
<path d="M4703 6683 c-18 -6 -17 -89 1 -96 20 -8 36 13 36 49 0 33 -17 54 -37
47z"/>
<path d="M4694 6527 c-3 -9 -4 -28 -2 -44 2 -20 8 -28 23 -28 17 0 20 7 20 40
0 30 -4 41 -18 43 -9 2 -20 -3 -23 -11z"/>
<path d="M4694 6386 c-10 -41 -1 -71 21 -71 13 0 21 8 23 24 5 35 -6 71 -23
71 -8 0 -17 -11 -21 -24z"/>
<path d="M4694 6257 c-3 -8 -4 -30 -2 -49 2 -25 8 -33 23 -33 17 0 20 7 20 45
0 35 -4 45 -18 48 -9 2 -20 -3 -23 -11z"/>
<path d="M4697 6114 c-12 -12 -8 -61 7 -73 19 -16 38 10 34 46 -3 27 -26 42
-41 27z"/>
<path d="M3822 5991 c-8 -4 -12 -19 -10 -32 2 -20 10 -25 39 -27 31 -3 37 1
42 19 11 40 -33 64 -71 40z"/>
<path d="M3958 5994 c-5 -4 -8 -20 -8 -36 0 -26 3 -28 40 -28 34 0 41 4 46 25
4 14 4 28 1 31 -9 9 -72 16 -79 8z"/>
<path d="M4094 5986 c-13 -33 0 -51 36 -51 32 0 35 2 35 30 0 27 -4 30 -33 33
-22 2 -34 -2 -38 -12z"/>
<path d="M4236 5987 c-13 -9 -16 -20 -12 -35 6 -18 15 -22 47 -22 39 0 40 1
37 33 -2 26 -8 33 -28 35 -14 2 -33 -3 -44 -11z"/>
<path d="M4372 5987 c-6 -7 -9 -23 -5 -35 8 -31 67 -31 84 0 10 18 8 24 -7 35
-23 17 -58 17 -72 0z"/>
<path d="M4514 5986 c-12 -31 1 -51 33 -54 28 -3 33 1 39 23 4 18 2 30 -7 36
-22 14 -59 11 -65 -5z"/>
<path d="M4797 5993 c-4 -3 -7 -19 -7 -35 0 -25 3 -28 35 -28 29 0 36 4 41 26
4 17 2 29 -7 35 -17 10 -53 12 -62 2z"/>
<path d="M4930 5985 c-21 -25 -3 -55 35 -55 35 0 50 19 40 51 -8 23 -57 26
-75 4z"/>
<path d="M5072 5991 c-8 -4 -12 -19 -10 -32 3 -21 8 -24 43 -24 35 0 40 3 43
24 4 26 -12 41 -43 41 -11 0 -26 -4 -33 -9z"/>
<path d="M5205 5989 c-4 -5 -4 -21 -1 -35 5 -19 13 -24 36 -24 35 0 59 33 39
56 -13 16 -65 19 -74 3z"/>
<path d="M5352 5991 c-8 -4 -12 -19 -10 -32 2 -20 10 -25 39 -27 31 -3 37 1
42 19 11 40 -33 64 -71 40z"/>
<path d="M5492 5991 c-8 -4 -12 -19 -10 -32 3 -21 8 -24 43 -24 35 0 40 3 43
24 4 26 -12 41 -43 41 -11 0 -26 -4 -33 -9z"/>
<path d="M5631 5991 c-9 -6 -11 -18 -7 -35 5 -21 12 -26 36 -26 20 0 31 6 35
20 12 38 -29 63 -64 41z"/>
<path d="M3684 5975 c-9 -21 15 -47 40 -43 15 2 22 12 24 31 3 24 0 27 -28 27
-18 0 -33 -6 -36 -15z"/>
<path d="M4640 5970 c0 -10 10 -25 22 -31 12 -7 30 -21 38 -32 20 -25 40 -15
40 19 0 46 -17 64 -60 64 -33 0 -40 -3 -40 -20z"/>
<path d="M4694 5837 c-3 -8 -4 -30 -2 -49 2 -25 8 -33 23 -33 17 0 20 7 20 45
0 35 -4 45 -18 48 -9 2 -20 -3 -23 -11z"/>
<path d="M4701 5701 c-7 -5 -11 -23 -9 -42 2 -26 8 -34 23 -34 16 0 21 8 23
36 3 38 -13 55 -37 40z"/>
<path d="M4694 5557 c-3 -8 -4 -30 -2 -49 2 -25 8 -33 23 -33 17 0 20 7 20 45
0 35 -4 45 -18 48 -9 2 -20 -3 -23 -11z"/>
<path d="M4697 5424 c-9 -9 -9 -57 -1 -78 16 -43 50 1 42 55 -3 23 -27 36 -41
23z"/>
<path d="M4694 5277 c-3 -9 -4 -28 -2 -44 2 -20 8 -28 23 -28 17 0 20 7 20 40
0 30 -4 41 -18 43 -9 2 -20 -3 -23 -11z"/>
<path d="M4703 5153 c-8 -3 -13 -22 -13 -48 0 -43 11 -57 38 -47 6 2 12 21 12
42 0 39 -16 61 -37 53z"/>
<path d="M4694 4997 c-3 -9 -4 -28 -2 -44 2 -20 8 -28 23 -28 17 0 20 7 20 40
0 30 -4 41 -18 43 -9 2 -20 -3 -23 -11z"/>
<path d="M3833 4880 c-15 -6 -23 -18 -23 -34 0 -19 7 -26 30 -31 16 -4 34 -4
40 0 16 10 12 62 -6 69 -9 3 -16 6 -17 5 -1 0 -12 -4 -24 -9z"/>
<path d="M4108 4879 c-25 -14 -23 -56 2 -64 35 -11 60 3 60 36 0 16 -4 29 -9
29 -5 0 -15 2 -23 5 -7 2 -21 0 -30 -6z"/>
<path d="M4382 4881 c-8 -5 -12 -21 -10 -37 2 -23 9 -30 29 -32 52 -6 75 59
26 72 -28 7 -29 7 -45 -3z"/>
<path d="M4528 4883 c-12 -3 -18 -14 -18 -34 0 -22 5 -30 25 -35 43 -11 73 34
43 64 -12 12 -20 13 -50 5z"/>
<path d="M4948 4883 c-9 -2 -20 -14 -24 -25 -11 -36 46 -64 74 -36 16 16 15
33 -4 52 -16 16 -17 17 -46 9z"/>
<path d="M5083 4882 c-33 -5 -33 -57 0 -66 41 -10 67 3 67 34 0 29 -21 39 -67
32z"/>
<path d="M5218 4879 c-42 -24 -7 -79 40 -63 32 11 39 35 17 58 -19 18 -33 20
-57 5z"/>
<path d="M5363 4880 c-15 -6 -23 -18 -23 -34 0 -19 7 -26 30 -31 39 -8 63 9
54 39 -6 20 -22 36 -34 35 -3 0 -15 -4 -27 -9z"/>
<path d="M3687 4874 c-4 -4 -7 -18 -7 -31 0 -20 5 -23 36 -23 33 0 35 2 32 28
-2 20 -9 28 -28 30 -14 2 -29 0 -33 -4z"/>
<path d="M3950 4851 c0 -24 5 -32 24 -37 34 -8 68 12 64 39 -2 18 -11 23 -45
25 -42 3 -43 2 -43 -27z"/>
<path d="M4226 4864 c-3 -9 -6 -20 -6 -24 0 -16 41 -32 66 -26 19 5 24 13 24
36 0 28 -2 30 -39 30 -26 0 -41 -5 -45 -16z"/>
<path d="M4644 4865 c-9 -23 3 -45 25 -45 11 0 21 -9 24 -21 4 -13 12 -20 24
-17 24 4 30 60 8 82 -21 20 -74 21 -81 1z"/>
<path d="M4790 4852 c0 -34 19 -45 56 -36 20 5 24 12 22 33 -3 22 -8 26 -40
29 -36 3 -38 2 -38 -26z"/>
<path d="M5480 4851 c0 -24 5 -32 24 -37 34 -8 68 12 64 39 -2 18 -11 23 -45
25 -42 3 -43 2 -43 -27z"/>
<path d="M5623 4864 c-7 -20 8 -48 28 -52 26 -5 52 22 45 46 -9 27 -63 31 -73
6z"/>
<path d="M4701 4731 c-7 -5 -11 -24 -9 -47 2 -31 7 -39 23 -39 16 0 21 8 23
41 3 43 -12 60 -37 45z"/>
<path d="M2466 4714 c-29 -28 -13 -74 25 -74 21 0 33 44 19 70 -13 24 -23 25
-44 4z"/>
<path d="M3580 4711 c-16 -31 -2 -73 24 -69 17 2 21 10 21 43 0 45 -26 61 -45
26z"/>
<path d="M5804 4706 c-9 -37 -1 -61 21 -61 24 0 33 48 14 71 -17 20 -28 17
-35 -10z"/>
<path d="M6952 4718 c-18 -18 -15 -67 4 -75 30 -11 45 38 21 70 -10 14 -15 15
-25 5z"/>
<path d="M2463 4584 c-7 -3 -13 -19 -13 -35 0 -22 6 -32 23 -38 30 -12 49 5
45 43 -3 31 -25 42 -55 30z"/>
<path d="M3577 4584 c-13 -13 -7 -61 8 -74 23 -19 47 6 43 44 -2 22 -9 32 -23
34 -12 2 -24 0 -28 -4z"/>
<path d="M4694 4577 c-3 -9 -4 -28 -2 -44 2 -20 8 -28 23 -28 17 0 20 7 20 40
0 30 -4 41 -18 43 -9 2 -20 -3 -23 -11z"/>
<path d="M5804 4577 c-3 -9 -4 -28 -2 -44 2 -20 8 -28 23 -28 17 0 20 7 20 40
0 30 -4 41 -18 43 -9 2 -20 -3 -23 -11z"/>
<path d="M6944 4577 c-3 -9 -4 -28 -2 -44 2 -20 8 -28 23 -28 17 0 20 7 20 40
0 30 -4 41 -18 43 -9 2 -20 -3 -23 -11z"/>
<path d="M2468 4449 c-25 -14 -23 -65 3 -79 39 -21 63 24 39 71 -12 22 -18 23
-42 8z"/>
<path d="M3580 4441 c-14 -28 -12 -56 5 -71 23 -19 45 -4 45 29 0 59 -28 82
-50 42z"/>
<path d="M4694 4446 c-3 -8 -4 -29 -2 -48 2 -25 8 -33 23 -33 22 0 31 30 21
71 -7 26 -33 32 -42 10z"/>
<path d="M5804 4447 c-3 -8 -4 -30 -2 -49 2 -25 8 -33 23 -33 17 0 20 7 20 45
0 35 -4 45 -18 48 -9 2 -20 -3 -23 -11z"/>
<path d="M6944 4446 c-3 -8 -4 -29 -2 -48 2 -25 8 -33 23 -33 22 0 31 30 21
71 -7 26 -33 32 -42 10z"/>
<path d="M2473 4309 c-41 -15 -26 -89 18 -89 19 0 29 19 29 55 0 31 -20 45
-47 34z"/>
<path d="M3582 4308 c-23 -23 -6 -88 22 -88 28 0 37 84 10 94 -20 8 -18 8 -32
-6z"/>
<path d="M4694 4307 c-3 -8 -4 -30 -2 -49 2 -25 8 -33 23 -33 17 0 20 7 20 45
0 35 -4 45 -18 48 -9 2 -20 -3 -23 -11z"/>
<path d="M5804 4307 c-3 -8 -4 -30 -2 -49 2 -25 8 -33 23 -33 17 0 20 7 20 45
0 35 -4 45 -18 48 -9 2 -20 -3 -23 -11z"/>
<path d="M6944 4307 c-3 -8 -4 -30 -2 -49 2 -25 8 -33 23 -33 17 0 20 7 20 45
0 35 -4 45 -18 48 -9 2 -20 -3 -23 -11z"/>
<path d="M5811 4166 c-20 -23 -10 -71 14 -71 15 0 21 8 23 31 4 38 -19 62 -37
40z"/>
<path d="M2454 4156 c-3 -8 -4 -25 -2 -38 2 -18 9 -23 33 -23 28 0 30 3 30 35
0 31 -3 35 -28 38 -17 2 -29 -2 -33 -12z"/>
<path d="M3574 4156 c-3 -8 -4 -25 -2 -38 2 -17 9 -23 28 -23 22 0 25 4 25 35
0 29 -4 36 -23 38 -13 2 -24 -3 -28 -12z"/>
<path d="M4690 4130 c0 -37 2 -41 23 -38 18 2 22 9 22 38 0 29 -4 36 -22 38
-21 3 -23 -1 -23 -38z"/>
<path d="M6940 4130 c0 -37 2 -41 23 -38 18 2 22 9 22 38 0 29 -4 36 -22 38
-21 3 -23 -1 -23 -38z"/>
<path d="M2461 4026 c-7 -8 -11 -27 -9 -43 3 -24 8 -28 33 -28 32 0 41 18 31
61 -7 27 -37 32 -55 10z"/>
<path d="M3580 4021 c-22 -42 -1 -89 34 -75 16 6 22 48 10 78 -8 22 -31 20
-44 -3z"/>
<path d="M4694 4027 c-3 -8 -4 -30 -2 -49 2 -25 8 -33 23 -33 17 0 20 7 20 45
0 35 -4 45 -18 48 -9 2 -20 -3 -23 -11z"/>
<path d="M5804 4027 c-3 -8 -4 -30 -2 -49 2 -25 8 -33 23 -33 17 0 20 7 20 45
0 35 -4 45 -18 48 -9 2 -20 -3 -23 -11z"/>
<path d="M6944 4027 c-3 -8 -4 -30 -2 -49 2 -25 8 -33 23 -33 17 0 20 7 20 45
0 35 -4 45 -18 48 -9 2 -20 -3 -23 -11z"/>
<path d="M2468 3889 c-34 -20 -16 -79 24 -79 33 0 35 77 2 87 -5 1 -17 -2 -26
-8z"/>
<path d="M3582 3888 c-29 -29 3 -103 35 -77 19 16 14 83 -7 87 -9 1 -21 -3
-28 -10z"/>
<path d="M4697 3894 c-9 -9 -9 -57 -1 -78 16 -43 50 1 42 55 -3 23 -27 36 -41
23z"/>
<path d="M5807 3894 c-9 -9 -9 -57 -1 -78 16 -43 50 1 42 55 -3 23 -27 36 -41
23z"/>
<path d="M6947 3894 c-12 -13 -8 -71 7 -83 20 -17 38 10 34 51 -3 31 -25 48
-41 32z"/>
<path d="M1478 3759 c-25 -14 -22 -46 4 -53 33 -8 53 15 39 43 -13 24 -18 25
-43 10z"/>
<path d="M1590 3755 c-23 -28 -8 -50 35 -50 35 0 40 3 43 24 6 38 -52 58 -78
26z"/>
<path d="M1726 3745 c-9 -34 -1 -45 32 -45 44 0 58 14 44 44 -16 37 -67 37
-76 1z"/>
<path d="M1872 3758 c-17 -17 -15 -45 4 -52 29 -11 62 -6 68 10 15 39 -41 73
-72 42z"/>
<path d="M2004 3756 c-16 -41 12 -64 62 -52 26 7 32 34 12 54 -17 17 -67 15
-74 -2z"/>
<path d="M2144 3746 c-8 -33 2 -46 35 -46 36 0 51 18 40 48 -12 33 -66 31 -75
-2z"/>
<path d="M2286 3754 c-21 -20 -20 -31 3 -44 47 -24 92 0 71 39 -13 25 -52 28
-74 5z"/>
<path d="M2564 3746 c-8 -34 2 -46 36 -46 34 0 44 12 36 46 -5 19 -13 24 -36
24 -23 0 -31 -5 -36 -24z"/>
<path d="M2702 3758 c-17 -17 -15 -45 4 -52 49 -19 88 3 73 42 -9 25 -56 31
-77 10z"/>
<path d="M2840 3749 c-22 -41 33 -66 75 -35 19 14 19 15 1 35 -24 27 -62 27
-76 0z"/>
<path d="M2980 3749 c-15 -27 3 -49 41 -49 33 0 43 13 35 46 -8 32 -60 34 -76
3z"/>
<path d="M3122 3758 c-20 -20 -14 -47 12 -54 43 -10 61 -1 61 31 0 26 -4 30
-30 33 -17 2 -36 -3 -43 -10z"/>
<path d="M3256 3745 c-8 -33 -1 -45 29 -45 35 0 55 10 55 29 0 25 -20 41 -51
41 -20 0 -28 -6 -33 -25z"/>
<path d="M3402 3758 c-17 -17 -15 -45 4 -52 29 -11 62 -6 68 10 15 39 -41 73
-72 42z"/>
<path d="M3680 3749 c-14 -26 3 -49 35 -49 12 0 28 6 34 14 18 21 -3 56 -34
56 -14 0 -29 -8 -35 -21z"/>
<path d="M3814 3749 c-18 -20 -18 -21 1 -35 45 -33 98 -7 75 37 -14 25 -52 24
-76 -2z"/>
<path d="M3954 3756 c-16 -41 12 -64 62 -52 26 7 32 34 12 54 -17 17 -67 15
-74 -2z"/>
<path d="M4094 3746 c-8 -34 2 -46 36 -46 34 0 44 12 36 46 -5 19 -13 24 -36
24 -23 0 -31 -5 -36 -24z"/>
<path d="M4238 3759 c-22 -13 -23 -45 -2 -53 49 -19 88 3 73 42 -9 24 -41 29
-71 11z"/>
<path d="M4370 3749 c-21 -39 24 -63 71 -39 23 13 24 24 3 44 -22 23 -61 20
-74 -5z"/>
<path d="M4511 3748 c-11 -30 4 -48 40 -48 33 0 43 13 35 46 -9 33 -63 35 -75
2z"/>
<path d="M4790 3749 c-9 -15 -8 -24 1 -35 21 -25 79 -14 79 15 0 41 -61 57
-80 20z"/>
<path d="M4928 3744 c-14 -30 0 -44 44 -44 33 0 41 11 32 45 -9 36 -60 36 -76
-1z"/>
<path d="M5064 3756 c-13 -34 0 -51 41 -51 43 0 58 22 35 50 -16 19 -69 19
-76 1z"/>
<path d="M5204 3746 c-8 -33 2 -46 35 -46 38 0 56 22 41 49 -16 31 -68 29 -76
-3z"/>
<path d="M5352 3758 c-17 -17 -15 -45 4 -52 29 -11 62 -6 68 10 15 39 -41 73
-72 42z"/>
<path d="M5484 3756 c-16 -41 12 -64 62 -52 26 7 32 34 12 54 -17 17 -67 15
-74 -2z"/>
<path d="M5624 3746 c-8 -34 2 -46 36 -46 34 0 44 12 36 46 -5 19 -13 24 -36
24 -23 0 -31 -5 -36 -24z"/>
<path d="M5769 3749 c-22 -22 -17 -39 10 -39 11 0 21 -9 24 -21 8 -31 41 -21
45 14 6 52 -44 81 -79 46z"/>
<path d="M5904 3756 c-9 -24 0 -51 19 -54 29 -6 67 7 67 22 0 37 -74 64 -86
32z"/>
<path d="M6044 3746 c-8 -34 2 -46 36 -46 34 0 44 12 36 46 -5 19 -13 24 -36
24 -23 0 -31 -5 -36 -24z"/>
<path d="M6182 3758 c-17 -17 -15 -45 4 -52 49 -19 88 3 73 42 -9 25 -56 31
-77 10z"/>
<path d="M6320 3751 c-5 -11 -7 -27 -4 -35 7 -19 53 -21 77 -3 16 11 16 14 2
35 -20 27 -61 29 -75 3z"/>
<path d="M6460 3749 c-15 -27 3 -49 41 -49 33 0 43 13 35 46 -8 32 -60 34 -76
3z"/>
<path d="M6602 3758 c-20 -20 -14 -47 12 -54 43 -10 61 -1 61 31 0 26 -4 30
-30 33 -17 2 -36 -3 -43 -10z"/>
<path d="M6736 3745 c-9 -34 -1 -45 32 -45 44 0 58 14 44 44 -16 37 -67 37
-76 1z"/>
<path d="M6886 3755 c-31 -31 -16 -52 31 -46 7 1 17 -8 23 -19 11 -21 35 -27
45 -10 12 20 -6 69 -28 75 -12 4 -29 9 -38 11 -9 3 -24 -3 -33 -11z"/>
<path d="M7025 3756 c-20 -15 -15 -43 10 -52 25 -10 65 5 65 24 0 39 -40 54
-75 28z"/>
<path d="M7154 3746 c-8 -33 2 -46 35 -46 36 0 51 18 40 48 -12 33 -66 31 -75
-2z"/>
<path d="M7296 3754 c-21 -20 -20 -31 3 -44 47 -24 92 0 71 39 -13 25 -52 28
-74 5z"/>
<path d="M7431 3748 c-11 -28 3 -48 34 -48 36 0 55 10 55 29 0 44 -74 59 -89
19z"/>
<path d="M7574 3746 c-8 -34 2 -46 36 -46 34 0 44 12 36 46 -5 19 -13 24 -36
24 -23 0 -31 -5 -36 -24z"/>
<path d="M7712 3758 c-17 -17 -15 -45 4 -52 49 -19 88 3 73 42 -9 25 -56 31
-77 10z"/>
<path d="M7850 3749 c-9 -15 -8 -24 1 -35 21 -25 79 -14 79 15 0 41 -61 57
-80 20z"/>
<path d="M2420 3738 c0 -33 64 -76 85 -58 32 27 -6 80 -57 80 -22 0 -28 -4
-28 -22z"/>
<path d="M3537 3753 c-15 -14 -6 -42 15 -49 13 -4 28 -14 34 -22 16 -22 44 -8
44 22 0 14 -7 32 -16 40 -15 16 -65 22 -77 9z"/>
<path d="M4647 3753 c-15 -14 -7 -43 12 -43 10 0 25 -10 33 -22 20 -29 48 -18
48 20 0 15 -5 33 -12 40 -13 13 -70 17 -81 5z"/>
<path d="M2461 3606 c-7 -8 -11 -27 -9 -43 3 -24 8 -28 33 -28 32 0 41 18 31
61 -7 27 -37 32 -55 10z"/>
<path d="M3576 3605 c-12 -31 -6 -64 13 -74 26 -14 43 8 39 51 -2 25 -8 34
-24 36 -13 2 -24 -4 -28 -13z"/>
<path d="M4697 3614 c-13 -13 -8 -82 6 -87 25 -10 38 9 35 49 -3 37 -23 56
-41 38z"/>
<path d="M5804 3607 c-3 -8 -4 -30 -2 -49 2 -25 8 -33 23 -33 17 0 20 7 20 45
0 35 -4 45 -18 48 -9 2 -20 -3 -23 -11z"/>
<path d="M6947 3614 c-13 -13 -8 -82 6 -87 25 -10 38 9 35 49 -3 37 -23 56
-41 38z"/>
<path d="M2468 3473 c-21 -5 -25 -52 -6 -71 29 -29 58 -8 58 43 0 18 -23 41
-33 34 -1 -1 -10 -3 -19 -6z"/>
<path d="M3582 3468 c-26 -26 -8 -83 24 -76 15 2 19 12 19 43 0 42 -19 57 -43
33z"/>
<path d="M4697 3474 c-12 -13 -8 -71 7 -83 20 -17 38 10 34 51 -3 31 -25 48
-41 32z"/>
<path d="M5807 3474 c-12 -13 -8 -71 7 -83 20 -17 38 10 34 51 -3 31 -25 48
-41 32z"/>
<path d="M6947 3474 c-12 -13 -8 -71 7 -83 20 -17 38 10 34 51 -3 31 -25 48
-41 32z"/>
<path d="M4701 3336 c-7 -8 -11 -30 -9 -48 2 -25 8 -33 23 -33 16 0 21 8 23
36 4 42 -18 68 -37 45z"/>
<path d="M5811 3336 c-7 -8 -11 -30 -9 -48 2 -25 8 -33 23 -33 16 0 21 8 23
36 4 42 -18 68 -37 45z"/>
<path d="M6951 3336 c-7 -8 -11 -30 -9 -48 2 -25 8 -33 23 -33 16 0 21 8 23
36 4 42 -18 68 -37 45z"/>
<path d="M2462 3328 c-7 -7 -12 -24 -12 -39 0 -20 6 -28 25 -33 33 -8 45 -1
45 29 0 51 -29 72 -58 43z"/>
<path d="M3582 3328 c-28 -28 -2 -88 33 -74 12 4 15 16 13 43 -3 40 -23 54
-46 31z"/>
<path d="M3586 3195 c-30 -30 -15 -90 20 -83 14 2 20 13 22 39 4 45 -18 68
-42 44z"/>
<path d="M4703 3203 c-18 -6 -17 -89 1 -96 21 -8 36 14 36 54 0 36 -13 50 -37
42z"/>
<path d="M5813 3203 c-16 -6 -17 -75 -1 -91 19 -19 38 5 38 48 0 37 -13 51
-37 43z"/>
<path d="M6953 3203 c-18 -6 -17 -89 1 -96 21 -8 36 14 36 54 0 36 -13 50 -37
42z"/>
<path d="M2457 3194 c-4 -4 -7 -22 -7 -40 0 -28 5 -35 26 -40 32 -8 45 9 42
51 -2 24 -8 31 -28 33 -14 2 -29 0 -33 -4z"/>
<path d="M2463 3054 c-21 -9 -16 -62 8 -74 29 -16 51 5 47 44 -3 31 -25 42
-55 30z"/>
<path d="M3582 3051 c-18 -11 -11 -61 11 -75 23 -14 38 7 35 49 -3 31 -22 42
-46 26z"/>
<path d="M4694 3047 c-3 -9 -4 -28 -2 -44 2 -20 8 -28 23 -28 17 0 20 7 20 40
0 30 -4 41 -18 43 -9 2 -20 -3 -23 -11z"/>
<path d="M5804 3047 c-3 -9 -4 -28 -2 -44 2 -20 8 -28 23 -28 17 0 20 7 20 40
0 30 -4 41 -18 43 -9 2 -20 -3 -23 -11z"/>
<path d="M6944 3047 c-3 -9 -4 -28 -2 -44 2 -20 8 -28 23 -28 17 0 20 7 20 40
0 30 -4 41 -18 43 -9 2 -20 -3 -23 -11z"/>
<path d="M2473 2919 c-33 -12 -33 -74 -1 -82 27 -8 48 9 48 37 0 35 -21 56
-47 45z"/>
<path d="M3580 2911 c-22 -42 0 -91 35 -77 29 11 14 96 -17 96 -4 0 -12 -9
-18 -19z"/>
<path d="M4694 2916 c-3 -8 -4 -29 -2 -48 2 -25 8 -33 23 -33 22 0 31 30 21
71 -7 26 -33 32 -42 10z"/>
<path d="M5804 2906 c-10 -41 -1 -71 21 -71 13 0 21 8 23 24 5 35 -6 71 -23
71 -8 0 -17 -11 -21 -24z"/>
<path d="M6944 2916 c-3 -8 -4 -29 -2 -48 2 -25 8 -33 23 -33 22 0 31 30 21
71 -7 26 -33 32 -42 10z"/>
<path d="M3593 2783 c-18 -6 -16 -68 1 -82 12 -10 17 -8 25 8 22 40 5 85 -26
74z"/>
<path d="M4694 2777 c-3 -8 -4 -30 -2 -49 2 -25 8 -33 23 -33 17 0 20 7 20 45
0 35 -4 45 -18 48 -9 2 -20 -3 -23 -11z"/>
<path d="M2456 2765 c-7 -20 3 -44 24 -55 23 -12 30 -4 30 37 0 28 -3 33 -24
33 -13 0 -26 -7 -30 -15z"/>
<path d="M6944 2765 c-9 -22 14 -71 27 -58 18 18 16 67 -4 71 -9 2 -20 -4 -23
-13z"/>
<path d="M3685 2636 c-16 -12 -17 -16 -6 -30 7 -9 24 -16 36 -16 12 0 29 7 36
16 11 14 10 18 -6 30 -10 8 -24 14 -30 14 -6 0 -20 -6 -30 -14z"/>
<path d="M3818 2639 c-22 -12 -23 -35 -2 -43 29 -11 75 -6 80 9 14 35 -38 58
-78 34z"/>
<path d="M3956 2637 c-29 -21 -10 -47 35 -47 46 0 64 24 34 46 -24 17 -46 18
-69 1z"/>
<path d="M4102 2641 c-8 -5 -12 -17 -10 -27 2 -14 12 -19 38 -19 26 0 36 5 38
19 4 20 -13 36 -38 36 -8 0 -21 -4 -28 -9z"/>
<path d="M4238 2639 c-10 -5 -18 -16 -18 -23 0 -29 84 -37 94 -10 14 35 -36
57 -76 33z"/>
<path d="M4370 2635 c-19 -23 -4 -45 29 -45 59 0 82 28 42 50 -28 14 -56 12
-71 -5z"/>
<path d="M4515 2634 c-12 -13 -13 -19 -4 -31 18 -20 73 -13 77 11 7 35 -44 49
-73 20z"/>
<path d="M4792 2637 c-20 -24 -4 -47 33 -47 60 0 68 44 9 56 -20 4 -34 1 -42
-9z"/>
<path d="M4938 2639 c-37 -21 -15 -49 38 -49 29 0 41 24 24 45 -14 17 -37 19
-62 4z"/>
<path d="M5072 2641 c-8 -5 -12 -17 -10 -27 2 -15 12 -19 43 -19 33 0 41 4 43
21 4 28 -46 45 -76 25z"/>
<path d="M5211 2636 c-19 -23 -6 -46 26 -46 42 0 61 15 47 37 -14 23 -57 28
-73 9z"/>
<path d="M5345 2634 c-12 -12 -13 -19 -4 -30 16 -19 78 -18 85 1 15 38 -49 61
-81 29z"/>
<path d="M5485 2636 c-17 -12 -17 -16 -5 -30 20 -25 84 -18 88 10 2 15 -4 23
-20 28 -34 9 -42 8 -63 -8z"/>
<path d="M5630 2635 c-16 -20 -6 -45 19 -45 53 0 70 33 25 50 -32 12 -29 13
-44 -5z"/>
<path d="M4647 2633 c-12 -12 -7 -33 8 -33 8 0 23 -10 34 -21 34 -37 64 -6 45
45 -6 16 -73 23 -87 9z"/>
<path d="M4694 2497 c-3 -8 -4 -30 -2 -49 2 -25 8 -33 23 -33 17 0 20 7 20 45
0 35 -4 45 -18 48 -9 2 -20 -3 -23 -11z"/>
<path d="M4697 2364 c-14 -15 -7 -84 9 -91 22 -8 35 15 32 57 -3 33 -24 51
-41 34z"/>
<path d="M4694 2217 c-3 -9 -4 -28 -2 -44 2 -20 8 -28 23 -28 17 0 20 7 20 40
0 30 -4 41 -18 43 -9 2 -20 -3 -23 -11z"/>
<path d="M4694 2077 c-3 -8 -4 -30 -2 -49 2 -25 8 -33 23 -33 17 0 20 7 20 45
0 35 -4 45 -18 48 -9 2 -20 -3 -23 -11z"/>
<path d="M4697 1944 c-9 -9 -9 -57 -1 -78 16 -43 50 1 42 55 -3 23 -27 36 -41
23z"/>
<path d="M4694 1797 c-3 -9 -4 -28 -2 -44 2 -20 8 -28 23 -28 17 0 20 7 20 40
0 30 -4 41 -18 43 -9 2 -20 -3 -23 -11z"/>
<path d="M4701 1671 c-7 -5 -11 -23 -9 -47 2 -31 7 -39 23 -39 16 0 21 8 23
36 3 38 -15 63 -37 50z"/>
<path d="M3677 1516 c-7 -18 12 -36 38 -36 30 0 49 16 42 34 -8 20 -73 22 -80
2z"/>
<path d="M3813 1524 c-21 -9 -14 -33 11 -40 41 -10 71 -1 71 21 0 16 -7 20
-35 22 -19 1 -41 0 -47 -3z"/>
<path d="M3944 1515 c-10 -25 9 -37 52 -33 31 2 39 7 39 23 0 16 -8 21 -43 23
-32 2 -44 -1 -48 -13z"/>
<path d="M4094 1515 c-9 -22 4 -35 35 -35 31 0 52 16 44 36 -7 19 -72 18 -79
-1z"/>
<path d="M4224 1515 c-10 -25 9 -37 52 -33 31 2 39 7 39 23 0 16 -8 21 -43 23
-32 2 -44 -1 -48 -13z"/>
<path d="M4364 1515 c-9 -23 5 -35 39 -35 41 0 62 14 54 34 -8 21 -85 22 -93
1z"/>
<path d="M4504 1515 c-10 -24 9 -37 47 -33 26 2 34 8 34 23 0 16 -8 21 -38 23
-27 2 -39 -1 -43 -13z"/>
<path d="M4647 1524 c-15 -15 -6 -34 18 -40 13 -3 27 -15 30 -25 4 -10 13 -19
20 -19 19 0 31 48 18 69 -10 17 -73 27 -86 15z"/>
<path d="M4784 1515 c-9 -23 5 -35 40 -35 39 0 62 20 44 38 -17 17 -77 15 -84
-3z"/>
<path d="M4924 1515 c-10 -24 9 -37 47 -33 26 2 34 8 34 23 0 16 -8 21 -38 23
-27 2 -39 -1 -43 -13z"/>
<path d="M5058 1518 c-10 -25 4 -38 41 -38 40 0 62 15 54 36 -7 18 -89 19 -95
2z"/>
<path d="M5204 1515 c-10 -24 9 -37 47 -33 26 2 34 8 34 23 0 16 -8 21 -38 23
-27 2 -39 -1 -43 -13z"/>
<path d="M5343 1524 c-21 -9 -14 -33 11 -40 41 -10 71 -1 71 21 0 16 -7 20
-35 22 -19 1 -41 0 -47 -3z"/>
<path d="M5474 1515 c-10 -25 9 -37 52 -33 31 2 39 7 39 23 0 16 -8 21 -43 23
-32 2 -44 -1 -48 -13z"/>
<path d="M5624 1515 c-9 -23 9 -37 42 -33 21 2 29 8 29 23 0 26 -62 35 -71 10z"/>
<path d="M4701 1386 c-7 -8 -11 -30 -9 -48 2 -25 8 -33 23 -33 16 0 21 8 23
36 4 42 -18 68 -37 45z"/>
<path d="M4694 1247 c-3 -8 -4 -30 -2 -49 2 -25 8 -33 23 -33 17 0 20 7 20 45
0 35 -4 45 -18 48 -9 2 -20 -3 -23 -11z"/>
<path d="M4697 1104 c-11 -11 -8 -72 3 -79 19 -12 41 17 38 49 -3 29 -25 46
-41 30z"/>
<path d="M4694 967 c-3 -8 -4 -30 -2 -49 2 -25 8 -33 23 -33 17 0 20 7 20 45
0 35 -4 45 -18 48 -9 2 -20 -3 -23 -11z"/>
<path d="M4694 827 c-3 -8 -4 -30 -2 -49 2 -25 8 -33 23 -33 17 0 20 7 20 45
0 35 -4 45 -18 48 -9 2 -20 -3 -23 -11z"/>
<path d="M4701 691 c-7 -5 -11 -22 -9 -42 2 -26 8 -34 23 -34 15 0 21 8 23 31
3 34 -16 58 -37 45z"/>
<path d="M4697 553 c-12 -12 -7 -60 7 -72 12 -10 17 -8 26 9 21 39 -7 90 -33
63z"/>
<path d="M50 7096 c-9 -12 -10 -19 -1 -30 28 -34 95 -22 89 16 -2 18 -10 24
-39 26 -23 2 -40 -2 -49 -12z"/>
<path d="M200 7100 c-12 -8 -13 -13 -2 -27 6 -10 17 -28 24 -40 14 -28 54 -31
63 -4 8 26 -13 68 -39 75 -27 7 -28 7 -46 -4z"/>
<path d="M343 7103 c-18 -7 -16 -40 3 -47 32 -12 63 -6 69 14 3 11 3 24 0 30
-6 10 -50 12 -72 3z"/>
<path d="M472 7098 c-17 -17 4 -48 33 -48 36 0 55 10 55 30 0 29 -64 42 -88
18z"/>
<path d="M617 7104 c-28 -28 17 -73 54 -54 32 17 22 54 -16 58 -17 2 -34 0
-38 -4z"/>
<path d="M751 7101 c-19 -12 -7 -39 21 -50 42 -15 75 8 62 44 -7 17 -60 20
-83 6z"/>
<path d="M886 7095 c-13 -36 20 -59 62 -44 28 11 40 38 21 50 -23 14 -76 11
-83 -6z"/>
<path d="M1031 7097 c-9 -11 -7 -19 8 -38 17 -21 22 -22 46 -11 38 18 32 56
-11 60 -18 2 -36 -3 -43 -11z"/>
<path d="M1172 7101 c-26 -16 -9 -46 28 -49 40 -4 68 22 49 45 -13 15 -57 17
-77 4z"/>
<path d="M1312 7097 c-17 -20 34 -87 65 -87 20 0 23 5 23 34 0 52 -60 87 -88
53z"/>
<path d="M1450 7096 c-15 -19 -1 -41 31 -49 23 -6 51 19 47 42 -4 22 -61 27
-78 7z"/>
<path d="M1584 7096 c-12 -31 4 -47 43 -44 33 3 38 6 38 28 0 22 -5 25 -38 28
-26 2 -39 -1 -43 -12z"/>
<path d="M1724 7096 c-7 -18 13 -56 29 -56 19 0 57 30 57 44 0 27 -76 37 -86
12z"/>
<path d="M1873 7103 c-7 -2 -13 -13 -13 -22 0 -20 43 -43 65 -35 17 7 29 39
20 54 -6 10 -50 12 -72 3z"/>
<path d="M2002 7097 c-20 -23 8 -49 48 -45 30 3 35 7 35 28 0 21 -5 25 -36 28
-21 2 -40 -2 -47 -11z"/>
<path d="M2147 7103 c-25 -24 14 -70 48 -57 23 9 36 39 23 52 -13 13 -60 16
-71 5z"/>
<path d="M2280 7100 c-24 -15 1 -44 42 -48 37 -3 53 13 42 43 -7 17 -60 20
-84 5z"/>
<path d="M2427 7104 c-14 -14 -7 -38 20 -66 30 -32 62 -37 64 -10 2 28 -2 57
-10 64 -10 12 -65 20 -74 12z"/>
<path d="M2564 7096 c-12 -30 4 -47 38 -44 28 2 33 7 33 28 0 21 -5 26 -33 28
-22 2 -34 -2 -38 -12z"/>
<path d="M2703 7103 c-18 -7 -16 -40 3 -47 47 -18 101 13 72 42 -12 12 -52 15
-75 5z"/>
<path d="M2835 7100 c-10 -17 5 -50 23 -51 30 -2 47 2 61 16 12 12 12 17 1 29
-14 18 -75 22 -85 6z"/>
<path d="M2982 7098 c-17 -17 -15 -25 12 -43 20 -13 29 -14 46 -5 32 17 23 54
-15 58 -17 2 -36 -3 -43 -10z"/>
<path d="M3114 7096 c-12 -31 4 -47 43 -44 33 3 38 6 38 28 0 22 -5 25 -38 28
-26 2 -39 -1 -43 -12z"/>
<path d="M3255 7100 c-9 -15 3 -47 20 -54 22 -8 65 15 65 35 0 27 -70 43 -85
19z"/>
<path d="M3400 7100 c-23 -15 1 -45 36 -45 24 0 29 4 29 25 0 19 -6 26 -25 28
-14 1 -32 -2 -40 -8z"/>
<path d="M5923 7100 c-41 -16 -21 -40 32 -40 32 0 42 20 20 37 -21 15 -22 15
-52 3z"/>
<path d="M6047 7104 c-28 -28 17 -73 54 -54 32 17 22 54 -16 58 -17 2 -34 0
-38 -4z"/>
<path d="M6183 7103 c-18 -7 -16 -40 3 -47 47 -18 101 13 72 42 -12 12 -52 15
-75 5z"/>
<path d="M6315 7100 c-9 -15 3 -47 20 -54 18 -6 60 8 70 24 4 6 1 17 -5 25
-14 17 -76 20 -85 5z"/>
<path d="M6463 7104 c-21 -9 -15 -32 11 -49 32 -21 69 -5 64 28 -2 17 -11 22
-33 24 -16 1 -36 0 -42 -3z"/>
<path d="M6594 7096 c-12 -31 4 -47 43 -44 33 3 38 6 38 28 0 22 -5 25 -38 28
-26 2 -39 -1 -43 -12z"/>
<path d="M6734 7096 c-7 -18 13 -56 29 -56 19 0 57 30 57 44 0 27 -76 37 -86
12z"/>
<path d="M6880 7101 c-21 -14 0 -46 30 -46 13 0 26 -7 28 -15 9 -30 24 -41 38
-29 17 14 18 50 1 72 -15 21 -76 32 -97 18z"/>
<path d="M7021 7101 c-16 -11 -8 -39 14 -47 8 -4 27 -3 41 0 38 10 30 50 -11
54 -16 1 -36 -2 -44 -7z"/>
<path d="M7157 7103 c-14 -13 -6 -43 14 -53 16 -9 26 -8 45 5 27 17 29 26 12
43 -13 13 -60 16 -71 5z"/>
<path d="M7291 7101 c-31 -20 26 -69 64 -55 17 7 29 39 20 54 -8 12 -65 13
-84 1z"/>
<path d="M7430 7095 c-19 -23 6 -47 43 -43 37 4 60 34 37 48 -23 15 -66 12
-80 -5z"/>
<path d="M7573 7094 c-9 -24 10 -49 37 -49 27 0 46 25 37 49 -4 10 -18 16 -37
16 -19 0 -33 -6 -37 -16z"/>
<path d="M7713 7103 c-18 -7 -16 -40 3 -47 45 -17 91 5 78 38 -6 16 -53 21
-81 9z"/>
<path d="M7845 7100 c-10 -17 5 -50 23 -51 30 -2 47 2 61 16 12 12 12 17 1 29
-14 18 -75 22 -85 6z"/>
<path d="M7992 7098 c-19 -19 5 -51 34 -44 19 5 24 2 24 -13 0 -10 6 -24 14
-30 21 -18 40 12 32 53 -5 28 -12 35 -37 40 -44 8 -53 8 -67 -6z"/>
<path d="M8130 7100 c-25 -16 1 -45 41 -45 30 0 34 3 34 25 0 21 -5 25 -30 28
-16 1 -37 -2 -45 -8z"/>
<path d="M8265 7100 c-9 -15 3 -47 20 -54 22 -8 65 15 65 35 0 27 -70 43 -85
19z"/>
<path d="M8411 7101 c-19 -12 -7 -39 25 -53 23 -11 28 -10 40 7 8 11 13 26 12
35 -4 17 -56 25 -77 11z"/>
<path d="M8547 7104 c-15 -15 -6 -45 16 -53 32 -12 62 2 62 30 0 20 -6 24 -35
27 -20 2 -39 0 -43 -4z"/>
<path d="M8687 7103 c-12 -11 -7 -40 8 -53 12 -10 21 -10 41 -2 30 14 42 41
23 53 -17 10 -63 12 -72 2z"/>
<path d="M8819 7094 c-12 -14 -10 -19 10 -35 13 -11 29 -19 36 -19 20 0 46 30
43 49 -5 23 -70 27 -89 5z"/>
<path d="M8955 7100 c-11 -18 6 -50 26 -50 14 0 19 7 19 30 0 23 -5 30 -19 30
-11 0 -23 -5 -26 -10z"/>
<path d="M232 6948 c-23 -23 -11 -78 17 -78 9 0 22 5 29 12 14 14 16 68 3 68
-5 0 -15 2 -23 5 -7 3 -19 0 -26 -7z"/>
<path d="M2468 6953 c-21 -5 -25 -52 -6 -71 21 -21 47 -14 54 15 11 41 -11 66
-48 56z"/>
<path d="M6947 6954 c-9 -9 -9 -57 -1 -78 16 -43 50 1 42 55 -3 23 -27 36 -41
23z"/>
<path d="M8057 6954 c-9 -9 -9 -57 -1 -78 16 -43 50 1 42 55 -3 23 -27 36 -41
23z"/>
<path d="M1335 6930 c-8 -26 11 -60 36 -60 22 0 45 40 36 64 -9 24 -64 21 -72
-4z"/>
<path d="M226 6804 c-9 -25 -7 -62 5 -69 5 -4 21 -4 35 -1 42 11 28 86 -17 86
-9 0 -20 -7 -23 -16z"/>
<path d="M1346 6804 c-20 -19 -20 -48 -1 -64 35 -29 77 11 57 54 -13 30 -33
33 -56 10z"/>
<path d="M2468 6809 c-11 -6 -18 -22 -18 -39 0 -23 5 -31 24 -36 32 -8 46 2
46 31 0 51 -17 65 -52 44z"/>
<path d="M6944 6807 c-3 -9 -4 -28 -2 -44 2 -20 8 -28 23 -28 17 0 20 7 20 40
0 30 -4 41 -18 43 -9 2 -20 -3 -23 -11z"/>
<path d="M8054 6807 c-3 -9 -4 -28 -2 -44 2 -20 8 -28 23 -28 17 0 20 7 20 40
0 30 -4 41 -18 43 -9 2 -20 -3 -23 -11z"/>
<path d="M6953 6683 c-18 -6 -17 -89 1 -96 20 -8 36 13 36 49 0 33 -17 54 -37
47z"/>
<path d="M8063 6683 c-8 -3 -13 -22 -13 -48 0 -26 5 -45 13 -48 26 -9 37 6 37
48 0 42 -11 57 -37 48z"/>
<path d="M224 6656 c-10 -43 -2 -61 31 -61 28 0 30 2 30 40 0 36 -3 40 -27 43
-22 3 -29 -2 -34 -22z"/>
<path d="M1337 6658 c-11 -41 2 -68 33 -68 31 0 44 26 34 67 -8 32 -59 33 -67
1z"/>
<path d="M2454 6667 c-3 -9 -4 -28 -2 -44 3 -24 7 -28 33 -28 28 0 30 2 30 40
0 36 -3 40 -28 43 -17 2 -29 -2 -33 -11z"/>
<path d="M227 6533 c-12 -12 -7 -60 7 -72 23 -19 56 3 56 38 0 34 -42 56 -63
34z"/>
<path d="M1340 6525 c-17 -21 -4 -62 22 -71 36 -11 64 46 36 74 -16 16 -43 15
-58 -3z"/>
<path d="M2463 6534 c-7 -3 -13 -19 -13 -35 0 -22 7 -32 26 -41 31 -15 46 2
42 47 -3 30 -25 41 -55 29z"/>
<path d="M6944 6527 c-3 -9 -4 -28 -2 -44 2 -20 8 -28 23 -28 17 0 20 7 20 40
0 30 -4 41 -18 43 -9 2 -20 -3 -23 -11z"/>
<path d="M8054 6527 c-3 -9 -4 -28 -2 -44 2 -20 8 -28 23 -28 17 0 20 7 20 40
0 30 -4 41 -18 43 -9 2 -20 -3 -23 -11z"/>
<path d="M6944 6386 c-10 -41 -1 -71 21 -71 13 0 21 8 23 24 5 35 -6 71 -23
71 -8 0 -17 -11 -21 -24z"/>
<path d="M8054 6386 c-10 -41 -1 -71 21 -71 13 0 21 8 23 24 5 35 -6 71 -23
71 -8 0 -17 -11 -21 -24z"/>
<path d="M226 6384 c-17 -44 4 -77 42 -67 17 4 22 13 22 38 0 21 -6 35 -16 39
-26 10 -42 7 -48 -10z"/>
<path d="M1338 6376 c-13 -31 -6 -52 21 -59 33 -8 54 14 46 51 -5 25 -12 32
-31 32 -16 0 -28 -8 -36 -24z"/>
<path d="M2462 6388 c-20 -20 -15 -65 9 -71 31 -8 49 2 49 28 0 51 -29 72 -58
43z"/>
<path d="M6944 6257 c-3 -8 -4 -30 -2 -49 2 -25 8 -33 23 -33 17 0 20 7 20 45
0 35 -4 45 -18 48 -9 2 -20 -3 -23 -11z"/>
<path d="M8054 6257 c-3 -8 -4 -30 -2 -49 2 -25 8 -33 23 -33 17 0 20 7 20 45
0 35 -4 45 -18 48 -9 2 -20 -3 -23 -11z"/>
<path d="M227 6254 c-20 -20 -3 -84 23 -84 25 0 42 24 38 57 -2 21 -9 29 -28
31 -14 2 -29 0 -33 -4z"/>
<path d="M1337 6239 c-3 -12 -2 -32 3 -45 20 -51 79 -12 66 42 -8 32 -61 35
-69 3z"/>
<path d="M2457 6254 c-11 -12 -8 -59 5 -72 31 -31 66 3 56 55 -3 18 -47 31
-61 17z"/>
<path d="M224 6105 c-4 -8 -3 -27 0 -41 5 -20 12 -25 34 -22 21 2 28 9 30 32
2 16 -2 32 -10 37 -21 14 -48 10 -54 -6z"/>
<path d="M1340 6105 c-19 -23 3 -65 34 -65 17 0 26 7 30 26 12 45 -35 74 -64
39z"/>
<path d="M2463 6114 c-7 -3 -13 -19 -13 -35 0 -22 5 -30 26 -35 32 -8 46 6 42
42 -3 29 -26 40 -55 28z"/>
<path d="M6947 6114 c-12 -12 -8 -61 7 -73 19 -16 38 10 34 46 -3 27 -26 42
-41 27z"/>
<path d="M8057 6114 c-12 -12 -8 -61 7 -73 19 -16 38 10 34 46 -3 27 -26 42
-41 27z"/>
<path d="M54 5986 c-13 -35 0 -51 41 -51 35 0 40 3 43 24 2 13 -2 28 -10 32
-21 14 -68 10 -74 -5z"/>
<path d="M343 5993 c-7 -2 -13 -12 -13 -22 0 -43 73 -60 83 -19 10 38 -26 59
-70 41z"/>
<path d="M477 5993 c-4 -3 -7 -19 -7 -35 0 -26 3 -28 40 -28 34 0 40 3 46 26
4 17 2 29 -7 35 -17 10 -63 12 -72 2z"/>
<path d="M614 5986 c-13 -33 0 -51 36 -51 32 0 35 2 35 30 0 27 -4 30 -33 33
-22 2 -34 -2 -38 -12z"/>
<path d="M755 5986 c-29 -22 -9 -50 39 -54 37 -3 37 -3 34 30 -2 27 -8 34 -28
36 -14 2 -34 -4 -45 -12z"/>
<path d="M892 5987 c-6 -7 -9 -23 -5 -35 8 -31 67 -31 84 0 10 18 8 24 -7 35
-23 17 -58 17 -72 0z"/>
<path d="M1034 5986 c-13 -33 0 -51 36 -51 32 0 35 2 35 30 0 27 -4 30 -33 33
-22 2 -34 -2 -38 -12z"/>
<path d="M1172 5991 c-8 -4 -12 -19 -10 -32 3 -21 8 -24 43 -24 38 0 40 2 40
30 0 26 -4 30 -30 33 -16 1 -36 -2 -43 -7z"/>
<path d="M1454 5986 c-12 -31 1 -51 33 -54 25 -2 33 1 38 18 4 12 1 27 -5 35
-16 19 -59 19 -66 1z"/>
<path d="M1592 5991 c-8 -4 -12 -19 -10 -32 3 -21 8 -24 43 -24 35 0 40 3 43
24 4 26 -12 41 -43 41 -11 0 -26 -4 -33 -9z"/>
<path d="M1725 5981 c-10 -32 5 -51 40 -51 38 0 56 30 35 55 -18 22 -67 19
-75 -4z"/>
<path d="M1872 5991 c-8 -4 -12 -19 -10 -32 2 -20 10 -25 39 -27 31 -3 37 1
42 19 11 40 -33 64 -71 40z"/>
<path d="M2004 5986 c-13 -35 0 -51 41 -51 35 0 40 3 43 24 2 13 -2 28 -10 32
-21 14 -68 10 -74 -5z"/>
<path d="M2152 5991 c-8 -4 -12 -19 -10 -32 2 -20 9 -24 38 -24 32 0 35 2 35
30 0 25 -4 30 -25 33 -14 1 -31 -2 -38 -7z"/>
<path d="M2286 5987 c-15 -11 -17 -17 -7 -35 9 -16 21 -22 47 -22 34 0 35 1
32 33 -2 26 -8 33 -28 35 -14 2 -33 -3 -44 -11z"/>
<path d="M2572 5991 c-8 -4 -12 -19 -10 -32 2 -20 9 -24 38 -24 32 0 35 2 35
30 0 25 -4 30 -25 33 -14 1 -31 -2 -38 -7z"/>
<path d="M2708 5993 c-19 -5 -22 -20 -12 -47 4 -11 19 -16 46 -16 38 0 39 1
36 33 -2 26 -7 32 -28 34 -14 0 -33 -1 -42 -4z"/>
<path d="M2842 5987 c-6 -7 -9 -23 -5 -35 8 -32 70 -32 82 1 7 16 5 25 -7 35
-21 16 -57 15 -70 -1z"/>
<path d="M2981 5986 c-20 -23 4 -56 39 -56 23 0 31 5 36 24 3 14 3 30 -1 35
-9 16 -61 13 -74 -3z"/>
<path d="M3122 5991 c-8 -4 -12 -19 -10 -32 3 -21 8 -24 43 -24 35 0 40 3 43
24 4 26 -12 41 -43 41 -11 0 -26 -4 -33 -9z"/>
<path d="M3262 5987 c-6 -7 -9 -23 -5 -35 4 -17 13 -22 39 -22 28 0 35 4 40
26 4 17 2 29 -7 35 -21 13 -55 11 -67 -4z"/>
<path d="M3404 5986 c-27 -20 -7 -51 32 -51 23 0 30 5 32 24 6 38 -29 52 -64
27z"/>
<path d="M6044 5986 c-13 -33 0 -51 36 -51 32 0 35 2 35 30 0 27 -4 30 -33 33
-22 2 -34 -2 -38 -12z"/>
<path d="M6182 5991 c-8 -4 -12 -19 -10 -32 3 -20 9 -24 46 -27 l43 -3 -3 33
c-3 29 -7 33 -33 36 -16 1 -36 -2 -43 -7z"/>
<path d="M6322 5987 c-6 -7 -9 -23 -5 -36 5 -18 11 -22 42 -19 29 2 37 7 39
27 2 13 -2 28 -10 32 -20 13 -54 11 -66 -4z"/>
<path d="M6461 5986 c-20 -23 4 -56 39 -56 23 0 31 5 36 24 3 14 3 30 -1 35
-9 16 -61 13 -74 -3z"/>
<path d="M6602 5991 c-8 -4 -12 -19 -10 -32 3 -21 8 -24 43 -24 35 0 40 3 43
24 4 26 -12 41 -43 41 -11 0 -26 -4 -33 -9z"/>
<path d="M6735 5981 c-10 -33 5 -52 38 -49 38 4 56 30 38 52 -19 23 -68 21
-76 -3z"/>
<path d="M6884 5985 c-15 -11 -17 -17 -8 -32 6 -10 21 -20 34 -21 13 -2 30
-12 39 -23 25 -30 45 -10 37 35 -4 21 -12 39 -19 41 -43 13 -66 13 -83 0z"/>
<path d="M7028 5993 c-22 -5 -23 -36 -4 -52 8 -7 27 -11 43 -9 22 2 29 9 31
29 2 20 -2 28 -20 33 -13 3 -25 5 -28 5 -3 -1 -13 -3 -22 -6z"/>
<path d="M7155 5990 c-4 -6 -4 -22 -1 -36 6 -21 12 -25 39 -22 28 3 32 7 32
33 0 26 -4 30 -32 33 -17 2 -34 -2 -38 -8z"/>
<path d="M7296 5987 c-15 -11 -17 -17 -7 -35 17 -31 76 -31 84 0 12 42 -37 64
-77 35z"/>
<path d="M7438 5994 c-5 -4 -8 -20 -8 -36 0 -26 3 -28 40 -28 34 0 41 4 46 25
4 14 4 28 1 31 -9 9 -72 16 -79 8z"/>
<path d="M7574 5986 c-13 -33 0 -51 36 -51 32 0 35 2 35 30 0 27 -4 30 -33 33
-22 2 -34 -2 -38 -12z"/>
<path d="M7718 5993 c-21 -5 -24 -33 -6 -51 7 -7 27 -12 46 -12 32 0 33 2 30
33 -2 26 -7 32 -28 34 -14 0 -33 -1 -42 -4z"/>
<path d="M7852 5987 c-6 -7 -9 -23 -5 -36 5 -18 11 -22 42 -19 29 2 37 7 39
27 2 13 -2 28 -10 32 -20 13 -54 11 -66 -4z"/>
<path d="M8001 5991 c-21 -13 -9 -56 16 -56 12 0 30 -11 41 -24 10 -14 24 -21
30 -17 16 10 15 58 0 78 -15 18 -69 30 -87 19z"/>
<path d="M8138 5988 c-12 -10 -14 -19 -7 -36 7 -19 15 -23 41 -20 26 2 34 8
36 27 6 37 -37 54 -70 29z"/>
<path d="M8272 5987 c-6 -7 -9 -23 -5 -35 4 -17 13 -22 39 -22 28 0 35 4 40
26 4 17 2 29 -7 35 -21 13 -55 11 -67 -4z"/>
<path d="M8411 5991 c-9 -6 -11 -18 -7 -35 5 -22 12 -26 41 -26 25 0 35 5 40
20 12 39 -36 65 -74 41z"/>
<path d="M8552 5991 c-8 -4 -12 -19 -10 -32 3 -21 8 -24 43 -24 35 0 40 3 43
24 4 26 -12 41 -43 41 -11 0 -26 -4 -33 -9z"/>
<path d="M8685 5989 c-4 -5 -4 -21 -1 -35 5 -19 13 -24 36 -24 35 0 59 33 39
56 -13 16 -65 19 -74 3z"/>
<path d="M8832 5991 c-8 -4 -12 -19 -10 -32 2 -20 10 -25 39 -27 31 -3 37 1
42 19 11 40 -33 64 -71 40z"/>
<path d="M8962 5987 c-16 -19 -3 -57 19 -57 15 0 19 7 19 35 0 37 -18 47 -38
22z"/>
<path d="M195 5979 c-4 -5 4 -26 17 -45 17 -26 29 -34 48 -32 21 3 25 8 23 31
-1 16 -7 35 -14 43 -13 16 -65 19 -74 3z"/>
<path d="M1310 5967 c0 -29 39 -67 68 -67 17 0 22 6 22 26 0 44 -17 64 -55 64
-30 0 -35 -3 -35 -23z"/>
<path d="M2420 5967 c0 -38 88 -91 91 -54 5 53 -13 77 -57 77 -29 0 -34 -4
-34 -23z"/>
<path d="M5915 5980 c-10 -16 15 -41 39 -38 32 5 28 42 -6 46 -14 2 -29 -2
-33 -8z"/>
<path d="M6944 5837 c-3 -8 -4 -30 -2 -49 2 -25 8 -33 23 -33 17 0 20 7 20 45
0 35 -4 45 -18 48 -9 2 -20 -3 -23 -11z"/>
<path d="M8054 5837 c-3 -8 -4 -30 -2 -49 2 -25 8 -33 23 -33 17 0 20 7 20 45
0 35 -4 45 -18 48 -9 2 -20 -3 -23 -11z"/>
<path d="M225 5830 c-11 -17 4 -80 19 -80 27 0 48 26 44 55 -2 24 -8 31 -30
33 -14 2 -29 -2 -33 -8z"/>
<path d="M1335 5821 c-9 -29 12 -71 35 -71 13 0 24 10 31 26 14 40 3 64 -31
64 -19 0 -31 -6 -35 -19z"/>
<path d="M2457 5834 c-4 -4 -7 -20 -7 -36 0 -21 7 -32 26 -40 31 -15 46 2 42
47 -2 24 -8 31 -28 33 -14 2 -29 0 -33 -4z"/>
<path d="M6951 5701 c-7 -5 -11 -22 -9 -42 2 -26 8 -34 23 -34 15 0 21 8 23
31 3 34 -16 58 -37 45z"/>
<path d="M8061 5696 c-20 -23 -10 -71 14 -71 15 0 21 8 23 31 4 38 -19 62 -37
40z"/>
<path d="M224 5686 c-3 -8 -4 -25 -2 -38 2 -18 9 -23 33 -23 28 0 30 3 30 35
0 31 -3 35 -28 38 -17 2 -29 -2 -33 -12z"/>
<path d="M1334 5675 c-8 -31 10 -55 42 -55 25 0 39 28 29 60 -10 31 -63 28
-71 -5z"/>
<path d="M2457 5694 c-4 -4 -7 -20 -7 -35 0 -22 6 -30 26 -35 32 -8 46 6 42
42 -2 23 -9 30 -28 32 -14 2 -29 0 -33 -4z"/>
<path d="M224 5546 c-10 -43 -1 -61 31 -61 25 0 30 4 33 28 6 53 -51 82 -64
33z"/>
<path d="M1340 5546 c-14 -39 -2 -66 30 -66 34 0 45 25 31 64 -13 34 -48 35
-61 2z"/>
<path d="M2461 5556 c-7 -8 -11 -27 -9 -43 3 -24 8 -28 33 -28 32 0 41 18 31
61 -7 27 -37 32 -55 10z"/>
<path d="M6944 5557 c-3 -8 -4 -30 -2 -49 2 -25 8 -33 23 -33 17 0 20 7 20 45
0 35 -4 45 -18 48 -9 2 -20 -3 -23 -11z"/>
<path d="M8054 5557 c-3 -8 -4 -30 -2 -49 2 -25 8 -33 23 -33 17 0 20 7 20 45
0 35 -4 45 -18 48 -9 2 -20 -3 -23 -11z"/>
<path d="M232 5418 c-28 -28 -8 -82 29 -76 20 2 25 10 27 41 2 20 -1 37 -7 37
-5 0 -15 2 -23 5 -7 3 -19 0 -26 -7z"/>
<path d="M1353 5419 c-24 -9 -27 -19 -17 -56 5 -17 14 -23 34 -23 27 0 39 18
40 57 0 19 -32 32 -57 22z"/>
<path d="M2468 5423 c-27 -7 -23 -58 4 -78 21 -14 24 -14 35 2 16 21 17 55 1
71 -7 7 -14 11 -17 11 -4 -1 -14 -3 -23 -6z"/>
<path d="M6947 5424 c-14 -15 -7 -84 9 -91 22 -8 35 15 32 57 -3 33 -24 51
-41 34z"/>
<path d="M8057 5424 c-9 -9 -9 -57 -1 -78 16 -43 50 1 42 55 -3 23 -27 36 -41
23z"/>
<path d="M232 5278 c-15 -15 -16 -64 -1 -73 5 -4 21 -4 35 -1 31 8 34 60 5 76
-24 13 -24 13 -39 -2z"/>
<path d="M1345 5274 c-33 -33 4 -92 43 -68 9 6 18 20 20 31 3 20 -21 53 -38
53 -5 0 -16 -7 -25 -16z"/>
<path d="M2468 5279 c-11 -6 -18 -22 -18 -39 0 -23 5 -31 24 -36 14 -3 30 -3
35 1 15 9 14 58 -1 73 -14 14 -18 14 -40 1z"/>
<path d="M6944 5277 c-3 -9 -4 -28 -2 -44 2 -20 8 -28 23 -28 17 0 20 7 20 40
0 30 -4 41 -18 43 -9 2 -20 -3 -23 -11z"/>
<path d="M8054 5277 c-3 -9 -4 -28 -2 -44 2 -20 8 -28 23 -28 17 0 20 7 20 40
0 30 -4 41 -18 43 -9 2 -20 -3 -23 -11z"/>
<path d="M6953 5153 c-18 -6 -17 -89 1 -96 20 -8 36 13 36 49 0 33 -17 54 -37
47z"/>
<path d="M8061 5147 c-15 -15 -14 -84 2 -90 26 -9 37 6 37 48 0 44 -17 64 -39
42z"/>
<path d="M224 5126 c-10 -43 -2 -61 31 -61 28 0 30 2 30 40 0 36 -3 40 -27 43
-22 3 -29 -2 -34 -22z"/>
<path d="M1337 5128 c-11 -41 2 -68 33 -68 31 0 44 26 34 67 -8 32 -59 33 -67
1z"/>
<path d="M2454 5136 c-3 -8 -4 -27 -2 -43 2 -22 9 -29 30 -31 30 -4 44 23 34
64 -5 17 -13 24 -32 24 -13 0 -27 -6 -30 -14z"/>
<path d="M232 4998 c-32 -32 -1 -89 37 -68 21 11 31 70 12 70 -5 0 -15 2 -23
5 -7 3 -19 0 -26 -7z"/>
<path d="M2472 4999 c-28 -11 -26 -36 5 -56 21 -14 23 -14 33 13 14 36 -4 56
-38 43z"/>
<path d="M6947 5004 c-12 -12 -8 -61 7 -73 19 -16 38 10 34 46 -3 27 -26 42
-41 27z"/>
<path d="M8057 5004 c-12 -12 -8 -61 7 -73 19 -16 38 10 34 46 -3 27 -26 42
-41 27z"/>
<path d="M1342 4973 c2 -22 8 -28 28 -28 20 0 26 6 28 28 3 24 0 27 -28 27
-28 0 -31 -3 -28 -27z"/>
<path d="M352 4879 c-33 -13 -26 -50 11 -64 24 -8 31 -6 42 9 14 18 10 45 -9
58 -13 9 -15 9 -44 -3z"/>
<path d="M622 4878 c-19 -19 -14 -56 8 -63 35 -11 60 3 60 35 0 37 -42 54 -68
28z"/>
<path d="M770 4883 c-55 -21 -22 -83 36 -69 19 5 24 13 24 36 0 17 -4 30 -9
30 -5 0 -15 2 -23 4 -7 3 -20 2 -28 -1z"/>
<path d="M908 4883 c-24 -6 -25 -61 -2 -70 22 -8 68 9 71 27 6 31 -31 53 -69
43z"/>
<path d="M1043 4883 c-22 -8 -16 -61 7 -68 32 -10 60 4 60 29 0 37 -30 55 -67
39z"/>
<path d="M8284 4882 c-19 -13 -23 -40 -9 -58 11 -15 18 -17 42 -9 39 14 44 51
8 65 -31 12 -27 12 -41 2z"/>
<path d="M8422 4879 c-32 -13 -26 -50 11 -63 39 -14 66 12 49 49 -12 27 -23
29 -60 14z"/>
<path d="M8692 4878 c-32 -32 2 -78 46 -62 21 8 26 16 24 34 -4 38 -44 54 -70
28z"/>
<path d="M8838 4879 c-29 -16 -23 -57 9 -65 48 -12 80 28 48 60 -19 18 -33 20
-57 5z"/>
<path d="M50 4851 c0 -34 22 -46 65 -35 21 5 26 11 23 33 -3 23 -8 26 -45 29
-42 3 -43 2 -43 -27z"/>
<path d="M200 4855 c0 -30 32 -65 60 -65 29 0 34 23 15 59 -12 24 -22 31 -45
31 -25 0 -30 -4 -30 -25z"/>
<path d="M470 4851 c0 -24 5 -32 24 -37 34 -8 68 12 64 39 -2 18 -11 23 -45
25 -42 3 -43 2 -43 -27z"/>
<path d="M1164 4865 c-11 -28 4 -45 41 -45 32 0 35 2 35 30 0 28 -3 30 -35 30
-22 0 -38 -6 -41 -15z"/>
<path d="M8540 4851 c0 -34 22 -46 65 -35 21 5 26 11 23 33 -3 23 -8 26 -45
29 -42 3 -43 2 -43 -27z"/>
<path d="M8957 4861 c-6 -23 10 -51 28 -51 10 0 15 11 15 35 0 28 -4 35 -19
35 -10 0 -21 -8 -24 -19z"/>
<path d="M224 4706 c-8 -33 4 -66 24 -66 31 0 44 16 40 51 -2 29 -7 35 -30 37
-22 3 -29 -2 -34 -22z"/>
<path d="M227 4583 c-12 -11 -8 -60 6 -71 7 -6 21 -6 35 -1 27 10 32 63 6 73
-20 8 -39 8 -47 -1z"/>
<path d="M230 4441 c-23 -45 -3 -85 38 -74 30 7 31 67 3 83 -26 14 -29 13 -41
-9z"/>
<path d="M231 4307 c-23 -23 -10 -87 19 -87 25 0 42 24 38 56 -3 30 -38 50
-57 31z"/>
<path d="M224 4156 c-3 -8 -4 -25 -2 -38 2 -18 9 -23 33 -23 28 0 30 3 30 35
0 31 -3 35 -28 38 -17 2 -29 -2 -33 -12z"/>
<path d="M224 4016 c-10 -43 -1 -61 31 -61 25 0 30 4 33 28 6 53 -51 82 -64
33z"/>
<path d="M232 3888 c-23 -23 -11 -78 17 -78 9 0 22 5 29 12 14 14 16 68 3 68
-5 0 -15 2 -23 5 -7 3 -19 0 -26 -7z"/>
<path d="M51 3748 c-11 -28 3 -48 34 -48 36 0 55 10 55 29 0 44 -74 59 -89 19z"/>
<path d="M200 3749 c-10 -18 -8 -25 19 -51 25 -25 33 -28 50 -18 26 13 27 31
4 58 -28 32 -60 37 -73 11z"/>
<path d="M342 3758 c-17 -17 -15 -45 4 -52 46 -18 84 7 64 43 -12 23 -49 28
-68 9z"/>
<path d="M474 3756 c-16 -41 12 -64 62 -52 26 7 32 34 12 54 -17 17 -67 15
-74 -2z"/>
<path d="M614 3746 c-8 -34 2 -46 36 -46 34 0 44 12 36 46 -5 19 -13 24 -36
24 -23 0 -31 -5 -36 -24z"/>
<path d="M756 3754 c-31 -30 -14 -54 39 -54 32 0 49 23 35 49 -13 25 -52 28
-74 5z"/>
<path d="M890 3749 c-9 -15 -8 -24 1 -35 14 -17 60 -19 77 -2 16 16 15 23 -4
42 -22 23 -61 20 -74 -5z"/>
<path d="M1034 3756 c-11 -29 1 -51 30 -54 36 -4 50 10 42 42 -5 21 -12 26
-37 26 -17 0 -32 -6 -35 -14z"/>
<path d="M1178 3759 c-46 -26 6 -74 52 -49 24 13 25 23 4 44 -18 18 -32 20
-56 5z"/>
<path d="M8270 3749 c-9 -15 -8 -24 1 -35 21 -25 79 -14 79 15 0 41 -61 57
-80 20z"/>
<path d="M8412 3758 c-29 -29 -8 -58 43 -58 30 0 37 12 29 45 -5 19 -13 25
-33 25 -15 0 -32 -5 -39 -12z"/>
<path d="M8544 3756 c-13 -34 0 -51 41 -51 43 0 58 22 35 50 -16 19 -69 19
-76 1z"/>
<path d="M8684 3746 c-8 -33 2 -46 35 -46 38 0 56 22 41 49 -16 31 -68 29 -76
-3z"/>
<path d="M8824 3749 c-18 -20 -18 -21 1 -35 45 -33 98 -7 75 37 -14 25 -52 24
-76 -2z"/>
<path d="M8960 3749 c-9 -15 -8 -24 1 -35 21 -26 39 -16 39 21 0 40 -22 48
-40 14z"/>
<path d="M224 3596 c-10 -43 -1 -61 31 -61 27 0 30 4 33 34 4 35 -9 51 -40 51
-10 0 -20 -10 -24 -24z"/>
<path d="M232 3468 c-23 -23 -11 -78 17 -78 9 0 22 5 29 12 14 14 16 68 3 68
-5 0 -15 2 -23 5 -7 3 -19 0 -26 -7z"/>
<path d="M226 3324 c-17 -44 4 -77 42 -67 40 10 24 83 -19 83 -9 0 -20 -7 -23
-16z"/>
<path d="M227 3194 c-10 -10 -9 -56 2 -72 4 -8 19 -12 32 -10 21 3 24 8 24 43
0 35 -3 40 -25 43 -14 2 -29 0 -33 -4z"/>
<path d="M227 3053 c-12 -12 -7 -60 7 -72 23 -19 56 3 56 38 0 34 -42 56 -63
34z"/>
<path d="M230 2910 c-24 -44 -3 -84 39 -73 18 5 22 11 19 41 -4 43 -41 64 -58
32z"/>
<path d="M227 2774 c-11 -12 -8 -49 6 -68 11 -16 17 -17 36 -7 17 10 21 20 19
44 -2 26 -8 33 -28 35 -14 2 -29 0 -33 -4z"/>
<path d="M58 2639 c-41 -23 -4 -56 53 -47 27 3 38 36 17 49 -18 12 -49 11 -70
-2z"/>
<path d="M348 2643 c-22 -6 -24 -39 -2 -47 49 -19 91 7 64 39 -12 15 -29 17
-62 8z"/>
<path d="M475 2634 c-22 -23 -2 -44 42 -44 40 0 56 26 28 46 -25 18 -50 18
-70 -2z"/>
<path d="M622 2641 c-25 -15 -9 -46 24 -49 40 -4 61 19 39 42 -18 18 -43 20
-63 7z"/>
<path d="M758 2639 c-22 -12 -23 -35 -2 -43 29 -11 75 -6 80 9 14 35 -38 58
-78 34z"/>
<path d="M890 2635 c-19 -23 -4 -45 29 -45 59 0 82 28 42 50 -28 14 -56 12
-71 -5z"/>
<path d="M1035 2634 c-12 -13 -13 -19 -4 -31 18 -20 73 -13 77 11 7 35 -44 49
-73 20z"/>
<path d="M8270 2635 c-20 -24 -4 -45 35 -45 42 0 59 25 30 46 -25 18 -50 18
-65 -1z"/>
<path d="M8415 2636 c-29 -21 -12 -46 30 -46 39 0 55 21 35 45 -15 19 -40 19
-65 1z"/>
<path d="M8545 2634 c-24 -24 -1 -46 44 -42 26 2 37 8 39 22 7 35 -53 50 -83
20z"/>
<path d="M8690 2635 c-17 -21 -5 -45 24 -45 54 0 75 29 37 50 -27 14 -46 13
-61 -5z"/>
<path d="M8828 2639 c-22 -12 -23 -35 -2 -43 29 -11 75 -6 80 9 14 35 -38 58
-78 34z"/>
<path d="M8960 2635 c-16 -20 -5 -45 20 -45 16 0 20 7 20 30 0 33 -19 40 -40
15z"/>
<path d="M195 2629 c-8 -11 43 -68 61 -69 23 0 35 26 24 54 -8 21 -16 26 -44
26 -19 0 -38 -5 -41 -11z"/>
<path d="M1164 2625 c-10 -24 9 -37 47 -33 26 2 34 8 34 23 0 16 -8 21 -38 23
-27 2 -39 -1 -43 -13z"/>
<path d="M8146 2627 c-19 -14 -19 -15 3 -26 28 -15 63 -5 59 17 -4 22 -38 27
-62 9z"/>
<path d="M230 2491 c-24 -46 -3 -86 38 -70 29 11 31 63 3 79 -26 14 -29 13
-41 -9z"/>
<path d="M6951 2496 c-7 -8 -11 -30 -9 -48 2 -25 8 -33 23 -33 16 0 21 8 23
36 4 42 -18 68 -37 45z"/>
<path d="M8054 2486 c-10 -41 -1 -71 21 -71 22 0 31 30 21 71 -8 31 -34 31
-42 0z"/>
<path d="M1347 2494 c-4 -4 -7 -22 -7 -41 0 -30 3 -33 31 -33 29 0 30 2 27 38
-2 28 -8 38 -23 40 -12 2 -24 0 -28 -4z"/>
<path d="M2465 2484 c-25 -25 -15 -58 18 -62 33 -4 45 18 29 54 -13 28 -24 30
-47 8z"/>
<path d="M232 2358 c-16 -16 -15 -50 1 -72 22 -30 57 -5 57 39 0 19 -4 35 -9
35 -5 0 -15 2 -23 5 -7 3 -19 0 -26 -7z"/>
<path d="M2468 2359 c-25 -14 -23 -65 3 -79 15 -9 24 -8 35 1 17 14 19 60 2
77 -14 14 -18 14 -40 1z"/>
<path d="M6944 2357 c-3 -8 -4 -30 -2 -49 2 -25 8 -33 23 -33 17 0 20 7 20 45
0 35 -4 45 -18 48 -9 2 -20 -3 -23 -11z"/>
<path d="M8054 2357 c-3 -8 -4 -30 -2 -49 2 -25 8 -33 23 -33 17 0 20 7 20 45
0 35 -4 45 -18 48 -9 2 -20 -3 -23 -11z"/>
<path d="M1336 2344 c-8 -22 3 -62 20 -68 22 -8 42 3 48 29 9 36 -3 55 -34 55
-16 0 -30 -7 -34 -16z"/>
<path d="M6944 2217 c-3 -9 -4 -28 -2 -44 2 -20 8 -28 23 -28 17 0 20 7 20 40
0 30 -4 41 -18 43 -9 2 -20 -3 -23 -11z"/>
<path d="M8054 2217 c-3 -9 -4 -28 -2 -44 2 -20 8 -28 23 -28 17 0 20 7 20 40
0 30 -4 41 -18 43 -9 2 -20 -3 -23 -11z"/>
<path d="M227 2214 c-11 -11 -8 -62 4 -69 5 -4 21 -4 35 -1 21 6 25 12 22 39
-2 26 -8 33 -28 35 -14 2 -29 0 -33 -4z"/>
<path d="M1334 2195 c-7 -29 10 -55 36 -55 26 0 43 26 36 55 -5 20 -13 25 -36
25 -23 0 -31 -5 -36 -25z"/>
<path d="M2457 2214 c-4 -4 -7 -20 -7 -35 0 -22 6 -30 26 -35 32 -8 46 6 42
42 -2 23 -9 30 -28 32 -14 2 -29 0 -33 -4z"/>
<path d="M224 2066 c-10 -43 -1 -61 31 -61 27 0 30 4 33 34 4 35 -9 51 -40 51
-10 0 -20 -10 -24 -24z"/>
<path d="M1340 2066 c-14 -39 -2 -66 30 -66 33 0 45 23 34 64 -8 35 -51 36
-64 2z"/>
<path d="M2462 2081 c-8 -5 -12 -22 -10 -42 3 -30 6 -34 33 -34 32 0 41 18 31
61 -6 24 -29 31 -54 15z"/>
<path d="M6944 2077 c-3 -8 -4 -30 -2 -49 2 -25 8 -33 23 -33 17 0 20 7 20 45
0 35 -4 45 -18 48 -9 2 -20 -3 -23 -11z"/>
<path d="M8054 2077 c-3 -8 -4 -30 -2 -49 2 -25 8 -33 23 -33 17 0 20 7 20 45
0 35 -4 45 -18 48 -9 2 -20 -3 -23 -11z"/>
<path d="M233 1943 c-14 -5 -17 -41 -7 -67 7 -19 35 -21 52 -4 14 14 16 68 3
68 -5 0 -15 2 -23 4 -7 3 -19 2 -25 -1z"/>
<path d="M1345 1936 c-28 -20 -10 -71 25 -71 35 0 53 51 25 71 -10 8 -22 14
-25 14 -3 0 -15 -6 -25 -14z"/>
<path d="M2468 1943 c-21 -5 -25 -52 -6 -71 29 -29 58 -8 58 43 0 18 -23 41
-33 34 -1 -1 -10 -3 -19 -6z"/>
<path d="M6947 1944 c-10 -10 -8 -66 2 -83 17 -26 43 6 39 48 -3 34 -24 52
-41 35z"/>
<path d="M8057 1944 c-9 -9 -9 -57 -1 -78 16 -43 50 1 42 55 -3 23 -27 36 -41
23z"/>
<path d="M226 1794 c-19 -48 6 -84 48 -68 23 9 21 61 -3 74 -27 14 -38 13 -45
-6z"/>
<path d="M1338 1784 c-15 -32 0 -59 32 -59 13 0 28 8 33 17 15 23 -6 68 -33
68 -12 0 -25 -10 -32 -26z"/>
<path d="M2468 1799 c-11 -6 -18 -22 -18 -39 0 -23 5 -31 24 -36 32 -8 46 2
46 31 0 51 -17 65 -52 44z"/>
<path d="M6944 1797 c-3 -9 -4 -28 -2 -44 2 -20 8 -28 23 -28 17 0 20 7 20 40
0 30 -4 41 -18 43 -9 2 -20 -3 -23 -11z"/>
<path d="M8054 1797 c-3 -9 -4 -28 -2 -44 2 -20 8 -28 23 -28 17 0 20 7 20 40
0 30 -4 41 -18 43 -9 2 -20 -3 -23 -11z"/>
<path d="M6951 1671 c-7 -5 -11 -23 -9 -47 2 -31 7 -39 23 -39 16 0 21 8 23
36 3 38 -15 63 -37 50z"/>
<path d="M8060 1665 c-6 -8 -10 -29 -8 -47 2 -25 8 -33 23 -33 16 0 21 8 23
41 3 45 -17 65 -38 39z"/>
<path d="M224 1646 c-8 -33 4 -66 24 -66 31 0 44 16 40 51 -2 29 -7 35 -30 37
-22 3 -29 -2 -34 -22z"/>
<path d="M1338 1647 c-7 -38 8 -67 36 -67 18 0 25 7 29 26 8 44 -2 64 -33 64
-21 0 -29 -6 -32 -23z"/>
<path d="M2457 1664 c-11 -12 -8 -59 5 -72 31 -31 66 3 56 55 -3 18 -47 31
-61 17z"/>
<path d="M44 1515 c-10 -25 9 -37 52 -33 31 2 39 7 39 23 0 16 -8 21 -43 23
-32 2 -44 -1 -48 -13z"/>
<path d="M197 1523 c-13 -13 -7 -32 13 -38 11 -3 20 -13 20 -21 0 -18 34 -18
49 0 12 14 5 46 -13 58 -14 10 -60 10 -69 1z"/>
<path d="M332 1517 c-18 -21 9 -39 50 -35 25 2 33 8 33 23 0 16 -8 21 -36 23
-22 2 -40 -2 -47 -11z"/>
<path d="M464 1515 c-10 -25 9 -37 52 -33 31 2 39 7 39 23 0 16 -8 21 -43 23
-32 2 -44 -1 -48 -13z"/>
<path d="M614 1515 c-9 -22 4 -35 35 -35 31 0 52 16 44 36 -7 19 -72 18 -79
-1z"/>
<path d="M744 1515 c-10 -25 9 -37 52 -33 31 2 39 7 39 23 0 16 -8 21 -43 23
-32 2 -44 -1 -48 -13z"/>
<path d="M884 1515 c-10 -25 9 -37 52 -33 31 2 39 7 39 23 0 16 -8 21 -43 23
-32 2 -44 -1 -48 -13z"/>
<path d="M1024 1515 c-10 -24 9 -37 47 -33 26 2 34 8 34 23 0 16 -8 21 -38 23
-27 2 -39 -1 -43 -13z"/>
<path d="M1164 1515 c-9 -24 5 -35 46 -35 37 0 51 12 43 38 -7 17 -82 16 -89
-3z"/>
<path d="M1303 1513 c-4 -10 -1 -19 6 -21 7 -2 21 -13 29 -23 9 -11 27 -19 39
-19 19 0 23 6 23 28 0 15 -5 33 -12 40 -18 18 -77 15 -85 -5z"/>
<path d="M1443 1515 c-8 -22 14 -36 52 -33 22 2 30 8 30 23 0 16 -8 21 -38 23
-27 2 -39 -1 -44 -13z"/>
<path d="M1577 1516 c-8 -20 13 -36 48 -36 35 0 56 16 48 36 -3 9 -21 14 -48
14 -27 0 -45 -5 -48 -14z"/>
<path d="M1724 1515 c-10 -24 9 -37 47 -33 26 2 34 8 34 23 0 16 -8 21 -38 23
-27 2 -39 -1 -43 -13z"/>
<path d="M1861 1521 c-26 -17 6 -43 48 -39 28 2 36 7 36 23 0 16 -8 21 -35 23
-19 1 -41 -2 -49 -7z"/>
<path d="M1994 1515 c-10 -25 9 -37 52 -33 31 2 39 7 39 23 0 16 -8 21 -43 23
-32 2 -44 -1 -48 -13z"/>
<path d="M2144 1515 c-10 -24 9 -37 47 -33 26 2 34 8 34 23 0 16 -8 21 -38 23
-27 2 -39 -1 -43 -13z"/>
<path d="M2273 1515 c-8 -23 14 -36 57 -33 27 2 35 7 35 23 0 16 -8 21 -43 23
-32 2 -44 -1 -49 -13z"/>
<path d="M2417 1516 c-5 -14 10 -36 25 -36 4 0 18 -10 30 -22 20 -20 22 -20
35 -3 14 20 8 55 -11 67 -19 13 -74 9 -79 -6z"/>
<path d="M2564 1515 c-9 -23 9 -37 42 -33 21 2 29 8 29 23 0 26 -62 35 -71 10z"/>
<path d="M2694 1515 c-10 -25 9 -37 52 -33 31 2 39 7 39 23 0 16 -8 21 -43 23
-32 2 -44 -1 -48 -13z"/>
<path d="M2834 1515 c-9 -22 4 -35 36 -35 38 0 60 9 60 25 0 27 -86 36 -96 10z"/>
<path d="M2974 1515 c-10 -24 9 -37 47 -33 26 2 34 8 34 23 0 16 -8 21 -38 23
-27 2 -39 -1 -43 -13z"/>
<path d="M3114 1515 c-9 -24 5 -35 46 -35 37 0 51 12 43 38 -7 17 -82 16 -89
-3z"/>
<path d="M3254 1515 c-9 -23 5 -35 40 -35 39 0 62 20 44 38 -17 17 -77 15 -84
-3z"/>
<path d="M3393 1515 c-8 -21 14 -36 47 -33 17 2 25 9 25 23 0 27 -62 35 -72
10z"/>
<path d="M5913 1523 c-20 -8 -15 -31 8 -38 28 -9 69 2 69 19 0 22 -44 33 -77
19z"/>
<path d="M6037 1516 c-8 -21 17 -38 50 -34 20 2 28 9 28 23 0 16 -8 21 -36 23
-25 2 -38 -2 -42 -12z"/>
<path d="M6174 1515 c-10 -25 9 -37 52 -33 31 2 39 7 39 23 0 16 -8 21 -43 23
-32 2 -44 -1 -48 -13z"/>
<path d="M6314 1515 c-9 -22 4 -35 36 -35 38 0 60 9 60 25 0 27 -86 36 -96 10z"/>
<path d="M6454 1515 c-10 -24 9 -37 47 -33 26 2 34 8 34 23 0 16 -8 21 -38 23
-27 2 -39 -1 -43 -13z"/>
<path d="M6587 1516 c-8 -21 14 -36 54 -36 36 0 50 13 42 38 -6 17 -89 16 -96
-2z"/>
<path d="M6734 1515 c-10 -24 9 -37 47 -33 26 2 34 8 34 23 0 16 -8 21 -38 23
-27 2 -39 -1 -43 -13z"/>
<path d="M6872 1518 c-17 -17 4 -38 39 -38 19 0 30 -6 34 -20 9 -28 33 -25 41
4 10 42 -11 66 -59 66 -24 0 -48 -5 -55 -12z"/>
<path d="M7014 1515 c-10 -24 9 -37 47 -33 26 2 34 8 34 23 0 16 -8 21 -38 23
-27 2 -39 -1 -43 -13z"/>
<path d="M7154 1515 c-10 -24 9 -37 47 -33 26 2 34 8 34 23 0 16 -8 21 -38 23
-27 2 -39 -1 -43 -13z"/>
<path d="M7283 1515 c-8 -23 14 -36 57 -33 27 2 35 7 35 23 0 16 -8 21 -43 23
-32 2 -44 -1 -49 -13z"/>
<path d="M7424 1515 c-10 -25 9 -37 52 -33 31 2 39 7 39 23 0 16 -8 21 -43 23
-32 2 -44 -1 -48 -13z"/>
<path d="M7572 1508 c2 -19 9 -23 38 -23 29 0 36 4 38 23 3 20 -1 22 -38 22
-37 0 -41 -2 -38 -22z"/>
<path d="M7704 1515 c-10 -25 9 -37 52 -33 31 2 39 7 39 23 0 16 -8 21 -43 23
-32 2 -44 -1 -48 -13z"/>
<path d="M7844 1515 c-9 -23 5 -35 39 -35 41 0 62 14 54 34 -8 21 -85 22 -93
1z"/>
<path d="M7993 1524 c-33 -14 -6 -44 39 -44 11 0 22 -8 25 -20 8 -29 31 -25
39 7 10 38 -7 58 -52 60 -21 1 -45 0 -51 -3z"/>
<path d="M8123 1514 c-8 -20 13 -34 53 -34 31 0 51 21 38 41 -10 16 -84 11
-91 -7z"/>
<path d="M8264 1515 c-9 -23 5 -35 40 -35 39 0 62 20 44 38 -17 17 -77 15 -84
-3z"/>
<path d="M8402 1517 c-18 -21 9 -39 50 -35 25 2 33 8 33 23 0 16 -8 21 -36 23
-22 2 -40 -2 -47 -11z"/>
<path d="M8538 1518 c-10 -25 4 -38 41 -38 40 0 62 15 54 36 -7 18 -89 19 -95
2z"/>
<path d="M8684 1515 c-10 -24 9 -37 47 -33 26 2 34 8 34 23 0 16 -8 21 -38 23
-27 2 -39 -1 -43 -13z"/>
<path d="M8823 1524 c-21 -9 -14 -33 11 -40 41 -10 71 -1 71 21 0 16 -7 20
-35 22 -19 1 -41 0 -47 -3z"/>
<path d="M8954 1515 c-8 -20 4 -35 27 -35 14 0 19 7 19 25 0 18 -5 25 -20 25
-11 0 -23 -7 -26 -15z"/>
<path d="M6951 1386 c-7 -8 -11 -30 -9 -48 2 -25 8 -33 23 -33 16 0 21 8 23
36 4 42 -18 68 -37 45z"/>
<path d="M8054 1376 c-10 -41 -1 -71 21 -71 22 0 31 30 21 71 -8 31 -34 31
-42 0z"/>
<path d="M226 1374 c-17 -44 4 -77 42 -67 40 10 24 83 -19 83 -9 0 -20 -7 -23
-16z"/>
<path d="M1340 1370 c-22 -41 12 -81 51 -60 21 12 24 32 9 61 -14 25 -46 24
-60 -1z"/>
<path d="M2462 1378 c-20 -20 -15 -65 9 -71 31 -8 49 2 49 28 0 51 -29 72 -58
43z"/>
<path d="M6944 1247 c-3 -8 -4 -30 -2 -49 2 -25 8 -33 23 -33 17 0 20 7 20 45
0 35 -4 45 -18 48 -9 2 -20 -3 -23 -11z"/>
<path d="M8054 1247 c-3 -8 -4 -30 -2 -49 2 -25 8 -33 23 -33 17 0 20 7 20 45
0 35 -4 45 -18 48 -9 2 -20 -3 -23 -11z"/>
<path d="M227 1244 c-10 -10 -9 -56 2 -73 6 -9 18 -11 36 -7 23 6 26 11 23 44
-3 31 -7 37 -28 40 -14 2 -29 0 -33 -4z"/>
<path d="M1337 1229 c-3 -12 -2 -32 3 -45 20 -51 79 -12 66 42 -8 32 -61 35
-69 3z"/>
<path d="M2457 1244 c-11 -12 -8 -59 5 -72 31 -31 66 3 56 55 -3 18 -47 31
-61 17z"/>
<path d="M224 1096 c-3 -8 -4 -25 -2 -38 2 -18 9 -23 33 -23 26 0 30 4 33 29
2 16 -2 32 -10 37 -20 13 -48 11 -54 -5z"/>
<path d="M1340 1095 c-7 -8 -10 -25 -6 -40 8 -33 61 -36 71 -5 16 49 -33 83
-65 45z"/>
<path d="M2462 1101 c-8 -4 -12 -21 -10 -37 3 -25 7 -29 33 -29 28 0 30 3 30
35 0 27 -4 36 -20 38 -11 1 -26 -2 -33 -7z"/>
<path d="M6947 1104 c-11 -11 -8 -72 3 -79 19 -12 41 17 38 49 -3 29 -25 46
-41 30z"/>
<path d="M8054 1097 c-3 -9 -4 -28 -2 -44 2 -20 8 -28 23 -28 17 0 20 7 20 40
0 30 -4 41 -18 43 -9 2 -20 -3 -23 -11z"/>
<path d="M230 961 c-23 -45 -3 -85 38 -74 30 7 31 67 3 83 -26 14 -29 13 -41
-9z"/>
<path d="M1354 972 c-16 -10 -26 -46 -18 -66 4 -9 17 -16 34 -16 34 0 45 24
31 64 -10 26 -26 32 -47 18z"/>
<path d="M2468 969 c-25 -14 -23 -65 3 -79 15 -9 24 -8 35 1 17 14 19 60 2 77
-14 14 -18 14 -40 1z"/>
<path d="M6944 967 c-3 -8 -4 -30 -2 -49 2 -25 8 -33 23 -33 17 0 20 7 20 45
0 35 -4 45 -18 48 -9 2 -20 -3 -23 -11z"/>
<path d="M8054 967 c-3 -8 -4 -30 -2 -49 2 -25 8 -33 23 -33 17 0 20 7 20 45
0 35 -4 45 -18 48 -9 2 -20 -3 -23 -11z"/>
<path d="M232 828 c-16 -16 -15 -50 2 -74 12 -15 18 -17 33 -8 25 15 29 65 7
81 -22 16 -27 16 -42 1z"/>
<path d="M2468 829 c-35 -20 -17 -89 23 -89 28 0 41 64 17 88 -14 14 -18 14
-40 1z"/>
<path d="M6944 827 c-3 -8 -4 -30 -2 -49 2 -25 8 -33 23 -33 17 0 20 7 20 45
0 35 -4 45 -18 48 -9 2 -20 -3 -23 -11z"/>
<path d="M8054 827 c-3 -8 -4 -30 -2 -49 2 -25 8 -33 23 -33 17 0 20 7 20 45
0 35 -4 45 -18 48 -9 2 -20 -3 -23 -11z"/>
<path d="M1336 815 c-10 -26 4 -64 26 -71 27 -8 39 7 41 47 2 31 -1 34 -29 37
-22 2 -33 -2 -38 -13z"/>
<path d="M6951 691 c-7 -5 -11 -22 -9 -42 2 -26 8 -34 23 -34 15 0 21 8 23 31
3 34 -16 58 -37 45z"/>
<path d="M8061 691 c-7 -5 -11 -23 -9 -42 2 -26 8 -34 23 -34 16 0 21 8 23 36
3 38 -13 55 -37 40z"/>
<path d="M227 684 c-11 -11 -8 -62 4 -69 5 -4 21 -4 35 -1 21 6 25 12 22 39
-2 26 -8 33 -28 35 -14 2 -29 0 -33 -4z"/>
<path d="M1334 665 c-7 -29 10 -55 36 -55 26 0 43 26 36 55 -5 20 -13 25 -36
25 -23 0 -31 -5 -36 -25z"/>
<path d="M2457 684 c-4 -4 -7 -20 -7 -35 0 -22 6 -30 26 -35 32 -8 46 6 42 42
-2 23 -9 30 -28 32 -14 2 -29 0 -33 -4z"/>
<path d="M224 536 c-10 -43 -1 -61 31 -61 25 0 30 4 33 28 6 53 -51 82 -64 33z"/>
<path d="M1340 536 c-14 -38 -2 -66 30 -66 20 0 29 6 33 21 9 32 -9 69 -33 69
-12 0 -24 -9 -30 -24z"/>
<path d="M2461 546 c-7 -8 -11 -27 -9 -43 3 -24 8 -28 33 -28 32 0 41 18 31
61 -7 27 -37 32 -55 10z"/>
<path d="M6947 554 c-13 -13 -8 -82 6 -87 25 -10 38 9 35 49 -3 37 -23 56 -41
38z"/>
<path d="M8054 547 c-3 -8 -4 -30 -2 -49 2 -25 8 -33 23 -33 17 0 20 7 20 45
0 35 -4 45 -18 48 -9 2 -20 -3 -23 -11z"/>
<path d="M6948 407 c-8 -9 -28 -17 -44 -19 -17 -2 -30 -10 -32 -20 -3 -17 7
-22 69 -32 35 -6 37 -5 43 26 8 41 -13 68 -36 45z"/>
<path d="M8057 406 c-8 -9 -27 -16 -40 -16 -28 0 -42 -23 -24 -38 7 -5 31 -12
54 -16 40 -6 42 -5 48 25 9 42 -14 69 -38 45z"/>
<path d="M213 393 c-13 -8 -23 -21 -23 -28 0 -15 55 -36 74 -29 14 5 28 53 19
66 -7 13 -47 8 -70 -9z"/>
<path d="M1321 389 c-19 -18 -21 -24 -9 -35 7 -7 29 -15 48 -16 34 -3 35 -2
38 35 3 35 2 37 -26 37 -15 0 -38 -10 -51 -21z"/>
<path d="M2431 389 c-19 -18 -21 -24 -9 -34 7 -8 29 -15 48 -17 34 -3 35 -2
38 35 3 35 2 37 -26 37 -15 0 -38 -10 -51 -21z"/>
<path d="M55 386 c-17 -12 -17 -16 -5 -30 19 -24 84 -18 88 8 7 34 -47 49 -83
22z"/>
<path d="M348 389 c-37 -21 -15 -49 38 -49 29 0 41 24 24 45 -14 17 -37 19
-62 4z"/>
<path d="M476 387 c-11 -8 -15 -19 -10 -30 10 -28 88 -20 92 9 2 15 -4 23 -20
28 -33 8 -42 8 -62 -7z"/>
<path d="M622 391 c-25 -15 -9 -46 24 -49 40 -4 61 19 39 42 -18 18 -43 20
-63 7z"/>
<path d="M758 389 c-22 -12 -23 -35 -2 -43 29 -11 75 -6 80 9 14 35 -38 58
-78 34z"/>
<path d="M890 385 c-19 -23 -4 -45 29 -45 59 0 82 28 42 50 -28 14 -56 12 -71
-5z"/>
<path d="M1035 384 c-12 -13 -13 -19 -4 -31 18 -20 73 -13 77 11 7 35 -44 49
-73 20z"/>
<path d="M1177 393 c-12 -3 -17 -12 -15 -26 2 -17 11 -23 39 -25 45 -4 68 18
44 42 -16 16 -33 18 -68 9z"/>
<path d="M1458 389 c-37 -21 -15 -49 38 -49 29 0 41 24 24 45 -14 17 -37 19
-62 4z"/>
<path d="M1592 391 c-8 -5 -12 -17 -10 -27 4 -24 69 -32 87 -11 24 30 -40 62
-77 38z"/>
<path d="M1731 386 c-19 -23 -6 -46 26 -46 42 0 61 15 47 37 -14 23 -57 28
-73 9z"/>
<path d="M1865 384 c-12 -12 -13 -19 -4 -30 16 -19 78 -18 85 1 15 38 -49 61
-81 29z"/>
<path d="M2005 384 c-24 -24 -1 -46 44 -42 28 2 37 8 39 24 2 15 -4 23 -20 28
-35 9 -45 7 -63 -10z"/>
<path d="M2152 391 c-8 -5 -12 -17 -10 -27 4 -26 60 -31 78 -8 12 14 12 18 -5
30 -21 16 -44 18 -63 5z"/>
<path d="M2288 389 c-22 -12 -23 -35 -2 -43 29 -11 75 -6 80 9 14 35 -38 58
-78 34z"/>
<path d="M2572 391 c-8 -5 -12 -17 -10 -27 2 -14 12 -19 38 -19 26 0 36 5 38
19 4 20 -13 36 -38 36 -8 0 -21 -4 -28 -9z"/>
<path d="M2705 386 c-11 -8 -16 -19 -12 -30 9 -22 82 -22 91 0 14 37 -41 58
-79 30z"/>
<path d="M2840 385 c-19 -23 -4 -45 29 -45 59 0 82 28 42 50 -28 14 -56 12
-71 -5z"/>
<path d="M2988 389 c-37 -21 -15 -49 38 -49 29 0 41 24 24 45 -14 17 -37 19
-62 4z"/>
<path d="M3122 391 c-8 -5 -12 -17 -10 -27 4 -24 69 -32 87 -11 24 30 -40 62
-77 38z"/>
<path d="M3260 385 c-20 -24 -4 -45 35 -45 42 0 59 25 30 46 -25 18 -50 18
-65 -1z"/>
<path d="M6045 384 c-12 -13 -13 -19 -4 -31 18 -20 73 -13 77 11 7 35 -44 49
-73 20z"/>
<path d="M6187 393 c-12 -3 -17 -12 -15 -26 2 -18 11 -23 44 -25 32 -2 43 1
48 15 12 31 -27 49 -77 36z"/>
<path d="M6320 385 c-7 -8 -10 -22 -6 -30 7 -20 70 -20 87 1 11 14 10 18 -6
30 -25 18 -59 18 -75 -1z"/>
<path d="M6462 388 c-7 -7 -12 -17 -12 -24 0 -26 77 -34 86 -9 14 35 -46 61
-74 33z"/>
<path d="M6602 391 c-8 -5 -12 -17 -10 -27 4 -24 69 -32 87 -11 24 30 -40 62
-77 38z"/>
<path d="M6741 386 c-19 -23 -6 -46 26 -46 42 0 61 15 47 37 -14 23 -57 28
-73 9z"/>
<path d="M7033 390 c-47 -19 -10 -59 44 -48 19 3 32 48 15 48 -6 0 -16 2 -24
4 -7 3 -23 1 -35 -4z"/>
<path d="M7162 391 c-19 -12 -11 -45 11 -49 30 -6 67 7 67 23 0 27 -51 44 -78
26z"/>
<path d="M7298 389 c-22 -12 -23 -35 -2 -43 29 -11 75 -6 80 9 14 35 -38 58
-78 34z"/>
<path d="M7431 386 c-18 -21 -2 -46 29 -46 38 0 60 9 60 26 0 30 -68 45 -89
20z"/>
<path d="M7582 391 c-8 -5 -12 -17 -10 -27 2 -14 12 -19 38 -19 26 0 36 5 38
19 4 20 -13 36 -38 36 -8 0 -21 -4 -28 -9z"/>
<path d="M7715 386 c-11 -8 -16 -19 -12 -30 9 -22 82 -22 91 0 14 37 -41 58
-79 30z"/>
<path d="M7850 385 c-19 -23 -4 -45 29 -45 59 0 82 28 42 50 -28 14 -56 12
-71 -5z"/>
<path d="M8143 390 c-13 -5 -23 -13 -23 -18 0 -29 68 -44 88 -19 22 27 -25 53
-65 37z"/>
<path d="M8270 385 c-7 -8 -10 -22 -6 -30 9 -24 80 -16 84 9 7 34 -54 50 -78
21z"/>
<path d="M8410 385 c-20 -24 -4 -45 35 -45 23 0 38 6 41 15 8 21 -14 45 -41
45 -12 0 -28 -7 -35 -15z"/>
<path d="M8545 384 c-24 -24 -1 -46 44 -42 26 2 37 8 39 22 7 35 -53 50 -83
20z"/>
<path d="M8691 386 c-19 -23 -6 -46 26 -46 42 0 61 15 47 37 -14 23 -57 28
-73 9z"/>
<path d="M8828 389 c-22 -12 -23 -35 -2 -43 29 -11 75 -6 80 9 14 35 -38 58
-78 34z"/>
<path d="M8960 385 c-16 -20 -5 -45 20 -45 16 0 20 7 20 30 0 33 -19 40 -40
15z"/>
<path d="M3393 375 c-8 -21 14 -36 47 -33 17 2 25 9 25 23 0 27 -62 35 -72 10z"/>
<path d="M5903 374 c-7 -18 12 -34 42 -34 30 0 49 16 42 34 -4 11 -19 16 -42
16 -23 0 -38 -5 -42 -16z"/>
<path d="M232 268 c-15 -15 -16 -64 -1 -73 5 -4 21 -4 35 -1 31 8 34 60 5 76
-24 13 -24 13 -39 -2z"/>
<path d="M2473 269 c-34 -12 -32 -66 1 -75 33 -8 46 2 46 35 0 36 -18 51 -47
40z"/>
<path d="M5811 266 c-20 -23 -10 -71 14 -71 15 0 21 8 23 31 4 38 -19 62 -37
40z"/>
<path d="M6944 266 c-3 -8 -4 -27 -2 -43 2 -20 8 -28 23 -28 22 0 30 24 21 61
-7 26 -33 33 -42 10z"/>
<path d="M8054 267 c-3 -9 -4 -28 -2 -44 2 -20 8 -28 23 -28 17 0 20 7 20 40
0 30 -4 41 -18 43 -9 2 -20 -3 -23 -11z"/>
<path d="M1334 245 c-7 -29 10 -55 36 -55 26 0 43 26 36 55 -5 20 -13 25 -36
25 -23 0 -31 -5 -36 -25z"/>
<path d="M3578 245 c-8 -19 -8 -28 2 -40 28 -34 58 -8 46 40 -8 32 -33 32 -48
0z"/>
<path d="M4694 256 c-11 -28 0 -61 21 -61 16 0 20 7 20 35 0 25 -5 36 -18 38
-9 2 -20 -3 -23 -12z"/>
<path d="M4702 141 c-9 -5 -12 -24 -10 -52 2 -36 7 -44 23 -44 16 0 21 8 23
41 3 43 -14 69 -36 55z"/>
<path d="M5811 136 c-7 -8 -11 -32 -9 -53 2 -30 7 -38 23 -38 16 0 21 8 23 41
3 47 -17 74 -37 50z"/>
<path d="M6952 141 c-9 -5 -12 -24 -10 -52 2 -36 7 -44 23 -44 16 0 21 8 23
41 3 43 -14 69 -36 55z"/>
<path d="M8061 136 c-7 -8 -11 -32 -9 -53 2 -30 7 -38 23 -38 16 0 21 8 23 41
3 47 -17 74 -37 50z"/>
<path d="M224 116 c-10 -43 -2 -61 31 -61 28 0 30 2 30 40 0 36 -3 40 -27 43
-22 3 -29 -2 -34 -22z"/>
<path d="M1337 118 c-11 -41 2 -68 33 -68 33 0 45 23 34 64 -8 35 -59 38 -67
4z"/>
<path d="M2457 134 c-4 -4 -7 -22 -7 -41 0 -26 5 -36 23 -42 32 -12 49 5 45
48 -3 30 -7 36 -28 39 -14 2 -29 0 -33 -4z"/>
<path d="M3576 125 c-19 -49 8 -100 40 -75 24 20 15 84 -12 88 -13 2 -24 -4
-28 -13z"/>
</g>
</svg>
