<?xml version="1.0" encoding="UTF-8" standalone="no"?>
<svg
   xmlns:dc="http://purl.org/dc/elements/1.1/"
   xmlns:cc="http://creativecommons.org/ns#"
   xmlns:rdf="http://www.w3.org/1999/02/22-rdf-syntax-ns#"
   xmlns:svg="http://www.w3.org/2000/svg"
   xmlns="http://www.w3.org/2000/svg"
   xmlns:sodipodi="http://sodipodi.sourceforge.net/DTD/sodipodi-0.dtd"
   xmlns:inkscape="http://www.inkscape.org/namespaces/inkscape"
   version="1.0"
   width="630.000000pt"
   height="576.000000pt"
   viewBox="0 0 630.000000 576.000000"
   preserveAspectRatio="xMidYMid meet"
   id="svg2"
   inkscape:version="0.48.4 r9939"
   sodipodi:docname="7.svg">
  <defs
     id="defs174" />
  <sodipodi:namedview
     pagecolor="#ffffff"
     bordercolor="#666666"
     borderopacity="1"
     objecttolerance="10"
     gridtolerance="10"
     guidetolerance="10"
     inkscape:pageopacity="0"
     inkscape:pageshadow="2"
     inkscape:window-width="1600"
     inkscape:window-height="824"
     id="namedview172"
     showgrid="false"
     inkscape:zoom="0.46354778"
     inkscape:cx="122.8215"
     inkscape:cy="477.14452"
     inkscape:window-x="0"
     inkscape:window-y="24"
     inkscape:window-maximized="1"
     inkscape:current-layer="svg2" />
  <metadata
     id="metadata4">
Created by potrace 1.10, written by Peter Selinger 2001-2011
<rdf:RDF>
  <cc:Work
     rdf:about="">
    <dc:format>image/svg+xml</dc:format>
    <dc:type
       rdf:resource="http://purl.org/dc/dcmitype/StillImage" />
  </cc:Work>
</rdf:RDF>
</metadata>
  <g
     transform="translate(0.000000,576.000000) scale(0.100000,-0.100000)"
     fill="#000000"
     stroke="none"
     id="g6">
    <path
       d="M1667 5534 c-9 -10 2 -24 19 -24 8 0 14 7 14 15 0 15 -21 21 -33 9z"
       id="path10" />
    <path
       d="M1453 5493 c-18 -12 -23 -25 -23 -58 0 -29 -5 -45 -15 -49 -8 -3 -15 -16 -15 -30 0 -14 -5 -28 -10 -31 -6 -4 -8 -15 -5 -25 3 -10 1 -21 -5 -25 -5 -3 -10 -17 -10 -31 0 -14 -7 -27 -15 -30 -9 -4 -15 -19 -15 -35 0 -19 -5 -29 -15 -29 -10 0 -15 -10 -15 -30 0 -30 -5 -40 -42 -81 -11 -11 -18 -35 -18 -58 0 -25 -5 -41 -15 -45 -8 -3 -15 -17 -15 -31 0 -16 -6 -25 -15 -25 -8 0 -15 -6 -15 -14 0 -7 -6 -19 -14 -25 -7 -6 -16 -38 -20 -71 -4 -33 -11 -62 -16 -65 -6 -4 -10 -24 -10 -46 0 -32 -6 -45 -30 -66 -16 -13 -30 -33 -30 -43 0 -11 -7 -23 -17 -28 -12 -7 -15 -18 -10 -46 5 -29 2 -38 -14 -46 -10 -6 -19 -21 -19 -33 0 -13 -12 -30 -29 -41 -25 -17 -29 -27 -34 -84 -3 -35 -10 -69 -16 -75 -6 -6 -11 -25 -11 -42 0 -20 -10 -42 -30 -63 -16 -18 -30 -44 -30 -58 0 -15 -6 -24 -16 -24 -12 0 -15 -9 -13 -40 2 -26 -2 -44 -12 -52 -25 -21 -49 -66 -49 -93 0 -16 -6 -25 -15 -25 -9 0 -15 -9 -15 -25 0 -14 -7 -28 -15 -31 -8 -4 -15 -19 -15 -34 0 -16 -5 -32 -10 -35 -6 -4 -8 -15 -5 -25 3 -10 1 -21 -5 -25 -5 -3 -10 -17 -10 -31 0 -14 -7 -27 -15 -30 -10 -4 -15 -20 -15 -44 0 -21 -7 -43 -15 -50 -8 -7 -15 -18 -15 -24 0 -6 -13 -26 -30 -44 -22 -25 -30 -43 -30 -72 0 -24 -5 -40 -15 -44 -8 -3 -15 -17 -15 -31 0 -15 -6 -25 -14 -25 -14 0 -32 -82 -22 -99 3 -5 -1 -11 -9 -15 -9 -3 -15 -18 -15 -35 0 -19 -6 -30 -18 -33 -15 -4 -17 -13 -14 -42 3 -29 -1 -40 -19 -56 -13 -10 -30 -19 -36 -20 -24 0 -13 -28 17 -40 16 -7 32 -21 35 -31 6 -17 17 -19 110 -19 96 0 103 1 108 21 4 15 11 19 24 15 10 -3 51 -6 92 -7 59 -2 76 1 86 14 10 14 30 17 109 17 77 0 98 3 102 15 5 12 27 15 109 15 63 0 106 4 110 11 4 6 14 8 22 5 9 -4 22 -1 30 5 10 9 20 9 36 2 29 -14 74 -15 82 -3 3 6 50 10 104 10 75 0 101 4 111 15 9 11 35 15 107 15 74 0 95 3 99 15 5 12 27 15 109 15 89 0 104 2 107 17 3 15 16 17 106 14 87 -2 102 0 102 13 0 14 16 16 104 16 83 0 105 3 110 15 4 12 26 15 106 15 82 0 100 3 100 15 0 12 18 15 100 15 80 0 102 3 106 15 5 12 27 15 109 15 61 0 106 4 110 10 4 6 15 8 26 5 11 -4 26 0 35 9 8 9 21 16 29 16 18 0 1 49 -37 108 -15 24 -28 53 -28 65 0 16 -12 27 -42 42 -54 25 -78 49 -79 78 0 14 -16 35 -44 57 -29 24 -44 43 -45 60 0 15 -13 35 -30 50 -17 13 -30 32 -30 42 0 16 -32 58 -45 58 -15 0 -45 43 -45 65 0 18 -5 25 -18 25 -26 0 -58 39 -66 80 -4 24 -16 42 -36 55 -18 12 -30 29 -30 43 0 28 -24 51 -78 77 -34 16 -42 25 -42 48 0 15 -4 27 -9 27 -15 0 -51 65 -51 92 0 17 -11 31 -40 48 -22 14 -42 32 -45 42 -3 9 -26 35 -50 57 -31 29 -45 49 -45 67 0 14 -15 45 -32 67 -37 47 -129 137 -140 137 -5 0 -8 12 -8 26 0 16 -10 34 -24 45 -14 11 -35 36 -47 57 -12 20 -35 49 -51 64 -15 15 -28 37 -29 50 0 15 -16 36 -44 58 -24 19 -44 41 -44 47 -1 7 -14 25 -31 40 -21 18 -30 36 -31 57 0 24 -10 39 -44 66 -23 19 -54 52 -66 72 -13 21 -32 40 -42 44 -32 10 -57 43 -57 73 0 16 -7 34 -15 41 -8 7 -15 17 -15 22 0 19 -45 47 -75 47 -16 0 -40 -7 -52 -16z m127 -220 c0 -13 4 -23 9 -23 6 0 16 -12 23 -27 7 -16 23 -32 36 -38 15 -7 22 -18 22 -37 0 -21 8 -30 37 -45 21 -10 42 -27 48 -38 5 -12 27 -39 48 -60 28 -29 37 -46 34 -63 -3 -18 8 -37 49 -80 30 -32 54 -60 54 -64 0 -4 14 -14 30 -23 21 -11 30 -23 30 -41 0 -13 7 -27 15 -30 8 -4 15 -13 15 -20 0 -8 7 -17 15 -20 8 -4 15 -15 15 -25 0 -11 7 -22 15 -25 8 -4 15 -10 15 -16 0 -10 44 -53 78 -76 14 -9 21 -21 17 -32 -5 -17 56 -90 76 -90 8 0 13 -15 10 -33 -1 -4 12 -21 29 -37 16 -16 30 -37 30 -46 0 -9 20 -36 45 -60 30 -29 45 -51 45 -68 0 -14 5 -26 11 -26 24 0 79 -53 79 -77 0 -15 17 -42 45 -72 25 -26 45 -55 45 -64 0 -15 32 -38 73 -53 15 -5 18 -13 13 -35 -4 -21 -2 -29 8 -29 18 0 50 -48 56 -85 4 -22 15 -34 48 -50 26 -12 42 -27 42 -37 0 -10 8 -26 18 -37 47 -50 72 -85 72 -102 0 -19 47 -69 65 -69 22 0 34 -22 24 -42 -8 -14 -6 -20 8 -25 23 -9 59 -43 66 -64 4 -14 -1 -15 -36 -8 -69 13 -124 11 -131 -6 -4 -12 -26 -15 -104 -15 -76 0 -102 -4 -112 -15 -9 -11 -34 -15 -101 -15 -73 0 -90 -3 -98 -17 -8 -14 -22 -17 -92 -14 -46 1 -87 5 -92 8 -4 3 -16 -2 -26 -11 -13 -12 -35 -15 -106 -12 -56 3 -95 0 -103 -7 -8 -7 -49 -10 -100 -9 -63 2 -95 -2 -116 -13 -19 -10 -56 -15 -111 -15 -69 0 -85 -3 -100 -20 -16 -17 -26 -19 -89 -14 -54 5 -80 2 -110 -10 -21 -9 -65 -16 -97 -16 -39 0 -61 -5 -66 -14 -9 -16 -34 -19 -140 -17 -58 1 -73 4 -73 16 0 17 -16 20 -25 6 -3 -6 2 -14 11 -19 38 -21 1 -32 -105 -32 -97 0 -109 -2 -113 -18 -5 -16 -15 -18 -97 -14 -85 4 -94 3 -113 -17 -14 -16 -29 -21 -51 -19 -30 3 -32 6 -35 46 -2 31 1 44 13 48 12 5 14 14 10 34 -5 22 -2 28 14 33 16 4 21 13 21 41 0 20 5 36 10 36 6 0 10 7 10 15 0 8 9 19 20 25 13 7 20 21 20 40 0 15 6 31 13 34 8 3 7 8 -6 16 -17 11 -17 12 1 38 11 15 27 46 37 69 10 23 26 44 36 46 16 4 17 10 8 38 -8 29 -6 36 12 51 13 11 19 24 15 34 -4 11 1 18 14 21 14 4 20 14 20 33 0 15 7 33 15 40 8 7 15 21 15 31 0 11 4 19 9 19 14 0 51 83 51 116 0 16 7 38 15 48 8 11 15 36 15 57 0 20 7 42 15 49 8 7 15 19 15 27 0 8 14 35 30 60 19 28 28 52 25 63 -4 13 1 22 15 30 15 8 19 17 14 34 -4 19 -1 26 15 31 16 5 21 15 21 39 0 19 7 39 15 46 8 7 15 22 15 34 0 11 7 30 15 40 8 11 15 39 15 62 0 29 5 44 16 48 8 3 14 14 12 24 -4 22 36 62 62 62 20 0 28 25 11 32 -5 2 -12 15 -16 30 -5 21 -3 27 14 33 14 4 21 15 21 31 0 15 6 24 16 24 13 0 15 7 11 28 -5 22 1 36 29 66 26 29 33 43 28 62 -4 16 -1 26 9 30 13 5 14 9 4 25 -10 17 -9 22 6 30 9 6 17 20 17 33 0 13 7 29 15 36 8 7 15 27 15 45 0 20 6 35 15 39 8 3 15 16 15 30 0 13 7 26 15 30 8 3 15 16 15 30 0 13 7 27 16 30 8 3 14 14 12 23 -1 10 1 24 6 31 12 19 56 -24 56 -55z m-300 -408 c0 -8 -7 -15 -15 -15 -16 0 -20 12 -8 23 11 12 23 8 23 -8z m-450 -1103 c0 -13 -12 -22 -22 -16 -10 6 -1 24 13 24 5 0 9 -4 9 -8z m-194 -489 c-11 -11 -17 4 -9 23 7 18 8 18 11 1 2 -10 1 -21 -2 -24z m1394 -153 c0 -5 -9 -10 -20 -10 -11 0 -20 5 -20 10 0 6 9 10 20 10 11 0 20 -4 20 -10z m-235 -30 c-3 -5 -19 -10 -36 -10 -16 0 -29 -4 -29 -10 0 -5 -12 -10 -27 -9 l-28 1 28 11 c15 6 27 14 27 19 0 4 16 8 36 8 21 0 33 -4 29 -10z"
       id="path12" />
    <path
       d="M2205 4381 c-6 -11 9 -23 19 -14 9 9 7 23 -3 23 -6 0 -12 -4 -16 -9z"
       id="path20" />
    <path
       d="M2190 4286 c0 -14 5 -28 10 -31 6 -3 10 5 10 19 0 14 -4 28 -10 31 -6 3 -10 -5 -10 -19z"
       id="path22" />
    <path
       d="M2300 4166 c0 -26 15 -43 24 -28 7 12 -4 52 -15 52 -5 0 -9 -11 -9 -24z"
       id="path24" />
    <path
       d="M2600 3838 c0 -7 5 -20 10 -28 8 -12 10 -9 10 13 0 15 -4 27 -10 27 -5 0 -10 -6 -10 -12z"
       id="path28" />
    <path
       d="M2635 3747 c-4 -10 -5 -21 -1 -24 10 -10 18 4 13 24 -4 17 -4 17 -12 0z"
       id="path30" />
    <path
       d="M2800 3490 c0 -5 7 -10 15 -10 8 0 15 5 15 10 0 6 -7 10 -15 10 -8 0 -15 -4 -15 -10z"
       id="path34" />
    <path
       d="M2676 3401 c-7 -11 17 -21 49 -21 29 0 41 16 19 24 -23 9 -62 7 -68 -3z"
       id="path38" />
    <path
       d="M2870 3361 c0 -16 30 -33 47 -26 17 6 17 7 -1 21 -22 16 -46 19 -46 5z"
       id="path40" />
    <path
       d="M1155 3180 c-3 -5 3 -10 15 -10 12 0 18 5 15 10 -3 6 -10 10 -15 10 -5 0 -12 -4 -15 -10z"
       id="path44" />
    <path
       d="M1704 5496 c-8 -21 3 -49 16 -41 5 3 10 15 10 25 0 25 -18 36 -26 16z"
       id="path46" />
    <path
       d="M4196 5502 c-3 -6 -1 -14 5 -17 15 -10 25 3 12 16 -7 7 -13 7 -17 1z"
       id="path48" />
    <path
       d="M4186 5375 c-4 -14 -18 -31 -31 -37 -16 -7 -25 -20 -25 -33 0 -13 -7 -28 -15 -35 -10 -8 -15 -30 -15 -65 0 -28 -3 -55 -7 -59 -5 -4 -9 -17 -10 -29 -9 -76 -17 -108 -29 -118 -9 -7 -14 -31 -14 -61 0 -34 -4 -50 -15 -54 -8 -4 -15 -17 -15 -30 0 -14 -7 -27 -15 -30 -11 -5 -15 -22 -15 -64 0 -42 -4 -59 -15 -64 -10 -3 -15 -19 -15 -46 0 -29 -4 -40 -15 -40 -9 0 -15 -9 -15 -25 0 -14 -7 -28 -15 -31 -11 -5 -15 -22 -15 -65 0 -44 -4 -59 -14 -59 -9 0 -16 -16 -20 -47 -3 -27 -8 -64 -11 -83 -2 -19 -7 -57 -11 -83 -3 -27 -12 -51 -20 -54 -8 -3 -14 -16 -14 -29 0 -14 -7 -27 -15 -30 -11 -4 -15 -21 -15 -59 0 -34 -5 -57 -15 -65 -8 -7 -15 -28 -15 -47 0 -21 -6 -36 -15 -39 -10 -4 -15 -20 -15 -49 0 -29 -5 -45 -15 -49 -10 -3 -15 -19 -15 -45 0 -24 -5 -41 -14 -44 -8 -3 -17 -27 -20 -54 -3 -26 -9 -61 -12 -78 -3 -16 -8 -52 -11 -80 -3 -29 -11 -54 -20 -59 -23 -13 33 -55 73 -56 19 0 34 -6 38 -15 4 -11 20 -15 56 -15 36 0 52 -4 56 -15 4 -8 17 -15 30 -15 14 0 27 -7 30 -15 4 -10 20 -15 50 -15 32 0 44 -4 44 -15 0 -11 12 -15 49 -15 31 0 53 -5 61 -15 7 -8 25 -15 41 -15 19 0 29 -5 29 -15 0 -12 13 -15 59 -15 33 0 63 -5 66 -10 4 -6 15 -8 25 -5 10 3 21 1 25 -5 3 -5 26 -10 51 -10 32 0 44 -4 44 -15 0 -11 12 -15 44 -15 26 0 48 -6 56 -15 7 -8 26 -15 42 -15 17 0 31 -6 35 -16 4 -12 18 -15 62 -13 46 2 57 0 59 -14 2 -11 13 -17 33 -17 19 0 29 -5 29 -15 0 -11 11 -15 40 -15 27 0 43 -5 46 -15 4 -10 21 -15 54 -15 30 0 52 -6 60 -15 7 -8 24 -15 39 -15 15 0 32 -5 37 -10 7 -7 25 -8 55 -1 35 8 45 7 52 -5 4 -7 21 -14 37 -14 20 0 30 -5 30 -15 0 -12 13 -15 59 -15 43 0 60 -4 65 -15 3 -8 16 -15 29 -15 14 0 30 -7 37 -15 7 -8 24 -15 39 -15 15 0 31 -8 39 -20 12 -20 14 -19 52 21 27 28 40 51 40 69 0 15 6 33 14 39 14 12 26 82 26 148 0 18 5 35 10 38 6 3 10 19 10 36 0 19 5 29 15 29 12 0 15 13 15 60 0 47 3 60 15 60 11 0 15 11 15 40 0 27 5 43 15 46 10 4 15 20 15 45 0 26 5 42 15 45 10 4 15 20 15 45 0 26 5 42 15 45 8 4 15 18 15 34 0 15 7 33 15 40 9 7 15 29 15 55 0 26 6 48 15 55 9 7 15 29 15 51 0 21 5 41 10 44 6 4 11 21 11 38 0 75 11 137 25 137 9 0 14 12 14 35 0 22 6 38 15 41 10 4 15 20 15 49 0 26 6 47 15 55 9 7 15 29 15 51 0 28 4 39 15 39 11 0 15 12 15 44 0 30 5 46 15 50 10 3 15 19 15 45 0 24 5 41 14 44 13 5 24 70 26 144 0 12 5 25 10 28 6 3 10 24 10 47 0 31 4 41 20 45 21 6 28 33 9 33 -7 0 -22 11 -35 25 -17 19 -30 24 -48 19 -13 -3 -27 -1 -30 5 -4 6 -34 11 -67 11 -46 0 -59 3 -59 15 0 9 -9 15 -25 15 -14 0 -28 7 -31 15 -4 10 -20 15 -49 15 -29 0 -45 5 -49 15 -4 10 -20 15 -50 15 -30 0 -46 5 -50 15 -3 9 -18 15 -36 15 -18 0 -33 6 -36 15 -5 11 -22 15 -64 15 -42 0 -59 4 -64 15 -3 8 -17 15 -31 15 -16 0 -25 6 -25 15 0 11 -12 15 -44 15 -25 0 -48 5 -51 10 -4 6 -23 10 -43 10 -73 -1 -132 11 -132 27 0 11 -12 14 -57 12 -48 -2 -59 0 -61 14 -2 11 -13 17 -28 17 -14 0 -27 7 -30 15 -4 10 -20 15 -50 15 -32 0 -44 4 -44 15 0 11 -12 15 -49 15 -31 0 -53 5 -61 15 -7 8 -25 15 -41 15 -19 0 -29 5 -29 15 0 12 -13 15 -60 15 -47 0 -60 3 -60 15 0 10 -10 15 -29 15 -17 0 -33 5 -37 11 -4 7 -24 9 -55 5 -29 -4 -50 -2 -54 4 -3 5 -19 10 -34 10 -16 0 -34 7 -41 15 -7 8 -26 15 -42 15 -21 0 -31 6 -35 20 -7 28 -30 25 -37 -5z m114 -145 c13 -11 33 -20 45 -20 13 0 28 -6 34 -14 7 -9 28 -13 60 -11 39 2 50 -1 54 -14 4 -17 89 -47 120 -42 9 1 33 -7 51 -18 18 -12 50 -21 70 -21 65 0 178 -23 183 -37 3 -7 19 -13 37 -13 20 0 35 -7 44 -20 10 -16 23 -20 66 -20 39 0 55 -4 60 -15 3 -9 18 -15 34 -15 16 0 35 -7 42 -15 8 -10 31 -15 67 -15 38 0 55 -4 59 -15 4 -8 15 -15 25 -15 10 0 35 -7 56 -16 68 -30 77 -33 128 -39 27 -4 72 -15 98 -25 29 -11 61 -16 82 -13 26 4 34 2 39 -14 5 -15 14 -18 44 -15 26 3 42 -1 51 -12 8 -9 21 -16 31 -16 10 0 20 -7 24 -15 4 -10 20 -15 51 -15 25 0 45 -5 45 -11 0 -11 -35 -101 -51 -131 -5 -10 -9 -25 -9 -35 0 -9 -7 -25 -16 -35 -12 -12 -19 -43 -22 -95 -2 -43 -11 -90 -18 -105 -8 -15 -14 -40 -14 -55 0 -15 -7 -37 -15 -47 -8 -11 -15 -35 -15 -54 0 -18 -7 -40 -15 -48 -8 -9 -15 -28 -15 -44 0 -16 -7 -30 -15 -34 -10 -3 -15 -19 -15 -45 0 -25 -5 -41 -15 -45 -10 -3 -15 -19 -15 -43 0 -45 -24 -119 -45 -140 -8 -8 -15 -29 -15 -46 -1 -18 -7 -43 -15 -57 -8 -14 -14 -46 -15 -71 0 -26 -7 -63 -15 -82 -8 -20 -15 -52 -15 -71 0 -21 -6 -36 -15 -40 -9 -3 -15 -18 -15 -37 0 -18 -7 -40 -16 -50 -12 -13 -13 -22 -5 -38 16 -29 14 -39 -12 -65 -12 -12 -29 -42 -37 -67 -8 -24 -20 -54 -28 -67 -9 -14 -13 -37 -9 -62 7 -57 -16 -68 -80 -39 -27 12 -52 28 -56 35 -5 8 -24 14 -46 14 -45 0 -115 23 -137 45 -9 9 -33 15 -60 15 -24 0 -52 4 -62 9 -26 13 -82 32 -127 42 -22 6 -45 17 -52 26 -9 11 -21 14 -42 10 -18 -4 -35 -1 -43 6 -7 7 -26 13 -43 15 -103 10 -131 16 -138 28 -4 8 -20 14 -35 14 -15 0 -38 6 -52 13 -23 12 -68 25 -187 57 -24 6 -47 19 -53 30 -9 16 -21 20 -63 20 -30 1 -60 7 -71 15 -11 8 -28 15 -38 15 -10 0 -29 6 -41 14 -31 19 -144 29 -151 13 -3 -8 -11 -3 -25 13 -11 14 -23 21 -27 17 -4 -3 -22 2 -40 14 -18 11 -39 19 -46 18 -30 -4 -38 3 -38 30 0 17 4 32 9 35 4 3 11 23 15 45 3 21 13 41 21 45 10 3 15 19 15 43 0 21 7 47 15 57 8 11 15 35 15 54 0 47 31 174 47 193 7 8 13 39 13 67 0 41 5 56 25 78 17 18 25 38 25 63 0 20 9 53 20 74 11 20 20 53 20 72 0 22 6 38 15 41 8 4 15 19 15 34 0 16 5 32 10 35 13 8 13 48 0 61 -6 6 0 20 18 39 20 22 31 51 44 115 10 47 18 95 18 108 0 13 14 52 31 88 24 52 29 74 24 103 -5 29 -2 42 14 60 12 13 21 34 21 47 0 13 9 28 20 34 15 8 19 17 15 31 -5 13 -1 25 10 33 13 9 14 17 7 37 -11 28 1 59 22 59 7 0 23 -9 36 -20z"
       id="path50" />
    <path
       d="M4260 4725 c0 -15 4 -24 10 -20 6 3 10 12 10 20 0 8 -4 17 -10 20 -6 4 -10 -5 -10 -20z"
       id="path52" />
    <path
       d="M4042 4089 c2 -6 8 -10 13 -10 5 0 11 4 13 10 2 6 -4 11 -13 11 -9 0 -15 -5 -13 -11z"
       id="path54" />
    <path
       d="M1820 5352 c0 -5 17 -27 39 -50 27 -28 42 -37 49 -30 7 7 -2 22 -30 49 -40 38 -58 47 -58 31z"
       id="path56" />
    <path
       d="M3866 5143 c-11 -11 -6 -23 9 -23 8 0 15 4 15 9 0 13 -16 22 -24 14z"
       id="path58" />
    <path
       d="M5720 5135 c-7 -8 -19 -15 -26 -15 -8 0 -14 -7 -14 -15 0 -8 9 -15 20 -15 11 0 20 5 20 11 0 7 7 17 17 24 10 7 12 14 6 18 -6 4 -16 0 -23 -8z"
       id="path60" />
    <path
       d="M1980 5110 c0 -5 9 -10 21 -10 11 0 17 5 14 10 -3 6 -13 10 -21 10 -8 0 -14 -4 -14 -10z"
       id="path62" />
    <path
       d="M5512 5109 c2 -6 8 -10 13 -10 5 0 11 4 13 10 2 6 -4 11 -13 11 -9 0 -15 -5 -13 -11z"
       id="path64" />
    <path
       d="M3853 4904 c-7 -18 17 -38 31 -24 11 11 1 40 -14 40 -6 0 -13 -7 -17 -16z"
       id="path66" />
    <path
       d="M3680 4276 c-9 -11 -9 -20 0 -37 10 -17 14 -19 21 -8 21 33 2 72 -21 45z"
       id="path76" />
    <path
       d="M5935 3550 c-8 -13 4 -32 16 -25 12 8 12 35 0 35 -6 0 -13 -4 -16 -10z"
       id="path82" />
    <path
       d="M3142 3519 c2 -6 8 -10 13 -10 5 0 11 4 13 10 2 6 -4 11 -13 11 -9 0 -15 -5 -13 -11z"
       id="path84" />
    <path
       d="M3510 3330 c0 -5 7 -10 15 -10 8 0 15 5 15 10 0 6 -7 10 -15 10 -8 0 -15 -4 -15 -10z"
       id="path86" />
    <path
       d="M3450 3275 c0 -9 9 -15 25 -15 16 0 25 6 25 15 0 9 -9 15 -25 15 -16 0 -25 -6 -25 -15z"
       id="path88" />
    <path
       d="M4195 3069 c-10 -15 3 -25 16 -12 7 7 7 13 1 17 -6 3 -14 1 -17 -5z"
       id="path90" />
    <path
       d="M290 2960 c0 -13 7 -20 20 -20 18 0 19 3 10 20 -6 11 -15 20 -20 20 -6 0 -10 -9 -10 -20z"
       id="path92" />
    <path
       d="M3855 2914 c-9 -14 -26 -16 -93 -15 -68 1 -82 -1 -82 -14 0 -16 -30 -20 -122 -15 -36 1 -49 -2 -54 -14 -5 -13 -23 -16 -95 -16 -72 0 -89 -3 -89 -15 0 -12 -16 -15 -85 -15 -67 0 -87 -3 -91 -15 -5 -12 -26 -15 -99 -15 -70 0 -96 -4 -105 -15 -9 -11 -34 -15 -100 -15 -69 0 -89 -3 -94 -15 -4 -12 -24 -15 -90 -15 -48 0 -88 -5 -91 -10 -4 -6 -30 -11 -58 -10 -29 0 -91 -2 -140 -6 -83 -6 -89 -8 -122 -41 -33 -33 -35 -38 -35 -104 0 -55 -3 -69 -15 -69 -12 0 -15 -15 -15 -75 0 -60 -3 -75 -15 -75 -12 0 -15 -13 -15 -59 0 -48 -3 -61 -17 -65 -16 -5 -18 -17 -15 -88 3 -66 1 -83 -12 -90 -12 -7 -16 -25 -16 -77 0 -52 -4 -70 -15 -75 -11 -4 -15 -22 -15 -75 0 -38 -4 -73 -10 -76 -5 -3 -7 -38 -3 -84 4 -54 2 -80 -6 -85 -6 -4 -11 -37 -11 -81 0 -55 -4 -74 -15 -79 -11 -4 -15 -21 -15 -60 0 -39 -4 -55 -15 -60 -12 -4 -15 -24 -15 -91 0 -69 -3 -85 -15 -85 -12 0 -15 -14 -15 -67 0 -42 -5 -72 -14 -82 -8 -9 -17 -30 -20 -47 -6 -27 -3 -33 32 -57 21 -15 46 -27 57 -27 10 0 33 -11 51 -25 18 -14 40 -25 49 -25 8 0 18 -7 21 -15 4 -8 18 -15 34 -15 16 0 30 -7 34 -15 3 -8 14 -15 25 -15 11 0 32 -11 47 -25 15 -14 38 -28 51 -31 13 -4 23 -12 23 -20 0 -9 11 -14 30 -14 20 0 30 -5 30 -15 0 -10 10 -15 26 -15 28 0 94 -36 94 -51 0 -5 11 -9 25 -9 14 0 28 -7 31 -15 4 -8 17 -15 30 -15 14 0 27 -7 30 -15 4 -9 19 -15 35 -15 16 0 29 -5 29 -12 0 -7 20 -22 45 -33 24 -10 47 -25 49 -32 3 -7 16 -13 30 -13 13 0 26 -7 30 -15 3 -8 18 -15 33 -15 15 0 37 -7 47 -15 11 -8 29 -15 40 -15 12 0 30 -13 41 -30 14 -21 28 -30 48 -30 17 0 27 -5 27 -15 0 -10 10 -15 30 -15 17 0 30 -5 30 -12 0 -7 20 -21 45 -31 25 -11 45 -25 45 -33 0 -9 11 -14 30 -14 20 0 30 -5 30 -15 0 -9 9 -15 24 -15 13 0 37 -7 52 -15 16 -8 39 -15 52 -15 13 0 22 -6 22 -15 0 -9 9 -15 25 -15 14 0 29 -8 35 -20 11 -20 13 -19 50 17 21 21 52 48 69 61 17 13 31 28 31 33 0 17 405 419 422 419 15 0 195 176 211 208 12 22 57 62 71 63 9 1 77 72 203 212 13 15 30 27 36 28 19 1 167 170 167 190 0 14 7 19 30 19 33 0 38 11 15 30 -8 7 -15 23 -15 36 0 15 -6 24 -15 24 -10 0 -15 10 -15 29 0 17 -5 33 -11 36 -6 4 -8 13 -5 21 6 15 -38 102 -60 120 -8 6 -14 21 -14 33 0 12 -7 24 -15 27 -8 4 -15 17 -15 30 0 14 -7 27 -15 30 -8 4 -15 18 -15 33 0 18 -9 32 -30 46 -21 14 -30 28 -30 47 0 15 -5 30 -10 33 -6 4 -8 15 -5 25 3 10 1 21 -5 25 -5 3 -10 18 -10 33 0 19 -9 33 -30 47 -21 14 -30 28 -30 48 0 17 -5 27 -15 27 -9 0 -15 9 -15 25 0 14 -7 28 -15 31 -8 4 -15 17 -15 30 0 12 -11 35 -25 50 -14 15 -28 38 -31 51 -4 13 -12 23 -20 23 -9 0 -14 11 -14 29 0 17 -5 33 -10 36 -6 4 -8 15 -5 25 3 10 1 21 -5 25 -5 3 -10 18 -10 33 0 19 -9 33 -30 47 -19 12 -30 29 -30 43 0 12 -7 25 -15 28 -9 4 -15 19 -15 35 0 19 -5 29 -15 29 -10 0 -15 10 -15 30 0 17 -5 30 -13 30 -13 0 -62 95 -62 122 0 9 -3 20 -7 24 -5 4 -8 20 -8 36 0 15 -4 28 -8 28 -5 0 -22 13 -38 30 -26 27 -35 29 -94 30 -50 0 -68 -4 -75 -16z m103 -152 c17 -16 38 -45 47 -64 8 -20 19 -39 25 -43 5 -3 10 -15 10 -26 0 -11 7 -22 15 -25 8 -4 15 -19 15 -34 0 -16 5 -32 10 -35 6 -4 8 -15 5 -24 -3 -11 5 -28 20 -45 14 -15 25 -36 25 -47 0 -11 7 -22 15 -25 8 -4 15 -17 15 -30 0 -13 9 -28 20 -34 14 -8 19 -17 15 -30 -3 -10 0 -22 7 -27 14 -9 33 -37 48 -70 5 -13 14 -23 20 -23 5 0 10 -13 10 -30 0 -16 5 -30 11 -30 7 0 9 -10 5 -24 -3 -14 -2 -28 4 -31 5 -3 10 -19 10 -36 0 -16 5 -29 10 -29 17 0 50 -39 50 -60 0 -10 9 -24 19 -30 13 -6 17 -17 14 -30 -3 -12 1 -22 11 -26 9 -3 16 -16 16 -28 0 -12 13 -33 30 -46 16 -14 29 -35 30 -48 0 -12 7 -25 15 -28 8 -4 15 -19 15 -34 0 -16 5 -32 11 -36 6 -3 9 -14 7 -23 -3 -9 3 -29 13 -46 11 -16 23 -40 28 -51 5 -12 17 -24 26 -28 11 -4 14 -12 10 -26 -4 -13 -1 -22 9 -26 9 -3 16 -17 16 -30 0 -13 9 -28 21 -34 11 -7 18 -17 16 -25 -3 -7 1 -22 8 -33 15 -21 11 -32 -14 -32 -9 0 -29 -14 -45 -30 -16 -17 -33 -30 -38 -30 -4 0 -8 -7 -8 -15 0 -8 -4 -15 -9 -15 -5 0 -20 -17 -32 -37 -26 -43 -60 -83 -72 -83 -12 0 -96 -64 -97 -73 0 -4 -13 -21 -30 -37 -16 -16 -30 -34 -30 -39 0 -18 -98 -110 -124 -117 -14 -3 -26 -10 -26 -16 0 -5 -13 -21 -28 -36 -16 -15 -32 -35 -35 -45 -4 -9 -15 -20 -24 -24 -10 -3 -33 -22 -52 -41 -19 -19 -58 -50 -87 -68 -47 -30 -104 -94 -104 -116 0 -15 -105 -108 -141 -126 -26 -12 -42 -30 -55 -59 -11 -24 -23 -43 -29 -44 -5 0 -26 -20 -45 -44 -37 -46 -57 -55 -66 -30 -4 8 -17 15 -30 15 -13 0 -24 5 -24 10 0 6 -10 15 -22 20 -34 15 -62 33 -71 48 -4 6 -19 12 -31 12 -13 0 -26 7 -30 15 -3 8 -16 15 -30 15 -13 0 -26 7 -30 15 -3 8 -16 15 -29 15 -13 0 -32 7 -43 15 -10 8 -31 15 -45 15 -15 0 -29 7 -33 15 -3 8 -16 15 -28 15 -13 1 -34 14 -48 30 -13 17 -28 30 -33 30 -5 0 -26 13 -47 30 -21 16 -47 30 -58 30 -11 0 -25 7 -32 15 -7 8 -20 15 -30 15 -10 0 -20 7 -24 15 -3 8 -18 15 -33 15 -15 0 -37 7 -47 15 -11 8 -30 15 -42 15 -12 0 -24 7 -28 15 -3 8 -16 15 -30 15 -13 0 -26 7 -30 15 -3 8 -14 15 -24 15 -10 0 -40 20 -66 45 -27 25 -57 45 -66 45 -10 0 -20 7 -24 15 -3 8 -16 15 -30 15 -13 0 -26 7 -30 15 -3 8 -16 15 -29 15 -13 0 -32 7 -43 15 -10 8 -31 15 -45 15 -15 0 -29 7 -33 15 -3 8 -16 15 -30 15 -13 0 -26 7 -30 15 -3 8 -17 15 -31 15 -14 0 -25 5 -25 10 0 6 -11 15 -25 22 -27 12 -24 28 6 28 17 0 19 7 19 74 0 56 4 75 15 80 12 4 15 24 15 90 0 65 3 85 15 90 11 4 15 21 15 60 0 39 4 55 15 60 11 4 15 22 15 75 0 54 4 72 16 79 13 7 16 23 13 85 -4 64 -2 77 13 86 14 9 18 25 18 79 1 43 6 74 15 86 9 11 15 42 15 70 1 30 7 59 16 71 10 14 15 43 15 95 0 122 6 181 18 193 6 6 11 43 11 83 0 53 4 73 14 77 8 3 16 18 18 34 3 24 7 28 31 25 15 -2 39 4 52 12 15 10 47 16 85 16 45 0 62 4 66 15 5 12 25 15 95 15 72 0 89 3 89 15 0 12 17 15 89 15 66 0 92 4 101 15 9 11 34 15 101 15 66 0 90 4 96 14 6 10 36 16 103 20 94 6 119 8 317 23 58 5 107 13 115 21 7 7 42 12 95 12 72 0 84 2 93 20 16 29 60 26 98 -8z"
       id="path94" />
    <path
       d="M3866 2655 c-3 -9 0 -15 9 -15 16 0 20 16 6 24 -5 3 -11 -1 -15 -9z"
       id="path96" />
    <path
       d="M4280 1805 c0 -9 5 -15 11 -13 6 2 11 8 11 13 0 5 -5 11 -11 13 -6 2 -11 -4 -11 -13z"
       id="path98" />
    <path
       d="M2332 1658 c6 -18 28 -21 28 -4 0 9 -7 16 -16 16 -9 0 -14 -5 -12 -12z"
       id="path100" />
    <path
       d="M4490 1384 c0 -9 5 -14 12 -12 18 6 21 28 4 28 -9 0 -16 -7 -16 -16z"
       id="path102" />
    <path
       d="M4490 1265 c0 -9 5 -15 11 -13 6 2 11 8 11 13 0 5 -5 11 -11 13 -6 2 -11 -4 -11 -13z"
       id="path104" />
    <path
       d="M2550 861 c0 -12 5 -21 10 -21 6 0 10 6 10 14 0 8 -4 18 -10 21 -5 3 -10 -3 -10 -14z"
       id="path106" />
    <path
       d="M2515 761 c-6 -11 9 -23 19 -14 9 9 7 23 -3 23 -6 0 -12 -4 -16 -9z"
       id="path108" />
    <path
       d="M3145 461 c-6 -11 9 -23 19 -14 9 9 7 23 -3 23 -6 0 -12 -4 -16 -9z"
       id="path110" />
    <path
       d="M3331 460 c-1 -20 18 -40 39 -39 10 0 8 4 -7 11 -12 6 -24 18 -26 27 -4 14 -5 14 -6 1z"
       id="path112" />
    <path
       d="M5710 2890 c-8 -5 -11 -12 -8 -16 10 -9 38 3 38 16 0 12 -10 13 -30 0z"
       id="path114" />
    <path
       d="M290 2874 c0 -17 22 -14 28 4 2 7 -3 12 -12 12 -9 0 -16 -7 -16 -16z"
       id="path116" />
    <path
       d="M1578 2878 c9 -9 15 -9 24 0 9 9 7 12 -12 12 -19 0 -21 -3 -12 -12z"
       id="path118" />
    <path
       d="M1887 2863 c-13 -13 -7 -53 8 -53 10 0 15 10 15 30 0 29 -9 38 -23 23z"
       id="path120" />
    <path
       d="M4837 2864 c-9 -10 2 -24 19 -24 8 0 14 7 14 15 0 15 -21 21 -33 9z"
       id="path122" />
    <path
       d="M5030 2855 c0 -8 7 -15 15 -15 8 0 15 7 15 15 0 8 -7 15 -15 15 -8 0 -15 -7 -15 -15z"
       id="path124" />
    <path
       d="M4947 2854 c-9 -9 4 -35 14 -28 5 3 9 12 9 20 0 14 -12 19 -23 8z"
       id="path126" />
    <path
       d="M5655 2838 c10 -30 11 -32 30 -24 19 7 12 21 -17 37 -18 10 -19 8 -13 -13z"
       id="path128" />
    <path
       d="M4220 2796 c0 -21 21 -31 30 -15 5 7 6 17 4 21 -9 14 -34 9 -34 -6z"
       id="path130" />
    <path
       d="M2240 2776 c0 -21 20 -30 33 -17 9 9 8 14 -3 21 -21 14 -30 12 -30 -4z"
       id="path132" />
    <path
       d="M4442 2774 c4 -21 22 -23 26 -1 2 10 -3 17 -13 17 -10 0 -15 -6 -13 -16z"
       id="path134" />
    <path
       d="M2152 2739 c2 -6 8 -10 13 -10 5 0 11 4 13 10 2 6 -4 11 -13 11 -9 0 -15 -5 -13 -11z"
       id="path136" />
    <path
       d="M4432 2374 c4 -21 22 -23 26 -1 2 10 -3 17 -13 17 -10 0 -15 -6 -13 -16z"
       id="path138" />
    <path
       d="M4642 1953 c5 -25 28 -28 28 -4 0 12 -6 21 -16 21 -9 0 -14 -7 -12 -17z"
       id="path140" />
    <path
       d="M4863 1944 c-8 -21 13 -42 28 -27 13 13 5 43 -11 43 -6 0 -13 -7 -17 -16z"
       id="path142" />
    <path
       d="M4825 1149 c-10 -15 3 -25 16 -12 7 7 7 13 1 17 -6 3 -14 1 -17 -5z"
       id="path144" />
    <path
       d="M4887 1154 c-8 -8 1 -24 14 -24 5 0 9 7 9 15 0 15 -12 20 -23 9z"
       id="path146" />
    <path
       d="M1742 1030 c0 -19 2 -27 5 -17 2 9 2 25 0 35 -3 9 -5 1 -5 -18z"
       id="path148" />
    <path
       d="M4670 905 c0 -8 7 -15 15 -15 8 0 15 7 15 15 0 8 -7 15 -15 15 -8 0 -15 -7 -15 -15z"
       id="path150" />
    <path
       d="M1860 726 c0 -7 9 -16 20 -19 15 -4 20 0 20 14 0 12 -7 19 -20 19 -11 0 -20 -6 -20 -14z"
       id="path152" />
    <path
       d="M4460 701 c0 -12 6 -21 16 -21 9 0 14 7 12 17 -5 25 -28 28 -28 4z"
       id="path154" />
    <path
       d="M2186 563 c-12 -12 -6 -33 9 -33 8 0 15 6 15 14 0 17 -14 28 -24 19z"
       id="path156" />
    <path
       d="M2227 512 c-18 -19 -23 -42 -9 -42 12 1 52 38 52 49 0 17 -25 13 -43 -7z"
       id="path158" />
    <path
       d="M4250 485 c0 -8 7 -15 15 -15 8 0 15 7 15 15 0 8 -7 15 -15 15 -8 0 -15 -7 -15 -15z"
       id="path160" />
    <path
       d="M2584 324 c3 -9 6 -22 6 -30 0 -8 9 -14 20 -14 25 0 26 28 3 46 -24 18 -36 17 -29 -2z"
       id="path162" />
    <path
       d="M4014 315 c-7 -28 7 -52 25 -41 16 10 14 41 -4 56 -12 10 -15 7 -21 -15z"
       id="path164" />
    <path
       d="M2696 313 c-11 -11 -6 -23 9 -23 8 0 15 4 15 9 0 13 -16 22 -24 14z"
       id="path166" />
    <path
       d="M3806 114 c-4 -10 -2 -22 3 -27 7 -7 13 -5 17 7 4 10 2 22 -3 27 -7 7 -13 5 -17 -7z"
       id="path168" />
    <path
       d="M3020 65 c0 -8 7 -15 15 -15 8 0 15 7 15 15 0 8 -7 15 -15 15 -8 0 -15 -7 -15 -15z"
       id="path170" />
  </g>
  <path
     style="fill:#008000;fill-opacity:1;stroke:#000000;stroke-width:3.05084752999999997;stroke-miterlimit:4;stroke-opacity:1;stroke-dasharray:none"
     d="m 72.327651,345.46103 c -0.961965,-1.5565 2.320465,-10.67355 7.294288,-20.26013 4.973823,-9.58658 9.043315,-19.29612 9.043315,-21.57676 0,-2.28063 1.939767,-8.03329 4.310593,-12.78368 9.652633,-19.34083 21.070403,-45.5811 26.203823,-60.22149 2.99575,-8.54382 9.66532,-24.82627 14.82126,-36.18322 5.15594,-11.35694 10.86543,-26.18612 12.68775,-32.95372 1.82232,-6.76759 5.30069,-13.06735 7.72969,-13.99944 2.42901,-0.9321 4.41638,-4.30857 4.41638,-7.50326 0,-3.1947 2.68019,-11.62833 5.95599,-18.74139 3.2758,-7.11307 9.48069,-22.434802 13.78865,-34.048292 10.85701,-29.268513 12.71275,-31.001266 21.72767,-20.287648 4.03768,4.798518 7.34125,9.364019 7.34125,10.145557 0,0.781537 4.80508,6.515852 10.67796,12.74292 5.87288,6.227069 10.67797,13.115413 10.67797,15.307423 0,2.19202 2.26836,5.86806 5.04081,8.16899 4.65596,3.86411 20.59674,23.72855 36.73702,45.77948 3.68119,5.02927 5.93088,11.13039 4.9993,13.55805 -1.07688,2.8063 -0.1811,3.90453 2.45945,3.01531 2.56093,-0.8624 11.75612,9.19721 23.98376,26.23839 22.11557,30.82162 26.61405,36.10798 30.72639,36.10798 1.55811,0 2.55066,1.02966 2.20566,2.28814 -0.95481,3.48299 9.2504,21.48984 13.74639,24.25514 2.18169,1.34188 7.19969,7.24486 11.1511,13.11774 3.95142,5.87288 8.68761,12.07826 10.52488,13.78974 6.02966,5.61683 11.22791,16.71873 7.82823,16.71873 -1.75512,0 -26.13539,2.72041 -54.1784,6.04535 -28.04302,3.32494 -70.20764,8.23117 -93.69917,10.90272 -23.49152,2.67155 -51.44212,6.96769 -62.11243,9.54698 -14.7814,3.57303 -21.1618,3.88713 -26.79778,1.31921 -5.80023,-2.64277 -7.74362,-2.46766 -9.00179,0.81107 -1.03793,2.70478 -9.35149,4.92305 -23.54121,6.28138 -12.065139,1.15495 -24.875829,2.80839 -28.468196,3.67431 -3.592367,0.86592 -7.318638,0.30091 -8.280603,-1.25558 z m 75.829129,-22.0712 c 1.03704,-1.67797 0.43162,-3.05085 -1.34537,-3.05085 -1.777,0 -3.2309,1.37288 -3.2309,3.05085 0,1.67797 0.60541,3.05085 1.34537,3.05085 0.73996,0 2.19386,-1.37288 3.2309,-3.05085 z m -47.77784,-19.97406 c 5.1018,-11.19723 4.38366,-12.44014 -2.561143,-4.43272 -6.430161,7.41404 -7.81969,12.20339 -3.540555,12.20339 1.408629,0 4.154391,-3.4968 6.101698,-7.77067 z m 265.91343,-0.8734 c 0,-3.97243 -3.62676,-6.61433 -6.57699,-4.79099 -3.15524,1.95004 -0.43458,7.33337 3.7062,7.33337 1.57894,0 2.87079,-1.14407 2.87079,-2.54238 z m -21.35593,-6.61017 c 0,-1.67796 -2.74576,-3.05084 -6.10169,-3.05084 -3.35594,0 -6.1017,1.37288 -6.1017,3.05084 0,1.67797 2.74576,3.05085 6.1017,3.05085 3.35593,0 6.10169,-1.37288 6.10169,-3.05085 z m 9.15254,-12.20339 c 0,-1.67796 -1.37288,-3.05084 -3.05084,-3.05084 -1.67797,0 -3.05085,1.37288 -3.05085,3.05084 0,1.67797 1.37288,3.05085 3.05085,3.05085 1.67796,0 3.05084,-1.37288 3.05084,-3.05085 z m -21.35593,-30.50847 c 0,-1.67797 -1.37288,-3.05085 -3.05085,-3.05085 -1.67796,0 -3.05084,1.37288 -3.05084,3.05085 0,1.67797 1.37288,3.05085 3.05084,3.05085 1.67797,0 3.05085,-1.37288 3.05085,-3.05085 z m -4.25847,-14.42797 c -3.10124,-3.10123 -5.66008,1.56781 -3.11558,5.6849 1.92214,3.11008 2.64074,3.11249 3.67414,0.0122 0.70656,-2.11968 0.45521,-4.68342 -0.55856,-5.69719 l 0,9e-5 z m -198.62289,-9.97881 c 1.03705,-1.67797 -0.25481,-3.05085 -2.87079,-3.05085 -2.61598,0 -4.75632,1.37288 -4.75632,3.05085 0,1.67797 1.29185,3.05085 2.87079,3.05085 1.57894,0 3.71928,-1.37288 4.75632,-3.05085 z m 163.22034,-27.27758 c 0,-1.57893 -1.37288,-3.71928 -3.05084,-4.75632 -1.67797,-1.03704 -3.05085,0.25482 -3.05085,2.8708 0,2.61597 1.37288,4.75632 3.05085,4.75632 1.67796,0 3.05084,-1.29186 3.05084,-2.8708 z M 277.8178,184.57627 c 0,-2.51695 -1.37288,-4.57627 -3.05085,-4.57627 -1.67797,0 -3.05085,2.05932 -3.05085,4.57627 0,2.51695 1.37288,4.57627 3.05085,4.57627 1.67797,0 3.05085,-2.05932 3.05085,-4.57627 z M 158.83475,163.40039 c 0,-0.73995 -1.37289,-2.19386 -3.05085,-3.2309 -1.67797,-1.03704 -3.05085,-0.43162 -3.05085,1.34537 0,1.777 1.37288,3.2309 3.05085,3.2309 1.67796,0 3.05085,-0.60541 3.05085,-1.34537 z m 25.9322,-56.62073 c -1.03704,-1.67797 -3.17739,-3.05085 -4.75632,-3.05085 -1.57894,0 -2.8708,1.37288 -2.8708,3.05085 0,1.67797 2.14035,3.05085 4.75632,3.05085 2.61598,0 3.90784,-1.37288 2.8708,-3.05085 z"
     id="path3393"
     inkscape:connector-curvature="0"
     transform="scale(0.8,0.8)" />
  <path
     style="fill:#800080;fill-opacity:1;stroke:#000000;stroke-width:3.05084752999999997;stroke-miterlimit:4;stroke-opacity:1;stroke-dasharray:none"
     d="m 676.97538,346.27623 c -2.07492,-2.07492 -58.78922,-19.57957 -75.76775,-23.38542 -19.00295,-4.25965 -61.59824,-17.59522 -65.46046,-20.49411 -1.75098,-1.31426 -11.4209,-4.0723 -21.4887,-6.12898 -31.87763,-6.51206 -42.78614,-11.03939 -42.05493,-17.45393 0.99354,-8.71591 15.93731,-65.91921 19.03955,-72.88159 1.49532,-3.35593 4.97924,-14.33898 7.74207,-24.40678 14.26522,-51.98284 22.9189,-80.70463 27.83695,-92.391638 2.31881,-5.510318 4.21603,-12.864828 4.21603,-16.343355 0,-4.776378 1.30694,-5.818979 5.33898,-4.259112 2.93644,1.136016 9.45763,2.848962 14.49152,3.806547 5.0339,0.957586 10.52543,2.743879 12.20339,3.969541 1.67797,1.225662 10.6017,3.968575 19.83051,6.095363 16.49739,3.801836 62.98417,17.736064 86.94915,26.062674 6.71187,2.33203 21.81356,6.37329 33.55933,8.9806 11.74576,2.6073 26.28711,7.05083 32.31411,9.87451 l 10.95819,5.13396 -5.45049,18.43376 c -2.99777,10.13857 -8.38982,28.73037 -11.98233,41.31512 -3.59252,12.58475 -8.6559,29.74576 -11.25196,38.13559 -2.59606,8.38983 -8.06111,27.61017 -12.14454,42.71187 -10.58648,39.15176 -12.13453,44.49033 -16.36643,56.44068 -2.07972,5.87288 -4.21651,12.39406 -4.74844,14.49152 -0.98216,3.87285 -4.99793,5.059 -7.76375,2.29318 z M 537.13983,127.95554 c 0,-1.57894 -1.37288,-2.87079 -3.05085,-2.87079 -1.67796,0 -3.05084,2.14034 -3.05084,4.75632 0,2.61598 1.37288,3.90784 3.05084,2.87079 1.67797,-1.03704 3.05085,-3.17738 3.05085,-4.75632 z"
     id="path3395"
     inkscape:connector-curvature="0"
     transform="scale(0.8,0.8)" />
  <path
     style="fill:#00ffff;fill-opacity:1;stroke:#000000;stroke-width:3.05084752999999997;stroke-miterlimit:4;stroke-opacity:1;stroke-dasharray:none"
     d="m 432.25227,696.18652 c -1.47615,-2.38848 -22.94747,-13.59534 -44.60396,-23.28085 -5.87289,-2.62655 -17.24062,-8.87721 -25.26163,-13.89036 -8.021,-5.01314 -18.00288,-9.97297 -22.18194,-11.02185 -4.17907,-1.04888 -15.89145,-7.26717 -26.02752,-13.81843 -10.13607,-6.55126 -27.06182,-15.82559 -37.61278,-20.60962 l -19.18355,-8.69824 4.0275,-25.56918 c 2.21512,-14.06305 6.04529,-33.80646 8.51149,-43.87426 5.71409,-23.32672 13.25697,-66.31067 17.11822,-97.55015 3.47515,-28.11578 5.33655,-35.16172 9.28901,-35.16172 3.17281,0 46.36169,-6.99906 83.69408,-13.56322 13.42373,-2.3603 41.56779,-5.92392 62.54237,-7.91916 20.97458,-1.99524 39.80069,-4.96812 41.8358,-6.60639 4.99337,-4.01968 17.76919,9.92435 22.51213,24.5706 4.82072,14.88644 20.15721,45.30222 24.05837,47.71327 1.71552,1.06025 3.11912,4.27066 3.11912,7.13425 0,2.86359 2.70774,9.9902 6.0172,15.8369 3.30945,5.8467 14.4287,27.47423 24.70944,48.06118 l 18.69224,37.43082 -11.46078,12.68573 c -6.30345,6.97716 -25.93648,26.51464 -43.62897,43.41664 -17.69248,16.902 -44.74924,43.43006 -60.12613,58.95125 -26.75126,27.00229 -32.6622,31.22771 -36.03971,25.76279 z m -7.9938,-29.20279 c 0,-0.63353 -2.05932,-2.86095 -4.57627,-4.94983 -3.74799,-3.11056 -4.57627,-2.90207 -4.57627,1.15186 0,2.72241 2.05932,4.94983 4.57627,4.94983 2.51695,0 4.57627,-0.51834 4.57627,-1.15186 z m -27.45762,-4.94983 c 0,-1.67797 -0.60542,-3.05085 -1.34537,-3.05085 -0.73996,0 -2.19386,1.37288 -3.2309,3.05085 -1.03704,1.67796 -0.43163,3.05085 1.34537,3.05085 1.77699,0 3.2309,-1.37289 3.2309,-3.05085 z m -73.22034,-48.81356 c 0,-1.67797 -1.37288,-3.05085 -3.05085,-3.05085 -1.67797,0 -3.05085,1.37288 -3.05085,3.05085 0,1.67797 1.37288,3.05085 3.05085,3.05085 1.67797,0 3.05085,-1.37288 3.05085,-3.05085 z m 241.01695,-51.86441 c 0,-1.67796 -0.60541,-3.05085 -1.34537,-3.05085 -0.73995,0 -2.19386,1.37289 -3.2309,3.05085 -1.03705,1.67797 -0.43164,3.05085 1.34536,3.05085 1.777,0 3.23091,-1.37288 3.23091,-3.05085 z m 0,-15.25424 c 0,-1.67796 -0.60541,-3.05084 -1.34537,-3.05084 -0.73995,0 -2.19386,1.37288 -3.2309,3.05084 -1.03705,1.67797 -0.43164,3.05085 1.34536,3.05085 1.777,0 3.23091,-1.37288 3.23091,-3.05085 z M 296.12288,512.54237 c 0,-1.67796 -1.37288,-3.05084 -3.05085,-3.05084 -1.67796,0 -3.05084,1.37288 -3.05084,3.05084 0,1.67797 1.37288,3.05085 3.05084,3.05085 1.67797,0 3.05085,-1.37288 3.05085,-3.05085 z m 244.0678,-18.30508 c 0,-1.67797 -1.37288,-3.05085 -3.05085,-3.05085 -1.67797,0 -3.05085,1.37288 -3.05085,3.05085 0,1.67796 1.37288,3.05085 3.05085,3.05085 1.67797,0 3.05085,-1.37289 3.05085,-3.05085 z M 488.32627,389.1631 c 0,-0.73995 -1.37288,-2.19386 -3.05085,-3.2309 -1.67796,-1.03704 -3.05084,-0.43162 -3.05084,1.34538 0,1.77699 1.37288,3.23089 3.05084,3.23089 1.67797,0 3.05085,-0.60541 3.05085,-1.34537 z"
     id="path3397"
     inkscape:connector-curvature="0"
     transform="scale(0.8,0.8)" />
</svg>
