<?xml version="1.0" standalone="no"?>
<!DOCTYPE svg PUBLIC "-//W3C//DTD SVG 20010904//EN"
 "http://www.w3.org/TR/2001/REC-SVG-20010904/DTD/svg10.dtd">
<svg version="1.0" xmlns="http://www.w3.org/2000/svg"
 width="900.000000pt" height="1551.000000pt" viewBox="0 0 900.000000 1551.000000"
 preserveAspectRatio="xMidYMid meet">
<metadata>
Created by potrace 1.10, written by Peter Selinger 2001-2011
</metadata>
<g transform="translate(0.000000,1551.000000) scale(0.100000,-0.100000)"
fill="#000000" stroke="none">
<path d="M2640 13820 c-97 -7 -169 -22 -228 -46 -18 -8 -40 -14 -50 -14 -27 0
-201 -92 -230 -122 -15 -15 -32 -28 -38 -28 -15 0 -163 -150 -180 -182 -8 -16
-18 -28 -23 -28 -5 0 -19 -19 -31 -42 -23 -48 -32 -63 -72 -126 -16 -24 -28
-49 -28 -57 0 -8 -6 -29 -14 -47 -41 -97 -76 -207 -76 -241 0 -15 -7 -54 -16
-86 -23 -80 -17 -91 48 -91 l53 0 18 48 c10 26 24 61 32 77 7 17 16 37 19 45
3 8 15 29 26 45 11 17 24 39 29 50 18 38 126 170 149 181 12 6 32 22 44 35 54
56 195 129 317 161 101 27 370 30 419 4 17 -9 41 -16 54 -16 25 -1 119 -48
187 -95 79 -55 172 -154 218 -230 33 -55 83 -164 83 -179 0 -9 6 -29 14 -44
21 -42 39 -174 39 -297 0 -132 -15 -210 -69 -370 -8 -23 -14 -48 -14 -57 0
-21 -15 -56 -98 -228 -58 -120 -108 -205 -203 -348 -16 -23 -29 -46 -29 -50 0
-4 -13 -21 -28 -38 -15 -18 -67 -84 -117 -149 -49 -64 -99 -128 -110 -140
-211 -245 -389 -437 -606 -656 -147 -148 -270 -269 -274 -269 -4 0 -80 -71
-171 -157 -151 -146 -164 -161 -164 -193 0 -19 4 -41 8 -47 6 -10 258 -13
1172 -13 679 0 1167 3 1173 9 4 4 12 24 17 42 5 19 18 59 30 89 45 117 52 136
57 160 3 14 12 34 19 45 8 11 14 26 14 33 0 8 6 28 14 45 7 18 28 73 46 122
17 50 38 104 46 121 7 17 15 46 16 65 3 33 2 34 -38 37 -38 3 -44 0 -75 -39
-81 -100 -197 -198 -264 -223 -153 -56 -217 -60 -929 -60 -480 -1 -640 2 -643
11 -2 6 40 56 94 111 54 54 127 130 163 168 571 608 626 667 683 734 20 25 63
74 93 110 85 98 344 449 344 465 0 2 17 30 38 62 21 32 55 90 74 128 19 39 50
99 68 135 18 36 39 80 47 98 7 17 19 47 27 65 8 17 17 43 19 57 3 14 10 40 16
58 26 78 32 103 43 202 17 158 1 358 -40 470 -17 47 -38 99 -47 115 -82 153
-104 183 -207 284 -79 79 -115 111 -123 111 -4 0 -24 13 -44 28 -74 58 -219
121 -361 157 -54 14 -289 38 -325 33 -5 -1 -53 -4 -105 -8z"/>
<path d="M5805 13821 c-38 -3 -80 -12 -92 -19 -12 -6 -34 -12 -48 -12 -15 0
-39 -6 -53 -14 -15 -7 -49 -24 -77 -37 -170 -78 -405 -289 -510 -459 -15 -25
-48 -75 -71 -112 -24 -37 -44 -72 -44 -79 0 -7 -6 -20 -13 -28 -7 -9 -22 -36
-32 -61 -10 -25 -29 -70 -43 -100 -14 -30 -29 -68 -33 -85 -4 -16 -17 -55 -29
-85 -12 -30 -25 -71 -29 -90 -4 -19 -13 -51 -19 -70 -12 -40 -38 -165 -47
-225 -3 -22 -8 -51 -11 -65 -29 -139 -46 -495 -33 -725 6 -104 14 -215 19
-245 34 -215 58 -336 76 -378 8 -18 14 -41 14 -52 0 -11 6 -37 14 -57 7 -21
21 -65 31 -98 10 -33 22 -64 26 -70 3 -5 10 -21 14 -35 12 -40 106 -232 130
-265 12 -16 25 -37 29 -45 13 -28 66 -111 76 -120 4 -3 34 -42 68 -87 80 -106
169 -185 310 -275 37 -23 112 -58 126 -58 6 0 20 -6 31 -14 11 -7 36 -16 55
-19 19 -3 53 -10 75 -16 68 -18 247 -13 340 9 225 54 460 199 628 387 15 17
27 35 27 41 0 5 10 17 21 28 22 19 74 95 116 169 45 79 163 323 163 339 0 8 6
30 14 48 38 92 85 273 106 408 4 30 13 87 19 125 31 198 53 727 32 770 -5 11
-14 79 -20 152 -5 72 -14 141 -20 152 -6 11 -11 39 -11 62 0 23 -6 65 -14 93
-8 28 -22 80 -31 116 -10 36 -23 81 -30 100 -7 19 -22 65 -34 103 -11 37 -25
75 -29 85 -5 9 -17 35 -27 57 -9 22 -21 47 -26 55 -5 8 -14 26 -20 40 -33 78
-143 248 -224 346 -75 91 -244 251 -279 263 -6 2 -24 14 -41 26 -47 35 -162
85 -239 105 -83 21 -231 30 -331 21z m235 -199 c25 -8 63 -23 85 -33 49 -22
151 -126 192 -194 58 -97 137 -278 154 -355 4 -19 15 -62 24 -95 52 -190 79
-362 96 -615 13 -191 5 -1002 -11 -1165 -5 -49 -10 -97 -10 -105 -4 -38 -22
-187 -25 -205 -2 -11 -8 -47 -13 -80 -19 -119 -46 -235 -78 -340 -15 -49 -20
-63 -65 -160 -79 -175 -208 -293 -399 -365 -61 -23 -141 -24 -211 -2 -127 40
-203 97 -275 208 -30 46 -54 90 -54 98 0 8 -4 17 -9 20 -11 7 -51 88 -51 104
0 6 -6 26 -14 44 -8 18 -22 60 -31 93 -10 33 -22 71 -28 85 -10 26 -16 52 -42
185 -8 44 -18 87 -22 95 -4 8 -10 49 -14 90 -4 41 -12 111 -18 155 -13 86 -32
436 -32 575 -1 152 20 573 32 660 6 47 15 130 19 185 7 102 35 288 47 315 3 8
9 40 13 70 4 30 19 87 34 125 14 39 26 78 26 87 0 10 9 34 19 55 11 21 33 67
51 103 57 119 107 188 190 262 92 84 173 115 295 115 44 0 100 -7 125 -15z"/>
<path d="M895 7573 c-54 -56 -46 -122 24 -182 l24 -21 3351 0 c3226 0 3352 1
3379 18 44 29 56 53 57 108 0 44 -4 54 -33 82 l-33 32 -3366 0 -3367 0 -36
-37z"/>
<path d="M5740 5360 c-41 -3 -85 -11 -97 -18 -12 -6 -31 -12 -42 -12 -32 0
-163 -59 -251 -114 -154 -96 -351 -290 -441 -436 -24 -39 -52 -83 -61 -98 -9
-15 -26 -45 -36 -67 -76 -156 -106 -223 -113 -250 -4 -16 -17 -55 -29 -85 -29
-74 -51 -158 -80 -300 -7 -30 -15 -68 -20 -85 -5 -16 -14 -79 -20 -140 -5 -60
-15 -128 -20 -150 -14 -51 -7 -571 9 -715 7 -58 18 -133 26 -168 8 -35 15 -81
15 -103 0 -21 4 -47 10 -57 5 -9 14 -37 19 -62 9 -44 29 -115 49 -175 6 -16
16 -48 22 -70 31 -102 129 -319 170 -375 14 -19 31 -46 37 -60 31 -72 270
-360 299 -360 7 0 17 -6 21 -13 9 -14 88 -77 96 -77 3 0 25 -13 49 -29 24 -15
52 -31 63 -34 11 -3 45 -15 75 -26 80 -31 171 -45 285 -44 110 1 198 12 232
31 12 7 31 12 42 12 12 0 29 4 39 9 9 5 40 20 67 32 145 64 356 221 425 316 8
11 34 42 58 68 23 26 42 52 42 57 0 6 12 27 28 47 15 20 33 45 39 56 28 44
151 303 163 340 7 22 17 51 21 63 27 69 48 142 54 185 4 26 11 50 16 53 5 3 9
20 9 39 0 19 5 46 11 62 49 121 79 765 51 1078 -13 145 -38 304 -52 327 -5 10
-10 29 -10 43 0 15 -7 50 -15 78 -9 29 -25 84 -37 122 -11 39 -25 74 -29 80
-5 5 -9 17 -9 26 0 43 -146 336 -209 419 -15 19 -35 49 -46 65 -54 86 -199
241 -305 326 -77 61 -266 159 -309 159 -9 0 -37 6 -62 14 -53 17 -147 23 -249
16z m180 -210 c96 -18 123 -33 211 -120 47 -47 92 -97 100 -112 97 -190 146
-319 179 -473 5 -22 13 -58 18 -80 13 -50 40 -215 47 -275 2 -25 9 -76 14
-115 18 -123 25 -767 12 -1045 -7 -140 -17 -268 -22 -285 -5 -16 -9 -64 -10
-105 -1 -41 -5 -79 -9 -85 -4 -5 -11 -41 -14 -80 -4 -38 -13 -99 -21 -135 -8
-36 -22 -101 -31 -145 -39 -182 -105 -338 -189 -447 -48 -62 -160 -157 -186
-158 -9 0 -22 -6 -28 -14 -6 -7 -43 -24 -82 -36 -127 -41 -272 -15 -380 68
-77 61 -118 115 -178 237 -54 112 -71 153 -96 240 -9 33 -22 71 -27 85 -13 30
-36 136 -46 205 -4 28 -11 55 -14 61 -10 16 -38 234 -45 344 -3 52 -9 100 -13
105 -16 21 -17 800 -1 850 5 17 12 82 15 145 3 63 8 124 11 135 2 11 9 77 15
146 5 69 15 150 20 180 35 172 43 209 57 259 8 30 21 70 29 88 8 18 14 37 14
43 0 31 101 231 151 299 66 90 176 189 211 190 7 0 22 7 32 15 11 8 38 15 60
16 23 0 50 4 61 9 19 9 38 8 135 -10z"/>
<path d="M2476 5257 c-11 -17 -28 -50 -39 -72 -10 -22 -23 -47 -28 -55 -8 -13
-16 -32 -50 -105 -5 -11 -13 -27 -18 -35 -9 -17 -51 -97 -62 -120 -3 -8 -17
-35 -30 -60 -12 -25 -26 -53 -31 -62 -4 -10 -12 -26 -16 -35 -10 -22 -51 -102
-63 -123 -4 -8 -18 -35 -29 -60 -12 -25 -26 -52 -31 -60 -5 -8 -12 -22 -15
-30 -9 -22 -44 -93 -54 -110 -5 -8 -18 -35 -30 -60 -11 -25 -25 -52 -29 -60
-5 -8 -16 -31 -24 -50 -9 -19 -56 -118 -106 -219 -50 -101 -91 -187 -91 -191
0 -14 53 -22 123 -20 38 1 74 -3 80 -8 7 -5 55 -12 107 -16 82 -6 184 -23 335
-55 42 -9 88 -24 143 -47 18 -8 39 -14 46 -14 16 0 245 -117 267 -136 8 -8 18
-14 22 -14 10 0 79 -48 126 -88 163 -139 301 -308 366 -449 15 -32 34 -71 42
-88 9 -16 19 -46 24 -65 4 -19 15 -62 23 -95 27 -109 38 -199 33 -255 -12
-116 -29 -215 -43 -242 -8 -15 -14 -38 -14 -52 0 -14 -4 -28 -10 -31 -5 -3
-22 -31 -36 -61 -56 -118 -227 -297 -344 -360 -22 -12 -46 -26 -53 -32 -7 -6
-58 -26 -113 -44 -93 -30 -108 -32 -244 -33 -125 0 -153 3 -205 22 -110 40
-164 67 -285 143 -8 5 -52 33 -98 61 l-84 51 -96 0 c-81 1 -104 -3 -139 -21
-51 -27 -84 -70 -105 -135 -15 -47 -15 -53 4 -115 17 -55 30 -75 88 -133 37
-37 78 -72 91 -78 13 -6 44 -22 69 -35 25 -13 53 -24 63 -24 10 -1 28 -6 40
-13 78 -44 532 -40 682 6 28 8 73 21 100 29 113 32 210 77 348 161 37 22 77
46 87 52 19 10 56 40 182 148 38 32 93 88 123 125 30 36 60 73 67 81 15 17
102 158 112 180 3 8 15 29 26 45 19 30 60 113 60 122 0 3 6 19 14 36 23 53 34
88 58 177 20 75 23 109 23 295 0 214 -11 298 -51 393 -8 18 -14 39 -14 48 0
13 -47 122 -71 164 -4 8 -17 32 -29 54 -38 70 -138 192 -238 292 -135 135
-140 139 -312 254 -48 32 -219 119 -305 155 -138 59 -348 119 -465 135 -30 4
-67 12 -82 18 -31 13 -37 42 -13 62 8 7 15 16 15 21 0 12 86 198 110 239 5 8
26 50 47 93 21 43 44 89 51 102 l13 25 588 0 c459 0 591 3 599 13 20 24 62
110 62 127 0 10 7 23 15 30 8 7 15 19 15 27 0 8 6 27 14 41 13 26 25 52 60
135 9 20 23 53 32 71 33 70 81 66 -688 66 l-693 0 -19 -33z"/>
</g>
</svg>
