<?xml version="1.0" encoding="UTF-8" standalone="no"?>
<svg
   xmlns:dc="http://purl.org/dc/elements/1.1/"
   xmlns:cc="http://creativecommons.org/ns#"
   xmlns:rdf="http://www.w3.org/1999/02/22-rdf-syntax-ns#"
   xmlns:svg="http://www.w3.org/2000/svg"
   xmlns="http://www.w3.org/2000/svg"
   xmlns:sodipodi="http://sodipodi.sourceforge.net/DTD/sodipodi-0.dtd"
   xmlns:inkscape="http://www.inkscape.org/namespaces/inkscape"
   version="1.0"
   width="852.000000pt"
   height="459.000000pt"
   viewBox="0 0 852.000000 459.000000"
   preserveAspectRatio="xMidYMid meet"
   id="svg3221"
   inkscape:version="0.48.4 r9939"
   sodipodi:docname="6.svg">
  <defs
     id="defs3283" />
  <sodipodi:namedview
     pagecolor="#ffffff"
     bordercolor="#666666"
     borderopacity="1"
     objecttolerance="10"
     gridtolerance="10"
     guidetolerance="10"
     inkscape:pageopacity="0"
     inkscape:pageshadow="2"
     inkscape:window-width="640"
     inkscape:window-height="480"
     id="namedview3281"
     showgrid="false"
     inkscape:zoom="0.41132898"
     inkscape:cx="532.5"
     inkscape:cy="286.875"
     inkscape:window-x="0"
     inkscape:window-y="24"
     inkscape:window-maximized="0"
     inkscape:current-layer="svg3221" />
  <metadata
     id="metadata3223">
Created by potrace 1.10, written by Peter Selinger 2001-2011
<rdf:RDF>
  <cc:Work
     rdf:about="">
    <dc:format>image/svg+xml</dc:format>
    <dc:type
       rdf:resource="http://purl.org/dc/dcmitype/StillImage" />
  </cc:Work>
</rdf:RDF>
</metadata>
  <g
     transform="translate(0.000000,459.000000) scale(0.100000,-0.100000)"
     fill="#000000"
     stroke="none"
     id="g3225">
    <path
       d="M172 4455 c-11 -15 -15 -1372 -5 -1390 8 -14 166 -16 1616 -16 884 0 1612 3 1617 6 16 10 13 1367 -3 1388 -11 16 -113 18 -1616 20 -1060 1 -1605 -1 -1609 -8z m3160 -90 c11 -4 13 -115 11 -618 -1 -336 -2 -615 -3 -619 0 -11 -3082 -10 -3097 0 -10 6 -13 146 -14 615 0 333 2 611 6 617 6 10 3069 16 3097 5z"
       id="path3227" />
    <path
       d="M4829 4456 c-24 -25 6 -143 45 -175 9 -7 16 -19 16 -26 0 -7 11 -20 24 -28 12 -9 31 -32 40 -51 9 -20 28 -47 40 -61 13 -14 27 -38 31 -52 7 -29 38 -71 102 -136 23 -24 50 -66 61 -95 12 -31 38 -69 62 -93 23 -22 46 -53 52 -69 5 -16 20 -36 34 -45 14 -9 24 -25 24 -39 0 -12 10 -31 21 -42 12 -10 28 -34 36 -51 7 -18 17 -33 22 -33 6 0 13 -9 16 -20 4 -11 22 -37 41 -58 20 -20 51 -68 70 -106 21 -42 52 -84 79 -108 25 -22 45 -46 45 -53 0 -8 10 -26 23 -40 l22 -26 907 0 c498 -1 910 1 915 4 5 3 22 32 38 65 20 42 39 64 64 78 26 14 37 28 42 53 4 18 11 36 17 40 5 3 19 24 30 47 11 22 28 46 36 53 9 8 16 19 16 26 0 7 11 20 25 29 14 9 25 23 25 31 0 9 17 34 39 58 21 23 41 53 44 67 8 33 49 90 110 152 26 27 47 56 47 64 0 22 45 96 75 124 14 13 25 29 25 36 0 6 18 30 40 53 22 22 40 47 40 55 0 7 14 30 30 51 16 21 30 44 30 51 0 7 7 19 15 28 8 8 19 26 25 40 5 14 16 26 23 26 37 0 83 124 60 164 -8 15 -157 16 -1811 19 -1129 1 -1807 -2 -1813 -7z m3533 -110 c-2 -10 -18 -33 -36 -50 -28 -27 -66 -91 -66 -111 0 -5 -20 -30 -45 -56 -25 -26 -45 -54 -45 -62 0 -8 -11 -19 -24 -25 -13 -6 -26 -22 -30 -36 -7 -28 -65 -116 -77 -116 -4 0 -10 -13 -14 -29 -3 -16 -26 -49 -49 -73 -24 -24 -60 -76 -79 -115 -20 -39 -58 -93 -85 -120 -31 -31 -55 -67 -67 -101 -11 -29 -36 -70 -57 -92 -21 -21 -38 -44 -38 -49 0 -6 -9 -15 -19 -21 -11 -5 -22 -23 -26 -39 -3 -16 -15 -37 -27 -47 -11 -11 -24 -29 -29 -42 -5 -12 -20 -27 -34 -32 -17 -6 -344 -10 -876 -10 l-850 0 -24 25 c-14 13 -25 28 -25 33 0 5 -8 12 -19 15 -10 2 -31 26 -47 53 -15 27 -36 55 -46 62 -10 7 -18 19 -18 27 0 8 -6 18 -14 22 -7 4 -21 24 -31 43 -10 19 -26 46 -36 59 -11 13 -19 32 -19 42 0 11 -17 30 -40 45 -22 14 -42 36 -46 48 -3 11 -12 28 -19 36 -7 8 -20 36 -30 62 -12 32 -29 55 -56 74 -27 19 -40 36 -45 60 -3 19 -10 34 -14 34 -9 0 -76 103 -85 130 -4 11 -10 20 -15 20 -5 0 -25 24 -44 54 -19 30 -44 59 -54 65 -11 6 -23 22 -26 37 -9 36 -54 101 -99 146 -21 20 -36 42 -32 48 4 7 546 9 1733 8 1687 -3 1727 -3 1724 -22z"
       id="path3229" />
    <path
       d="M6163 2927 c-44 -17 -91 -79 -99 -133 -11 -79 2 -128 50 -179 42 -44 44 -45 104 -45 49 0 66 4 82 20 11 11 20 23 20 28 0 4 10 12 23 17 17 8 22 17 20 45 -6 80 -16 90 -94 93 -61 3 -66 -64 -5 -71 64 -8 33 -62 -35 -62 -79 0 -109 33 -109 119 0 40 5 55 29 80 38 41 96 44 131 6 13 -14 32 -25 42 -25 21 0 36 28 21 39 -6 3 -15 16 -22 29 -13 24 -71 52 -105 51 -11 0 -35 -6 -53 -12z"
       id="path3231" />
    <path
       d="M1236 2911 c-12 -14 -15 -47 -13 -176 l2 -160 27 -3 c22 -3 29 2 34 23 3 14 3 48 0 76 l-7 49 70 0 c74 0 82 6 71 50 -5 22 -11 25 -57 26 -68 2 -83 9 -83 38 0 21 6 26 33 30 17 3 53 4 79 3 56 -2 81 15 56 39 -24 24 -192 28 -212 5z"
       id="path3233" />
    <path
       d="M1507 2916 c-10 -10 -16 -55 -20 -161 -7 -159 -1 -188 36 -183 21 3 22 8 28 163 8 183 -2 223 -44 181z"
       id="path3235" />
    <path
       d="M1688 2905 c-8 -18 -8 -28 1 -39 10 -12 7 -15 -16 -20 -16 -4 -41 -17 -57 -29 -27 -22 -27 -24 -12 -40 16 -16 20 -16 55 5 49 28 73 20 69 -24 -3 -32 -5 -33 -55 -38 -40 -4 -56 -11 -72 -32 -25 -31 -27 -51 -6 -68 8 -7 15 -18 15 -25 0 -7 7 -16 16 -19 26 -10 92 -7 99 5 4 6 19 7 36 4 l29 -7 0 115 0 115 -37 22 -38 22 23 19 c19 15 21 22 12 39 -15 28 -48 25 -62 -5z m40 -242 c-3 -24 -8 -28 -40 -31 -30 -3 -37 1 -43 19 -9 27 8 39 53 39 30 0 33 -2 30 -27z"
       id="path3237" />
    <path
       d="M2072 2918 c-21 -21 -14 -47 14 -54 36 -9 60 15 45 45 -13 23 -40 28 -59 9z"
       id="path3239" />
    <path
       d="M6417 2923 c-4 -3 -7 -82 -7 -175 0 -147 2 -169 16 -175 24 -9 44 23 44 69 0 41 15 51 25 18 3 -11 15 -25 26 -31 11 -5 24 -21 29 -35 8 -20 16 -24 52 -24 49 0 55 3 86 47 18 26 22 46 22 102 0 68 -1 72 -35 102 -35 32 -35 33 -16 53 15 16 17 25 10 39 -21 37 -85 5 -75 -37 3 -16 -5 -27 -40 -49 -32 -21 -47 -38 -55 -68 -20 -65 -31 -45 -27 50 2 64 -1 93 -11 105 -14 17 -33 21 -44 9z m237 -155 c9 -12 16 -39 16 -59 0 -47 -26 -72 -72 -67 -28 3 -34 8 -38 33 -9 53 0 96 24 105 35 14 54 11 70 -12z"
       id="path3241" />
    <path
       d="M6900 2916 c-6 -6 -10 -18 -10 -28 0 -15 8 -18 45 -18 41 0 45 2 45 25 0 14 -3 25 -7 26 -44 5 -65 3 -73 -5z"
       id="path3243" />
    <path
       d="M1841 2831 c-18 -11 -7 -73 20 -117 10 -17 19 -41 19 -52 0 -29 31 -80 52 -85 23 -6 35 9 44 58 4 22 16 52 26 66 20 27 35 98 25 123 -11 29 -46 6 -58 -38 -24 -91 -44 -94 -73 -12 -22 62 -32 72 -55 57z"
       id="path3245" />
    <path
       d="M2192 2824 c-25 -17 -28 -36 -8 -53 10 -9 20 -9 35 -2 12 6 31 16 42 22 28 14 42 0 37 -37 -3 -27 -6 -29 -53 -32 -44 -3 -53 -8 -78 -40 -24 -32 -26 -38 -13 -48 8 -6 20 -23 25 -37 9 -24 16 -27 58 -27 27 0 55 4 63 10 9 5 19 5 27 -2 7 -5 19 -8 27 -5 12 5 15 28 14 117 -1 106 -2 112 -26 130 -31 25 -117 27 -150 4z m113 -144 c3 -6 3 -19 0 -31 -5 -16 -14 -20 -43 -17 -39 3 -57 32 -30 49 18 12 65 11 73 -1z"
       id="path3247" />
    <path
       d="M6815 2834 c-11 -3 -30 -7 -43 -10 -22 -4 -23 -7 -20 -121 l3 -116 29 -10 c39 -13 46 1 46 104 0 81 2 88 25 103 25 16 26 16 35 -10 6 -15 8 -52 4 -85 -10 -87 -1 -109 41 -109 31 0 35 3 36 28 1 25 1 189 0 203 -1 4 -18 9 -38 12 -21 3 -51 8 -68 10 -16 3 -39 3 -50 1z"
       id="path3249" />
    <path
       d="M7026 2820 c-40 -40 13 -68 63 -33 23 15 25 15 37 -2 31 -42 13 -65 -50 -65 -58 0 -86 -53 -58 -110 17 -34 19 -35 67 -33 28 2 69 2 93 2 l42 0 0 110 c0 106 -1 110 -26 130 -36 29 -140 29 -168 1z m128 -138 c3 -5 -2 -18 -10 -30 -23 -34 -94 -27 -94 8 0 10 8 21 18 23 30 8 81 7 86 -1z"
       id="path3251" />
    <path
       d="M2069 2823 c0 -5 -1 -59 -2 -121 -1 -87 2 -115 12 -122 22 -13 39 -1 44 33 6 45 2 192 -7 205 -8 13 -46 16 -47 5z"
       id="path3253" />
    <path
       d="M6380 2048 c-18 -10 -25 -22 -25 -43 0 -29 -1 -30 -61 -36 -34 -3 -77 -15 -95 -25 -19 -11 -56 -26 -84 -33 -117 -29 -161 -45 -181 -62 -11 -11 -34 -19 -51 -19 -17 0 -41 -8 -54 -19 -13 -10 -44 -22 -69 -26 -25 -4 -52 -14 -62 -22 -14 -13 -72 -31 -197 -63 -19 -5 -48 -19 -64 -31 -19 -14 -50 -24 -81 -27 -28 -2 -55 -10 -61 -16 -5 -7 -26 -18 -47 -25 -20 -7 -39 -18 -41 -25 -3 -8 -29 -17 -59 -21 -57 -7 -115 -24 -135 -38 -20 -15 -15 -48 7 -54 11 -3 37 -36 61 -77 22 -39 47 -75 55 -79 8 -4 14 -17 14 -28 0 -27 18 -59 33 -59 20 -1 112 -148 121 -195 4 -22 17 -36 42 -50 23 -12 37 -28 41 -47 3 -15 16 -34 28 -42 12 -8 26 -27 29 -42 7 -28 44 -86 58 -92 20 -9 38 -35 38 -56 0 -13 6 -29 14 -35 11 -9 229 -12 878 -12 475 0 866 1 869 1 3 0 10 10 16 22 6 13 34 49 64 81 29 32 60 77 68 100 22 58 60 117 76 117 8 0 28 26 47 58 18 31 38 66 45 77 6 11 18 34 26 50 8 17 31 46 51 64 21 20 36 45 36 58 0 13 16 37 40 59 21 20 45 53 51 73 7 20 23 46 36 59 14 12 23 28 21 35 -7 20 -59 40 -127 49 -44 5 -74 15 -97 33 -18 14 -37 25 -42 25 -5 0 -15 7 -22 15 -8 9 -30 15 -60 15 -36 0 -53 6 -74 25 -15 14 -39 27 -54 30 -99 21 -217 57 -233 71 -8 8 -31 17 -50 20 -19 4 -41 12 -49 19 -8 6 -41 17 -72 24 -32 7 -61 19 -66 27 -5 8 -52 26 -106 39 -54 13 -114 34 -134 45 -20 12 -63 25 -96 28 -58 7 -61 9 -58 33 1 15 -4 31 -11 37 -22 19 -119 25 -147 10z m151 -127 c46 -21 106 -42 134 -46 28 -4 61 -17 76 -29 16 -14 47 -25 75 -29 27 -3 67 -15 89 -26 21 -12 45 -21 51 -21 7 0 14 -7 17 -14 3 -8 23 -18 44 -21 21 -4 71 -18 112 -31 40 -13 81 -24 90 -24 9 0 30 -9 48 -20 18 -10 55 -22 82 -26 28 -4 56 -13 63 -21 6 -8 25 -21 42 -28 17 -8 38 -19 46 -24 8 -5 38 -14 65 -19 70 -15 137 -33 157 -43 10 -5 24 -9 32 -9 25 0 28 -19 7 -49 -11 -16 -25 -40 -31 -55 -5 -15 -18 -29 -27 -33 -31 -11 -60 -47 -68 -81 -7 -35 -68 -132 -91 -145 -8 -4 -14 -14 -14 -22 0 -8 -9 -19 -20 -25 -11 -6 -20 -15 -20 -21 0 -5 -12 -28 -27 -52 -15 -23 -38 -63 -51 -90 -13 -26 -33 -52 -43 -58 -10 -5 -19 -16 -19 -23 0 -8 -22 -37 -49 -65 l-49 -51 -802 0 c-572 0 -808 3 -823 11 -28 14 -87 70 -87 82 0 4 -11 23 -24 40 -12 18 -33 54 -46 80 -13 29 -32 52 -46 57 -13 5 -24 17 -24 26 0 19 -60 114 -72 114 -4 0 -19 22 -33 49 -13 27 -29 52 -35 56 -5 3 -10 14 -10 24 0 21 -24 54 -74 100 -37 34 -66 85 -66 114 0 13 202 78 242 77 9 0 23 6 30 14 8 7 28 17 45 20 17 4 38 15 48 26 9 10 36 21 61 25 24 3 68 17 97 29 49 22 127 46 223 68 23 5 50 18 60 29 9 10 27 19 38 19 12 0 35 9 51 20 17 11 45 20 63 20 18 0 45 9 60 20 16 12 63 30 106 40 85 22 160 52 170 69 12 19 40 13 127 -28z"
       id="path3255" />
    <path
       d="M1170 1697 c-16 -4 -35 -15 -42 -25 -7 -10 -39 -33 -70 -51 -32 -18 -58 -37 -58 -42 0 -5 -12 -14 -27 -20 -48 -18 -113 -50 -119 -60 -3 -5 -14 -9 -26 -9 -11 0 -40 -19 -63 -42 -58 -57 -86 -78 -105 -78 -20 0 -82 -29 -91 -43 -7 -10 -39 -29 -86 -52 -18 -8 -37 -24 -43 -34 -5 -11 -20 -21 -32 -23 -19 -2 -24 -10 -26 -45 -3 -41 -2 -42 33 -49 19 -3 40 -14 45 -24 6 -10 26 -24 45 -30 20 -6 56 -32 80 -56 27 -26 54 -44 68 -44 25 0 117 -54 117 -69 0 -5 15 -12 34 -15 20 -4 41 -16 50 -31 9 -14 21 -25 26 -25 6 0 29 -13 52 -30 22 -16 49 -30 58 -30 10 0 23 -7 30 -15 7 -8 25 -15 41 -15 16 0 29 -4 29 -8 0 -4 15 -25 34 -45 l34 -38 826 0 826 0 31 23 c17 13 42 33 55 46 14 12 28 22 32 22 5 0 13 5 19 11 7 7 36 20 65 30 30 11 69 36 93 58 22 22 53 43 68 47 16 3 31 13 34 20 3 8 12 14 20 14 8 0 29 11 47 25 18 14 41 25 50 25 10 0 31 14 48 30 16 17 33 30 38 30 13 0 78 46 98 69 9 11 37 24 62 28 39 7 45 12 48 36 4 37 -13 57 -50 57 -16 0 -31 6 -34 14 -9 24 -121 106 -154 112 -17 4 -33 11 -36 15 -3 5 -13 9 -22 9 -9 0 -34 16 -55 35 -49 45 -108 85 -126 85 -7 0 -28 13 -46 29 -18 15 -49 31 -70 35 -23 5 -52 22 -78 47 -23 21 -46 39 -52 39 -6 0 -21 11 -33 25 -13 15 -37 27 -59 30 -58 9 -1599 11 -1633 2z m1640 -87 c6 -11 19 -20 29 -20 10 0 26 -9 36 -20 20 -22 127 -80 148 -80 8 0 22 -9 32 -20 10 -11 24 -20 31 -20 7 0 15 -9 19 -19 3 -12 39 -35 89 -60 47 -22 87 -44 90 -50 4 -5 20 -12 36 -16 17 -4 30 -13 30 -21 0 -8 17 -22 38 -31 52 -22 112 -71 106 -88 -3 -7 -19 -19 -36 -26 -17 -7 -42 -22 -57 -33 -34 -27 -59 -43 -98 -60 -17 -8 -36 -24 -43 -35 -6 -12 -18 -21 -27 -21 -25 0 -105 -40 -135 -68 -28 -26 -53 -42 -105 -66 -18 -8 -33 -19 -33 -24 0 -5 -44 -31 -97 -58 l-98 -49 -755 -3 c-415 -2 -769 0 -787 3 -17 3 -54 21 -81 40 -27 18 -66 37 -85 40 -23 5 -39 14 -42 26 -4 10 -12 19 -19 19 -7 0 -37 18 -67 41 -30 22 -89 58 -131 80 -43 22 -78 44 -78 49 0 6 -12 15 -27 21 -66 24 -102 45 -110 63 -5 10 -29 26 -53 35 -61 23 -64 46 -8 71 24 10 60 35 79 53 20 19 46 38 59 42 12 4 44 20 69 36 25 16 65 38 89 49 23 11 45 26 48 35 4 8 12 15 19 15 8 0 26 11 42 24 33 28 126 76 147 76 8 0 34 20 58 44 l43 45 812 0 c802 1 812 1 823 -19z"
       id="path3257" />
    <path
       d="M2005 516 c-12 -18 -14 -29 -6 -44 9 -17 5 -22 -35 -37 -38 -14 -49 -25 -65 -62 -28 -65 -24 -93 17 -147 38 -48 62 -60 110 -54 21 2 30 9 32 25 2 13 7 23 12 23 22 0 40 34 40 74 0 79 -10 103 -53 132 l-40 26 22 17 c15 12 22 26 19 42 -4 33 -33 36 -53 5z m39 -152 c21 -20 20 -83 -1 -106 -37 -41 -93 -9 -93 53 0 43 21 69 55 69 13 0 31 -7 39 -16z"
       id="path3259" />
    <path
       d="M1370 521 c-32 -9 -37 -38 -11 -62 12 -11 21 -26 21 -33 0 -7 9 -21 19 -30 10 -10 22 -34 26 -54 3 -20 18 -67 33 -105 22 -56 29 -67 49 -67 15 0 27 8 32 23 5 13 16 29 25 36 9 7 16 28 16 46 0 18 7 38 15 45 8 7 15 20 15 29 0 9 11 40 25 69 23 49 26 52 60 52 32 0 36 3 33 23 -3 19 -9 22 -53 23 -60 2 -81 -14 -96 -69 -6 -22 -17 -46 -24 -54 -8 -7 -17 -33 -20 -58 -7 -43 -28 -75 -38 -58 -3 5 -10 37 -17 72 -6 35 -20 82 -30 105 -10 22 -21 49 -24 59 -6 18 -15 19 -56 8z"
       id="path3261" />
    <path
       d="M2295 509 c-10 -30 15 -52 48 -43 45 11 29 64 -19 64 -14 0 -25 -8 -29 -21z"
       id="path3263" />
    <path
       d="M6078 519 c-10 -5 -18 -14 -18 -20 0 -5 -9 -22 -19 -37 -10 -15 -27 -61 -36 -102 -10 -41 -24 -82 -31 -91 -21 -24 -27 -72 -11 -93 21 -29 57 -6 57 37 0 48 11 58 72 64 52 5 56 4 76 -24 12 -17 26 -42 32 -57 18 -49 77 -20 63 32 -3 12 -15 28 -28 36 -16 10 -25 29 -30 58 -3 24 -12 59 -20 78 -7 19 -16 46 -19 60 -11 51 -54 79 -88 59z m67 -139 c8 -39 -9 -62 -44 -58 -20 2 -27 9 -29 31 -5 43 4 57 37 57 25 0 30 -5 36 -30z"
       id="path3265" />
    <path
       d="M6392 518 c-19 -19 -14 -45 10 -52 33 -8 53 15 39 43 -13 24 -31 27 -49 9z"
       id="path3267" />
    <path
       d="M6281 502 c-6 -12 -5 -71 2 -167 10 -126 15 -150 29 -153 9 -2 19 2 23 8 11 18 14 304 3 318 -15 18 -46 15 -57 -6z"
       id="path3269" />
    <path
       d="M1798 486 c-27 -20 -36 -56 -26 -101 6 -22 7 -63 4 -92 -5 -44 -3 -54 13 -65 10 -7 20 -22 22 -33 3 -14 12 -20 29 -20 32 0 38 33 14 69 -13 21 -15 39 -10 89 10 86 10 109 2 140 -7 30 -22 33 -48 13z"
       id="path3271" />
    <path
       d="M2183 433 c-30 -6 -34 -28 -31 -153 3 -105 3 -105 28 -105 25 0 25 1 30 100 l5 99 32 7 c21 4 36 2 43 -6 5 -7 10 -51 9 -100 0 -48 3 -91 8 -96 16 -16 38 -1 51 34 l13 32 29 -35 29 -35 88 3 c48 1 92 7 97 12 5 5 4 27 -3 54 -6 25 -11 72 -11 104 0 52 -3 62 -25 76 -49 32 -190 6 -183 -34 4 -21 54 -25 84 -5 30 20 54 6 54 -30 0 -25 -17 -35 -56 -35 -32 0 -80 -25 -87 -45 -15 -37 -27 -11 -27 59 0 47 -5 77 -12 84 -15 11 -132 23 -165 15z m352 -153 c3 -6 3 -19 0 -31 -5 -16 -14 -20 -43 -17 -39 3 -57 32 -30 49 18 12 65 11 73 -1z"
       id="path3273" />
    <path
       d="M6518 417 c-51 -42 -57 -176 -8 -192 10 -3 20 -16 22 -28 2 -18 10 -23 44 -25 38 -3 45 1 81 42 l40 45 19 -22 c10 -12 21 -31 24 -42 5 -15 16 -21 50 -23 62 -5 82 3 104 40 20 34 33 164 19 183 -20 27 -66 45 -111 45 -62 0 -85 -24 -103 -102 -9 -42 -17 -58 -28 -58 -9 0 -34 -9 -56 -20 -22 -11 -45 -20 -52 -20 -33 0 -45 93 -15 129 16 21 19 21 48 7 16 -9 41 -17 55 -18 20 -3 25 2 27 24 3 23 -2 30 -34 43 -51 21 -94 18 -126 -8z m314 -34 c10 -9 18 -24 18 -35 0 -15 -8 -18 -50 -18 -56 0 -62 11 -28 47 26 27 35 28 60 6z m33 -103 c9 -15 -32 -50 -59 -50 -30 0 -72 33 -62 48 9 14 112 16 121 2z"
       id="path3275" />
    <path
       d="M1687 418 c-13 -11 -17 -34 -19 -120 -3 -112 4 -133 38 -126 17 3 19 15 22 108 4 144 -3 166 -41 138z"
       id="path3277" />
    <path
       d="M6386 415 c-3 -9 -6 -63 -6 -120 0 -92 2 -105 19 -114 34 -19 42 8 39 130 -3 108 -4 114 -24 117 -13 2 -24 -4 -28 -13z"
       id="path3279" />
  </g>
  <path
     style="fill:#b3b3b3;fill-opacity:1;stroke:#000000;stroke-width:2.43114400000000019;stroke-miterlimit:4;stroke-opacity:1;stroke-dasharray:none"
     d="M 30.799201,171.05634 C 28.816613,156.59178 28.828143,50.302515 30.813603,38.290519 l 1.506912,-9.11679 191.742285,0 191.74228,0 0,76.581041 0,76.58104 -191.72993,0 -191.729926,0 -1.546023,-11.27947 z"
     id="path3449"
     inkscape:connector-curvature="0"
     transform="scale(0.8,0.8)" />
  <path
     style="fill:#b3b3b3;fill-opacity:1;stroke:#000000;stroke-width:2.431144;stroke-miterlimit:4;stroke-opacity:1;stroke-dasharray:none"
     d="m 712.40466,168.78265 c -6.01708,-7.32439 -13.79198,-18.24761 -17.27756,-24.27382 -3.48558,-6.02621 -8.55418,-13.38209 -11.26356,-16.3464 -2.70937,-2.96431 -6.84335,-9.21871 -9.18661,-13.89866 -2.34325,-4.67995 -5.64547,-9.32355 -7.33825,-10.3191 C 665.6459,102.94911 660.713,95.838016 656.37669,88.142232 652.04037,80.446445 644.9233,69.773835 640.56096,64.425318 636.19863,59.076801 628.77255,48.957164 624.05858,41.937235 l -8.57087,-12.763506 212.5607,0 c 178.92499,0 212.56069,0.529953 212.56069,3.349035 0,1.84197 -1.641,4.710963 -3.6467,6.375541 -2.0057,1.664578 -3.6467,4.160656 -3.6467,5.54684 0,1.386184 -4.6381,8.636829 -10.3069,16.112541 -5.6687,7.475715 -14.7588,20.156297 -20.2002,28.179072 -5.4414,8.022776 -20.62851,30.450082 -33.74915,49.838452 -13.12062,19.38838 -25.53336,37.16612 -27.58384,39.50609 -3.44789,3.93468 -11.78674,4.24563 -110.92947,4.13646 l -107.20133,-0.11804 -10.94015,-13.31707 z"
     id="path3451"
     inkscape:connector-curvature="0"
     transform="scale(0.8,0.8)" />
  <path
     style="fill:#b3b3b3;fill-opacity:1;stroke:#000000;stroke-width:2.431144;stroke-miterlimit:4;stroke-opacity:1;stroke-dasharray:none"
     d="m 141.08581,475.6941 c -6.01709,-2.89725 -20.23928,-11.30729 -31.60488,-18.68897 -11.365596,-7.38169 -26.956375,-17.18612 -34.646173,-21.78762 l -13.981451,-8.36637 16.412595,-10.24508 c 9.026927,-5.6348 22.510964,-14.16153 29.964529,-18.9483 7.45356,-4.78676 17.93196,-10.81941 23.28532,-13.40587 5.35337,-2.58647 11.14961,-6.40911 12.88055,-8.49476 2.75792,-3.32309 15.53722,-3.79209 103.32698,-3.79209 l 100.17983,0 18.83949,10.73614 c 10.36171,5.90488 20.66808,12.33571 22.90306,14.29074 2.23495,1.95503 8.98662,6.17879 15.0037,9.38615 10.83296,5.77442 31.60488,19.14212 31.60488,20.33923 0,1.00317 -32.4162,21.56434 -37.11455,23.54128 -2.36176,0.99376 -10.56687,6.05757 -18.23358,11.25291 -31.33123,21.23158 -22.31421,19.88034 -131.14533,19.65269 -94.01565,-0.19666 -97.04235,-0.35043 -107.67497,-5.47008 z"
     id="path3453"
     inkscape:connector-curvature="0"
     transform="scale(0.8,0.8)" />
  <path
     style="fill:#b3b3b3;fill-opacity:1;stroke:#000000;stroke-width:2.431144;stroke-miterlimit:4;stroke-opacity:1;stroke-dasharray:none"
     d="m 698.54524,475.89645 c -2.74033,-3.00854 -7.58059,-9.43172 -10.75615,-14.27372 -19.42907,-29.625 -32.05981,-48.34005 -38.51985,-57.07516 -9.06367,-12.25566 -9.14632,-14.35311 -0.68211,-17.31091 3.6771,-1.28496 12.15572,-4.28843 18.84137,-6.67439 6.68564,-2.38595 25.28389,-9.01757 41.32944,-14.73693 52.95396,-18.87518 82.57267,-29.76553 88.92238,-32.69542 5.40501,-2.49397 9.44968,-1.69672 29.51013,5.81679 12.78566,4.78879 24.05248,8.70689 25.03739,8.70689 0.98491,0 7.94462,2.63045 15.46604,5.84544 7.52141,3.21499 21.8804,8.2838 31.90887,11.26402 10.02847,2.98023 23.70366,7.99053 30.38931,11.13402 6.68564,3.14348 18.4463,7.45142 26.13479,9.57321 7.6885,2.12178 13.97908,4.62072 13.97908,5.55319 0,0.93248 -4.10255,6.81103 -9.11679,13.06344 -9.24719,11.53064 -18.57029,25.5023 -30.03391,45.00908 -3.48165,5.92444 -10.3737,15.60895 -15.31565,21.52112 l -8.98539,10.74941 -101.56327,0 -101.56327,0 -4.98241,-5.47008 z"
     id="path3455"
     inkscape:connector-curvature="0"
     transform="scale(0.8,0.8)" />
</svg>
