<?xml version="1.0" standalone="no"?>
<!DOCTYPE svg PUBLIC "-//W3C//DTD SVG 20010904//EN"
 "http://www.w3.org/TR/2001/REC-SVG-20010904/DTD/svg10.dtd">
<svg version="1.0" xmlns="http://www.w3.org/2000/svg"
 width="900.000000pt" height="510.000000pt" viewBox="0 0 900.000000 510.000000"
 preserveAspectRatio="xMidYMid meet">
<metadata>
Created by potrace 1.10, written by Peter Selinger 2001-2011
</metadata>
<g transform="translate(0.000000,510.000000) scale(0.100000,-0.100000)"
fill="#000000" stroke="none">
<path d="M140 4940 c-3 -208 -3 -4860 0 -4860 869 -2 8754 1 8757 3 2 3 5
4373 3 4857 0 3 -1971 5 -4380 5 -2409 0 -4380 -2 -4380 -5z m8645 -2015 l0
-1905 -4264 0 c-2345 0 -4266 1 -4268 3 -5 5 -4 3797 1 3805 2 4 1923 6 4268
5 l4263 -3 0 -1905z m0 -2387 l0 -343 -4268 0 -4268 0 -1 337 c0 185 2 341 5
345 3 4 1924 7 4269 6 l4263 -3 0 -342z"/>
<path d="M990 4643 c-25 -3 -49 -8 -53 -13 -5 -4 -9 -57 -10 -116 l-1 -109 55
-8 c30 -4 64 -5 77 -2 31 8 29 35 -4 35 -38 0 -64 18 -64 44 0 29 16 43 55 48
41 4 38 22 -5 26 -19 2 -39 7 -44 12 -15 15 14 40 44 40 38 0 58 25 31 39 -11
6 -23 10 -28 9 -4 -1 -28 -3 -53 -5z"/>
<path d="M7063 4643 l-53 -4 0 -119 0 -118 64 -7 c67 -7 86 -3 86 20 0 9 -14
15 -42 17 -43 3 -43 3 -43 43 0 40 0 40 43 43 28 2 42 8 42 18 0 10 -13 14
-46 14 -41 0 -45 2 -42 23 2 18 11 23 43 27 32 4 40 9 40 25 0 22 -9 24 -92
18z"/>
<path d="M1292 4610 c-16 -21 -33 -30 -60 -32 -32 -3 -37 -7 -40 -30 -5 -39
-32 -37 -32 2 0 25 -4 30 -25 30 -41 0 -45 -28 -10 -77 15 -19 15 -23 -3 -40
-11 -10 -22 -27 -24 -38 -2 -16 3 -21 29 -23 28 -3 32 0 35 24 4 40 28 43 28
5 0 -28 3 -31 30 -31 25 0 30 4 30 24 0 13 -7 29 -15 36 -8 7 -15 20 -15 29 0
17 39 61 53 61 4 0 7 -24 7 -53 0 -42 5 -57 26 -80 15 -17 32 -26 41 -23 8 3
17 6 19 6 11 0 2 29 -11 34 -21 7 -20 94 0 116 14 15 14 18 0 30 -8 7 -15 23
-15 36 0 32 -20 29 -48 -6z"/>
<path d="M1730 4631 c0 -5 -12 -23 -26 -40 -24 -29 -25 -32 -9 -48 12 -11 16
-28 13 -57 -3 -34 0 -45 24 -68 31 -31 36 -32 58 -18 12 8 11 13 -8 33 -27 28
-29 82 -5 109 13 14 14 23 6 41 -6 12 -14 30 -17 40 -6 17 -36 24 -36 8z"/>
<path d="M7367 4610 c-19 -20 -37 -30 -56 -30 -24 0 -30 -5 -33 -25 -4 -32
-21 -34 -28 -3 -4 16 -14 24 -33 26 -37 5 -45 -22 -18 -58 26 -36 26 -46 0
-60 -13 -7 -19 -19 -17 -33 4 -32 60 -31 68 1 6 29 24 29 25 -1 0 -16 7 -23
27 -25 36 -4 49 33 19 54 -27 20 -27 49 1 68 34 24 38 20 38 -38 0 -47 4 -57
26 -75 19 -15 31 -18 44 -11 10 5 30 6 46 1 48 -13 54 -6 54 70 0 61 2 69 19
69 10 0 24 7 32 16 25 30 -24 39 -101 18 -13 -3 -15 -17 -13 -67 5 -77 -7 -99
-36 -73 -25 23 -28 81 -7 112 10 13 11 25 5 35 -5 8 -9 24 -9 37 0 31 -22 28
-53 -8z"/>
<path d="M7789 4599 c-29 -37 -31 -42 -16 -51 12 -6 17 -23 17 -60 0 -42 5
-55 26 -74 28 -27 33 -28 54 -14 12 7 12 12 -4 29 -24 27 -28 107 -6 121 12 8
13 13 3 30 -7 11 -13 29 -13 40 0 32 -26 23 -61 -21z"/>
<path d="M4105 4613 c-22 -3 -42 -8 -45 -13 -3 -4 -5 -57 -5 -116 l0 -109 50
-7 c28 -4 64 -5 80 -1 17 3 46 7 65 7 29 1 35 5 35 23 0 30 19 30 25 1 5 -18
13 -23 35 -23 26 0 30 3 27 25 -1 13 -9 28 -17 33 -22 12 -18 39 9 64 29 28
36 21 36 -36 1 -50 21 -84 58 -95 28 -9 44 22 19 36 -23 12 -24 106 -2 114 20
8 19 30 -1 38 -11 4 -14 13 -11 27 9 33 -20 34 -48 1 -19 -22 -36 -32 -63 -34
-28 -2 -37 -8 -42 -26 -6 -29 -25 -29 -25 1 0 30 -50 38 -59 9 -6 -17 -13 -19
-49 -15 -23 3 -46 9 -51 14 -16 14 3 39 29 39 15 0 36 5 47 11 21 11 21 12 3
25 -10 8 -28 13 -39 12 -12 -1 -39 -3 -61 -5z m136 -123 c27 -15 24 -37 -9
-70 -20 -20 -33 -26 -43 -19 -8 5 -21 6 -30 4 -23 -7 -41 19 -37 52 3 24 8 29
43 34 22 3 44 7 48 8 5 0 17 -4 28 -9z"/>
<path d="M4835 4570 c-26 -38 -27 -41 -11 -59 11 -12 16 -32 15 -59 -3 -48 21
-82 58 -82 26 0 32 27 8 36 -21 8 -20 92 1 115 11 12 13 22 5 36 -5 10 -12 26
-15 36 -9 28 -31 20 -61 -23z"/>
<path d="M1439 4583 l-36 -4 -6 -82 c-3 -45 -3 -85 -1 -89 3 -5 18 -8 35 -8
l29 0 0 70 c0 70 0 71 30 77 17 3 30 9 30 14 0 8 -35 31 -42 27 -2 -1 -19 -3
-39 -5z"/>
<path d="M1553 4557 c-20 -21 -20 -24 -5 -34 16 -10 16 -12 0 -30 -41 -45 0
-93 80 -93 l52 0 -6 73 c-4 42 -13 79 -22 90 -22 24 -72 22 -99 -6z m62 -16
c3 -5 1 -13 -5 -16 -15 -9 -43 3 -35 15 8 13 32 13 40 1z m13 -78 c-2 -10 -10
-18 -18 -18 -8 0 -16 8 -18 18 -2 12 3 17 18 17 15 0 20 -5 18 -17z"/>
<path d="M1842 4557 c-29 -31 -30 -102 -2 -135 28 -34 106 -36 138 -4 30 30
31 113 2 142 -30 30 -109 28 -138 -3z m93 -67 c0 -52 -1 -55 -25 -55 -23 0
-25 4 -28 49 -3 50 8 69 38 63 11 -2 15 -16 15 -57z"/>
<path d="M7628 4559 c-10 -10 -18 -23 -18 -29 0 -16 27 -11 34 6 3 9 15 14 28
12 30 -4 29 -22 -1 -26 -28 -4 -60 -39 -61 -64 0 -36 36 -58 95 -58 l55 0 0
66 c0 55 -4 70 -22 90 -29 30 -85 31 -110 3z m72 -100 c0 -38 -24 -35 -28 4
-2 19 1 27 12 27 11 0 16 -10 16 -31z"/>
<path d="M7922 4557 c-28 -30 -30 -102 -3 -134 34 -41 93 -42 140 -2 21 17 24
28 22 67 -3 65 -30 92 -91 92 -36 0 -52 -5 -68 -23z m86 -71 c-3 -43 -6 -51
-23 -51 -16 0 -21 8 -23 43 -3 47 11 74 34 65 11 -4 14 -19 12 -57z"/>
<path d="M4558 4553 l-38 -4 0 -90 0 -89 30 0 29 0 3 73 c3 70 4 72 31 75 29
4 37 26 11 36 -9 3 -19 5 -22 4 -4 -1 -24 -3 -44 -5z"/>
<path d="M4710 4552 c-8 -3 -22 -15 -32 -26 -16 -19 -16 -22 -1 -33 15 -12 15
-14 0 -31 -42 -46 2 -95 81 -90 l47 3 -4 70 c-2 39 -7 75 -13 82 -13 16 -60
31 -78 25z m35 -47 c0 -5 -10 -11 -22 -13 -16 -2 -23 2 -23 13 0 11 7 15 23
13 12 -2 22 -7 22 -13z m12 -79 c-4 -9 -11 -16 -17 -16 -17 0 -24 31 -9 41 18
11 34 -5 26 -25z"/>
<path d="M5010 4553 c-39 -8 -61 -38 -64 -91 -4 -58 21 -88 80 -97 34 -6 43
-3 70 22 26 24 30 35 30 74 -1 37 -6 50 -30 72 -29 27 -37 29 -86 20z m48 -91
c3 -56 -13 -77 -43 -52 -30 25 -11 114 23 108 13 -2 18 -16 20 -56z"/>
<path d="M529 4278 c-10 -19 -5 -23 36 -30 18 -3 20 -11 21 -89 1 -104 6 -121
36 -117 22 3 23 9 28 103 l5 100 28 3 c22 3 28 8 25 25 -3 20 -9 21 -86 22
-71 1 -85 -2 -93 -17z"/>
<path d="M1453 4284 c-7 -3 -22 -21 -34 -41 -21 -33 -21 -37 -6 -48 12 -8 17
-27 17 -56 0 -50 22 -89 50 -89 28 0 34 18 16 45 -18 28 -21 68 -6 95 13 24 2
100 -14 99 -6 0 -16 -3 -23 -5z"/>
<path d="M1837 4272 c-26 -28 -22 -52 8 -52 14 0 28 7 31 15 7 16 34 21 34 5
0 -5 -5 -21 -12 -35 -9 -19 -9 -28 0 -37 18 -18 15 -68 -3 -68 -9 0 -18 7 -21
15 -4 8 -17 15 -30 15 -34 0 -33 -42 2 -69 37 -29 61 -26 95 10 30 33 37 67
17 87 -9 9 -9 20 1 47 11 30 10 38 -6 60 -23 31 -91 35 -116 7z"/>
<path d="M2016 4265 c-11 -17 -16 -47 -16 -98 0 -64 3 -76 23 -95 30 -29 62
-28 92 3 22 21 25 33 25 95 0 91 -17 120 -70 120 -29 0 -41 -6 -54 -25z m72
-93 c2 -57 0 -72 -11 -72 -19 0 -27 22 -27 75 0 102 34 99 38 -3z"/>
<path d="M2196 4277 c-16 -12 -19 -28 -19 -102 0 -80 3 -90 23 -107 28 -23 52
-23 79 0 18 14 23 30 26 101 4 69 2 88 -12 103 -19 21 -71 24 -97 5z m64 -102
c0 -58 -2 -65 -20 -65 -18 0 -20 7 -20 65 0 58 2 65 20 65 18 0 20 -7 20 -65z"/>
<path d="M6615 4259 c-19 -21 -12 -39 15 -39 29 0 34 -18 31 -107 -3 -82 -2
-82 24 -89 41 -10 50 7 50 104 0 79 2 87 20 90 56 11 34 56 -24 50 -20 -3 -50
-1 -68 3 -25 5 -36 2 -48 -12z"/>
<path d="M3533 4254 c-7 -18 4 -31 32 -36 18 -3 21 -13 25 -98 5 -95 5 -95 33
-98 35 -4 39 7 41 110 1 79 2 82 26 88 16 4 25 13 25 25 0 18 -8 20 -88 22
-71 2 -89 0 -94 -13z"/>
<path d="M4441 4228 c-34 -45 -36 -54 -21 -63 6 -3 10 -24 10 -46 0 -46 33
-99 62 -99 26 0 35 30 15 45 -19 14 -23 85 -6 102 11 11 -4 88 -20 98 -5 3
-23 -14 -40 -37z"/>
<path d="M4867 4263 c-9 -2 -24 -18 -32 -34 -14 -27 -14 -30 0 -36 9 -3 28 0
41 8 21 11 27 11 33 0 14 -23 0 -50 -45 -88 -70 -57 -58 -88 39 -95 40 -3 61
-1 68 9 18 21 2 43 -31 43 -39 0 -38 10 5 53 43 43 47 86 10 122 -23 24 -47
29 -88 18z"/>
<path d="M5070 4228 c-22 -24 -40 -51 -40 -60 0 -9 -7 -21 -16 -26 -9 -5 -14
-18 -12 -33 3 -21 8 -24 41 -23 34 1 38 -2 45 -30 9 -32 36 -46 55 -27 15 15
10 223 -6 233 -20 13 -26 10 -67 -34z m20 -74 c0 -24 -5 -34 -15 -34 -22 0
-28 22 -15 54 13 35 30 24 30 -20z"/>
<path d="M5205 4244 c-17 -19 -25 -38 -25 -64 0 -21 -3 -50 -6 -66 -4 -23 1
-36 25 -62 25 -27 35 -31 58 -26 45 10 66 47 68 118 1 67 -18 116 -46 116 -10
0 -24 3 -33 6 -9 4 -25 -5 -41 -22z m63 -102 c2 -57 0 -72 -11 -72 -19 0 -27
22 -27 75 0 102 34 99 38 -3z"/>
<path d="M7922 4254 c-28 -20 -30 -64 -3 -64 11 0 23 5 26 10 3 6 15 10 26 10
34 0 21 -35 -31 -88 -75 -75 -64 -105 37 -100 45 2 59 7 61 20 2 12 -5 19 -25
24 -44 11 -46 14 -17 42 15 15 32 40 39 56 30 71 -50 135 -113 90z"/>
<path d="M8122 4263 c-34 -7 -56 -58 -53 -127 3 -70 21 -102 63 -111 23 -5 35
-2 54 16 22 20 24 31 24 105 0 77 -2 84 -26 103 -15 12 -29 20 -33 20 -3 -1
-16 -4 -29 -6z m33 -119 c0 -55 -3 -69 -15 -69 -11 0 -16 15 -18 59 -3 66 2
90 21 83 8 -2 12 -26 12 -73z"/>
<path d="M8294 4263 c-12 -2 -27 -16 -35 -31 -15 -31 -20 -139 -7 -164 27 -54
74 -63 113 -21 50 55 25 226 -33 222 -9 -1 -27 -4 -38 -6z m34 -120 c-2 -44
-7 -78 -13 -78 -6 0 -11 34 -13 78 -2 65 0 77 13 77 13 0 15 -12 13 -77z"/>
<path d="M7500 4225 c-19 -30 -20 -40 -11 -63 6 -15 10 -39 9 -53 -3 -32 37
-89 63 -89 23 0 26 32 4 50 -20 16 -19 69 1 91 15 17 15 22 1 56 -19 50 -40
52 -67 8z"/>
<path d="M761 4221 c-18 -13 -25 -31 -28 -67 -7 -67 21 -104 77 -104 21 0 46
3 55 6 21 8 45 56 45 89 0 33 -24 81 -45 89 -31 12 -80 6 -104 -13z m89 -75
c0 -32 -5 -46 -17 -50 -30 -12 -41 17 -34 87 1 4 12 7 26 7 23 0 25 -4 25 -44z"/>
<path d="M950 4230 c-8 -5 -13 -36 -13 -85 -1 -63 2 -80 15 -88 12 -8 21 -7
32 2 12 11 15 25 10 66 -6 46 -4 54 14 64 30 16 46 -9 40 -63 -6 -50 5 -76 32
-76 23 0 32 25 29 85 -2 32 2 49 12 56 26 16 34 3 39 -67 5 -66 6 -69 30 -69
24 0 25 3 28 71 4 101 -7 109 -148 110 -59 1 -113 -2 -120 -6z"/>
<path d="M1275 4216 c-10 -15 -15 -35 -12 -47 3 -12 1 -29 -5 -39 -9 -14 -6
-24 11 -49 19 -26 29 -31 65 -31 24 0 49 6 55 13 6 8 10 37 10 66 -2 62 -27
98 -76 107 -26 5 -34 2 -48 -20z m57 -65 c10 -38 4 -66 -13 -55 -6 3 -9 19 -5
35 4 22 1 29 -15 34 -22 7 -15 28 9 23 9 -2 20 -18 24 -37z"/>
<path d="M1565 4215 c-33 -32 -36 -114 -4 -143 54 -51 158 -22 145 41 -3 17
-1 36 5 44 9 10 9 19 -1 37 -26 50 -105 61 -145 21z m96 -90 c1 -17 -35 -35
-50 -26 -23 14 -5 43 24 39 14 -2 26 -7 26 -13z"/>
<path d="M2388 4233 c-40 -10 -66 -104 -39 -137 11 -12 11 -19 2 -30 -9 -11
-10 -20 -1 -35 25 -47 102 -56 139 -17 20 22 24 37 26 113 2 49 -2 94 -7 101
-10 11 -83 15 -120 5z m60 -86 c2 -36 -1 -49 -13 -53 -40 -16 -65 73 -27 95
28 17 37 7 40 -42z m-8 -93 c0 -12 -6 -15 -22 -10 -13 3 -27 6 -33 6 -5 0 -3
5 5 10 23 15 50 12 50 -6z"/>
<path d="M3803 4213 c-58 -11 -83 -107 -42 -164 18 -25 27 -29 68 -29 41 0 50
4 69 30 58 78 -2 180 -95 163z m55 -92 c4 -48 -10 -66 -40 -50 -21 11 -25 68
-6 87 24 24 43 9 46 -37z"/>
<path d="M3957 4203 c-4 -3 -7 -44 -7 -90 0 -89 12 -110 46 -82 13 10 15 25
10 65 -6 56 7 80 38 68 12 -5 16 -20 16 -69 0 -67 8 -80 40 -70 17 5 20 15 20
70 0 43 4 64 13 68 28 11 41 -10 38 -66 -2 -58 14 -85 45 -73 13 5 16 19 12
81 -5 100 -11 104 -154 105 -61 0 -114 -3 -117 -7z"/>
<path d="M4290 4195 c-18 -21 -6 -45 19 -38 15 4 21 1 21 -11 0 -12 -6 -15
-25 -10 -17 4 -25 2 -25 -7 0 -7 -6 -20 -14 -28 -12 -14 -12 -19 7 -43 17 -20
32 -27 62 -28 67 -3 65 -6 65 68 0 59 -3 72 -23 90 -27 25 -69 29 -87 7z m53
-100 c8 -18 -11 -31 -25 -17 -11 11 -3 32 12 32 4 0 10 -7 13 -15z"/>
<path d="M4572 4187 c-32 -34 -31 -115 1 -145 53 -50 156 -15 143 49 -3 15 -1
31 4 34 16 10 11 31 -15 59 -33 35 -101 37 -133 3z m68 -52 c0 -7 7 -18 17
-23 23 -14 9 -42 -22 -42 -27 0 -28 2 -19 49 7 31 24 44 24 16z"/>
<path d="M5380 4190 c-17 -17 -20 -32 -19 -108 1 -48 6 -93 12 -99 5 -8 32
-13 63 -13 80 0 94 20 94 130 0 54 -5 91 -12 98 -7 7 -36 12 -65 12 -40 0 -58
-5 -73 -20z m81 -39 c12 -67 -1 -98 -35 -85 -20 8 -23 90 -3 97 14 5 36 -2 38
-12z m-11 -121 c0 -6 -7 -13 -15 -16 -20 -8 -48 3 -40 16 8 13 55 13 55 0z"/>
<path d="M6826 4179 c-30 -36 -34 -78 -9 -119 18 -30 39 -40 90 -40 45 0 73
38 73 100 0 61 -28 90 -87 90 -34 0 -46 -6 -67 -31z m92 -62 c3 -45 2 -47 -22
-47 -24 0 -26 3 -26 44 0 42 11 58 35 52 6 -1 11 -24 13 -49z"/>
<path d="M7014 4197 c-3 -8 -4 -49 -2 -93 3 -77 4 -79 28 -79 24 0 25 3 30 70
5 67 6 70 30 70 24 0 25 -3 26 -63 2 -70 14 -93 42 -76 12 8 18 29 22 75 5 62
7 65 40 61 6 -1 10 -28 10 -61 0 -62 14 -86 43 -75 23 9 28 32 18 92 -13 86
-24 92 -163 92 -90 0 -120 -3 -124 -13z"/>
<path d="M7360 4195 c-7 -9 -14 -30 -15 -48 -1 -18 -5 -41 -9 -53 -11 -31 21
-64 66 -67 57 -5 63 3 63 81 0 66 -2 70 -28 86 -36 20 -61 20 -77 1z m60 -105
c0 -5 -9 -10 -20 -10 -11 0 -20 5 -20 10 0 6 9 10 20 10 11 0 20 -4 20 -10z"/>
<path d="M7631 4181 c-28 -38 -27 -94 1 -131 19 -26 28 -30 68 -30 61 0 82 23
87 92 4 71 -21 98 -88 98 -41 0 -50 -4 -68 -29z m79 -41 c0 -11 7 -23 15 -26
21 -8 19 -31 -4 -44 -29 -15 -54 -2 -46 24 3 11 8 30 9 41 4 25 4 25 16 25 6
0 10 -9 10 -20z"/>
<path d="M8441 4184 c-23 -29 -29 -102 -10 -121 8 -8 8 -13 0 -17 -17 -11 -13
-41 9 -61 29 -26 107 -22 137 7 20 19 23 31 23 108 0 53 -5 91 -12 98 -7 7
-38 12 -69 12 -50 0 -60 -3 -78 -26z m76 -22 c17 -10 20 -79 5 -94 -31 -31
-66 37 -42 82 12 22 18 24 37 12z m3 -132 c0 -12 -45 -24 -60 -15 -5 3 -8 11
-5 16 8 12 65 12 65 -1z"/>
<path d="M1122 3764 c-174 -19 -213 -45 -277 -181 -12 -26 -13 -37 -3 -58 9
-20 9 -34 0 -59 -7 -18 -12 -47 -12 -64 0 -42 27 -109 48 -118 14 -6 13 -8 -8
-13 -21 -6 -25 -14 -28 -50 -3 -36 0 -43 17 -48 25 -6 27 -28 6 -41 -13 -6
-14 -14 -6 -35 7 -18 7 -28 0 -33 -6 -3 -9 -37 -7 -77 1 -40 -4 -137 -11 -217
-16 -157 -12 -200 18 -200 31 0 46 26 31 55 -7 13 -10 30 -7 38 3 9 -1 18 -9
21 -36 14 3 76 48 76 10 0 27 5 37 12 15 9 24 8 44 -5 21 -13 27 -14 36 -3 8
9 44 15 104 18 74 4 96 2 110 -10 27 -24 140 -29 173 -8 27 19 65 18 71 0 2
-7 -11 -28 -30 -48 -26 -27 -43 -36 -66 -36 -23 0 -42 -9 -63 -30 -33 -34 -32
-48 3 -30 17 10 30 10 58 0 61 -20 81 -11 102 45 10 28 19 58 19 67 0 29 34
39 107 32 96 -8 102 -2 96 104 l-6 84 -31 -8 c-17 -4 -52 -8 -77 -8 -29 -1
-52 -7 -63 -18 -19 -20 -28 -20 -211 -9 -91 6 -135 5 -148 -3 -15 -9 -22 -6
-43 17 -30 35 -32 67 -4 67 11 0 40 -5 65 -12 36 -10 50 -10 65 0 11 7 33 12
50 12 16 0 30 4 30 9 0 12 -106 19 -173 11 -58 -6 -133 18 -144 46 -6 17 -44
9 -56 -12 -9 -17 -43 -18 -52 -3 -4 6 -17 15 -29 20 -16 7 -12 8 19 4 l41 -5
13 61 c10 42 11 63 3 71 -6 6 -8 38 -5 82 l5 71 -31 12 c-17 6 -31 18 -31 26
0 16 27 30 41 21 17 -10 49 7 49 28 0 19 4 19 78 14 184 -15 203 -18 199 -29
-3 -8 -36 -11 -105 -10 -91 1 -102 -1 -107 -18 -11 -34 4 -39 122 -39 100 0
120 3 149 21 19 11 34 24 34 29 0 4 15 11 33 14 17 3 54 17 81 31 27 14 64 25
82 25 35 0 64 8 64 19 0 3 -100 6 -222 6 -197 1 -234 3 -316 23 -128 31 -182
57 -182 86 0 10 44 30 98 43 12 3 43 25 68 49 44 44 67 53 79 34 10 -16 101
-12 115 5 14 17 6 46 -12 44 -7 -1 -69 -8 -136 -15z m-3 -880 c28 -14 51 -30
51 -36 0 -7 5 -6 15 2 15 12 189 16 219 4 26 -10 13 -28 -25 -36 -52 -12 -292
14 -316 34 -15 12 -18 58 -4 58 5 0 32 -11 60 -26z m-169 -40 c0 -31 -3 -35
-21 -32 -12 2 -27 11 -33 21 -9 15 -7 21 8 33 33 24 46 17 46 -22z"/>
<path d="M1335 3772 c-12 -12 -3 -33 21 -49 17 -11 59 -19 118 -24 146 -12
206 -25 283 -61 82 -38 83 -48 11 -82 -23 -12 -43 -28 -43 -36 0 -26 41 -22
93 9 56 35 62 37 62 16 0 -8 5 -15 11 -15 17 0 0 83 -21 101 -9 8 -25 29 -33
46 -18 34 -83 67 -164 82 -54 11 -329 21 -338 13z"/>
<path d="M3835 3752 c-2 -7 0 -32 5 -55 5 -23 17 -114 26 -202 9 -88 20 -187
24 -220 5 -33 13 -105 18 -160 6 -55 16 -114 22 -130 6 -17 14 -88 17 -160 4
-87 11 -143 22 -170 12 -29 16 -69 15 -145 0 -67 4 -117 13 -137 15 -38 17
-134 3 -217 -11 -71 -6 -81 52 -90 44 -7 78 -30 78 -52 0 -7 12 -26 26 -43 26
-31 26 -31 125 -31 96 0 102 1 192 43 51 24 106 47 121 51 34 8 29 30 -7 34
-15 2 -27 8 -27 13 0 6 9 8 19 4 11 -3 23 0 27 7 4 7 8 82 9 168 1 85 6 173
13 195 6 22 14 117 16 210 3 118 9 182 20 210 8 22 15 54 16 70 0 17 7 59 16
95 20 83 44 475 32 512 -7 19 -5 33 5 50 21 34 42 137 31 148 -6 6 -195 11
-467 12 -366 3 -458 0 -462 -10z m690 -106 c0 -33 -16 -43 -36 -23 -8 7 -23
18 -34 24 -19 11 -19 12 5 22 43 17 65 10 65 -23z m-191 -21 c43 -47 97 -68
140 -56 38 10 53 4 69 -29 7 -13 19 -26 27 -30 8 -4 26 -12 38 -19 29 -15 37
-8 37 31 0 33 19 49 28 25 3 -7 1 -67 -4 -133 -5 -65 -10 -134 -12 -153 -1
-19 -8 -36 -14 -38 -10 -4 -12 21 -8 106 2 63 0 111 -5 111 -5 0 -22 -16 -37
-35 -33 -41 -55 -44 -88 -11 -13 14 -34 27 -46 31 -18 6 -20 4 -14 -14 9 -29
-18 -38 -69 -22 -23 7 -59 12 -82 12 -39 -2 -72 19 -73 44 0 14 -41 19 -41 6
0 -6 5 -11 11 -11 8 0 9 -15 5 -45 l-7 -45 101 0 c102 0 154 -14 173 -46 4 -8
15 -14 24 -14 12 0 14 6 8 28 -6 25 -5 26 11 10 15 -15 15 -19 3 -34 -11 -14
-11 -18 -1 -22 16 -5 41 -53 35 -69 -9 -25 -45 -13 -88 29 -46 45 -123 77
-187 78 -50 0 -69 -27 -61 -87 5 -35 3 -43 -10 -43 -18 0 -49 39 -41 52 3 4
-2 11 -11 14 -10 4 -27 -3 -44 -20 -48 -46 -94 -27 -66 27 7 15 11 35 8 45 -6
24 15 40 23 18 8 -22 41 -20 53 2 5 10 6 33 2 52 -8 39 -35 52 -55 25 -7 -10
-22 -16 -37 -13 -19 2 -25 10 -27 35 -2 17 -10 37 -18 43 -8 7 -14 25 -14 41
0 40 41 59 128 59 75 0 85 6 116 68 14 27 22 32 52 32 29 0 43 -7 68 -35z
m-286 -2 c-2 -11 -14 -19 -31 -21 -22 -3 -27 1 -27 17 0 17 6 21 31 21 24 0
30 -4 27 -17z m41 -468 c86 -5 111 -15 112 -44 0 -12 4 -11 16 7 9 13 26 22
40 22 17 0 27 -7 31 -22 6 -23 6 -23 12 2 6 24 9 25 84 25 54 1 83 -4 92 -13
34 -33 -4 -120 -46 -107 -11 3 -26 18 -34 33 l-14 27 -13 -28 c-13 -29 -24
-34 -34 -17 -5 7 -11 8 -18 1 -7 -5 -41 -7 -77 -5 -36 3 -98 6 -137 8 -87 4
-147 36 -156 83 -7 37 0 46 32 39 14 -4 64 -9 110 -11z m575 -43 c-3 -48 -11
-62 -37 -62 -14 0 -30 -7 -37 -15 -32 -38 -70 -6 -70 60 0 42 14 50 92 50 l53
0 -1 -33z m-564 -125 c25 -7 51 -16 58 -20 7 -5 37 -5 66 -2 49 6 55 5 65 -14
15 -27 38 -27 46 -1 8 26 39 25 65 -2 20 -22 20 -22 20 -1 0 30 24 47 48 34
11 -6 36 -8 56 -4 l36 6 0 -43 c0 -33 4 -43 19 -47 17 -4 18 -9 9 -32 -6 -14
-10 -51 -9 -82 1 -30 -2 -66 -8 -80 -5 -16 -5 -31 0 -42 11 -19 -6 -174 -23
-212 -6 -14 -17 -25 -24 -25 -6 0 -27 -14 -45 -31 -50 -47 -59 -49 -109 -25
-31 15 -46 28 -48 44 -5 35 12 48 79 63 48 11 63 19 70 37 19 50 2 67 -41 40
-14 -9 -22 -10 -31 -1 -14 14 5 53 26 53 23 0 28 20 10 40 -24 27 -53 14 -61
-26 -8 -41 -25 -43 -54 -7 -17 23 -23 25 -31 13 -17 -27 -22 -61 -10 -73 15
-15 14 -59 -2 -81 -7 -10 -29 -21 -47 -25 -50 -10 -51 -40 -3 -79 21 -17 52
-45 68 -61 17 -16 40 -32 53 -36 20 -6 22 -11 16 -42 -5 -26 -4 -34 5 -29 6 4
11 15 11 23 0 23 41 82 63 89 9 3 17 14 17 24 0 13 9 19 35 22 31 4 36 1 42
-21 4 -15 0 -36 -11 -54 -16 -28 -16 -32 1 -75 l17 -45 -32 -26 c-18 -14 -32
-32 -32 -38 0 -7 -10 -13 -22 -13 -15 0 -29 -11 -40 -30 -10 -18 -25 -30 -38
-30 -29 0 -25 16 14 53 39 37 56 77 32 77 -9 0 -23 -14 -32 -31 -15 -29 -18
-31 -59 -25 -34 6 -44 4 -49 -9 -3 -9 -4 -21 -1 -25 7 -12 -33 -33 -50 -27 -9
4 -11 19 -8 51 4 28 2 46 -4 46 -18 0 -32 -25 -27 -47 3 -11 1 -24 -5 -27 -16
-10 -51 17 -57 44 -3 14 -10 37 -16 52 -7 18 -6 33 2 48 10 19 8 26 -13 49
-26 28 -38 81 -41 184 -1 37 2 61 10 65 7 4 14 30 15 57 3 47 2 50 -21 50 -25
0 -25 1 -32 115 -3 63 -5 116 -4 117 1 1 21 -7 45 -18 24 -10 53 -19 65 -19
27 0 70 -55 61 -77 -7 -21 11 -33 50 -33 36 0 48 7 64 38 16 30 31 28 63 -8
l27 -31 39 38 c22 21 41 47 43 58 3 12 14 21 27 23 27 4 28 18 2 34 -11 7 -25
30 -31 51 -10 38 -29 42 -29 7 0 -22 -38 -52 -54 -43 -6 4 -76 8 -156 9 -80 1
-154 5 -165 9 -11 4 -25 8 -31 10 -13 4 -37 92 -29 106 8 12 19 11 75 -4z"/>
<path d="M4245 2230 c-3 -5 -22 -10 -41 -10 -21 0 -34 -5 -34 -12 1 -23 47
-71 62 -65 19 7 51 74 43 87 -8 13 -22 13 -30 0z"/>
<path d="M7160 3731 c0 -35 13 -47 30 -26 14 17 4 55 -16 55 -9 0 -14 -11 -14
-29z"/>
<path d="M7792 3738 c-33 -9 -35 -28 -3 -28 36 0 46 -26 26 -70 -15 -32 -16
-45 -7 -65 7 -14 20 -25 31 -25 16 0 21 9 26 53 15 121 -3 154 -73 135z"/>
<path d="M7301 3683 c-19 -16 -21 -22 -12 -46 18 -45 13 -62 -19 -74 -21 -8
-30 -18 -30 -33 0 -30 18 -60 36 -60 12 0 15 -11 12 -57 -1 -32 1 -64 5 -70 9
-15 43 -17 51 -4 4 5 35 26 70 45 l65 36 66 -21 c48 -16 75 -32 100 -60 19
-22 42 -39 51 -39 14 0 15 9 9 69 l-7 70 30 15 c36 18 48 47 32 76 -20 37 -72
15 -82 -35 -4 -26 -72 -38 -109 -19 -31 15 -133 8 -165 -12 -17 -12 -26 -11
-60 2 -37 14 -40 18 -36 47 6 44 39 77 75 77 17 0 39 7 48 16 17 16 20 15 46
-15 15 -17 31 -31 35 -31 16 0 8 21 -17 46 -25 25 -26 44 -1 44 7 0 30 -13 51
-30 21 -17 50 -30 65 -30 15 0 33 -7 40 -15 21 -26 48 -18 54 15 3 17 9 43 12
59 4 23 1 32 -14 40 -11 6 -21 8 -24 6 -7 -8 -259 -8 -308 0 -37 5 -50 3 -69
-12z"/>
<path d="M1243 3613 c-7 -2 -13 -9 -13 -15 0 -14 43 -6 48 10 4 12 -12 15 -35
5z"/>
<path d="M1843 3502 c-13 -22 -104 -68 -153 -77 -19 -3 -61 -10 -94 -15 -40
-6 -67 -17 -85 -34 -14 -13 -37 -26 -51 -28 -24 -3 -25 -7 -28 -78 -3 -69 -6
-78 -35 -108 -27 -28 -32 -40 -30 -77 1 -25 4 -49 8 -55 10 -16 41 5 54 38 7
16 24 35 37 41 19 8 24 16 19 30 -8 25 9 35 43 26 27 -7 27 -7 7 -23 -18 -14
-19 -21 -9 -40 9 -18 9 -31 1 -53 -17 -43 2 -56 36 -25 15 14 34 29 43 34 14
8 12 10 -10 16 -34 8 -34 34 0 42 l27 7 -24 18 c-22 17 -23 19 -7 35 9 9 36
20 60 25 42 8 158 2 158 -9 0 -3 -8 -14 -17 -25 -26 -28 -32 -174 -9 -183 12
-5 14 -10 6 -19 -11 -14 1 -58 19 -69 7 -4 7 -14 2 -24 -15 -29 -31 -110 -31
-153 0 -22 -4 -48 -9 -57 -15 -28 0 -81 30 -112 18 -18 25 -31 19 -35 -6 -4
-10 -17 -8 -29 1 -12 -5 -34 -15 -49 -9 -14 -17 -42 -17 -61 0 -50 -44 -86
-104 -86 -31 0 -47 -19 -35 -42 16 -29 47 -21 89 24 l38 42 17 -36 c16 -32 16
-40 2 -103 l-16 -67 36 5 c43 7 94 53 118 108 l18 39 -28 40 c-15 22 -32 40
-38 40 -6 0 -6 4 0 13 16 19 22 221 9 307 -2 19 -8 56 -11 81 -4 26 -2 70 4
99 10 45 9 56 -4 70 -19 21 -19 39 0 46 22 9 18 31 -7 38 l-23 6 23 15 c18 13
22 26 23 73 0 31 4 79 8 106 5 28 4 65 -2 87 -8 32 -6 48 12 90 l22 51 -24 46
c-27 52 -46 62 -64 34z m-55 -174 c3 -22 -3 -32 -29 -47 -73 -44 -185 -45
-177 -2 5 26 117 79 163 77 36 -1 40 -4 43 -28z m82 -28 c21 -11 17 -40 -6
-40 -7 0 -17 -7 -22 -15 -12 -22 -44 -9 -32 13 5 10 11 25 14 35 6 19 19 21
46 7z"/>
<path d="M7806 3312 c-2 -4 -7 -24 -11 -45 -9 -45 3 -138 15 -117 15 28 30
121 24 146 -6 24 -18 31 -28 16z"/>
<path d="M7242 3258 c-20 -20 -14 -38 16 -49 15 -7 36 -15 47 -19 47 -19 123
-21 159 -3 33 15 37 15 54 0 21 -19 67 -23 77 -7 12 19 -24 60 -51 60 -14 0
-34 5 -45 11 -16 8 -25 7 -38 -5 -19 -18 -47 -21 -55 -7 -3 5 -32 11 -63 13
-32 3 -65 8 -73 12 -9 3 -21 1 -28 -6z"/>
<path d="M7647 3253 c-4 -3 -7 -24 -7 -45 0 -44 14 -49 61 -21 31 18 37 41 17
61 -13 13 -60 16 -71 5z"/>
<path d="M1070 3148 c-21 -22 -27 -48 -11 -48 5 0 14 6 20 14 8 10 44 15 124
18 62 2 118 7 125 11 29 19 -6 27 -118 27 -110 0 -121 -2 -140 -22z"/>
<path d="M7256 3122 c-3 -5 2 -19 11 -31 11 -17 22 -21 39 -17 16 4 26 1 32
-11 8 -13 27 -18 78 -21 38 -1 74 -8 81 -14 8 -6 31 -8 58 -4 38 6 45 11 45
29 -1 25 -22 57 -38 57 -7 0 -14 -11 -18 -25 -8 -32 -19 -32 -40 0 -14 22 -24
25 -68 25 -70 -1 -113 4 -122 13 -10 10 -52 9 -58 -1z"/>
<path d="M7616 3113 c-8 -19 14 -40 51 -50 62 -15 75 37 14 55 -51 16 -58 15
-65 -5z"/>
<path d="M1220 3101 c-24 -4 -31 -9 -22 -14 16 -11 94 2 86 14 -6 10 -10 10
-64 0z"/>
<path d="M7784 3072 c-31 -20 -55 -95 -59 -180 -4 -114 -15 -192 -30 -217 -19
-31 -29 -162 -13 -168 10 -3 9 -9 -4 -24 -22 -24 -23 -62 -3 -69 11 -5 15 -22
15 -68 0 -65 -11 -86 -44 -86 -11 0 -27 -7 -37 -16 -22 -19 -39 -11 -39 20 0
12 -11 32 -25 44 -14 13 -25 33 -25 47 0 19 -5 25 -23 25 -17 0 -30 -11 -46
-40 -12 -22 -25 -40 -29 -40 -4 0 -18 19 -31 43 -22 41 -23 44 -6 82 10 25 14
52 10 73 -6 33 -32 72 -48 72 -18 0 -66 41 -61 53 2 7 23 13 45 13 47 2 72 19
41 28 -10 4 -32 2 -47 -4 -38 -15 -47 -3 -43 61 3 49 5 54 28 57 14 2 35 16
46 30 19 24 24 25 48 14 15 -7 44 -12 66 -12 54 0 74 -22 67 -77 l-5 -44 47 7
c64 9 74 20 68 69 -4 22 1 66 9 99 8 32 13 60 10 63 -2 3 -20 0 -38 -5 -60
-19 -160 -23 -213 -9 -37 10 -55 21 -70 45 -11 17 -25 31 -31 32 -6 0 -22 9
-34 20 -31 27 -56 22 -52 -10 3 -22 3 -117 0 -272 -1 -90 9 -202 21 -232 11
-28 13 -28 29 -12 9 9 17 24 17 34 0 11 10 18 29 20 l29 4 -7 -48 c-9 -70 -32
-90 -66 -59 -25 22 -36 3 -44 -75 -7 -81 6 -110 54 -123 19 -5 46 -17 60 -27
37 -26 145 -70 173 -70 14 0 36 9 50 20 14 11 29 20 35 20 5 0 21 9 35 20 20
16 34 19 65 14 28 -4 42 -2 48 7 5 8 9 106 10 219 0 215 10 341 38 477 13 63
14 87 6 103 -6 11 -8 30 -5 40 7 21 -2 25 -21 12z m-427 -188 c8 -21 -19 -46
-40 -38 -17 6 -23 35 -10 47 12 13 44 7 50 -9z"/>
<path d="M1027 2733 c-3 -4 -8 -23 -12 -40 -5 -28 -2 -37 21 -58 27 -25 27
-27 12 -52 -14 -23 -14 -30 -1 -62 24 -57 41 -71 90 -71 44 0 46 -2 57 -52 9
-39 55 -80 136 -120 14 -6 33 -18 43 -27 9 -8 20 -11 24 -7 9 9 -27 39 -78 66
-26 14 -42 33 -58 69 -12 28 -26 51 -31 51 -6 0 -10 7 -10 15 0 18 -31 35 -63
35 -16 0 -28 8 -35 25 -26 57 -7 94 42 79 30 -9 108 -83 126 -118 21 -41 36
-43 54 -7 22 42 20 51 -13 62 -33 12 -45 32 -35 61 4 15 1 19 -12 16 -12 -2
-23 7 -32 25 -10 21 -18 27 -30 21 -42 -17 -61 -15 -88 9 -75 66 -103 87 -107
80z"/>
<path d="M7432 2673 c4 -21 27 -27 48 -13 13 9 13 11 0 20 -25 16 -52 12 -48
-7z"/>
<path d="M1552 2628 c-22 -22 -13 -38 21 -38 18 0 38 -5 44 -11 6 -6 28 -9 49
-7 44 3 56 25 29 52 -20 19 -125 22 -143 4z"/>
<path d="M7515 2610 c-3 -5 -25 -10 -48 -10 -23 0 -49 -4 -56 -9 -12 -8 -10
-12 12 -22 30 -14 35 -41 15 -85 -11 -23 -10 -28 7 -40 11 -8 26 -12 35 -8 8
3 26 7 40 8 20 1 26 8 33 43 5 26 18 50 33 62 33 26 30 47 -7 60 -40 14 -56
14 -64 1z"/>
<path d="M1446 2515 c-16 -12 -17 -15 -4 -20 9 -4 23 -26 33 -51 16 -41 16
-47 1 -69 -10 -15 -26 -25 -41 -25 -25 0 -55 33 -55 61 0 12 -7 15 -25 11 -21
-4 -24 -8 -19 -31 9 -37 11 -39 52 -60 33 -17 41 -18 70 -6 17 8 32 18 32 24
0 5 9 13 20 16 28 9 70 74 70 107 0 35 -24 37 -58 6 -23 -23 -24 -23 -35 -3
-7 11 -14 28 -17 37 -4 14 -7 15 -24 3z"/>
<path d="M854 2507 c-9 -25 3 -141 20 -179 9 -21 16 -50 16 -65 l0 -28 -19 24
c-13 17 -23 22 -39 16 -39 -12 -22 -73 36 -128 30 -29 145 -77 183 -77 11 0
30 -7 42 -14 31 -21 281 -30 421 -17 90 9 116 15 146 36 20 14 50 25 68 25 18
0 32 2 32 4 0 1 -5 17 -11 34 -13 37 -66 56 -81 28 -19 -34 -110 -62 -151 -47
-13 5 -34 21 -47 35 -30 31 -51 33 -68 5 -14 -21 -14 -21 -43 10 -35 38 -63
38 -67 -2 -4 -33 -16 -34 -59 -4 -35 24 -40 36 -21 55 19 19 -4 37 -31 23 -50
-27 -48 -72 4 -85 18 -5 25 -13 25 -30 0 -35 -27 -40 -46 -10 -10 14 -32 31
-50 39 -25 10 -34 20 -34 38 0 37 20 87 36 87 15 0 19 12 7 23 -3 4 -12 2 -19
-4 -9 -7 -22 -6 -44 6 -26 13 -31 21 -26 40 11 42 -1 53 -49 47 -24 -2 -54 -2
-67 1 -21 6 -24 12 -23 64 0 47 -3 58 -18 61 -9 2 -20 -3 -23 -11z m180 -239
c11 -42 6 -67 -15 -78 -38 -21 -59 17 -43 78 4 14 14 22 29 22 15 0 25 -8 29
-22z m303 -144 c8 -21 -13 -42 -28 -27 -13 13 -5 43 11 43 6 0 13 -7 17 -16z"/>
<path d="M1370 2465 c0 -8 5 -15 10 -15 6 0 10 7 10 15 0 8 -4 15 -10 15 -5 0
-10 -7 -10 -15z"/>
<path d="M1622 2458 c-19 -19 -14 -37 14 -44 31 -8 58 14 48 39 -7 20 -44 23
-62 5z"/>
<path d="M1523 2295 c-38 -38 -36 -55 6 -55 34 0 61 28 61 63 0 38 -24 35 -67
-8z"/>
<path d="M4312 1588 c-7 -7 -12 -25 -12 -41 0 -36 -26 -133 -45 -169 -8 -14
-15 -36 -15 -48 0 -19 5 -21 48 -18 l47 3 1 58 c1 41 6 63 18 75 16 16 18 16
32 -2 20 -28 17 -69 -7 -100 -17 -22 -18 -27 -6 -32 22 -8 76 23 89 52 9 19 9
33 -1 60 -12 32 -11 38 8 58 26 28 27 68 1 91 -28 26 -53 13 -45 -24 7 -34 -9
-71 -31 -71 -22 0 -28 25 -15 62 10 28 9 35 -6 45 -21 16 -45 17 -61 1z"/>
<path d="M7450 1589 c-59 -24 -111 -103 -112 -171 0 -35 5 -46 38 -77 29 -27
46 -36 73 -35 42 0 101 38 101 66 0 24 -15 23 -51 -3 -28 -20 -31 -20 -55 -4
-14 9 -28 23 -31 31 -15 39 48 154 84 154 8 0 26 -14 40 -30 20 -24 28 -28 39
-19 20 16 18 85 -2 93 -24 9 -96 6 -124 -5z"/>
<path d="M1333 1567 c-18 -20 -43 -77 -43 -99 0 -5 8 -8 18 -6 15 3 17 -7 20
-74 l3 -78 46 0 c44 0 45 1 39 28 -29 135 -36 171 -36 198 0 45 -21 60 -47 31z"/>
<path d="M1249 1428 c-6 -13 -25 -37 -41 -54 -38 -40 -35 -69 7 -69 24 0 31 5
33 25 2 14 13 35 24 47 21 22 22 64 1 70 -6 2 -17 -6 -24 -19z"/>
<path d="M7355 732 c-30 -20 -55 -73 -55 -114 0 -36 6 -50 30 -73 39 -37 38
-60 -1 -74 l-30 -10 26 -36 c15 -19 35 -35 44 -35 10 0 32 16 49 36 25 28 32
45 32 78 0 36 -6 48 -34 74 -45 40 -40 72 10 72 19 0 34 2 34 5 0 10 -75 85
-85 85 -5 0 -15 -4 -20 -8z m15 -87 c0 -8 -4 -15 -9 -15 -13 0 -22 16 -14 24
11 11 23 6 23 -9z"/>
<path d="M7078 713 l-37 -4 -3 -132 c-4 -164 -3 -167 33 -167 29 0 29 1 29 60
0 56 2 60 23 60 25 0 56 -31 62 -62 6 -31 35 -58 61 -58 30 0 39 16 20 36 -9
8 -16 21 -16 28 0 8 -7 19 -15 26 -8 7 -15 23 -15 35 0 12 7 28 15 35 9 7 15
29 15 54 0 75 -55 103 -172 89z m91 -42 c9 -6 15 -27 15 -58 l1 -48 -40 0 -40
0 -3 44 c-2 24 -1 50 2 57 6 16 44 18 65 5z"/>
<path d="M7631 713 c-7 -3 -22 -14 -32 -24 -16 -16 -19 -35 -19 -127 0 -100 2
-110 23 -130 33 -31 105 -31 135 1 20 21 22 34 22 131 0 103 -1 108 -26 131
-26 24 -69 31 -103 18z m64 -148 c0 -99 -2 -110 -19 -113 -29 -6 -36 16 -36
120 0 98 4 109 40 105 12 -2 15 -22 15 -112z"/>
<path d="M7901 711 c-8 -5 -11 -16 -7 -26 5 -15 15 -17 56 -12 52 6 70 -3 45
-23 -8 -7 -15 -20 -15 -30 0 -10 -7 -23 -15 -30 -8 -7 -15 -26 -15 -43 0 -17
-7 -38 -16 -48 -12 -13 -15 -28 -10 -54 7 -34 10 -36 39 -33 30 3 32 6 32 40
0 20 6 43 13 49 6 7 12 27 12 45 0 17 7 37 15 44 9 7 14 18 12 24 -2 6 4 22
14 35 20 25 24 47 12 54 -17 11 -159 17 -172 8z"/>
<path d="M8162 713 c-12 -2 -33 -15 -45 -27 -20 -20 -22 -32 -22 -122 0 -129
14 -154 86 -154 37 0 54 6 73 24 25 22 26 29 26 129 l0 105 -31 26 c-30 25
-41 28 -87 19z m43 -149 c0 -102 -1 -109 -20 -109 -19 0 -20 8 -23 104 -2 77
1 107 10 113 28 17 33 -1 33 -108z"/>
<path d="M931 611 c-28 -35 -31 -44 -25 -83 4 -26 18 -56 36 -76 23 -27 26
-37 18 -52 -6 -11 -17 -20 -25 -20 -22 0 -18 -24 9 -53 30 -32 52 -27 89 20
38 51 37 100 -3 138 -17 16 -37 42 -45 58 l-14 29 39 -7 c22 -4 44 -4 50 0 14
9 -59 85 -81 85 -10 0 -31 -18 -48 -39z"/>
<path d="M4086 610 c-32 -48 -35 -110 -7 -137 10 -10 26 -30 36 -46 l17 -27
-31 -11 c-35 -12 -38 -25 -13 -55 34 -40 54 -38 94 10 33 38 36 47 31 85 -4
31 -13 47 -35 62 -22 16 -28 28 -26 48 3 23 7 26 36 23 17 -2 32 1 32 6 0 17
-71 82 -90 82 -9 0 -29 -18 -44 -40z m44 -44 c0 -8 -4 -17 -9 -21 -12 -7 -24
12 -16 25 9 15 25 12 25 -4z"/>
<path d="M654 619 c-3 -6 -6 -68 -6 -137 0 -178 -2 -164 30 -160 26 3 27 6 30
61 3 52 5 57 26 57 25 0 56 -28 56 -52 0 -27 40 -68 66 -68 31 0 32 26 0 72
-32 48 -35 61 -21 78 7 8 15 35 18 60 5 36 2 50 -15 70 -18 22 -29 25 -99 27
-47 2 -81 -2 -85 -8z m120 -35 c12 -4 16 -20 16 -55 0 -44 -3 -49 -25 -55 -43
-11 -55 1 -55 54 0 27 3 52 7 55 8 9 36 9 57 1z"/>
<path d="M1213 604 c-21 -23 -23 -36 -23 -131 0 -95 2 -107 23 -129 17 -18 33
-24 68 -24 39 0 48 4 67 30 19 25 22 42 22 129 0 91 -2 102 -24 125 -33 37
-102 36 -133 0z m95 -120 c2 -81 0 -104 -13 -114 -12 -10 -18 -10 -30 0 -11
10 -15 35 -15 110 0 53 3 100 7 104 4 4 16 6 28 4 18 -3 20 -11 23 -104z"/>
<path d="M1530 603 c-30 -25 -32 -30 -28 -74 6 -57 36 -88 86 -89 29 0 32 -3
32 -30 0 -38 -20 -47 -55 -24 -24 16 -27 16 -43 1 -15 -15 -14 -18 8 -42 33
-35 69 -32 108 9 32 34 33 37 34 137 2 95 1 103 -21 120 -34 28 -83 24 -121
-8z m86 -25 c13 -20 15 -68 4 -89 -13 -23 -36 -25 -44 -3 -8 21 -8 89 1 97 10
11 31 8 39 -5z"/>
<path d="M1760 623 c-8 -3 -24 -15 -34 -26 -17 -17 -20 -34 -19 -120 1 -124
16 -150 84 -155 37 -2 49 2 67 21 21 22 24 36 26 128 2 99 1 105 -23 132 -24
26 -63 34 -101 20z m58 -137 c3 -111 -7 -139 -39 -110 -16 14 -19 32 -19 104
0 88 9 113 40 108 12 -3 16 -23 18 -102z"/>
<path d="M3804 617 c-5 -6 -8 -76 -6 -155 l3 -143 27 3 c25 3 27 6 30 61 3 53
5 57 27 57 24 0 65 -41 65 -66 0 -21 37 -54 60 -54 11 0 20 7 20 15 0 19 -21
66 -37 83 -17 18 -16 42 2 66 22 28 18 86 -6 116 -19 22 -30 25 -99 27 -53 2
-81 -1 -86 -10z m130 -33 c11 -4 16 -19 16 -50 0 -47 -21 -68 -63 -62 -18 2
-23 10 -25 47 -2 24 -1 50 2 57 6 14 42 19 70 8z"/>
<path d="M4366 605 c-25 -23 -26 -29 -26 -127 0 -97 2 -105 25 -131 20 -21 35
-27 69 -27 35 0 46 5 64 30 19 25 22 42 22 130 0 88 -3 103 -22 125 -30 35
-94 35 -132 0z m92 -121 c2 -78 -1 -104 -12 -113 -11 -9 -17 -8 -30 4 -12 13
-16 37 -16 109 0 51 3 96 7 100 4 4 16 6 28 4 18 -3 20 -11 23 -104z"/>
<path d="M4686 609 c-20 -16 -26 -29 -26 -59 0 -21 6 -43 15 -50 14 -12 14
-15 0 -30 -24 -26 -19 -84 11 -119 35 -42 92 -44 123 -5 23 30 29 102 9 122
-9 9 -9 18 0 37 30 66 -5 125 -73 125 -18 0 -44 -9 -59 -21z m78 -25 c25 -9
21 -71 -4 -79 -29 -9 -40 2 -40 39 0 44 10 53 44 40z m14 -152 c2 -22 -3 -41
-14 -54 -17 -18 -19 -18 -31 -2 -14 19 -18 76 -6 88 4 4 16 6 28 4 15 -2 21
-12 23 -36z"/>
<path d="M4910 623 c-8 -3 -25 -17 -37 -29 -19 -21 -21 -28 -11 -55 6 -18 8
-58 5 -95 -6 -58 -4 -66 19 -94 34 -40 87 -42 127 -5 26 25 27 29 27 133 0
103 -1 107 -27 129 -25 22 -69 29 -103 16z m56 -43 c10 -10 10 -193 -1 -210
-4 -7 -12 -7 -26 0 -17 10 -19 22 -19 109 0 54 3 101 7 104 9 10 27 9 39 -3z"/>
<path d="M7818 473 c0 -4 -2 -34 -3 -65 -1 -64 10 -73 46 -37 15 15 19 30 17
62 -3 37 -6 42 -30 45 -16 2 -29 0 -30 -5z"/>
<path d="M1427 385 c-9 -21 4 -115 15 -115 35 0 63 91 36 118 -17 17 -45 15
-51 -3z"/>
<path d="M4582 388 c-7 -7 -9 -29 -6 -57 9 -75 12 -79 39 -46 30 37 33 90 6
105 -24 13 -24 13 -39 -2z"/>
</g>
</svg>
