<?xml version="1.0" encoding="UTF-8" standalone="no"?>
<svg
   xmlns:dc="http://purl.org/dc/elements/1.1/"
   xmlns:cc="http://creativecommons.org/ns#"
   xmlns:rdf="http://www.w3.org/1999/02/22-rdf-syntax-ns#"
   xmlns:svg="http://www.w3.org/2000/svg"
   xmlns="http://www.w3.org/2000/svg"
   xmlns:sodipodi="http://sodipodi.sourceforge.net/DTD/sodipodi-0.dtd"
   xmlns:inkscape="http://www.inkscape.org/namespaces/inkscape"
   version="1.0"
   width="900.000000pt"
   height="276.000000pt"
   viewBox="0 0 900.000000 276.000000"
   preserveAspectRatio="xMidYMid meet"
   id="svg3541"
   inkscape:version="0.48.4 r9939"
   sodipodi:docname="8d.svg">
  <defs
     id="defs3649" />
  <sodipodi:namedview
     pagecolor="#ffffff"
     bordercolor="#666666"
     borderopacity="1"
     objecttolerance="10"
     gridtolerance="10"
     guidetolerance="10"
     inkscape:pageopacity="0"
     inkscape:pageshadow="2"
     inkscape:window-width="1600"
     inkscape:window-height="824"
     id="namedview3647"
     showgrid="false"
     inkscape:zoom="0.816"
     inkscape:cx="722.2852"
     inkscape:cy="130.16264"
     inkscape:window-x="0"
     inkscape:window-y="24"
     inkscape:window-maximized="1"
     inkscape:current-layer="g3545" />
  <metadata
     id="metadata3543">
Created by potrace 1.10, written by Peter Selinger 2001-2011
<rdf:RDF>
  <cc:Work
     rdf:about="">
    <dc:format>image/svg+xml</dc:format>
    <dc:type
       rdf:resource="http://purl.org/dc/dcmitype/StillImage" />
  </cc:Work>
</rdf:RDF>
</metadata>
  <g
     transform="translate(0.000000,276.000000) scale(0.100000,-0.100000)"
     fill="#000000"
     stroke="none"
     id="g3545">
    <path
       d="M5272 2643 c-10 -25 -9 -609 1 -620 5 -4 174 -9 375 -10 l367 -2 3 -486 2 -485 30 0 c22 0 30 5 31 18 0 9 0 224 0 477 -1 253 2 465 6 470 5 6 142 10 373 10 298 0 455 4 543 14 4 1 6 142 5 314 l-3 312 -863 3 c-815 2 -863 1 -870 -15z m1670 -68 c4 -5 8 -124 8 -262 l0 -253 -809 0 c-537 0 -812 3 -816 10 -10 16 -5 492 4 504 12 15 1603 15 1613 1z"
       id="path3547" />
    <path
       d="M5612 2482 c-9 -7 -12 -46 -10 -163 3 -152 3 -154 26 -157 37 -5 52 15 51 67 -2 64 15 103 44 99 19 -3 23 -10 27 -63 8 -89 31 -120 69 -96 10 6 12 18 6 37 -4 16 -9 48 -12 72 -3 28 -12 46 -24 53 -32 17 -24 62 16 93 41 32 45 53 9 62 -21 5 -32 -1 -69 -39 -24 -25 -45 -53 -47 -63 -1 -10 -9 -19 -17 -22 -11 -4 -12 6 -7 51 6 49 5 57 -13 66 -23 13 -32 13 -49 3z"
       id="path3549" />
    <path
       d="M5971 2466 c-13 -14 -20 -29 -16 -35 10 -18 61 -12 80 9 41 45 -22 70 -64 26z"
       id="path3551" />
    <path
       d="M6260 2475 c-23 -28 -8 -50 35 -50 30 0 41 4 43 18 5 25 -16 47 -43 47 -12 0 -28 -7 -35 -15z"
       id="path3553" />
    <path
       d="M6140 2415 l-33 -34 18 -34 c13 -24 16 -46 13 -75 -5 -32 -1 -48 18 -76 26 -39 31 -41 54 -26 12 7 12 14 2 43 -17 47 -15 127 3 147 14 15 14 18 0 30 -8 7 -15 23 -15 36 0 34 -20 30 -60 -11z"
       id="path3555" />
    <path
       d="M5902 2369 c-18 -29 -10 -33 37 -22 41 11 81 0 48 -12 -9 -4 -35 -24 -57 -44 -46 -42 -51 -71 -16 -106 21 -21 31 -24 78 -19 82 9 78 4 78 97 0 74 -3 86 -23 105 -33 31 -126 32 -145 1z m111 -106 c8 -14 -12 -53 -28 -53 -18 0 -30 24 -21 45 6 15 41 21 49 8z"
       id="path3557" />
    <path
       d="M6265 2377 c-3 -7 -4 -56 -3 -108 l3 -94 30 0 30 0 0 105 0 105 -28 3 c-16 2 -29 -2 -32 -11z"
       id="path3559" />
    <path
       d="M6402 2366 c-25 -27 -14 -43 17 -26 25 13 74 13 66 0 -3 -5 -15 -10 -26 -10 -10 0 -19 -7 -19 -15 0 -8 -13 -27 -30 -42 -36 -32 -38 -52 -6 -82 20 -18 38 -24 83 -25 32 -1 64 2 71 7 8 6 12 37 12 91 0 73 -3 85 -23 104 -34 32 -113 31 -145 -2z m93 -122 c0 -24 -4 -29 -25 -29 -19 0 -24 4 -22 20 9 50 47 58 47 9z"
       id="path3561" />
    <path
       d="M6998 2003 c-56 -3 -90 -8 -97 -17 -8 -9 -10 -105 -9 -312 l3 -299 385 -5 385 -5 0 -165 c0 -158 1 -165 20 -165 19 0 20 8 23 168 l2 167 459 0 c409 0 460 2 465 16 10 26 7 588 -4 604 -8 13 -106 15 -777 16 -422 0 -807 -1 -855 -3z m1580 -48 c9 -3 12 -66 12 -265 0 -201 -3 -260 -12 -260 -7 0 -375 -1 -818 -1 l-805 0 -3 258 c-1 142 -1 262 2 268 3 10 1596 10 1624 0z"
       id="path3563" />
    <path
       d="M7181 1871 c-10 -7 -14 -43 -15 -152 -1 -79 2 -150 7 -156 6 -9 39 -13 97 -13 l88 0 21 43 c24 50 26 68 9 114 -10 27 -10 38 0 53 18 29 15 64 -9 94 -19 24 -26 26 -102 26 -45 0 -88 -4 -96 -9z m143 -47 c39 -39 -6 -90 -59 -66 -29 13 -32 38 -8 64 20 22 46 23 67 2z m6 -124 c6 -12 10 -35 8 -53 -3 -31 -5 -32 -48 -32 -43 0 -45 1 -48 32 -5 46 13 73 48 73 19 0 33 -7 40 -20z"
       id="path3565" />
    <path
       d="M7824 1866 c-12 -30 1 -51 31 -54 42 -3 59 10 51 42 -5 22 -12 26 -42 26 -21 0 -37 -6 -40 -14z"
       id="path3567" />
    <path
       d="M7716 1820 c-24 -29 -25 -34 -19 -118 4 -51 11 -91 19 -97 7 -5 14 -19 16 -30 5 -28 53 -33 61 -6 2 11 -2 30 -10 42 -13 17 -14 38 -9 104 6 81 -3 135 -23 135 -5 0 -21 -14 -35 -30z"
       id="path3569" />
    <path
       d="M8228 1776 c-18 -13 -24 -37 -12 -48 3 -4 18 1 34 10 16 9 32 13 36 10 10 -11 -24 -57 -51 -70 -31 -14 -35 -44 -13 -90 18 -38 18 -38 82 -38 39 0 67 5 74 13 8 9 10 109 3 185 -3 33 -119 54 -153 28z m92 -136 c0 -25 -4 -30 -25 -30 -21 0 -25 5 -25 30 0 25 4 30 25 30 21 0 25 -5 25 -30z"
       id="path3571" />
    <path
       d="M7477 1762 c-19 -21 -24 -129 -8 -160 5 -9 12 -25 15 -35 5 -15 15 -18 63 -15 55 3 59 5 75 38 21 41 10 59 -23 36 -43 -29 -77 -16 -64 25 6 17 14 19 53 17 l47 -3 3 42 c2 33 -1 44 -20 57 -32 23 -120 21 -141 -2z m103 -42 c0 -24 -26 -38 -42 -22 -16 16 -2 42 22 42 13 0 20 -7 20 -20z"
       id="path3573" />
    <path
       d="M7961 1766 c-8 -9 -11 -48 -9 -112 3 -98 3 -99 28 -99 24 0 25 3 30 77 4 55 10 82 22 94 16 16 18 16 28 -12 7 -16 8 -49 5 -76 -10 -69 0 -90 38 -86 l32 3 0 100 c0 97 -1 100 -27 114 -22 13 -30 13 -51 2 -18 -10 -30 -10 -45 -2 -27 14 -37 14 -51 -3z"
       id="path3575" />
    <path
       d="M7836 1758 c-3 -7 -7 -52 -9 -100 -5 -95 2 -112 45 -106 22 3 23 6 23 108 l0 105 -28 3 c-16 2 -29 -2 -31 -10z"
       id="path3577" />
    <path
       d="M1687 1972 c-14 -3 -17 -30 -19 -235 -2 -128 -1 -268 2 -312 l5 -80 445 -5 445 -5 -4 -115 c-1 -63 -5 -119 -8 -123 -3 -5 -2 -19 1 -33 5 -19 13 -24 37 -24 16 0 32 6 34 13 3 6 1 71 -4 142 -7 96 -6 132 3 137 6 4 183 8 393 8 368 0 383 1 393 19 16 30 14 600 -2 606 -15 5 -1695 12 -1721 7z m1666 -310 c0 -148 -3 -246 -9 -252 -7 -7 -291 -9 -810 -8 l-799 3 -5 245 c-3 135 -4 248 -2 253 2 4 368 6 814 5 l810 -3 1 -243z"
       id="path3579" />
    <path
       d="M2206 1814 c-21 -21 -17 -301 5 -315 7 -5 51 -9 97 -9 l83 0 -3 28 c-3 26 -6 27 -60 30 l-57 3 -3 131 c-3 125 -4 131 -25 139 -15 6 -27 4 -37 -7z"
       id="path3581" />
    <path
       d="M2721 1802 c-28 -40 -26 -52 7 -52 40 0 65 21 60 51 -5 36 -41 37 -67 1z"
       id="path3583" />
    <path
       d="M2701 1726 c-10 -12 -15 -97 -12 -207 1 -9 9 -19 19 -21 38 -10 42 0 42 106 0 88 -3 105 -19 120 -16 14 -20 15 -30 2z"
       id="path3585" />
    <path
       d="M2460 1703 c-20 -20 -22 -26 -10 -33 8 -5 21 -5 31 0 9 5 19 6 23 3 13 -13 5 -29 -29 -52 -44 -30 -47 -66 -7 -104 22 -22 38 -27 76 -27 80 0 86 8 86 106 0 77 -2 87 -25 109 -34 35 -109 34 -145 -2z m110 -92 c16 -30 -4 -73 -33 -69 -32 4 -36 46 -5 70 28 22 25 22 38 -1z"
       id="path3587" />
    <path
       d="M2811 1698 c-17 -18 -31 -38 -31 -44 0 -16 24 -34 57 -43 18 -5 31 -17 37 -34 13 -35 3 -42 -34 -27 -24 10 -34 10 -43 1 -9 -10 -6 -18 16 -37 41 -35 99 -33 138 5 48 49 34 86 -43 111 -28 8 -38 17 -38 32 0 15 4 18 18 13 40 -18 72 -17 78 0 10 26 -33 55 -83 55 -35 0 -47 -6 -72 -32z"
       id="path3589" />
    <path
       d="M3620 1972 c-11 -4 -15 -588 -4 -616 5 -14 54 -16 449 -16 244 0 451 -3 459 -6 13 -5 15 -16 12 -53 -3 -25 -8 -87 -11 -138 -5 -87 -4 -93 16 -103 38 -21 44 0 44 153 l0 142 387 3 c379 2 388 3 398 23 15 27 10 583 -5 598 -10 10 -1718 22 -1745 13z m1695 -63 c6 -5 10 -102 10 -256 l0 -248 -835 0 -835 0 2 250 2 250 798 5 c439 3 809 5 823 6 14 0 30 -3 35 -7z"
       id="path3591" />
    <path
       d="M3802 1778 c-7 -7 -12 -20 -12 -29 0 -10 -4 -21 -10 -24 -5 -3 -10 -21 -10 -39 0 -19 -7 -39 -15 -46 -8 -7 -17 -28 -20 -49 -3 -20 -10 -44 -16 -53 -5 -10 -9 -31 -9 -48 0 -27 3 -30 30 -30 25 0 30 4 30 24 0 34 10 38 101 42 73 4 79 3 79 -15 0 -34 12 -51 35 -51 34 0 42 35 16 71 -12 15 -21 38 -21 49 0 12 -7 34 -15 49 -8 16 -12 31 -8 34 13 14 -8 56 -29 59 -13 2 -29 15 -36 31 -7 15 -21 27 -32 27 -10 0 -24 2 -32 5 -7 3 -19 0 -26 -7z m58 -107 c0 -10 7 -24 15 -31 22 -18 19 -67 -4 -80 -32 -17 -61 -12 -70 12 -11 29 -3 56 20 69 11 5 19 20 19 35 0 14 4 22 10 19 6 -3 10 -14 10 -24z"
       id="path3593" />
    <path
       d="M4417 1772 c-12 -13 -15 -28 -11 -53 4 -24 1 -39 -9 -47 -13 -11 -12 -17 6 -52 21 -37 21 -40 4 -74 -18 -38 -40 -46 -55 -20 -11 19 -3 114 10 131 16 20 2 46 -19 34 -50 -27 -56 -38 -59 -97 -2 -48 2 -66 22 -96 26 -40 57 -49 72 -22 9 15 12 15 41 -2 23 -13 34 -15 42 -7 15 15 21 293 7 311 -15 17 -32 15 -51 -6z"
       id="path3595" />
    <path
       d="M4768 1769 c-23 -17 -26 -24 -17 -41 6 -11 9 -21 7 -22 -2 -1 -18 -13 -36 -26 l-34 -23 4 -82 c4 -104 12 -115 89 -115 51 0 61 3 75 25 8 13 13 29 9 35 -8 13 -42 13 -50 0 -10 -16 -55 -12 -62 6 -9 23 16 35 67 32 44 -3 45 -2 54 34 11 45 -10 84 -55 100 -37 13 -37 22 2 38 22 9 29 18 27 34 -4 29 -46 31 -80 5z m36 -115 c13 -33 6 -44 -24 -44 -32 0 -33 2 -24 38 7 25 39 30 48 6z"
       id="path3597" />
    <path
       d="M4930 1770 c-9 -17 -8 -26 5 -46 12 -18 13 -29 5 -44 -6 -12 -9 -62 -8 -118 l3 -97 30 0 30 0 1 125 c1 69 5 133 9 144 19 44 -52 78 -75 36z"
       id="path3599" />
    <path
       d="M4131 1683 c-7 -14 -12 -15 -24 -4 -9 7 -26 11 -39 9 -22 -3 -23 -6 -23 -113 0 -108 0 -110 24 -113 33 -5 42 14 35 78 -4 44 -1 61 15 88 38 59 54 33 55 -88 l1 -75 30 0 30 0 -3 95 c-3 89 -5 96 -30 117 -32 27 -58 29 -71 6z"
       id="path3601" />
    <path
       d="M4551 1686 c-8 -9 -11 -50 -9 -117 l3 -104 28 -3 c31 -4 30 -7 31 101 1 74 3 80 29 99 15 11 25 24 21 29 -9 14 -90 11 -103 -5z"
       id="path3603" />
    <path
       d="M5082 1675 c-20 -21 -21 -26 -9 -31 9 -3 27 2 41 11 24 16 46 14 46 -6 0 -5 -14 -18 -31 -28 -30 -18 -69 -70 -69 -92 0 -6 9 -24 21 -40 20 -29 24 -30 87 -27 l67 3 3 98 c3 92 1 99 -20 117 -35 29 -106 27 -136 -5z m93 -126 c0 -28 -4 -35 -23 -37 -30 -5 -38 21 -15 52 24 33 38 28 38 -15z"
       id="path3605" />
    <path
       d="M1360 1145 c-10 -13 -12 -68 -7 -254 6 -204 4 -240 -9 -259 -8 -12 -14 -32 -12 -45 l3 -22 3655 -2 3655 -2 3 -45 c3 -39 7 -47 28 -52 32 -8 46 5 62 59 8 25 22 53 33 63 25 23 24 30 -9 49 -15 9 -39 32 -52 51 -32 47 -54 41 -60 -16 -5 -42 -7 -45 -37 -48 -22 -2 -33 1 -34 10 -1 7 0 121 1 253 1 132 -2 248 -5 257 -10 24 -40 23 -51 -2 -5 -12 -6 -123 -3 -258 4 -130 4 -240 2 -244 -2 -5 -47 -8 -99 -8 -68 0 -94 3 -95 13 -1 6 0 81 1 164 2 132 0 154 -14 159 -9 3 -23 1 -31 -6 -18 -15 -21 -156 -4 -244 15 -81 8 -86 -105 -86 -67 0 -98 4 -114 16 -20 14 -23 14 -28 0 -8 -22 -150 -23 -181 -1 -19 13 -22 13 -27 -1 -5 -13 -23 -15 -113 -11 -131 6 -108 6 -230 0 -81 -3 -103 -1 -104 9 -1 7 -1 81 0 163 2 152 -4 183 -33 172 -14 -6 -16 -30 -16 -177 l0 -170 -98 0 c-54 0 -103 5 -108 10 -8 8 -19 8 -38 0 -38 -14 -152 -13 -176 2 -16 10 -24 10 -40 0 -26 -16 -144 -16 -170 0 -16 10 -24 10 -40 0 -30 -18 -204 -16 -220 3 -11 14 -14 14 -24 0 -9 -13 -30 -15 -106 -13 l-95 3 -1 210 c-1 245 -8 283 -43 241 -9 -11 -12 -75 -11 -223 1 -114 1 -214 1 -220 -1 -19 -184 -18 -199 0 -8 9 -8 32 -1 78 15 97 8 229 -13 242 -12 8 -21 7 -33 -3 -15 -13 -17 -30 -13 -135 3 -66 10 -130 16 -141 9 -18 8 -25 -7 -38 -22 -20 -160 -23 -162 -3 0 6 0 83 1 170 l2 158 -29 -3 -28 -3 0 -165 0 -165 -84 -3 c-49 -2 -97 2 -113 9 -21 9 -31 9 -42 0 -9 -8 -45 -11 -98 -9 l-83 3 0 165 c0 158 -1 165 -20 165 -19 0 -20 -7 -20 -165 l0 -165 -100 0 -100 0 4 151 c4 170 -5 210 -40 178 -18 -16 -19 -27 -12 -176 l6 -158 -101 0 c-55 0 -103 3 -106 8 -2 4 1 74 7 155 9 130 9 150 -5 163 -13 13 -20 14 -38 4 -22 -12 -23 -15 -16 -131 4 -66 12 -130 18 -144 8 -19 8 -28 -2 -40 -10 -13 -32 -15 -109 -13 l-96 3 4 161 c3 141 1 162 -13 167 -9 4 -23 4 -32 0 -14 -5 -16 -26 -13 -167 l4 -161 -92 -3 c-56 -2 -101 2 -114 9 -15 8 -24 8 -32 0 -6 -6 -51 -11 -109 -11 -114 0 -119 4 -106 87 5 31 7 99 6 152 -3 81 -6 96 -20 99 -26 5 -30 -29 -20 -178 5 -74 7 -141 4 -148 -3 -9 -30 -12 -106 -10 l-101 3 4 181 c2 99 0 190 -3 202 -8 24 -44 31 -48 10 -2 -7 -3 -98 -3 -203 l0 -190 -100 2 c-55 1 -109 2 -120 2 -11 0 -64 -2 -117 -5 -77 -4 -98 -3 -99 8 -1 7 0 82 1 165 2 135 0 154 -15 159 -9 4 -23 0 -32 -9 -13 -13 -14 -32 -6 -138 5 -68 13 -131 17 -140 4 -10 1 -23 -8 -32 -13 -13 -50 -15 -230 -15 -162 -1 -217 3 -225 12 -8 9 -8 30 -1 69 6 31 9 97 8 148 -2 74 -6 94 -20 103 -9 5 -21 7 -25 2 -4 -4 -6 -81 -5 -172 l4 -164 -81 0 c-44 0 -82 3 -84 8 -3 4 -1 72 3 152 4 79 6 150 3 157 -7 17 -43 27 -56 14 -9 -9 -10 -133 -3 -296 l1 -30 -103 -3 -102 -3 6 158 c3 93 2 164 -4 172 -11 15 -48 7 -55 -12 -2 -7 -1 -77 4 -157 4 -79 5 -148 3 -152 -3 -5 -47 -8 -99 -8 -103 0 -122 10 -104 56 12 33 13 264 1 276 -7 7 -17 6 -32 -2 -22 -12 -22 -16 -18 -134 3 -79 10 -129 19 -144 12 -21 12 -25 -4 -37 -15 -11 -66 -13 -240 -12 l-222 2 5 115 c7 190 7 202 -12 213 -9 6 -21 8 -25 3 -4 -4 -8 -81 -8 -169 l0 -162 -80 0 -80 0 4 248 c3 187 0 251 -9 262 -16 19 -34 19 -50 0z"
       id="path3613" />
    <path
       d="M1833 963 c-9 -3 -13 -34 -13 -108 0 -118 7 -165 25 -165 21 0 27 28 32 146 5 102 4 113 -13 122 -11 5 -25 7 -31 5z"
       id="path3615" />
    <path
       d="M3518 959 c-20 -11 -22 -48 -11 -187 4 -59 10 -85 21 -89 23 -9 29 12 36 139 5 86 4 123 -5 134 -13 16 -18 17 -41 3z"
       id="path3617" />
    <path
       d="M4252 958 c-8 -8 -12 -45 -11 -102 0 -107 9 -168 26 -173 17 -6 31 52 37 164 5 94 3 104 -14 113 -23 13 -23 13 -38 -2z"
       id="path3619" />
    <path
       d="M5450 949 c-8 -13 -9 -55 -5 -122 8 -126 12 -147 29 -147 21 0 26 24 33 147 4 84 3 116 -7 128 -17 21 -37 19 -50 -6z"
       id="path3621" />
    <path
       d="M6414 958 c-10 -16 -5 -259 6 -278 7 -12 10 -10 19 11 11 31 18 250 7 267 -9 15 -23 15 -32 0z"
       id="path3623" />
    <path
       d="M6871 961 c-9 -6 -12 -40 -9 -134 3 -127 10 -154 38 -137 12 7 16 37 19 134 3 114 1 125 -16 134 -11 6 -25 7 -32 3z"
       id="path3625" />
    <path
       d="M7086 955 c-13 -13 -15 -31 -10 -93 8 -125 14 -160 29 -172 20 -17 27 31 23 164 -3 113 -11 132 -42 101z"
       id="path3627" />
    <path
       d="M7580 955 c-16 -19 -9 -250 8 -267 18 -18 28 25 36 144 5 90 4 109 -9 122 -20 20 -20 20 -35 1z"
       id="path3629" />
    <path
       d="M7820 955 c-9 -11 -11 -46 -5 -138 7 -132 17 -169 33 -127 15 40 24 251 11 267 -15 17 -24 17 -39 -2z"
       id="path3631" />
    <path
       d="M8034 958 c-4 -6 -6 -68 -5 -137 4 -205 32 -201 46 7 5 83 4 116 -5 127 -15 18 -26 19 -36 3z"
       id="path3633" />
    <path
       d="M3024 945 c-8 -20 1 -214 11 -237 4 -10 11 -18 16 -18 20 0 30 57 27 159 -3 101 -4 106 -26 109 -13 2 -25 -3 -28 -13z"
       id="path3635" />
    <path
       d="M6648 948 c-6 -15 1 -188 8 -235 4 -24 10 -33 24 -33 23 0 33 64 28 190 -3 84 -3 85 -29 88 -16 2 -29 -2 -31 -10z"
       id="path3637" />
    <path
       d="M8463 436 c-31 -15 -42 -26 -40 -41 3 -30 59 -33 85 -5 32 34 57 23 57 -25 0 -35 -3 -40 -25 -43 -14 -2 -31 -5 -39 -8 -21 -7 5 -32 37 -36 25 -3 27 -6 27 -53 0 -43 -3 -50 -21 -53 -14 -2 -27 6 -38 23 -14 21 -24 26 -49 23 -27 -2 -33 -8 -35 -31 -3 -24 2 -30 43 -48 60 -27 126 -19 156 20 17 21 20 35 15 70 -3 24 -11 50 -17 57 -8 9 -8 18 -2 27 6 6 13 26 16 44 5 26 1 38 -21 62 -37 40 -91 47 -149 17z"
       id="path3639" />
    <path
       d="M1293 394 c-21 -23 -23 -34 -23 -138 0 -105 2 -114 23 -134 34 -32 116 -31 153 1 26 23 27 27 28 136 2 104 0 113 -19 123 -11 6 -24 17 -28 24 -5 9 -26 14 -60 13 -41 -1 -57 -6 -74 -25z m88 -24 c17 -9 19 -22 19 -105 0 -72 -4 -97 -16 -109 -22 -22 -33 -20 -44 10 -13 34 -13 170 0 195 12 22 15 23 41 9z"
       id="path3641" />
    <path
       d="M6102 400 c-7 -11 -21 -20 -32 -20 -11 0 -20 -6 -20 -14 0 -21 41 -27 76 -10 44 21 68 15 72 -18 2 -20 -6 -34 -32 -58 -19 -18 -42 -50 -50 -71 -9 -21 -22 -39 -31 -39 -8 0 -19 -9 -25 -21 -9 -16 -8 -24 3 -37 13 -14 35 -17 109 -17 93 0 93 0 93 25 0 23 -3 25 -49 25 -63 0 -69 16 -22 59 20 18 36 40 36 49 0 9 9 22 20 29 31 20 27 73 -9 109 -24 24 -38 29 -78 29 -37 0 -51 -4 -61 -20z"
       id="path3643" />
    <path
       d="M3740 350 c-32 -35 -42 -90 -16 -90 8 0 18 5 21 10 4 6 11 7 17 4 7 -4 8 -36 4 -93 -4 -48 -4 -94 -1 -104 8 -20 60 -24 71 -5 4 6 7 77 6 157 l-1 146 -36 3 c-29 3 -41 -2 -65 -28z"
       id="path3645" />
  </g>
</svg>
