<?xml version="1.0" encoding="UTF-8" standalone="no"?>
<svg
   xmlns:dc="http://purl.org/dc/elements/1.1/"
   xmlns:cc="http://creativecommons.org/ns#"
   xmlns:rdf="http://www.w3.org/1999/02/22-rdf-syntax-ns#"
   xmlns:svg="http://www.w3.org/2000/svg"
   xmlns="http://www.w3.org/2000/svg"
   xmlns:sodipodi="http://sodipodi.sourceforge.net/DTD/sodipodi-0.dtd"
   xmlns:inkscape="http://www.inkscape.org/namespaces/inkscape"
   version="1.0"
   width="825.000000pt"
   height="354.000000pt"
   viewBox="0 0 825.000000 354.000000"
   preserveAspectRatio="xMidYMid meet"
   id="svg3837"
   inkscape:version="0.48.4 r9939"
   sodipodi:docname="20.svg">
  <defs
     id="defs3855" />
  <sodipodi:namedview
     pagecolor="#ffffff"
     bordercolor="#666666"
     borderopacity="1"
     objecttolerance="10"
     gridtolerance="10"
     guidetolerance="10"
     inkscape:pageopacity="0"
     inkscape:pageshadow="2"
     inkscape:window-width="1600"
     inkscape:window-height="824"
     id="namedview3853"
     showgrid="false"
     inkscape:zoom="0.44509091"
     inkscape:cx="515.625"
     inkscape:cy="221.25"
     inkscape:window-x="0"
     inkscape:window-y="24"
     inkscape:window-maximized="1"
     inkscape:current-layer="g3841" />
  <metadata
     id="metadata3839">
Created by potrace 1.10, written by Peter Selinger 2001-2011
<rdf:RDF>
  <cc:Work
     rdf:about="">
    <dc:format>image/svg+xml</dc:format>
    <dc:type
       rdf:resource="http://purl.org/dc/dcmitype/StillImage" />
  </cc:Work>
</rdf:RDF>
</metadata>
  <g
     transform="translate(0.000000,354.000000) scale(0.100000,-0.100000)"
     fill="#000000"
     stroke="none"
     id="g3841">
    <path
       d="M1809 3263 c-10 -2 -20 -12 -23 -21 -14 -38 -38 -72 -50 -72 -15 0 -66 -52 -66 -67 0 -6 -12 -19 -27 -28 -35 -23 -57 -45 -66 -68 -3 -9 -26 -29 -51 -44 -24 -14 -51 -39 -60 -54 -9 -16 -29 -36 -45 -45 -16 -9 -37 -31 -47 -48 -22 -38 -28 -44 -81 -78 -23 -15 -44 -35 -47 -45 -3 -10 -19 -26 -36 -35 -16 -9 -38 -32 -49 -50 -11 -18 -39 -47 -63 -64 -24 -17 -48 -40 -54 -52 -6 -12 -18 -30 -27 -40 -16 -17 -17 -110 -17 -1159 0 -945 2 -1142 13 -1152 10 -8 964 -11 3584 -11 2992 0 3572 2 3582 14 8 10 10 323 9 1162 l-3 1149 -1187 2 c-1119 2 -1189 3 -1215 20 -15 10 -30 20 -33 24 -10 11 -73 39 -90 39 -10 0 -29 9 -43 20 -14 11 -29 20 -34 20 -5 0 -24 13 -43 30 -19 16 -41 29 -49 30 -14 0 -126 54 -187 90 -17 10 -45 21 -62 25 -18 3 -32 10 -32 15 0 5 -10 12 -22 16 -13 3 -42 19 -66 35 -24 16 -46 29 -50 29 -4 0 -34 14 -67 30 -33 16 -66 30 -72 30 -7 0 -13 3 -13 8 0 10 -57 39 -92 48 -15 3 -32 12 -39 20 -6 8 -18 14 -25 14 -8 0 -37 16 -65 35 -28 19 -68 40 -90 46 -21 7 -39 16 -39 20 0 4 -13 10 -30 14 -16 4 -32 10 -35 15 -8 13 -66 40 -86 40 -10 0 -24 6 -31 13 -22 21 -67 47 -80 47 -8 0 -21 9 -31 20 -24 28 -41 25 -68 -12 -13 -18 -40 -47 -59 -65 -19 -18 -39 -38 -45 -44 -5 -6 -23 -23 -39 -38 -16 -14 -74 -71 -130 -126 -56 -55 -117 -111 -134 -125 -18 -14 -42 -39 -52 -56 -11 -16 -31 -36 -45 -44 -14 -8 -34 -28 -45 -45 -10 -17 -36 -40 -57 -52 -21 -12 -47 -38 -57 -58 -11 -19 -34 -45 -52 -56 -18 -11 -39 -33 -46 -49 -17 -39 -36 -38 -92 5 -26 19 -51 35 -56 35 -6 0 -18 4 -28 10 -9 5 -42 20 -72 34 -31 14 -65 34 -77 46 -12 11 -26 20 -30 20 -4 1 -26 9 -48 20 -22 11 -46 19 -53 20 -7 0 -20 6 -27 13 -32 28 -43 35 -66 42 -32 9 -130 56 -149 71 -26 21 -124 71 -153 78 -15 4 -47 20 -69 36 -23 17 -47 30 -55 30 -7 0 -21 4 -31 10 -9 5 -35 17 -57 26 -22 10 -47 23 -55 30 -26 21 -124 70 -154 78 -17 4 -46 21 -67 37 -20 16 -44 29 -53 29 -15 0 -35 8 -76 32 -8 4 -26 13 -40 19 -13 5 -27 13 -30 17 -24 32 -72 53 -101 45z m77 -88 c20 -14 42 -25 48 -25 7 0 17 -5 24 -12 9 -9 4 -19 -25 -45 -41 -35 -49 -38 -58 -23 -3 6 -21 10 -39 10 -22 0 -40 8 -56 25 l-24 26 39 34 c22 19 43 35 47 35 4 0 24 -11 44 -25z m2390 11 c3 -8 19 -17 36 -20 68 -13 77 -53 21 -86 -29 -17 -41 -20 -55 -11 -10 6 -24 11 -32 11 -8 0 -28 11 -43 25 l-28 25 40 35 c44 38 53 42 61 21z m-2204 -106 c26 -16 57 -30 67 -30 10 0 29 -8 42 -18 13 -10 42 -27 64 -37 22 -11 42 -22 45 -25 15 -16 59 -38 88 -44 17 -4 34 -11 37 -16 8 -12 150 -80 168 -80 8 0 20 -7 27 -15 7 -8 16 -15 21 -15 5 0 28 -12 52 -27 60 -39 80 -49 113 -57 16 -4 31 -11 34 -15 8 -12 150 -81 166 -81 8 0 20 -5 27 -10 28 -25 120 -80 132 -80 8 0 17 -4 20 -10 3 -5 15 -10 25 -10 19 0 121 -50 104 -50 -5 -1 -507 -2 -1116 -3 -1086 -2 -1151 0 -1095 27 44 22 75 47 97 78 14 20 57 64 95 97 39 34 80 72 93 86 13 13 59 60 102 104 42 45 82 81 86 81 5 0 38 33 74 74 36 41 72 75 80 75 8 1 28 -6 44 -14 15 -8 36 -15 46 -15 9 0 29 -9 43 -20 40 -32 46 -29 121 47 17 18 35 33 40 33 5 0 31 -13 58 -30z m2403 10 c10 -11 24 -20 32 -20 7 0 21 -4 31 -9 9 -4 39 -19 67 -32 27 -13 61 -34 75 -47 14 -12 34 -25 45 -28 33 -9 128 -53 191 -89 23 -12 55 -26 73 -30 17 -3 31 -10 31 -15 0 -4 12 -12 28 -18 15 -5 37 -19 49 -31 12 -11 50 -30 85 -42 35 -12 65 -26 66 -30 2 -5 10 -9 17 -9 8 0 20 -6 27 -13 15 -15 70 -42 108 -52 14 -4 32 -13 40 -19 8 -6 31 -20 50 -31 19 -10 41 -25 48 -32 7 -7 20 -13 28 -13 8 0 22 -4 32 -9 9 -5 41 -19 69 -32 29 -12 51 -24 48 -27 -4 -5 -2207 -3 -2212 2 -9 9 617 611 638 614 11 2 31 -4 44 -12 13 -9 31 -16 38 -16 8 0 26 -9 40 -20 14 -11 34 -20 46 -20 21 0 60 34 87 76 20 29 54 31 79 4z m-1105 -1795 l0 -1115 -1156 0 c-637 0 -1159 2 -1161 3 -2 3 -5 1910 -3 2225 0 4 522 6 1160 5 l1160 -2 0 -1116z m2400 0 l0 -1115 -1175 0 -1175 0 0 1117 c0 615 0 1118 0 1118 0 0 529 -1 1175 -2 l1175 -2 0 -1116z m2372 7 c2 -613 0 -1116 -4 -1118 -3 -2 -526 -4 -1162 -4 l-1157 0 1 1112 c0 612 0 1115 0 1118 0 3 522 5 1160 5 l1160 0 2 -1113z"
       id="path3845" />
    <path
       d="M1847 3143 c-14 -13 -7 -33 11 -33 24 0 32 8 25 26 -5 15 -25 19 -36 7z"
       id="path3847" />
    <path
       d="M4253 3135 c-7 -20 2 -29 21 -22 9 4 13 13 10 22 -8 19 -23 19 -31 0z"
       id="path3849" />
  </g>
</svg>
