<?xml version="1.0" standalone="no"?>
<!DOCTYPE svg PUBLIC "-//W3C//DTD SVG 20010904//EN"
 "http://www.w3.org/TR/2001/REC-SVG-20010904/DTD/svg10.dtd">
<svg version="1.0" xmlns="http://www.w3.org/2000/svg"
 width="579.000000pt" height="432.000000pt" viewBox="0 0 579.000000 432.000000"
 preserveAspectRatio="xMidYMid meet">
<metadata>
Created by potrace 1.10, written by Peter Selinger 2001-2011
</metadata>
<g transform="translate(0.000000,432.000000) scale(0.100000,-0.100000)"
fill="#000000" stroke="none">
<path d="M5575 4220 c-4 -6 -5 -67 -4 -135 2 -68 1 -127 -3 -130 -3 -3 -26 8
-51 25 -25 16 -48 30 -52 30 -4 0 -18 9 -32 20 -43 33 -123 23 -123 -16 0 -6
-12 -33 -27 -59 -16 -25 -39 -68 -53 -93 -14 -26 -37 -65 -50 -87 -32 -52 -53
-90 -80 -145 -13 -25 -26 -47 -30 -50 -5 -3 -20 -28 -34 -55 -15 -28 -32 -59
-39 -70 -53 -85 -87 -143 -87 -148 0 -3 -13 -26 -30 -50 -16 -25 -30 -52 -30
-61 0 -9 -7 -19 -15 -22 -8 -3 -17 -15 -21 -27 -4 -11 -23 -48 -44 -82 -21
-34 -41 -71 -44 -83 -4 -12 -11 -22 -16 -22 -5 0 -27 -37 -50 -82 -23 -46 -54
-103 -70 -128 -16 -25 -40 -65 -52 -90 -13 -25 -35 -63 -49 -85 -14 -22 -29
-50 -33 -62 -4 -13 -11 -23 -15 -23 -4 0 -15 -19 -26 -42 -10 -23 -31 -60 -46
-84 -16 -23 -29 -46 -29 -50 0 -10 -45 -77 -80 -120 -26 -32 -49 -70 -85 -139
-11 -22 -32 -58 -46 -80 -13 -22 -30 -51 -37 -65 -6 -14 -16 -32 -22 -40 -22
-34 -90 -151 -90 -155 0 -2 -13 -24 -30 -48 -16 -25 -30 -49 -30 -55 0 -5 -18
-37 -41 -71 -22 -34 -51 -80 -63 -103 -26 -49 -38 -56 -63 -31 -26 25 -96 45
-180 50 -57 4 -77 1 -100 -14 -36 -23 -62 -54 -63 -73 0 -9 -7 -26 -16 -39
-17 -23 -18 -34 -22 -138 l-2 -53 -1393 0 c-1186 0 -1396 -2 -1413 -14 -17
-13 -19 -29 -22 -138 -3 -111 -2 -125 15 -141 17 -15 57 -17 399 -19 l379 -3
3 -223 c2 -213 2 -223 -17 -230 -11 -4 -239 -5 -508 -2 -468 5 -489 4 -506
-14 -47 -50 -192 -47 2651 -42 1954 4 2648 9 2659 17 11 10 13 316 13 1921 0
1050 2 1913 5 1918 3 4 1 20 -5 34 -10 27 -43 36 -55 16z m-125 -265 c9 -8 23
-15 31 -15 8 0 25 -9 39 -19 l24 -19 -22 -46 c-13 -25 -27 -48 -32 -51 -5 -3
-17 -23 -27 -43 -10 -20 -32 -59 -50 -87 -18 -27 -33 -53 -33 -58 0 -5 -11
-23 -24 -40 -14 -18 -29 -43 -35 -57 -6 -14 -24 -47 -41 -75 -16 -27 -39 -70
-52 -95 -13 -25 -38 -67 -55 -95 -18 -27 -33 -55 -33 -61 0 -7 -7 -14 -15 -18
-8 -3 -15 -10 -15 -16 0 -5 -18 -39 -40 -75 -22 -36 -40 -69 -40 -73 0 -5 -13
-26 -29 -48 -25 -34 -87 -141 -147 -254 -11 -19 -22 -37 -25 -40 -4 -3 -18
-27 -33 -55 -29 -56 -36 -67 -87 -145 -20 -31 -40 -67 -44 -80 -4 -13 -25 -52
-46 -87 -22 -35 -39 -67 -39 -71 0 -4 -14 -20 -30 -36 -17 -16 -30 -37 -30
-47 0 -10 -6 -22 -13 -26 -8 -4 -25 -30 -38 -58 -13 -27 -27 -52 -30 -55 -4
-3 -18 -27 -33 -55 -15 -27 -42 -75 -61 -105 -19 -30 -38 -62 -41 -70 -4 -8
-17 -31 -29 -50 -21 -34 -84 -146 -112 -202 -8 -15 -19 -30 -24 -34 -6 -3 -14
-16 -19 -27 -6 -12 -32 -60 -59 -107 -27 -47 -72 -125 -101 -175 -28 -49 -55
-97 -60 -105 -6 -8 -20 -35 -31 -60 -55 -120 -67 -130 -109 -100 -18 13 -50
33 -73 45 -56 30 -55 58 8 150 27 39 59 90 72 115 14 25 39 70 56 102 18 31
40 71 51 90 10 18 38 62 61 98 46 70 91 148 126 220 12 25 25 47 30 50 4 3 13
17 19 30 5 14 19 39 30 55 10 17 38 64 62 105 23 41 47 82 53 91 5 9 20 34 32
56 12 22 34 55 49 73 29 34 49 67 84 137 11 23 25 45 30 48 5 3 20 27 33 53
12 26 30 58 38 72 53 84 159 270 159 279 0 6 16 35 36 64 20 28 42 65 50 82
27 56 74 139 81 144 5 3 17 22 27 41 61 111 99 176 111 190 7 8 17 27 20 43 4
15 10 27 14 27 4 0 18 20 32 45 31 58 46 86 89 160 19 33 41 72 50 88 8 15 37
65 64 110 27 45 65 108 84 140 33 55 36 59 65 53 17 -3 38 -13 47 -21z m121
-416 c-2 -178 -7 -279 -14 -287 -6 -8 -27 -22 -48 -32 -20 -11 -39 -23 -41
-28 -4 -11 -105 -62 -123 -62 -8 0 -17 10 -19 23 -3 12 -8 36 -12 52 -3 17 -8
60 -11 96 -4 61 -2 69 26 111 17 25 31 48 31 51 0 4 14 26 30 50 17 25 30 48
30 52 0 4 14 30 30 57 17 26 30 55 30 63 0 8 6 18 13 22 12 8 39 58 51 96 3
10 12 17 18 15 10 -4 12 -68 9 -279z m-313 -324 c1 -17 6 -52 10 -80 7 -48 8
-49 47 -57 49 -11 75 -5 128 30 23 15 54 32 70 39 15 7 27 17 27 23 0 13 27
13 32 0 2 -5 2 -82 0 -170 -2 -126 -6 -160 -16 -160 -8 0 -16 7 -20 15 -10 26
-64 18 -91 -12 -30 -34 -31 -47 -4 -90 19 -30 26 -34 58 -31 42 3 49 22 9 26
-47 6 -65 92 -19 92 22 0 51 -25 51 -44 0 -8 7 -19 15 -26 13 -11 15 -157 15
-1201 l0 -1188 -1192 -3 c-787 -2 -1196 0 -1200 7 -5 6 -7 107 -5 225 l2 215
374 3 c342 2 375 4 387 20 9 11 13 49 14 113 0 73 4 100 15 109 8 7 15 17 15
22 0 9 69 131 100 178 6 8 22 39 36 67 14 29 29 55 34 58 5 3 17 23 26 43 10
20 23 44 30 53 8 8 25 35 39 60 13 24 36 64 50 89 70 122 95 167 104 187 5 11
15 24 20 28 6 3 11 15 11 26 0 11 6 22 14 25 8 3 24 29 36 57 13 29 25 54 29
57 8 6 71 110 71 117 0 2 19 30 43 61 24 32 52 77 62 102 10 25 25 50 32 56 7
6 22 32 33 57 11 25 24 47 28 49 4 2 18 26 31 53 14 28 28 52 31 55 4 3 17 26
29 52 11 26 25 49 31 53 5 3 18 25 29 48 11 23 26 51 33 62 16 24 88 142 105
170 6 11 24 43 38 70 15 28 42 77 61 110 19 33 39 73 45 88 15 37 43 32 47 -8z
m-1556 -1843 c73 -22 73 -24 7 -123 -9 -13 -28 -44 -42 -69 l-25 -45 -99 2
c-54 1 -101 2 -105 3 -4 0 -5 35 -2 78 6 89 35 157 74 172 32 12 119 4 192
-18z m-107 -312 c-16 -65 -17 -81 -2 -104 10 -14 30 -26 51 -30 34 -7 54 -22
42 -33 -7 -8 -3054 -6 -3066 2 -13 8 -13 168 0 181 5 5 570 9 1495 9 l1486 0
-6 -25z m295 -150 c0 -11 -7 -20 -15 -20 -15 0 -21 21 -8 33 12 13 23 7 23
-13z m-1009 -305 c-2 -155 -6 -223 -14 -231 -9 -8 -38 -9 -102 -2 -55 6 -288
6 -600 1 -300 -5 -515 -5 -522 0 -10 7 -13 66 -13 233 l0 224 626 -2 627 -3
-2 -220z"/>
<path d="M5276 2810 c-60 -45 -65 -57 -66 -147 0 -96 18 -137 74 -167 32 -17
36 -17 51 -2 9 8 24 21 34 28 30 22 51 78 51 139 0 32 -4 60 -9 64 -5 3 -12
18 -16 33 -3 15 -22 38 -43 54 l-38 26 -38 -28z m79 -143 c0 -141 -52 -180
-88 -65 -15 49 -15 57 -1 108 20 70 40 88 68 60 17 -17 21 -33 21 -103z"/>
<path d="M5026 2799 c-28 -22 -35 -49 -12 -49 8 0 16 7 20 15 9 25 44 17 63
-15 22 -37 56 -38 61 -1 3 17 -5 31 -25 47 -35 29 -72 30 -107 3z"/>
<path d="M5070 2693 l-35 -15 38 -30 c31 -25 37 -36 37 -68 0 -44 -15 -54 -60
-39 -36 13 -80 4 -80 -15 0 -15 58 -46 86 -46 10 0 28 10 39 23 11 12 29 27
40 33 15 8 21 23 22 60 2 41 -2 54 -25 80 -26 30 -28 31 -62 17z"/>
<path d="M3255 1960 c-3 -5 -15 -10 -25 -10 -10 0 -36 -21 -57 -47 -36 -43
-38 -50 -38 -112 0 -59 4 -71 32 -110 34 -46 72 -71 108 -71 33 0 75 24 95 55
21 32 30 30 50 -10 22 -43 56 -45 92 -5 31 36 32 39 18 60 -9 13 -13 12 -29
-7 -11 -13 -28 -23 -39 -23 -39 0 -39 117 0 190 31 59 21 88 -27 76 -18 -5
-25 -14 -27 -38 -4 -42 -20 -45 -39 -6 -8 17 -22 34 -30 38 -7 4 -24 12 -36
18 -28 15 -40 15 -48 2z m71 -58 c19 -12 44 -69 44 -99 0 -30 -29 -113 -39
-113 -4 0 -17 -9 -30 -21 l-22 -21 -34 27 c-40 30 -49 56 -43 128 6 73 30 107
77 107 20 0 41 -4 47 -8z"/>
</g>
</svg>
