<?xml version="1.0" standalone="no"?>
<!DOCTYPE svg PUBLIC "-//W3C//DTD SVG 20010904//EN"
 "http://www.w3.org/TR/2001/REC-SVG-20010904/DTD/svg10.dtd">
<svg version="1.0" xmlns="http://www.w3.org/2000/svg"
 width="900.000000pt" height="537.000000pt" viewBox="0 0 900.000000 537.000000"
 preserveAspectRatio="xMidYMid meet">
<metadata>
Created by potrace 1.10, written by Peter Selinger 2001-2011
</metadata>
<g transform="translate(0.000000,537.000000) scale(0.100000,-0.100000)"
fill="#000000" stroke="none">
<path d="M2061 5038 c-11 -30 -9 -4914 2 -4925 11 -11 4901 -13 4918 -2 12 7
14 410 15 2451 0 1344 -2 2455 -4 2471 l-4 27 -2459 0 -2459 0 -9 -22z m1396
-31 c2 -2 4 -144 4 -316 l1 -312 -323 0 -324 0 1 309 c1 171 4 314 7 318 5 8
625 9 634 1z m703 -312 c3 -170 4 -311 4 -313 -1 -2 -149 -3 -329 -3 l-327 -1
1 313 c1 172 4 315 6 318 1 3 146 4 322 1 l318 -5 5 -310z m711 -3 l1 -313
-327 0 c-180 0 -328 1 -329 3 0 2 1 143 4 313 l5 310 315 5 c173 3 318 3 322
0 4 -3 8 -146 9 -318z m695 303 c2 -11 3 -154 2 -318 l-3 -299 -325 1 c-287 0
-325 2 -324 16 0 8 1 151 2 318 l2 302 320 0 c313 0 321 -1 326 -20z m-2811 7
c6 -4 10 -121 10 -314 0 -265 -2 -307 -15 -310 -8 -2 -157 -2 -330 0 l-315 3
2 305 c1 168 5 309 8 314 7 12 625 13 640 2z m4189 -7 c10 -26 7 -128 -4 -145
-9 -13 -11 -13 -19 0 -12 17 -112 29 -268 29 -104 1 -112 0 -118 -19 -14 -45
6 -50 183 -48 l166 3 8 -40 c5 -22 15 -45 23 -51 21 -16 15 -450 -8 -497 -43
-91 -59 -270 -32 -374 9 -33 11 -61 6 -66 -5 -5 -113 -9 -241 -8 -175 0 -241
-3 -268 -14 -65 -24 -210 -36 -392 -31 -96 3 -188 9 -205 14 -30 9 -75 76 -75
115 0 10 -6 33 -14 50 -8 18 -17 46 -21 62 -3 17 -10 48 -15 70 -5 22 -9 101
-9 175 0 125 2 138 24 175 66 108 65 105 65 247 0 73 4 139 9 146 15 24 -2 77
-27 80 l-22 3 0 -179 c0 -147 -3 -182 -15 -192 -8 -7 -15 -18 -15 -26 0 -7 -6
-17 -13 -21 -8 -4 -18 -16 -24 -26 -9 -17 -8 542 2 570 3 8 172 12 658 12 595
2 655 0 661 -14z m-4186 -665 c4 0 6 -152 6 -337 l-2 -337 -323 1 c-178 1
-326 2 -329 2 -3 1 -5 152 -5 336 l0 335 310 2 c171 2 316 2 323 1 8 -2 17 -3
20 -3z m704 -336 l-1 -338 -323 1 -323 0 0 337 c0 186 1 338 2 339 1 1 146 1
323 0 l322 -1 0 -338z m698 336 c3 0 4 -143 4 -317 -2 -272 -4 -319 -18 -338
-15 -20 -21 -21 -326 -20 l-311 2 0 334 c0 184 0 336 1 339 0 4 576 4 650 0z
m712 -331 l1 -332 -317 0 c-207 0 -321 4 -327 10 -12 12 -18 651 -6 655 4 2
151 2 327 1 l320 -1 2 -333z m703 297 c-1 -20 -2 -137 -3 -261 -2 -205 -4
-226 -19 -231 -61 -20 -116 -64 -100 -81 7 -6 57 27 57 38 0 5 17 9 38 9 59 0
63 6 61 103 -3 94 4 120 16 61 3 -20 13 -43 21 -51 8 -8 14 -26 14 -40 0 -14
8 -38 17 -54 14 -23 15 -33 6 -48 -10 -16 -9 -19 10 -19 12 0 42 -6 67 -13 66
-18 365 -24 415 -7 22 7 74 13 115 13 41 0 108 6 149 14 54 9 136 12 290 9
l216 -5 0 -39 0 -39 -609 -3 c-386 -1 -613 1 -620 8 -6 6 -13 4 -21 -7 -17
-23 -44 -10 -58 27 -11 29 -14 30 -68 30 -52 0 -58 -2 -61 -22 -4 -28 -34 -35
-57 -14 -13 12 -20 13 -28 5 -8 -8 -91 -12 -259 -12 l-247 -1 1 334 c1 184 2
335 2 335 0 0 147 -1 328 -1 l327 -2 0 -36z m1374 -341 c1 -164 -5 -199 -28
-171 -9 11 -11 54 -6 168 3 84 8 164 12 178 12 55 22 -17 22 -175z m-2821
-665 l2 -325 -307 3 c-169 1 -310 5 -313 10 -3 4 -4 147 -2 319 l3 311 207 -4
c114 -3 243 -1 287 4 135 16 120 56 123 -318z m2119 316 c4 -3 5 -638 1 -639
-2 -1 -145 -1 -318 1 l-315 3 0 242 c0 133 -4 256 -8 273 -7 29 -5 33 20 42
40 16 59 33 66 62 l6 25 273 -3 c150 -2 274 -4 275 -6z m-3483 -319 l1 -317
-330 0 -330 0 2 309 c0 171 3 314 6 318 3 4 150 8 327 8 l323 -1 1 -317z m696
313 c1 -3 1 -146 1 -318 l1 -313 -323 0 -323 0 0 317 c-1 173 0 316 1 317 4 5
643 1 643 -3z m3483 -4 c9 -23 8 -626 0 -626 -5 0 -151 0 -326 -1 l-319 -1 1
314 c0 172 0 316 1 321 0 4 144 7 319 7 267 0 320 -2 324 -14z m-2071 -346
l-1 -280 -308 -2 -308 -1 -3 274 c-1 150 -1 278 2 284 2 6 110 9 312 8 l308
-2 -2 -281z m674 270 l24 -10 -2 -270 -3 -271 -323 0 -323 0 0 278 c-1 153 0
280 0 283 2 9 602 -1 627 -10z m-2791 -600 c6 0 10 -113 10 -317 0 -201 -4
-321 -10 -325 -5 -4 -149 -8 -320 -8 -170 0 -314 4 -320 8 -6 4 -10 124 -10
324 0 269 2 318 14 320 11 2 587 1 636 -2z m709 -19 c0 -12 -1 -131 -2 -266
-2 -188 -5 -245 -14 -245 -30 -1 -93 -56 -98 -85 l-5 -30 -265 0 -264 0 -1
323 c0 178 1 324 2 325 1 1 147 1 325 0 320 -2 323 -2 322 -22z m664 -300 l-3
-324 -250 2 c-163 2 -254 6 -263 13 -9 8 -16 8 -24 0 -7 -7 -39 -12 -73 -12
-37 -1 -67 -6 -79 -15 -11 -8 -31 -15 -44 -15 -21 0 -23 3 -17 27 11 43 63 82
110 82 22 0 49 -6 59 -14 23 -18 36 -19 36 -5 0 6 -10 14 -23 19 -45 17 -46
24 -47 296 -1 143 -1 262 -1 265 1 3 141 5 311 5 l310 0 -2 -324z m743 -3 l0
-323 -308 0 -308 0 -3 325 -2 325 310 -2 311 -2 0 -323z m694 0 l0 -323 -323
0 -323 0 0 320 c0 176 0 322 1 325 0 3 145 4 322 3 l323 -2 0 -323z m686 0 l0
-323 -298 -3 c-164 -1 -307 0 -318 2 -19 5 -20 13 -20 323 0 175 3 320 7 323
3 3 146 4 318 3 l311 -1 0 -324z m694 0 l0 -323 -323 0 -323 0 0 323 c0 177 0
323 1 325 0 1 145 1 322 0 l323 -2 0 -323z m-2352 -373 c178 0 277 -4 277 -10
3 -224 1 -646 -3 -652 -3 -4 -150 -7 -326 -5 l-321 3 0 274 c0 163 -4 285 -10
301 -8 21 -7 31 5 44 8 9 15 24 15 32 0 22 18 28 55 20 17 -4 155 -7 308 -7z
m-1243 -30 c0 -35 18 -41 30 -10 11 29 13 29 66 -18 20 -17 47 -18 375 -20
348 -2 354 -2 350 -22 -3 -11 -6 -141 -7 -289 -2 -147 -4 -270 -6 -272 -2 -2
-141 -4 -309 -4 l-304 -1 -5 268 c-3 147 -9 273 -13 280 -4 7 -14 10 -23 6
-13 -5 -14 -84 -14 -626 l1 -620 -683 -2 c-376 -1 -687 0 -693 2 -8 2 -11 941
-5 1345 0 3 8 8 17 10 9 2 288 2 620 0 l603 -2 0 -25z m2218 -304 l2 -330
-321 -3 c-176 -2 -323 1 -326 5 -4 6 -6 433 -3 652 0 7 113 9 322 8 l323 -2 3
-330z m682 3 c0 -182 -2 -333 -4 -335 -2 -2 -145 -2 -316 1 l-311 5 0 324 c0
191 4 327 10 330 5 3 147 6 315 6 l306 0 0 -331z m695 311 c2 -11 3 -159 2
-330 l-2 -310 -318 -5 c-176 -3 -321 -1 -324 3 -3 6 -6 534 -3 652 0 6 114 10
320 10 313 0 321 -1 325 -20z m-2785 -695 c3 0 4 -145 3 -321 l-2 -322 -311 0
-311 0 0 324 c0 178 1 324 1 324 39 0 617 -4 620 -5z m711 -320 l0 -323 -321
0 c-176 0 -323 3 -326 5 -6 6 -6 626 0 636 2 4 149 6 326 6 l321 -2 0 -322z
m694 -1 l0 -322 -323 0 -323 0 0 322 c0 176 1 322 1 324 0 1 145 1 322 0 l323
-1 0 -323z m686 1 l0 -323 -313 1 c-172 0 -315 1 -318 1 -8 1 -6 635 2 641 3
3 146 4 318 4 l311 -1 0 -323z m694 -1 l0 -322 -323 0 -323 0 0 322 c0 176 0
322 1 324 0 1 145 1 322 0 l323 -1 0 -323z m-4182 -697 c-1 -178 -4 -326 -7
-330 -8 -8 -624 -10 -636 -2 -12 7 -17 631 -6 649 5 8 98 11 329 9 l321 -3 -1
-323z m697 316 c1 -11 1 -609 0 -643 0 -10 -639 -15 -641 -5 -3 22 -3 652 0
656 2 2 148 4 323 4 247 0 318 -3 318 -12z m702 -5 c2 -9 1 -158 -2 -331 l-5
-315 -322 -1 -322 -1 -3 320 c-2 176 -1 326 1 333 2 9 76 12 326 12 293 0 324
-2 327 -17z m709 5 c2 -7 3 -157 1 -333 l-3 -320 -322 1 -322 1 -3 331 -2 332
324 0 c250 0 325 -3 327 -12z m694 -322 l0 -329 -322 -1 -322 -1 -3 315 c-2
173 -1 323 1 333 3 16 25 17 325 15 l321 -3 0 -329z m685 2 l0 -333 -312 1
-313 1 -5 319 c-3 175 -1 325 4 332 6 9 82 12 317 12 l309 0 0 -332z m698 17
c1 -171 0 -319 -3 -330 -4 -19 -12 -20 -325 -20 -206 0 -320 4 -320 10 -1 34
-1 632 0 643 0 10 68 12 323 10 l322 -3 3 -310z"/>
<path d="M6074 4821 c-9 -2 -24 -9 -32 -17 -18 -18 -64 -18 -109 1 -39 16
-110 20 -132 6 -11 -7 -9 -12 10 -22 30 -17 122 -38 171 -38 57 -1 68 -9 69
-50 0 -20 4 -54 8 -76 l9 -40 2 50 c2 28 4 65 4 84 1 32 4 34 51 46 28 7 97
15 154 18 57 4 109 11 115 17 5 5 8 11 6 11 -15 4 -311 13 -326 10z"/>
<path d="M5769 4753 c0 -5 0 -62 1 -128 1 -151 0 -149 130 -140 52 4 99 11
104 16 13 12 18 157 6 179 -11 20 -94 50 -140 50 -18 0 -33 6 -36 15 -6 15
-63 22 -65 8z m131 -69 c61 -20 75 -35 61 -63 -7 -12 -17 -18 -26 -15 -20 8
-65 -4 -65 -17 0 -6 17 -9 43 -7 39 2 42 1 42 -22 0 -24 -2 -25 -65 -25 l-65
0 -1 35 c0 19 -4 52 -8 73 -12 62 1 68 84 41z"/>
<path d="M6655 4728 c-16 -5 -61 -17 -100 -27 -58 -15 -72 -22 -84 -45 l-13
-28 -78 6 c-76 7 -77 7 -94 -19 -10 -15 -19 -41 -19 -59 -2 -24 -7 -31 -22
-31 -13 0 -18 5 -16 15 7 21 5 65 -2 84 -4 11 -18 16 -42 16 -43 0 -53 -21
-47 -97 l4 -52 41 -3 c39 -3 42 -5 45 -36 2 -18 -2 -39 -8 -47 -6 -7 -13 -37
-15 -65 -3 -46 -7 -54 -34 -71 -32 -19 -40 -42 -20 -55 8 -4 9 -25 5 -60 -4
-34 -1 -78 8 -117 35 -154 36 -161 19 -174 -32 -24 -40 -15 -45 52 -3 36 -10
71 -16 78 -9 11 -17 193 -11 252 2 11 2 50 1 88 -2 52 -5 67 -17 67 -8 0 -15
-4 -15 -10 0 -5 -7 -10 -15 -10 -8 0 -17 -11 -21 -25 -9 -37 -26 -19 -18 21 5
30 4 34 -15 34 -14 0 -23 -9 -28 -27 -10 -40 -5 -55 29 -83 22 -19 33 -39 39
-73 5 -26 13 -68 18 -94 5 -27 13 -99 17 -160 7 -112 7 -113 -15 -113 -19 0
-22 -5 -19 -32 l3 -33 72 -2 72 -3 7 36 7 37 13 -25 c13 -24 74 -68 94 -68 5
0 14 9 20 21 9 16 8 24 -3 37 -10 11 -17 46 -20 96 -2 43 -9 81 -15 85 -8 5
-12 56 -13 147 -1 139 -1 141 25 167 18 18 26 37 26 62 0 36 -15 46 -37 24
-16 -16 -43 -4 -43 19 0 49 79 77 146 52 50 -19 63 -6 61 60 -1 54 6 81 18 68
5 -5 6 -93 2 -168 l-2 -45 47 -3 c25 -2 52 -10 58 -18 25 -30 41 -17 34 29 -8
53 -16 62 -42 46 -16 -10 -23 -10 -35 0 -12 9 -15 33 -13 103 l2 92 52 14 c29
8 63 11 79 7 27 -6 27 -7 8 -20 -50 -35 -61 -57 -24 -48 12 4 25 0 30 -8 18
-28 10 -39 -31 -39 -43 0 -55 -20 -24 -38 11 -6 13 -11 5 -16 -23 -14 -12 -37
17 -34 27 3 27 3 27 -62 0 -47 -4 -64 -12 -62 -7 1 -19 3 -25 5 -10 1 -13 -58
-15 -265 -2 -230 0 -268 12 -268 8 0 15 5 15 10 0 15 26 12 40 -5 14 -17 75
-20 85 -5 4 6 -4 27 -16 46 -20 33 -22 50 -24 213 -2 100 1 181 6 188 7 8 22
4 55 -14 32 -18 49 -22 56 -15 17 17 1 42 -36 57 -42 18 -58 43 -67 110 -7 51
-21 106 -34 138 -6 13 -2 17 18 17 13 0 38 -7 53 -15 62 -32 81 -16 93 81 11
84 1 100 -53 90 -19 -4 -41 -12 -49 -19 -40 -37 -84 -48 -67 -18 15 29 12 58
-6 65 -9 3 -16 6 -17 5 -1 0 -15 -5 -32 -11z m195 -83 c9 -11 8 -19 -7 -39
-22 -31 -68 -35 -83 -7 -14 27 -13 28 18 45 35 19 56 20 72 1z m-415 -69 c23
-16 14 -42 -19 -57 -48 -22 -77 19 -40 55 19 20 35 20 59 2z m-177 -238 c-4
-28 -19 -27 -30 1 -6 17 -3 21 13 21 15 0 20 -5 17 -22z m-6 -213 c5 -48 4
-83 -2 -89 -7 -7 -10 2 -10 25 0 18 -7 59 -15 89 -8 30 -15 56 -15 58 0 2 8 2
18 0 14 -3 18 -18 24 -83z m24 -222 c6 -32 5 -33 -26 -33 l-33 0 6 54 c3 30
11 65 18 78 14 25 13 29 35 -99z"/>
<path d="M6564 4545 c-7 -17 4 -38 15 -30 5 2 11 14 14 25 6 23 -20 29 -29 5z"/>
<path d="M6056 4466 c-8 -32 -1 -45 16 -28 8 8 8 18 1 34 -10 22 -10 22 -17
-6z"/>
<path d="M6373 4014 c-12 -5 -19 -34 -9 -34 2 0 39 -7 80 -15 78 -14 110 -12
103 9 -7 22 -144 54 -174 40z"/>
<path d="M5895 3850 c-33 -5 -77 -14 -97 -21 -37 -14 -50 -36 -25 -44 24 -8
162 -14 199 -8 33 5 35 7 25 24 -9 14 -9 21 1 31 29 29 13 32 -103 18z"/>
<path d="M5632 3759 c2 -7 10 -15 17 -17 8 -3 12 1 9 9 -2 7 -10 15 -17 17 -8
3 -12 -1 -9 -9z"/>
<path d="M3380 2141 c0 -12 62 -51 72 -45 5 3 -8 16 -27 30 -39 26 -45 28 -45
15z"/>
<path d="M2425 2071 c-8 -15 3 -31 21 -31 9 0 14 7 12 17 -4 20 -24 28 -33 14z"/>
<path d="M2738 1963 c-27 -2 -48 -8 -48 -14 0 -5 -6 -9 -13 -9 -8 0 -24 -11
-37 -25 -13 -14 -31 -25 -41 -25 -26 0 -31 -15 -34 -91 -2 -37 -6 -72 -9 -78
-3 -5 8 -20 25 -34 29 -23 33 -23 61 -10 26 13 28 19 22 47 -3 17 -11 37 -16
44 -8 9 -6 12 8 12 10 0 29 11 43 24 15 14 42 28 61 33 21 5 39 18 45 31 12
26 34 37 49 22 18 -18 13 -95 -6 -117 -10 -11 -18 -34 -18 -51 0 -17 -7 -37
-15 -44 -9 -7 -22 -19 -30 -25 -18 -17 -36 -16 -63 3 -35 24 -44 8 -21 -37 13
-27 18 -50 14 -69 -8 -36 9 -46 41 -25 21 13 24 21 19 46 -5 23 -3 31 12 36
27 10 83 73 83 93 0 9 20 38 44 65 l44 48 -14 46 c-7 25 -14 47 -14 49 0 6
-129 62 -137 60 -5 -1 -29 -3 -55 -5z"/>
<path d="M2415 1751 c-3 -5 -1 -12 4 -15 13 -8 42 4 35 15 -7 12 -31 12 -39 0z"/>
<path d="M3228 1448 l-3 -313 -26 -3 c-27 -3 -33 2 -79 58 -14 18 -34 30 -47
30 -13 0 -23 -2 -23 -4 0 -6 67 -109 84 -128 11 -13 26 -15 75 -11 53 5 61 4
56 -10 -5 -11 4 -18 29 -27 59 -19 79 10 24 34 -32 14 -32 14 -8 17 14 1 36 2
50 3 15 1 26 8 28 19 4 18 -2 19 -73 21 l-40 1 -2 145 c-1 80 -2 220 -2 313
-1 160 -2 167 -21 167 -19 0 -20 -8 -22 -312z"/>
<path d="M2351 1667 c-15 -19 4 -41 52 -61 44 -18 45 -13 12 37 -27 39 -45 46
-64 24z"/>
<path d="M2575 1630 c-9 -15 -73 -40 -101 -40 -13 0 -25 -8 -28 -18 -4 -10
-24 -28 -45 -40 -41 -23 -54 -43 -45 -67 8 -21 21 -19 34 5 6 11 17 20 24 20
8 0 19 7 26 15 14 16 80 21 80 5 0 -14 71 -80 87 -80 7 0 34 -20 61 -45 46
-44 72 -56 72 -34 0 17 -141 149 -177 164 -38 18 -35 42 8 74 16 12 29 28 29
36 0 17 -16 20 -25 5z"/>
<path d="M2820 1527 c0 -20 36 -51 45 -38 8 14 -1 28 -26 41 -14 8 -19 7 -19
-3z"/>
<path d="M2957 1524 c-22 -22 19 -112 71 -158 12 -11 22 -24 22 -30 0 -18 78
-88 90 -81 18 11 11 26 -31 66 -34 33 -40 44 -35 65 6 22 -2 35 -46 83 -59 62
-61 64 -71 55z"/>
<path d="M2456 1451 c-3 -4 21 -25 53 -45 66 -40 91 -72 91 -114 0 -31 -18
-51 -64 -70 -26 -12 -27 -14 -13 -30 8 -9 17 -26 19 -37 2 -13 11 -20 28 -20
50 -1 151 -18 156 -26 3 -5 16 -9 29 -9 13 0 27 -4 30 -10 8 -12 45 -13 45 -2
0 5 -18 17 -39 27 -22 9 -42 26 -45 38 -4 18 -10 19 -70 14 -59 -6 -67 -4 -76
14 -12 22 -6 39 15 39 20 0 35 32 35 73 0 32 -43 106 -63 107 -10 0 -71 43
-75 53 -5 10 -50 9 -56 -2z"/>
<path d="M2866 1424 c-7 -24 -8 -25 -25 -10 -10 9 -21 13 -24 9 -4 -3 -7 -41
-7 -84 0 -77 0 -78 -35 -107 -25 -20 -34 -34 -29 -46 9 -24 38 -16 42 12 2 13
10 22 22 22 28 0 50 44 50 100 0 38 4 50 15 50 11 0 15 11 15 40 0 45 -14 53
-24 14z"/>
<path d="M2306 1339 c-36 -67 -38 -73 -26 -108 13 -40 14 -64 4 -128 -4 -29
-2 -43 5 -43 6 0 11 8 11 17 0 13 3 14 12 5 8 -8 8 -15 -1 -25 -16 -20 -19
-89 -4 -94 7 -3 17 7 22 20 9 23 16 26 73 29 35 2 79 0 98 -4 19 -4 77 -5 128
-2 l92 7 0 -27 c0 -23 -4 -26 -32 -26 -48 -1 -170 -34 -166 -45 2 -6 14 -9 28
-8 100 9 162 20 168 30 4 6 28 13 52 15 37 2 45 7 45 23 0 13 -12 23 -40 33
-80 28 -114 45 -120 60 -5 13 -8 12 -21 -6 -16 -24 -68 -28 -147 -14 -37 7
-39 10 -83 107 -39 86 -46 110 -48 172 -1 39 -4 74 -7 77 -3 3 -22 -26 -43
-65z"/>
<path d="M2896 1344 c-5 -19 0 -37 19 -66 14 -21 30 -36 35 -33 15 9 12 31 -5
45 -8 7 -15 23 -15 35 0 12 -6 28 -14 34 -11 9 -15 6 -20 -15z"/>
<path d="M2960 1216 c0 -23 -22 -31 -32 -12 -6 10 -22 16 -43 16 -28 0 -35 -4
-35 -20 0 -12 10 -25 25 -32 30 -14 31 -22 5 -55 -11 -14 -20 -34 -20 -44 0
-11 -4 -19 -10 -19 -5 0 -10 -11 -10 -25 0 -20 5 -25 25 -25 32 0 58 46 41 73
-13 21 5 37 45 37 28 0 56 -39 51 -72 -2 -12 5 -21 21 -27 13 -5 31 -21 40
-35 16 -24 22 -26 80 -23 69 4 87 11 87 33 0 15 -19 25 -88 44 -30 8 -49 20
-59 38 -18 31 -80 82 -100 82 -7 0 -13 -7 -13 -15 0 -8 -7 -15 -15 -15 -8 0
-15 9 -15 20 0 11 4 20 9 20 6 0 21 11 35 23 19 18 23 26 14 35 -17 17 -38 15
-38 -2z"/>
<path d="M8127 4874 c-4 -4 -7 -18 -7 -30 0 -17 7 -25 26 -30 31 -8 47 6 42
37 -2 17 -10 25 -28 27 -14 2 -29 0 -33 -4z"/>
<path d="M8447 4874 c-4 -4 -7 -17 -7 -29 0 -19 7 -23 48 -28 33 -4 51 -1 62
9 13 12 13 16 0 28 -17 16 -92 31 -103 20z"/>
<path d="M7190 4793 c-42 -16 -60 -46 -60 -98 0 -73 27 -97 101 -93 l54 3 7
45 c4 25 9 56 13 70 11 44 -66 93 -115 73z m54 -41 c9 -14 -6 -52 -20 -52 -16
0 -33 30 -27 48 5 13 39 17 47 4z m5 -81 c19 -12 5 -31 -23 -31 -29 0 -39 10
-25 27 13 15 28 16 48 4z"/>
<path d="M7358 4793 c-26 -6 -22 -36 7 -63 31 -29 31 -37 -1 -71 -31 -33 -26
-59 10 -59 19 0 27 7 32 25 8 33 40 33 48 -1 5 -19 12 -25 29 -22 30 4 35 43
8 60 -27 17 -26 34 4 70 30 36 31 44 4 58 -25 14 -46 0 -51 -33 -4 -28 -31
-29 -36 -2 -5 22 -21 46 -31 44 -3 -1 -14 -3 -23 -6z"/>
<path d="M7639 4778 c-11 -20 -12 -21 -25 -4 -7 10 -22 16 -36 14 -23 -3 -23
-5 -24 -135 -2 -125 -1 -131 19 -137 32 -8 50 12 43 50 -4 17 -2 44 4 59 7 20
8 31 0 39 -24 24 3 86 38 86 20 0 15 -97 -5 -108 -19 -11 -11 -42 12 -42 56 0
78 122 30 174 -29 32 -41 33 -56 4z"/>
<path d="M7810 4793 c-48 -19 -66 -108 -33 -164 15 -25 23 -29 63 -29 68 0 91
26 83 92 -6 44 3 48 44 16 15 -13 37 -28 47 -34 11 -6 22 -16 24 -22 5 -16
-31 -15 -46 0 -17 17 -36 -4 -27 -31 12 -40 135 -22 135 20 0 17 15 9 25 -13
11 -26 50 -36 57 -16 7 24 -7 181 -17 185 -27 8 -40 -17 -38 -71 3 -62 -12
-82 -35 -48 -8 12 -22 22 -31 22 -19 0 -63 44 -54 54 12 12 42 6 51 -10 6 -11
16 -14 31 -9 20 6 20 7 3 30 -25 35 -93 35 -135 -1 l-30 -26 -16 26 c-19 32
-61 44 -101 29z m55 -93 c0 -48 -2 -55 -20 -55 -16 0 -21 8 -23 44 -4 54 3 73
25 69 15 -3 18 -14 18 -58z"/>
<path d="M8262 4775 c-28 -23 -30 -29 -26 -81 3 -45 10 -63 35 -92 l31 -35
-26 -14 c-14 -7 -26 -18 -26 -22 0 -9 24 -21 41 -21 16 0 59 51 59 69 0 9 9
24 20 34 39 33 18 69 -25 41 -39 -25 -55 -12 -55 45 0 56 13 71 39 47 21 -19
61 -21 61 -3 0 22 -44 57 -72 57 -15 0 -40 -11 -56 -25z"/>
<path d="M8485 4793 c-33 -5 -65 -29 -65 -50 0 -7 7 -13 15 -13 8 0 15 7 15
15 0 10 10 15 29 15 41 0 48 -18 14 -31 -66 -25 -92 -79 -55 -112 23 -21 131
-24 133 -4 1 6 0 41 -1 77 -1 50 -7 70 -23 88 -11 12 -23 21 -26 21 -3 -1 -19
-4 -36 -6z m35 -123 c0 -23 -26 -38 -41 -23 -14 14 0 43 22 43 12 0 19 -7 19
-20z"/>
<path d="M8651 4773 c-28 -27 -29 -30 -22 -91 8 -72 17 -82 79 -82 60 0 82 25
82 95 0 46 -4 58 -27 80 -36 33 -75 32 -112 -2z m74 -73 c0 -48 -2 -55 -20
-55 -16 0 -21 8 -23 44 -4 54 3 73 25 69 15 -3 18 -14 18 -58z"/>
<path d="M332 1972 c-9 -6 -12 -41 -10 -138 l3 -129 67 -3 c50 -2 74 1 92 14
25 16 25 18 23 125 -2 70 -7 113 -15 121 -15 15 -141 23 -160 10z m112 -38 c9
-3 16 -15 16 -25 0 -22 -41 -45 -64 -36 -16 6 -22 48 -9 60 8 9 36 9 57 1z m0
-100 c25 -24 20 -71 -9 -90 -20 -13 -28 -14 -40 -4 -15 13 -20 65 -9 94 8 20
38 21 58 0z"/>
<path d="M564 1965 c-9 -23 5 -65 21 -65 19 0 40 43 32 64 -8 20 -46 21 -53 1z"/>
<path d="M674 1972 c-7 -4 -10 -54 -9 -137 l1 -130 24 0 25 0 0 135 c0 112 -3
135 -15 137 -8 2 -20 0 -26 -5z"/>
<path d="M777 1974 c-4 -4 -7 -68 -7 -141 l0 -134 28 3 c26 3 27 5 27 68 0 71
8 92 30 84 10 -4 15 -27 17 -77 3 -69 4 -72 28 -72 23 0 25 4 28 55 4 75 -4
113 -29 128 -18 11 -24 11 -40 -4 -22 -20 -27 -12 -31 51 -2 31 -7 41 -23 43
-12 2 -24 0 -28 -4z"/>
<path d="M1623 1969 c-9 -9 -9 -18 2 -38 10 -20 11 -46 4 -111 -10 -100 -6
-120 26 -120 29 0 33 16 24 120 -4 62 -3 92 7 111 15 30 3 49 -31 49 -12 0
-26 -5 -32 -11z"/>
<path d="M1196 1929 c-26 -21 -35 -62 -16 -74 6 -3 10 -32 10 -64 0 -60 18
-91 52 -91 24 0 27 10 12 38 -16 32 -18 87 -4 129 11 31 -1 83 -18 83 -5 0
-21 -9 -36 -21z"/>
<path d="M1002 1887 c-31 -32 -32 -137 -2 -167 29 -29 90 -27 118 3 12 13 19
27 15 30 -12 12 -46 7 -64 -9 -16 -14 -18 -14 -29 5 -16 31 -5 41 46 41 l44 0
0 39 c0 71 -82 108 -128 58z m76 -44 c5 -17 -26 -29 -40 -15 -6 6 -7 15 -3 22
9 14 37 9 43 -7z"/>
<path d="M1340 1903 c-32 -12 -50 -48 -50 -101 0 -77 20 -102 80 -102 34 0 52
5 64 19 30 33 -2 55 -43 29 -24 -15 -53 -3 -49 19 2 14 16 19 53 23 47 5 50 7
53 36 2 18 -4 39 -15 52 -19 23 -67 36 -93 25z m53 -57 c7 -19 -1 -26 -30 -26
-22 0 -31 19 -16 33 11 12 41 7 46 -7z"/>
<path d="M1523 1903 c-29 -6 -35 -29 -31 -123 3 -74 4 -75 31 -78 l27 -3 0 70
c0 67 14 101 41 101 15 0 10 27 -7 34 -16 6 -24 6 -61 -1z"/>
<path d="M1752 1885 c-23 -24 -22 -59 1 -36 6 6 17 11 24 11 22 0 14 -25 -17
-50 -34 -29 -37 -56 -10 -88 17 -20 27 -23 77 -20 l58 3 3 82 c3 80 2 81 -27
102 -39 28 -80 27 -109 -4z m88 -103 c0 -26 -25 -56 -38 -48 -16 10 -15 53 1
59 24 10 37 7 37 -11z"/>
<path d="M567 1883 c-4 -3 -7 -46 -7 -95 l0 -89 28 3 c26 3 27 5 30 73 4 86
-3 115 -27 115 -10 0 -21 -3 -24 -7z"/>
</g>
</svg>
