<?xml version="1.0" encoding="UTF-8" standalone="no"?>
<svg
   xmlns:dc="http://purl.org/dc/elements/1.1/"
   xmlns:cc="http://creativecommons.org/ns#"
   xmlns:rdf="http://www.w3.org/1999/02/22-rdf-syntax-ns#"
   xmlns:svg="http://www.w3.org/2000/svg"
   xmlns="http://www.w3.org/2000/svg"
   xmlns:sodipodi="http://sodipodi.sourceforge.net/DTD/sodipodi-0.dtd"
   xmlns:inkscape="http://www.inkscape.org/namespaces/inkscape"
   version="1.0"
   width="900.000000pt"
   height="525.000000pt"
   viewBox="0 0 900.000000 525.000000"
   preserveAspectRatio="xMidYMid meet"
   id="svg3605"
   inkscape:version="0.48.4 r9939"
   sodipodi:docname="9b.svg">
  <defs
     id="defs3657" />
  <sodipodi:namedview
     pagecolor="#ffffff"
     bordercolor="#666666"
     borderopacity="1"
     objecttolerance="10"
     gridtolerance="10"
     guidetolerance="10"
     inkscape:pageopacity="0"
     inkscape:pageshadow="2"
     inkscape:window-width="1600"
     inkscape:window-height="824"
     id="namedview3655"
     showgrid="false"
     inkscape:zoom="1.0171563"
     inkscape:cx="581.44263"
     inkscape:cy="491.26243"
     inkscape:window-x="0"
     inkscape:window-y="24"
     inkscape:window-maximized="1"
     inkscape:current-layer="svg3605" />
  <metadata
     id="metadata3607">
Created by potrace 1.10, written by Peter Selinger 2001-2011
<rdf:RDF>
  <cc:Work
     rdf:about="">
    <dc:format>image/svg+xml</dc:format>
    <dc:type
       rdf:resource="http://purl.org/dc/dcmitype/StillImage" />
  </cc:Work>
</rdf:RDF>
</metadata>
  <g
     transform="translate(0.000000,525.000000) scale(0.100000,-0.100000)"
     fill="#000000"
     stroke="none"
     id="g3609">
    <path
       d="M109 5094 c-5 -7 -8 -794 -7 -1975 l3 -1964 1968 -3 c1082 -1 1968 1 1968 5 6 27 4 3924 -1 3933 -9 15 -3918 19 -3931 4z m498 -58 c8 -8 7 -405 -1 -413 -3 -3 -96 -6 -206 -7 -170 -1 -203 1 -211 14 -8 13 -10 13 -19 0 -12 -18 -11 -36 -13 205 -1 199 -1 200 20 197 12 -2 23 1 26 5 6 9 395 8 404 -1z m482 -7 c3 -8 4 -104 1 -213 l-5 -200 -203 1 c-111 0 -206 3 -210 7 -4 4 -6 78 -4 164 2 92 -1 171 -8 192 -18 61 -5 65 224 64 161 -1 200 -3 205 -15z m469 7 c8 -5 9 -42 5 -120 -4 -74 -2 -136 7 -180 15 -83 10 -88 -73 -83 -55 3 -59 2 -82 -29 -21 -28 -24 -40 -19 -74 4 -26 1 -62 -9 -98 -20 -72 -36 -159 -45 -239 -4 -34 -13 -68 -20 -75 -14 -14 -161 -13 -175 2 -9 8 -12 398 -4 407 3 3 50 6 105 7 111 1 147 15 117 45 -12 13 -36 16 -115 14 -55 0 -103 3 -106 8 -11 18 -8 411 3 417 14 9 397 7 411 -2z m478 -8 c12 -12 13 -23 3 -68 -13 -63 -7 -216 10 -248 34 -64 55 15 49 185 -3 77 -1 136 5 140 5 3 96 6 203 6 222 1 231 -2 214 -63 -13 -46 -13 -186 1 -250 17 -81 19 -80 -214 -80 -172 0 -203 2 -219 17 -17 15 -19 15 -37 -1 -16 -14 -43 -16 -227 -14 l-209 3 1 189 c1 116 6 191 12 195 5 3 96 5 202 5 153 -1 195 -4 206 -16z m959 1 c11 -11 12 -23 4 -59 -6 -25 -9 -114 -7 -200 l3 -155 -172 0 c-124 0 -175 -3 -184 -12 -17 -17 -29 -16 -29 1 0 7 -8 24 -18 37 -17 21 -19 44 -18 204 1 99 4 185 8 190 4 6 82 10 202 9 157 0 199 -3 211 -15z m474 0 c4 -8 4 -104 1 -213 l-5 -200 -205 0 -205 0 -3 204 c-1 113 -1 209 2 215 2 6 75 10 206 9 161 -1 204 -4 209 -15z m478 -194 c2 -116 0 -215 -5 -222 -5 -8 -22 -8 -62 -1 -31 6 -118 8 -198 5 -78 -3 -144 -1 -147 3 -8 12 -10 404 -3 416 4 5 93 9 210 9 l203 -1 2 -209z m53 -11 c0 -141 -3 -213 -10 -209 -6 4 -10 85 -10 209 0 178 3 216 17 216 2 0 3 -97 3 -216z m-2430 -272 c20 -16 21 -21 11 -41 -8 -15 -13 -82 -13 -197 -1 -198 8 -181 -98 -186 l-55 -3 2 30 c1 17 9 64 17 105 9 41 21 104 26 140 9 55 18 94 36 158 5 18 48 15 74 -6z m919 9 c12 -8 13 -17 4 -48 -14 -48 -33 -142 -43 -213 -7 -47 -21 -113 -37 -169 -2 -10 -12 -11 -36 -6 -17 5 -85 9 -149 10 -65 1 -120 4 -124 7 -3 4 -7 85 -7 182 -2 188 -9 218 -45 183 -15 -16 -17 -39 -17 -187 0 -92 -3 -172 -7 -176 -9 -8 -396 -9 -404 -1 -4 3 -8 86 -9 184 -2 98 -4 189 -6 203 l-4 25 419 2 c230 1 421 5 424 8 8 8 25 6 41 -4z m330 -8 c96 -1 178 -6 183 -11 4 -4 3 -25 -3 -47 -8 -26 -10 -96 -6 -197 3 -87 2 -158 -1 -158 -4 -1 -100 -2 -215 -3 -178 -2 -208 0 -212 13 -8 28 -8 164 0 278 7 98 11 115 29 128 12 8 27 11 36 7 8 -4 93 -9 189 -10z m-2245 -6 l39 -2 -1 -198 c0 -109 -2 -201 -5 -203 -3 -3 -96 -6 -207 -7 -156 0 -203 2 -210 12 -4 8 -13 10 -19 7 -14 -9 -12 -27 -14 198 -1 188 -1 189 21 191 12 1 24 4 26 6 4 4 288 1 370 -4z m2895 -4 c3 -4 4 -97 1 -207 l-5 -199 -205 0 -205 0 -3 199 c-1 109 -1 203 2 209 4 12 406 10 415 -2z m476 -199 l0 -208 -203 1 c-112 1 -206 3 -208 6 -7 6 -7 393 -1 404 3 4 97 7 209 7 l203 -2 0 -208z m57 -9 c-2 -116 -7 -195 -12 -195 -12 0 -14 403 -3 414 15 15 18 -28 15 -219z m-2910 208 c2 -5 1 -97 -2 -207 l-5 -199 -203 0 c-111 0 -206 4 -210 8 -4 3 -5 79 -4 168 3 104 0 172 -8 191 -8 23 -8 31 2 38 16 10 426 11 430 1z m1456 -366 c-2 -32 -8 -43 -22 -45 -17 -4 -18 1 -13 47 3 28 9 56 13 63 12 19 25 -20 22 -65z m-1242 -103 c4 -15 -1 -61 -10 -103 -28 -124 -35 -162 -45 -235 -6 -38 -14 -73 -19 -78 -5 -5 -29 -8 -53 -6 l-43 3 1 210 1 210 66 6 c36 3 69 9 73 12 13 13 23 7 29 -19z m184 10 c86 -13 78 6 73 -171 -3 -88 -1 -177 5 -201 8 -36 7 -44 -7 -51 -23 -13 -229 -13 -236 0 -4 6 0 38 8 72 24 94 47 215 47 240 0 13 7 47 16 76 14 47 18 52 37 47 12 -4 38 -9 57 -12z m914 0 c3 -8 1 -24 -4 -34 -6 -10 -10 -33 -10 -51 0 -18 -6 -55 -14 -83 -15 -52 -33 -146 -43 -223 l-5 -43 -97 0 c-151 0 -136 -22 -134 212 1 110 5 203 8 207 4 3 57 6 118 6 67 1 120 6 132 13 28 16 42 15 49 -4z m120 -2 c14 -17 15 -30 5 -122 -6 -57 -9 -147 -7 -201 3 -77 1 -100 -10 -104 -21 -8 -90 -6 -96 3 -4 7 20 143 50 282 8 36 14 79 14 97 0 35 8 63 20 63 4 0 14 -8 24 -18z m323 -9 c160 6 169 3 153 -54 -14 -47 -13 -263 2 -310 6 -22 8 -42 5 -45 -8 -8 -428 -11 -432 -3 -2 3 -5 97 -6 208 -1 146 2 205 10 211 7 4 38 3 69 -3 31 -5 121 -7 199 -4z m430 2 c101 -1 185 -4 189 -7 7 -8 8 -398 0 -405 -3 -3 -97 -6 -208 -6 l-203 0 -3 194 c-3 217 0 245 26 233 9 -5 99 -9 199 -9z m668 -7 c3 -13 4 -111 3 -217 l-3 -195 -205 1 c-113 1 -207 2 -210 2 -6 1 -2 399 4 410 3 4 72 6 153 4 81 -2 168 0 193 5 25 6 48 10 52 11 4 1 10 -9 13 -21z m-3335 3 c10 -2 5 -411 -5 -412 -18 -1 -399 -1 -425 0 l-25 1 1 202 c1 178 3 203 17 200 9 -1 18 1 20 5 4 6 384 9 417 4z m475 -3 c11 -10 10 -408 0 -409 -36 -3 -427 0 -430 3 -3 2 0 22 6 44 7 24 10 101 7 201 -2 90 -1 164 4 165 15 5 408 1 413 -4z m955 -4 c5 -5 5 -24 0 -49 -12 -49 -12 -245 -1 -303 5 -27 5 -45 -2 -49 -7 -4 -361 -8 -412 -4 -6 1 -9 76 -8 208 1 115 2 208 3 208 287 0 412 -3 420 -11z m1960 -194 c0 -133 -4 -210 -10 -210 -6 0 -10 74 -10 203 0 179 3 217 17 217 2 0 3 -94 3 -210z m-2775 -261 c4 -5 0 -38 -8 -72 -17 -67 -29 -137 -48 -262 -16 -109 -15 -108 -38 -96 -10 6 -21 7 -25 4 -8 -8 -433 -6 -446 2 -5 3 -4 20 1 38 6 17 9 111 7 207 l-3 175 213 3 c116 1 212 -1 213 -5 0 -5 2 -84 3 -178 2 -93 8 -183 12 -200 l8 -30 7 30 c4 17 7 107 8 202 1 153 3 173 19 182 23 14 69 14 77 0z m331 -4 c8 -2 10 -52 7 -167 -3 -91 -1 -182 5 -206 5 -23 6 -44 2 -47 -15 -9 -320 -11 -329 -2 -5 5 -2 41 6 80 29 145 44 223 50 272 10 84 7 82 135 78 62 -3 118 -6 124 -8z m751 7 c11 -7 7 -42 -18 -152 -10 -42 -24 -125 -35 -210 -11 -82 -10 -80 -67 -80 -100 0 -92 -17 -90 217 1 113 5 209 10 214 4 4 44 10 88 12 44 1 85 4 90 5 6 1 15 -2 22 -6z m193 -2 c22 -14 22 -429 0 -433 -8 -2 -51 -3 -95 -3 -65 1 -80 4 -79 16 2 14 33 180 54 283 6 27 10 59 10 72 0 13 4 35 10 49 8 22 16 26 47 26 21 0 45 -5 53 -10z m-1894 -11 c3 -6 7 -102 8 -214 l1 -204 -200 -3 c-110 -2 -213 -2 -230 0 l-30 4 1 206 c1 182 3 207 17 204 8 -1 18 2 22 8 9 14 402 14 411 -1z m1426 -149 c-2 -85 1 -177 7 -205 5 -27 6 -54 2 -58 -6 -6 -265 -11 -411 -7 -13 0 -15 29 -13 207 1 115 2 211 3 216 0 4 93 6 208 5 l207 -3 -3 -155z m967 141 c7 -12 7 -30 1 -52 -13 -44 -12 -252 1 -308 5 -24 8 -46 5 -48 -3 -3 -349 -6 -421 -3 -7 0 -10 73 -9 213 1 116 2 213 3 215 0 1 93 2 206 2 189 0 205 -1 214 -19z m471 7 c4 -269 4 -418 0 -418 -3 0 -97 -1 -210 -1 l-205 -1 -3 216 -2 216 210 0 c161 0 210 -3 210 -12z m478 -204 l-3 -217 -205 1 c-113 1 -207 2 -210 2 -4 0 -4 265 0 418 0 9 49 12 210 12 l210 0 -2 -216z m53 -211 c-1 -7 -7 -10 -12 -7 -11 6 -12 417 -1 428 7 8 20 -397 13 -421z m-2903 -56 c11 -13 -2 -259 -14 -279 -3 -5 -10 -39 -14 -75 -5 -36 -14 -70 -22 -75 -7 -4 -31 -5 -53 -1 -22 3 -102 6 -177 6 -84 -1 -140 3 -144 9 -4 6 -7 101 -7 212 l0 201 194 5 c107 3 201 7 210 8 9 1 21 -4 27 -11z m451 0 c12 -2 15 -33 17 -177 1 -96 4 -188 6 -205 l3 -30 -205 -5 c-135 -4 -209 -2 -217 5 -9 7 -10 20 -4 45 35 138 39 158 57 300 3 30 10 60 15 66 7 8 267 9 328 1z m670 -1 c8 -10 7 -32 -4 -87 -27 -126 -45 -232 -45 -270 0 -43 -29 -76 -57 -64 -10 4 -127 7 -259 6 -267 -3 -263 -4 -243 61 6 18 9 105 7 193 l-3 160 211 3 212 2 -2 -157 c-1 -166 5 -213 29 -213 22 0 27 32 28 202 2 151 3 161 22 169 33 13 92 10 104 -5z m298 -13 c8 -11 9 -22 1 -42 -6 -15 -8 -95 -6 -196 l3 -170 -130 -6 c-71 -3 -134 -4 -138 -1 -10 5 -7 31 21 167 11 55 26 136 32 180 7 44 17 83 22 86 20 13 182 -3 195 -18z m954 4 c0 -12 0 -381 -1 -403 0 -8 -54 -12 -187 -12 -104 0 -197 -2 -208 -4 -19 -3 -20 3 -23 211 -1 123 2 217 7 220 5 3 99 5 210 3 149 -2 201 -6 202 -15z m474 -203 c0 -213 -1 -219 -20 -216 -11 2 -104 4 -207 4 -129 1 -188 5 -188 12 -1 21 -1 391 -1 403 1 9 51 13 199 15 108 2 202 3 207 2 6 0 10 -81 10 -220z m-3333 6 c-1 -113 -1 -208 -2 -211 0 -9 -403 -5 -417 4 -7 5 -18 5 -23 2 -6 -3 -10 -3 -10 2 -7 350 -5 403 12 397 10 -3 18 0 18 6 0 7 64 10 212 8 l212 -3 -2 -205z m2388 195 c9 -11 9 -22 1 -46 -13 -38 -15 -261 -2 -305 17 -61 13 -62 -216 -60 l-207 1 -1 213 -1 212 207 0 c170 0 209 -3 219 -15z m1002 -215 c-2 -119 -7 -200 -12 -200 -12 0 -14 413 -3 424 15 15 18 -29 15 -224z m-1610 -256 c122 -1 143 -10 127 -52 -6 -16 -9 -96 -7 -194 2 -102 -1 -171 -7 -176 -6 -6 -40 -6 -85 -1 -41 5 -127 7 -191 3 -88 -5 -118 -3 -124 6 -4 7 -9 83 -10 169 -2 86 -5 170 -6 186 l-4 30 66 3 c51 2 71 7 85 23 12 13 23 17 33 12 9 -4 64 -8 123 -9z m-1818 -7 l39 -2 0 -197 c-1 -108 -4 -202 -8 -208 -5 -8 -41 -10 -124 -5 -64 3 -150 2 -191 -3 -59 -7 -78 -7 -91 4 -8 8 -22 14 -30 14 -12 0 -14 33 -12 197 1 227 0 212 13 193 8 -13 11 -13 24 0 13 12 44 15 178 12 90 -1 181 -3 202 -5z m467 -4 c8 -6 23 -12 34 -15 21 -3 20 13 15 -384 0 -12 -403 -14 -415 -2 -12 12 -10 399 2 406 20 12 349 7 364 -5z m1955 -5 c11 -10 11 -22 4 -48 -12 -41 -12 -276 -1 -305 5 -11 5 -27 0 -36 -7 -14 -36 -16 -216 -15 l-208 1 -1 200 c0 110 3 205 7 210 12 16 399 10 415 -7z m471 9 c7 -8 5 -395 -2 -408 -5 -7 -46 -8 -129 -4 -66 3 -155 2 -196 -4 -56 -7 -77 -7 -82 2 -8 12 -11 410 -4 418 6 6 407 2 413 -4z m478 -208 l0 -214 -25 3 c-14 2 -104 4 -202 5 -97 1 -179 5 -183 8 -7 8 -9 394 -2 406 3 4 97 8 209 7 l203 -1 0 -214z m55 5 c0 -141 -3 -213 -10 -209 -6 4 -10 85 -10 209 0 178 3 216 17 216 2 0 3 -97 3 -216z m-2428 151 c-2 -16 -5 -101 -6 -188 -2 -86 -6 -161 -10 -165 -9 -8 -416 -12 -416 -3 0 3 -2 93 -3 199 l-3 192 221 -2 220 -3 -3 -30z m483 19 c15 -15 15 -18 -1 -35 -20 -22 -31 -211 -16 -275 16 -69 17 -69 -213 -70 -113 0 -205 2 -205 5 -1 3 -2 93 -3 199 l-2 192 212 0 c182 0 214 -2 228 -16z m1890 -446 c3 -13 4 -113 3 -222 l-3 -199 -205 2 c-113 1 -206 4 -208 6 -6 6 -4 407 2 413 3 3 86 4 183 3 107 -1 184 3 193 9 22 15 29 12 35 -12z m-3371 -1 l39 -2 0 -198 c-1 -110 -5 -203 -9 -207 -14 -14 -392 -14 -408 -1 -7 6 -20 9 -27 6 -12 -4 -14 28 -13 192 1 169 4 198 16 195 9 -1 20 3 26 10 8 10 51 12 174 10 89 -1 181 -3 202 -5z m512 0 c3 -3 7 -305 4 -399 0 -17 -17 -18 -210 -18 -133 0 -210 4 -211 10 -6 87 1 392 9 402 8 10 59 13 207 11 108 0 198 -3 201 -6z m472 -1 c3 -3 5 -97 5 -208 l0 -203 -211 -3 c-166 -2 -212 0 -213 10 -3 60 1 399 4 405 6 9 406 7 415 -1z m469 1 c5 -3 8 -97 8 -209 l-1 -203 -207 -3 c-162 -2 -207 0 -208 10 -3 60 1 399 4 405 5 8 391 8 404 0z m280 2 c78 0 153 3 166 6 15 4 28 2 32 -6 5 -7 8 -103 8 -213 l0 -201 -206 -3 c-162 -2 -207 0 -208 10 0 7 0 98 0 203 -1 171 1 190 17 202 10 8 25 11 34 8 8 -4 79 -6 157 -6z m681 -3 c6 -3 7 -73 4 -165 -3 -99 -1 -170 6 -189 8 -22 7 -35 -1 -46 -11 -14 -38 -16 -217 -14 l-205 3 -1 200 c0 110 3 205 7 210 8 10 390 12 407 1z m479 1 c5 -6 6 -407 0 -413 -2 -3 -96 -5 -208 -5 l-204 -1 -3 194 c-1 106 0 202 2 213 5 19 13 20 206 18 111 -1 204 -3 207 -6z m533 -203 c0 -141 -3 -213 -10 -209 -6 4 -10 85 -10 209 0 178 3 216 17 216 2 0 3 -97 3 -216z m-55 -480 l0 -218 -203 -1 c-125 0 -206 4 -211 10 -4 6 -5 103 -3 217 l4 208 136 -6 c76 -3 164 -1 197 4 33 5 65 9 70 7 6 -1 10 -83 10 -221z m-3339 204 c8 -9 9 -406 1 -415 -10 -9 -408 -9 -414 0 -2 4 -12 5 -21 3 -16 -5 -17 12 -16 202 1 181 3 207 17 204 8 -1 18 1 20 5 6 10 403 10 413 1z m479 0 c7 -7 10 -402 2 -414 -4 -7 -385 -11 -417 -5 -7 1 -4 407 3 418 6 9 403 11 412 1z m471 -1 c8 -7 12 -416 4 -418 -32 -6 -413 -2 -417 5 -4 6 -7 379 -4 416 1 8 409 5 417 -3z m475 3 c4 -25 3 -420 -1 -421 -31 -6 -403 -2 -407 5 -4 6 -7 379 -3 416 0 3 92 5 205 5 113 0 205 -2 206 -5z m483 -208 c0 -116 -1 -212 -4 -213 -31 -6 -403 -2 -407 5 -7 11 -7 402 0 413 3 4 96 8 207 8 l202 0 2 -213z m482 23 c1 -105 3 -199 3 -209 1 -11 -2 -22 -8 -25 -5 -3 -101 -6 -213 -5 l-203 0 -1 210 c0 115 1 211 2 214 1 3 96 5 211 5 l208 0 1 -190z m476 -10 c2 -110 0 -207 -4 -215 -5 -13 -38 -15 -210 -14 l-203 1 -3 204 c-1 112 -1 208 2 214 2 6 78 10 209 10 l206 0 3 -200z m528 -10 c0 -137 -4 -215 -10 -215 -6 0 -10 76 -10 208 0 184 3 222 17 222 2 0 3 -97 3 -215z m-3385 -265 c7 -12 15 -11 -220 -11 -222 0 -208 -1 -200 11 8 14 412 14 420 0z m480 0 c3 -5 0 -10 -7 -11 -13 -1 -390 0 -416 1 -7 0 -10 5 -7 10 4 6 87 10 215 10 128 0 211 -4 215 -10z m470 0 c7 -12 23 -11 -215 -11 -234 -1 -223 -1 -215 11 4 6 87 10 215 10 128 0 211 -4 215 -10z m470 0 c8 -12 22 -12 -210 -12 -232 0 -218 0 -210 12 4 6 85 10 210 10 125 0 206 -4 210 -10z m480 0 c8 -12 19 -12 -210 -12 -232 1 -217 0 -210 12 4 6 85 10 210 10 125 0 206 -4 210 -10z m480 0 c8 -12 27 -11 -214 -13 -150 0 -206 2 -209 11 -5 15 414 17 423 2z m473 -1 c-5 -16 -410 -17 -416 -1 -3 9 51 12 208 12 152 0 211 -3 208 -11z m480 -1 c-6 -16 -411 -15 -416 1 -3 8 56 11 208 11 157 0 211 -3 208 -12z"
       id="path3611" />
    <path
       d="M170 4825 c0 -90 4 -145 10 -145 6 0 10 55 10 145 0 90 -4 145 -10 145 -6 0 -10 -55 -10 -145z"
       id="path3613" />
    <path
       d="M177 4493 c-11 -11 -8 -293 3 -293 6 0 10 57 10 150 0 83 -1 150 -3 150 -2 0 -7 -3 -10 -7z"
       id="path3615" />
    <path
       d="M170 3870 c0 -93 4 -150 10 -150 6 0 10 57 10 150 0 93 -4 150 -10 150 -6 0 -10 -57 -10 -150z"
       id="path3617" />
    <path
       d="M170 3390 c0 -93 4 -150 10 -150 6 0 10 57 10 150 0 93 -4 150 -10 150 -6 0 -10 -57 -10 -150z"
       id="path3619" />
    <path
       d="M177 3063 c-11 -11 -8 -293 3 -293 6 0 10 57 10 150 0 83 -1 150 -3 150 -2 0 -7 -3 -10 -7z"
       id="path3621" />
    <path
       d="M177 2573 c-11 -11 -8 -281 3 -288 6 -4 10 47 10 144 0 83 -1 151 -3 151 -2 0 -7 -3 -10 -7z"
       id="path3623" />
    <path
       d="M177 2093 c-11 -11 -8 -281 3 -288 6 -4 10 47 10 144 0 83 -1 151 -3 151 -2 0 -7 -3 -10 -7z"
       id="path3625" />
    <path
       d="M170 1475 c0 -90 4 -145 10 -145 6 0 10 55 10 145 0 90 -4 145 -10 145 -6 0 -10 -55 -10 -145z"
       id="path3627" />
    <path
       d="M5002 5041 c-12 -12 -13 -191 -10 -1216 2 -1033 1 -1205 -11 -1219 -12 -15 -13 -21 -2 -38 11 -17 13 -165 12 -737 -1 -394 2 -722 7 -729 7 -10 410 -12 1983 -10 l1974 3 5 1740 c3 957 3 1846 0 1975 l-5 235 -1969 5 c-1688 4 -1972 3 -1984 -9z m60 -998 c0 -516 3 -974 8 -1018 5 -60 8 -68 9 -32 1 63 25 87 86 87 34 0 45 -4 45 -15 0 -18 -98 -217 -110 -225 -13 -8 -40 -76 -40 -100 0 -22 -16 -28 -21 -7 -2 6 -3 520 -1 1141 2 799 6 1126 14 1118 7 -7 10 -298 10 -949z m464 935 c7 -12 6 -409 -1 -417 -9 -9 -408 -2 -417 7 -6 6 -11 87 -12 207 -1 165 1 198 14 206 24 14 407 11 416 -3z m468 6 c14 -6 16 -21 10 -123 -3 -65 -1 -142 4 -176 l10 -60 -34 -32 c-19 -18 -34 -37 -34 -42 0 -6 -7 -11 -15 -11 -10 0 -15 -11 -15 -35 0 -20 -10 -52 -23 -73 -13 -20 -59 -108 -101 -195 -43 -86 -86 -161 -96 -167 -22 -12 -120 -1 -121 14 -1 11 0 396 1 406 0 3 60 5 132 6 129 0 188 11 188 34 0 23 -58 32 -187 28 -91 -3 -133 -1 -133 6 -1 21 -2 401 -1 414 1 9 48 12 200 12 110 0 207 -3 215 -6z m476 -1 c4 -67 4 -383 0 -384 -3 0 -97 0 -210 -1 l-205 -1 -1 189 c0 104 1 192 3 197 2 4 96 7 209 7 112 0 204 -3 204 -7z m475 -3 c8 -12 10 -368 3 -376 -4 -3 -97 -6 -207 -7 -221 -1 -238 3 -220 51 6 14 9 92 8 173 -1 80 1 152 5 158 9 14 402 16 411 1z m482 -2 c4 -7 6 -72 4 -143 -2 -79 2 -148 9 -174 8 -30 8 -47 1 -54 -11 -11 -417 -14 -429 -3 -8 8 -5 363 3 377 10 15 402 12 412 -3z m475 -100 c-2 -60 2 -143 8 -185 7 -50 7 -80 1 -86 -11 -11 -408 -14 -418 -3 -8 7 -4 366 4 379 2 4 95 6 206 5 l202 -3 -3 -107z m483 -87 l0 -193 -208 0 c-133 -1 -212 3 -219 10 -7 7 -7 26 2 63 8 34 11 94 8 173 -3 67 -3 127 -1 134 4 10 51 12 211 10 l207 -3 0 -194z m485 9 c3 -102 2 -190 -2 -195 -7 -11 -425 -11 -437 0 -11 12 0 369 13 377 6 5 103 7 216 5 l205 -2 5 -185z m58 -22 c-3 -155 -5 -183 -18 -183 -13 0 -15 27 -13 188 1 103 5 193 9 199 18 28 24 -35 22 -204z m-85 -279 c7 -10 1 -26 -18 -54 -14 -22 -63 -113 -107 -202 -44 -90 -86 -168 -94 -174 -10 -8 -27 -8 -64 0 -28 6 -61 9 -73 6 -12 -3 -30 0 -39 7 -15 11 -17 39 -19 210 -2 109 1 201 5 205 4 4 65 7 134 6 70 -2 154 1 187 6 71 10 76 9 88 -10z m-2358 -9 c12 -10 18 -10 30 0 11 9 71 13 226 12 219 0 240 -4 221 -42 -4 -8 -9 -98 -12 -199 l-5 -183 -198 1 c-109 0 -202 3 -207 6 -5 3 -9 85 -9 182 0 144 -3 180 -16 192 -32 32 -40 -1 -45 -196 l-5 -185 -198 0 c-108 1 -201 3 -206 6 -5 3 -9 78 -10 167 0 88 -3 170 -7 182 -7 21 -7 21 -16 -3 -6 -14 -12 -96 -15 -183 -4 -96 -10 -160 -17 -164 -6 -4 -31 -8 -56 -9 -25 -2 -60 -6 -78 -9 -23 -4 -34 -2 -38 9 -7 18 163 360 199 401 l27 30 210 -2 c148 -1 215 -5 225 -13z m960 0 c13 -11 13 -15 0 -41 -12 -21 -15 -68 -15 -199 0 -93 -3 -170 -7 -170 -5 0 -98 -1 -208 -1 l-200 -1 -5 183 c-3 101 -9 192 -14 202 -18 37 13 42 229 41 145 -1 209 -5 220 -14z m469 1 c11 -10 20 -10 37 -1 22 12 424 18 435 7 7 -6 5 -392 -1 -410 -4 -9 -54 -12 -206 -10 -110 1 -203 4 -206 7 -3 3 -6 84 -7 180 -1 154 -3 177 -19 193 -15 15 -19 16 -27 4 -14 -24 -23 -175 -15 -275 4 -63 3 -96 -4 -100 -6 -4 -100 -7 -208 -8 l-198 0 -5 203 c-3 112 -2 209 1 214 11 15 404 11 423 -4z m-2383 -6 c2 -38 -3 -400 -6 -403 -8 -8 -409 -2 -417 6 -14 14 -14 392 -1 400 18 11 423 8 424 -3z m3394 -218 c0 -102 -3 -189 -7 -193 -16 -16 -23 11 -28 104 -5 89 -6 93 -12 48 -5 -27 -8 -71 -8 -98 0 -53 0 -53 -73 -63 -39 -5 -48 -3 -54 11 -8 20 92 230 123 259 15 13 24 38 29 73 4 33 11 52 19 49 8 -3 11 -58 11 -190z m-3245 -251 c0 -12 -16 -54 -35 -93 -19 -38 -39 -82 -45 -97 -18 -49 -30 -17 -30 83 0 111 8 128 60 133 45 4 50 2 50 -26z m256 7 c23 2 48 1 55 -3 9 -6 12 -61 13 -214 1 -177 -1 -206 -14 -206 -8 0 -104 -1 -213 -3 -109 -2 -200 0 -202 4 -3 4 2 12 10 19 8 7 15 21 15 31 0 10 4 21 10 24 5 3 44 77 86 163 43 86 88 169 102 184 23 25 25 26 60 11 22 -9 53 -13 78 -10z m2889 7 c21 0 35 -6 39 -16 9 -23 7 -414 -1 -414 -60 -3 -365 -5 -368 -2 -2 2 10 29 27 61 47 84 168 328 168 337 0 5 12 18 26 31 21 17 31 20 51 12 13 -5 39 -9 58 -9z m-225 -18 c0 -15 -4 -32 -9 -37 -5 -6 -33 -57 -61 -115 -71 -146 -87 -174 -100 -178 -13 -5 -2 318 12 333 4 5 32 12 61 16 97 12 97 12 97 -19z m329 -202 c1 -181 -6 -239 -23 -211 -10 15 -10 417 0 432 16 27 23 -32 23 -221z m-3402 206 c3 -3 7 -70 10 -150 3 -115 1 -151 -10 -173 -8 -16 -23 -44 -32 -64 l-18 -36 -185 4 c-102 2 -188 5 -190 8 -3 3 -5 93 -4 202 0 160 3 199 14 207 15 11 405 13 415 2z m940 1 c6 -6 5 -408 -1 -414 -2 -3 -96 -5 -207 -5 l-203 0 -1 204 c0 111 1 208 2 213 3 10 400 12 410 2z m481 -201 c1 -115 -1 -212 -5 -215 -5 -3 -100 -4 -212 -1 l-203 5 1 199 c0 110 4 203 9 208 6 6 302 16 392 13 13 0 15 -32 18 -209z m475 195 c8 -8 13 -399 4 -407 -3 -3 -327 -7 -404 -4 -16 0 -19 400 -4 416 12 11 392 7 404 -5z m441 6 l40 -2 0 -207 1 -207 -200 -3 c-110 -2 -203 -2 -207 0 -8 3 -11 415 -4 423 4 4 287 1 370 -4z m521 -12 c5 -27 13 -387 8 -401 -2 -7 -70 -9 -206 -7 -111 2 -206 3 -212 3 -10 0 -11 389 -2 414 3 8 66 11 206 11 194 0 202 -1 206 -20z m-2935 -461 c0 -8 -12 -36 -27 -62 -16 -26 -64 -119 -108 -207 l-80 -160 -40 -3 c-21 -2 -53 -1 -70 2 l-30 6 2 206 c0 113 5 210 10 215 5 5 71 10 148 12 77 1 152 4 168 5 19 1 27 -3 27 -14z m534 3 c19 -2 20 -12 20 -215 l1 -212 -217 0 -217 0 6 98 c3 53 0 145 -6 204 -6 59 -8 113 -6 121 4 10 47 12 203 9 108 -1 206 -4 216 -5z m1921 -214 l0 -212 -200 -3 c-110 -2 -203 -2 -207 0 -12 5 -10 430 2 434 5 2 98 1 207 -2 l197 -5 1 -212z m459 218 c7 -11 9 -8 -112 -246 l-97 -190 -90 2 c-49 1 -92 2 -95 2 -3 1 -4 97 -4 213 l2 213 173 5 c96 3 184 7 196 8 12 1 24 -2 27 -7z m494 -6 c9 -3 12 -55 12 -215 l0 -210 -219 0 -218 0 -7 163 c-6 145 -5 168 10 203 34 73 23 70 226 66 101 -2 189 -5 196 -7z m71 -222 c1 -187 -4 -231 -26 -209 -8 8 -5 425 3 438 16 26 23 -36 23 -229z m-2457 20 c2 -115 0 -212 -3 -216 -4 -5 -98 -8 -210 -8 l-204 0 0 211 c0 116 2 214 4 216 2 2 96 4 207 4 l203 0 3 -207z m480 -4 c2 -133 -1 -213 -7 -217 -5 -4 -102 -5 -214 -2 l-203 5 1 204 c1 113 4 208 7 213 3 4 97 8 209 8 l204 0 3 -211z m478 199 c0 -7 1 -103 1 -213 l1 -200 -211 -3 -211 -2 0 215 0 215 210 0 c161 0 210 -3 210 -12z m-1895 -224 c-2 -103 -6 -188 -7 -189 -2 -1 -45 -6 -95 -9 -87 -7 -93 -6 -93 11 0 11 4 23 9 28 9 10 110 209 151 298 12 26 26 47 31 47 5 0 7 -78 4 -186z m2857 39 c3 -10 2 -67 -1 -128 l-6 -110 -58 -3 c-41 -2 -59 1 -62 10 -3 8 12 47 33 88 21 41 46 94 55 118 18 44 32 53 39 25z m-2916 -283 l52 0 4 -202 c2 -112 2 -206 -1 -210 -3 -3 -98 -8 -211 -9 -191 -3 -205 -2 -208 15 -2 10 5 30 16 45 10 14 56 101 101 193 45 91 86 169 89 173 4 4 30 4 57 1 28 -3 73 -6 101 -6z m998 -188 c1 -190 7 -219 40 -186 15 15 17 38 15 190 -1 96 0 176 2 178 3 3 97 6 209 7 l205 1 5 -185 c4 -135 9 -190 18 -199 11 -11 16 -10 28 6 11 16 14 59 14 198 l0 178 212 -2 212 -3 -3 -168 c-2 -145 -1 -171 14 -194 17 -25 17 -27 -1 -40 -25 -18 -415 -19 -444 -1 -16 10 -24 10 -40 0 -27 -16 -408 -17 -445 0 -19 9 -28 9 -37 0 -18 -18 -424 -17 -431 1 -2 6 0 44 5 82 5 39 8 126 6 195 l-3 125 195 5 c107 3 201 2 209 -1 11 -5 14 -43 15 -187z m1247 188 l189 0 0 -152 c0 -84 4 -159 9 -167 16 -25 33 57 38 184 3 66 9 124 13 129 12 12 148 18 155 6 6 -9 -130 -294 -150 -316 -5 -6 -19 -28 -30 -50 -11 -21 -24 -42 -30 -46 -5 -4 -103 -8 -216 -8 -214 0 -241 5 -219 40 6 8 10 96 10 196 0 99 3 184 7 188 4 3 13 4 21 1 7 -3 99 -5 203 -5z m667 1 c1 -1 1 -96 0 -213 l-3 -212 -140 -1 c-77 -1 -159 -5 -182 -9 -53 -10 -54 -2 -13 74 16 30 62 120 101 200 40 80 77 151 82 158 7 9 30 12 81 8 39 -3 72 -5 74 -5z m542 -216 c0 -188 -7 -245 -25 -215 -9 15 -9 416 0 431 18 28 25 -29 25 -216z m-2927 88 c-3 -79 -1 -156 6 -202 9 -60 9 -76 -1 -83 -7 -4 -107 -7 -223 -5 l-210 2 2 205 c1 113 2 206 2 208 1 1 98 2 216 2 l214 0 -6 -127z m2865 -85 l-3 -212 -210 1 c-115 1 -213 2 -217 2 -5 1 -8 96 -8 211 l0 210 220 0 220 0 -2 -212z m-758 -270 c36 -5 112 -8 170 -6 l105 3 3 -190 c1 -104 0 -199 -2 -210 -5 -19 -13 -20 -206 -19 -110 1 -204 4 -208 8 -4 4 -5 69 -3 145 2 84 -2 154 -9 180 -11 42 -11 44 21 78 22 22 39 31 49 27 8 -4 44 -11 80 -16z m820 -208 c0 -176 -7 -236 -25 -218 -9 9 -9 413 0 428 18 29 25 -26 25 -210z m-65 -5 l0 -209 -206 1 c-114 0 -211 3 -217 7 -10 6 -17 390 -7 405 1 3 99 6 217 6 l213 0 0 -210z m-3335 185 c6 0 2 -370 -4 -385 -5 -14 -404 -11 -418 3 -7 7 -11 69 -12 161 -1 99 -5 154 -13 162 -20 20 -23 -109 -21 -749 2 -479 0 -612 -9 -612 -10 0 -13 154 -15 698 -2 383 -2 702 0 709 2 6 17 11 33 11 16 -1 31 1 33 3 3 3 389 2 426 -1z m482 -8 c5 -5 4 -38 -3 -83 -7 -44 -9 -117 -6 -181 5 -73 3 -109 -5 -114 -12 -8 -418 -12 -418 -4 -2 30 -5 391 -4 393 7 7 428 -3 436 -11z m468 -2 c4 -7 4 -27 -1 -44 -5 -17 -9 -98 -8 -179 1 -81 -1 -150 -4 -154 -8 -7 -407 -10 -408 -3 -3 14 -6 386 -4 390 2 3 96 4 210 3 152 -1 210 -4 215 -13z m470 10 c10 0 0 -383 -10 -395 -8 -10 -21 -10 -53 -3 -23 6 -110 8 -195 5 -96 -3 -155 -1 -159 5 -3 6 -5 79 -4 162 1 92 -2 163 -9 181 -9 23 -8 32 3 40 10 7 357 12 427 5z m489 1 c10 -1 11 -9 5 -33 -4 -18 -8 -103 -9 -189 -1 -86 -5 -160 -8 -165 -5 -9 -403 -11 -412 -2 -8 8 -11 388 -3 391 6 1 369 0 427 -2z m477 -4 c3 -3 0 -45 -7 -93 -7 -53 -9 -127 -5 -183 4 -59 3 -98 -4 -106 -7 -9 -48 -11 -157 -8 -82 3 -167 0 -190 -5 -30 -7 -45 -6 -52 2 -10 12 -19 376 -9 391 6 10 415 12 424 2z m1013 -669 c1 -182 -5 -226 -26 -204 -8 8 -6 414 3 428 16 26 23 -34 23 -224z m-3399 202 c3 -123 0 -392 -5 -400 -9 -15 -412 -14 -421 1 -11 19 -8 400 4 408 5 3 103 6 216 6 176 0 206 -2 206 -15z m467 7 c4 -3 8 -97 8 -209 l-1 -203 -212 -3 c-166 -2 -212 0 -213 10 -1 14 0 400 0 408 1 6 408 3 418 -3z m469 0 c4 -4 7 -336 5 -405 -1 -10 -46 -12 -208 -10 l-207 3 -1 205 c-1 113 0 207 1 210 3 6 404 4 410 -3z m483 -8 c3 -8 5 -103 3 -211 l-3 -198 -204 0 c-130 0 -206 4 -210 10 -7 12 -8 397 -1 408 2 4 95 6 206 6 161 -1 204 -4 209 -15z m477 8 c4 -4 8 -337 5 -405 -1 -10 -46 -12 -208 -10 l-208 3 -5 195 c-3 107 -2 202 2 210 5 13 37 15 207 14 111 -1 204 -4 207 -7z m478 -203 l0 -209 -207 -3 -207 -2 0 208 c0 115 2 211 4 213 2 2 96 4 207 3 l203 -1 0 -209z m482 191 c2 -11 3 -105 2 -210 l-3 -190 -207 -3 c-136 -1 -208 1 -209 8 -3 60 0 400 4 407 3 4 96 8 206 8 194 0 202 -1 207 -20z m480 0 c2 -11 3 -105 2 -210 l-3 -190 -215 0 -215 0 -2 205 c-1 113 2 207 7 210 4 3 101 5 215 5 198 0 206 -1 211 -20z m-2862 -672 c1 -138 -2 -213 -9 -213 -155 -5 -415 -3 -416 3 -4 38 -1 416 4 423 3 5 94 7 213 4 l207 -5 1 -212z m466 10 c3 -114 2 -212 -1 -216 -8 -10 -397 -12 -407 -2 -9 9 -10 419 -1 425 4 3 96 4 206 3 l198 -1 5 -209z m475 -8 l0 -218 -204 1 c-209 1 -229 4 -216 40 3 8 5 99 5 203 l0 189 198 2 c108 2 202 3 207 2 6 0 10 -81 10 -219z m773 215 l187 0 0 -215 c0 -165 -3 -215 -12 -215 -7 -1 -100 -1 -205 -1 l-193 -1 -3 208 c-1 115 0 215 3 222 3 8 12 11 21 8 9 -3 100 -6 202 -6z m667 -215 l0 -217 -203 0 c-112 0 -206 3 -209 6 -3 3 -6 99 -6 213 l0 208 199 5 c110 3 204 5 209 4 6 0 10 -81 10 -219z m544 5 c0 -186 -7 -248 -23 -222 -9 15 -11 416 -1 432 18 30 25 -25 24 -210z m-3398 -5 c-1 -115 -4 -211 -6 -213 -5 -6 -413 -4 -422 1 -6 4 -9 346 -4 420 1 4 98 6 218 5 l216 -3 -2 -210z m1901 2 c0 -115 -2 -211 -5 -214 -3 -2 -97 -5 -209 -5 l-203 -1 -3 217 -2 216 211 -2 211 -3 0 -208z m1438 -2 c0 -165 -3 -215 -12 -216 -12 -1 -387 0 -415 1 -10 0 -13 50 -13 215 l0 215 220 0 220 0 0 -215z m-3336 -264 c11 -17 -27 -21 -212 -21 -188 0 -236 5 -226 21 7 12 431 12 438 0z m481 0 c10 -17 -55 -22 -249 -19 -140 2 -190 6 -194 16 -3 9 45 12 217 12 128 0 222 -4 226 -9z m460 -1 c11 -17 -37 -21 -229 -18 -141 2 -190 6 -194 16 -5 15 413 18 423 2z m479 1 c11 -17 -27 -21 -214 -21 -187 0 -225 4 -214 21 7 12 421 12 428 0z m480 0 c11 -17 -27 -21 -214 -21 -187 0 -225 4 -214 21 7 12 421 12 428 0z m480 0 c11 -17 -27 -21 -214 -21 -187 0 -225 4 -214 21 7 12 421 12 428 0z m474 -3 c-4 -10 -53 -14 -189 -16 -189 -3 -254 2 -244 19 4 5 96 9 221 9 168 0 215 -3 212 -12z m480 0 c-4 -10 -54 -14 -194 -16 -194 -3 -259 2 -249 19 4 5 98 9 226 9 172 0 220 -3 217 -12z m52 -3 c0 -9 -6 -12 -15 -9 -8 4 -12 10 -9 15 8 14 24 10 24 -6z"
       id="path3629" />
    <path
       d="M1923 654 c-7 -3 -13 -19 -13 -35 0 -22 5 -30 26 -35 32 -8 46 6 42 42 -3 29 -26 40 -55 28z"
       id="path3631" />
    <path
       d="M997 643 c-3 -5 -7 -95 -8 -201 -3 -199 0 -217 37 -210 18 3 19 15 19 150 0 80 3 149 6 152 8 8 30 -53 59 -159 30 -110 40 -133 56 -139 22 -8 54 30 54 63 0 16 6 42 14 58 8 15 20 48 26 73 30 114 45 94 45 -59 0 -105 3 -125 17 -134 12 -8 21 -7 32 2 14 11 16 43 16 213 l0 199 -42 -3 c-46 -3 -49 -8 -79 -113 -25 -91 -62 -186 -72 -182 -5 1 -19 32 -29 68 -11 35 -24 73 -29 84 -5 11 -17 47 -28 80 -17 57 -20 60 -54 63 -19 2 -37 -1 -40 -5z"
       id="path3633" />
    <path
       d="M5962 588 c-8 -8 -8 -17 2 -37 17 -32 39 -82 62 -141 10 -25 25 -63 35 -85 9 -22 23 -58 30 -80 18 -53 27 -65 53 -65 24 0 29 8 86 160 18 47 48 120 66 163 30 71 31 78 15 87 -20 10 -61 3 -61 -12 0 -5 -11 -37 -24 -71 -12 -34 -34 -97 -46 -140 -26 -84 -47 -98 -63 -42 -5 17 -13 37 -17 45 -4 9 -11 30 -14 48 -4 17 -12 34 -17 37 -5 4 -9 14 -9 23 0 9 -7 30 -15 46 -8 15 -15 36 -15 46 0 28 -46 40 -68 18z"
       id="path3635" />
    <path
       d="M6403 592 c-7 -4 -19 -25 -28 -45 -14 -33 -14 -38 0 -43 23 -9 40 1 71 41 23 30 25 38 13 46 -17 11 -40 11 -56 1z"
       id="path3637" />
    <path
       d="M6512 548 c-6 -6 -12 -25 -12 -40 0 -16 -7 -31 -15 -34 -20 -8 -19 -51 1 -62 14 -8 16 -25 15 -94 -2 -72 1 -88 19 -111 27 -34 75 -38 85 -6 5 16 0 27 -18 43 -22 18 -26 30 -27 81 -2 84 -2 83 20 90 27 9 27 51 -1 58 -17 5 -20 12 -17 44 2 32 0 38 -17 41 -11 1 -26 -3 -33 -10z"
       id="path3639" />
    <path
       d="M1465 495 c-20 -19 -34 -39 -30 -45 9 -15 41 -12 55 5 14 17 115 22 124 6 10 -16 -25 -34 -81 -42 -70 -10 -103 -38 -103 -88 1 -40 12 -59 52 -85 26 -17 30 -17 83 -1 44 14 58 15 70 5 8 -7 21 -10 28 -7 11 4 13 30 9 119 -4 105 -6 115 -30 141 -22 23 -33 27 -83 27 -52 0 -61 -3 -94 -35z m158 -121 c11 -11 -13 -43 -44 -59 -61 -32 -123 2 -85 44 15 16 31 21 71 21 28 0 55 -3 58 -6z"
       id="path3641" />
    <path
       d="M1729 521 c0 -3 0 -67 1 -141 2 -146 9 -166 50 -140 12 7 14 29 12 108 -4 108 -3 110 52 121 24 5 32 13 34 33 l3 27 -75 -1 c-42 -1 -76 -4 -77 -7z"
       id="path3643" />
    <path
       d="M1918 398 c-2 -73 0 -141 4 -150 10 -20 48 -24 49 -5 0 6 1 73 2 147 l2 135 -26 3 -27 3 -4 -133z"
       id="path3645" />
    <path
       d="M2061 499 c-17 -17 -31 -35 -31 -40 0 -19 30 -21 56 -5 16 11 41 16 71 14 85 -6 55 -39 -48 -53 -58 -7 -82 -32 -82 -85 0 -44 13 -64 54 -86 25 -12 34 -12 73 1 41 14 49 14 75 1 44 -23 49 -8 42 122 -6 111 -7 114 -36 138 -24 19 -42 24 -87 24 -50 0 -60 -4 -87 -31z m149 -138 c0 -43 -75 -75 -121 -51 -24 13 -24 25 1 50 15 15 33 20 70 20 43 0 50 -3 50 -19z"
       id="path3647" />
    <path
       d="M6720 473 c-49 -18 -90 -83 -90 -143 0 -107 96 -177 185 -134 53 25 75 66 75 141 0 56 -3 64 -32 93 -45 45 -92 60 -138 43z m86 -71 c17 -11 34 -48 34 -75 0 -59 -82 -98 -128 -60 -58 47 -27 143 46 143 20 0 42 -4 48 -8z"
       id="path3649" />
    <path
       d="M6955 474 c-8 -3 -12 -209 -6 -282 1 -8 11 -12 29 -10 l27 3 5 110 5 110 35 3 c35 3 60 24 60 49 0 19 -47 27 -81 13 -23 -10 -33 -10 -42 -1 -11 11 -15 12 -32 5z"
       id="path3651" />
    <path
       d="M6374 457 c-2 -7 -3 -71 -2 -143 3 -122 4 -129 24 -132 37 -5 42 15 37 156 -6 131 -6 132 -30 132 -13 0 -26 -6 -29 -13z"
       id="path3653" />
  </g>
  <path
     style="fill:#999999;fill-opacity:1;stroke:#000000;stroke-width:2.78072023;stroke-miterlimit:4;stroke-opacity:1;stroke-dasharray:none"
     d="m 203.78708,173.23888 0,-23.63613 25.02648,0 25.02648,0 0,23.63613 0,23.63612 -25.02648,0 -25.02648,0 0,-23.63612 z"
     id="path4111"
     inkscape:connector-curvature="0"
     transform="scale(0.8,0.8)" />
  <path
     style="fill:#999999;fill-opacity:1;stroke:#000000;stroke-width:2.78072023;stroke-miterlimit:4;stroke-opacity:1;stroke-dasharray:none"
     d="m 205.64089,136.62606 c -1.0196,-1.0196 -1.85381,-12.28151 -1.85381,-25.02648 l 0,-23.172673 48.43518,0 c 26.63934,0 50.6134,-0.835864 53.27567,-1.857474 4.2916,-1.646839 4.64795,-0.464349 3.14245,10.427701 -0.93393,6.756846 -3.1135,18.854626 -4.8435,26.883956 l -3.14544,14.59878 -17.45693,0 -17.45693,0 -1.75352,-14.59878 c -0.96443,-8.02933 -1.76439,-18.66558 -1.77769,-23.63612 -0.0165,-6.168638 -1.34818,-9.037343 -4.19525,-9.037343 -3.30628,0 -4.17108,3.994527 -4.17108,19.266423 0,25.2123 -2.74729,28.00582 -27.54237,28.00582 -10.34163,0 -19.63718,-0.83421 -20.65678,-1.85381 z"
     id="path4113"
     inkscape:connector-curvature="0"
     transform="scale(0.8,0.8)" />
  <path
     style="fill:#999999;fill-opacity:1;stroke:#000000;stroke-width:2.78072023;stroke-miterlimit:4;stroke-opacity:1;stroke-dasharray:none"
     d="m 264.90335,193.98297 c -1.92642,-3.59956 -2.34466,-12.68845 -1.14438,-24.86935 l 1.89158,-19.1966 15.07731,-1.88378 c 8.29252,-1.03609 15.73107,-1.23003 16.5301,-0.431 0.79904,0.79904 -0.63951,12.83795 -3.19677,26.75314 l -4.64956,25.30034 -10.73616,0 c -7.96043,0 -11.52107,-1.46663 -13.77212,-5.67275 z"
     id="path4115"
     inkscape:connector-curvature="0"
     transform="scale(0.8,0.8)" />
  <path
     style="fill:#999999;fill-opacity:1;stroke:#000000;stroke-width:2.78072023;stroke-miterlimit:4;stroke-opacity:1;stroke-dasharray:none"
     d="m 203.78708,233.02436 0,-25.02648 25.02648,0 25.02648,0 0,23.3118 c 0,27.06375 0.49771,26.63891 -31.2831,26.7032 l -18.76986,0.038 0,-25.02649 z"
     id="path4117"
     inkscape:connector-curvature="0"
     transform="scale(0.8,0.8)" />
  <path
     style="fill:#999999;fill-opacity:1;stroke:#000000;stroke-width:2.78072023;stroke-miterlimit:4;stroke-opacity:1;stroke-dasharray:none"
     d="m 158.13833,244.84243 c 1.08035,-7.26464 3.34684,-18.83938 5.03665,-25.72167 2.77585,-11.30558 3.93879,-12.5969 12.04978,-13.38013 15.6813,-1.51425 17.77746,1.55675 19.26501,28.22433 l 1.34353,24.08589 -19.82962,0 -19.82962,0 1.96427,-13.20842 z"
     id="path4119"
     inkscape:connector-curvature="0"
     transform="scale(0.8,0.8)" />
  <path
     style="fill:#999999;fill-opacity:1;stroke:#000000;stroke-width:2.78072023;stroke-miterlimit:4;stroke-opacity:1;stroke-dasharray:none"
     d="m 145.39243,314.36043 c 2.6e-4,-1.14704 1.87724,-11.89338 4.17108,-23.88073 2.29383,-11.98736 4.1706,-22.31079 4.1706,-22.94095 0,-0.63016 8.60285,-1.14574 19.11745,-1.14574 l 19.11745,0 1.73796,8.68975 c 0.95587,4.77936 1.73795,16.04128 1.73795,25.02648 l 0,16.33673 -25.02649,0 c -13.76456,0 -25.02627,-0.93849 -25.026,-2.08554 z"
     id="path4121"
     inkscape:connector-curvature="0"
     transform="scale(0.8,0.8)" />
  <path
     style="fill:#999999;fill-opacity:1;stroke:#000000;stroke-width:2.78072023;stroke-miterlimit:4;stroke-opacity:1;stroke-dasharray:none"
     d="m 203.55535,315.29994 c -0.63725,-0.63032 -0.75386,-11.89223 -0.25914,-25.02648 l 0.89949,-23.88045 24.70971,0 24.70971,0 0.80764,22.94094 c 1.0221,29.03259 5.89021,29.05434 7.75944,0.0347 1.27365,-19.77325 1.91558,-21.65984 7.64698,-22.47383 7.23074,-1.02693 7.41829,0.29003 3.32087,23.31882 -5.07862,28.54347 -1.8093,26.23236 -37.10862,26.23236 -17.2301,0 -31.84883,-0.51571 -32.48608,-1.14603 z"
     id="path4123"
     inkscape:connector-curvature="0"
     transform="scale(0.8,0.8)" />
  <path
     style="fill:#999999;fill-opacity:1;stroke:#000000;stroke-width:0.69518006;stroke-miterlimit:4;stroke-opacity:1;stroke-dasharray:none"
     d="m 264.38689,258.3191 -1.64117,-1.33287 0.0711,-23.58493 c 0.0391,-12.97171 0.27496,-24.39693 0.52404,-25.38937 0.52755,-2.10189 1.6915,-2.36163 14.35118,-3.20247 8.75677,-0.58162 11.12288,-0.16097 11.12288,1.97745 0,0.76638 -1.22829,7.73461 -2.72953,15.48497 -1.50124,7.75036 -3.38384,18.61288 -4.18355,24.13893 -0.79971,5.52606 -1.92487,10.76598 -2.50035,11.64427 -0.9612,1.46698 -1.54772,1.59689 -7.2099,1.59689 -5.04085,0 -6.46253,-0.24279 -7.80475,-1.33287 z"
     id="path4125"
     inkscape:connector-curvature="0"
     transform="scale(0.8,0.8)" />
  <path
     style="fill:#999999;fill-opacity:1;stroke:#000000;stroke-width:0.69518006;stroke-miterlimit:4;stroke-opacity:1;stroke-dasharray:none"
     d="m 166.63707,198.7109 c -1.30532,-0.52671 -1.09714,-2.25095 1.91128,-15.83015 1.51912,-6.85689 3.25231,-15.77257 3.85153,-19.81264 1.40426,-9.4677 3.00066,-15.77537 4.41178,-17.43172 1.07811,-1.26546 1.34005,-1.27354 6.68353,-0.20618 10.32205,2.06184 10.72661,2.20936 11.19688,4.08305 0.23956,0.9545 0.52484,11.18851 0.63393,22.74223 0.1091,11.55373 0.30728,21.93089 0.4404,23.06036 0.40027,3.39622 -1.44893,3.84132 -15.74711,3.79032 -6.88228,-0.0246 -12.90428,-0.20242 -13.38222,-0.39527 z"
     id="path4127"
     inkscape:connector-curvature="0"
     transform="scale(0.8,0.8)" />
  <path
     style="fill:#999999;fill-opacity:1;stroke:#000000;stroke-width:0.69518006;stroke-miterlimit:4;stroke-opacity:1;stroke-dasharray:none"
     d="m 177.85005,135.63127 c 0.56408,-5.50583 5.40044,-31.97677 7.56577,-41.409955 0.84391,-3.676453 2.06237,-7.13352 2.76022,-7.831363 1.4551,-1.455099 3.76478,-1.128377 7.37572,1.04335 2.05456,1.235677 2.27422,1.648517 1.89433,3.560394 -1.03705,5.219203 -1.72052,16.346844 -1.75537,28.579484 -0.0395,13.872 -0.63369,17.95241 -2.78151,19.10189 -0.71524,0.38278 -4.50386,0.9059 -8.41917,1.16248 l -7.11874,0.46652 0.47875,-4.6728 0,0 z"
     id="path4129"
     inkscape:connector-curvature="0"
     transform="scale(0.8,0.8)" />
  <path
     style="fill:#999999;fill-opacity:1;stroke:#000000;stroke-width:1.39036012;stroke-miterlimit:4;stroke-opacity:1;stroke-dasharray:none"
     d="m 758.16721,142.49738 c -0.34906,-1.72058 -1.00922,-11.86461 -1.46702,-22.54231 -0.52668,-12.28419 -1.41937,-19.77678 -2.43074,-20.401845 -1.18073,-0.729729 -1.12314,-1.560485 0.22041,-3.179358 1.51924,-1.830579 5.51174,-2.188987 24.2419,-2.176205 12.33271,0.0084 24.72544,0.395986 27.5394,0.861266 4.57782,0.75693 4.99415,1.167229 3.95573,3.898472 -0.63831,1.67888 -1.61678,12.86606 -2.17439,24.8604 l -1.01384,21.80789 -24.1184,0 c -23.89672,0 -24.12423,-0.0288 -24.75305,-3.12831 z"
     id="path4131"
     inkscape:connector-curvature="0"
     transform="scale(0.8,0.8)" />
  <path
     style="fill:#999999;fill-opacity:1;stroke:#000000;stroke-width:1.39036012;stroke-miterlimit:4;stroke-opacity:1;stroke-dasharray:none"
     d="m 757.35852,180.44769 0,-24.96348 4.51867,-0.82267 c 2.48527,-0.45246 13.59078,-0.63723 24.6789,-0.41059 l 20.16022,0.41208 0.76898,11.12288 c 0.42294,6.11758 0.4895,17.53592 0.14791,25.37407 l -0.62106,14.25119 -24.82681,0 -24.82681,0 0,-24.96348 z"
     id="path4133"
     inkscape:connector-curvature="0"
     transform="scale(0.8,0.8)" />
  <path
     style="fill:#999999;fill-opacity:1;stroke:#000000;stroke-width:1.39036012;stroke-miterlimit:4;stroke-opacity:1;stroke-dasharray:none"
     d="m 817.14401,180.58871 0,-24.82247 10.63748,-0.8992 c 5.85061,-0.49455 17.11253,-0.89919 25.02648,-0.89919 l 14.38901,0 0,25.72166 0,25.72166 -25.02649,0 -25.02648,0 0,-24.82246 z"
     id="path4135"
     inkscape:connector-curvature="0"
     transform="scale(0.8,0.8)" />
  <path
     style="fill:#999999;fill-opacity:1;stroke:#000000;stroke-width:1.39036012;stroke-miterlimit:4;stroke-opacity:1;stroke-dasharray:none"
     d="m 817.14401,239.475 0,-25.72167 25.72166,0 25.72167,0 -0.019,22.59336 c -0.0104,12.42634 -0.39624,24.00109 -0.85734,25.72166 -0.82977,3.0963 -1.09276,3.12831 -25.70267,3.12831 l -24.86433,0 0,-25.72166 z"
     id="path4137"
     inkscape:connector-curvature="0"
     transform="scale(0.8,0.8)" />
  <path
     style="fill:#999999;fill-opacity:1;stroke:#000000;stroke-width:1.39036012;stroke-miterlimit:4;stroke-opacity:1;stroke-dasharray:none"
     d="m 757.35852,239.475 0,-25.72167 24.83282,0 24.83282,0 0.87676,7.2994 c 1.13368,9.43837 1.137,24.79314 0.008,35.59782 l -0.89321,8.54611 -24.82842,0 -24.82842,0 0,-25.72166 z"
     id="path4139"
     inkscape:connector-curvature="0"
     transform="scale(0.8,0.8)" />
  <path
     style="fill:#999999;fill-opacity:1;stroke:#000000;stroke-width:1.39036012;stroke-miterlimit:4;stroke-opacity:1;stroke-dasharray:none"
     d="m 767.43864,323.97555 -10.08012,-0.50558 0,-24.96558 0,-24.96557 24.86433,0 c 29.39502,0 26.5318,-2.64817 26.56001,24.56518 0.0202,19.46726 0.54497,22.70707 3.67806,22.70707 3.51932,0 4.68309,-6.75998 4.68309,-27.20254 l 0,-20.06971 24.82041,0 24.82041,0 0.89292,11.47047 c 0.49111,6.30876 0.89667,15.22858 0.90125,19.82181 0.005,4.59324 0.57736,10.33541 1.27283,12.76038 1.02801,3.58446 0.8333,4.57451 -1.04115,5.2938 -1.8801,0.72146 -37.50443,0.86338 -56.18534,0.22383 -2.48527,-0.0851 -11.40095,0.18881 -19.81263,0.60866 -8.41168,0.41984 -19.83001,0.53584 -25.37407,0.25778 l 0,0 z"
     id="path4141"
     inkscape:connector-curvature="0"
     transform="scale(0.8,0.8)" />
  <path
     style="fill:#999999;fill-opacity:1;stroke:#000000;stroke-width:1.39036012;stroke-miterlimit:4;stroke-opacity:1;stroke-dasharray:none"
     d="m 697.57304,298.59533 0,-25.05651 26.15863,0 26.15863,0 0.17495,21.89817 c 0.0962,12.044 0.36884,23.1495 0.6058,24.6789 0.41656,2.68849 -0.45687,2.79324 -26.33358,3.15833 l -26.76443,0.37761 0,-25.0565 z"
     id="path4143"
     inkscape:connector-curvature="0"
     transform="scale(0.8,0.8)" />
  <path
     style="fill:#999999;fill-opacity:1;stroke:#000000;stroke-width:1.39036012;stroke-miterlimit:4;stroke-opacity:1;stroke-dasharray:none"
     d="m 641.55279,324.01252 c -2.14281,-0.55653 -0.70991,-4.08408 10.24155,-25.21279 7.00311,-13.51115 13.22228,-25.09644 13.82038,-25.74509 0.59809,-0.64866 6.46923,-0.73107 13.04698,-0.18315 l 11.95954,0.99623 0,24.6496 0,24.64961 -15.64156,0.90128 c -17.02263,0.98087 -29.51596,0.96006 -33.42689,-0.0557 z"
     id="path4145"
     inkscape:connector-curvature="0"
     transform="scale(0.8,0.8)" />
  <path
     style="fill:#999999;fill-opacity:1;stroke:#000000;stroke-width:1.39036012;stroke-miterlimit:4;stroke-opacity:1;stroke-dasharray:none"
     d="m 668.41001,265.04085 c 0.0502,-2.80312 22.12258,-44.03404 22.24589,-41.55499 0.22973,4.61803 -0.193,40.94223 -0.4798,41.22903 -0.16944,0.16944 -5.1439,0.74629 -11.05435,1.28188 -8.71492,0.78972 -10.73975,0.60903 -10.71174,-0.95592 z"
     id="path4147"
     inkscape:connector-curvature="0"
     transform="scale(0.8,0.8)" />
  <path
     style="fill:#999999;fill-opacity:1;stroke:#000000;stroke-width:1.39036012;stroke-miterlimit:4;stroke-opacity:1;stroke-dasharray:none"
     d="m 697.24816,239.82259 c -0.38468,-13.95574 -0.40829,-25.68691 -0.0525,-26.06926 0.67713,-0.72758 50.58184,-0.31191 51.32123,0.42747 0.23357,0.23358 0.85202,11.8077 1.37432,25.72027 l 0.94965,25.29559 -26.44666,0 -26.44666,0 -0.69942,-25.37407 z"
     id="path4149"
     inkscape:connector-curvature="0"
     transform="scale(0.8,0.8)" />
  <path
     style="fill:#999999;fill-opacity:1;stroke:#000000;stroke-width:1.39036012;stroke-miterlimit:4;stroke-opacity:1;stroke-dasharray:none"
     d="m 699.57754,202.88577 c 1.49245,-4.70228 23.30056,-45.42537 25.60245,-47.80838 1.91191,-1.9793 4.01578,-2.2332 12.86258,-1.55228 l 10.5768,0.81408 0.79269,15.02596 c 0.43597,8.26427 0.43499,19.75547 -0.002,25.53599 l -0.79483,10.51003 -24.9195,0 c -23.44699,0 -24.87213,-0.14922 -24.11796,-2.5254 z"
     id="path4151"
     inkscape:connector-curvature="0"
     transform="scale(0.8,0.8)" />
  <path
     style="fill:#999999;fill-opacity:1;stroke:#000000;stroke-width:1.39036012;stroke-miterlimit:4;stroke-opacity:1;stroke-dasharray:none"
     d="m 729.55132,145.29638 c 0,-2.44349 18.10264,-39.29674 21.35139,-43.46704 2.02543,-2.599974 2.12147,-2.328857 1.47748,4.17108 -0.37882,3.82349 -1.19175,13.99588 -1.80652,22.6053 -0.61476,8.60942 -1.44042,15.97618 -1.83481,16.37056 -0.39439,0.39439 -4.87293,1.10515 -9.9523,1.57947 -7.72904,0.72175 -9.23524,0.51635 -9.23524,-1.25937 z"
     id="path4153"
     inkscape:connector-curvature="0"
     transform="scale(0.8,0.8)" />
  <path
     style="fill:#999999;fill-opacity:1;stroke:#000000;stroke-width:1.39036012;stroke-miterlimit:4;stroke-opacity:1;stroke-dasharray:none"
     d="m 817.98794,143.42643 c -0.46416,-1.20959 -0.84778,-10.75094 -0.85249,-21.20299 -0.006,-13.49512 -0.5681,-20.07617 -1.93886,-22.703428 -1.78393,-3.419166 -1.70422,-3.760348 1.05133,-4.499686 3.97431,-1.06634 46.61743,-1.029285 50.623,0.04399 2.94231,0.78838 3.10371,1.405444 2.44971,9.365944 -0.38507,4.68708 -1.08215,15.87349 -1.54905,24.85869 l -0.84892,16.33674 -24.04539,0 c -20.64366,0 -24.16478,-0.31114 -24.88933,-2.19926 z"
     id="path4155"
     inkscape:connector-curvature="0"
     transform="scale(0.8,0.8)" />
  <path
     style="fill:#999999;fill-opacity:1;stroke:#000000;stroke-width:1.39036012;stroke-miterlimit:4;stroke-opacity:1;stroke-dasharray:none"
     d="m 876.58661,120.94679 c -0.53505,-17.70098 -0.2972,-24.967711 0.84123,-25.70037 2.36837,-1.524219 46.03494,-1.27619 50.14066,0.284802 3.12931,1.189763 3.38598,1.774419 2.17605,4.956768 -0.75445,1.98436 -1.38027,11.54438 -1.39071,21.2445 -0.0285,26.4274 2.76723,23.8932 -26.35847,23.8932 l -24.66279,0 -0.74597,-24.6789 z"
     id="path4157"
     inkscape:connector-curvature="0"
     transform="scale(0.8,0.8)" />
  <path
     style="fill:#999999;fill-opacity:1;stroke:#000000;stroke-width:1.39036012;stroke-miterlimit:4;stroke-opacity:1;stroke-dasharray:none"
     d="m 937.42209,139.71666 c -0.4695,-3.24997 -0.66425,-14.6683 -0.43278,-25.37408 l 0.42086,-19.46504 19.46504,-0.426435 c 10.70577,-0.23454 22.74782,-0.03335 26.7601,0.447093 6.99407,0.837489 7.22589,0.998493 5.61881,3.902336 -1.06994,1.933276 -1.73066,10.345596 -1.82669,23.257576 -0.0828,11.12583 -0.61474,20.98 -1.1822,21.89817 -0.73687,1.19228 -7.73924,1.66941 -24.50062,1.66941 l -23.46888,0 -0.85364,-5.90903 z"
     id="path4159"
     inkscape:connector-curvature="0"
     transform="scale(0.8,0.8)" />
  <path
     style="fill:#999999;fill-opacity:1;stroke:#000000;stroke-width:1.39036012;stroke-miterlimit:4;stroke-opacity:1;stroke-dasharray:none"
     d="m 997.35647,143.45786 c -0.4708,-1.22688 -0.85985,-10.46953 -0.86456,-20.53924 -0.006,-13.61965 -0.54686,-19.34075 -2.11041,-22.33891 -1.15601,-2.216691 -1.74534,-4.386851 -1.30961,-4.822576 0.43572,-0.435725 12.97451,-1.042754 27.86411,-1.348953 l 27.0718,-0.556726 -0.3796,25.539525 -0.3796,25.53953 -24.5181,0.37901 c -21.4444,0.33151 -24.62535,0.0994 -25.37403,-1.85166 z"
     id="path4161"
     inkscape:connector-curvature="0"
     transform="scale(0.8,0.8)" />
  <path
     style="fill:#999999;fill-opacity:1;stroke:#000000;stroke-width:1.39036012;stroke-miterlimit:4;stroke-opacity:1;stroke-dasharray:none"
     d="m 1061.1522,145.77598 -5.5614,-0.84547 -0.3782,-25.18093 -0.3782,-25.180919 24.0143,-0.735142 c 13.2079,-0.404327 24.5188,-0.268331 25.1354,0.302215 0.9608,0.88912 -21.9157,46.221766 -25.8083,51.142366 -1.4197,1.79454 -7.3528,1.96806 -17.0236,0.49788 z"
     id="path4163"
     inkscape:connector-curvature="0"
     transform="scale(0.8,0.8)" />
  <path
     style="fill:#999999;fill-opacity:1;stroke:#000000;stroke-width:1.39036012;stroke-miterlimit:4;stroke-opacity:1;stroke-dasharray:none"
     d="m 1054.0685,175.4464 c 0.5333,-9.59834 1.2904,-18.28741 1.6824,-19.30903 1.3149,-3.42647 18.6006,-5.11786 18.62,-1.82193 0.016,2.67659 -18.6141,38.5587 -20.0261,38.57134 -0.7197,0.006 -0.8364,-7.35847 -0.2763,-17.44038 z"
     id="path4165"
     inkscape:connector-curvature="0"
     transform="scale(0.8,0.8)" />
  <path
     style="fill:#999999;fill-opacity:1;stroke:#000000;stroke-width:1.39036012;stroke-miterlimit:4;stroke-opacity:1;stroke-dasharray:none"
     d="m 997.34441,203.21192 c -1.09968,-2.86572 -1.09968,-44.17909 0,-47.04482 0.72182,-1.88105 4.12519,-2.19925 23.52239,-2.19925 12.4732,0 23.6682,0.37977 24.8777,0.84393 1.8921,0.72605 2.1993,4.31902 2.1993,25.72166 l 0,24.87773 -24.8777,0 c -21.4027,0 -24.99565,-0.3072 -25.72169,-2.19925 z"
     id="path4167"
     inkscape:connector-curvature="0"
     transform="scale(0.8,0.8)" />
  <path
     style="fill:#999999;fill-opacity:1;stroke:#000000;stroke-width:1.39036012;stroke-miterlimit:4;stroke-opacity:1;stroke-dasharray:none"
     d="m 877.80582,202.28286 c -0.46109,-1.72057 -0.84689,-12.31213 -0.85734,-23.53681 -0.016,-17.23918 0.34212,-20.76961 2.30632,-22.7338 2.0213,-2.0213 5.1872,-2.2615 24.21591,-1.83726 12.03983,0.26842 22.41177,1.00815 23.04877,1.64385 0.63699,0.63569 1.36626,12.05402 1.6206,25.37407 l 0.46244,24.21826 -24.97917,0 c -24.72902,0 -24.98757,-0.0313 -25.81753,-3.12831 z"
     id="path4171"
     inkscape:connector-curvature="0"
     transform="scale(0.8,0.8)" />
  <path
     style="fill:#999999;fill-opacity:1;stroke:#000000;stroke-width:1.39036012;stroke-miterlimit:4;stroke-opacity:1;stroke-dasharray:none"
     d="m 937.42209,199.50214 c -0.4695,-3.24996 -0.66425,-14.6683 -0.43278,-25.37407 l 0.42086,-19.46504 14.59878,-0.43905 c 8.02933,-0.24148 19.13483,-0.0317 24.67889,0.46621 l 10.08011,0.90527 0,24.90786 0,24.90785 -24.24611,0 -24.24611,0 -0.85364,-5.90903 z"
     id="path4173"
     inkscape:connector-curvature="0"
     transform="scale(0.8,0.8)" />
  <path
     style="fill:#999999;fill-opacity:1;stroke:#000000;stroke-width:1.39036012;stroke-miterlimit:4;stroke-opacity:1;stroke-dasharray:none"
     d="m 876.9295,239.475 0,-25.72167 25.72166,0 25.72166,0 0,25.72167 0,25.72166 -25.72166,0 -25.72166,0 0,-25.72166 z"
     id="path4175"
     inkscape:connector-curvature="0"
     transform="scale(0.8,0.8)" />
  <path
     style="fill:#999999;fill-opacity:1;stroke:#000000;stroke-width:1.39036012;stroke-miterlimit:4;stroke-opacity:1;stroke-dasharray:none"
     d="m 937.30339,260.2502 c -0.97969,-5.22216 -0.20667,-45.95169 0.89299,-47.05136 0.35371,-0.3537 11.42701,-0.27827 24.60734,0.16764 l 23.96423,0.81073 0,25.50972 0,25.50973 -24.2683,0 -24.2683,0 -0.92796,-4.94646 z"
     id="path4177"
     inkscape:connector-curvature="0"
     transform="scale(0.8,0.8)" />
  <path
     style="fill:#999999;fill-opacity:1;stroke:#000000;stroke-width:1.39036012;stroke-miterlimit:4;stroke-opacity:1;stroke-dasharray:none"
     d="m 885.27166,323.73563 c -8.4044,-0.67622 -10.29912,-1.24368 -9.765,-2.92456 0.36449,-1.14705 0.87584,-12.25255 1.13634,-24.6789 l 0.47364,-22.59335 25.56171,0 25.56171,0 0.42269,21.89817 c 0.23249,12.044 0.93327,22.93656 1.5573,24.2057 0.81465,1.65681 0.42012,2.50704 -1.39908,3.01506 -4.45876,1.24511 -32.76386,1.94569 -43.54931,1.07788 z"
     id="path4179"
     inkscape:connector-curvature="0"
     transform="scale(0.8,0.8)" />
  <path
     style="fill:#999999;fill-opacity:1;stroke:#000000;stroke-width:1.39036012;stroke-miterlimit:4;stroke-opacity:1;stroke-dasharray:none"
     d="m 949.30998,323.59179 -13.12666,-0.69518 0.35563,-22.24576 c 0.48914,-30.59699 -0.12107,-29.06433 11.14791,-27.99979 5.05359,0.4774 16.22705,0.87244 24.8299,0.87788 l 15.64155,0.01 0.019,17.03191 c 0.019,17.03787 0.76024,23.28854 2.76173,23.28854 1.69976,0 2.65994,-5.11739 4.30446,-22.94095 0.84668,-9.17637 1.72282,-16.87914 1.947,-17.11726 1.12325,-1.1931 15.7228,-1.82632 16.4116,-0.71181 1.0533,1.70418 -10.1965,26.15189 -18.241,39.64095 l -6.37463,10.689 -13.2749,0.43388 c -7.3012,0.23864 -19.18191,0.12106 -26.40158,-0.26129 z"
     id="path4181"
     inkscape:connector-curvature="0"
     transform="scale(0.8,0.8)" />
  <path
     style="fill:#999999;fill-opacity:1;stroke:#000000;stroke-width:1.39036012;stroke-miterlimit:4;stroke-opacity:1;stroke-dasharray:none"
     d="m 1001.7143,265.57419 -5.21383,-0.54539 0,-25.47849 0,-25.47849 23.70563,-1.01665 c 13.0381,-0.55915 24.024,-0.69822 24.4132,-0.30903 0.3892,0.38918 -5.2761,12.66259 -12.5897,27.27424 l -13.2973,26.56664 -5.9021,-0.23372 c -3.2461,-0.12855 -8.2483,-0.47915 -11.1159,-0.77911 z"
     id="path4183"
     inkscape:connector-curvature="0"
     transform="scale(0.8,0.8)" />
  <path
     style="fill:#999999;fill-opacity:1;stroke:#000000;stroke-width:0.24578327;stroke-miterlimit:4;stroke-opacity:1;stroke-dasharray:none"
     d="m 195.02391,221.54679 c -0.059,-1.75292 -1.07062,-6.98273 -1.75039,-9.04875 -1.0587,-3.21774 -2.25224,-5.05312 -4.30127,-6.61437 l -0.73735,-0.56182 2.94496,0.14418 c 3.31814,0.16244 3.52056,0.26264 3.82503,1.89336 0.32461,1.73855 0.53687,11.98716 0.28175,13.60359 -0.182,1.1531 -0.23929,1.28042 -0.26273,0.58381 z"
     id="path4185"
     inkscape:connector-curvature="0"
     transform="scale(0.8,0.8)" />
  <path
     style="fill:#999999;fill-opacity:1;stroke:#000000;stroke-width:0.24578327;stroke-miterlimit:4;stroke-opacity:1;stroke-dasharray:none"
     d="m 161.8373,217.7678 c -0.0308,-0.36802 0.90482,-7.18054 1.18986,-8.66371 0.61575,-3.20393 1.96606,-4.16992 6.10743,-4.36914 2.31733,-0.11147 2.35397,-0.10508 1.2546,0.21859 -4.31541,1.2705 -6.04748,3.75253 -8.17057,11.70823 -0.19842,0.7435 -0.37001,1.24121 -0.38132,1.10603 z"
     id="path4187"
     inkscape:connector-curvature="0"
     transform="scale(0.8,0.8)" />
  <path
     style="fill:#999999;fill-opacity:1;stroke:#000000;stroke-width:0.24578327;stroke-miterlimit:4;stroke-opacity:1;stroke-dasharray:none"
     d="m 202.61322,206.23555 c 0,-0.24701 0.48522,-0.40875 1.65904,-0.55302 1.9145,-0.23529 46.72671,-0.19723 48.66509,0.0413 0.8801,0.10831 1.29036,0.2704 1.29036,0.5098 0,0.3019 -3.60927,0.35099 -25.80724,0.35099 -22.13319,0 -25.80725,-0.0497 -25.80725,-0.34911 z"
     id="path4189"
     inkscape:connector-curvature="0"
     transform="scale(0.8,0.8)" />
  <path
     style="fill:#999999;fill-opacity:1;stroke:#000000;stroke-width:0.24578327;stroke-miterlimit:4;stroke-opacity:1;stroke-dasharray:none"
     d=""
     id="path4191"
     inkscape:connector-curvature="0"
     transform="scale(0.8,0.8)" />
  <path
     style="fill:#999999;fill-opacity:1;stroke:#000000;stroke-width:0.24578327;stroke-miterlimit:4;stroke-opacity:1;stroke-dasharray:none"
     d="m 247.33035,257.9583 c 3.741,-1.37808 6.00209,-3.79257 6.92544,-7.39531 l 0.32534,-1.26939 0.30444,2.05638 c 0.42671,2.88223 0.42237,6.26775 -0.008,6.43299 -0.30741,0.11797 -1.63365,0.22284 -6.91708,0.54699 l -1.96627,0.12063 1.33638,-0.49229 z"
     id="path4193"
     inkscape:connector-curvature="0"
     transform="scale(0.8,0.8)" />
  <path
     style="fill:#999999;fill-opacity:1;stroke:#000000;stroke-width:0.17379501;stroke-miterlimit:4;stroke-opacity:1;stroke-dasharray:none"
     d="m 245.08014,138.12947 c 2.0321,-0.71232 2.74049,-1.07124 4.12094,-2.08798 2.17054,-1.59866 3.85393,-4.40327 4.81268,-8.01816 0.13735,-0.51788 -0.0558,5.43813 -0.24885,7.6744 -0.19912,2.30633 -0.23779,2.42862 -0.81364,2.57315 -0.61702,0.15486 -5.48605,0.42916 -7.69734,0.43364 l -1.82484,0.004 1.65105,-0.57875 z"
     id="path4195"
     inkscape:connector-curvature="0"
     transform="scale(0.8,0.8)" />
  <path
     style="fill:#999999;fill-opacity:1;stroke:#000000;stroke-width:0.17379501;stroke-miterlimit:4;stroke-opacity:1;stroke-dasharray:none"
     d="m 297.23444,164.84056 c -0.009,-0.20619 0.18214,-1.73125 0.42406,-3.389 1.12933,-7.73875 1.5248,-12.88461 1.08645,-14.13698 -0.35068,-1.00189 -1.34209,-1.46538 -3.42286,-1.60019 l -1.58326,-0.10257 1.65133,-0.75932 c 1.99611,-0.91786 2.89291,-1.06955 3.73761,-0.63222 1.4089,0.72944 1.79234,2.82777 0.94653,5.17984 -1.0744,2.98773 -1.18776,3.56894 -1.4576,7.47318 -0.16712,2.41798 -0.6806,5.8108 -1.13102,7.47319 -0.1295,0.47793 -0.24256,0.70027 -0.25124,0.49407 l 0,0 z"
     id="path4197"
     inkscape:connector-curvature="0"
     transform="scale(0.8,0.8)" />
</svg>
