<?xml version="1.0" standalone="no"?>
<!DOCTYPE svg PUBLIC "-//W3C//DTD SVG 20010904//EN"
 "http://www.w3.org/TR/2001/REC-SVG-20010904/DTD/svg10.dtd">
<svg version="1.0" xmlns="http://www.w3.org/2000/svg"
 width="900.000000pt" height="1746.000000pt" viewBox="0 0 900.000000 1746.000000"
 preserveAspectRatio="xMidYMid meet">
<metadata>
Created by potrace 1.10, written by Peter Selinger 2001-2011
</metadata>
<g transform="translate(0.000000,1746.000000) scale(0.100000,-0.100000)"
fill="#000000" stroke="none">
<path d="M2745 15580 c-38 -7 -73 -19 -105 -39 -8 -5 -58 -30 -110 -55 -187
-89 -885 -437 -893 -445 -9 -9 8 -59 29 -82 13 -15 19 -15 56 -2 23 8 47 17
52 21 27 17 88 35 163 47 105 16 162 6 221 -42 67 -54 86 -103 102 -258 12
-114 12 -3174 0 -3255 -26 -171 -40 -205 -105 -250 -76 -52 -202 -81 -400 -92
l-50 -3 -3 -52 c-2 -38 1 -53 10 -53 296 -2 1662 1 1665 3 9 10 8 79 -1 91 -7
9 -56 17 -142 25 -71 6 -147 17 -167 26 -20 8 -46 15 -57 15 -35 0 -118 71
-144 121 -20 41 -23 63 -25 180 -1 73 -7 141 -12 150 -5 11 -9 781 -9 1978 0
1857 -1 1961 -17 1969 -10 4 -36 5 -58 2z"/>
<path d="M5533 15448 c-31 -60 -294 -592 -325 -658 -16 -36 -34 -72 -38 -80
-5 -8 -19 -35 -30 -60 -12 -25 -25 -52 -29 -60 -5 -9 -25 -49 -46 -90 -20 -41
-41 -82 -46 -90 -8 -14 -31 -62 -67 -140 -9 -19 -22 -42 -28 -50 -5 -8 -19
-35 -29 -60 -10 -25 -24 -52 -30 -60 -6 -8 -26 -49 -44 -90 -18 -41 -51 -112
-74 -158 -56 -114 -54 -115 141 -124 136 -6 182 -11 347 -39 142 -23 274 -58
363 -95 18 -8 39 -14 47 -14 18 0 253 -120 297 -151 38 -28 65 -45 93 -58 51
-23 345 -310 345 -336 0 -4 14 -24 30 -45 17 -21 30 -41 30 -44 0 -3 12 -23
28 -45 15 -21 36 -58 46 -82 11 -24 29 -67 42 -94 12 -28 26 -64 29 -80 4 -17
14 -50 21 -75 32 -106 52 -336 35 -415 -5 -27 -14 -75 -20 -105 -25 -141 -68
-238 -164 -370 -40 -55 -215 -230 -229 -230 -5 0 -27 -13 -50 -30 -22 -16 -45
-30 -49 -30 -4 0 -27 -13 -51 -29 -24 -15 -54 -31 -68 -34 -14 -3 -40 -10 -57
-16 -18 -6 -48 -16 -65 -22 -18 -5 -92 -13 -164 -16 -115 -5 -142 -3 -220 16
-82 21 -228 85 -264 115 -8 7 -22 16 -30 20 -8 3 -28 15 -45 26 -16 11 -37 23
-45 27 -8 3 -46 27 -85 52 -38 25 -86 51 -105 58 -42 15 -173 17 -198 3 -9 -5
-28 -15 -42 -20 -45 -19 -72 -38 -84 -58 -6 -10 -20 -32 -31 -48 -15 -21 -21
-48 -23 -104 -3 -66 0 -82 24 -130 40 -81 122 -162 202 -200 100 -48 124 -58
157 -63 17 -3 50 -11 75 -18 60 -18 504 -17 575 0 28 7 73 16 100 21 28 4 61
13 75 18 14 6 52 18 85 27 69 20 75 22 95 34 8 5 47 22 85 38 39 17 90 43 115
58 25 16 63 39 85 50 90 49 121 69 151 94 17 14 42 35 55 46 13 11 33 27 45
35 135 95 304 303 419 515 21 39 41 75 45 80 4 6 10 21 13 35 3 14 15 50 27
80 12 30 25 71 29 90 4 19 13 45 19 57 7 12 12 39 12 60 1 21 7 65 15 98 20
84 20 368 -1 477 -8 46 -22 105 -30 132 -7 26 -14 54 -14 61 0 7 -7 26 -15 41
-8 16 -15 36 -15 45 0 15 -80 179 -113 234 -72 117 -109 164 -227 287 -112
117 -297 269 -375 308 -11 6 -33 19 -50 29 -16 11 -50 30 -75 42 -25 12 -52
27 -60 34 -25 19 -312 135 -335 135 -8 0 -26 6 -42 14 -32 16 -157 46 -190 46
-12 0 -24 4 -28 9 -3 5 -31 12 -63 16 -72 8 -141 25 -148 37 -7 11 -11 2 95
219 44 91 81 173 81 182 0 9 4 18 9 21 5 4 28 44 50 91 l40 85 670 0 669 0 16
25 c9 13 16 32 16 41 0 10 6 25 13 33 7 9 22 36 32 61 10 25 24 52 30 60 6 8
22 40 34 70 13 30 43 95 67 144 25 49 43 95 40 103 -4 11 -144 13 -795 13
l-790 0 -18 -32z"/>
<path d="M1072 8569 c-42 -12 -92 -80 -92 -125 0 -43 33 -98 74 -124 l33 -20
3344 0 3344 0 40 34 c40 34 40 34 40 106 0 68 -2 73 -30 97 -16 13 -40 29 -53
34 -32 12 -6656 10 -6700 -2z"/>
<path d="M4335 6030 c-11 -5 -45 -9 -75 -9 -76 -1 -207 -25 -280 -52 -73 -26
-171 -71 -215 -100 -16 -10 -37 -22 -45 -26 -69 -31 -270 -217 -347 -321 -16
-20 -34 -41 -40 -45 -7 -4 -13 -15 -13 -24 0 -8 -13 -32 -28 -52 -16 -20 -32
-43 -36 -51 -4 -8 -12 -24 -19 -35 -48 -80 -66 -116 -82 -160 -10 -27 -22 -55
-26 -60 -12 -16 -40 -96 -49 -140 -5 -22 -20 -85 -34 -140 -21 -81 -46 -290
-47 -385 0 -55 29 -328 36 -340 5 -8 12 -32 17 -55 17 -94 37 -168 47 -178 6
-6 11 -17 11 -25 0 -28 90 -193 144 -266 63 -83 210 -227 281 -275 25 -17 48
-31 51 -31 2 0 23 -12 47 -27 52 -34 114 -63 134 -63 8 0 24 -6 36 -12 95 -54
452 -73 572 -32 22 8 52 14 66 14 14 0 34 7 45 15 10 8 31 15 47 15 24 0 97
29 190 76 16 8 34 14 41 14 14 0 66 26 121 62 64 40 156 88 172 88 16 0 9 -58
-13 -102 -8 -15 -14 -35 -14 -45 0 -16 -20 -79 -41 -128 -4 -11 -17 -45 -29
-75 -12 -30 -28 -68 -36 -83 -8 -16 -14 -34 -14 -41 0 -17 -142 -296 -186
-363 -127 -197 -185 -281 -208 -302 -14 -14 -26 -29 -26 -34 0 -5 -9 -19 -19
-31 -11 -11 -47 -53 -80 -92 -206 -245 -497 -450 -736 -519 -33 -9 -75 -23
-93 -31 -18 -8 -42 -14 -53 -14 -11 0 -29 -4 -39 -10 -17 -9 -193 -36 -320
-49 l-65 -6 -3 -41 c-5 -63 4 -66 175 -60 208 7 374 20 398 33 11 6 44 13 74
16 30 4 59 11 65 17 5 5 23 10 38 10 24 0 72 15 133 40 11 5 45 19 75 30 120
47 136 54 151 67 8 7 21 13 27 13 6 0 30 12 54 28 56 35 75 47 122 72 22 12
65 40 95 64 31 23 70 50 86 60 17 11 34 25 38 33 4 7 13 13 18 13 15 0 144
108 214 179 33 34 64 61 70 61 16 0 293 312 330 372 11 17 129 196 174 263 25
36 166 318 197 390 43 104 123 356 134 425 5 30 18 105 30 165 12 61 26 175
31 255 12 157 5 485 -10 504 -5 6 -12 46 -16 89 -4 43 -11 93 -16 110 -6 18
-14 52 -18 77 -5 25 -14 61 -21 80 -34 98 -72 198 -85 223 -8 16 -15 35 -15
42 0 8 -13 34 -30 58 -16 25 -30 52 -30 60 0 9 -5 19 -11 22 -5 4 -15 17 -20
28 -30 67 -167 262 -196 280 -7 4 -13 12 -13 17 0 10 -111 122 -181 183 -44
38 -251 167 -268 167 -5 0 -39 14 -76 30 -37 17 -76 30 -87 30 -10 0 -28 5
-39 10 -10 6 -67 15 -127 21 -59 5 -127 11 -152 14 -25 2 -54 0 -65 -5z m145
-235 c14 -7 38 -15 54 -19 16 -4 45 -18 65 -32 19 -13 41 -24 47 -24 19 0 212
-198 251 -258 85 -130 159 -305 203 -482 23 -96 42 -177 51 -220 5 -25 13 -65
19 -90 26 -117 18 -697 -10 -749 -4 -9 -10 -59 -13 -112 -5 -87 -20 -149 -36
-149 -4 0 -31 -19 -61 -41 -47 -36 -136 -82 -255 -134 -51 -22 -217 -67 -285
-77 -78 -11 -231 -2 -274 17 -17 7 -47 20 -68 29 -20 9 -39 16 -43 16 -4 0
-24 14 -45 30 -21 17 -41 30 -46 30 -11 0 -174 170 -174 182 0 6 -13 27 -28
47 -38 49 -122 226 -122 256 0 9 -4 23 -10 33 -20 36 -42 109 -51 172 -5 36
-12 72 -16 80 -24 55 -45 440 -33 607 15 207 28 277 69 393 33 93 48 122 112
220 96 146 294 274 449 290 85 8 218 0 250 -15z"/>
</g>
</svg>
