<?xml version="1.0" standalone="no"?>
<!DOCTYPE svg PUBLIC "-//W3C//DTD SVG 20010904//EN"
 "http://www.w3.org/TR/2001/REC-SVG-20010904/DTD/svg10.dtd">
<svg version="1.0" xmlns="http://www.w3.org/2000/svg"
 width="900.000000pt" height="456.000000pt" viewBox="0 0 900.000000 456.000000"
 preserveAspectRatio="xMidYMid meet">
<metadata>
Created by potrace 1.10, written by Peter Selinger 2001-2011
</metadata>
<g transform="translate(0.000000,456.000000) scale(0.100000,-0.100000)"
fill="#000000" stroke="none">
<path d="M4725 4490 c-9 -10 -28 -41 -41 -67 -13 -26 -29 -57 -36 -68 -7 -11
-25 -39 -40 -63 -16 -24 -28 -46 -28 -49 0 -4 -20 -38 -44 -77 -24 -39 -60
-100 -80 -136 -20 -36 -41 -72 -46 -80 -62 -106 -100 -171 -100 -175 0 -2 -12
-21 -26 -42 -14 -21 -30 -47 -35 -58 -5 -11 -13 -27 -19 -35 -5 -8 -80 -136
-166 -285 -86 -148 -165 -283 -175 -300 -11 -16 -22 -37 -26 -45 -3 -8 -28
-53 -55 -100 -61 -104 -57 -98 -111 -190 -24 -41 -63 -107 -86 -147 l-42 -72
18 -32 c29 -51 64 -113 117 -202 26 -45 57 -98 68 -117 11 -19 35 -60 54 -91
19 -31 34 -60 34 -63 0 -4 8 -19 19 -34 10 -15 69 -115 131 -222 62 -107 135
-231 160 -275 26 -44 59 -100 72 -125 21 -38 137 -239 168 -290 14 -23 121
-207 155 -266 17 -28 43 -74 59 -100 15 -27 42 -74 59 -104 16 -30 34 -61 40
-67 15 -20 34 -15 41 11 3 13 20 49 38 79 172 294 214 367 230 397 10 19 32
55 48 80 16 25 36 59 44 75 8 17 29 53 45 80 17 28 34 57 38 65 3 8 46 80 93
160 48 80 97 163 109 185 12 22 26 47 31 55 22 35 160 272 160 276 0 2 41 71
90 155 50 83 90 152 90 154 0 3 27 49 60 104 33 55 60 105 60 112 0 6 -18 41
-40 76 -23 35 -45 74 -51 86 -5 12 -19 38 -30 57 -12 19 -50 85 -86 145 -35
61 -68 117 -74 125 -5 8 -18 33 -30 55 -12 22 -61 105 -109 185 -47 80 -90
152 -93 160 -4 8 -19 36 -35 61 -35 58 -111 189 -138 237 -11 20 -54 93 -94
162 -40 69 -84 145 -98 170 -14 25 -35 61 -46 81 -12 19 -34 59 -51 88 -16 29
-48 81 -69 114 -22 34 -55 95 -74 135 -19 39 -35 72 -37 72 -1 0 -10 -9 -20
-20z m63 -207 c48 -94 62 -120 83 -153 24 -37 154 -263 162 -280 8 -16 11 -21
113 -191 35 -59 64 -109 64 -112 0 -3 41 -73 90 -156 50 -84 90 -153 90 -156
0 -2 47 -83 105 -179 58 -97 105 -178 105 -180 0 -3 47 -84 105 -180 58 -97
105 -187 105 -200 0 -14 -7 -31 -15 -40 -8 -8 -15 -17 -15 -19 0 -3 -21 -41
-47 -84 -25 -43 -87 -148 -136 -233 -137 -238 -187 -324 -197 -340 -5 -8 -43
-73 -85 -145 -41 -71 -80 -137 -85 -145 -6 -8 -14 -24 -19 -35 -5 -11 -41 -73
-80 -138 -39 -65 -71 -120 -71 -122 0 -2 -34 -61 -76 -132 -42 -70 -85 -144
-95 -163 -11 -19 -28 -48 -39 -65 -10 -16 -37 -67 -59 -112 -48 -98 -58 -99
-103 -9 -17 33 -48 88 -69 122 -22 34 -39 65 -39 69 0 5 -20 41 -45 81 -25 39
-45 74 -45 78 0 3 -20 37 -45 76 -25 39 -45 73 -45 76 0 3 -20 39 -45 80 -25
40 -45 76 -45 80 0 3 -13 25 -30 49 -16 24 -30 46 -30 48 0 3 -34 62 -75 132
-41 69 -75 128 -75 130 0 2 -40 71 -90 154 -49 83 -90 152 -90 155 0 2 -32 57
-71 122 -39 66 -75 128 -81 139 -5 11 -24 45 -43 75 -18 30 -41 70 -51 88 -19
38 -18 41 51 152 19 30 38 64 44 75 5 12 33 61 63 111 30 49 67 112 82 139 49
88 208 359 227 387 11 15 19 30 19 33 0 4 30 57 67 118 36 62 77 132 91 157
23 42 62 110 90 155 6 11 23 40 37 65 14 25 29 52 34 60 65 106 101 169 101
177 0 6 9 21 19 35 11 14 34 51 52 84 59 109 80 144 88 144 5 0 27 -35 49 -77z"/>
<path d="M6855 3508 c-3 -7 -4 -418 -3 -913 l3 -900 913 -5 c503 -3 916 -2
918 2 4 5 7 1691 4 1816 0 9 -190 12 -915 12 -723 0 -917 -3 -920 -12z m1758
-68 c4 0 7 -376 7 -835 0 -712 -2 -835 -14 -842 -8 -4 -389 -6 -846 -3 l-831
5 0 833 c0 458 2 836 5 840 3 5 1525 7 1679 2z"/>
<path d="M115 3121 c-4 -7 -8 -961 -5 -1259 0 -10 265 -12 1308 -10 l1307 3 0
635 0 635 -1302 3 c-809 1 -1304 -1 -1308 -7z m2540 -631 l0 -565 -1230 0
-1230 0 -3 555 c-1 305 0 561 3 568 3 10 255 12 1232 10 l1228 -3 0 -565z"/>
<path d="M1131 1696 c-6 -7 -9 -21 -5 -30 4 -10 0 -18 -10 -22 -26 -10 -18
-32 12 -36 29 -3 39 -33 11 -33 -28 0 -50 -27 -47 -54 3 -24 7 -26 64 -29 46
-2 63 1 67 11 9 24 -9 128 -23 137 -7 5 -10 15 -6 25 8 21 -10 45 -34 45 -10
0 -23 -6 -29 -14z m44 -167 c-11 -17 -35 -9 -35 11 0 18 3 19 20 10 11 -6 18
-15 15 -21z"/>
<path d="M1782 1702 c-9 -6 -10 -32 -5 -108 7 -82 11 -99 26 -102 17 -4 18 5
21 180 1 34 -17 46 -42 30z"/>
<path d="M1000 1660 c-10 -24 -10 -36 0 -59 6 -17 9 -35 5 -41 -12 -19 5 -68
27 -73 23 -7 48 1 48 14 0 6 -10 23 -21 38 -21 28 -21 30 -4 58 16 28 16 32 1
61 -21 40 -40 41 -56 2z"/>
<path d="M734 1638 c-14 -22 -14 -136 0 -147 27 -22 46 -2 46 48 0 47 13 71
37 71 8 0 13 -13 13 -35 0 -49 25 -83 66 -91 40 -7 64 8 57 35 -3 11 2 30 11
44 15 22 15 26 1 37 -8 7 -15 19 -15 26 0 23 -51 29 -84 10 -27 -15 -30 -16
-38 -2 -11 19 -83 22 -94 4z m184 -73 c0 -46 -23 -46 -24 0 0 21 4 35 12 35 7
0 12 -14 12 -35z"/>
<path d="M1283 1643 c-27 -5 -35 -31 -31 -99 3 -42 6 -49 25 -52 17 -3 24 3
29 22 3 14 3 29 0 35 -3 5 -2 21 4 36 15 40 38 16 42 -43 3 -39 6 -47 23 -47
17 0 20 8 23 53 5 90 -23 113 -115 95z"/>
<path d="M1447 1633 c-26 -29 -31 -69 -13 -104 11 -22 13 -36 6 -43 -27 -27 6
-66 55 -66 24 0 42 8 60 27 22 25 25 36 25 109 l0 81 -37 7 c-60 9 -79 7 -96
-11z m73 -42 c11 -22 -2 -71 -19 -71 -26 0 -42 74 -18 83 21 9 26 7 37 -12z
m0 -112 c0 -5 -9 -9 -20 -9 -22 0 -27 16 -7 23 15 5 27 -1 27 -14z"/>
<path d="M1613 1639 c-7 -7 -9 -32 -6 -68 7 -72 25 -90 85 -82 l43 6 3 63 c3
62 -10 98 -29 86 -5 -3 -9 -24 -9 -47 0 -50 -12 -72 -33 -64 -11 4 -17 22 -19
58 -3 53 -14 69 -35 48z"/>
<path d="M1875 1624 c-48 -51 -21 -129 48 -141 73 -11 119 93 64 145 -33 31
-81 29 -112 -4z m80 -45 c7 -22 -10 -49 -31 -49 -8 0 -16 11 -20 25 -12 48 37
70 51 24z"/>
<path d="M7735 1546 c-3 -9 -7 -23 -10 -31 -2 -8 -15 -15 -28 -15 -44 0 -62
-23 -61 -81 1 -68 24 -90 86 -82 24 3 48 9 53 14 7 5 11 49 10 106 0 94 -1 98
-23 101 -13 2 -24 -3 -27 -12z m-5 -110 c0 -57 -31 -76 -52 -32 -15 33 -4 56
27 56 20 0 25 -5 25 -24z"/>
<path d="M8174 1530 c-5 -25 -11 -30 -35 -30 -56 0 -82 -58 -54 -120 19 -42
29 -47 87 -42 24 3 39 10 42 21 9 29 10 176 2 189 -13 22 -36 13 -42 -18z m4
-101 c4 -34 -22 -57 -43 -39 -16 13 -20 51 -8 64 16 16 48 1 51 -25z"/>
<path d="M7138 1480 c-26 -27 -30 -36 -25 -67 8 -46 31 -71 71 -75 26 -2 32
-8 34 -30 3 -22 9 -28 27 -28 31 0 33 9 27 118 -4 87 -6 92 -28 97 -13 3 -35
7 -49 10 -20 4 -33 -2 -57 -25z m80 -54 c4 -36 -11 -54 -33 -36 -15 13 -20 51
-8 64 15 15 38 0 41 -28z"/>
<path d="M7510 1501 c-14 -4 -26 -15 -28 -24 -3 -17 1 -19 43 -21 11 -1 20 -8
20 -16 0 -10 -8 -14 -23 -12 -25 4 -62 -22 -62 -43 0 -29 37 -46 91 -43 l54 3
3 56 c4 80 -33 118 -98 100z"/>
<path d="M7965 1502 c-11 -2 -25 -8 -30 -13 -6 -4 -17 -4 -25 1 -21 14 -74 12
-88 -2 -19 -19 -16 -137 3 -145 21 -8 26 -1 27 38 0 76 29 98 98 76 45 -13 55
-37 13 -29 -18 3 -30 -1 -40 -13 -35 -49 4 -87 77 -76 l45 6 -4 65 c-4 83 -21
103 -76 92z"/>
<path d="M8295 1498 c-60 -36 -70 -87 -26 -136 46 -49 102 -38 136 29 14 26
14 32 1 57 -26 51 -74 72 -111 50z m50 -54 c19 -20 16 -33 -12 -51 -19 -13
-23 -12 -33 6 -8 15 -8 27 0 41 13 24 23 25 45 4z"/>
<path d="M7305 1490 c-6 -10 1 -95 11 -132 4 -14 16 -18 59 -18 62 0 65 4 65
91 0 45 -4 61 -16 66 -21 8 -34 -15 -27 -48 3 -15 0 -36 -7 -48 -17 -33 -38
-9 -42 47 -2 34 -8 48 -20 50 -9 2 -19 -2 -23 -8z"/>
<path d="M4217 393 c-9 -8 -9 -186 -1 -207 8 -21 31 -20 42 2 13 24 13 184 0
199 -11 14 -31 17 -41 6z"/>
<path d="M4329 327 c-14 -12 -31 -34 -39 -50 -12 -25 -11 -30 17 -65 36 -45
71 -52 107 -21 46 40 43 100 -8 141 -28 23 -46 22 -77 -5z m66 -67 c0 -18 -6
-26 -23 -28 -24 -4 -38 18 -28 44 3 9 15 14 28 12 17 -2 23 -10 23 -28z"/>
<path d="M4487 325 c-33 -31 -33 -33 -5 -62 21 -23 21 -23 2 -37 -18 -14 -18
-15 0 -35 25 -27 70 -27 96 1 24 26 25 38 6 63 -9 13 -11 26 -6 36 12 22 -15
59 -43 59 -12 0 -35 -11 -50 -25z"/>
<path d="M4652 329 c-25 -22 -21 -36 12 -49 15 -6 16 -9 5 -9 -9 -1 -24 -12
-33 -26 -15 -23 -15 -27 0 -51 16 -24 21 -25 63 -19 25 4 49 9 54 12 4 2 7 31
7 63 0 51 -3 61 -26 79 -34 26 -54 26 -82 0z"/>
<path d="M4855 341 c-6 -5 -21 -11 -35 -13 -23 -3 -25 -7 -28 -67 -2 -35 2
-69 7 -74 17 -17 40 12 43 56 2 30 8 43 21 45 14 3 17 -4 17 -40 0 -24 5 -50
10 -58 16 -25 45 1 48 45 5 57 -5 83 -38 100 -34 18 -33 18 -45 6z"/>
<path d="M4991 331 c-21 -16 -25 -28 -25 -69 0 -28 5 -57 12 -64 8 -10 8 -18
1 -25 -6 -6 -9 -21 -7 -34 3 -21 9 -24 55 -27 44 -3 53 0 63 17 12 24 22 172
12 188 -6 9 -22 16 -72 28 -8 3 -26 -4 -39 -14z m69 -73 c0 -26 -3 -29 -27
-26 -33 4 -44 36 -18 54 25 18 45 6 45 -28z m-10 -73 c0 -8 -4 -15 -9 -15 -13
0 -22 16 -14 24 11 11 23 6 23 -9z"/>
<path d="M5174 332 c-11 -9 -28 -30 -38 -45 -16 -27 -16 -29 11 -70 38 -56 77
-62 122 -17 17 17 31 40 31 51 0 44 -47 99 -85 99 -11 0 -29 -8 -41 -18z m61
-72 c0 -18 -6 -26 -23 -28 -24 -4 -38 18 -28 44 3 9 15 14 28 12 17 -2 23 -10
23 -28z"/>
</g>
</svg>
