<?xml version="1.0" encoding="UTF-8" standalone="no"?>
<svg
   xmlns:dc="http://purl.org/dc/elements/1.1/"
   xmlns:cc="http://creativecommons.org/ns#"
   xmlns:rdf="http://www.w3.org/1999/02/22-rdf-syntax-ns#"
   xmlns:svg="http://www.w3.org/2000/svg"
   xmlns="http://www.w3.org/2000/svg"
   xmlns:sodipodi="http://sodipodi.sourceforge.net/DTD/sodipodi-0.dtd"
   xmlns:inkscape="http://www.inkscape.org/namespaces/inkscape"
   version="1.0"
   width="900.000000pt"
   height="501.000000pt"
   viewBox="0 0 900.000000 501.000000"
   preserveAspectRatio="xMidYMid meet"
   id="svg2"
   inkscape:version="0.48.4 r9939"
   sodipodi:docname="7.svg">
  <defs
     id="defs122" />
  <sodipodi:namedview
     pagecolor="#ffffff"
     bordercolor="#666666"
     borderopacity="1"
     objecttolerance="10"
     gridtolerance="10"
     guidetolerance="10"
     inkscape:pageopacity="0"
     inkscape:pageshadow="2"
     inkscape:window-width="1600"
     inkscape:window-height="824"
     id="namedview120"
     showgrid="false"
     inkscape:zoom="0.75369261"
     inkscape:cx="444.47494"
     inkscape:cy="496.2776"
     inkscape:window-x="0"
     inkscape:window-y="24"
     inkscape:window-maximized="1"
     inkscape:current-layer="svg2" />
  <metadata
     id="metadata4">
Created by potrace 1.10, written by Peter Selinger 2001-2011
<rdf:RDF>
  <cc:Work
     rdf:about="">
    <dc:format>image/svg+xml</dc:format>
    <dc:type
       rdf:resource="http://purl.org/dc/dcmitype/StillImage" />
  </cc:Work>
</rdf:RDF>
</metadata>
  <g
     transform="translate(0.000000,501.000000) scale(0.100000,-0.100000)"
     fill="#000000"
     stroke="none"
     id="g6">
    <path
       d="M120 4770 c-33 -8 -48 -59 -32 -104 7 -18 12 -51 12 -74 0 -28 4 -42 13 -42 17 0 37 42 37 76 0 13 5 32 11 42 8 13 7 29 -3 63 -12 41 -15 44 -38 39z"
       id="path8" />
    <path
       d="M102 4495 c-11 -44 -9 -211 3 -263 8 -34 26 -39 31 -8 1 10 10 26 20 37 14 16 15 24 6 44 -7 15 -8 27 -2 30 6 4 10 35 10 70 0 57 -3 68 -29 97 l-29 33 -10 -40z"
       id="path48" />
    <path
       d="M112 4098 c-5 -7 -15 -53 -21 -102 -11 -77 -10 -91 3 -105 19 -21 20 -34 4 -78 -10 -28 -10 -36 4 -49 20 -20 29 -15 67 42 39 56 39 76 1 107 -29 25 -38 54 -22 73 5 5 14 28 21 52 9 34 10 47 0 58 -14 17 -43 18 -57 2z"
       id="path50" />
    <path
       d="M2136 4091 c-9 -10 -23 -51 -32 -92 -30 -149 -63 -219 -104 -219 -10 0 -29 9 -43 20 -14 11 -40 20 -60 20 -31 0 -39 -5 -65 -49 -21 -33 -39 -51 -59 -55 -40 -11 -53 -24 -53 -58 0 -70 -43 -88 -95 -39 -46 44 -104 71 -154 71 -102 0 -175 -46 -205 -129 -18 -50 -18 -51 4 -96 26 -54 76 -97 145 -125 60 -24 81 -55 59 -85 -20 -28 -18 -89 5 -109 10 -9 43 -27 72 -38 49 -20 76 -22 287 -24 l232 -3 42 -28 c45 -30 73 -88 118 -243 12 -41 31 -98 42 -127 l21 -51 -30 -64 c-16 -34 -36 -78 -43 -96 -7 -19 -29 -44 -49 -57 -20 -12 -51 -37 -70 -54 -36 -32 -63 -37 -116 -23 -33 9 -125 -12 -125 -29 0 -5 21 -9 48 -9 56 0 104 -26 127 -69 8 -17 15 -32 15 -35 0 -2 -22 7 -50 20 -27 13 -59 24 -70 24 -30 0 -25 -36 10 -77 19 -21 30 -45 30 -63 0 -40 -23 -39 -49 3 -20 33 -57 57 -87 57 -28 0 -26 -30 5 -77 48 -72 39 -113 -26 -113 -25 0 -36 7 -49 28 -10 15 -27 42 -40 61 l-23 34 19 38 c11 20 45 65 76 98 l56 61 -38 0 c-32 0 -45 -7 -84 -48 -62 -64 -90 -124 -90 -191 0 -63 -22 -103 -75 -141 -120 -85 -428 -356 -440 -388 -7 -20 44 -92 80 -112 l27 -15 101 107 c91 95 342 298 369 298 5 0 34 -27 64 -59 95 -103 186 -141 335 -141 83 0 91 2 168 42 l81 42 23 -22 c20 -20 22 -33 22 -115 0 -83 -3 -98 -30 -149 -32 -62 -185 -267 -230 -308 -24 -22 -35 -25 -103 -24 -42 0 -131 5 -197 11 -148 13 -303 2 -366 -26 -39 -18 -143 -48 -279 -82 -25 -6 -72 -20 -105 -30 -75 -22 -147 -37 -250 -49 -44 -6 -116 -17 -160 -26 -43 -8 -94 -13 -111 -9 -18 3 -77 -3 -132 -15 -55 -11 -116 -20 -136 -20 -23 0 -38 -6 -45 -17 -14 -27 -15 -226 -2 -323 6 -47 15 -157 21 -245 8 -139 12 -162 29 -176 34 -28 565 -33 3656 -34 1617 -1 3062 -5 3210 -9 169 -5 332 -3 435 3 91 6 280 15 420 20 140 6 306 15 368 22 98 11 136 11 279 -4 103 -10 172 -13 182 -7 16 8 17 74 19 887 1 483 4 1056 7 1273 11 867 12 1376 4 1391 -5 10 -27 19 -53 23 -57 9 -68 33 -34 79 63 83 81 157 54 221 -21 49 -57 72 -126 80 -50 6 -67 4 -93 -11 -43 -25 -105 -108 -118 -158 -15 -58 -36 -85 -64 -85 -18 0 -32 13 -59 59 -44 72 -93 116 -165 149 l-55 25 -43 -23 c-91 -48 -148 -169 -110 -237 7 -12 53 -64 104 -117 73 -76 92 -102 97 -133 9 -51 -4 -90 -47 -147 -20 -25 -57 -88 -82 -139 -59 -119 -126 -237 -153 -272 -12 -15 -22 -34 -22 -43 0 -8 -20 -45 -45 -82 -25 -37 -45 -72 -45 -76 0 -5 -18 -33 -40 -61 -22 -29 -49 -72 -61 -95 -12 -24 -38 -65 -59 -93 -21 -27 -53 -90 -71 -138 -28 -78 -31 -98 -27 -162 4 -55 11 -84 31 -118 31 -53 61 -66 137 -60 69 6 161 -19 202 -56 37 -33 47 -80 36 -174 -12 -95 -45 -228 -61 -245 -10 -9 -56 -17 -138 -22 -68 -5 -165 -18 -215 -29 -130 -28 -464 -37 -749 -20 -425 25 -690 3 -1030 -86 -27 -7 -81 -18 -120 -24 -38 -7 -97 -17 -130 -23 -35 -7 -159 -11 -300 -10 -306 2 -440 -9 -540 -43 -43 -14 -98 -28 -124 -32 -25 -3 -80 -19 -121 -36 -41 -16 -109 -36 -150 -43 -82 -16 -422 -31 -461 -21 -14 4 -33 23 -46 45 -62 110 -133 153 -265 162 l-87 6 -81 84 c-70 73 -80 88 -74 110 13 45 6 125 -15 194 -12 37 -21 82 -21 100 -1 40 -30 105 -78 169 -20 28 -50 72 -67 98 -82 128 -108 159 -195 223 -107 79 -130 103 -130 133 0 13 -9 32 -20 43 -11 11 -20 32 -20 46 0 31 59 94 88 94 32 0 52 -11 52 -28 0 -13 2 -13 18 1 10 10 24 17 30 17 6 0 26 13 45 29 18 16 45 33 60 36 30 8 31 12 17 51 -14 35 -8 40 101 98 48 24 124 69 170 99 46 30 104 65 129 77 25 13 99 59 165 103 66 44 144 88 173 98 30 10 105 44 168 76 133 67 151 66 146 -8 l-2 -44 36 43 c32 38 40 42 68 36 l32 -6 -4 60 c-4 54 -2 61 22 79 14 12 43 24 63 28 21 4 68 25 106 48 83 51 100 60 156 87 24 11 60 34 80 50 58 46 140 86 247 120 54 17 113 39 129 49 17 9 65 30 108 45 82 30 107 26 107 -15 0 -39 23 -15 61 61 13 27 30 41 71 59 143 61 183 90 159 114 -10 10 -158 -34 -207 -62 -16 -10 -48 -21 -69 -25 -21 -4 -77 -25 -124 -45 -104 -46 -173 -72 -266 -101 -63 -19 -232 -94 -310 -137 -82 -44 -190 -95 -334 -157 -46 -19 -98 -47 -116 -60 -41 -32 -268 -152 -360 -191 -185 -79 -428 -204 -533 -274 -46 -31 -96 -63 -111 -72 -16 -8 -74 -46 -130 -83 -55 -37 -126 -76 -156 -86 -30 -10 -65 -26 -77 -34 -34 -24 -63 -19 -113 16 -41 29 -55 33 -113 34 -37 1 -73 2 -80 3 -36 4 -119 293 -98 346 5 15 8 15 28 1 46 -33 118 -10 118 38 0 11 19 26 55 42 79 37 70 71 -26 94 -69 17 -93 53 -84 128 6 50 5 54 -27 84 -29 27 -33 36 -33 87 0 31 -4 61 -8 67 -4 7 -27 15 -52 18 -66 10 -76 25 -60 83 13 50 45 128 71 175 28 51 17 64 -85 106 -65 27 -73 27 -95 3z m100 -127 c-6 -43 -58 -134 -78 -134 -15 0 -8 68 13 124 18 47 26 56 47 56 24 0 24 -2 18 -46z m6513 -50 c12 -15 21 -34 21 -44 0 -37 -33 -109 -70 -154 -29 -34 -40 -57 -40 -81 0 -40 17 -55 72 -62 61 -8 76 -18 89 -62 9 -30 8 -66 -4 -167 -27 -220 -29 -283 -17 -521 7 -128 9 -237 5 -243 -9 -14 -42 14 -51 44 -4 11 -19 39 -34 61 -32 48 -90 167 -90 187 0 82 -121 328 -172 349 -25 10 -32 9 -45 -4 -17 -17 -18 -13 23 -90 16 -28 14 -32 -48 -155 -34 -70 -83 -149 -107 -176 -24 -28 -54 -73 -67 -102 -13 -29 -44 -85 -70 -126 -26 -40 -60 -101 -75 -134 -16 -34 -46 -82 -67 -107 l-39 -45 -6 -132 c-4 -78 -11 -138 -18 -147 -17 -20 -67 -7 -102 28 -34 34 -49 36 -92 9 -46 -29 -76 -15 -103 47 -39 93 -13 215 78 360 22 34 40 65 40 68 0 4 13 25 28 48 16 23 34 57 42 75 7 18 28 52 46 75 19 23 34 47 34 53 0 6 6 17 14 23 8 6 19 32 25 57 8 31 28 63 66 104 30 33 55 64 55 70 0 5 15 33 33 62 19 29 47 82 64 118 17 36 49 90 72 120 23 30 47 71 53 92 11 37 10 41 -33 102 -24 34 -69 83 -99 107 -118 96 -135 215 -38 265 36 19 70 12 109 -20 34 -29 116 -129 130 -159 15 -31 80 -78 103 -75 13 2 24 14 30 33 5 17 26 68 48 115 65 142 155 200 207 134z m-6729 -234 l0 -40 -52 1 c-67 1 -98 10 -112 31 -15 25 -2 32 72 39 37 3 73 7 80 7 8 1 12 -12 12 -38z m145 19 c4 -6 5 -12 2 -15 -7 -7 -37 7 -37 17 0 13 27 11 35 -2z m70 -85 c20 -25 35 -47 33 -49 -4 -4 -108 17 -163 33 l-30 9 38 7 c20 4 43 16 50 26 18 29 31 25 72 -26z m-715 1 c17 -9 52 -35 80 -60 28 -25 63 -51 80 -60 63 -32 116 -6 71 36 -51 47 -4 107 62 80 18 -8 61 -17 97 -21 80 -10 109 -38 135 -132 16 -62 16 -67 0 -103 -28 -58 -55 -65 -122 -29 -44 23 -59 38 -74 72 -19 43 -35 53 -45 27 -11 -28 7 -69 49 -109 27 -26 42 -50 42 -66 0 -22 6 -26 47 -34 58 -11 120 6 161 46 30 28 52 28 62 0 3 -10 20 -26 38 -37 31 -19 33 -25 48 -125 11 -77 22 -116 41 -145 14 -22 30 -61 36 -85 24 -102 44 -160 87 -255 49 -108 53 -131 30 -161 -15 -19 -16 -18 -40 9 -13 15 -29 46 -35 70 -6 23 -17 58 -25 77 -22 58 -53 142 -70 195 -37 114 -42 139 -32 177 8 33 6 41 -18 70 -15 18 -37 37 -49 41 -19 8 -106 13 -411 22 -156 5 -176 9 -210 45 -33 35 -37 80 -10 110 15 17 31 20 97 20 64 0 80 3 85 16 10 26 -26 46 -70 40 -23 -4 -51 -1 -73 9 -20 8 -47 15 -59 15 -13 0 -37 11 -53 25 -17 14 -35 25 -41 25 -6 0 -18 11 -27 25 -10 15 -26 25 -40 25 -31 0 -58 41 -50 75 7 27 40 62 71 75 33 14 104 11 135 -5z m1350 -874 c0 -13 -110 -72 -121 -65 -16 10 -9 31 14 47 34 22 107 34 107 18z m-295 -27 c18 -14 41 -43 49 -66 16 -39 16 -41 -9 -83 -14 -24 -25 -55 -25 -69 0 -14 -4 -28 -10 -31 -6 -3 -10 4 -10 17 0 32 -57 168 -81 194 -10 11 -19 30 -19 42 0 32 60 30 105 -4z m-228 -312 c29 -59 57 -73 107 -53 60 24 62 24 85 -14 18 -31 25 -36 54 -33 29 3 32 6 35 41 5 56 26 57 80 4 26 -25 65 -57 87 -72 22 -14 52 -45 67 -67 33 -49 25 -74 -27 -84 -21 -4 -40 -15 -47 -27 -10 -20 -11 -20 -24 -2 -8 10 -14 29 -14 41 0 55 -73 74 -109 28 -12 -15 -21 -35 -21 -46 0 -12 -11 -23 -30 -29 -34 -13 -40 -43 -11 -58 14 -8 23 -6 36 9 10 11 21 20 25 20 11 0 50 -76 50 -98 0 -12 5 -24 11 -28 8 -4 9 -29 5 -75 -5 -47 -3 -75 5 -91 7 -13 14 -67 16 -123 1 -55 5 -115 8 -133 5 -27 1 -37 -26 -61 -39 -36 -46 -89 -17 -137 13 -22 20 -54 21 -100 l2 -66 -65 -20 c-88 -28 -150 -56 -180 -84 -14 -12 -36 -24 -50 -26 -20 -2 -26 2 -28 22 -2 13 -13 30 -23 38 -10 7 -19 21 -19 30 -1 12 -6 8 -16 -10 -8 -16 -18 -28 -22 -28 -12 0 -32 23 -32 37 0 7 38 57 84 113 47 55 87 113 91 129 3 16 15 37 25 46 18 16 20 16 46 -4 57 -44 59 2 4 97 -30 52 -40 80 -40 113 0 24 -7 62 -14 84 -8 22 -16 67 -17 100 -4 60 -4 60 24 60 20 0 33 8 45 27 15 25 15 28 -3 49 -11 11 -32 27 -47 35 -37 19 -85 145 -69 180 6 14 11 34 11 45 0 27 -36 95 -54 102 -8 3 -27 23 -41 45 -23 35 -24 44 -18 103 4 35 9 55 11 44 1 -11 15 -44 29 -73z m-139 -78 c-4 -23 -48 -32 -48 -10 0 8 7 22 16 31 19 19 38 7 32 -21z m5962 -34 c0 -34 -8 -42 -31 -29 -22 11 -26 65 -6 72 19 7 37 -13 37 -43z m-5886 -61 c29 -34 28 -54 -7 -124 -24 -50 -46 -75 -65 -75 -12 0 -13 9 -7 48 9 57 9 67 0 114 -14 69 34 91 79 37z m5873 -85 c8 -22 -33 -62 -48 -47 -18 18 -2 63 22 63 11 0 22 -7 26 -16z m-5997 -29 c0 -22 -44 -75 -63 -75 -15 0 -1 69 19 91 20 22 44 14 44 -16z m684 -95 c14 -22 26 -45 26 -53 0 -20 102 -114 133 -121 23 -5 27 -12 27 -40 0 -38 12 -51 57 -61 37 -7 73 -47 73 -79 1 -11 7 -32 15 -46 23 -41 19 -53 -17 -48 -17 3 -43 -1 -57 -8 -14 -8 -48 -14 -74 -14 -27 0 -70 -9 -97 -21 -83 -36 -85 -33 -83 113 1 70 6 135 11 144 8 14 4 22 -15 37 -24 19 -25 24 -18 84 6 59 5 66 -14 79 -13 10 -21 26 -21 45 0 41 22 37 54 -11z m-518 -136 c1 -133 -6 -157 -47 -174 -15 -7 -30 -18 -32 -25 -3 -7 -42 -17 -101 -24 -105 -14 -140 -7 -231 42 -46 26 -55 50 -27 80 11 12 36 54 56 93 47 93 60 104 89 76 53 -50 157 -69 176 -33 6 10 21 21 33 25 13 3 31 19 41 37 31 56 42 33 43 -97z m-620 45 c8 -14 -21 -44 -34 -35 -14 8 -3 46 14 46 7 0 16 -5 20 -11z m134 -59 c0 -12 -28 -25 -36 -17 -9 9 6 27 22 27 8 0 14 -5 14 -10z m6810 -5 c0 -8 -7 -15 -15 -15 -16 0 -20 12 -8 23 11 12 23 8 23 -8z m-7380 -306 c0 -20 -21 -49 -35 -49 -26 0 -29 23 -5 42 25 20 40 23 40 7z m1916 -94 c25 -38 13 -99 -27 -141 -36 -37 -59 -43 -79 -19 -21 26 -52 13 -74 -30 -18 -34 -26 -40 -58 -43 -28 -2 -40 2 -52 20 -18 26 -21 61 -6 88 16 30 -21 45 -59 25 -36 -18 -59 -11 -67 21 -9 33 12 54 53 54 19 0 65 7 102 15 131 28 157 33 203 34 40 1 50 -3 64 -24z m134 -116 c0 -10 -4 -19 -10 -19 -5 0 -10 12 -10 26 0 14 4 23 10 19 6 -3 10 -15 10 -26z m-50 -69 c15 -28 5 -40 -35 -40 -43 0 -51 14 -25 40 25 25 46 26 60 0z m115 -2 c28 -12 34 -45 10 -54 -21 -9 -45 14 -45 42 0 28 1 28 35 12z m-547 -60 c6 -29 14 -65 18 -81 8 -33 -9 -57 -41 -57 -20 0 -23 6 -29 75 -7 77 2 115 28 115 9 0 18 -20 24 -52z m739 36 c7 -19 -13 -34 -44 -34 -16 0 -23 6 -23 19 0 31 56 44 67 15z m4353 -51 c40 -38 28 -53 -51 -63 -35 -4 -85 -13 -111 -20 -63 -16 -98 -7 -98 25 0 31 8 35 91 46 38 5 82 15 97 23 36 20 37 20 72 -11z m-4651 -7 c30 -55 -12 -89 -135 -108 -43 -6 -90 -19 -104 -28 -14 -9 -47 -22 -74 -29 -41 -10 -52 -10 -64 3 -13 13 -10 19 19 55 39 47 67 58 171 70 53 6 86 16 114 34 49 32 58 33 73 3z m4281 -56 c0 -14 -75 -34 -97 -26 -17 7 -17 8 1 22 22 16 96 19 96 4z m-202 -19 c10 -6 4 -14 -24 -30 -40 -24 -69 -24 -69 -1 0 27 65 49 93 31z m-298 -28 c24 -14 34 -15 55 -5 33 15 57 15 90 0 38 -17 31 -33 -26 -57 -62 -27 -110 -25 -124 7 -12 26 -26 24 -41 -7 -14 -26 -26 -29 -34 -6 -5 13 -24 16 -115 17 -138 2 -158 -4 -153 -43 3 -20 0 -29 -9 -29 -7 0 -13 6 -13 13 0 15 -61 47 -89 47 -10 0 -24 -6 -30 -14 -18 -21 -60 -25 -99 -9 l-35 15 49 23 c121 57 119 57 308 53 97 -3 179 -1 182 4 9 14 54 9 84 -9z m-4785 -63 c0 -22 -39 -19 -43 3 -3 15 1 18 20 15 12 -2 23 -10 23 -18z m426 5 c25 -14 28 -18 18 -36 -10 -19 -18 -21 -70 -17 -32 2 -61 7 -64 10 -13 13 10 37 43 46 20 6 38 10 40 11 2 1 16 -6 33 -14z m-326 -65 c-5 -22 -1 -37 14 -56 31 -39 27 -60 -11 -68 -40 -8 -48 4 -48 71 0 42 4 55 22 67 30 21 31 21 23 -14z m721 16 c3 -8 -2 -28 -11 -45 -9 -18 -13 -36 -10 -41 9 -14 37 -12 59 5 11 8 30 15 43 15 18 0 25 -7 30 -30 7 -36 70 -90 105 -90 32 0 68 -27 68 -50 0 -23 -12 -31 -59 -41 -20 -4 -72 -22 -116 -39 -53 -21 -116 -37 -185 -46 -58 -7 -148 -22 -200 -33 -128 -28 -175 -28 -194 2 -8 12 -31 74 -52 137 -20 63 -43 124 -51 135 -16 25 -17 55 0 55 6 1 53 2 102 3 55 2 105 9 130 20 27 11 70 16 135 17 73 0 103 4 130 19 43 23 69 25 76 7z m3844 5 c0 -6 -5 -13 -10 -16 -15 -9 -43 3 -35 15 8 13 45 13 45 1z m-1006 -87 c22 -9 20 -31 -4 -39 -20 -6 -60 10 -60 25 0 16 37 24 64 14z m-2516 -16 c-5 -16 -83 -42 -103 -34 -25 9 -17 25 18 35 48 14 89 13 85 -1z m2071 -33 c13 -12 9 -17 -33 -35 -53 -23 -76 -24 -125 -10 -27 8 -38 6 -52 -6 -10 -9 -26 -13 -41 -9 -18 5 -33 -1 -55 -19 -16 -13 -43 -28 -59 -32 -16 -4 -41 -16 -57 -28 -20 -14 -30 -17 -38 -9 -8 8 -5 14 11 23 13 7 53 44 91 83 l67 70 138 -6 c101 -5 142 -11 153 -22z m426 -55 c3 -5 -7 -17 -21 -27 -33 -21 -178 -29 -171 -10 2 7 19 13 37 15 19 2 43 10 54 18 23 16 92 19 101 4z m-3598 -32 c13 -12 23 -28 23 -36 0 -7 26 -39 58 -71 52 -53 56 -60 47 -85 -7 -21 -5 -35 8 -58 22 -38 21 -44 -5 -51 -19 -5 -20 -8 -8 -23 13 -15 15 -14 31 5 10 12 26 21 36 21 10 0 24 9 30 19 17 27 51 16 75 -26 20 -34 69 -56 76 -35 2 6 25 27 52 47 42 31 55 35 106 34 77 -1 234 7 299 16 52 6 52 6 58 -24 4 -17 12 -31 19 -31 25 1 60 37 67 69 5 26 16 38 50 57 41 21 46 22 73 8 16 -8 32 -22 35 -30 3 -8 23 -22 45 -31 102 -41 41 -129 -66 -93 -27 8 -40 8 -57 -1 -21 -11 -56 -9 -164 7 -26 4 -48 15 -62 32 -24 28 -23 29 -38 -25 -2 -7 -21 -15 -42 -18 -21 -3 -49 -9 -63 -13 -14 -5 -42 -3 -65 3 -23 7 -54 8 -75 4 -109 -24 -229 -57 -286 -80 -38 -15 -61 -7 -73 24 -10 24 -34 41 -45 30 -3 -3 -3 -17 0 -29 9 -35 -20 -41 -60 -13 -46 31 -54 76 -20 102 13 10 24 27 24 37 0 23 -46 53 -71 47 -23 -6 -40 21 -33 50 8 29 -8 35 -61 22 -41 -10 -47 -10 -60 7 -20 27 -20 27 28 49 26 12 43 28 45 40 10 72 27 83 69 43z m2658 -32 c19 -14 19 -15 1 -35 -29 -32 -79 -37 -115 -12 -29 21 -31 21 -93 5 -38 -11 -75 -28 -93 -46 -17 -15 -38 -28 -47 -28 -27 0 -48 -11 -48 -26 0 -8 8 -14 18 -14 9 0 30 -9 46 -19 l29 -19 -25 -25 c-30 -30 -138 -46 -181 -26 -20 9 -30 9 -40 0 -8 -6 -63 -16 -123 -21 -60 -6 -140 -15 -179 -20 -130 -17 -224 -9 -185 15 5 3 10 17 10 30 0 27 -25 45 -63 45 -17 0 -26 7 -30 21 -8 29 -72 24 -72 -6 0 -15 8 -21 33 -23 17 -2 32 -5 32 -7 0 -2 -13 -17 -30 -33 -18 -18 -28 -37 -24 -45 7 -19 -17 -33 -71 -42 -22 -4 -52 -16 -67 -27 -38 -26 -109 -50 -134 -44 -14 4 -36 -6 -66 -29 -46 -36 -159 -75 -216 -75 -16 0 -42 -4 -58 -9 -46 -14 -178 -31 -324 -41 -182 -13 -379 -36 -410 -48 -14 -5 -68 -12 -120 -16 -52 -4 -128 -16 -168 -27 -67 -19 -92 -20 -335 -14 -144 3 -424 8 -622 10 -226 2 -370 7 -388 14 -17 7 -114 11 -247 11 -199 0 -220 2 -228 17 -5 10 -12 75 -16 144 -5 99 -4 128 6 137 8 6 41 15 73 21 33 5 86 16 117 22 53 12 60 11 125 -14 78 -31 115 -33 182 -12 78 24 169 45 198 45 16 0 70 -10 121 -22 83 -20 97 -21 140 -9 26 8 58 15 72 16 14 2 50 7 80 13 30 6 105 14 165 17 75 4 124 13 154 26 60 26 67 25 95 -20 18 -28 44 -49 91 -73 37 -18 95 -47 128 -65 34 -17 71 -32 82 -32 11 -1 32 -7 47 -15 15 -8 53 -20 85 -26 32 -7 75 -21 95 -31 58 -30 167 -23 268 17 93 37 189 50 325 43 11 -1 65 5 120 12 55 7 141 14 190 15 189 5 271 30 346 105 47 47 50 76 9 121 -37 40 -37 46 -2 54 15 3 41 9 57 14 17 4 130 8 253 9 123 1 234 6 246 11 13 5 91 9 173 9 82 0 162 5 177 11 15 5 53 10 85 10 48 0 61 4 81 25 19 21 33 25 79 26 31 0 76 4 101 8 66 12 65 12 85 -3z m374 -5 c9 -6 10 -10 2 -16 -15 -8 -41 1 -41 15 0 12 20 13 39 1z m256 -1 c-28 -12 -65 -12 -65 0 0 6 19 10 43 9 32 0 37 -2 22 -9z m-3544 -20 c5 0 0 -9 -12 -21 -17 -17 -19 -28 -13 -65 4 -30 2 -49 -6 -59 -12 -14 -16 -13 -35 5 -12 12 -35 24 -51 29 -30 8 -38 31 -28 79 7 35 30 21 26 -16 -3 -22 2 -33 16 -41 24 -13 37 0 47 44 12 52 15 57 31 51 9 -3 20 -6 25 -6z m2774 -99 c9 -15 -24 -41 -52 -41 -30 0 -26 20 8 37 29 15 36 16 44 4z m-2631 -37 c9 -24 7 -34 -8 -34 -18 0 -39 27 -31 40 9 15 32 12 39 -6z m126 -179 c0 -11 -28 -4 -40 10 -7 8 -22 15 -35 15 -31 0 -36 9 -18 37 l16 24 38 -40 c22 -22 39 -43 39 -46z"
       id="path52" />
    <path
       d="M2485 1818 c-9 -22 4 -43 17 -30 7 7 7 16 0 29 -10 17 -11 17 -17 1z"
       id="path54" />
    <path
       d="M2540 1266 c0 -26 -6 -48 -15 -56 -32 -27 -12 -50 45 -50 39 0 47 17 21 44 -17 18 -20 30 -15 55 5 23 3 36 -7 42 -25 15 -29 10 -29 -35z"
       id="path56" />
    <path
       d="M2015 1817 c-4 -10 -5 -21 -1 -24 10 -10 18 4 13 24 -4 17 -4 17 -12 0z"
       id="path58" />
    <path
       d="M3380 521 c0 -27 13 -33 35 -17 21 15 12 36 -16 36 -12 0 -19 -7 -19 -19z"
       id="path60" />
    <path
       d="M4326 607 c-22 -18 -2 -40 62 -67 l53 -23 46 19 c52 21 68 44 31 44 -13 0 -32 6 -43 14 -28 18 -129 27 -149 13z"
       id="path62" />
    <path
       d="M4080 585 c-48 -15 -72 -38 -63 -61 6 -17 64 -18 110 -2 27 10 40 10 66 -1 57 -24 81 -24 101 -2 30 33 14 51 -46 51 -31 1 -61 7 -72 15 -24 18 -37 18 -96 0z"
       id="path64" />
    <path
       d="M1590 391 c0 -27 27 -51 56 -51 21 0 23 3 14 19 -10 20 -48 51 -62 51 -5 0 -8 -9 -8 -19z"
       id="path66" />
    <path
       d="M1566 271 c-4 -6 -1 -23 6 -38 10 -22 21 -29 49 -31 70 -6 54 59 -17 74 -19 3 -34 2 -38 -5z"
       id="path68" />
    <path
       d="M1732 268 c5 -15 28 -23 28 -10 0 5 -7 13 -16 16 -10 4 -14 1 -12 -6z"
       id="path70" />
    <path
       d="M1230 245 c-14 -8 -35 -14 -46 -15 -12 0 -32 -8 -45 -19 l-23 -18 28 -18 c21 -14 45 -18 94 -17 36 1 71 7 76 12 6 6 27 10 47 10 24 0 39 5 43 15 6 16 -12 28 -35 24 -8 -2 -27 4 -44 13 -49 25 -68 28 -95 13z"
       id="path72" />
    <path
       d="M2951 4050 c-13 -28 -21 -53 -17 -57 3 -3 7 -4 9 -2 1 2 12 18 25 36 21 31 30 73 14 73 -4 0 -18 -23 -31 -50z"
       id="path74" />
    <path
       d="M733 3960 c-29 -12 -55 -53 -51 -82 3 -22 51 -58 63 -46 4 3 0 16 -7 27 -22 35 0 56 63 59 54 3 55 3 69 -33 11 -28 19 -35 41 -35 59 0 42 39 -40 92 -46 29 -95 35 -138 18z"
       id="path76" />
    <path
       d="M2696 3651 c-27 -29 -15 -50 12 -23 22 22 29 42 14 42 -5 0 -17 -9 -26 -19z"
       id="path78" />
    <path
       d="M113 3648 c-13 -20 -16 -61 -12 -158 2 -36 -1 -96 -5 -133 -5 -48 -4 -72 4 -82 14 -17 48 -19 69 -6 12 8 12 12 2 25 -8 9 -11 26 -7 41 4 14 1 34 -6 45 -10 15 -10 22 0 32 15 15 15 55 1 97 -8 24 -8 35 1 46 19 23 -5 105 -31 105 -4 0 -11 -6 -16 -12z"
       id="path80" />
    <path
       d="M3230 3625 l-25 -13 30 -7 c45 -9 60 -20 63 -44 4 -25 3 -24 37 -9 34 16 31 44 -7 68 -38 23 -63 25 -98 5z"
       id="path82" />
    <path
       d="M4044 3175 c-3 -13 -12 -29 -20 -36 -8 -6 -14 -19 -14 -28 -1 -29 -72 -123 -142 -189 -46 -42 -32 -46 17 -5 84 70 185 214 185 263 0 28 -18 25 -26 -5z"
       id="path84" />
    <path
       d="M117 3083 c-5 -9 -10 -64 -8 -101 1 -35 46 -27 47 8 1 14 7 36 14 50 11 20 10 25 -6 37 -20 14 -40 17 -47 6z"
       id="path86" />
    <path
       d="M3802 2858 c-7 -7 -12 -15 -12 -20 0 -12 28 2 34 18 7 17 -6 18 -22 2z"
       id="path88" />
    <path
       d="M124 2803 c-6 -5 -14 -41 -18 -81 -6 -59 -4 -78 9 -98 33 -50 84 -14 69 49 -4 18 -8 55 -8 82 -1 42 -4 50 -21 53 -11 1 -25 -1 -31 -5z"
       id="path90" />
    <path
       d="M938 2786 c-9 -12 -30 -43 -47 -68 -35 -52 -82 -78 -106 -58 -8 7 -15 21 -15 31 0 29 -18 23 -35 -11 -13 -26 -14 -35 -3 -58 24 -50 115 -38 138 18 7 16 27 41 46 55 19 14 34 32 34 39 0 8 7 19 15 26 18 15 20 50 3 50 -7 0 -21 -11 -30 -24z"
       id="path92" />
    <path
       d="M2 2095 c0 -379 4 -679 8 -665 4 14 8 57 9 95 1 39 7 102 15 140 16 83 22 188 18 343 -1 61 2 112 7 112 4 0 20 9 35 21 l27 21 -33 17 c-38 18 -33 -9 -62 371 -9 118 -18 220 -20 225 -3 6 -4 -300 -4 -680z"
       id="path94" />
    <path
       d="M3583 2733 c-7 -2 -13 -8 -13 -13 0 -10 38 -1 46 11 6 10 -13 11 -33 2z"
       id="path96" />
    <path
       d="M3185 2660 c-10 -16 24 -25 90 -25 72 1 107 11 85 25 -20 13 -167 13 -175 0z"
       id="path98" />
    <path
       d="M2850 2570 c0 -5 -9 -18 -21 -29 -12 -11 -19 -25 -17 -31 5 -15 58 34 58 55 0 8 -4 15 -10 15 -5 0 -10 -4 -10 -10z"
       id="path100" />
    <path
       d="M117 2543 c-2 -5 -9 -26 -16 -49 -12 -36 -11 -44 4 -68 14 -20 16 -38 11 -76 -12 -91 27 -171 60 -125 11 15 9 25 -17 69 l-29 52 25 22 c29 25 34 62 8 62 -17 1 -17 1 0 11 12 7 17 23 17 53 0 37 -4 45 -22 50 -30 8 -36 7 -41 -1z"
       id="path102" />
    <path
       d="M134 2022 c-5 -4 -15 -31 -22 -60 -10 -45 -9 -58 5 -94 10 -24 19 -36 21 -27 3 8 16 26 30 41 23 25 24 31 14 65 -8 26 -8 41 -1 49 21 25 -18 46 -47 26z"
       id="path104" />
    <path
       d="M109 1703 c-1 -16 -2 -62 -3 -103 l-1 -75 35 0 35 0 3 71 c2 54 -1 74 -13 84 -8 7 -15 21 -15 31 0 12 -7 19 -20 19 -15 0 -20 -7 -21 -27z"
       id="path106" />
    <path
       d="M90 1450 c0 -13 7 -20 18 -20 26 0 34 11 21 27 -17 20 -39 16 -39 -7z"
       id="path108" />
    <path
       d="M165 1330 c-3 -5 -14 -10 -24 -10 -14 0 -21 -13 -30 -57 -12 -64 -7 -99 16 -107 23 -9 33 2 33 36 0 18 9 51 21 75 20 42 20 73 0 73 -5 0 -13 -4 -16 -10z"
       id="path110" />
    <path
       d="M91 1096 c-25 -30 21 -67 53 -42 10 8 12 17 5 34 -9 25 -40 29 -58 8z"
       id="path112" />
    <path
       d="M110 931 c-5 -11 -10 -33 -10 -50 0 -26 4 -31 25 -31 20 0 25 5 25 24 0 13 7 29 15 36 25 21 18 40 -15 40 -19 0 -33 -7 -40 -19z"
       id="path114" />
    <path
       d="M85 644 c-16 -17 -16 -31 6 -116 5 -21 11 -38 13 -38 2 0 17 5 35 11 23 8 31 17 31 34 0 13 -5 27 -11 30 -7 5 -4 13 7 26 15 17 16 20 0 44 -19 29 -56 33 -81 9z"
       id="path116" />
    <path
       d="M151 266 c-20 -21 -27 -23 -47 -14 -13 6 -27 8 -30 5 -11 -10 25 -57 43 -57 23 0 73 49 73 72 0 25 -12 23 -39 -6z"
       id="path118" />
  </g>
  <text
     xml:space="preserve"
     style="font-size:32.9926796px;font-style:normal;font-variant:normal;font-weight:bold;font-stretch:normal;text-align:center;line-height:125%;letter-spacing:0px;word-spacing:0px;text-anchor:middle;fill:#000000;fill-opacity:1;stroke:none;font-family:Comic Sans MS;-inkscape-font-specification:Sans Bold"
     x="444.18329"
     y="52.529659"
     id="text4914"
     sodipodi:linespacing="125%"
     transform="scale(1.0310213,0.96991208)"><tspan
       sodipodi:role="line"
       id="tspan4916"
       x="444.18326"
       y="52.529659">DETESTO ESTES JOGOS COMPLICADOS.</tspan></text>
</svg>
