<?xml version="1.0" standalone="no"?>
<!DOCTYPE svg PUBLIC "-//W3C//DTD SVG 20010904//EN"
 "http://www.w3.org/TR/2001/REC-SVG-20010904/DTD/svg10.dtd">
<svg version="1.0" xmlns="http://www.w3.org/2000/svg"
 width="900.000000pt" height="477.000000pt" viewBox="0 0 900.000000 477.000000"
 preserveAspectRatio="xMidYMid meet">
<metadata>
Created by potrace 1.10, written by Peter Selinger 2001-2011
</metadata>
<g transform="translate(0.000000,477.000000) scale(0.100000,-0.100000)"
fill="#000000" stroke="none">
<path d="M3000 4605 c-19 -14 -37 -25 -42 -25 -4 0 -41 -20 -81 -45 -41 -25
-77 -45 -80 -45 -4 0 -40 -20 -80 -45 -41 -25 -77 -45 -81 -45 -3 0 -34 -17
-68 -38 -35 -21 -99 -58 -143 -82 -44 -24 -89 -48 -100 -54 -11 -6 -22 -14
-25 -17 -3 -3 -18 -12 -35 -21 -68 -34 -171 -91 -185 -103 -8 -6 -35 -22 -60
-34 -25 -12 -67 -36 -95 -52 -27 -17 -63 -37 -80 -45 -16 -8 -37 -19 -45 -24
-45 -29 -168 -100 -173 -100 -4 0 -53 -27 -109 -60 -117 -69 -125 -74 -192
-109 -26 -14 -55 -30 -65 -36 -20 -12 -108 -62 -226 -128 -49 -28 -127 -72
-171 -99 -45 -26 -85 -48 -88 -48 -4 0 -24 -11 -46 -25 -22 -14 -64 -38 -92
-54 -157 -85 -193 -105 -198 -111 -3 -4 -36 -22 -74 -41 -37 -19 -70 -39 -73
-46 -2 -6 8 -31 24 -55 31 -48 35 -56 88 -153 20 -38 43 -77 49 -85 7 -8 24
-38 38 -67 26 -51 57 -105 164 -290 30 -50 54 -94 54 -97 0 -3 20 -39 45 -79
25 -41 45 -77 45 -80 0 -5 79 -144 100 -177 6 -8 13 -22 17 -30 4 -8 40 -72
80 -143 40 -70 73 -129 73 -132 0 -2 27 -49 60 -103 33 -55 60 -102 60 -106 0
-3 20 -39 45 -79 25 -41 45 -77 45 -80 0 -3 27 -51 60 -105 33 -55 60 -102 60
-106 0 -3 17 -34 38 -68 21 -35 43 -74 50 -88 7 -14 20 -38 30 -55 10 -16 35
-61 56 -99 21 -38 51 -90 67 -116 16 -26 29 -50 29 -53 0 -3 27 -51 60 -106
33 -56 60 -103 60 -106 0 -12 63 -105 71 -105 6 0 73 36 150 80 76 44 141 80
144 80 2 0 49 27 103 60 55 33 102 60 105 60 4 0 30 14 59 32 67 40 164 94
203 114 17 8 44 23 60 34 17 10 48 28 70 40 121 67 151 84 165 94 8 7 33 21
55 31 22 11 72 39 111 62 39 24 74 43 78 43 3 0 34 17 68 38 35 21 99 58 143
82 44 24 89 48 100 54 11 6 22 14 25 17 3 3 17 12 32 20 153 80 235 126 411
231 54 32 101 58 105 58 4 0 23 -12 42 -28 80 -64 162 -95 295 -113 39 -6 93
-15 120 -20 29 -7 111 -9 195 -6 238 8 350 33 423 97 42 37 43 38 72 22 17 -8
44 -25 60 -36 43 -30 67 -45 90 -55 12 -5 61 -33 111 -62 50 -30 102 -61 116
-69 14 -8 48 -28 75 -44 179 -107 264 -155 282 -161 12 -3 21 -11 21 -16 0 -5
5 -9 11 -9 6 0 56 -27 111 -60 54 -33 101 -60 103 -60 2 0 23 -13 47 -29 24
-16 75 -46 115 -67 39 -22 110 -63 158 -91 48 -29 90 -53 95 -53 5 0 15 -6 22
-14 8 -7 45 -31 84 -52 38 -20 97 -55 132 -76 34 -21 86 -51 115 -66 28 -16
120 -69 204 -119 123 -74 154 -89 163 -78 19 23 148 244 155 265 3 11 10 20
15 20 4 0 10 8 14 18 3 9 10 24 15 32 6 8 44 74 86 145 41 72 80 137 85 145 6
8 13 22 17 30 3 8 33 59 65 112 32 54 58 100 58 102 0 3 13 24 29 48 16 24 45
73 65 111 31 57 123 215 156 267 12 20 157 271 193 335 16 27 39 66 51 85 13
19 54 89 92 154 38 66 81 140 96 165 15 25 31 53 35 61 3 8 39 70 80 138 40
68 73 125 73 127 0 2 12 21 26 42 14 21 30 47 34 58 4 11 42 76 84 145 l75
125 -26 22 c-14 12 -49 33 -77 47 -63 32 -119 64 -171 97 -57 37 -127 77 -151
88 -17 8 -106 59 -174 101 -89 54 -154 93 -200 117 -30 17 -97 56 -148 87 -51
31 -96 56 -99 56 -4 0 -23 11 -42 23 -33 22 -263 158 -331 196 -37 21 -114 65
-165 94 -22 12 -58 34 -80 48 -22 14 -69 42 -105 61 -36 19 -95 54 -133 77
-37 22 -71 41 -76 41 -5 0 -16 6 -23 13 -19 16 -84 55 -223 132 -11 6 -38 22
-60 36 -22 14 -71 43 -110 64 -38 21 -72 41 -75 44 -4 5 -27 18 -111 64 -50
26 -114 70 -125 84 -10 12 -143 15 -900 18 -489 3 -1200 7 -1579 10 l-691 5
-34 -25z m2650 -50 c206 0 392 3 413 7 28 5 39 3 43 -7 3 -8 -51 -108 -120
-224 -69 -115 -126 -212 -126 -215 0 -3 -31 -57 -70 -121 -38 -64 -70 -119
-70 -123 0 -4 -16 -29 -35 -56 -19 -27 -35 -53 -35 -57 0 -5 -25 -50 -56 -101
-31 -51 -73 -122 -92 -158 -19 -36 -49 -87 -67 -115 -46 -73 -175 -293 -175
-299 0 -3 -31 -57 -70 -121 -38 -64 -70 -120 -70 -125 0 -5 -6 -15 -14 -23 -8
-7 -37 -54 -64 -103 -27 -49 -68 -120 -91 -157 -22 -37 -41 -71 -41 -76 0 -5
-6 -16 -13 -23 -13 -13 -87 -135 -87 -143 0 -2 -25 -45 -55 -95 -30 -49 -73
-125 -96 -167 -23 -43 -46 -84 -52 -91 -14 -18 -30 -2 -66 71 -16 34 -44 85
-60 112 -17 28 -44 77 -62 110 -17 33 -39 71 -48 85 -31 48 -41 65 -53 90 -7
14 -15 27 -18 30 -3 3 -13 21 -23 40 -9 19 -35 67 -57 105 -22 39 -52 92 -66
119 -14 27 -32 56 -40 64 -8 7 -14 18 -14 23 0 5 -13 30 -28 56 -16 27 -52 91
-82 143 -48 87 -115 204 -210 370 -21 36 -50 88 -65 115 -15 28 -43 75 -61
106 -19 31 -34 59 -34 62 0 5 -68 122 -91 157 -5 8 -16 29 -24 45 -8 17 -35
64 -59 105 -25 41 -58 100 -73 130 -16 30 -54 99 -86 152 -31 53 -57 99 -57
102 0 3 -27 50 -60 104 -33 55 -60 102 -60 106 0 3 487 3 1083 -1 595 -4 1251
-7 1457 -8z m-2580 -30 c8 -16 32 -57 53 -92 20 -35 37 -66 37 -69 0 -4 22
-43 49 -88 26 -44 61 -106 77 -136 15 -30 33 -62 40 -70 12 -15 58 -99 97
-175 11 -22 30 -53 42 -70 12 -16 30 -48 42 -70 38 -74 83 -155 108 -195 14
-22 25 -42 25 -46 0 -3 24 -47 54 -97 104 -179 140 -242 164 -287 43 -81 57
-105 68 -120 10 -13 55 -94 106 -190 10 -19 23 -42 28 -50 29 -46 90 -151 90
-156 0 -3 17 -36 39 -72 21 -37 66 -116 101 -177 35 -60 80 -139 100 -175 21
-36 52 -92 70 -125 18 -33 45 -78 59 -100 14 -22 29 -47 32 -55 7 -16 -17 -50
-35 -50 -14 0 -130 -60 -187 -96 -21 -13 -41 -24 -43 -24 -7 0 -180 -102 -186
-109 -3 -4 -30 -19 -60 -34 -30 -15 -77 -40 -105 -55 -27 -16 -81 -46 -120
-66 -38 -21 -77 -44 -85 -50 -8 -7 -35 -22 -60 -34 -25 -13 -52 -27 -60 -32
-106 -62 -172 -100 -177 -100 -4 0 -115 -64 -173 -100 -8 -5 -37 -21 -65 -35
-27 -14 -63 -34 -80 -45 -16 -10 -52 -31 -80 -45 -27 -14 -63 -34 -80 -45 -16
-11 -39 -24 -50 -30 -71 -37 -176 -96 -213 -121 -24 -16 -47 -29 -52 -29 -5 0
-49 -23 -97 -52 -48 -28 -110 -63 -138 -78 -44 -22 -66 -35 -150 -87 -11 -7
-42 -24 -70 -38 -27 -14 -63 -34 -80 -45 -16 -10 -52 -31 -80 -45 -75 -39 -96
-52 -108 -64 -24 -24 -52 -11 -71 32 -11 23 -31 60 -45 82 -42 65 -50 79 -61
105 -18 41 -104 185 -112 188 -4 2 -8 10 -8 19 0 8 -24 55 -52 103 -98 165
-148 252 -165 286 -23 43 -65 120 -83 149 -10 17 -31 53 -45 80 -14 28 -34 64
-45 80 -30 47 -46 76 -75 135 -15 30 -37 68 -47 83 -11 16 -30 47 -43 70 -61
114 -88 163 -95 172 -4 6 -24 42 -45 80 -51 94 -57 104 -85 150 -14 22 -36 60
-48 85 -13 25 -32 59 -42 75 -11 17 -24 39 -30 50 -6 11 -26 47 -45 80 -19 33
-39 69 -45 80 -6 11 -19 34 -30 50 -10 17 -31 55 -46 85 -15 30 -35 67 -46 83
-11 15 -38 62 -60 105 -22 42 -50 90 -61 106 l-21 29 30 23 c16 13 41 29 56
35 16 6 28 15 28 20 0 5 7 9 16 9 9 0 53 22 98 49 44 27 108 64 141 82 90 48
107 58 140 79 17 10 53 31 80 45 28 14 64 34 80 45 17 10 53 31 80 45 28 14
64 34 80 45 46 29 74 45 140 79 33 17 83 44 110 60 28 17 70 40 95 53 25 13
61 34 80 47 19 12 44 27 55 32 11 5 47 25 80 44 33 19 69 39 80 45 11 6 34 19
50 29 17 11 59 34 95 53 36 18 87 47 114 65 26 18 52 33 57 33 12 0 183 102
187 112 2 4 11 8 19 8 9 0 37 13 62 28 25 16 53 31 61 35 8 4 29 16 45 27 17
10 53 31 80 45 28 14 64 34 80 45 17 10 46 27 65 37 60 33 114 64 145 83 17
11 44 26 60 34 17 7 39 21 50 30 27 22 47 16 65 -19z m3157 -15 c24 -16 46
-30 49 -30 2 0 23 -13 46 -30 22 -16 45 -30 51 -30 5 0 29 -13 54 -30 24 -16
46 -30 48 -30 3 0 148 -83 175 -100 8 -6 24 -15 35 -20 11 -6 34 -19 50 -30
17 -11 37 -23 45 -27 8 -4 58 -32 110 -63 52 -31 102 -59 110 -63 8 -4 29 -16
45 -27 17 -11 39 -24 50 -30 40 -21 134 -76 220 -127 48 -29 89 -53 91 -53 2
0 23 -12 47 -27 51 -33 111 -68 152 -89 35 -18 54 -29 112 -67 24 -15 45 -27
47 -27 3 0 50 -27 104 -60 55 -33 103 -60 106 -60 4 0 25 -12 49 -27 68 -44
88 -56 179 -105 26 -14 59 -35 75 -46 15 -11 60 -37 98 -57 39 -21 88 -50 110
-64 22 -15 60 -37 85 -50 50 -26 67 -35 125 -71 22 -14 58 -34 80 -45 22 -11
43 -24 47 -29 7 -10 -9 -42 -55 -113 -15 -24 -27 -45 -27 -48 0 -3 -12 -24
-27 -48 -38 -59 -48 -76 -75 -127 -13 -25 -35 -63 -49 -85 -14 -22 -41 -67
-59 -100 -18 -33 -37 -66 -43 -73 -11 -14 -50 -81 -73 -127 -8 -16 -21 -39
-27 -50 -17 -28 -60 -97 -74 -120 -7 -11 -23 -40 -36 -65 -12 -25 -40 -71 -60
-102 -21 -32 -42 -68 -47 -80 -6 -13 -19 -36 -30 -53 -11 -16 -24 -39 -30 -50
-25 -47 -79 -139 -127 -218 -29 -47 -53 -90 -53 -97 0 -7 -12 -29 -27 -49 -35
-46 -46 -64 -78 -126 -31 -59 -48 -88 -56 -95 -4 -3 -24 -36 -44 -75 -21 -38
-50 -88 -64 -110 -36 -57 -47 -74 -73 -125 -13 -25 -35 -63 -49 -85 -14 -22
-41 -67 -59 -100 -18 -33 -45 -78 -59 -100 -15 -22 -37 -60 -50 -85 -12 -25
-31 -58 -42 -75 -10 -16 -22 -38 -26 -48 -9 -28 -45 -17 -128 37 -38 25 -73
46 -77 46 -5 0 -27 12 -51 27 -60 39 -76 48 -132 78 -27 14 -63 35 -80 46 -16
10 -38 22 -47 25 -10 4 -18 9 -18 13 0 3 -24 17 -52 31 -29 13 -55 27 -58 30
-6 7 -166 103 -190 114 -23 11 -56 31 -71 43 -8 6 -44 27 -81 46 -37 19 -80
44 -95 55 -15 11 -55 34 -88 52 -33 18 -90 51 -128 74 -37 22 -89 52 -115 66
-42 23 -83 47 -147 87 -11 7 -40 22 -65 35 -25 12 -58 32 -75 44 -27 20 -110
69 -160 94 -11 6 -33 19 -50 30 -16 11 -52 31 -80 45 -27 14 -63 35 -80 45
-16 10 -41 25 -55 32 -27 15 -154 92 -198 120 -15 10 -49 29 -77 44 -57 29
-74 39 -130 75 -42 27 -108 59 -120 59 -4 0 -13 7 -20 17 -10 13 -6 26 22 72
19 31 39 65 46 76 7 11 22 34 34 52 13 17 23 35 23 38 0 4 34 63 75 132 41 68
75 127 75 130 0 4 9 21 20 37 31 47 190 317 190 323 0 3 29 54 65 113 36 59
65 112 65 118 0 6 4 12 8 14 8 3 72 104 72 114 0 3 29 54 64 113 35 58 73 122
85 141 11 19 26 46 33 60 7 14 23 39 35 56 13 17 23 34 23 39 0 4 34 63 75
132 41 68 75 128 75 132 0 4 16 30 35 57 19 27 35 52 35 56 0 4 34 63 75 131
41 69 75 127 75 130 0 3 32 57 70 121 39 64 70 118 70 121 0 2 14 24 30 48 17
25 30 49 30 54 0 11 29 53 37 53 3 0 25 -13 50 -30z m-1618 -2674 c15 -13 300
-185 331 -199 72 -34 175 -98 175 -109 0 -17 -63 -47 -134 -66 -166 -42 -444
-42 -631 1 -140 33 -194 53 -236 88 -13 10 -13 14 2 30 9 10 29 21 45 24 16 4
29 10 29 13 0 4 24 18 53 32 28 13 66 34 82 46 17 13 41 27 55 33 14 5 66 34
115 65 50 30 92 55 94 55 3 1 12 -5 20 -13z"/>
<path d="M4730 962 c-83 -55 -124 -140 -118 -241 4 -69 23 -84 70 -57 18 11
37 25 41 33 14 22 36 14 39 -14 4 -40 29 -39 87 2 51 37 58 55 20 55 -11 0
-22 6 -25 13 -5 14 17 114 37 163 21 52 9 64 -63 63 -42 0 -72 -6 -88 -17z
m75 -74 c-4 -18 -11 -50 -15 -72 -10 -49 -39 -77 -81 -79 -33 -2 -34 -1 -33
35 1 39 26 101 52 131 9 10 29 17 50 17 34 0 34 -1 27 -32z"/>
</g>
</svg>
