<?xml version="1.0" standalone="no"?>
<!DOCTYPE svg PUBLIC "-//W3C//DTD SVG 20010904//EN"
 "http://www.w3.org/TR/2001/REC-SVG-20010904/DTD/svg10.dtd">
<svg version="1.0" xmlns="http://www.w3.org/2000/svg"
 width="768.000000pt" height="678.000000pt" viewBox="0 0 768.000000 678.000000"
 preserveAspectRatio="xMidYMid meet">
<metadata>
Created by potrace 1.10, written by Peter Selinger 2001-2011
</metadata>
<g transform="translate(0.000000,678.000000) scale(0.100000,-0.100000)"
fill="#000000" stroke="none">
<path d="M206 6674 c-14 -13 -15 -393 -15 -3329 0 -2011 3 -3316 9 -3320 9 -6
7291 -7 7297 -2 1 2 3 1499 4 3327 1 2799 -1 3324 -12 3331 -8 5 -1646 8
-3641 8 -3215 0 -3629 -1 -3642 -15z m1020 -36 c1 -2 4 -230 5 -507 l1 -503
-493 1 c-271 1 -495 4 -497 5 -5 5 -3 997 2 1004 4 7 975 6 982 0z m1042 -513
l2 -515 -492 0 -493 0 2 517 c2 285 3 518 3 518 0 0 219 -1 487 -2 l488 -2 3
-516z m1042 510 c0 -5 0 -237 1 -515 l2 -505 -493 0 -492 0 1 509 c1 280 4
512 6 515 6 11 975 7 975 -4z m1027 2 c2 -3 4 -211 4 -463 -1 -253 3 -475 8
-495 17 -73 47 -69 -499 -69 -385 0 -490 3 -490 13 -3 82 2 1012 4 1016 4 7
966 4 973 -2z m1045 -509 l1 -513 -491 -3 -492 -2 0 513 c0 283 2 516 4 518 2
2 223 3 490 2 l486 -2 2 -513z m1048 512 c2 -451 0 -1003 -3 -1006 -2 -2 -225
-4 -496 -5 l-493 -1 -2 506 c-1 431 1 506 13 508 26 5 981 3 981 -2z m1020 0
c3 0 4 -226 4 -502 l-2 -503 -482 -5 c-265 -3 -484 -2 -486 2 -4 6 -6 481 -4
1008 0 3 217 4 482 3 266 -2 485 -3 488 -3z m-1918 -1061 c28 -6 227 -9 473
-7 279 2 425 0 425 -7 0 -5 1 -234 2 -508 2 -326 0 -497 -7 -497 -5 1 -23 17
-38 38 -16 20 -198 210 -405 421 -323 329 -409 415 -534 534 -29 28 -19 53 17
42 11 -4 41 -11 67 -16z m-4332 -565 c0 -299 -3 -544 -7 -546 -5 -2 -221 -1
-481 2 l-473 5 0 545 0 545 460 5 c253 3 463 9 467 13 5 4 14 0 21 -9 10 -14
13 -136 13 -560z m6248 552 c2 -3 5 -250 5 -550 l2 -546 -440 0 c-242 0 -456
-3 -475 -6 -62 -10 -62 -7 -61 576 1 283 1 520 1 525 0 10 958 10 968 1z
m-5180 -578 l-3 -518 -473 -1 -473 -1 0 513 c0 283 0 516 1 519 0 3 214 5 475
5 l475 0 -2 -517z m1043 -3 l0 -516 -488 0 -488 1 -5 512 c-3 282 -4 515 -3
518 0 3 222 4 493 3 l492 -1 -1 -517z m1033 1 c0 -337 -2 -517 -9 -518 -5 -2
-227 -2 -492 0 l-482 2 -3 508 c-2 279 -2 512 0 517 1 7 173 9 493 8 l491 -2
2 -515z m1026 501 c13 -16 15 -86 13 -518 l-2 -500 -488 0 -488 1 -3 507 c-1
280 0 513 2 518 2 6 171 10 477 10 444 0 475 -1 489 -18z m169 -182 c106 -114
422 -436 624 -637 103 -102 187 -192 187 -199 0 -9 -16 -10 -61 -5 -34 3 -240
6 -458 6 l-396 0 3 368 c2 213 -1 408 -7 462 -6 51 -8 97 -5 102 7 11 29 -7
113 -97z m857 -902 c-3 -8 -6 -235 -6 -504 l0 -489 -476 2 -475 3 -2 503 c-1
329 1 502 8 503 6 0 190 0 410 0 220 0 425 4 455 8 61 8 95 -2 86 -26z m-5198
-487 l2 -506 -480 2 -481 3 -2 503 c-1 276 1 503 6 505 4 1 220 1 480 1 l472
-1 3 -507z m1070 -1 l2 -505 -475 2 -476 3 0 503 c0 276 1 503 1 505 0 1 213
1 472 0 l473 -2 3 -506z m1043 3 l0 -503 -491 0 -491 0 1 498 c0 274 2 502 4
505 2 4 223 6 490 5 l487 -2 0 -503z m1029 502 c3 0 4 -226 3 -502 l-2 -503
-491 -3 -490 -2 0 507 0 508 487 -2 c269 -2 490 -3 493 -3z m1042 -502 l0
-503 -491 -3 -491 -2 0 503 c0 277 2 506 4 508 2 2 223 3 491 2 l487 -2 0
-503z m2063 502 c7 0 10 -173 9 -502 l-2 -503 -472 0 -472 0 0 503 c1 276 1
503 1 505 1 1 209 1 463 -1 255 -1 468 -2 473 -2z m-6250 -1564 l0 -509 -474
2 c-261 1 -476 3 -478 5 -3 3 -6 917 -3 996 0 3 172 4 382 2 211 -2 417 1 458
6 41 6 84 9 95 8 20 -1 20 -8 20 -510z m585 499 c162 0 338 2 390 5 l95 4 0
-507 0 -508 -473 -2 c-259 -1 -472 0 -472 3 -1 8 -1 994 0 1007 0 9 20 11 83
5 45 -4 215 -7 377 -7z m965 -2 c204 -2 413 0 465 5 52 5 96 8 98 7 2 -2 4
-965 2 -1015 0 -3 -221 -5 -490 -5 l-490 0 0 506 c0 278 3 509 7 513 4 3 14 3
22 0 9 -4 183 -9 386 -11z m2070 0 c204 -2 413 -1 465 5 52 5 96 8 98 7 2 -2
3 -234 4 -516 0 -496 0 -514 -18 -510 -11 3 -230 6 -489 7 l-470 3 -3 488 c-1
268 0 499 3 511 4 18 10 22 23 17 9 -4 184 -9 387 -12z m1575 -493 c3 -278 4
-509 2 -515 -1 -7 -168 -9 -478 -8 l-476 1 0 509 1 508 383 -3 c211 -2 415 1
453 6 124 17 109 81 115 -498z m629 495 l434 -3 -1 -498 c-1 -275 -1 -501 -1
-504 -1 -3 -213 -5 -472 -4 l-471 1 0 499 c1 274 1 505 1 513 1 10 10 12 39 6
20 -5 232 -9 471 -10z m-2678 -499 c0 -273 -1 -499 -1 -503 0 -5 -221 -8 -490
-8 l-490 0 0 505 0 505 490 -1 491 -2 0 -496z m-3146 -1112 l0 -549 -27 1
c-16 0 -232 1 -480 2 l-453 2 2 543 c1 298 3 544 3 547 0 3 215 5 478 4 l477
-1 0 -549z m1075 4 c3 -299 4 -546 2 -550 -2 -5 -218 -8 -480 -8 l-477 0 2
552 c2 304 3 553 3 553 0 0 213 -1 472 -2 l473 -1 5 -544z m1043 -7 l2 -551
-493 2 -493 3 0 550 c1 303 1 550 1 550 0 0 221 -1 490 -2 l491 -1 2 -551z
m1028 92 c-1 -292 2 -479 9 -516 9 -44 8 -66 -1 -92 l-13 -35 -489 2 -488 3 0
545 c1 300 1 547 1 550 0 3 221 4 491 3 l491 -2 -1 -458z m1049 450 c0 -7 -4
-13 -10 -13 -12 0 -170 -140 -170 -151 0 -4 -75 -84 -167 -177 -383 -388 -550
-559 -585 -601 -20 -23 -42 -41 -48 -39 -8 2 -11 135 -10 492 0 269 2 492 4
495 2 3 225 6 495 6 386 0 491 -3 491 -12z m2064 -538 l1 -545 -477 -2 c-263
0 -483 -1 -488 -2 -8 -1 -11 158 -11 506 0 458 1 510 16 524 10 10 14 26 11
39 -3 12 -4 24 -2 26 3 2 217 3 476 2 l472 -3 2 -545z m-1023 -38 l0 -508
-488 0 c-268 1 -492 1 -498 1 -7 0 -9 134 -7 387 2 238 -1 424 -7 481 -11 89
-10 94 11 122 l22 30 484 -2 484 -3 -1 -508z m-1048 -46 l-2 -461 -446 -1
c-245 -1 -448 0 -450 3 -3 2 23 32 57 65 49 47 256 260 354 363 19 20 108 111
224 229 52 53 105 107 117 121 11 14 42 45 68 70 26 25 51 53 56 63 6 10 13
16 17 13 4 -2 6 -212 5 -465z m-4188 -542 c0 -18 5 -34 11 -36 40 -13 39 -8
34 -526 l-5 -499 -495 1 c-272 1 -497 1 -500 1 -8 0 -6 1084 2 1090 3 3 219 4
480 4 l473 -1 0 -34z m4186 -514 l0 -546 -488 0 -488 0 -5 498 c-3 274 -1 504
4 510 4 7 18 10 30 7 29 -7 50 18 42 49 -3 13 -4 26 -2 28 3 2 207 3 456 2
l451 -2 0 -546z m1050 0 l0 -546 -497 0 c-273 0 -498 2 -500 4 -3 3 -7 1012
-4 1087 0 3 225 4 501 3 l500 -2 0 -546z m1023 0 c0 -300 -1 -545 -4 -545 -3
0 -222 0 -488 -1 l-483 -1 0 544 c0 299 1 545 1 548 0 3 219 4 486 3 l487 -2
1 -546z m-5184 -36 c0 -277 -2 -505 -4 -507 -2 -2 -223 -3 -490 -3 l-487 0 0
503 c0 277 0 505 0 508 1 3 222 5 492 4 l491 -1 -2 -504z m1041 -3 l-1 -507
-486 0 c-268 0 -488 2 -491 4 -2 3 -4 214 -3 470 0 299 -3 474 -10 492 -7 17
-7 32 -1 39 7 8 147 11 501 10 l492 -1 -1 -507z m1051 496 c8 -8 7 -16 -3 -28
-12 -14 -14 -99 -14 -496 0 -263 -2 -478 -5 -478 -3 0 -224 -1 -493 -1 l-487
0 -1 503 c0 277 0 505 0 508 2 11 992 3 1003 -8z"/>
</g>
</svg>
