<?xml version="1.0" standalone="no"?>
<!DOCTYPE svg PUBLIC "-//W3C//DTD SVG 20010904//EN"
 "http://www.w3.org/TR/2001/REC-SVG-20010904/DTD/svg10.dtd">
<svg version="1.0" xmlns="http://www.w3.org/2000/svg"
 width="900.000000pt" height="177.000000pt" viewBox="0 0 900.000000 177.000000"
 preserveAspectRatio="xMidYMid meet">
<metadata>
Created by potrace 1.10, written by Peter Selinger 2001-2011
</metadata>
<g transform="translate(0.000000,177.000000) scale(0.100000,-0.100000)"
fill="#000000" stroke="none">
<path d="M338 1555 c-10 -11 4 -210 16 -218 6 -4 189 -7 406 -6 l395 0 5 -53
c5 -51 6 -53 38 -56 l32 -3 0 55 c0 38 4 56 13 56 6 0 179 0 382 1 l370 0 0
-53 c0 -52 0 -53 32 -56 l32 -3 3 56 3 56 369 0 c203 0 372 -3 375 -7 3 -3 6
-27 6 -52 0 -47 0 -47 35 -47 35 0 35 0 35 47 0 25 3 49 6 52 3 4 181 7 395 7
l389 0 1 -43 c2 -67 2 -68 34 -68 28 0 29 1 32 56 l3 55 355 0 c195 0 359 -1
363 -1 5 0 8 -17 7 -37 -3 -71 -3 -73 35 -73 l35 0 0 55 c0 30 3 55 8 55 4 0
174 1 377 1 l370 0 3 -70 3 -71 29 0 c33 0 32 -1 34 83 l1 58 374 0 c206 0
377 -3 380 -7 3 -3 6 -27 6 -52 0 -47 0 -47 35 -47 l35 0 -3 53 c-1 28 1 52 5
52 4 0 175 1 378 1 l370 0 3 -71 3 -71 32 3 32 3 0 68 0 68 370 0 c204 -1 376
-1 384 -1 10 0 12 -10 8 -43 -7 -53 2 -70 39 -65 27 3 29 6 30 51 1 26 4 50 6
53 3 2 171 5 374 5 l369 0 0 -68 0 -68 -27 3 c-37 5 -85 -26 -98 -61 -5 -17
-10 -56 -10 -87 0 -92 55 -153 123 -136 31 7 72 85 63 119 -10 41 -40 67 -79
67 -40 0 -55 14 -37 35 16 19 44 19 60 0 7 -8 19 -15 26 -15 17 0 18 32 2 48
-8 8 -5 14 15 21 30 12 41 40 32 81 -12 54 1 70 53 70 54 0 68 -7 73 -35 3
-11 12 -21 22 -23 23 -5 147 59 147 75 0 7 -19 22 -42 33 -24 12 -55 28 -69
37 -33 21 -59 11 -59 -22 0 -14 -3 -25 -7 -26 -44 -6 -100 -4 -110 3 -7 6 -9
34 -6 88 5 69 4 80 -11 86 -28 11 -50 -33 -56 -109 l-5 -68 -369 0 c-203 0
-371 3 -375 6 -3 4 -6 43 -6 88 l0 82 -35 0 -35 0 4 -87 3 -88 -371 -1 c-204
-1 -377 -2 -383 -3 -10 -1 -13 23 -13 89 l0 90 -32 3 c-22 2 -33 -1 -34 -10 0
-7 -1 -48 -2 -91 l-2 -78 -367 0 c-203 1 -373 1 -379 1 -7 0 -9 30 -7 88 l3
87 -31 3 c-46 4 -53 -12 -42 -92 5 -38 6 -72 1 -77 -4 -4 -177 -9 -383 -9
l-375 -2 0 89 0 88 -32 3 c-22 2 -33 -1 -34 -10 0 -7 -1 -49 -2 -93 -2 -69 -4
-80 -19 -79 -10 0 -181 1 -379 2 l-362 2 5 85 c6 83 5 85 -17 91 -13 3 -33 3
-44 -1 -19 -6 -20 -12 -14 -91 3 -47 2 -84 -3 -84 -5 0 -169 0 -364 -1 l-355
0 -2 78 c-1 43 -2 84 -2 91 -1 9 -12 12 -33 10 l-33 -3 0 -88 0 -88 -390 1
c-214 0 -394 5 -398 9 -5 5 -5 40 0 80 11 81 4 95 -44 89 l-28 -3 0 -81 c0
-45 -3 -85 -6 -88 -4 -4 -172 -7 -375 -7 l-369 0 -2 78 c-1 43 -2 84 -2 91 -1
9 -12 12 -33 10 l-33 -3 0 -80 c0 -44 -3 -84 -7 -90 -4 -6 -140 -9 -384 -7
l-377 2 6 85 c6 84 6 85 -18 91 -51 13 -58 1 -52 -86 3 -45 1 -83 -4 -86 -12
-7 -761 -5 -769 2 -3 3 -5 42 -5 87 0 75 -2 82 -20 85 -12 2 -24 0 -27 -3z
m8252 -515 c14 -27 4 -57 -21 -65 -25 -8 -49 11 -49 39 0 45 50 63 70 26z"/>
<path d="M195 1196 c-34 -15 -61 -57 -52 -80 10 -24 39 -19 63 12 19 22 26 25
41 16 35 -22 27 -44 -41 -107 -50 -47 -66 -69 -66 -89 0 -32 11 -36 105 -34
l70 1 0 30 c0 27 -3 30 -37 33 -21 2 -38 7 -38 11 0 4 18 24 40 46 21 21 42
51 45 66 8 38 -20 85 -58 99 -36 12 -35 12 -72 -4z"/>
<path d="M380 1178 c-24 -26 -26 -56 -3 -65 10 -4 23 2 34 15 21 26 44 28 53
5 5 -12 -1 -23 -18 -36 -33 -24 -33 -45 -1 -53 29 -7 42 -39 25 -59 -17 -21
-36 -19 -59 6 -21 23 -54 22 -59 -1 -1 -8 11 -30 27 -47 35 -39 69 -42 117
-12 37 23 50 55 39 97 -4 15 -7 49 -6 77 1 42 -3 53 -25 72 -36 31 -96 31
-124 1z"/>
<path d="M8705 1175 c-29 -28 -32 -53 -9 -62 9 -3 21 3 30 16 19 26 50 27 57
2 3 -12 -4 -27 -19 -40 -31 -27 -30 -37 6 -50 33 -11 40 -40 15 -61 -12 -10
-21 -10 -40 -2 -14 7 -25 16 -25 22 0 5 -9 10 -20 10 -29 0 -26 -45 5 -75 65
-66 181 18 145 105 -7 17 -10 44 -6 64 5 28 2 40 -20 65 -33 40 -83 43 -119 6z"/>
<path d="M3676 1038 c-3 -18 -8 -49 -11 -68 -3 -19 -10 -60 -14 -91 -5 -30
-13 -64 -19 -75 -5 -10 -13 -43 -17 -71 -7 -55 -5 -58 38 -54 9 1 17 -4 18
-11 0 -7 1 -150 2 -318 2 -298 2 -305 22 -305 20 0 20 7 21 315 l1 315 29 2
c16 0 35 2 42 2 16 1 15 42 -3 65 -8 11 -15 33 -15 48 0 16 -7 45 -15 65 -8
19 -15 52 -15 72 0 43 -31 133 -47 138 -7 3 -14 -10 -17 -29z"/>
</g>
</svg>
