<?xml version="1.0" standalone="no"?>
<!DOCTYPE svg PUBLIC "-//W3C//DTD SVG 20010904//EN"
 "http://www.w3.org/TR/2001/REC-SVG-20010904/DTD/svg10.dtd">
<svg version="1.0" xmlns="http://www.w3.org/2000/svg"
 width="900.000000pt" height="1551.000000pt" viewBox="0 0 900.000000 1551.000000"
 preserveAspectRatio="xMidYMid meet">
<metadata>
Created by potrace 1.10, written by Peter Selinger 2001-2011
</metadata>
<g transform="translate(0.000000,1551.000000) scale(0.100000,-0.100000)"
fill="#000000" stroke="none">
<path d="M3660 13819 c-58 -4 -121 -12 -140 -17 -19 -6 -71 -18 -115 -27 -44
-9 -96 -23 -115 -30 -19 -7 -64 -22 -100 -33 -73 -23 -193 -73 -248 -103 -108
-60 -206 -124 -263 -171 -26 -21 -51 -38 -56 -38 -5 0 -30 -20 -55 -45 -25
-25 -50 -45 -56 -45 -21 0 -309 -290 -381 -384 -76 -99 -191 -263 -191 -272 0
-3 -11 -20 -24 -37 -35 -48 -186 -362 -186 -387 0 -7 -6 -24 -14 -38 -25 -46
-46 -111 -46 -140 0 -16 -7 -37 -15 -48 -8 -10 -15 -32 -15 -47 0 -16 -5 -37
-10 -48 -6 -11 -15 -58 -21 -105 -5 -48 -14 -94 -19 -104 -25 -46 -26 -661 -1
-708 5 -9 12 -46 16 -82 4 -36 14 -77 21 -92 8 -15 14 -40 14 -55 0 -16 6 -37
14 -48 7 -11 16 -31 19 -45 15 -70 70 -188 151 -325 76 -129 99 -157 231 -293
164 -169 288 -253 435 -295 30 -9 75 -22 100 -29 68 -20 374 -17 475 4 44 9
96 22 115 29 79 27 186 73 201 86 8 7 19 13 23 13 13 0 161 114 220 169 51 49
148 168 183 226 6 11 35 57 62 103 28 46 51 88 51 94 0 5 6 22 14 36 24 44 72
182 91 260 34 144 58 473 36 495 -6 6 -11 34 -11 61 0 28 -7 80 -16 116 -8 36
-18 85 -23 110 -4 25 -12 54 -18 65 -6 11 -28 56 -48 100 -21 44 -56 107 -79
140 -51 76 -239 266 -292 294 -21 12 -52 30 -69 41 -44 29 -91 48 -133 56 -20
4 -46 13 -57 20 -19 12 -196 36 -260 35 -76 -1 -244 -22 -284 -36 -24 -8 -53
-15 -64 -15 -10 0 -33 -6 -50 -14 -18 -7 -72 -30 -122 -51 -89 -37 -240 -118
-251 -136 -3 -5 -14 -9 -25 -9 -23 0 -25 33 -4 70 8 14 15 39 15 55 0 17 7 39
15 49 8 11 15 27 15 37 0 17 33 128 49 164 5 11 17 40 26 65 39 98 162 335
200 386 14 18 25 35 25 39 0 8 114 159 149 198 136 151 376 357 496 424 109
62 239 118 306 132 19 4 40 11 46 14 17 11 150 38 228 47 162 19 167 21 163
78 l-3 47 -110 1 c-60 1 -157 -2 -215 -7z m-775 -1799 c79 -9 116 -21 196 -67
59 -33 179 -138 179 -155 0 -6 12 -27 28 -47 37 -50 47 -66 83 -141 56 -117
67 -144 84 -205 9 -33 21 -71 26 -84 46 -115 74 -529 50 -746 -16 -149 -67
-300 -127 -382 -13 -17 -24 -36 -24 -41 0 -9 -156 -172 -165 -172 -3 0 -24
-13 -47 -30 -22 -16 -48 -30 -58 -30 -9 0 -21 -5 -27 -11 -28 -28 -219 -43
-308 -24 -92 19 -178 70 -265 159 -91 92 -141 162 -196 271 -70 140 -107 260
-160 520 -8 44 -19 92 -23 106 -9 29 -6 516 3 539 3 8 10 75 15 147 6 73 16
141 23 152 6 10 25 26 42 35 17 8 54 29 81 45 48 29 168 89 230 116 63 28 130
45 174 45 25 0 53 5 61 10 8 6 24 8 35 4 11 -3 52 -9 90 -14z"/>
<path d="M5715 13820 c-158 -17 -284 -71 -469 -200 -75 -52 -202 -183 -279
-287 -40 -53 -147 -221 -147 -230 0 -12 -41 -93 -51 -99 -5 -3 -9 -12 -9 -21
0 -9 -12 -41 -27 -72 -14 -31 -30 -69 -34 -86 -4 -16 -17 -55 -29 -85 -20 -50
-35 -106 -75 -270 -8 -30 -20 -98 -29 -150 -8 -52 -20 -131 -27 -175 -28 -172
-13 -777 22 -925 6 -25 15 -76 19 -115 9 -68 26 -143 50 -215 7 -19 16 -48 22
-65 5 -16 14 -46 18 -65 4 -19 18 -60 30 -90 12 -30 24 -63 27 -73 9 -28 96
-197 126 -244 15 -24 27 -45 27 -48 0 -2 23 -38 51 -80 107 -157 270 -320 387
-387 62 -36 132 -68 146 -68 7 0 17 -5 24 -12 6 -6 30 -15 54 -19 24 -4 63
-13 88 -19 69 -18 278 -7 370 20 78 22 99 30 190 75 152 73 291 182 413 324
42 50 77 93 77 97 0 3 14 26 30 51 17 24 30 46 30 49 0 2 14 23 30 46 17 22
30 46 30 52 0 6 18 47 41 91 42 81 88 198 115 290 36 126 54 201 54 230 0 17
5 36 11 42 13 13 37 189 51 363 12 163 12 562 0 715 -14 161 -66 429 -107 545
-7 19 -18 51 -24 70 -7 19 -16 50 -21 68 -4 18 -12 38 -17 45 -5 7 -18 34 -27
60 -17 46 -51 113 -103 202 -12 22 -26 47 -30 55 -20 45 -170 228 -258 316
-86 87 -216 187 -265 204 -8 3 -37 16 -65 29 -115 53 -290 77 -440 61z m245
-203 c25 -8 59 -23 77 -31 37 -19 118 -96 156 -146 29 -39 115 -201 127 -240
5 -14 18 -50 30 -80 12 -30 28 -80 35 -110 7 -30 21 -82 30 -115 9 -33 21 -91
26 -129 5 -38 13 -76 18 -85 4 -9 9 -41 10 -71 1 -30 6 -66 11 -80 16 -46 30
-343 30 -665 0 -343 -16 -737 -30 -770 -5 -11 -11 -56 -14 -100 -4 -92 -30
-257 -45 -298 -6 -16 -11 -45 -11 -66 0 -20 -4 -41 -9 -47 -5 -5 -13 -34 -19
-64 -14 -75 -34 -132 -93 -255 -43 -90 -61 -117 -129 -188 -54 -58 -204 -157
-238 -157 -9 -1 -28 -7 -42 -15 -32 -18 -133 -18 -185 0 -22 8 -47 15 -55 15
-31 0 -146 87 -193 145 -76 95 -187 331 -206 440 -4 22 -12 49 -18 60 -6 11
-19 61 -28 110 -9 50 -23 113 -31 140 -15 57 -32 187 -40 325 -3 52 -10 102
-14 110 -16 31 -17 805 -1 868 5 20 12 84 15 142 6 113 20 261 37 380 5 41 12
95 15 120 3 25 9 54 14 65 6 11 14 45 19 75 9 54 21 94 47 158 8 18 14 41 14
52 0 11 9 36 19 57 11 21 32 65 47 98 15 33 40 76 56 96 15 20 28 41 28 46 0
11 124 143 134 143 4 0 22 11 39 24 33 25 99 51 152 59 52 8 168 -1 215 -16z"/>
<path d="M895 7573 c-54 -56 -46 -122 24 -182 l24 -21 3303 0 c3067 0 3304 1
3331 17 55 31 79 104 52 156 -6 12 -23 32 -38 44 l-26 22 -3317 1 -3317 0 -36
-37z"/>
<path d="M2580 5360 c-52 -4 -111 -11 -130 -17 -19 -6 -60 -18 -90 -28 -30 -9
-68 -22 -85 -30 -16 -8 -51 -23 -76 -34 -25 -12 -54 -29 -65 -39 -10 -9 -32
-26 -49 -36 -77 -49 -293 -290 -328 -366 -4 -8 -16 -28 -26 -45 -41 -64 -118
-232 -110 -238 29 -21 61 -37 73 -37 8 0 43 40 79 88 78 104 255 272 288 272
4 0 28 14 52 30 25 17 52 30 61 30 10 0 29 6 44 14 15 7 50 16 77 20 28 4 66
10 85 13 59 11 153 5 252 -16 98 -21 238 -102 314 -183 49 -51 104 -131 104
-150 0 -8 4 -18 9 -24 5 -5 20 -38 32 -74 20 -57 23 -84 24 -225 0 -130 -3
-168 -18 -203 -9 -23 -17 -51 -17 -62 0 -27 -54 -140 -100 -209 -65 -97 -208
-222 -329 -288 -48 -26 -97 -51 -136 -68 -22 -10 -52 -24 -67 -32 -14 -7 -39
-13 -55 -13 -15 0 -37 -7 -47 -15 -11 -8 -41 -15 -67 -15 -55 0 -72 -15 -67
-62 l3 -33 75 -8 c41 -4 114 -11 161 -15 47 -4 92 -12 100 -18 8 -7 30 -14 49
-17 49 -6 187 -59 235 -88 22 -14 58 -33 80 -44 81 -40 187 -129 252 -211 33
-42 123 -210 123 -230 0 -7 6 -25 14 -41 19 -37 42 -117 52 -173 18 -105 3
-348 -24 -397 -7 -12 -12 -31 -12 -43 0 -12 -13 -42 -30 -67 -17 -24 -30 -49
-30 -55 0 -10 -55 -84 -105 -142 -11 -13 -47 -45 -80 -72 -144 -119 -257 -163
-436 -171 -80 -4 -122 -2 -138 6 -12 7 -43 16 -69 21 -26 4 -63 14 -82 21 -35
13 -237 107 -342 160 -77 38 -194 62 -264 53 -66 -8 -136 -51 -170 -105 -18
-30 -24 -52 -24 -97 0 -52 4 -65 40 -114 35 -49 132 -128 158 -128 5 0 15 -7
22 -15 7 -8 27 -15 44 -15 17 0 40 -6 51 -14 28 -19 148 -28 375 -28 226 0
335 7 405 27 45 12 104 26 175 41 33 7 160 58 240 97 176 86 386 267 500 432
65 95 179 320 180 355 0 14 6 45 14 70 43 137 46 156 46 339 0 183 -7 236 -47
371 -9 30 -22 66 -29 80 -79 165 -94 191 -162 267 -57 64 -166 161 -210 187
-10 6 -45 27 -78 46 -32 19 -85 47 -118 61 -89 38 -90 44 -10 120 38 36 88 83
111 103 36 32 183 220 220 281 25 41 74 148 96 208 19 55 22 81 22 227 0 149
-3 171 -24 228 -13 34 -28 65 -32 68 -5 3 -9 13 -9 22 0 29 -90 150 -173 234
-128 128 -187 164 -352 213 -33 9 -69 22 -81 27 -12 5 -30 9 -40 7 -10 -1 -30
1 -44 4 -44 10 -162 13 -260 7z"/>
<path d="M5478 5266 c-7 -14 -23 -46 -36 -73 -13 -26 -28 -55 -33 -63 -8 -13
-16 -31 -50 -105 -5 -11 -13 -27 -18 -35 -9 -17 -51 -97 -62 -120 -3 -8 -17
-35 -30 -60 -12 -25 -26 -53 -31 -62 -4 -10 -12 -26 -16 -35 -10 -22 -51 -102
-63 -123 -4 -8 -18 -35 -29 -60 -12 -25 -26 -52 -31 -60 -5 -8 -12 -22 -15
-30 -3 -8 -10 -22 -15 -30 -5 -8 -12 -22 -15 -30 -3 -8 -10 -22 -15 -30 -5 -8
-12 -22 -15 -30 -10 -23 -44 -93 -54 -110 -5 -8 -21 -42 -35 -75 -15 -33 -62
-131 -106 -219 -43 -87 -79 -162 -79 -166 0 -14 53 -22 123 -20 38 1 74 -3 80
-8 7 -5 55 -12 107 -16 82 -6 184 -23 335 -55 42 -9 88 -24 143 -47 18 -8 39
-14 46 -14 16 0 245 -117 267 -136 8 -8 18 -14 22 -14 10 0 79 -48 126 -88
163 -139 301 -308 366 -449 15 -32 34 -71 42 -88 9 -16 19 -46 24 -65 4 -19
15 -62 23 -95 27 -109 38 -199 33 -255 -12 -116 -29 -215 -43 -242 -8 -15 -14
-38 -14 -52 0 -14 -4 -28 -10 -31 -5 -3 -22 -31 -36 -61 -56 -118 -227 -297
-344 -360 -22 -12 -46 -26 -53 -32 -7 -6 -58 -26 -113 -44 -93 -30 -108 -32
-244 -33 -125 0 -153 3 -205 22 -110 40 -164 67 -285 143 -8 5 -52 33 -98 61
l-84 51 -96 0 c-81 1 -104 -3 -139 -21 -51 -27 -84 -70 -105 -135 -15 -47 -15
-53 4 -115 17 -55 30 -75 88 -133 37 -37 78 -72 91 -78 13 -6 44 -22 69 -35
25 -13 53 -24 63 -24 10 -1 28 -6 40 -13 78 -44 532 -40 682 6 28 8 73 21 100
29 113 32 210 77 348 161 37 22 77 46 87 52 19 10 56 40 182 148 38 32 93 88
123 125 30 36 60 73 67 81 15 17 102 158 112 180 3 8 15 29 26 45 19 30 60
113 60 122 0 3 6 19 14 36 23 52 34 88 58 177 20 76 23 108 23 295 0 214 -11
298 -51 393 -8 18 -14 39 -14 48 0 8 -13 42 -29 77 -16 34 -32 69 -35 77 -4 8
-15 29 -26 45 -11 17 -23 37 -27 45 -19 41 -135 180 -222 267 -138 137 -141
139 -311 253 -48 32 -219 119 -305 155 -138 59 -348 119 -465 135 -30 4 -67
12 -82 18 -31 13 -37 42 -13 62 8 7 15 16 15 21 0 12 86 198 110 239 5 8 26
50 47 93 21 43 44 89 51 102 l13 25 588 0 c459 0 591 3 599 13 20 24 62 110
62 127 0 10 7 23 15 30 8 7 15 19 15 27 0 8 6 27 14 41 13 26 25 52 60 135 9
20 23 53 32 71 33 70 81 66 -690 66 l-695 0 -13 -24z"/>
</g>
</svg>
