<?xml version="1.0" encoding="UTF-8" standalone="no"?>
<svg
   xmlns:dc="http://purl.org/dc/elements/1.1/"
   xmlns:cc="http://creativecommons.org/ns#"
   xmlns:rdf="http://www.w3.org/1999/02/22-rdf-syntax-ns#"
   xmlns:svg="http://www.w3.org/2000/svg"
   xmlns="http://www.w3.org/2000/svg"
   xmlns:sodipodi="http://sodipodi.sourceforge.net/DTD/sodipodi-0.dtd"
   xmlns:inkscape="http://www.inkscape.org/namespaces/inkscape"
   version="1.0"
   width="347.000000pt"
   height="115.000000pt"
   viewBox="0 0 347.000000 115.000000"
   preserveAspectRatio="xMidYMid meet"
   id="svg2"
   inkscape:version="0.48.4 r9939"
   sodipodi:docname="sabia.svg">
  <metadata
     id="metadata50">
    <rdf:RDF>
      <cc:Work
         rdf:about="">
        <dc:format>image/svg+xml</dc:format>
        <dc:type
           rdf:resource="http://purl.org/dc/dcmitype/StillImage" />
        <dc:title />
      </cc:Work>
    </rdf:RDF>
  </metadata>
  <defs
     id="defs48" />
  <sodipodi:namedview
     pagecolor="#ffffff"
     bordercolor="#666666"
     borderopacity="1"
     objecttolerance="10"
     gridtolerance="10"
     guidetolerance="10"
     inkscape:pageopacity="0"
     inkscape:pageshadow="2"
     inkscape:window-width="1600"
     inkscape:window-height="824"
     id="namedview46"
     showgrid="false"
     inkscape:zoom="2.2270893"
     inkscape:cx="250.50902"
     inkscape:cy="61.295563"
     inkscape:window-x="0"
     inkscape:window-y="24"
     inkscape:window-maximized="1"
     inkscape:current-layer="svg2" />
  <rect
     style="fill:#ffffff;fill-opacity:1;stroke:#000000;stroke-width:0.86540425;stroke-miterlimit:4;stroke-opacity:1;stroke-dasharray:none"
     id="rect3013"
     width="347.35922"
     height="115.30746"
     x="0.35921326"
     y="-1.1890289" />
  <g
     transform="translate(0.000000,115.000000) scale(0.100000,-0.100000)"
     fill="#000000"
     stroke="none"
     id="g4">
    <path
       d="M542 1122 l-502 -2 0 -543 0 -542 833 3 c457 2 833 5 834 5 1 1 3 245 5 542 l3 540 -335 0 c-184 0 -561 -1 -838 -3z m57 -25 c-9 -7 -28 -30 -43 -51 -47 -70 -29 -146 53 -216 67 -58 143 -81 283 -87 116 -5 116 -6 123 -32 7 -27 37 -61 54 -61 14 0 19 22 10 46 -13 35 0 62 32 69 16 4 56 24 88 46 99 66 124 148 71 235 -12 19 -32 39 -43 46 -15 8 -11 -1 14 -29 172 -190 -182 -388 -509 -285 -81 26 -137 65 -168 117 -39 67 -26 136 35 188 l32 27 535 0 534 0 0 -494 0 -494 -25 -6 c-14 -4 -25 -13 -25 -21 0 -9 -6 -12 -16 -8 -11 4 -12 9 -5 16 18 18 13 37 -9 37 -11 0 -20 -6 -20 -14 0 -21 -37 -8 -43 16 -8 29 -41 19 -45 -13 -4 -33 -41 -53 -60 -32 -8 7 -22 11 -32 8 -11 -3 -20 0 -24 11 -3 9 -13 14 -20 11 -10 -4 -16 2 -18 16 -5 33 -45 36 -53 4 -4 -14 -2 -34 3 -44 8 -15 7 -22 -8 -31 -14 -9 -19 -8 -24 3 -3 8 -16 15 -28 15 -32 1 -60 24 -52 44 4 10 0 18 -12 23 -20 7 -56 -30 -48 -50 3 -8 -5 -13 -20 -15 -13 -1 -26 5 -30 13 -3 8 -14 15 -24 15 -10 0 -24 11 -30 25 -14 30 -37 32 -52 4 -8 -14 -8 -24 -1 -33 6 -7 8 -16 4 -19 -11 -12 -23 -8 -23 8 0 20 -34 19 -54 -1 -21 -20 -35 -11 -29 19 6 32 -20 41 -43 15 l-19 -20 -5 24 c-3 12 -13 23 -22 23 -9 0 -20 4 -24 8 -4 4 -14 7 -22 7 -11 0 -13 -8 -9 -30 5 -23 3 -30 -9 -30 -8 0 -17 -6 -19 -12 -5 -11 -25 -14 -86 -9 -9 0 -16 9 -15 18 0 10 -7 19 -16 21 -11 2 -18 -3 -18 -11 0 -11 -7 -13 -21 -10 -13 4 -27 0 -33 -8 -14 -17 -48 -18 -61 -2 -8 10 -16 10 -37 -1 -27 -14 -27 -14 -13 7 17 26 5 53 -19 44 -12 -5 -16 0 -16 19 0 31 -28 44 -46 20 -9 -13 -10 -25 -3 -43 5 -14 8 -26 7 -27 -2 0 -13 -7 -25 -14 -31 -17 -70 -15 -77 4 -7 18 -46 10 -59 -12 -14 -24 -24 -15 -19 16 3 22 0 30 -11 30 -9 0 -20 -6 -24 -14 -4 -7 -20 -15 -35 -18 l-28 -5 0 498 0 499 283 0 c226 -1 279 -3 266 -13z m460 -363 c-6 -8 -18 -14 -25 -14 -20 0 -17 28 4 33 25 5 35 -3 21 -19z m6 -34 c3 -5 -3 -10 -14 -10 -12 0 -21 5 -21 10 0 6 6 10 14 10 8 0 18 -4 21 -10z m-288 -592 c-3 -8 -6 -5 -6 6 -1 11 2 17 5 13 3 -3 4 -12 1 -19z m-660 -20 c-3 -8 -6 -5 -6 6 -1 11 2 17 5 13 3 -3 4 -12 1 -19z"
       id="path6" />
    <path
       d="M1095 1060 c-3 -5 1 -10 9 -10 8 0 18 5 21 10 3 6 -1 10 -9 10 -8 0 -18 -4 -21 -10z"
       id="path8" />
    <path
       d="M945 1038 c-2 -7 -6 -22 -8 -33 -4 -18 -5 -18 -6 2 -2 36 -19 36 -40 1 -22 -36 -20 -48 5 -28 10 9 18 10 22 4 4 -6 36 -11 72 -11 36 -1 59 1 53 4 -15 6 -17 43 -3 43 6 0 10 5 10 11 0 7 -12 10 -30 7 -16 -3 -30 -1 -30 4 0 13 -40 9 -45 -4z m75 -38 c0 -11 -4 -20 -9 -20 -5 0 -11 9 -14 20 -3 13 0 20 9 20 8 0 14 -9 14 -20z"
       id="path10" />
    <path
       d="M690 1025 c-19 -23 -8 -50 22 -53 30 -4 52 25 42 52 -8 20 -48 21 -64 1z m48 -17 c-7 -19 -38 -22 -38 -4 0 10 9 16 21 16 12 0 19 -5 17 -12z"
       id="path12" />
    <path
       d="M817 1033 c-12 -12 -7 -21 16 -28 21 -8 21 -8 -6 -12 -29 -5 -28 -23 2 -23 26 0 41 22 34 48 -5 21 -32 30 -46 15z"
       id="path14" />
    <path
       d="M1086 1015 c-21 -32 -21 -52 0 -34 13 10 17 10 24 -1 13 -21 18 -9 13 28 -6 38 -15 40 -37 7z"
       id="path16" />
    <path
       d="M970 895 c0 -37 14 -50 47 -42 15 3 14 5 -6 14 -24 10 -24 10 -3 15 15 4 23 1 27 -13 8 -25 41 -24 55 0 13 25 13 51 0 51 -5 0 -10 -11 -10 -25 0 -16 -6 -25 -15 -25 -9 0 -15 9 -15 24 0 25 -16 36 -56 36 -21 0 -24 -5 -24 -35z m60 15 c0 -5 -10 -10 -22 -9 -22 0 -22 1 -3 9 11 5 21 9 23 9 1 1 2 -3 2 -9z"
       id="path18" />
    <path
       d="M727 913 c-12 -12 -7 -21 16 -28 21 -7 20 -8 -8 -15 -26 -6 -28 -8 -11 -15 11 -5 26 -4 37 3 11 7 20 8 24 2 9 -14 49 -12 63 2 9 9 12 9 12 0 0 -19 38 -14 50 7 13 25 13 51 0 51 -5 0 -10 -11 -10 -25 0 -16 -6 -25 -15 -25 -9 0 -15 9 -15 25 0 21 -5 25 -32 25 -17 0 -40 -7 -50 -17 -17 -15 -18 -15 -18 0 0 17 -30 24 -43 10z m111 -25 c-7 -19 -38 -22 -38 -4 0 10 9 16 21 16 12 0 19 -5 17 -12z"
       id="path20" />
    <path
       d="M798 680 c-10 -6 -18 -16 -18 -23 0 -8 -14 -11 -43 -9 -25 2 -60 -3 -81 -12 -32 -13 -37 -20 -34 -42 2 -21 12 -30 48 -44 45 -18 48 -24 35 -67 -6 -18 -1 -26 26 -42 19 -11 41 -26 49 -33 13 -11 11 -13 -9 -16 -14 -2 -33 6 -50 21 -28 27 -139 97 -154 97 -11 0 -117 -101 -117 -111 0 -5 43 -9 95 -9 52 0 95 -4 95 -9 0 -5 -23 -35 -51 -66 -29 -30 -49 -58 -47 -61 3 -2 28 14 57 37 67 54 79 42 15 -16 -54 -50 -43 -62 16 -15 44 35 120 51 145 30 22 -19 85 -7 133 25 l42 28 27 -27 c45 -46 115 -48 172 -5 38 28 51 64 58 159 5 72 4 77 -22 108 -40 48 -80 65 -131 58 -35 -4 -53 0 -94 21 -55 28 -135 40 -162 23z m17 -69 c16 -10 40 -33 53 -52 27 -38 26 -88 -1 -149 l-16 -35 6 33 c5 27 2 32 -13 32 -15 0 -16 2 -5 9 17 11 24 61 8 58 -6 -1 -13 6 -15 17 -3 13 0 16 10 10 10 -6 11 -5 1 8 -7 8 -9 19 -5 23 4 5 1 5 -6 1 -7 -4 -10 -11 -7 -16 3 -5 1 -11 -4 -14 -5 -4 -8 5 -7 19 3 21 1 23 -16 14 -18 -9 -18 -8 -8 10 9 18 8 21 -9 21 -11 0 -23 5 -26 10 -4 6 -11 8 -16 4 -5 -3 -6 -10 -3 -16 4 -7 2 -8 -5 -4 -6 4 -8 13 -4 19 4 7 -5 4 -20 -6 -15 -10 -26 -14 -25 -10 2 4 -1 9 -7 10 -5 0 -9 -3 -8 -7 1 -4 -7 -6 -18 -3 -49 13 39 43 101 35 19 -2 48 -12 65 -21z m325 -6 c48 -25 63 -66 55 -149 -3 -38 -13 -82 -20 -97 -31 -59 -117 -84 -172 -50 -49 31 -67 74 -67 163 -1 68 2 79 24 103 14 15 34 31 45 35 33 14 104 11 135 -5z m-247 -215 c-3 -11 -9 -20 -14 -20 -10 0 -11 12 -3 34 9 22 23 10 17 -14z m-171 -38 c12 -13 10 -14 -10 -3 -12 6 -27 9 -32 6 -6 -3 -10 0 -10 8 0 19 34 11 52 -11z m11 -29 c-7 -2 -19 -2 -25 0 -7 3 -2 5 12 5 14 0 19 -2 13 -5z"
       id="path22" />
    <path
       d="M994 588 c-40 -31 -44 -38 -44 -82 0 -32 2 -36 14 -27 8 7 17 8 20 3 3 -5 17 -7 31 -4 16 3 25 0 25 -9 0 -7 3 -9 6 -6 4 4 1 13 -5 21 -10 12 -9 14 8 9 12 -3 21 -12 21 -19 0 -16 16 -19 25 -4 3 6 1 10 -6 10 -7 0 -10 2 -7 5 3 3 16 1 30 -4 19 -7 30 -6 44 7 17 16 17 16 5 0 -11 -14 -9 -16 10 -11 18 5 20 11 15 42 -12 81 -124 121 -192 69z"
       id="path24" />
    <path
       d="M1143 443 c-28 -19 -137 -21 -158 -3 -12 10 -15 10 -15 -3 0 -22 88 -32 150 -17 49 12 68 24 53 33 -5 3 -18 -2 -30 -10z"
       id="path26" />
    <path
       d="M1757 1123 c-4 -3 -7 -248 -7 -544 l0 -538 838 -3 c460 -2 838 -3 839 -2 2 0 3 245 3 545 l1 544 -834 3 c-458 1 -837 -1 -840 -5z m593 -45 c-87 -52 -122 -119 -101 -189 25 -84 136 -158 270 -181 39 -7 71 -16 71 -20 0 -5 -7 -20 -16 -33 -17 -26 -12 -45 13 -45 16 0 83 67 83 83 0 4 12 7 28 7 75 0 202 52 252 103 93 94 75 195 -46 276 l-47 31 281 0 282 0 0 -500 c0 -461 -1 -500 -17 -500 -9 0 -26 -8 -37 -17 -12 -10 -15 -11 -8 -3 19 22 15 50 -7 50 -22 0 -51 -35 -51 -62 0 -21 -19 -33 -31 -21 -13 13 0 43 18 43 8 0 12 4 8 10 -3 5 -13 6 -21 3 -15 -5 -16 10 -13 143 l4 148 -64 45 -64 45 -71 -38 c-39 -21 -76 -44 -83 -50 -6 -6 -23 -56 -38 -111 -36 -137 -47 -165 -67 -176 -15 -8 -17 -6 -12 21 5 23 3 30 -9 30 -16 0 -49 -38 -42 -50 2 -3 -10 -12 -26 -19 -40 -17 -87 2 -91 39 -4 33 -31 37 -48 6 -10 -20 -10 -28 -1 -40 15 -18 -2 -30 -26 -18 -10 6 -30 15 -45 22 -22 10 -26 18 -22 35 3 13 0 26 -6 30 -15 9 -50 -23 -50 -45 0 -20 -26 -34 -35 -20 -10 15 -45 12 -51 -5 -8 -19 -34 -19 -34 0 0 23 -48 19 -62 -5 -7 -11 -20 -20 -28 -21 -10 0 -11 -2 -2 -6 14 -5 16 -23 3 -23 -5 0 -13 9 -16 20 -4 12 -15 20 -29 20 -33 0 -74 22 -80 43 -9 35 -41 16 -46 -28 -4 -31 -7 -36 -13 -21 -6 14 -14 17 -37 13 -16 -4 -32 -2 -35 3 -3 5 -20 7 -37 3 -27 -5 -30 -4 -25 10 4 10 10 24 13 32 8 20 -22 31 -41 15 -8 -7 -15 -21 -15 -31 0 -16 -3 -17 -19 -7 -15 9 -24 7 -46 -10 -26 -20 -29 -21 -40 -5 -8 10 -20 14 -34 10 l-21 -5 0 499 0 499 317 0 317 0 -54 -32z m526 3 c109 -63 143 -136 103 -218 -44 -89 -161 -143 -319 -149 -227 -7 -400 84 -400 211 0 64 36 111 120 159 44 25 49 26 245 26 l200 0 51 -29z m-231 -391 c0 -22 -29 -18 -33 3 -3 14 1 18 15 15 10 -2 18 -10 18 -18z m-25 -30 c8 -5 11 -12 8 -16 -10 -9 -38 3 -38 16 0 12 10 13 30 0z m577 -223 l43 -30 -43 -20 c-50 -24 -137 -24 -173 0 l-24 15 47 26 c27 13 57 31 67 38 21 14 22 14 83 -29z m-187 -62 c7 -8 9 -15 4 -15 -5 -1 0 -6 11 -13 28 -17 29 -57 1 -58 -15 0 -16 -2 -6 -6 22 -9 30 -26 18 -40 -6 -7 -8 -27 -4 -44 l6 -31 -25 16 c-21 14 -25 14 -25 2 0 -8 5 -18 12 -22 7 -4 8 -3 4 4 -10 17 -1 15 13 -2 10 -12 8 -14 -14 -12 -20 3 -23 1 -14 -10 8 -10 3 -18 -23 -34 -18 -11 -36 -20 -39 -20 -19 0 -16 42 11 128 16 54 32 114 36 135 7 40 15 45 34 22z m-470 -227 c0 -7 -4 -19 -9 -27 -11 -17 -23 1 -15 23 7 19 24 21 24 4z m-570 -12 c0 -7 -7 -19 -15 -26 -12 -10 -15 -9 -15 7 0 11 3 23 7 26 11 12 23 8 23 -7z m716 -8 c-3 -13 -6 -27 -6 -31 0 -5 -4 -5 -10 -2 -17 10 -12 55 6 55 12 0 15 -6 10 -22z m167 2 c-3 -11 -9 -20 -14 -20 -5 0 -9 9 -9 20 0 11 6 20 14 20 9 0 12 -7 9 -20z m-695 -17 c-5 -25 -28 -28 -28 -4 0 12 6 21 16 21 9 0 14 -7 12 -17z m1190 -9 c-7 -15 -14 -21 -16 -15 -5 16 5 41 17 41 7 0 6 -10 -1 -26z m-1533 -5 c7 -11 -22 -49 -37 -49 -13 0 -9 48 5 53 19 8 25 8 32 -4z m100 -9 c7 -22 0 -40 -16 -40 -11 0 -29 41 -22 53 8 14 32 7 38 -13z m451 5 c6 -16 -12 -45 -28 -45 -15 0 -21 30 -8 45 16 19 29 19 36 0z m87 -7 c7 -25 0 -41 -14 -33 -12 8 -12 55 0 55 5 0 11 -10 14 -22z m105 0 c-4 -27 -28 -36 -28 -10 0 20 8 32 22 32 5 0 8 -10 6 -22z m350 -12 c3 -20 0 -27 -10 -24 -7 3 -14 17 -16 32 -3 20 0 27 10 24 7 -3 14 -17 16 -32z m-718 5 c0 -11 -5 -23 -11 -27 -16 -9 -30 18 -17 33 15 19 28 16 28 -6z m530 0 c0 -23 -16 -36 -25 -21 -9 14 1 40 15 40 5 0 10 -9 10 -19z m100 -12 c0 -20 -15 -26 -25 -9 -9 15 3 43 15 35 5 -3 10 -15 10 -26z m250 22 c0 -21 -13 -41 -26 -41 -14 0 -19 31 -7 43 10 10 33 8 33 -2z m340 -16 c0 -16 -6 -25 -15 -25 -15 0 -21 31 -8 43 13 14 23 6 23 -18z m-1432 -2 c-4 -22 -38 -30 -38 -10 0 14 13 24 33 26 5 1 7 -7 5 -16z m50 0 c-5 -25 -28 -28 -28 -4 0 12 6 21 16 21 9 0 14 -7 12 -17z m62 -3 c0 -13 -7 -20 -20 -20 -23 0 -26 10 -8 28 18 18 28 15 28 -8z m418 2 c2 -7 -3 -12 -12 -12 -9 0 -16 7 -16 16 0 17 22 14 28 -4z m116 -13 c-7 -11 -15 -11 -34 1 -13 9 -13 11 0 19 16 11 43 -5 34 -20z m-764 11 c0 -12 -28 -25 -36 -17 -9 9 6 27 22 27 8 0 14 -5 14 -10z m391 -5 c0 -5 -9 -11 -21 -13 -20 -3 -27 8 -13 22 10 9 34 3 34 -9z m153 0 c-6 -16 -24 -21 -24 -7 0 11 11 22 21 22 5 0 6 -7 3 -15z m366 0 c0 -8 -7 -15 -15 -15 -16 0 -20 12 -8 23 11 12 23 8 23 -8z m90 -1 c0 -8 -5 -12 -10 -9 -6 4 -8 11 -5 16 9 14 15 11 15 -7z m108 4 c-6 -18 -28 -21 -28 -4 0 9 7 16 16 16 9 0 14 -5 12 -12z m392 -8 c0 -5 -9 -10 -21 -10 -11 0 -17 5 -14 10 3 6 13 10 21 10 8 0 14 -4 14 -10z m-243 -6 c-3 -3 -12 -4 -19 -1 -8 3 -5 6 6 6 11 1 17 -2 13 -5z"
       id="path28" />
    <path
       d="M2103 660 c-3 -11 -11 -20 -19 -20 -7 0 -26 -11 -41 -24 -23 -20 -26 -28 -17 -43 6 -10 29 -24 50 -31 71 -23 68 -21 50 -40 -25 -28 -19 -45 22 -67 23 -12 38 -29 40 -42 6 -39 -25 -27 -81 31 -69 70 -110 91 -147 76 -29 -12 -86 -67 -92 -88 -2 -9 18 -13 72 -16 41 -2 87 -7 101 -11 25 -6 25 -7 -38 -67 -35 -34 -61 -63 -58 -66 2 -2 27 12 56 32 28 21 53 35 55 33 3 -3 -16 -26 -42 -51 -25 -26 -44 -49 -42 -52 3 -2 26 12 51 31 l46 35 108 -2 c104 -3 110 -2 152 26 43 27 48 28 160 26 64 -1 127 -2 141 -2 35 0 60 36 60 87 0 70 -13 90 -87 134 -87 51 -149 67 -197 51 -41 -13 -42 -17 -51 -132 -4 -57 -12 -91 -21 -99 -26 -21 -27 -1 -4 60 28 77 21 110 -38 174 -57 60 -88 77 -142 77 -33 0 -43 -4 -47 -20z m103 -46 c54 -26 84 -68 83 -117 -1 -23 -4 -53 -8 -67 -7 -23 -8 -21 -15 16 -4 22 -6 45 -5 50 4 24 -2 36 -16 30 -9 -3 -15 -1 -14 7 3 24 -1 37 -12 37 -5 0 -7 -4 -4 -10 3 -5 1 -10 -4 -10 -6 0 -11 9 -11 19 0 20 -25 35 -41 25 -5 -3 -9 0 -9 5 0 6 -9 11 -21 11 -13 0 -18 -4 -13 -12 6 -10 5 -10 -7 -1 -9 8 -20 9 -29 3 -8 -6 -22 -10 -30 -10 -10 1 -8 7 9 20 29 25 99 27 147 4z m228 -69 c-4 -8 -10 -12 -15 -9 -11 6 -2 24 11 24 5 0 7 -7 4 -15z m203 -32 c43 -28 54 -133 17 -164 -13 -10 -117 -9 -128 2 -10 10 -10 74 1 72 13 -3 12 49 -2 59 -5 4 -1 8 11 8 25 0 44 18 37 35 -6 16 31 9 64 -12z m-517 -168 c0 -2 -9 -3 -20 -2 -11 1 -20 7 -20 14 0 11 5 11 20 3 11 -6 20 -13 20 -15z m20 -34 c0 -5 -9 -7 -20 -4 -11 3 -20 7 -20 9 0 2 9 4 20 4 11 0 20 -4 20 -9z"
       id="path30" />
    <path
       d="M2520 1030 c0 -29 1 -30 50 -30 43 0 50 3 50 20 0 11 -6 20 -12 20 -9 0 -8 4 2 10 12 8 11 10 -7 10 -14 0 -23 -6 -23 -15 0 -8 8 -15 17 -15 28 0 5 -13 -29 -17 -30 -3 -31 -2 -13 12 20 14 20 14 0 15 l-20 1 20 9 c18 8 17 9 -7 9 -25 1 -28 -3 -28 -29z"
       id="path32" />
    <path
       d="M2640 1045 c0 -8 7 -15 16 -15 8 0 13 -4 9 -10 -3 -5 -12 -7 -20 -3 -8 3 -15 0 -15 -6 0 -15 67 -14 74 2 5 10 7 10 12 0 8 -18 24 -16 19 2 -17 54 -15 52 -29 32 -9 -11 -20 -15 -31 -11 -13 5 -14 9 -3 15 9 6 7 9 -9 9 -14 0 -23 -6 -23 -15z"
       id="path34" />
    <path
       d="M2550 931 l0 -31 58 1 c31 1 61 7 65 13 6 8 10 8 14 -1 7 -18 23 -16 18 2 -16 51 -15 51 -40 20 l-25 -30 3 25 c2 23 -2 25 -45 28 -47 3 -48 3 -48 -27z m47 13 c-3 -3 -12 -4 -19 -1 -8 3 -5 6 6 6 11 1 17 -2 13 -5z m3 -24 c0 -5 -8 -10 -17 -10 -15 0 -16 2 -3 10 19 12 20 12 20 0z"
       id="path36" />
    <path
       d="M2385 834 c-17 -27 -12 -49 6 -24 8 11 12 12 16 3 9 -23 20 -14 15 12 -6 36 -17 39 -37 9z"
       id="path38" />
    <path
       d="M2470 830 c0 -29 1 -29 20 -13 11 10 20 23 20 30 0 7 -9 13 -20 13 -16 0 -20 -7 -20 -30z"
       id="path40" />
    <path
       d="M2526 835 c-10 -15 -15 -30 -11 -33 3 -4 10 0 16 8 6 11 11 12 17 4 4 -7 46 -12 112 -12 l105 -1 0 30 c0 27 -2 29 -42 29 -31 0 -43 -4 -46 -17 -4 -17 -5 -17 -6 0 0 9 -5 17 -10 17 -5 0 -12 -8 -14 -17 -4 -17 -5 -17 -6 0 -1 20 -21 24 -21 3 0 -7 -7 -19 -15 -26 -13 -11 -15 -8 -15 14 0 35 -20 34 -21 -1 -1 -21 -2 -23 -6 -8 -8 34 -19 37 -37 10z m214 -5 c0 -14 -7 -20 -22 -20 -22 1 -22 1 -3 12 19 11 19 11 0 19 -19 7 -18 8 3 8 16 1 22 -5 22 -19z"
       id="path42" />
    <path
       d="M2780 832 c0 -26 4 -29 32 -30 18 0 38 4 45 10 9 7 13 7 13 -1 0 -6 4 -11 9 -11 10 0 2 48 -10 55 -4 3 -13 -4 -19 -15 -13 -25 -28 -26 -26 -3 0 12 -7 19 -21 21 -19 3 -23 -1 -23 -26z"
       id="path44" />
  </g>
  <path
     transform="matrix(0.36772724,0,0,0.36772724,-16.519831,-15.399425)"
     sodipodi:type="arc"
     style="fill:#ffffff;fill-opacity:1;stroke:none"
     id="path3840"
     sodipodi:cx="290"
     sodipodi:cy="95"
     sodipodi:rx="82.14286"
     sodipodi:ry="40"
     d="m 372.14286,95 a 82.14286,40 0 1 1 -164.28572,0 82.14286,40 0 1 1 164.28572,0 z"
     inkscape:export-filename="/home/professor/Imagens/2017/PT-svg/text3832.png"
     inkscape:export-xdpi="30"
     inkscape:export-ydpi="30" />
  <path
     sodipodi:type="arc"
     style="fill:#ffffff;fill-opacity:1;stroke:none"
     id="path3842"
     sodipodi:cx="813.21429"
     sodipodi:cy="105.71429"
     sodipodi:rx="95.35714"
     sodipodi:ry="42.142857"
     d="m 908.57143,105.71429 a 95.35714,42.142857 0 1 1 -190.71428,0 95.35714,42.142857 0 1 1 190.71428,0 z"
     transform="matrix(0.36502838,0,0,0.41934704,-33.207485,-19.877105)"
     inkscape:export-filename="/home/professor/Imagens/2017/PT-svg/text3832.png"
     inkscape:export-xdpi="30"
     inkscape:export-ydpi="30" />
  <text
     xml:space="preserve"
     style="font-size:9.73700905px;font-style:normal;font-weight:normal;line-height:125%;letter-spacing:0px;word-spacing:0px;fill:#000000;fill-opacity:1;stroke:none;font-family:Sans"
     x="91.668472"
     y="17.283001"
     id="text3822"
     sodipodi:linespacing="125%"
     inkscape:export-filename="/home/professor/Imagens/2017/PT-svg/text3832.png"
     inkscape:export-xdpi="30"
     inkscape:export-ydpi="30"><tspan
       sodipodi:role="line"
       x="91.668472"
       y="17.283001"
       id="tspan3826"
       style="font-style:normal;font-variant:normal;font-weight:bold;font-stretch:normal;text-align:center;text-anchor:middle;font-family:Comic Sans MS;-inkscape-font-specification:Comic Sans MS">O SABIÁ</tspan><tspan
       sodipodi:role="line"
       x="91.668472"
       y="29.454262"
       id="tspan3830"
       style="font-style:normal;font-variant:normal;font-weight:bold;font-stretch:normal;text-align:center;text-anchor:middle;font-family:Comic Sans MS;-inkscape-font-specification:Comic Sans MS">SOU EU</tspan></text>
  <text
     xml:space="preserve"
     style="font-size:7.76740837px;font-style:normal;font-weight:normal;line-height:125%;letter-spacing:0px;word-spacing:0px;fill:#000000;fill-opacity:1;stroke:none;font-family:Sans"
     x="262.8382"
     y="14.41493"
     id="text3832"
     sodipodi:linespacing="125%"
     inkscape:export-xdpi="30"
     inkscape:export-ydpi="30"><tspan
       sodipodi:role="line"
       id="tspan3834"
       x="264.52216"
       y="14.41493"
       style="font-style:normal;font-variant:normal;font-weight:bold;font-stretch:normal;text-align:center;text-anchor:middle;font-family:Comic Sans MS;-inkscape-font-specification:Comic Sans MS">ESSA </tspan><tspan
       sodipodi:role="line"
       x="264.52216"
       y="24.124189"
       id="tspan3836"
       style="font-style:normal;font-variant:normal;font-weight:bold;font-stretch:normal;text-align:center;text-anchor:middle;font-family:Comic Sans MS;-inkscape-font-specification:Comic Sans MS">ERA </tspan><tspan
       sodipodi:role="line"
       x="262.8382"
       y="33.83345"
       id="tspan3838"
       style="font-style:normal;font-variant:normal;font-weight:bold;font-stretch:normal;text-align:center;text-anchor:middle;font-family:Comic Sans MS;-inkscape-font-specification:Comic Sans MS">A PALMEIRA</tspan></text>
</svg>
