<?xml version="1.0" standalone="no"?>
<!DOCTYPE svg PUBLIC "-//W3C//DTD SVG 20010904//EN"
 "http://www.w3.org/TR/2001/REC-SVG-20010904/DTD/svg10.dtd">
<svg version="1.0" xmlns="http://www.w3.org/2000/svg"
 width="900.000000pt" height="327.000000pt" viewBox="0 0 900.000000 327.000000"
 preserveAspectRatio="xMidYMid meet">
<metadata>
Created by potrace 1.10, written by Peter Selinger 2001-2011
</metadata>
<g transform="translate(0.000000,327.000000) scale(0.100000,-0.100000)"
fill="#000000" stroke="none">
<path d="M677 3143 c-10 -9 -8 -186 2 -202 14 -22 47 -4 57 31 8 26 16 34 44
39 19 4 40 16 48 26 16 22 10 92 -10 104 -15 10 -132 12 -141 2z m101 -42 c21
-13 10 -46 -16 -49 -27 -4 -40 22 -22 43 14 17 20 18 38 6z"/>
<path d="M956 3126 c-12 -19 -26 -26 -58 -28 l-43 -3 0 -60 c-1 -79 4 -105 21
-105 20 0 32 31 26 69 -3 26 0 38 14 48 34 25 44 16 44 -42 0 -43 4 -56 19
-64 10 -6 21 -7 25 -4 3 3 6 53 6 110 0 94 -2 103 -19 103 -10 0 -26 -11 -35
-24z"/>
<path d="M1449 3143 c-6 -39 5 -199 14 -205 22 -14 28 10 30 108 2 96 1 99
-20 102 -13 2 -24 0 -24 -5z"/>
<path d="M1880 3123 c-6 -15 -14 -35 -20 -45 -6 -11 -5 -20 5 -28 9 -8 15 -31
15 -61 0 -56 16 -71 41 -41 12 16 16 33 12 62 -4 31 -2 41 11 46 9 3 23 1 31
-6 12 -10 12 -15 -1 -36 -18 -27 -12 -69 11 -78 9 -3 36 -3 60 1 l45 6 0 66
c0 54 -4 70 -20 84 -25 21 -58 22 -79 3 -31 -28 -46 -23 -46 14 0 31 -3 35
-27 38 -23 3 -30 -2 -38 -25z"/>
<path d="M2949 3138 c-26 -22 -49 -66 -49 -94 0 -37 28 -80 67 -101 27 -15 37
-15 66 -5 18 7 40 12 49 12 21 0 26 17 20 63 -4 34 -6 37 -38 37 -38 0 -55
-18 -30 -32 23 -13 10 -28 -24 -28 -47 0 -68 61 -32 93 21 19 57 22 67 7 8
-14 42 -13 51 2 4 6 -4 21 -20 35 -31 26 -101 32 -127 11z"/>
<path d="M3147 3143 c-4 -3 -7 -51 -7 -105 0 -97 0 -99 23 -96 15 2 23 11 25
30 2 14 9 31 16 37 19 16 46 2 46 -23 0 -12 6 -31 14 -41 11 -16 17 -17 29 -7
12 10 13 20 4 54 -7 30 -7 50 2 75 11 29 10 38 -3 58 -15 22 -24 25 -80 25
-34 0 -66 -3 -69 -7z m101 -42 c23 -14 10 -46 -21 -49 -31 -4 -46 20 -27 43
14 17 29 19 48 6z"/>
<path d="M3343 3138 c-6 -8 -7 -43 -3 -90 6 -65 11 -80 31 -97 32 -27 68 -26
101 2 24 20 27 29 29 97 2 103 2 102 -23 98 -21 -3 -23 -8 -23 -68 0 -75 -7
-90 -41 -90 -27 0 -28 2 -29 90 0 51 -3 65 -16 68 -9 1 -20 -3 -26 -10z"/>
<path d="M3554 3137 c-3 -8 -3 -56 -2 -108 3 -80 6 -94 21 -97 12 -3 19 5 23
27 7 35 18 46 54 54 14 3 35 8 47 12 18 6 23 2 29 -19 8 -34 63 -76 99 -76 42
0 93 43 101 85 8 46 0 74 -31 108 -21 22 -35 27 -70 27 -37 0 -49 -5 -71 -30
l-27 -29 -27 29 c-25 26 -35 30 -84 30 -38 0 -58 -4 -62 -13z m94 -36 c25 -15
10 -46 -22 -46 -35 0 -43 16 -21 39 19 18 25 19 43 7z m212 -20 c25 -47 6 -91
-40 -91 -33 0 -50 17 -50 51 0 53 67 82 90 40z"/>
<path d="M4058 3138 c-29 -24 -48 -63 -48 -99 0 -28 8 -44 38 -73 34 -35 40
-37 77 -31 22 3 51 7 65 8 23 2 25 7 28 53 3 47 1 52 -20 57 -32 8 -68 -2 -68
-19 0 -8 5 -14 10 -14 6 0 10 -7 10 -15 0 -18 -50 -21 -68 -3 -16 16 -16 70 0
86 17 17 63 15 78 -3 15 -19 21 -19 45 -1 19 14 19 15 -8 40 -22 20 -38 26
-76 26 -26 0 -54 -6 -63 -12z"/>
<path d="M1047 3103 c-10 -9 -9 -161 1 -167 20 -12 37 15 37 61 0 42 3 48 23
51 20 3 22 0 22 -52 0 -30 4 -57 8 -60 18 -11 31 12 34 59 3 42 6 50 23 50 17
0 20 -8 23 -50 4 -63 17 -78 34 -38 l13 31 29 -29 c16 -16 39 -29 51 -29 29 0
59 34 52 60 -3 11 -1 23 4 26 15 9 10 40 -12 68 -30 38 -68 35 -98 -10 l-25
-36 -14 29 c-8 15 -16 30 -18 32 -6 7 -180 11 -187 4z m313 -74 c0 -5 -7 -9
-15 -9 -15 0 -20 12 -9 23 8 8 24 -1 24 -14z"/>
<path d="M1537 3098 c-15 -11 -18 -25 -15 -83 3 -64 5 -70 26 -73 20 -3 22 1
22 42 0 33 6 50 21 65 11 10 19 27 17 38 -4 22 -46 29 -71 11z"/>
<path d="M1654 3089 c-14 -16 -16 -24 -7 -38 8 -13 7 -22 -3 -36 -34 -46 -5
-85 59 -82 61 4 67 10 67 77 0 48 -4 63 -22 80 -28 26 -70 26 -94 -1z"/>
<path d="M2137 3092 c-25 -28 -21 -61 8 -72 29 -11 35 -41 6 -33 -27 7 -36
-15 -15 -38 22 -25 55 -24 87 1 14 11 29 20 35 20 5 0 17 -9 27 -20 40 -44 98
-11 109 61 6 40 4 49 -18 72 -14 15 -36 27 -49 27 -24 0 -67 -37 -67 -58 0
-18 -34 -32 -51 -21 -11 7 -10 10 9 15 27 8 28 25 4 47 -24 22 -65 21 -85 -1z"/>
<path d="M102 2867 c-16 -19 -11 -2792 5 -2808 9 -9 15 -9 26 0 11 8 296 11
1153 11 627 0 1657 0 2289 0 752 0 1151 -4 1153 -10 5 -13 32 -13 32 0 0 14
177 13 185 0 5 -8 11 -7 21 1 19 15 432 13 452 -3 9 -8 16 -8 24 0 17 17 439
17 456 0 8 -8 15 -8 24 0 19 15 443 18 461 3 9 -7 17 -7 23 -1 15 15 2456 14
2465 -1 4 -7 14 -9 23 -6 15 6 16 130 14 1414 l-3 1408 -4396 2 c-3491 2
-4399 0 -4407 -10z m2258 -37 c13 0 15 -29 15 -200 0 -191 -1 -199 -20 -203
-11 -2 -513 -3 -1115 -2 l-1095 0 -3 200 c-1 114 1 201 7 204 6 4 1850 5 2211
1z m2555 0 c7 0 11 -70 11 -200 1 -174 -1 -200 -15 -204 -9 -3 -572 -4 -1251
-3 l-1235 2 -3 195 c-1 107 -1 199 2 205 3 8 1122 10 2491 5z m1460 -200 l0
-201 -700 0 -700 0 -2 193 c-1 106 0 198 1 203 2 7 243 9 702 8 l699 -2 0
-201z m2485 200 c0 -3 1 -94 1 -202 l1 -197 -710 -3 c-391 -1 -714 0 -717 4
-4 4 -4 16 0 27 7 24 37 28 55 7 8 -11 27 -14 67 -11 31 2 58 6 60 9 3 2 0 13
-6 24 -6 12 -11 37 -11 57 0 56 -25 85 -71 85 -27 0 -39 -4 -39 -14 0 -26 -19
-28 -48 -6 -40 30 -86 29 -111 -1 -25 -30 -29 -116 -6 -125 8 -4 15 -12 15
-20 0 -9 11 -14 29 -14 34 0 50 -16 24 -24 -22 -7 -958 0 -970 7 -4 3 -7 93
-5 200 2 172 5 196 19 199 28 5 2423 3 2423 -2z m-1314 -258 c-8 -13 -65 -42
-83 -42 -18 0 -17 39 2 46 8 4 21 1 28 -4 9 -8 16 -6 26 10 9 14 16 17 23 10
6 -6 7 -15 4 -20z m-146 -1 c14 -27 13 -54 -4 -76 -14 -19 -15 -19 -35 -1 -25
23 -27 53 -4 78 21 23 30 23 43 -1z m150 -72 c0 -12 -7 -19 -19 -19 -28 0 -37
21 -16 36 22 16 35 10 35 -17z m-5998 -132 c6 -9 12 -9 27 0 14 9 120 12 393
13 205 1 380 1 388 0 13 0 15 -29 15 -200 0 -193 -1 -201 -20 -206 -11 -2
-513 -3 -1115 -2 l-1095 3 -3 195 c-1 107 -1 199 2 205 6 16 1398 8 1408 -8z
m3205 2 c9 -8 17 -8 26 -2 15 13 120 24 133 15 5 -4 9 -93 9 -207 l0 -200
-1250 1 -1250 2 -3 193 c-1 106 -1 198 2 204 5 15 2315 9 2333 -6z m661 -1 c9
-8 16 -8 24 0 16 16 421 17 449 1 14 -7 24 -7 32 0 7 5 103 11 232 12 l220 2
0 -204 0 -204 -700 0 -700 0 -1 200 c-1 110 0 202 1 205 6 10 430 -2 443 -12z
m3444 -190 l0 -203 -1219 0 -1218 0 -5 198 c-4 147 -2 201 7 205 6 4 557 6
1223 5 l1212 -2 0 -203z m-7322 -259 c0 -13 32 -19 49 -9 19 10 766 18 776 8
3 -3 7 -98 8 -212 2 -200 1 -207 -18 -212 -11 -2 -513 -3 -1115 -2 l-1095 3
-3 195 c-1 107 0 204 2 215 5 20 13 20 701 20 382 0 695 -3 695 -6z m3218 -4
c29 -5 42 -4 42 4 0 8 20 11 63 9 l62 -3 0 -215 0 -215 -1250 0 -1250 0 -3
205 c-1 112 -1 209 2 215 4 12 2263 12 2334 0z m650 -3 c24 -8 35 -8 43 1 12
12 367 13 436 0 18 -3 41 -2 50 2 10 3 113 7 228 8 l210 2 0 -215 0 -215 -700
0 -700 0 -1 210 c-1 116 1 214 4 219 6 11 388 1 430 -12z m3454 -196 c2 -116
1 -214 -3 -219 -3 -4 -552 -6 -1220 -5 l-1214 3 -3 205 c-1 112 0 210 2 216 3
9 300 12 1220 11 l1215 -1 3 -210z m-6495 -280 c6 -6 6 -384 -1 -394 -3 -4
-503 -8 -1113 -8 l-1108 1 -3 185 c-1 102 0 194 2 205 5 20 13 20 1112 18 609
-1 1109 -4 1111 -7z m2554 4 c3 0 5 -91 5 -202 l-1 -201 -220 -4 c-121 -2
-231 -5 -245 -6 l-25 -2 0 107 c0 58 -2 108 -5 111 -3 2 -22 7 -42 11 -54 10
-78 -17 -78 -88 0 -45 4 -56 23 -69 16 -10 28 -12 40 -5 11 6 17 5 17 -1 0 -5
3 -16 6 -25 5 -13 -1 -16 -25 -16 -17 0 -31 5 -31 10 0 6 -7 10 -15 10 -8 0
-15 -9 -15 -20 0 -19 -11 -19 -942 -14 l-943 6 -3 191 c-1 105 -1 196 2 202 2
7 401 9 1247 8 684 -2 1247 -3 1250 -3z m1455 -197 c1 -109 -2 -202 -7 -208
-5 -6 -77 -8 -206 -3 -245 8 -1145 4 -1160 -5 -7 -4 -15 -2 -20 5 -7 12 -15
396 -8 407 2 4 317 5 702 4 l698 -2 1 -198z m2486 9 c3 -201 -1 -236 -26 -226
-8 3 -554 7 -1213 7 l-1198 2 -3 195 c-1 107 -1 199 2 205 2 7 395 10 1219 10
l1216 0 3 -193z m-4464 -91 c-2 -29 -8 -37 -26 -39 -15 -2 -25 3 -30 19 -12
31 -3 67 17 72 27 6 42 -14 39 -52z m-2025 -389 c2 -174 0 -202 -13 -202 -13
0 -2191 0 -2212 0 -10 0 -11 394 -1 403 3 4 505 6 1115 5 l1109 -3 2 -203z
m2553 2 l0 -201 -238 -7 c-131 -4 -243 -4 -249 -1 -6 4 -8 41 -5 100 3 52 2
96 -2 98 -4 2 -24 7 -44 11 -54 10 -78 -17 -78 -88 0 -46 3 -56 25 -70 14 -9
30 -14 36 -10 10 6 28 -12 29 -27 0 -14 -41 -16 -54 -3 -18 17 -33 18 -38 2
-4 -10 -208 -12 -944 -10 l-939 3 -3 205 -2 204 1252 -2 1253 -3 1 -201z
m1449 -2 l0 -203 -700 0 -700 0 -2 193 c-1 106 0 199 2 206 4 10 149 12 702
10 l698 -3 0 -203z m2486 5 c0 -110 -1 -200 -3 -202 -3 -3 -2118 -9 -2320 -7
l-118 2 0 205 0 205 1221 -2 1220 -3 0 -198z m-4463 -96 c-2 -29 -8 -37 -26
-39 -15 -2 -25 3 -30 19 -12 31 -3 67 17 72 27 6 42 -14 39 -52z m-3143 -161
c573 0 1050 2 1059 6 9 3 26 4 39 1 22 -6 22 -7 22 -206 0 -192 -1 -200 -20
-204 -11 -1 -513 -3 -1115 -3 l-1095 1 -3 195 c-1 107 0 201 3 208 4 10 15 13
36 8 18 -3 501 -6 1074 -6z m3395 1 c80 -1 169 0 199 3 30 2 59 2 66 0 8 -3
11 -63 11 -204 0 -176 -2 -199 -17 -203 -9 -3 -572 -4 -1250 -3 l-1234 1 -3
195 c-1 107 -1 199 2 205 3 9 1629 13 2226 6z m1038 0 c345 0 641 1 657 2 l30
2 0 -204 0 -204 -700 -1 -700 0 -1 200 c-1 109 1 203 4 208 2 4 22 5 44 2 22
-4 322 -6 666 -5z m3174 -203 l0 -203 -1202 -1 c-661 -1 -1211 1 -1221 3 -18
5 -19 17 -19 203 0 123 4 200 10 202 5 2 555 2 1221 1 l1211 -3 0 -202z"/>
<path d="M458 2649 c-13 -7 -18 -23 -18 -59 l0 -50 39 0 c45 0 57 -11 41 -40
-13 -24 -28 -25 -52 -3 -13 11 -22 13 -29 6 -7 -7 -2 -17 17 -32 32 -25 47
-26 68 -5 10 9 24 13 36 9 17 -5 20 -2 20 20 0 33 -41 75 -75 75 -38 0 -33 33
8 45 44 13 42 39 -3 42 -19 2 -43 -2 -52 -8z"/>
<path d="M597 2653 c-10 -10 -8 -91 2 -97 5 -4 12 12 16 34 4 22 11 40 16 40
5 0 9 7 9 15 0 15 -31 21 -43 8z"/>
<path d="M678 2637 c-25 -21 -28 -29 -28 -88 0 -60 2 -66 28 -81 25 -15 33
-15 68 -3 35 11 39 17 42 49 3 30 0 36 -15 36 -11 0 -23 4 -29 9 -5 5 -20 11
-34 13 -40 5 -29 23 18 26 48 4 51 10 19 40 -29 27 -35 27 -69 -1z m60 -124
c-3 -32 -44 -46 -54 -19 -10 26 4 46 31 46 23 0 26 -4 23 -27z"/>
<path d="M800 2615 c0 -55 15 -59 29 -7 14 50 14 52 -9 52 -17 0 -20 -7 -20
-45z"/>
<path d="M883 2641 c-22 -18 -30 -50 -17 -64 4 -3 19 4 35 15 23 17 32 19 41
10 15 -15 1 -42 -29 -57 -37 -19 -53 -37 -53 -61 0 -18 7 -24 35 -30 41 -7 88
2 80 16 -3 6 -19 10 -34 10 -42 0 -44 10 -10 41 36 32 52 29 70 -12 14 -36 50
-62 72 -53 21 8 57 66 57 91 0 37 -30 94 -57 106 -23 10 -28 9 -52 -20 l-26
-31 -29 29 c-34 34 -52 36 -83 10z m195 -103 c-6 -58 -15 -70 -34 -44 -17 24
-18 88 -2 104 23 23 41 -7 36 -60z"/>
<path d="M1295 2639 c-16 -16 -20 -34 -20 -84 0 -55 3 -65 25 -84 32 -26 43
-26 77 3 24 21 28 31 28 79 0 45 -5 60 -24 81 -29 31 -59 32 -86 5z m67 -76
c7 -55 -1 -75 -26 -71 -17 2 -22 11 -24 42 -4 49 3 66 27 66 14 0 20 -9 23
-37z"/>
<path d="M2050 2626 c-23 -25 -37 -32 -55 -28 -17 3 -25 0 -25 -10 0 -22 11
-28 30 -18 21 11 30 -4 30 -48 0 -20 10 -34 35 -51 39 -27 53 -22 87 34 10 17
18 25 18 18 0 -6 12 -25 26 -43 29 -34 51 -33 85 1 30 30 26 116 -6 152 -14
15 -31 27 -38 27 -20 -1 -50 -29 -63 -58 l-11 -27 -8 27 c-7 26 -43 58 -64 58
-6 0 -24 -15 -41 -34z m70 -81 c0 -62 -11 -74 -40 -45 -31 31 -26 90 10 102
25 9 30 -1 30 -57z m142 41 c22 -32 -14 -118 -42 -101 -11 7 -14 108 -4 118 8
7 37 -3 46 -17z"/>
<path d="M340 2638 c-35 -13 -42 -29 -23 -58 9 -14 16 -39 15 -55 -3 -35 19
-71 36 -61 13 8 17 172 5 179 -5 3 -19 0 -33 -5z"/>
<path d="M1180 2632 c-25 -20 -25 -21 -7 -50 9 -17 17 -50 17 -76 0 -34 4 -46
15 -46 12 0 15 14 15 64 0 35 2 70 5 78 3 7 0 22 -8 32 -12 17 -14 17 -37 -2z"/>
<path d="M1718 2634 c-31 -16 -35 -35 -13 -58 8 -8 15 -30 15 -49 0 -44 8 -67
25 -67 19 0 25 24 25 100 0 79 -11 95 -52 74z"/>
<path d="M1863 2633 c-26 -18 -30 -51 -8 -59 10 -4 15 -20 15 -44 0 -47 8 -70
25 -70 10 0 14 22 17 78 5 116 -1 129 -49 95z"/>
<path d="M1976 2483 c-11 -11 -6 -23 9 -23 8 0 15 4 15 9 0 13 -16 22 -24 14z"/>
<path d="M2672 2673 c-27 -5 -72 -72 -72 -106 0 -58 53 -117 106 -117 34 0 84
36 84 60 0 32 -22 35 -42 7 -23 -31 -48 -34 -71 -9 -21 23 -22 86 -1 106 20
20 29 20 64 0 15 -10 35 -14 44 -11 28 11 -1 55 -43 67 -20 5 -38 9 -41 9 -3
-1 -15 -4 -28 -6z"/>
<path d="M3524 2656 c-3 -8 -21 -17 -39 -20 -72 -14 -98 -101 -47 -157 26 -29
32 -31 69 -24 23 3 44 13 47 20 4 11 9 142 7 183 -1 17 -30 15 -37 -2z m-12
-83 c10 -9 18 -23 18 -31 0 -20 -29 -52 -46 -52 -19 0 -29 47 -15 76 13 28 18
29 43 7z"/>
<path d="M3817 2663 c-10 -16 1 -185 12 -196 15 -15 31 7 31 46 0 17 5 27 15
27 10 0 15 -10 15 -27 0 -37 13 -56 36 -51 14 2 20 13 22 38 3 31 -1 37 -28
47 -25 9 -30 17 -30 45 0 18 -7 44 -16 56 -15 21 -48 30 -57 15z"/>
<path d="M3965 2636 c-21 -50 -19 -89 5 -104 12 -7 20 -23 20 -38 0 -15 5 -24
12 -22 7 3 13 30 15 69 2 35 4 78 6 94 2 24 -2 31 -21 33 -18 3 -26 -4 -37
-32z"/>
<path d="M4310 2650 c-8 -14 -21 -20 -45 -20 -22 0 -43 -8 -55 -20 -11 -11
-24 -20 -30 -20 -5 0 -14 9 -20 20 -16 30 -78 28 -89 -2 -5 -14 -5 -28 2 -36
9 -11 14 -9 27 9 12 15 19 18 24 10 9 -13 -10 -41 -28 -41 -6 0 -24 -11 -41
-25 l-30 -24 30 -25 c31 -26 69 -34 80 -16 4 7 12 7 25 0 12 -6 28 -6 49 1 28
10 31 15 31 54 0 50 27 92 53 82 14 -5 17 -20 17 -72 0 -51 3 -65 15 -65 12 0
15 14 15 64 0 64 13 92 32 65 5 -8 6 -34 4 -59 -7 -56 4 -79 27 -56 10 10 18
12 22 6 3 -5 17 -10 31 -10 22 0 24 4 24 44 0 53 8 76 26 76 9 0 14 -18 16
-62 2 -48 7 -63 18 -63 11 0 16 15 20 52 10 98 50 96 50 -3 0 -56 7 -69 27
-53 17 15 18 129 0 153 -7 9 -21 17 -32 16 -11 0 -45 0 -76 0 -46 1 -62 -3
-86 -24 -30 -25 -31 -25 -48 -6 -9 10 -14 24 -10 30 10 16 -14 40 -41 40 -13
0 -28 -9 -34 -20z m-180 -151 c0 -12 -7 -19 -19 -19 -28 0 -36 19 -15 35 22
16 34 11 34 -16z"/>
<path d="M3114 2646 c-9 -24 13 -178 27 -187 24 -14 31 3 25 55 -4 29 -3 64 3
78 14 38 3 68 -25 68 -14 0 -27 -6 -30 -14z"/>
<path d="M2843 2613 c-25 -28 -43 -63 -43 -86 0 -7 14 -27 31 -44 35 -38 73
-43 91 -13 7 11 21 20 31 20 9 0 25 -9 34 -20 24 -28 69 -26 89 5 20 31 12 56
-26 77 -32 18 -40 38 -15 38 8 0 15 -4 15 -10 0 -5 7 -10 15 -10 18 0 20 31 3
48 -17 17 -67 15 -74 -3 -11 -28 -44 -28 -69 -1 -31 33 -50 33 -82 -1z m68
-45 c24 -26 24 -30 0 -59 -16 -20 -23 -22 -38 -13 -23 14 -28 41 -12 70 15 30
26 30 50 2z m139 -69 c0 -15 -22 -21 -33 -10 -6 6 -19 11 -28 11 -23 0 -32 15
-24 40 6 19 8 19 46 -7 21 -14 39 -29 39 -34z"/>
<path d="M3230 2627 c-27 -13 -35 -57 -12 -64 6 -3 12 2 12 11 0 10 9 16 25
16 37 0 30 -18 -14 -36 -39 -15 -51 -37 -43 -76 5 -23 26 -29 87 -22 49 6 53
9 44 25 -5 10 -9 41 -8 69 2 53 -9 73 -46 84 -11 3 -31 0 -45 -7z m50 -128 c0
-12 -7 -19 -19 -19 -28 0 -37 21 -16 36 22 16 35 10 35 -17z"/>
<path d="M3616 2619 c-22 -18 -26 -28 -26 -75 0 -89 57 -125 111 -68 36 39 34
106 -5 139 -35 30 -46 31 -80 4z m60 -53 c9 -38 1 -70 -20 -74 -22 -5 -36 14
-36 49 0 47 45 68 56 25z"/>
<path d="M5165 2691 c-37 -16 -47 -39 -47 -104 0 -81 18 -107 77 -107 60 1 83
43 76 140 -3 53 -60 90 -106 71z m55 -104 c0 -15 -5 -38 -11 -49 -11 -21 -12
-21 -25 -3 -17 23 -18 69 -3 97 11 21 12 21 25 3 8 -10 14 -32 14 -48z"/>
<path d="M6119 2694 c-30 -9 -52 -66 -47 -123 6 -65 29 -91 79 -91 54 0 79 35
79 109 -1 40 -6 63 -20 79 -18 22 -61 34 -91 26z m49 -110 c-2 -36 -7 -49 -18
-49 -19 0 -26 80 -9 101 19 23 31 2 27 -52z"/>
<path d="M5603 2634 c-3 -8 4 -25 16 -38 26 -28 26 -37 0 -70 -11 -14 -17 -30
-14 -36 10 -17 52 -11 60 8 6 16 7 16 19 0 14 -19 66 -25 66 -8 0 6 -10 24
-22 40 l-22 30 23 31 c35 47 10 77 -39 47 -15 -10 -22 -10 -32 0 -17 17 -47
15 -55 -4z"/>
<path d="M6647 2663 c-10 -10 -8 -176 2 -192 15 -23 44 -5 38 24 -5 29 15 45
56 45 13 0 32 9 42 20 23 25 25 87 5 101 -17 10 -133 12 -143 2z m108 -58 c0
-27 -62 -35 -72 -10 -8 21 14 36 47 33 17 -2 25 -9 25 -23z"/>
<path d="M7085 2651 c-10 -12 -33 -21 -58 -23 -36 -3 -42 -7 -52 -38 -10 -31
-13 -32 -19 -14 -30 94 -124 69 -129 -35 -2 -41 2 -53 23 -71 34 -29 69 -23
97 19 l23 34 6 -32 c4 -17 12 -31 20 -31 17 0 26 32 19 63 -8 32 32 81 58 72
13 -6 17 -19 17 -64 0 -60 10 -86 30 -79 8 2 13 33 14 93 3 119 -11 148 -49
106z m-165 -82 c16 -29 3 -79 -20 -79 -36 0 -52 57 -24 84 21 21 31 20 44 -5z"/>
<path d="M7626 2662 c-2 -4 -1 -50 2 -102 6 -77 10 -95 23 -98 15 -3 18 10 21
90 2 51 2 99 0 106 -5 13 -38 17 -46 4z"/>
<path d="M7159 2623 c-1 -5 0 -37 1 -73 2 -84 20 -107 77 -93 37 9 38 10 43
63 7 69 1 110 -16 110 -10 0 -14 -15 -14 -56 0 -71 -13 -98 -40 -84 -17 9 -20
21 -20 75 0 51 -3 65 -15 65 -8 0 -16 -3 -16 -7z"/>
<path d="M596 2194 c-10 -25 -7 -92 4 -99 6 -3 10 4 10 17 0 13 7 36 15 52 8
15 15 32 15 37 0 16 -38 10 -44 -7z"/>
<path d="M807 2203 c-11 -10 -8 -93 2 -93 10 0 15 13 26 68 5 24 3 32 -8 32
-7 0 -17 -3 -20 -7z"/>
<path d="M334 2180 c-29 -11 -38 -39 -19 -60 8 -9 15 -35 15 -58 0 -31 5 -44
20 -52 28 -15 32 -1 28 95 -3 81 -8 90 -44 75z"/>
<path d="M444 2177 c-3 -8 -4 -32 -2 -53 3 -36 5 -39 31 -36 53 6 80 -42 31
-54 -14 -4 -30 -2 -37 5 -16 16 -27 13 -27 -8 0 -32 67 -44 90 -16 10 12 16
13 27 4 24 -21 37 4 20 37 -19 38 -46 61 -75 66 -34 5 -28 22 10 28 20 3 33
11 33 20 0 21 -93 27 -101 7z"/>
<path d="M672 2174 c-19 -13 -22 -24 -22 -78 0 -83 17 -101 89 -91 l51 7 0 39
c0 32 -3 39 -20 39 -10 0 -23 6 -27 14 -4 8 -19 16 -33 18 -37 5 -25 23 15 22
27 -1 35 3 35 16 0 32 -51 40 -88 14z m63 -114 c0 -18 -6 -26 -23 -28 -24 -4
-38 18 -28 44 3 9 15 14 28 12 17 -2 23 -10 23 -28z"/>
<path d="M878 2179 c-21 -12 -24 -59 -4 -59 7 0 19 7 26 15 7 8 21 15 31 15
29 0 23 -37 -8 -57 -47 -30 -65 -50 -61 -70 3 -15 13 -18 56 -18 57 0 71 16
22 26 -42 9 -47 17 -17 28 14 5 27 15 29 22 7 21 37 2 52 -35 25 -59 82 -60
110 -2 21 45 20 74 -4 114 -24 39 -68 44 -99 11 l-19 -21 -21 21 c-22 22 -65
27 -93 10z m203 -61 c9 -36 -3 -82 -23 -86 -17 -3 -40 48 -33 73 3 8 7 22 10
31 8 24 38 12 46 -18z"/>
<path d="M1174 2165 c-15 -23 -15 -27 -1 -43 9 -9 17 -40 19 -67 2 -28 8 -49
13 -48 10 3 25 149 17 171 -7 20 -30 14 -48 -13z"/>
<path d="M1289 2173 c-21 -25 -18 -127 5 -152 24 -26 57 -27 87 -2 20 16 23
28 24 81 0 50 -4 64 -19 76 -27 19 -80 18 -97 -3z m55 -29 c23 -9 23 -99 0
-108 -26 -10 -34 3 -34 53 0 58 5 66 34 55z"/>
<path d="M1711 2171 c-25 -25 -26 -34 -6 -51 9 -7 15 -29 15 -55 0 -24 6 -48
14 -54 24 -20 34 10 33 94 -2 66 -5 80 -19 83 -9 2 -26 -6 -37 -17z"/>
<path d="M1831 2176 c-7 -8 -11 -30 -9 -48 3 -30 6 -33 43 -38 32 -4 41 -9 43
-28 4 -28 -20 -39 -54 -24 -19 9 -24 9 -24 -1 0 -43 68 -50 99 -11 36 46 20
83 -43 98 -34 8 -24 23 19 28 19 2 30 9 30 18 0 21 -87 27 -104 6z"/>
<path d="M2040 2170 c-11 -11 -20 -24 -20 -30 0 -13 26 -13 49 2 10 6 27 8 37
4 18 -7 17 -8 -5 -25 l-24 -19 21 -11 c14 -7 22 -21 22 -36 0 -33 -41 -34 -63
-2 -14 20 -16 21 -22 4 -15 -37 54 -74 91 -49 36 23 40 143 6 170 -24 18 -69
15 -92 -8z"/>
<path d="M2198 2178 c-9 -8 -18 -36 -22 -69 -5 -48 -3 -61 15 -83 44 -55 109
-15 109 67 0 60 -23 97 -59 97 -15 0 -34 -6 -43 -12z m56 -44 c21 -20 20 -68
0 -89 -25 -24 -39 -13 -42 34 -5 69 10 88 42 55z"/>
<path d="M1972 2133 c4 -21 33 -25 33 -3 0 8 -8 16 -18 18 -14 3 -18 -1 -15
-15z"/>
<path d="M1972 2018 c5 -15 28 -18 29 -3 0 6 -7 12 -17 13 -10 3 -15 -1 -12
-10z"/>
<path d="M3992 2212 c-9 -6 -12 -35 -10 -108 l3 -99 67 -3 c59 -3 68 0 78 18
13 24 30 26 30 4 0 -10 7 -14 22 -12 20 3 22 8 20 43 -3 33 2 45 22 64 46 43
29 71 -29 47 -30 -13 -35 -20 -35 -48 0 -18 -4 -39 -9 -47 -13 -20 -21 13 -18
76 1 28 -1 55 -6 59 -11 11 -120 16 -135 6z m92 -38 c20 -8 21 -43 1 -50 -23
-9 -65 5 -65 21 0 8 8 19 18 24 20 12 25 13 46 5z m21 -108 c0 -26 -26 -40
-58 -32 -18 4 -27 13 -27 25 0 23 15 31 55 28 22 -1 30 -7 30 -21z"/>
<path d="M4550 2196 c0 -9 12 -16 28 -18 32 -4 33 -21 0 -29 -20 -4 -23 -10
-20 -46 4 -48 -13 -65 -34 -35 -8 11 -23 22 -34 24 -30 4 -29 22 0 26 14 2 29
7 34 12 11 11 -30 50 -53 50 -22 0 -51 -35 -51 -60 0 -18 35 -54 63 -63 28
-10 9 -28 -26 -25 -23 2 -32 -1 -32 -12 0 -10 12 -16 39 -18 32 -3 43 1 58 20
17 21 19 22 29 6 7 -14 23 -18 64 -18 l55 0 0 100 0 100 -60 0 c-45 0 -60 -3
-60 -14z"/>
<path d="M4287 2162 c-25 -28 -21 -44 11 -41 31 4 55 -8 47 -22 -4 -5 -19 -9
-34 -9 -33 0 -51 -16 -51 -46 0 -33 21 -43 84 -43 62 1 76 12 57 47 -7 13 -8
29 -2 44 6 18 2 30 -18 55 -30 38 -68 44 -94 15z m63 -117 c0 -16 -35 -21 -44
-6 -8 12 4 21 26 21 10 0 18 -7 18 -15z"/>
<path d="M5160 2213 c-22 -9 -39 -35 -40 -60 0 -18 6 -23 25 -23 14 0 28 7 31
15 9 23 34 18 34 -8 0 -15 -16 -36 -45 -60 -25 -21 -45 -47 -45 -57 0 -18 7
-20 76 -20 66 0 75 2 72 18 -2 10 -14 18 -31 20 -35 4 -34 12 8 55 19 20 35
43 35 51 0 42 -78 86 -120 69z"/>
<path d="M6135 2199 c-4 -5 -18 -14 -31 -20 -21 -7 -23 -12 -14 -29 6 -11 17
-20 25 -20 16 0 18 -10 15 -76 -2 -47 9 -59 46 -50 23 6 24 9 24 106 l0 100
-29 0 c-17 0 -33 -5 -36 -11z"/>
<path d="M5606 2153 c-4 -9 2 -25 14 -38 26 -27 25 -46 -1 -74 -18 -19 -19
-25 -8 -32 20 -13 35 -11 49 6 12 14 15 14 31 -1 11 -10 25 -13 38 -9 20 6 30
25 13 25 -5 0 -14 12 -21 27 -11 23 -9 30 9 55 12 16 19 36 16 44 -7 19 -40
18 -56 -1 -12 -14 -15 -14 -30 0 -22 20 -46 19 -54 -2z"/>
<path d="M6672 2201 c-52 -44 -56 -127 -9 -178 30 -34 108 -33 135 2 11 14 25
25 31 25 6 0 18 -11 27 -25 21 -32 75 -34 104 -5 31 31 27 96 -7 132 -15 15
-34 28 -43 28 -21 0 -56 -32 -75 -70 -9 -18 -24 -30 -35 -30 -11 0 -24 -9 -30
-20 -13 -25 -58 -26 -76 -2 -7 9 -13 31 -13 47 0 17 6 38 13 48 16 21 64 23
72 2 8 -19 28 -19 44 0 9 11 7 19 -14 40 -31 31 -92 34 -124 6z m266 -93 c19
-19 14 -45 -10 -62 -16 -11 -25 -13 -35 -4 -14 11 -18 60 -6 71 10 11 38 8 51
-5z"/>
<path d="M7250 2210 c-9 -5 -9 -13 -2 -26 6 -11 6 -27 1 -44 -11 -31 2 -134
16 -131 6 0 11 37 11 82 1 44 4 83 8 86 20 20 -9 49 -34 33z"/>
<path d="M7641 2207 c-6 -6 -11 -17 -11 -24 0 -9 -8 -12 -22 -8 -30 6 -52 -12
-72 -59 -14 -34 -14 -40 1 -69 8 -18 21 -35 27 -39 15 -11 94 -10 100 0 3 5 8
52 10 105 4 74 2 96 -8 100 -8 3 -19 0 -25 -6z m-1 -127 c0 -32 -21 -53 -44
-44 -23 9 -22 81 2 86 25 6 42 -11 42 -42z"/>
<path d="M7937 2203 c-2 -5 -1 -51 2 -103 5 -75 9 -95 21 -95 11 0 16 14 18
53 2 28 6 52 10 52 15 -1 38 -27 57 -63 24 -46 29 -50 55 -42 13 4 20 15 20
31 0 32 11 30 32 -6 21 -36 67 -41 98 -10 29 29 27 96 -4 133 -30 37 -64 33
-91 -10 -11 -18 -23 -32 -27 -33 -5 0 -8 23 -8 50 0 47 -2 50 -25 50 -20 0
-25 -5 -25 -24 0 -14 5 -37 10 -51 26 -70 -31 -46 -62 25 -19 43 -26 50 -49
50 -15 0 -30 -3 -32 -7z m300 -99 c8 -22 -5 -61 -24 -68 -32 -13 -59 54 -32
81 13 13 49 5 56 -13z"/>
<path d="M8383 2191 c-7 -12 -26 -21 -45 -23 l-33 -3 -3 -82 c-2 -69 0 -83 13
-83 12 0 15 12 15 54 0 56 17 83 44 73 10 -4 16 -24 18 -64 3 -55 4 -58 31
-61 29 -4 39 21 12 32 -18 7 -20 64 -3 101 8 19 8 31 0 50 -14 30 -33 32 -49
6z"/>
<path d="M7028 2173 c-23 -6 -30 -35 -26 -108 2 -45 7 -60 18 -60 11 0 16 14
18 50 2 27 10 57 19 67 16 18 15 50 -2 53 -5 2 -18 1 -27 -2z"/>
<path d="M7123 2158 c-26 -29 -36 -80 -22 -115 13 -34 26 -43 61 -43 36 0 61
38 62 94 1 35 -4 48 -24 65 -32 26 -52 26 -77 -1z m65 -46 c5 -15 -23 -26 -45
-17 -17 6 -17 7 2 21 21 16 37 14 43 -4z m3 -67 c0 -5 -7 -12 -16 -13 -23 -5
-47 6 -40 19 8 13 56 8 56 -6z"/>
<path d="M7337 2162 c-28 -31 -21 -44 21 -40 47 4 54 -25 7 -30 -30 -3 -55
-25 -55 -48 0 -29 32 -44 90 -44 l59 0 -6 68 c-4 47 -12 74 -26 90 -25 27 -68
29 -90 4z m63 -118 c0 -10 -7 -14 -22 -12 -32 5 -35 28 -4 28 17 0 26 -5 26
-16z"/>
<path d="M7727 2155 c-21 -20 -27 -35 -27 -68 1 -60 26 -89 74 -85 32 2 42 9
59 38 24 43 18 81 -20 116 -33 31 -51 30 -86 -1z m66 -56 c9 -35 -9 -68 -33
-62 -21 6 -36 43 -26 68 9 23 53 19 59 -6z"/>
<path d="M8486 2147 c-26 -34 -37 -107 -16 -107 6 0 10 -6 10 -14 0 -17 22
-26 60 -26 35 0 60 43 60 101 0 30 -6 42 -29 58 -40 29 -56 26 -85 -12z m64
-37 c0 -14 -20 -22 -37 -16 -12 5 -13 9 -3 21 11 14 40 10 40 -5z m5 -60 c8
-13 -20 -24 -41 -16 -20 8 -9 26 16 26 10 0 22 -5 25 -10z"/>
<path d="M596 1712 c-3 -9 -2 -37 3 -62 5 -27 9 -35 10 -20 1 14 8 38 16 54 8
15 15 32 15 37 0 17 -39 9 -44 -9z"/>
<path d="M800 1680 c0 -76 18 -67 35 18 6 28 4 32 -14 32 -18 0 -21 -6 -21
-50z"/>
<path d="M304 1702 c-6 -4 -14 -17 -18 -30 -10 -30 18 -41 44 -17 23 20 53 13
48 -12 -2 -10 -12 -22 -23 -28 -38 -19 -65 -50 -65 -73 0 -22 3 -23 55 -20 60
3 78 20 31 28 -30 5 -49 30 -24 30 7 1 26 11 42 24 24 20 27 28 21 55 -4 17
-15 36 -25 41 -22 12 -70 13 -86 2z"/>
<path d="M449 1689 c-19 -19 -21 -29 -15 -77 4 -31 14 -64 23 -74 20 -22 56
-23 73 -3 10 12 16 13 27 4 24 -21 33 3 18 46 -8 22 -14 49 -15 61 0 29 -36
64 -65 64 -14 0 -35 -10 -46 -21z m65 -35 c23 -23 21 -81 -4 -94 -30 -16 -40
-4 -40 49 0 63 13 76 44 45z"/>
<path d="M672 1694 c-19 -13 -22 -24 -22 -78 0 -84 19 -103 88 -90 45 9 47 10
50 47 3 31 0 37 -17 37 -11 0 -24 6 -28 14 -4 8 -19 16 -33 18 -37 5 -25 23
15 22 27 -1 35 3 35 16 0 32 -51 40 -88 14z m63 -114 c0 -18 -6 -26 -23 -28
-24 -4 -38 18 -28 44 3 9 15 14 28 12 17 -2 23 -10 23 -28z"/>
<path d="M878 1699 c-20 -11 -25 -59 -6 -59 6 0 19 7 29 16 21 19 49 12 49
-10 0 -9 -12 -24 -27 -33 -50 -32 -63 -47 -63 -71 0 -22 3 -23 55 -20 60 3 78
20 31 28 -31 5 -49 30 -22 30 9 0 19 7 22 15 11 27 32 16 56 -27 28 -52 64
-62 97 -27 31 33 36 79 14 125 -15 32 -24 40 -50 42 -22 2 -37 -3 -51 -18
l-20 -22 -21 21 c-22 22 -65 27 -93 10z m203 -61 c9 -36 -3 -82 -23 -86 -17
-3 -40 48 -33 73 3 8 7 22 10 31 8 24 38 12 46 -18z"/>
<path d="M1174 1685 c-15 -24 -15 -27 0 -44 10 -11 16 -36 16 -70 0 -38 4 -51
13 -49 12 5 29 150 19 176 -7 20 -30 14 -48 -13z"/>
<path d="M1289 1693 c-21 -25 -18 -127 5 -152 24 -26 57 -27 87 -2 20 16 23
28 24 81 0 50 -4 64 -19 76 -27 19 -80 18 -97 -3z m59 -32 c19 -11 20 -90 2
-101 -25 -16 -35 -5 -38 39 -5 64 5 82 36 62z"/>
<path d="M1711 1691 c-25 -25 -26 -34 -6 -51 9 -7 15 -29 15 -55 0 -24 6 -48
14 -54 24 -20 34 9 32 94 -1 66 -4 80 -18 83 -9 2 -26 -6 -37 -17z"/>
<path d="M1831 1696 c-7 -8 -11 -30 -9 -48 3 -30 6 -33 43 -38 32 -4 41 -9 43
-28 4 -28 -20 -39 -54 -24 -19 9 -24 9 -24 -1 0 -21 22 -37 52 -37 29 0 68 34
68 60 0 28 -28 57 -61 64 -38 7 -33 16 13 25 19 4 33 13 33 21 0 21 -87 26
-104 6z"/>
<path d="M2048 1698 c-8 -7 -18 -21 -21 -30 -7 -21 14 -24 42 -6 10 6 27 8 37
4 18 -7 17 -8 -5 -25 l-24 -19 21 -11 c29 -15 30 -61 2 -61 -10 0 -28 10 -39
22 -18 19 -21 19 -27 4 -9 -23 23 -56 55 -56 52 0 73 35 64 111 -6 59 -22 79
-63 79 -14 0 -33 -6 -42 -12z"/>
<path d="M2198 1698 c-9 -8 -18 -36 -22 -69 -5 -48 -3 -61 15 -83 44 -55 109
-15 109 67 0 60 -23 97 -59 97 -15 0 -34 -6 -43 -12z m56 -44 c32 -31 11 -104
-30 -104 -10 0 -14 14 -14 53 0 69 12 83 44 51z"/>
<path d="M1972 1653 c4 -21 33 -25 33 -3 0 8 -8 16 -18 18 -14 3 -18 -1 -15
-15z"/>
<path d="M1972 1538 c5 -15 28 -18 29 -3 0 6 -7 12 -17 13 -10 3 -15 -1 -12
-10z"/>
<path d="M4003 1760 c-22 -9 -23 -15 -23 -109 0 -112 0 -111 78 -111 52 0 63
5 80 35 11 20 12 19 18 -3 5 -16 13 -22 28 -20 17 2 21 9 19 35 -4 41 12 83
32 83 17 0 20 25 4 35 -6 4 -26 4 -44 1 -31 -6 -34 -10 -37 -49 -4 -62 -23
-42 -23 25 0 31 -5 62 -12 69 -15 15 -92 21 -120 9z m82 -44 c24 -17 13 -46
-18 -46 -35 0 -52 23 -32 44 20 19 26 20 50 2z m10 -92 c22 -23 14 -38 -22
-42 -39 -4 -60 19 -38 42 21 20 39 20 60 0z"/>
<path d="M4552 1748 c3 -7 17 -14 31 -16 35 -4 35 -30 0 -34 -26 -3 -28 -6
-25 -45 4 -49 -13 -65 -37 -35 -9 11 -25 22 -35 24 -34 6 -31 28 4 28 25 0 31
4 28 18 -2 12 -14 18 -40 20 -29 2 -39 -1 -48 -18 -17 -32 5 -80 36 -80 15 0
24 -6 24 -15 0 -11 -11 -15 -40 -15 -46 0 -68 26 -50 60 24 46 -86 96 -120 55
-16 -19 -6 -30 28 -30 32 0 37 -20 5 -20 -32 -1 -67 -49 -54 -74 15 -27 36
-32 102 -23 31 5 65 5 75 1 35 -14 63 -9 84 14 20 20 22 21 31 5 8 -14 23 -18
64 -18 l55 0 0 105 0 105 -61 0 c-44 0 -60 -3 -57 -12z m-197 -148 c8 -13 -20
-24 -41 -16 -20 8 -9 26 16 26 10 0 22 -5 25 -10z"/>
<path d="M5137 1742 c-19 -21 -22 -58 -6 -68 6 -3 24 3 39 15 20 14 31 17 36
9 4 -6 -1 -17 -12 -25 -18 -13 -18 -14 0 -44 21 -35 14 -49 -14 -31 -30 18
-60 15 -60 -6 0 -46 81 -69 128 -36 24 17 30 62 10 82 -10 10 -10 17 0 32 17
28 15 44 -11 68 -29 28 -87 29 -110 4z"/>
<path d="M6116 1727 c-40 -34 -42 -57 -5 -57 10 0 19 -6 20 -12 0 -7 1 -35 2
-63 2 -39 6 -50 20 -53 38 -8 47 15 44 117 -2 88 -4 96 -22 99 -11 1 -38 -13
-59 -31z"/>
<path d="M5604 1696 c-3 -8 4 -24 15 -35 26 -26 27 -45 1 -71 -11 -11 -20 -24
-20 -30 0 -13 53 -13 67 1 8 8 13 8 17 0 9 -14 66 -15 66 -1 0 6 -9 19 -20 30
-25 25 -25 41 1 69 11 12 18 29 15 37 -6 16 -52 19 -61 4 -4 -7 -12 -7 -25 0
-26 14 -50 12 -56 -4z"/>
<path d="M6673 1743 c-59 -54 -61 -130 -6 -180 34 -32 96 -31 129 2 14 14 28
25 33 25 4 0 17 -11 29 -25 44 -50 117 -17 124 56 5 57 -26 92 -80 87 -32 -3
-40 -9 -62 -48 -16 -29 -31 -45 -41 -42 -8 1 -24 -6 -34 -18 -10 -11 -24 -20
-32 -20 -23 0 -53 39 -53 68 0 59 56 95 82 52 7 -11 21 -20 30 -20 28 0 22 45
-8 69 -37 29 -75 26 -111 -6z m261 -89 c9 -8 16 -22 16 -29 0 -17 -27 -45 -45
-45 -24 0 -34 57 -13 78 16 16 23 15 42 -4z"/>
<path d="M7140 1735 c-13 -34 -13 -58 1 -72 6 -6 11 -34 11 -61 -1 -52 12 -68
38 -52 11 7 12 14 2 35 -15 32 -15 68 -2 81 7 7 7 25 2 50 -10 48 -37 58 -52
19z"/>
<path d="M7544 1736 c-5 -22 -12 -26 -40 -26 -29 0 -36 -5 -55 -41 -20 -41
-20 -43 -3 -81 18 -41 35 -49 94 -45 41 3 46 19 45 137 0 62 -3 75 -17 78 -12
2 -19 -5 -24 -22z m2 -90 c9 -38 -4 -68 -28 -64 -25 4 -38 35 -27 66 11 30 47
29 55 -2z"/>
<path d="M7846 1752 c-6 -11 0 -201 7 -208 12 -12 27 8 27 35 0 15 7 36 15 47
13 18 14 17 15 -18 0 -35 20 -68 42 -68 5 0 15 14 21 30 13 33 37 41 37 12 0
-27 9 -32 36 -21 18 6 31 5 49 -7 13 -9 33 -13 44 -9 10 3 44 6 75 6 l56 1 0
54 c0 44 4 55 21 65 31 16 43 -2 40 -64 l-2 -53 88 1 88 0 -3 45 c-3 52 9 76
33 66 13 -5 16 -16 13 -59 -3 -50 -2 -52 22 -52 23 0 25 3 22 43 -3 43 12 77
29 66 5 -3 9 -30 9 -60 0 -54 0 -55 28 -52 24 3 27 8 30 45 2 22 -4 57 -12 77
l-15 36 -88 -5 c-48 -3 -108 -6 -133 -7 -35 -2 -45 1 -48 14 -2 12 5 17 25 20
46 5 27 23 -24 23 -41 0 -49 -4 -60 -25 -10 -21 -20 -25 -55 -25 l-43 0 -1
-55 c0 -73 -2 -82 -14 -75 -5 3 -10 26 -10 51 0 31 -6 50 -20 64 -21 21 -65
26 -89 11 -20 -13 -8 -35 20 -36 34 0 40 -19 6 -23 -15 -2 -32 -12 -38 -23 -6
-11 -18 -19 -27 -17 -14 3 -17 16 -17 78 0 73 -1 75 -25 75 -22 0 -26 -6 -38
-60 -20 -94 -20 -94 -48 -62 -14 16 -24 41 -24 58 0 17 -5 39 -10 50 -11 19
-44 26 -54 11z m564 -121 c0 -32 -27 -63 -34 -40 -14 44 -13 60 2 68 23 13 32
5 32 -28z m-245 -31 c8 -13 -20 -24 -41 -16 -20 8 -9 26 16 26 10 0 22 -5 25
-10z"/>
<path d="M7008 1685 c-15 -34 5 -73 41 -77 30 -3 26 -23 -4 -24 -33 0 -48 -13
-34 -30 19 -24 66 -17 101 15 31 28 32 30 13 37 -11 4 -24 13 -30 20 -5 7 -19
14 -30 16 -24 4 -23 22 2 26 41 7 46 11 33 27 -7 8 -28 15 -46 15 -27 0 -37
-5 -46 -25z"/>
<path d="M7234 1696 c-24 -18 -13 -29 31 -30 44 -1 46 -19 4 -26 -25 -4 -36
-13 -45 -36 -18 -44 -5 -57 58 -59 61 -2 96 11 79 28 -6 6 -11 32 -11 58 0 30
-6 53 -16 63 -19 20 -74 21 -100 2z m71 -96 c8 -13 -20 -24 -41 -16 -20 8 -9
26 16 26 10 0 22 -5 25 -10z"/>
<path d="M7626 1688 c-23 -33 -21 -103 4 -128 36 -36 91 -23 114 29 15 33 15
40 2 72 -16 39 -32 49 -76 49 -18 0 -35 -8 -44 -22z m72 -61 c2 -27 -1 -39
-13 -43 -37 -15 -63 54 -27 75 27 16 37 8 40 -32z"/>
<path d="M596 1254 c-3 -9 -6 -33 -6 -54 0 -21 -8 -51 -17 -68 -9 -16 -13 -36
-10 -46 10 -25 27 -10 27 25 0 16 4 29 9 29 4 0 13 21 18 48 6 26 14 55 18 65
5 13 2 17 -13 17 -11 0 -23 -7 -26 -16z"/>
<path d="M807 1263 c-11 -10 -8 -93 2 -93 10 0 15 13 26 68 5 24 3 32 -8 32
-7 0 -17 -3 -20 -7z"/>
<path d="M313 1250 c-22 -9 -39 -43 -28 -60 9 -15 32 -12 39 5 3 8 17 15 31
15 39 0 31 -31 -16 -60 -46 -28 -66 -57 -51 -72 12 -12 117 -6 117 7 0 6 -12
11 -27 13 -35 4 -35 15 -3 36 37 25 49 52 35 86 -15 37 -52 48 -97 30z"/>
<path d="M700 1253 c-39 -15 -50 -36 -50 -98 0 -34 5 -66 12 -73 13 -13 49
-15 97 -6 30 6 32 9 29 43 -2 27 -8 37 -23 40 -11 2 -24 9 -28 17 -4 8 -17 14
-27 14 -10 0 -21 4 -24 9 -9 14 23 22 44 11 42 -22 52 -7 20 28 -22 23 -25 24
-50 15z m28 -105 c7 -7 12 -20 12 -30 0 -13 -8 -18 -30 -18 -30 0 -37 11 -24
44 7 19 25 21 42 4z"/>
<path d="M892 1250 c-26 -11 -37 -33 -28 -55 5 -14 10 -13 35 6 16 12 34 18
40 15 23 -14 9 -44 -34 -75 -27 -19 -45 -40 -45 -52 0 -16 7 -19 49 -19 55 0
75 14 36 24 -26 7 -35 36 -11 36 8 0 17 7 20 16 9 22 32 2 51 -43 12 -29 19
-33 50 -33 29 0 39 6 55 33 11 17 20 42 20 54 0 34 -31 91 -53 97 -26 6 -63
-9 -71 -30 -6 -16 -8 -15 -29 3 -28 27 -56 34 -85 23z m189 -75 c4 -42 -2 -66
-17 -72 -22 -8 -36 10 -37 50 -1 44 20 74 39 55 7 -7 14 -22 15 -33z"/>
<path d="M1299 1241 c-21 -16 -24 -28 -24 -79 1 -35 6 -66 14 -76 17 -20 75
-21 94 -1 36 36 32 133 -6 160 -29 20 -50 19 -78 -4z m65 -54 c9 -37 -7 -82
-30 -82 -16 0 -19 8 -22 53 -3 49 -2 52 21 52 18 0 27 -7 31 -23z"/>
<path d="M1696 1239 c-28 -22 -34 -44 -13 -52 10 -3 10 -9 0 -26 -32 -53 -7
-91 61 -91 47 0 55 19 49 103 -5 61 -9 70 -30 78 -33 12 -37 12 -67 -12z m59
-28 c7 -12 -12 -24 -25 -16 -11 7 -4 25 10 25 5 0 11 -4 15 -9z m5 -87 c0 -19
-5 -24 -25 -24 -30 0 -35 33 -8 49 23 12 33 5 33 -25z"/>
<path d="M1923 1254 c-23 -10 -87 -74 -80 -80 4 -4 30 5 58 20 38 19 55 24 63
16 8 -8 6 -14 -7 -22 -18 -9 -18 -11 3 -33 40 -42 0 -77 -43 -38 -17 16 -20
16 -30 2 -7 -8 -21 -21 -32 -28 -18 -11 -17 -12 12 -7 18 3 35 1 38 -4 3 -6
24 -10 45 -10 28 0 42 5 50 19 11 21 41 19 61 -5 12 -15 57 -19 75 -6 23 15
36 79 24 121 -24 89 -120 72 -132 -23 -5 -43 -23 -35 -24 12 -1 24 -6 48 -10
52 -12 12 -56 20 -71 14z m197 -93 c0 -54 -9 -66 -40 -56 -38 12 -20 105 20
105 17 0 20 -7 20 -49z"/>
<path d="M467 1232 c-21 -23 -21 -36 -3 -52 8 -6 16 -33 18 -58 3 -39 6 -47
23 -47 18 0 20 7 20 85 0 78 -2 85 -21 88 -11 2 -28 -6 -37 -16z"/>
<path d="M1175 1230 c-18 -20 -18 -22 -1 -50 10 -18 16 -45 14 -67 -2 -29 1
-38 15 -41 15 -3 17 6 19 67 1 39 2 79 2 88 1 26 -27 27 -49 3z"/>
<path d="M3650 1291 c-11 -21 -14 -169 -4 -195 3 -9 12 -16 20 -16 13 0 19 15
26 65 2 11 12 21 23 23 69 10 95 28 95 66 0 13 -9 35 -21 50 -18 22 -28 26
-74 26 -43 0 -56 -4 -65 -19z m108 -53 c2 -12 -5 -19 -22 -24 -30 -7 -57 11
-49 32 8 21 67 14 71 -8z"/>
<path d="M4076 1275 c-11 -17 -27 -25 -53 -27 l-38 -3 0 -75 c0 -60 3 -75 15
-75 11 0 17 15 20 53 6 54 21 75 48 65 11 -5 13 -17 9 -54 -5 -38 -2 -50 14
-65 30 -27 42 -7 31 54 -7 40 -6 54 6 65 12 13 13 20 1 46 -18 40 -34 45 -53
16z"/>
<path d="M4617 1293 c-4 -3 -7 -24 -7 -45 0 -40 -14 -51 -25 -19 -7 24 -46 34
-79 21 -39 -14 -34 -42 7 -38 17 2 34 -1 37 -7 3 -5 -10 -11 -27 -13 -19 -2
-33 -9 -33 -17 0 -7 -7 -15 -15 -19 -22 -8 -18 -29 8 -54 20 -19 30 -21 97
-16 41 3 78 8 82 10 5 3 8 50 8 105 0 97 0 99 -23 99 -13 0 -27 -3 -30 -7z
m-63 -142 c3 -4 0 -16 -7 -25 -12 -16 -14 -16 -26 -2 -7 8 -10 20 -6 26 8 12
32 13 39 1z"/>
<path d="M3853 1245 c-13 -9 -28 -33 -34 -54 -13 -45 4 -88 45 -110 50 -27
103 36 90 107 -12 63 -56 88 -101 57z m62 -75 c0 -31 -3 -35 -27 -38 -27 -3
-28 -1 -28 38 0 39 1 41 28 38 24 -3 27 -7 27 -38z"/>
<path d="M4158 1245 c-10 -11 4 -140 17 -153 9 -10 24 -11 56 -5 38 7 44 12
52 43 13 50 0 122 -21 118 -13 -3 -17 -15 -17 -55 0 -55 -14 -79 -39 -70 -12
5 -16 21 -16 67 0 43 -4 60 -13 60 -8 0 -16 -2 -19 -5z"/>
<path d="M5117 1288 c-8 -30 -1 -38 38 -38 34 0 56 -17 38 -29 -21 -14 -54
-95 -48 -118 10 -40 65 -23 65 20 0 25 40 110 56 120 17 10 18 39 2 55 -7 7
-40 12 -79 12 -60 0 -67 -2 -72 -22z"/>
<path d="M6105 1287 c-29 -25 -42 -82 -31 -141 5 -26 15 -40 36 -51 42 -22 68
-19 95 11 21 22 25 37 25 85 0 51 -4 61 -31 88 -36 37 -59 39 -94 8z m63 -86
c4 -54 -3 -72 -23 -65 -10 4 -15 20 -15 53 0 26 3 51 7 55 15 15 28 -3 31 -43z"/>
<path d="M5600 1239 c0 -6 9 -22 20 -36 24 -31 25 -46 5 -63 -8 -7 -15 -21
-15 -31 0 -25 45 -26 55 -1 6 16 7 16 19 0 16 -22 56 -24 56 -3 0 9 -7 27 -16
41 -16 24 -16 27 5 54 11 16 21 34 21 40 0 13 -57 13 -66 -1 -4 -8 -9 -8 -17
0 -14 14 -67 14 -67 0z"/>
<path d="M6673 1291 c-67 -56 -52 -178 26 -211 36 -15 85 0 102 31 14 27 33
24 67 -11 17 -16 35 -30 41 -30 6 0 25 13 43 29 28 25 32 35 31 72 -2 34 -8
49 -28 67 -44 38 -88 22 -119 -43 -12 -25 -23 -35 -40 -35 -13 0 -27 -7 -30
-16 -4 -10 -16 -14 -38 -12 -39 4 -58 41 -42 86 12 33 56 42 85 17 25 -24 53
-12 44 17 -17 54 -97 76 -142 39z m269 -106 c13 -29 -3 -55 -34 -55 -23 0 -32
22 -24 55 8 33 43 33 58 0z"/>
<path d="M7252 1294 c4 -21 22 -23 26 -1 2 10 -3 17 -13 17 -10 0 -15 -6 -13
-16z"/>
<path d="M7645 1296 c-3 -9 -7 -23 -10 -32 -3 -10 -12 -13 -24 -9 -29 9 -50
-4 -71 -45 -18 -35 -18 -41 -5 -74 22 -51 52 -68 97 -56 43 12 47 26 46 137
-1 48 -6 77 -14 84 -11 9 -15 7 -19 -5z m-7 -122 c3 -34 -17 -58 -42 -48 -11
4 -16 18 -16 46 0 37 2 39 28 36 22 -2 28 -9 30 -34z"/>
<path d="M7939 1283 c-2 -44 3 -189 8 -196 13 -21 33 19 33 64 l0 49 24 -15
c13 -8 31 -34 41 -56 16 -33 23 -40 44 -37 18 2 27 10 29 26 4 27 22 29 29 2
7 -28 49 -53 71 -41 39 21 53 48 50 96 -2 38 -8 52 -30 68 -36 27 -76 17 -90
-24 -13 -39 -26 -26 -30 31 -2 33 -8 46 -21 48 -24 5 -32 -24 -19 -72 6 -22 8
-44 6 -48 -10 -16 -47 21 -70 71 -19 42 -28 51 -49 51 -17 0 -25 -6 -26 -17z
m295 -89 c11 -30 6 -53 -15 -64 -36 -20 -61 18 -43 64 3 9 16 16 29 16 13 0
26 -7 29 -16z"/>
<path d="M8390 1281 c0 -22 -19 -31 -61 -31 l-30 0 3 -82 c3 -94 20 -108 28
-24 6 59 19 82 44 73 12 -5 16 -21 16 -61 0 -46 4 -57 21 -66 29 -16 35 -5 21
33 -16 46 -15 86 3 93 17 7 21 34 5 34 -5 0 -12 11 -16 25 -7 29 -34 34 -34 6z"/>
<path d="M7016 1247 c-25 -18 -20 -150 7 -155 14 -3 17 4 17 49 0 40 5 58 22
76 12 13 20 25 17 27 -14 12 -48 14 -63 3z"/>
<path d="M7140 1253 c-27 -11 -39 -30 -45 -70 -11 -73 43 -127 97 -95 40 24
37 46 -6 38 -23 -5 -37 -2 -46 9 -10 12 -9 16 4 21 9 3 26 4 37 1 52 -14 67
36 24 78 -24 25 -37 28 -65 18z m45 -43 c8 -13 -20 -24 -41 -16 -20 8 -9 26
16 26 10 0 22 -5 25 -10z"/>
<path d="M7247 1224 c-9 -53 3 -134 19 -134 11 0 14 20 14 85 0 65 -3 85 -14
85 -8 0 -16 -15 -19 -36z"/>
<path d="M7348 1253 c-16 -4 -35 -40 -25 -49 2 -3 16 0 31 6 29 11 46 6 46
-12 0 -6 -13 -8 -30 -6 -19 3 -30 0 -30 -8 0 -6 -7 -17 -15 -24 -20 -17 -19
-43 3 -63 14 -13 33 -16 73 -14 48 3 54 6 53 25 -3 101 -5 113 -24 132 -19 19
-44 23 -82 13z m48 -104 c10 -17 -13 -36 -27 -22 -12 12 -4 33 11 33 5 0 12
-5 16 -11z"/>
<path d="M7726 1239 c-22 -17 -26 -28 -26 -69 0 -42 4 -52 31 -74 17 -14 35
-26 41 -26 22 0 78 68 78 95 0 36 -28 82 -54 89 -33 9 -42 7 -70 -15z m67 -49
c3 -11 3 -29 0 -41 -8 -29 -57 -23 -61 9 -7 45 50 74 61 32z"/>
<path d="M8502 1251 c-39 -24 -53 -101 -26 -139 28 -40 51 -46 89 -22 43 26
36 41 -16 38 -42 -2 -55 4 -44 22 4 7 22 9 49 5 34 -6 44 -4 49 9 20 50 -57
116 -101 87z m43 -40 c3 -5 1 -13 -5 -16 -15 -9 -43 3 -35 15 8 13 32 13 40 1z"/>
<path d="M335 802 c-26 -6 -57 -42 -50 -60 3 -7 5 -16 5 -18 0 -12 24 -1 39
18 11 13 24 19 34 15 24 -9 21 -32 -5 -50 -13 -8 -36 -26 -51 -41 -23 -21 -26
-29 -17 -46 8 -15 21 -20 50 -20 21 0 42 5 45 10 3 6 -3 10 -14 10 -32 0 -26
35 9 60 60 43 26 137 -45 122z"/>
<path d="M470 801 c-28 -8 -44 -59 -30 -96 6 -17 15 -21 37 -18 40 6 60 -18
34 -41 -16 -15 -22 -15 -40 -4 -15 9 -23 10 -32 1 -8 -8 -3 -15 21 -28 29 -15
33 -15 56 0 14 9 33 13 44 10 52 -17 23 58 -34 87 -66 33 -70 58 -11 58 43 0
54 17 20 30 -29 11 -29 11 -65 1z"/>
<path d="M596 794 c-9 -22 -7 -77 2 -92 6 -8 13 6 20 39 7 28 12 55 12 60 0
15 -27 10 -34 -7z"/>
<path d="M807 803 c-11 -10 -8 -83 3 -83 11 0 32 69 24 82 -6 10 -18 10 -27 1z"/>
<path d="M1020 780 l-27 -29 -23 24 c-14 15 -35 25 -50 25 -29 0 -60 -27 -60
-53 0 -25 16 -28 35 -7 22 24 55 26 55 4 0 -18 -37 -56 -70 -74 -12 -6 -20
-21 -20 -35 0 -14 1 -25 3 -26 1 0 22 -2 47 -5 40 -4 43 -3 28 9 -24 19 -23
54 3 67 28 16 48 6 60 -28 20 -58 84 -59 113 -3 21 40 20 64 -4 110 -26 52
-55 58 -90 21z m54 -36 c15 -39 3 -104 -19 -104 -16 0 -25 22 -25 60 0 38 9
60 25 60 7 0 16 -7 19 -16z"/>
<path d="M1300 788 c-27 -29 -34 -58 -26 -112 5 -32 14 -49 33 -61 24 -16 29
-16 52 -2 38 22 52 55 48 106 -8 72 -68 111 -107 69z m61 -77 c6 -44 -10 -76
-35 -68 -13 4 -20 60 -11 94 10 41 39 25 46 -26z"/>
<path d="M668 779 c-13 -14 -18 -36 -18 -84 0 -61 2 -65 28 -79 18 -9 33 -11
43 -5 8 5 24 9 37 9 14 0 27 9 34 25 15 34 -5 55 -61 62 -35 5 -41 9 -41 29 0
17 6 24 19 24 11 0 23 -4 26 -10 9 -15 35 -12 35 3 0 21 -34 47 -61 46 -13 0
-32 -9 -41 -20z m67 -114 c0 -22 -31 -33 -47 -17 -17 17 -1 44 24 40 15 -2 23
-10 23 -23z"/>
<path d="M1181 780 c-23 -20 -23 -21 -6 -56 9 -20 15 -48 12 -62 -6 -32 1 -52
18 -52 9 0 14 23 17 78 4 78 1 112 -11 112 -3 -1 -17 -10 -30 -20z"/>
<path d="M1718 781 c-32 -18 -34 -29 -13 -57 8 -10 15 -33 15 -51 0 -41 9 -63
25 -63 19 0 25 24 25 100 0 79 -11 95 -52 71z"/>
<path d="M1875 789 c-5 -5 -19 -16 -29 -23 -19 -13 -19 -14 2 -32 15 -13 22
-30 22 -55 0 -46 8 -69 25 -69 9 0 14 23 17 78 2 42 2 85 0 95 -5 19 -21 22
-37 6z"/>
<path d="M2042 767 c-32 -48 -22 -114 21 -144 27 -20 33 -21 57 -8 15 8 30 24
33 36 6 22 27 18 27 -6 0 -8 13 -21 29 -29 25 -13 31 -13 52 1 35 24 39 33 39
88 -1 61 -25 95 -67 95 -23 0 -33 -8 -50 -37 l-21 -37 -16 37 c-13 32 -19 37
-48 37 -26 0 -38 -7 -56 -33z m76 -64 c-3 -60 -16 -74 -42 -48 -31 31 -9 105
31 105 11 0 13 -13 11 -57z m136 41 c23 -23 21 -81 -4 -94 -30 -16 -40 -4 -40
49 0 63 13 76 44 45z"/>
<path d="M1976 743 c-13 -14 -5 -33 14 -33 11 0 20 6 20 14 0 15 -24 28 -34
19z"/>
<path d="M1975 640 c-7 -12 2 -30 16 -30 12 0 12 27 0 35 -5 3 -12 1 -16 -5z"/>
<path d="M3650 811 c-16 -31 -13 -186 4 -200 12 -10 17 -8 26 9 6 12 9 24 6
27 -12 12 16 43 40 43 74 0 107 59 63 114 -18 22 -28 26 -74 26 -43 0 -56 -4
-65 -19z m108 -53 c2 -12 -5 -19 -22 -24 -30 -7 -57 11 -49 32 8 21 67 14 71
-8z"/>
<path d="M4076 795 c-11 -17 -27 -25 -53 -27 l-38 -3 0 -75 c0 -60 3 -75 15
-75 11 0 17 15 20 53 6 53 21 75 47 65 10 -4 13 -20 12 -55 -2 -34 2 -54 14
-65 28 -28 41 -4 29 53 -9 40 -8 52 5 66 13 15 13 21 2 47 -18 40 -34 45 -53
16z"/>
<path d="M4617 813 c-4 -3 -7 -24 -7 -45 0 -40 -14 -51 -25 -19 -12 38 -105
33 -105 -5 0 -13 7 -15 35 -10 28 6 35 4 35 -9 0 -10 -10 -15 -30 -15 -19 0
-30 -5 -30 -14 0 -8 -7 -16 -15 -20 -22 -8 -18 -29 8 -54 22 -21 28 -22 93
-12 38 5 75 10 82 10 9 0 12 27 12 100 0 98 0 100 -23 100 -13 0 -27 -3 -30
-7z m-63 -142 c3 -4 0 -16 -7 -25 -12 -16 -14 -16 -26 -2 -7 8 -10 20 -6 26 8
12 32 13 39 1z"/>
<path d="M3853 765 c-26 -18 -47 -77 -38 -105 9 -28 45 -60 67 -60 55 0 86 57
67 124 -15 53 -55 70 -96 41z m62 -75 c0 -31 -3 -35 -27 -38 -27 -3 -28 -1
-28 38 0 39 1 41 28 38 24 -3 27 -7 27 -38z"/>
<path d="M4157 763 c-2 -5 -2 -39 1 -76 5 -72 24 -97 60 -81 9 4 26 7 36 8 25
1 40 55 31 114 -5 33 -10 42 -23 40 -14 -3 -16 -14 -14 -54 3 -55 -14 -82 -43
-70 -11 4 -15 21 -15 66 0 46 -3 60 -14 60 -8 0 -17 -3 -19 -7z"/>
<path d="M5135 820 c-14 -16 -19 -37 -19 -87 0 -59 3 -68 28 -89 15 -13 37
-24 50 -24 73 0 111 138 55 199 -27 28 -89 29 -114 1z m80 -64 c9 -45 -2 -78
-23 -74 -30 6 -28 108 3 108 8 0 17 -14 20 -34z"/>
<path d="M6091 814 c-32 -40 -29 -123 5 -163 56 -67 134 -18 134 83 0 72 -26
106 -80 106 -30 0 -43 -6 -59 -26z m79 -80 c0 -47 -3 -55 -17 -52 -13 2 -19
15 -21 42 -4 47 3 66 23 66 12 0 15 -12 15 -56z"/>
<path d="M5600 788 c0 -7 9 -24 20 -38 25 -32 25 -45 -1 -82 -18 -25 -19 -32
-8 -39 20 -13 26 -11 48 12 12 13 21 17 26 10 11 -18 40 -30 54 -22 9 6 7 16
-9 44 l-22 37 21 36 c12 19 21 39 21 45 0 15 -42 11 -60 -6 -15 -14 -18 -14
-30 0 -15 18 -60 20 -60 3z"/>
<path d="M6652 818 c-8 -8 -12 -46 -12 -103 0 -57 4 -95 12 -103 7 -7 35 -12
63 -12 72 0 84 15 83 110 -1 96 -19 120 -88 120 -25 0 -51 -5 -58 -12z m92
-44 c22 -9 20 -31 -4 -39 -39 -12 -77 15 -53 38 8 9 36 9 57 1z m23 -100 c7
-20 -13 -34 -49 -34 -30 0 -43 13 -34 35 8 21 75 20 83 -1z"/>
<path d="M7220 816 c0 -9 7 -16 16 -16 9 0 14 5 12 12 -6 18 -28 21 -28 4z"/>
<path d="M7276 813 c-6 -21 0 -193 8 -200 3 -3 12 -3 21 0 12 5 15 24 15 96 0
49 -3 96 -6 105 -8 21 -31 20 -38 -1z"/>
<path d="M6967 773 c-4 -3 -35 -7 -69 -7 l-63 -1 -3 -64 c-2 -35 0 -70 3 -79
10 -27 35 7 35 49 0 34 20 69 39 69 5 0 14 -7 22 -16 10 -12 10 -20 1 -35 -18
-29 -15 -67 8 -79 22 -12 81 -5 117 12 18 9 27 8 41 -5 26 -24 59 -21 86 6 23
23 24 23 36 4 20 -33 31 -5 28 74 -3 84 -21 97 -26 19 -3 -52 -18 -64 -42 -35
-10 12 -10 19 -2 27 7 7 12 22 12 34 0 16 -8 23 -30 27 -37 8 -55 1 -73 -27
-13 -19 -13 -24 3 -43 9 -12 28 -23 41 -25 13 -1 24 -9 24 -17 0 -10 -15 -15
-52 -17 -29 -1 -53 1 -54 4 0 4 -2 29 -3 56 -1 34 -7 52 -21 62 -20 15 -47 18
-58 7z m41 -51 c2 -8 -8 -12 -27 -12 -33 0 -42 16 -13 23 23 6 35 3 40 -11z
m160 0 c2 -7 -6 -12 -17 -12 -21 0 -27 11 -14 24 9 9 26 2 31 -12z m-160 -59
c5 -17 -26 -29 -40 -15 -6 6 -7 15 -3 22 9 14 37 9 43 -7z"/>
<path d="M306 325 c-14 -13 -26 -31 -26 -40 0 -25 27 -28 50 -5 12 12 27 19
33 17 26 -8 15 -34 -28 -65 -60 -42 -63 -77 -7 -85 42 -7 85 1 76 14 -3 5 -18
9 -34 9 -44 0 -44 15 0 45 34 24 40 33 40 64 0 66 -55 91 -104 46z"/>
<path d="M462 342 c-7 -5 -17 -23 -22 -41 -13 -47 2 -71 45 -71 40 0 50 -12
35 -40 -13 -23 -45 -27 -54 -5 -7 19 -26 19 -26 0 0 -8 11 -22 25 -31 23 -15
27 -15 50 0 15 10 34 14 45 11 16 -5 20 -2 20 20 0 33 -41 75 -74 75 -47 0
-42 28 9 45 42 15 39 39 -5 43 -19 1 -41 -2 -48 -6z"/>
<path d="M597 343 c-10 -10 -8 -91 2 -97 5 -4 12 12 16 34 4 22 11 40 16 40 5
0 9 7 9 15 0 15 -31 21 -43 8z"/>
<path d="M673 325 c-19 -18 -23 -33 -23 -86 0 -59 2 -66 27 -81 24 -14 30 -14
70 0 39 15 43 20 43 49 0 25 -4 33 -18 33 -10 0 -22 4 -27 9 -6 5 -20 12 -32
15 -38 10 -31 21 15 24 48 4 51 10 19 40 -29 27 -45 26 -74 -3z m65 -122 c-3
-32 -44 -46 -54 -19 -10 26 4 46 31 46 23 0 26 -4 23 -27z"/>
<path d="M800 311 c0 -53 16 -61 29 -14 14 51 14 53 -9 53 -17 0 -20 -7 -20
-39z"/>
<path d="M883 331 c-22 -18 -30 -50 -17 -64 4 -3 19 4 35 15 23 17 32 19 41
10 15 -15 1 -42 -29 -57 -37 -19 -53 -37 -53 -60 0 -18 7 -24 39 -29 41 -6 71
0 71 15 0 5 -13 9 -28 9 -43 0 -45 10 -11 41 36 32 52 29 69 -12 15 -36 47
-60 69 -51 45 17 70 85 50 135 -28 72 -65 86 -100 37 l-22 -29 -30 29 c-35 35
-53 37 -84 11z m197 -85 c0 -45 -10 -76 -25 -76 -24 0 -35 96 -13 118 18 18
38 -5 38 -42z"/>
<path d="M1295 329 c-16 -16 -20 -34 -20 -84 0 -55 3 -65 25 -84 32 -26 41
-26 76 4 25 22 29 32 29 79 0 44 -5 59 -24 80 -29 31 -59 32 -86 5z m63 -91
c-3 -45 -6 -53 -23 -53 -16 0 -21 8 -23 39 -4 50 3 66 28 66 19 0 21 -5 18
-52z"/>
<path d="M2048 316 c-21 -26 -32 -32 -52 -29 -19 4 -26 1 -26 -10 0 -22 18
-31 34 -18 16 13 26 -5 26 -44 0 -14 13 -34 31 -49 35 -30 60 -23 87 24 l16
27 21 -31 c25 -37 56 -44 89 -19 53 38 21 183 -40 183 -24 0 -43 -19 -60 -59
l-11 -26 -8 25 c-20 67 -66 78 -107 26z m72 -81 c0 -62 -11 -74 -40 -45 -31
31 -26 90 10 102 25 9 30 -1 30 -57z m142 41 c22 -32 -14 -118 -42 -101 -11 7
-14 108 -4 118 8 7 37 -3 46 -17z"/>
<path d="M1180 322 c-22 -17 -22 -19 -6 -50 9 -17 16 -51 16 -77 0 -32 4 -45
14 -45 11 0 15 19 18 78 5 116 0 128 -42 94z"/>
<path d="M1718 324 c-31 -16 -35 -35 -13 -58 8 -8 15 -27 15 -43 0 -42 11 -73
25 -73 17 0 25 33 25 106 0 73 -12 89 -52 68z"/>
<path d="M1863 323 c-26 -18 -30 -48 -8 -57 10 -3 15 -19 15 -45 0 -48 8 -71
25 -71 10 0 14 22 17 78 5 116 -1 129 -49 95z"/>
<path d="M1976 173 c-11 -11 -6 -23 9 -23 8 0 15 4 15 9 0 13 -16 22 -24 14z"/>
<path d="M2754 360 c-26 -10 -64 -73 -64 -106 0 -27 24 -70 55 -96 31 -27 78
-22 114 11 l30 28 28 -28 c40 -41 77 -38 102 9 6 12 17 22 24 22 7 0 17 -10
22 -22 16 -36 30 -23 35 31 4 33 13 58 28 74 24 26 20 37 -14 37 -38 0 -54
-11 -54 -36 0 -29 -26 -32 -35 -4 -9 28 -48 52 -70 43 -28 -10 -51 -37 -59
-67 -4 -16 -13 -26 -25 -26 -10 0 -26 -11 -35 -25 -32 -48 -86 -18 -86 48 0
34 20 67 42 67 5 0 22 -7 38 -16 39 -24 64 -13 49 20 -17 38 -78 55 -125 36z
m238 -105 c13 -29 -2 -75 -25 -75 -35 0 -50 56 -21 84 22 22 33 20 46 -9z"/>
<path d="M3318 355 c-7 -7 0 -197 7 -204 17 -16 25 27 23 109 -3 84 -12 113
-30 95z"/>
<path d="M3691 340 c-13 -11 -32 -20 -43 -20 -32 0 -57 -39 -58 -92 0 -39 4
-50 27 -68 21 -17 35 -20 63 -15 60 11 67 27 62 158 -2 63 -11 69 -51 37z m-5
-77 c17 -22 18 -55 2 -71 -18 -18 -33 -14 -48 13 -11 21 -11 29 0 50 16 29 28
31 46 8z"/>
<path d="M3998 348 c-2 -7 -1 -53 2 -103 4 -71 8 -90 20 -90 11 0 16 14 18 50
4 56 17 79 29 49 9 -24 61 -102 73 -109 18 -11 27 32 26 120 -1 77 -3 90 -18
93 -15 3 -18 -5 -18 -52 0 -87 -16 -82 -64 22 -11 23 -22 32 -39 32 -14 0 -27
-6 -29 -12z"/>
<path d="M4455 344 c-6 -9 -28 -19 -50 -23 l-40 -6 0 -80 c0 -64 3 -80 15 -80
11 0 16 16 20 60 5 56 7 60 30 60 24 0 25 -3 25 -55 0 -30 4 -61 8 -68 19 -29
29 -2 31 83 3 111 -12 152 -39 109z"/>
<path d="M3180 300 c-30 -32 -41 -66 -29 -96 11 -30 48 -64 69 -64 24 0 62 40
55 58 -3 7 2 20 10 28 21 21 19 28 -12 62 -42 44 -61 47 -93 12z m50 -36 c0
-16 -16 -19 -25 -4 -8 13 4 32 16 25 5 -4 9 -13 9 -21z m5 -70 c0 -10 -8 -20
-17 -22 -18 -3 -26 27 -11 42 12 11 28 0 28 -20z"/>
<path d="M3400 310 c-11 -11 -20 -26 -20 -34 0 -23 22 -31 32 -12 10 18 48 22
48 6 0 -6 -8 -13 -17 -16 -51 -16 -63 -28 -63 -60 0 -43 23 -55 88 -47 46 5
50 8 41 24 -5 10 -9 42 -8 70 2 43 -2 55 -20 71 -30 23 -56 23 -81 -2z m60
-115 c0 -18 -5 -25 -19 -25 -28 0 -37 21 -16 37 27 19 35 16 35 -12z"/>
<path d="M3790 308 c-11 -12 -21 -33 -22 -47 -8 -109 42 -154 105 -96 21 21
27 35 27 70 0 36 -5 47 -31 69 -37 32 -52 32 -79 4z m60 -49 c6 -11 8 -34 5
-50 -5 -24 -12 -29 -28 -27 -35 5 -38 98 -3 98 9 0 20 -9 26 -21z"/>
<path d="M4240 323 c-53 -21 -68 -114 -25 -158 35 -34 58 -32 94 12 44 53 42
65 -16 129 -23 25 -28 26 -53 17z m45 -73 c13 -58 -16 -90 -51 -56 -19 19 -18
45 3 68 24 26 40 22 48 -12z"/>
<path d="M4568 323 c-10 -2 -18 -9 -18 -14 0 -6 -7 -17 -15 -25 -8 -9 -15 -33
-15 -56 0 -46 31 -88 68 -88 27 0 62 33 62 59 0 11 5 23 10 26 6 3 10 12 10
20 0 16 -63 86 -76 84 -5 -1 -17 -3 -26 -6z m32 -58 c0 -8 -7 -15 -15 -15 -8
0 -15 7 -15 15 0 8 7 15 15 15 8 0 15 -7 15 -15z m5 -74 c0 -8 -4 -16 -10 -18
-16 -5 -38 14 -30 26 9 16 40 9 40 -8z"/>
<path d="M5141 346 c-20 -24 -31 -77 -24 -122 5 -36 12 -48 38 -64 41 -26 47
-25 83 5 46 38 51 130 11 174 -23 25 -90 29 -108 7z m75 -72 c9 -47 -10 -91
-31 -74 -15 13 -20 65 -9 94 11 28 33 17 40 -20z"/>
<path d="M6086 338 c-31 -44 -9 -67 39 -42 15 8 29 14 31 14 9 0 3 -31 -8 -50
-11 -16 -9 -22 7 -34 28 -20 10 -32 -27 -18 -17 6 -35 9 -39 6 -20 -12 -7 -42
26 -60 34 -18 36 -18 70 0 41 22 52 49 34 82 -9 18 -10 30 -1 48 9 20 7 29 -9
50 -28 35 -100 37 -123 4z"/>
<path d="M5600 308 c0 -7 9 -24 20 -38 23 -30 24 -48 5 -74 -8 -11 -15 -26
-15 -33 0 -18 35 -16 50 2 12 14 15 14 30 0 37 -34 66 -10 35 31 -20 26 -19
41 5 71 11 14 20 32 20 39 0 19 -39 18 -60 -1 -15 -14 -18 -14 -30 0 -15 18
-60 20 -60 3z"/>
<path d="M6684 356 c-69 -31 -72 -159 -5 -199 45 -26 85 -22 114 13 14 16 29
30 34 30 5 0 20 -13 35 -30 31 -36 56 -38 91 -8 56 49 26 161 -43 161 -31 0
-65 -31 -76 -70 -4 -16 -14 -23 -30 -23 -16 0 -28 -8 -36 -25 -23 -51 -88 -19
-88 43 0 33 29 72 54 72 7 0 19 -7 26 -15 14 -17 51 -16 57 1 7 20 -31 53 -67
58 -20 4 -48 0 -66 -8z m248 -93 c22 -20 23 -41 1 -65 -34 -37 -61 -8 -48 52
7 34 20 37 47 13z"/>
<path d="M7545 340 c-5 -16 -13 -20 -27 -16 -25 6 -74 -39 -83 -76 -8 -31 29
-96 59 -103 11 -3 34 -2 51 3 35 10 41 32 40 137 0 57 -3 70 -17 73 -10 2 -19
-5 -23 -18z m1 -85 c10 -39 -3 -75 -26 -75 -13 0 -24 10 -30 25 -13 34 3 75
30 75 13 0 22 -9 26 -25z"/>
<path d="M7846 352 c-2 -4 -3 -46 -1 -92 2 -47 4 -91 5 -97 0 -7 7 -13 15 -13
10 0 15 10 15 29 0 35 9 61 21 61 5 0 9 -12 9 -26 0 -59 51 -90 64 -39 7 27
36 35 36 9 0 -13 7 -15 33 -10 25 5 36 2 50 -14 15 -18 25 -20 70 -14 28 4 52
7 53 8 6 12 -16 128 -28 145 -31 44 -97 29 -98 -21 0 -22 26 -24 34 -3 5 15
36 10 36 -6 0 -5 -18 -18 -39 -29 -22 -10 -41 -25 -43 -31 -2 -7 -12 -9 -25
-5 -20 6 -20 9 -8 71 10 53 9 67 -1 76 -29 24 -49 6 -62 -56 -21 -94 -20 -93
-47 -60 -15 19 -24 43 -25 66 0 19 -5 40 -12 47 -14 14 -44 16 -52 4z m308
-149 c8 -21 -8 -38 -29 -29 -13 4 -14 10 -5 26 13 24 26 26 34 3z"/>
<path d="M8335 340 c-12 -13 -31 -20 -57 -20 -23 0 -39 -5 -39 -12 -1 -7 -2
-46 -3 -86 -1 -59 2 -72 14 -70 10 2 17 20 20 58 6 64 14 80 40 80 17 0 19 -9
22 -67 2 -53 6 -68 18 -68 11 0 16 15 18 63 2 34 7 62 13 62 5 0 14 11 19 25
6 16 14 23 25 19 8 -3 15 -1 15 5 0 6 -9 11 -19 11 -11 0 -23 5 -26 10 -10 16
-41 11 -60 -10z"/>
<path d="M7134 324 c-4 -14 -2 -35 4 -47 6 -12 13 -44 15 -70 5 -54 22 -81 36
-58 5 7 4 31 -2 53 -7 29 -7 50 1 72 16 43 6 76 -24 76 -17 0 -25 -7 -30 -26z"/>
<path d="M7244 306 c-23 -20 -27 -27 -16 -37 9 -10 15 -10 24 -1 15 15 48 16
48 2 0 -5 -6 -10 -14 -10 -28 0 -66 -41 -66 -70 0 -39 25 -51 89 -43 40 4 51
9 47 20 -4 8 -6 38 -6 66 -1 58 -14 83 -52 92 -19 5 -33 0 -54 -19z m56 -116
c0 -13 -7 -20 -19 -20 -25 0 -38 20 -20 31 23 15 39 10 39 -11z"/>
<path d="M7635 303 c-19 -21 -25 -38 -25 -74 0 -96 92 -122 135 -38 20 38 6
89 -32 119 -34 27 -47 25 -78 -7z m63 -71 c2 -31 -1 -44 -13 -48 -39 -15 -64
64 -27 85 27 16 37 7 40 -37z"/>
<path d="M8602 321 c-8 -5 -34 -6 -58 -3 -33 3 -49 0 -63 -12 -10 -9 -25 -14
-33 -11 -25 10 -39 -20 -36 -77 l3 -53 43 -2 42 -2 0 37 c0 51 10 82 25 82 18
0 25 -23 25 -82 0 -42 3 -49 18 -46 11 2 18 14 20 33 6 68 13 95 27 95 10 0
15 -17 17 -62 3 -55 5 -63 23 -63 18 0 20 7 22 65 2 40 -2 71 -10 81 -16 21
-48 31 -65 20z"/>
<path d="M7010 300 c-15 -28 -5 -67 19 -75 10 -3 26 -14 35 -24 23 -25 2 -39
-24 -16 -22 20 -42 12 -33 -13 15 -39 58 -43 97 -7 14 13 26 28 26 32 0 4 -21
22 -45 38 -47 31 -56 45 -30 45 8 0 15 -4 15 -10 0 -5 7 -10 16 -10 11 0 14 8
12 28 -3 23 -8 27 -40 30 -29 3 -39 -1 -48 -18z"/>
</g>
</svg>
